0 0 2448 3263
0 744 385 1331
0 1037 574 1906
0 744 372 1325
0 1037 528 1906
39 476 2258 1429
1246 13 1749 241
620 176 1077 548
0 0 691 802
0 580 691 802
0 1468 783 3263
0 0 639 659
71 0 2448 3263
0 0 633 646
0 195 633 646
0 195 574 646
509 2774 652 3035
0 652 541 802
0 195 574 548
0 195 443 548
0 1468 685 3263
509 1135 1579 1769
509 1135 1312 1742
71 515 2448 3263
0 443 548 646
71 450 502 580
143 0 2448 770
2252 110 2448 287
1194 1403 1579 1769
1194 1416 1579 1769
718 176 1077 548
0 1769 620 3263
613 0 2448 770
874 561 2265 731
613 0 1383 535
842 117 1383 535
0 1037 528 1867
900 0 2448 770
900 0 2448 678
900 0 2448 594
1096 0 2448 594
1194 0 2448 594
143 0 861 528
71 2343 1155 3263
646 2578 1155 3263
646 2578 1096 3263
1096 0 1468 163
1194 19 2448 594
561 515 2448 3263
1194 45 2448 594
561 802 2448 3263
71 2343 868 3263
600 2219 789 2415
443 1468 685 1938
887 802 2448 2461
561 1547 2448 3263
613 0 1220 156
1194 45 2415 594
1377 45 2415 594
1964 117 2415 574
2102 306 2415 502
1194 208 1736 580
1651 515 2448 933
1651 678 2448 933
2023 2363 2245 2585
711 2872 913 3263
1194 287 1736 580
71 2454 868 3263
267 2454 868 3263
267 2859 868 3263
509 2957 868 3263
443 3061 750 3263
267 2859 646 3166
1377 45 2310 594
1377 0 2448 221
1769 0 2448 208
1964 117 2330 574
613 2878 750 3133
2017 117 2330 398
313 0 861 528
71 2669 633 3263
176 2669 633 3107
1782 678 2448 933
0 1037 528 1710
1377 78 2134 594
998 2820 1756 3263
1782 678 2448 842
1011 802 2448 2461
241 2669 633 3068
561 1547 1553 2558
274 2957 646 3166
1664 78 2134 522
587 1984 1083 2558
757 1945 2448 3263
1775 2735 2448 3263
1011 1096 2448 2461
561 1547 1553 2343
561 1573 1553 2343
1938 2735 2448 3263
757 2212 1631 2950
587 1984 1031 2330
1383 1945 2448 3263
907 2212 1631 2950
1494 1945 2448 3263
998 2820 1599 3263
561 1573 1553 2252
561 1573 1083 2193
561 1573 1083 2134
2102 2598 2448 2885
1938 2911 2448 3263
1011 1096 2304 2461
1494 2062 2448 3263
1494 2480 2278 3263
1494 2480 2278 3198
1742 2480 2278 3198
228 3081 443 3263
770 3074 913 3263
71 3074 293 3263
443 3061 613 3263
1938 3048 2448 3263
1468 3028 1756 3263
1057 3028 1220 3179
509 3028 737 3166
274 3022 580 3166
1592 2970 1860 3263
176 2963 319 3107
672 2957 868 3263
2212 2911 2448 3205
1103 2898 1599 3263
711 2872 842 3172
509 2859 652 3035
998 2820 1338 3074
900 2800 1090 3087
332 2793 633 3068
2173 2735 2448 2996
1690 2696 1886 2904
241 2669 522 2976
417 2656 672 2911
1782 2650 2278 3198
0 2643 332 3048
2102 2624 2389 2885
2258 2598 2448 2754
1383 2598 1547 2839
757 2591 1116 2872
1494 2519 2017 3139
776 2493 966 2656
1742 2480 2180 2807
522 2454 744 2957
2023 2434 2232 2585
2102 2363 2245 2500
489 2343 724 2611
698 2337 913 2480
574 2317 783 2663
907 2310 1416 2924
705 2291 1083 2558
1481 2258 1827 2565
594 2252 737 2506
1083 2212 1631 2950
0 2134 620 3263
933 2128 1096 2343
2017 2082 2206 2219
809 2075 1031 2265
1631 2062 2448 2689
587 1984 829 2330
724 1958 1018 2193
1756 1945 2167 2154
959 1893 1553 2252
0 1873 319 2310
0 1847 443 2356
561 1821 953 2134
0 1769 574 2911
2056 1762 2291 1906
1011 1671 1827 2461
887 1664 1429 2030
1005 1618 1142 1762
574 1573 1083 1938
0 1573 515 1906
443 1566 685 1938
0 1560 424 1867
1618 1507 2448 2173
293 1507 535 1703
496 1468 659 1749
0 1442 274 1651
1266 1416 1579 1769
0 1357 215 1547
0 1338 137 1540
1272 1096 2304 1873
0 1031 385 1331
1161 829 1507 959
1991 802 2448 1716
0 776 372 1325
0 744 372 1077
1312 587 2265 731
1932 515 2278 685
2206 489 2363 678
2271 463 2448 685
319 450 502 580
404 417 633 580
1638 404 1964 594
1377 378 1775 594
1964 372 2297 574
1919 352 2134 522
881 352 1018 528
724 345 920 548
319 332 620 489
215 326 359 489
2102 306 2402 502
1194 306 1658 580
0 300 332 548
972 293 1344 535
594 261 861 528
535 261 698 528
300 221 574 398
1370 208 1566 339
0 195 443 372
1227 182 1468 319
718 176 1077 391
2310 163 2448 345
2017 117 2239 398
842 117 1383 352
1664 78 2088 456
195 58 430 208
2023 45 2310 287
1325 13 1749 241
1977 0 2448 156
1769 0 2043 208
1377 0 1925 221
1266 0 1468 137
1096 0 1344 163
848 0 1220 156
313 0 855 300
143 0 430 176
0 0 489 254
0 0 2448 1429
0 802 2448 3263
0 1037 1220 3263
496 802 2448 3263
143 0 483 208
0 261 2363 685
0 261 2278 685
724 345 2278 685
0 261 861 646
535 261 861 528
0 1573 515 2356
0 300 633 646
587 1664 2448 3263
496 802 2448 2173
665 2669 913 3263
0 1573 515 2310
0 665 372 1325
1227 182 1788 404
600 2219 913 2480
874 443 2278 685
228 2317 1220 3263
0 300 548 646
0 300 332 574
0 0 2448 789
2252 110 2448 470
2310 163 2448 470
874 483 2278 685
0 1037 685 3263
0 1037 685 2911
0 1037 535 1867
842 0 2448 789
659 2304 913 2480
0 0 1077 580
143 0 483 176
796 2199 953 2337
1220 1403 1416 1579
1651 678 2323 829
0 0 1077 398
0 0 1077 391
0 0 489 372
874 483 2121 685
522 2317 1220 3263
228 2656 868 3263
842 0 2448 594
496 1135 1579 2134
313 0 1077 391
0 1566 685 2911
1403 221 1788 404
319 332 620 580
522 2317 1116 3263
274 2656 868 3263
998 1945 2448 3263
2134 711 2448 933
2134 711 2448 842
274 2859 868 3263
71 2669 522 3263
1481 1945 2448 2748
1638 19 2448 594
274 2957 868 3263
1312 463 2448 789
1312 587 2448 789
1638 45 2330 594
2017 45 2330 398
1638 352 2297 594
842 0 2088 580
842 117 1658 580
496 1135 1579 1938
176 2669 522 3107
522 2454 1116 3263
1919 352 2297 574
1325 0 2088 456
274 3022 737 3166
437 2859 652 3055
1481 1945 2448 2689
972 293 1658 580
998 2480 2448 3263
1272 802 2448 2173
587 1664 1827 2950
848 0 1344 163
887 1664 1827 2461
1312 587 2265 789
1383 2480 2448 3205
998 2820 2448 3263
1775 3048 2448 3263
1325 13 2088 456
646 2578 1116 3263
998 2820 1860 3263
1468 2970 1860 3263
587 1958 1631 2950
1272 1096 2448 2173
509 1135 1579 1938
1383 2480 2278 3198
1631 1945 2448 2689
1383 2519 2278 3198
2102 2624 2448 3205
587 1958 1083 2558
587 1958 1031 2330
509 1135 1312 1938
2102 2624 2448 2996
724 1958 1031 2265
887 1664 1553 2252
1494 2519 2278 3198
0 750 385 1357
0 1070 750 1906
0 0 2448 1703
0 750 378 1325
0 0 2448 665
0 1344 2448 3263
0 476 2448 1703
496 1357 1769 2480
0 1070 535 1906
0 1527 535 1906
1214 1344 2337 1977
1253 1390 2337 1977
646 2663 1207 3263
0 0 1109 665
0 1507 2448 3263
776 1507 2448 3263
1214 1344 1370 1573
0 1618 1135 3263
0 1840 1135 3263
0 0 1077 665
731 0 2448 633
731 0 2415 633
0 202 691 665
1057 0 2415 633
0 2454 868 3263
0 1070 535 1867
940 456 2121 633
0 2454 861 3263
842 137 1664 580
2069 0 2448 463
2069 0 2448 287
1592 1742 1756 1893
0 202 691 646
0 280 567 646
0 2474 861 3263
1051 2454 2448 3263
1051 2963 1279 3192
0 1070 535 1645
1207 0 2415 633
1671 78 2415 633
1671 78 2310 580
587 1840 1135 2996
587 1840 953 2558
587 1840 953 2415
881 228 1664 580
587 1840 953 2350
0 2474 763 3263
1116 2454 2448 3263
1207 0 2284 235
1383 0 2284 235
1135 2454 2448 3263
1135 2474 2082 3263
443 3068 750 3263
0 1357 424 1867
1227 2474 1645 2970
1625 2454 2448 3263
1684 2454 2448 3263
881 352 1018 554
1795 306 2415 633
91 2722 763 3263
267 2846 861 3263
757 2493 1135 2996
319 2722 763 3126
2173 2735 2448 3061
254 3081 502 3263
443 3068 607 3263
1051 3022 1214 3192
456 2983 861 3263
1625 2963 2062 3263
620 2878 763 3126
267 2846 580 3166
91 2826 359 3263
705 2807 920 3263
1690 2735 1919 2937
979 2722 1135 2904
319 2722 646 3061
417 2656 705 2931
613 2572 868 2754
1135 2519 2082 3263
437 2500 594 2663
757 2493 1044 2996
1227 2474 1599 2970
0 2474 541 3263
509 2454 737 2891
535 2402 724 2624
698 2337 887 2558
574 2310 783 2611
0 2069 215 2356
587 1984 868 2350
0 1873 359 2317
607 1840 953 2128
1625 1742 1756 1893
0 1618 574 2970
776 1507 2448 3061
0 1507 424 1867
0 1357 241 1586
163 1331 359 1521
502 1181 750 1370
0 1090 385 1357
2056 796 2448 940
71 796 378 1090
0 750 372 1325
0 652 535 802
1697 633 2448 822
2271 463 2448 783
1383 456 1906 594
443 424 633 580
1795 385 2304 633
887 378 1018 554
313 332 567 580
1429 293 1736 489
2004 287 2304 574
0 280 522 646
698 241 855 378
972 228 1664 580
300 228 574 398
1547 221 1795 359
1227 202 1579 352
509 202 691 528
2075 176 2310 352
2297 169 2448 463
1703 156 1840 339
842 137 1312 313
1671 78 2121 580
1429 13 1756 241
1742 0 2284 235
1383 0 1840 228
1207 0 1468 176
1057 0 1325 176
313 0 1077 548
182 0 476 221
0 0 463 385
0 1070 2448 3263
0 0 2448 1716
1547 156 1840 359
0 202 691 802
0 567 639 802
254 1344 2448 3263
0 1070 750 3263
443 202 691 580
0 476 2448 1716
0 0 2448 822
0 1618 705 3263
0 1070 750 1867
443 345 633 580
254 2310 2448 3263
0 1618 620 3263
0 0 1109 646
0 0 1077 646
254 2337 2448 3263
574 2310 868 2754
0 0 1077 548
496 1344 2448 3061
496 1344 2337 2480
522 0 2448 822
522 0 1756 580
1671 0 2448 822
0 2474 620 3263
254 2337 1214 3263
731 0 1756 580
254 2337 1207 3263
254 2722 861 3263
267 2722 861 3263
731 0 1325 176
842 0 1756 580
1671 0 2448 580
496 1357 2337 2480
509 2337 1207 3263
2069 0 2448 352
1697 463 2448 822
842 13 1756 580
842 13 1756 352
509 2454 1207 3263
1671 0 2304 580
1227 13 1756 352
1671 0 2284 580
646 2493 1207 3263
0 45 535 404
0 195 456 404
0 1847 456 2128
0 763 535 1906
0 763 372 1338
0 404 639 646
1997 0 2448 208
0 1044 535 1906
2004 463 2448 731
1103 1233 1468 1729
783 731 1305 972
1116 567 2265 718
0 861 372 1338
91 861 372 1286
1103 1233 1338 1729
541 137 855 483
0 652 567 1070
0 1044 535 1899
613 137 855 483
130 829 731 2310
378 920 731 2310
385 1880 724 2310
1645 215 2141 470
378 920 731 2075
378 920 659 1540
0 2369 554 3263
0 561 2448 3263
0 0 2448 835
0 0 261 195
0 1338 411 1853
0 228 1057 835
0 587 750 835
2271 1631 2448 1834
195 1044 535 1899
0 587 750 763
0 228 1057 652
0 228 874 607
26 1338 411 1853
306 0 2448 770
1638 332 2448 770
1638 378 2415 770
0 326 561 580
306 0 2448 594
417 0 2448 594
470 0 2448 594
470 0 1951 594
97 2526 1501 3263
97 2526 1272 3263
718 0 1220 156
1051 287 1344 515
378 920 659 1272
293 228 874 607
391 1325 731 2075
574 2075 874 2611
574 2141 874 2611
574 2297 874 2611
535 0 1951 594
535 0 868 182
1377 0 2448 293
522 2526 1272 3263
731 0 1951 594
940 0 1468 306
574 2310 822 2611
195 1044 528 1573
97 2643 750 3263
130 783 496 1070
731 124 1951 594
0 1103 378 1390
195 1161 528 1573
195 1161 502 1488
0 1919 972 3113
1749 39 2448 293
1749 39 2448 274
1220 1272 1396 1573
385 561 2448 3263
881 267 1951 594
522 2448 972 3113
1364 1077 1631 1240
0 1919 731 2970
1749 39 2278 261
1703 1586 2017 1886
2180 2598 2448 2761
665 2617 972 3113
522 2526 1201 3263
1207 267 1690 548
1377 0 2004 241
1703 1586 1951 1827
65 45 535 287
1958 2128 2271 2421
1416 2578 1671 2852
1475 2663 1671 2852
1155 0 1468 202
731 2761 972 3113
0 1919 398 2970
0 1919 398 2878
0 2304 208 2598
0 2402 208 2598
1645 215 2141 450
1436 607 2448 1037
1436 607 2448 1011
1436 639 2004 926
1723 1057 2265 1423
1723 1077 2252 1423
1977 1116 2252 1344
97 2976 319 3263
1801 2637 2030 2898
1370 1671 1769 2049
1723 1077 2049 1423
496 705 2448 3263
705 2265 1801 3263
267 2643 750 3263
267 2643 750 3166
267 2728 750 3166
443 2728 750 3166
522 2526 887 3263
522 2526 744 2885
1853 39 2278 235
0 2467 554 3263
437 3087 744 3263
881 372 1951 594
385 561 1553 1331
607 1175 835 1318
1703 607 2448 1011
1703 607 2265 907
1808 652 2265 907
1351 1416 1540 1573
0 2167 385 2878
385 561 1553 1325
97 1919 398 2382
1253 1886 1808 2180
1253 1886 1631 2088
385 561 1553 1201
946 567 1553 796
385 561 1462 1201
385 561 1396 1201
385 561 1351 1201
385 561 1246 1201
2180 2611 2415 2761
966 2565 1801 3263
496 1220 1037 1938
496 1383 1037 1938
496 1462 1037 1938
385 561 1201 1201
385 672 1201 1201
476 744 1201 1201
528 2728 750 3126
502 705 2448 3263
587 1938 815 2134
1566 1344 2108 2062
1566 1344 2043 2062
1566 1403 2043 2062
1566 1481 2043 2062
1534 776 1945 1024
966 2565 1775 3263
1625 2970 1782 3244
1253 1886 1553 2082
1299 2121 1964 2669
1299 2121 1827 2669
946 567 1436 770
496 1547 1037 1938
496 1547 842 1938
496 1547 802 1938
548 1547 802 1938
548 1547 802 1840
705 2265 1116 2839
1769 1729 2448 3263
1566 1560 2043 2062
966 2565 1775 3250
966 2565 1775 3133
1037 2676 1775 3133
1671 1697 2043 2062
809 1631 1037 1925
861 1932 1240 2297
887 1951 1240 2297
887 1951 1240 2226
1299 2121 1801 2669
0 2617 554 3263
1801 1729 2448 3263
1867 1729 2448 2793
496 776 1201 1201
496 776 1057 1201
587 907 1057 1201
587 907 907 1201
1299 2121 1801 2539
1299 2121 1703 2539
1299 2121 1625 2506
1299 2121 1605 2356
0 2369 385 2878
1867 1729 2448 2702
1370 1671 1671 1919
1769 3048 2069 3263
1801 2676 2448 3263
809 1631 1037 1821
1142 2996 1501 3263
1671 1697 2043 1997
1867 2147 2448 2702
2075 2147 2448 2689
502 705 2448 3133
502 705 2448 2036
972 705 2448 1455
1867 900 2448 1214
966 2095 1220 2297
1847 1547 2108 1808
626 1220 802 1449
502 1155 1677 2036
1671 1697 1880 1997
1867 900 2363 1214
1266 2728 1775 3133
972 705 2212 1455
972 933 2212 1455
2036 796 2448 1011
2075 2226 2448 2689
2075 2226 2448 2532
639 1155 1677 2036
639 1155 1677 2017
744 1155 1677 2017
809 1266 1677 2017
809 1266 1455 2017
809 1370 1455 2017
58 2617 554 3139
1899 2676 2448 3263
672 1103 2448 3133
1906 1103 2448 2219
1951 1103 2448 2082
1266 2793 1716 3133
1266 2793 1625 3133
1286 1357 1677 1769
1951 1103 2448 1886
1037 933 2212 1455
1037 933 1521 1168
1266 2793 1553 3133
672 1912 2212 3133
672 1912 1618 2780
672 1912 1488 2780
737 1912 1488 2780
1064 2317 1312 2572
1207 966 2212 1455
1207 966 1925 1455
1403 966 1925 1410
1488 966 1925 1410
2043 2676 2448 3263
1553 1070 1821 1410
1442 1357 1677 1690
1867 2402 2323 2702
1951 1253 2448 1886
2075 2676 2448 3048
1142 1912 1481 2239
2043 2937 2448 3263
1951 1253 2448 1716
1455 1938 2212 3133
1521 2395 1945 3133
1521 2487 1945 3133
1521 2487 1919 2924
737 2049 1488 2780
737 2049 1462 2532
737 2049 1423 2369
1455 1938 2212 2545
1684 1938 2212 2545
1684 2121 2212 2545
1684 2121 2069 2428
1951 1253 2448 1592
1951 1279 2343 1592
2043 3126 2317 3263
1494 3120 1716 3263
1240 3094 1501 3263
97 3094 293 3263
437 3087 613 3263
254 3081 450 3263
1625 3068 1782 3244
835 3055 1201 3263
1769 3048 1912 3263
0 3048 202 3263
1338 3028 1690 3250
2088 3002 2245 3198
1142 2996 1370 3192
443 2983 744 3166
176 2976 319 3113
1801 2970 2017 3198
1625 2970 1756 3126
274 2970 594 3166
620 2957 750 3126
2206 2937 2448 3263
1318 2918 1534 3133
0 2918 137 3068
1945 2911 2115 3094
2017 2898 2310 3100
1364 2891 1625 3094
476 2878 633 3028
796 2872 972 3113
1690 2865 1945 3133
998 2839 1286 3074
613 2839 887 3263
0 2839 156 2970
907 2833 1142 3094
1475 2826 1716 3035
267 2813 489 3068
58 2800 345 3139
1266 2793 1553 2944
731 2761 953 3009
1899 2754 2186 2983
365 2754 535 2957
2278 2735 2448 3048
1605 2728 1775 2957
1423 2728 1599 2859
1266 2702 1410 2839
1664 2696 1919 2924
1044 2683 1194 2826
2075 2676 2382 2891
1037 2676 1312 2931
966 2669 1103 2898
1534 2663 1671 2852
744 2650 926 2865
1801 2637 1991 2898
2010 2617 2245 2761
665 2617 802 2918
215 2617 554 2898
770 2591 1044 2839
966 2565 1201 2715
0 2558 254 2878
1690 2545 1912 2793
522 2526 744 2793
1521 2487 1742 2722
1867 2474 2115 2702
1331 2474 1605 2669
345 2467 548 2650
1103 2461 1488 2780
900 2461 1175 2637
522 2448 750 2650
0 2441 150 2598
1168 2428 1312 2572
2284 2402 2448 2689
2056 2402 2323 2663
78 2402 208 2532
1782 2395 1945 2558
1560 2395 1703 2539
137 2369 385 2741
1925 2363 2212 2545
2115 2343 2448 2532
691 2337 822 2480
1468 2323 1625 2506
1351 2317 1527 2474
1175 2317 1462 2532
1064 2317 1201 2500
574 2310 776 2611
1749 2304 1964 2434
1579 2284 1827 2461
705 2265 1116 2709
365 2258 731 2611
2075 2226 2265 2389
1475 2226 1605 2356
1958 2212 2141 2421
913 2173 1423 2369
1031 2167 1220 2297
0 2167 300 2474
1455 2160 1756 2350
280 2160 450 2317
2147 2147 2369 2337
600 2141 829 2415
2297 2128 2448 2350
1684 2128 1899 2350
1827 2121 2069 2428
1299 2121 1527 2317
97 2115 339 2382
594 2075 744 2278
737 2049 1037 2356
1423 2043 1618 2180
1906 2036 2219 2219
887 2010 1240 2226
1560 1997 1808 2180
1188 1991 1481 2239
672 1984 920 2226
1390 1951 1553 2082
1710 1938 2036 2193
861 1932 1077 2069
0 1925 300 2206
176 1919 398 2199
1142 1912 1338 2115
1886 1906 2023 2062
1253 1886 1462 2056
0 1873 352 2017
313 1847 456 2128
1984 1827 2147 2082
1873 1814 2043 1971
574 1808 744 1938
1671 1801 1880 1997
1403 1801 1769 2049
1749 1788 1912 1951
1383 1782 1664 1919
1886 1756 2017 1886
829 1749 1005 1925
2082 1729 2448 2167
1997 1697 2219 1867
1671 1697 1814 1827
659 1690 913 2036
809 1684 1037 1821
2271 1677 2448 1834
1370 1671 1671 1834
2134 1658 2343 1886
881 1638 1455 2017
829 1631 1005 1762
496 1625 659 1782
391 1618 607 2075
1051 1599 1220 1742
65 1592 345 1853
1703 1586 1899 1827
1286 1586 1501 1769
567 1586 802 1840
1847 1579 1984 1756
2036 1560 2382 1716
1566 1560 1769 1795
1442 1553 1631 1690
1919 1547 2108 1808
1142 1534 1292 1729
1246 1527 1468 1684
195 1514 535 1899
639 1501 894 1677
1703 1449 1860 1618
0 1423 208 1814
1240 1410 1390 1573
946 1403 1135 1560
678 1383 848 1553
2023 1377 2271 1592
1723 1370 1919 1599
809 1370 1057 1671
2226 1364 2363 1579
1449 1357 1677 1631
26 1338 411 1638
1801 1325 2030 1579
496 1325 731 1664
0 1318 156 1455
1951 1279 2343 1573
1220 1272 1396 1429
979 1266 1181 1501
2297 1253 2448 1579
750 1246 959 1442
195 1240 443 1488
0 1240 202 1390
1103 1233 1338 1573
1553 1220 1821 1410
626 1220 757 1351
208 1220 528 1573
1403 1214 1586 1351
2102 1207 2252 1338
1873 1194 2049 1423
470 1188 639 1540
143 1168 378 1364
352 1161 502 1377
0 1161 130 1338
744 1155 998 1396
1207 1129 1494 1455
972 1122 1188 1299
1977 1116 2147 1344
2147 1103 2415 1305
156 1103 378 1318
91 1103 300 1286
1723 1077 2043 1377
1592 1070 1788 1279
2082 1057 2265 1233
855 1057 1057 1194
332 1044 476 1220
385 1037 652 1272
2167 1018 2363 1214
1827 1011 2212 1161
1423 1011 1631 1188
1037 992 1286 1161
2304 966 2448 1194
842 946 1057 1103
1246 933 1521 1168
587 933 848 1201
378 920 659 1155
691 907 907 1057
1867 900 2232 1051
1005 887 1201 1024
228 874 496 1070
130 861 372 1233
1710 855 1945 1024
2206 829 2448 1011
130 829 378 1103
2036 796 2265 998
907 789 1305 972
665 789 1044 1005
1534 776 1775 1011
496 776 718 992
0 763 195 1188
1181 744 1514 907
476 744 633 940
1658 737 2004 926
1527 705 1723 848
