0 0 2448 3263
1005 2023 1351 2415
91 2970 248 3159
1573 2030 1788 2206
2056 1886 2291 2075
574 1259 1175 1507
1116 2023 1331 2186
1886 2931 2082 3159
574 1272 1064 1507
1214 2676 1364 2807
456 2121 737 2343
411 2937 750 3263
913 1723 1423 2062
913 1723 1370 2062
913 1723 1227 2062
913 1723 1194 2062
0 0 763 143
143 0 763 143
143 0 424 143
411 2937 731 3166
1521 646 2186 1155
1651 868 2186 1155
1651 953 1984 1155
1651 959 1906 1155
1684 959 1906 1155
0 1135 372 1279
84 1279 345 1658
450 365 933 672
78 600 541 731
1671 868 2186 998
0 248 391 574
280 1488 979 1749
345 1488 979 1749
535 1488 979 1716
535 1547 940 1716
659 1547 940 1716
78 2702 267 2911
1736 1024 2323 1344
1521 646 1840 966
1553 646 1840 907
1553 646 1788 907
1507 1566 1938 1749
750 959 1716 1599
1860 0 2448 378
1971 1645 2448 1834
1736 1024 2271 1344
1227 848 1462 1057
0 1834 2448 3263
0 1135 345 1279
0 1945 2448 3263
861 1984 1299 2199
861 2023 1122 2199
0 0 2448 2669
169 0 2448 1299
646 0 2448 920
169 65 1964 1299
1736 1129 2134 1344
0 248 391 496
0 1945 594 2630
0 1945 254 2160
0 1971 2448 3263
0 45 2448 2669
0 1383 274 1925
0 1423 274 1925
1527 2715 1736 2885
1860 0 2448 332
2154 0 2448 300
84 1331 345 1658
0 1605 274 1925
652 0 1494 235
345 1553 652 1749
0 2212 2448 3263
1135 502 1847 691
169 509 1697 1299
1873 1024 2271 1220
1873 1024 2141 1201
2232 3009 2448 3263
652 0 1390 202
665 0 1390 202
737 0 1390 202
1266 1971 1540 2337
411 65 1964 567
0 1423 176 1645
404 2212 874 2487
515 2212 874 2467
515 2265 874 2467
678 2265 874 2454
169 509 776 809
169 509 685 770
169 509 685 705
0 1945 215 2160
0 2343 2448 3263
378 685 1697 1299
378 685 1664 1299
378 685 1664 1272
378 685 1664 1220
378 685 1664 1155
0 1135 195 1279
1677 2010 2167 2585
1677 2147 2082 2585
0 0 248 130
2088 1677 2448 1834
868 150 1272 319
567 1142 842 1299
1507 1566 1782 1723
1658 3061 2271 3263
1658 3061 2141 3263
1658 3061 1912 3263
750 959 1716 1488
750 959 1651 1488
972 150 1272 319
861 0 1390 202
946 0 1390 202
1266 1971 1521 2337
1671 868 2069 998
1671 868 1984 998
1821 776 2134 920
750 959 1383 1488
646 2356 2448 3100
1155 1233 1651 1488
1266 1971 1521 2252
1886 2931 2082 3094
1214 789 2448 2669
1214 1560 1462 1801
1240 789 2448 2669
1716 1579 1938 1749
0 2343 2363 3263
0 1690 274 1925
861 2382 1220 2558
1214 1658 1462 1801
0 2591 202 2878
646 0 2448 894
1429 0 2023 332
0 45 1383 2480
0 900 1383 2480
744 2356 2448 3100
646 280 2448 894
0 2069 594 2630
0 45 920 1181
861 959 1383 1488
900 959 1383 1488
900 1077 1383 1488
1279 1971 1521 2252
0 2846 195 3042
2043 2395 2356 2650
2043 2395 2356 2532
0 2115 594 2630
1005 0 1390 202
228 3048 620 3263
228 3048 561 3263
1847 829 2448 1168
0 1122 1383 2480
267 1122 502 1312
0 1188 1383 2480
261 900 561 1194
1135 502 1703 691
1240 2878 1612 3100
822 2683 2363 3263
1305 2683 2363 3244
1305 2683 2134 3244
1305 2683 1984 3244
535 65 1964 567
1560 65 1827 293
424 685 1664 1155
1155 685 1664 946
2023 2937 2363 3205
0 45 665 1181
0 110 554 1181
0 548 554 1181
0 548 496 1181
267 724 496 907
744 2356 2448 3028
1886 2415 2284 2669
0 2343 1318 3263
541 2820 1318 3263
1005 2069 1351 2415
1710 2160 2082 2585
0 1227 1383 2480
0 2343 998 3263
0 2696 678 3263
0 2950 509 3263
0 548 411 1181
0 972 189 1181
567 2343 998 2918
646 280 2448 796
822 3002 1553 3263
822 3002 1370 3263
822 3002 1305 3263
926 3002 1305 3237
1318 2389 2448 3028
1403 2389 2448 3028
1618 2395 2448 3028
1906 2611 2448 3028
2062 2611 2448 3028
2069 2611 2448 2983
32 110 554 567
633 2820 1318 3263
143 2696 678 3074
156 2696 678 2983
267 2696 678 2983
32 110 509 567
228 110 509 489
1240 789 2448 2513
274 900 561 1194
672 1481 1383 1991
672 1481 1383 1958
842 1481 1383 1749
1135 528 1540 678
0 3015 398 3263
0 2147 594 2630
0 2147 235 2624
646 306 2448 796
646 430 1553 691
646 430 1331 691
646 450 1253 691
900 1077 1383 1377
992 1077 1383 1377
1272 789 2448 1527
1488 306 2448 796
646 450 1194 691
0 1227 1070 2480
483 1827 796 1997
1272 789 1808 1279
1240 1344 2448 2513
1305 1344 2448 2513
319 45 665 313
1305 1658 1991 1971
1449 1037 2448 1527
1449 1077 2448 1527
1325 1344 2448 2513
535 143 1964 567
770 143 1964 567
0 548 411 1031
0 600 411 1031
633 2820 1240 3263
0 600 378 1031
0 770 150 1031
424 750 1253 1155
1991 1729 2448 2069
1455 2683 1984 3244
1547 2683 1984 3192
1272 789 1762 1279
0 2330 235 2624
1847 829 2356 1122
1325 1344 2448 2461
2075 2062 2448 2376
1449 1103 2448 1527
1449 1109 2448 1527
1449 1109 2062 1468
1449 1168 2062 1468
2010 633 2448 894
1155 685 1664 894
1403 2389 1690 2715
1932 829 2356 1070
0 1227 985 2258
0 1756 554 2226
352 1971 554 2219
2173 1103 2448 1331
1599 306 2448 796
1129 2591 1462 2741
0 1756 424 2226
0 1886 424 2226
567 2421 998 2918
1951 345 2448 796
796 502 1194 691
822 3081 1168 3263
150 1227 985 2258
1344 789 1762 1279
1357 894 1762 1279
1475 894 1762 1155
150 1259 985 2258
215 1259 887 1651
2010 633 2284 894
1155 685 1449 894
150 1612 985 2258
1547 2683 1945 3192
150 1612 985 2186
1390 1344 2448 1821
1390 1344 2448 1697
1547 2820 1945 3192
1599 306 2232 600
150 1612 985 2134
1547 1658 1991 1821
744 2356 1586 2911
835 143 1964 567
1821 306 2232 522
744 2356 1377 2891
744 2467 1253 2891
953 2467 1253 2891
1951 483 2448 796
835 163 1964 567
1207 163 1964 470
117 2271 594 2630
1795 1971 2160 2186
150 1612 874 2075
1429 0 1919 241
633 2820 1142 3263
580 2461 998 2918
1338 163 1964 456
1612 1344 2448 1684
1612 1344 2226 1684
1449 1286 2062 1468
241 1736 874 2075
1991 1729 2448 1951
1612 1344 2004 1664
424 796 1253 1155
450 1671 789 1873
1325 1808 2056 2461
0 1886 424 2141
274 1259 887 1651
1860 0 2291 332
1325 1808 1925 2461
868 796 1253 1155
1325 2030 1756 2461
2278 3133 2448 3263
2167 3126 2304 3263
966 3126 1168 3263
535 3126 750 3263
1658 3120 1912 3263
437 3120 620 3263
228 3120 443 3263
1279 3107 1553 3263
1455 3094 1690 3244
822 3081 1024 3263
2023 3074 2245 3205
1083 3061 1305 3237
1305 3048 1514 3179
1168 3048 1331 3192
313 3048 561 3263
130 3015 398 3211
0 3015 267 3263
2232 3009 2448 3218
926 3002 1122 3172
633 2996 842 3263
1547 2989 1788 3192
2043 2970 2239 3100
352 2950 509 3120
2186 2937 2363 3133
476 2937 731 3166
1886 2931 2082 3074
1736 2924 1886 3081
1024 2918 1240 3094
1455 2898 1612 3061
2062 2891 2239 3028
1240 2878 1455 3100
143 2878 313 3074
541 2872 737 3022
0 2872 150 3042
2258 2852 2448 3028
1540 2852 1677 3009
45 2846 195 3042
1057 2839 1357 2989
1364 2833 1573 2996
267 2826 430 2983
1651 2820 1945 3028
776 2820 1142 3166
646 2813 953 3035
156 2787 372 2931
1769 2780 1984 2911
848 2754 1070 2898
2062 2741 2252 2918
1188 2735 1586 2911
809 2722 998 2872
359 2696 678 2970
1906 2683 2147 2983
1573 2683 1834 2852
580 2676 789 2918
45 2643 202 2787
1318 2637 1592 2793
502 2624 672 2754
744 2617 992 2767
2147 2611 2448 2983
1331 2604 1462 2741
1129 2591 1383 2722
0 2591 143 2878
1455 2585 1690 2715
97 2578 241 2728
215 2572 385 2780
953 2565 1253 2891
2036 2532 2219 2696
404 2526 607 2663
2154 2513 2350 2650
248 2493 483 2702
1886 2480 2284 2669
1024 2467 1214 2604
711 2461 998 2689
0 2448 235 2624
2291 2441 2448 2696
567 2421 750 2650
463 2421 646 2624
1318 2402 1507 2650
2141 2395 2356 2532
1814 2395 2082 2585
1618 2395 2088 2767
1592 2389 1749 2578
1403 2389 1690 2650
1142 2356 1377 2565
620 2343 822 2493
58 2343 306 2487
515 2297 731 2467
1325 2278 1756 2461
150 2271 594 2630
1964 2245 2448 2513
2297 2226 2448 2376
1383 2193 1540 2323
822 2173 1070 2480
1710 2160 2004 2513
1677 2147 1925 2337
456 2147 652 2337
0 2147 137 2343
280 2134 483 2317
580 2121 737 2343
104 2115 313 2297
1005 2088 1253 2415
731 2075 953 2258
1181 2069 1351 2278
39 2069 189 2212
2075 2062 2363 2284
2232 2056 2448 2265
1573 2030 1788 2193
1462 2030 1756 2337
861 2030 1064 2193
1906 2010 2167 2265
515 2004 815 2186
176 1977 424 2141
1795 1971 2030 2186
1279 1971 1521 2193
424 1971 554 2219
678 1958 985 2134
2232 1951 2448 2128
221 1912 470 2069
2056 1886 2226 2017
2134 1880 2363 2030
2017 1860 2173 2069
463 1860 874 2075
620 1840 796 1991
1090 1834 1286 2030
483 1827 672 1997
1840 1814 2056 1977
1534 1808 1925 2102
2069 1775 2448 1951
365 1769 594 1925
1207 1756 1370 1932
58 1756 287 1925
933 1749 1194 2062
0 1742 143 1925
1684 1736 1847 1912
241 1736 509 1945
1991 1729 2154 1886
913 1723 1083 1873
554 1697 789 1873
1749 1690 1991 1821
672 1690 1024 1958
1305 1684 1729 1971
998 1684 1246 1840
2128 1677 2448 1834
450 1671 633 1853
1899 1658 2075 1821
1547 1658 1749 1795
1318 1658 1462 1801
150 1612 372 1821
1109 1605 1318 1756
345 1605 587 1749
842 1586 1148 1749
2219 1573 2448 1749
280 1540 548 1729
1390 1534 1645 1697
1873 1527 2226 1684
2115 1501 2448 1684
84 1494 319 1658
920 1481 1383 1658
1612 1468 1906 1664
1233 1455 1501 1599
0 1423 176 1586
215 1416 567 1631
1455 1410 1729 1618
535 1351 887 1651
1671 1344 2004 1527
1305 1338 1553 1521
698 1331 1064 1507
137 1331 345 1553
1762 1325 2062 1468
1449 1286 1827 1442
711 1259 1175 1507
274 1259 639 1488
0 1253 221 1475
1912 1233 2448 1527
1188 1233 1651 1410
169 1227 398 1390
1148 1188 1383 1377
411 1188 652 1383
1521 1168 1782 1331
718 1142 933 1272
567 1142 750 1292
1834 1129 2134 1325
574 1116 737 1253
1736 1109 1932 1272
1357 1109 1631 1279
2278 1103 2448 1259
992 1077 1240 1331
274 1044 443 1194
2239 1024 2448 1168
437 1024 652 1220
1272 998 1514 1227
1135 959 1383 1155
39 926 352 1155
280 900 561 1077
1527 894 1762 1135
2291 881 2448 1103
1227 848 1442 998
920 842 1253 1155
424 835 972 1155
2004 829 2356 1070
1168 815 1325 946
39 802 274 933
868 796 1109 1044
1344 789 1625 1057
1018 776 1175 920
0 770 150 913
378 763 665 979
274 757 443 907
580 750 789 953
1168 744 1449 894
881 711 1233 855
744 711 1011 868
1853 705 2010 848
1756 705 1919 874
1155 685 1436 815
2212 665 2395 802
1716 659 1899 796
1605 646 1788 874
567 639 776 809
2010 633 2265 829
0 600 378 815
1880 580 2134 770
1246 554 1547 757
1135 528 1462 665
926 522 1194 691
169 522 424 659
561 515 842 672
2154 509 2448 796
332 509 685 705
1449 502 1703 691
796 502 979 665
1951 483 2212 626
1762 483 1991 691
1018 463 1253 607
646 450 894 594
32 430 319 567
1599 385 1873 600
2082 365 2297 528
450 365 933 561
1821 352 2206 522
2212 345 2448 567
411 332 580 515
2141 274 2356 424
835 267 1266 567
0 248 280 496
1338 228 1769 456
535 215 868 470
1207 208 1364 470
567 189 744 378
313 189 509 489
770 176 1109 326
1651 163 1964 332
1814 150 2023 332
1090 150 1272 319
972 150 1188 293
1272 143 1573 345
1357 130 1514 274
228 110 398 287
646 104 920 241
0 97 241 332
1560 65 1716 293
476 65 665 313
1005 58 1272 202
319 45 522 261
2252 26 2448 300
2154 0 2448 137
1964 0 2291 332
1860 0 2095 293
1690 0 1919 241
1429 0 1723 169
1227 0 1494 235
1194 0 1390 156
365 0 763 130
261 0 424 143
143 0 280 130
0 0 156 130
0 0 2448 1997
0 1449 2448 3263
0 1462 2448 3263
1605 541 1906 718
0 0 2448 613
0 0 2448 574
1906 3022 2069 3159
0 1586 1331 3263
744 1462 2448 3263
0 261 2448 1997
78 2702 365 2911
861 261 2448 1618
992 261 2448 1618
953 2461 1116 2689
1024 2023 1331 2199
0 1586 1253 3263
1364 2715 1736 2996
1364 2807 1645 2996
39 1984 254 2212
1716 659 1919 874
1109 1756 1423 2030
0 430 424 574
0 0 2448 567
678 2212 1064 2558
678 2265 1064 2558
776 2343 1064 2558
1357 97 1592 274
1214 2585 1690 2807
1253 2585 1690 2754
1109 1756 1403 2030
1109 1756 1370 1945
992 306 2448 1618
2245 1299 2448 1449
1331 2585 1690 2741
0 430 1938 1997
32 430 424 567
1769 2722 1997 2976
744 2278 2448 3263
1762 953 1984 1083
0 430 1697 1390
0 1005 195 1220
1403 698 1697 907
372 665 665 979
2036 2513 2350 2696
0 1253 1938 1997
874 1462 2448 2585
1024 2467 1403 2604
1769 2722 1984 2911
280 1540 737 1749
104 874 411 1005
372 705 665 979
0 430 1625 1390
574 1090 946 1272
248 2944 515 3120
1109 1560 1436 1756
345 1553 737 1749
1188 2095 1540 2389
1188 2095 1462 2389
1188 2232 1396 2389
861 2343 1064 2558
1527 1064 1808 1266
1951 3048 2245 3205
1951 3074 2245 3205
417 189 744 385
437 3120 750 3263
0 1423 319 1925
0 1494 319 1925
248 2950 509 3120
1135 430 1553 678
574 1116 933 1272
0 450 1625 1390
1018 744 1449 998
1018 744 1449 946
71 2219 411 2395
404 2297 822 2767
404 2297 822 2663
463 2297 822 2624
463 2297 731 2624
117 2245 411 2395
1168 2944 1331 3192
261 0 1390 169
1024 2467 1312 2604
561 515 1011 868
2134 1077 2421 1259
1246 306 2448 1220
1671 868 2448 1220
1847 894 2448 1220
1847 933 2448 1220
1847 1024 2448 1220
1873 1024 2448 1220
2043 1024 2448 1220
0 1253 1645 1997
1690 280 1971 450
783 3061 2448 3263
744 2278 2448 3218
992 894 2448 1618
1671 1344 2004 1586
1018 776 1325 946
1246 306 2448 1070
659 1488 979 1716
809 1488 979 1664
1403 698 1697 835
783 3061 2304 3263
783 3061 2271 3263
2232 2056 2448 2376
261 0 1390 163
261 0 1233 163
261 0 972 163
737 0 972 163
783 3061 2141 3263
0 1586 1253 2787
241 2036 652 2337
1592 2369 1775 2578
1494 626 1788 874
966 3061 2141 3263
1070 3061 2141 3263
1279 3061 2141 3263
1592 1579 1938 1749
1592 1579 1847 1723
874 1684 1521 2252
874 1749 1521 2252
2043 1037 2304 1220
1886 2395 2448 3218
2141 261 2448 424
1279 3061 1984 3263
1455 3061 1984 3263
1658 3061 1984 3263
280 2036 652 2337
280 2134 652 2337
0 450 1625 1155
0 509 685 1070
0 613 541 1070
0 2330 1142 3263
0 2330 443 3263
0 2330 372 3074
0 2787 372 3074
672 639 1011 868
0 1005 842 1390
110 1005 842 1390
169 1005 842 1390
169 1024 842 1390
169 1024 652 1390
169 1188 652 1390
267 1188 652 1383
0 2330 235 2878
0 2448 235 2878
1246 502 1703 757
1305 1462 2448 2585
1677 1971 2030 2337
1736 1971 2030 2186
0 613 541 1031
39 613 541 933
156 613 541 907
156 613 541 835
241 2102 404 2252
130 2421 1142 3263
1488 306 2448 1070
744 2278 2252 3192
926 2683 2252 3192
1886 2683 2252 3100
920 1383 1645 1801
1155 1383 1645 1801
1214 1534 1645 1801
874 1749 1521 2193
1109 1971 1521 2193
1658 3107 1984 3263
926 2683 1945 3192
261 0 796 143
2069 2395 2448 3218
874 1749 1194 2062
1547 1658 2173 2069
1547 1658 1991 1984
0 1253 1175 1997
2010 633 2395 829
1475 894 1932 1272
1527 894 1932 1272
1024 2683 1945 3192
1057 2683 1945 3192
1240 2683 1945 3192
1455 2683 1945 3192
1455 2683 1945 3061
1455 2820 1945 3061
1840 1658 2173 2069
1840 1814 2173 2069
1455 2852 1677 3061
1527 894 1873 1155
1155 1383 1501 1599
0 1945 815 2787
45 2572 385 2787
97 2572 385 2780
574 1253 1175 1507
1318 1534 1645 1801
365 0 796 130
0 3015 443 3263
39 450 1625 1155
39 900 561 1155
1338 65 1964 456
1560 65 1964 332
1560 65 1762 293
1592 1736 1847 1984
992 998 2448 1618
783 3081 1024 3263
2069 2441 2448 3218
424 450 1625 1155
424 639 972 1155
567 639 789 953
502 2421 998 2918
0 1945 815 2702
58 2004 815 2702
1906 2683 2252 3100
0 1945 424 2343
424 1586 1253 2500
1005 2088 1253 2500
143 2787 372 3074
1488 352 2206 600
1488 385 1873 600
0 2036 313 2343
0 45 665 496
1449 1253 2062 1468
646 450 1625 1155
646 450 1383 718
646 450 979 665
1547 2989 1919 3192
0 509 685 815
0 548 378 815
2147 2441 2448 3218
535 0 2448 567
535 104 1573 567
535 143 1573 567
1207 143 1573 470
1612 1462 2448 2284
1906 1880 2448 2284
567 2421 998 2689
1853 306 2448 1070
535 176 1266 567
992 998 1782 1618
130 2696 1142 3263
1736 1253 2062 1468
2147 2441 2448 3028
0 1253 887 1997
424 1586 1148 2480
672 1586 1148 1958
992 1077 1782 1618
1906 2683 2252 2983
424 1840 1070 2480
424 1840 985 2219
424 1840 874 2219
463 1840 874 2075
0 65 665 496
0 97 385 496
58 1259 887 1997
1834 1103 2448 1527
1906 1951 2448 2284
2075 1951 2448 2284
1906 1971 2167 2265
0 1945 424 2141
1005 0 2448 332
2004 345 2448 1070
0 2036 150 2343
992 1077 1782 1410
1853 306 2297 848
1880 306 2297 770
228 65 665 489
1945 306 2297 626
0 1253 345 1553
359 2696 1142 3166
130 3015 561 3263
1945 306 2297 528
1305 1684 2448 2585
868 685 1625 1155
1612 1462 2448 1951
1912 1103 2448 1527
646 2813 1142 3166
1305 1338 1729 1618
1148 1168 1782 1410
744 2278 2088 2911
744 2402 1592 2911
744 2565 1592 2911
953 2565 1592 2911
1873 1462 2448 1951
1814 0 2448 332
359 2696 737 3166
2004 509 2448 1070
2004 770 2448 1070
150 1259 887 1997
150 2004 815 2702
150 2271 594 2702
1958 1462 2448 1951
150 1612 672 1997
868 711 1383 1155
868 711 1253 1155
1958 1462 2448 1769
1155 685 1625 1057
0 97 385 352
1912 1227 2448 1527
515 2004 815 2343
1188 1168 1782 1410
1005 0 1919 241
1005 0 1494 235
1142 2278 2088 2767
241 1671 672 1997
359 2696 731 3166
1964 0 2448 332
1710 2160 2448 2585
2147 2441 2448 2983
1971 1501 2448 1769
1710 2160 2448 2513
241 1671 633 1945
1188 2637 1592 2911
1142 2278 1756 2565
535 176 1109 470
1305 1684 1925 2337
1305 1684 1925 2102
1403 2389 2088 2767
731 2075 1070 2480
1880 0 2448 339
946 0 1560 156
1077 0 1560 156
1188 998 2448 1514
0 176 1716 652
698 940 1383 1501
972 940 1383 1318
1684 2859 2115 3263
1188 1057 2448 1514
0 0 796 156
1847 998 2154 1201
2154 2565 2330 2709
0 176 1716 580
84 2702 293 2911
900 1984 1534 2467
737 2461 1592 3042
737 2532 1592 3042
744 2532 1592 3042
900 2010 1534 2467
900 2010 1534 2421
1005 2023 1534 2421
84 0 796 156
84 0 796 130
84 0 685 130
1605 646 1919 874
0 1971 789 2761
0 91 339 241
1605 646 1899 874
463 613 1553 815
920 613 1553 770
1116 940 1383 1201
463 639 985 815
0 1253 345 1638
1161 2023 1534 2337
1005 613 1553 757
633 2885 1494 3263
926 2885 1494 3263
698 1299 1175 1501
0 1971 789 2735
0 1279 345 1638
0 1292 345 1638
0 1299 208 1638
1155 613 1553 757
1710 2317 1958 2493
176 0 685 130
926 2944 1390 3263
39 0 2448 1821
1716 261 2448 796
1716 261 2448 567
926 3022 1253 3263
711 1299 1175 1501
1684 2931 2115 3263
280 698 1710 1671
561 1148 1024 1671
1233 2082 1534 2337
1233 2082 1462 2337
280 698 1710 1220
398 698 1710 1220
176 0 450 130
417 176 1716 502
731 776 1325 953
39 0 1736 424
39 0 1416 424
39 0 1272 424
1677 776 2226 920
561 1155 1024 1671
561 1155 1005 1671
574 1155 1005 1357
509 718 705 926
0 1253 248 1423
0 1971 789 2728
0 1971 789 2702
0 522 2448 3263
1429 1442 2448 2859
1429 1442 2448 2696
698 1501 2448 3263
698 1501 1925 2363
783 2265 2448 3263
0 522 1233 3263
0 522 1090 3061
0 1494 326 1893
0 1494 326 1795
97 1494 326 1651
1977 1547 2448 2376
574 1103 933 1272
0 404 561 580
417 176 1697 502
770 176 1697 470
770 176 1364 470
1677 776 2134 920
0 2741 1233 3263
698 1501 1925 2343
417 698 1710 1188
332 0 2448 1821
985 861 2448 1821
0 2761 1233 3263
