0 0 3263 2448
1873 0 2271 463
1873 0 2160 450
744 894 1749 1468
744 894 1749 1449
1873 274 2134 450
1161 176 1344 365
385 515 698 659
744 1070 1671 1449
2337 1782 2722 2115
2337 1782 2722 2049
1403 0 1984 359
0 528 398 1690
156 620 1808 1808
84 313 509 502
97 313 509 450
1403 0 1951 359
156 620 946 1070
319 966 1808 1808
0 835 3263 2448
0 0 3263 2206
2265 1475 2696 1853
2265 1475 2683 1853
1051 1279 1808 1638
1051 1286 1664 1638
365 855 946 1070
319 966 1201 1808
319 966 913 1808
319 966 913 1671
483 900 1579 1573
907 2193 1560 2448
959 2193 1560 2448
959 2245 1370 2448
744 1090 1246 1449
783 254 2069 1070
783 365 2069 1070
313 1736 1168 2206
1762 2206 2180 2448
1051 1429 1259 1638
2108 0 3263 339
156 620 463 959
1018 254 1782 496
0 0 3263 1827
2441 2252 2878 2448
1129 1246 2748 2069
1129 1684 1475 1938
1129 1716 1357 1938
718 97 3263 1827
861 1031 1494 1338
0 0 2193 998
306 535 1396 998
2441 2304 2748 2448
215 659 463 959
1344 1246 2748 2069
1442 2128 1788 2448
1442 2284 1788 2448
1344 1246 2709 2069
1168 2193 1560 2448
1899 97 3263 1534
2787 1344 3048 1586
0 0 2193 626
365 58 815 319
365 58 815 261
2441 985 2826 1122
2102 97 3263 985
1018 254 1677 496
1899 456 3263 1534
979 2284 1370 2448
1109 2284 1370 2448
1057 1044 1494 1338
1344 1351 2558 2069
1344 1351 2558 1964
1344 1351 2558 1919
306 600 1396 998
306 600 1318 998
985 737 1318 959
319 966 659 1586
2102 97 3263 979
84 0 2193 613
678 0 2193 515
84 169 1103 613
319 966 613 1436
2232 97 3263 979
652 1214 985 1396
2154 0 3263 300
2154 0 3159 300
1906 992 3263 2448
1906 1677 2487 2415
1057 2304 1299 2448
1690 215 2193 515
718 731 2389 1827
718 1344 1938 1827
2330 1246 2709 1442
1703 509 1925 718
2441 985 2741 1122
2141 1677 2487 2004
1481 731 2389 1553
1899 456 3263 1129
2180 770 3263 1129
0 835 2030 2448
2121 992 3263 2448
0 1631 2030 2448
1729 509 1925 718
1436 1671 1840 1919
1436 1671 1762 1919
1932 541 2219 685
718 1553 1338 1827
2141 1677 2356 1925
1344 1351 2558 1827
1429 1351 2558 1827
417 1279 659 1586
235 835 711 1906
463 1540 711 1906
306 600 1109 998
580 1775 2030 2448
0 1631 639 2448
2154 13 3009 300
2154 13 3009 254
2591 1808 3263 2448
2839 1808 3263 2284
235 835 496 1736
306 607 1109 998
293 1272 496 1736
1684 1351 2558 1827
1762 1351 2558 1827
1853 1351 2558 1782
156 189 1103 613
2591 2062 3263 2448
2232 137 3263 979
783 404 2069 1070
620 1775 2030 2448
633 1886 1201 2232
0 626 398 1690
2121 1351 2558 1782
1971 985 2807 1534
1481 731 2389 1501
1403 0 1951 274
1155 1775 2030 2395
907 1886 1201 2115
235 835 463 1305
2121 1351 2526 1782
2121 1351 2526 1645
2121 1423 2526 1645
633 1991 1096 2232
2088 985 2807 1468
313 1736 979 2206
2121 1083 3263 2448
2232 137 3263 959
1481 731 2343 1501
1762 1142 2036 1501
0 1645 639 2448
620 2115 1344 2448
620 2160 1122 2448
0 907 398 1690
2232 137 3263 822
1312 1775 2030 2395
1481 731 2343 1227
1481 822 2284 1227
1436 1671 1762 1886
2565 1083 3263 1808
0 1984 639 2448
0 2088 639 2448
104 2088 639 2448
274 2088 639 2448
1560 1775 2030 2395
1135 1795 1540 2062
2121 1605 3263 2448
2239 1605 3263 2376
2232 137 2826 607
2565 1083 3166 1808
2343 163 3263 822
1899 456 2363 796
2428 1605 3263 2284
2689 1605 3263 2284
2565 1083 3166 1396
2539 2304 2748 2448
2441 2304 2715 2448
104 2304 352 2448
1605 2291 1788 2448
1442 2284 1645 2448
2121 2271 2532 2448
0 2258 169 2402
2735 2252 2878 2402
1370 2245 1560 2448
959 2245 1135 2441
620 2212 992 2448
1814 2206 2180 2448
456 2199 639 2448
1168 2193 1423 2448
861 2160 1122 2402
613 2160 894 2343
0 2160 293 2350
1547 2128 1775 2408
1064 2115 1344 2310
274 2088 574 2448
2826 2062 3263 2448
633 2062 874 2232
2239 2049 2748 2376
1312 2030 1658 2310
1155 2017 1423 2206
2839 2010 3263 2284
2552 2004 2722 2160
1135 2004 1410 2141
1364 1997 1514 2128
809 1991 1096 2232
91 1984 372 2245
600 1964 894 2115
2363 1951 2585 2115
58 1951 228 2095
2689 1945 2931 2284
1703 1919 1958 2069
313 1899 659 2206
2526 1893 2722 2049
1031 1886 1201 2115
1135 1873 1357 2062
2160 1821 2487 2004
2996 1808 3263 2167
1560 1808 2030 2395
1390 1801 1573 1964
1253 1795 1540 2010
2337 1782 2598 2049
1547 1782 1880 1958
1808 1775 2010 2017
1442 1775 1592 1919
900 1769 1168 2017
620 1736 979 2069
2428 1710 2963 2108
1690 1710 1840 1840
0 1710 235 2030
1906 1690 2467 2415
1592 1690 1762 1840
1279 1684 1475 1821
2141 1677 2330 1840
1436 1671 1684 1886
306 1645 607 2049
169 1645 476 2075
561 1638 711 1906
0 1631 274 1853
1762 1625 2030 1827
3133 1618 3263 1749
718 1612 998 1795
2826 1605 3263 2193
463 1599 600 1853
3002 1586 3139 1716
2154 1579 2330 1782
1684 1573 1945 1769
953 1553 1338 1827
463 1540 705 1716
2265 1527 2683 1853
2852 1507 3074 1651
652 1507 913 1671
1390 1501 1579 1651
1051 1501 1220 1638
293 1481 496 1736
2467 1475 2650 1645
2134 1475 2526 1645
1853 1455 2239 1749
685 1455 1201 1703
2878 1442 3048 1586
489 1436 659 1586
2036 1410 2180 1599
2258 1403 2415 1534
2598 1396 2970 1808
2428 1364 2748 1514
2252 1351 2493 1514
1096 1344 1938 1782
1077 1286 1664 1475
417 1279 620 1573
1762 1253 2036 1501
2408 1246 2709 1429
652 1240 789 1396
2859 1227 3263 1690
757 1214 985 1390
2088 1194 2402 1468
345 1188 541 1501
1971 1168 2212 1534
0 1168 398 1690
2565 1161 2937 1396
1769 1142 2023 1351
1494 1142 1690 1305
391 1142 613 1436
2852 1083 3166 1272
1599 1083 1834 1305
1057 1083 1357 1338
1194 1070 1671 1370
1083 1044 1494 1272
1827 1031 2284 1227
861 1031 1122 1279
483 1031 1083 1573
3087 992 3263 1207
2539 992 2741 1122
2141 985 2807 1416
319 966 561 1181
280 966 463 1305
2088 940 2245 1083
0 907 300 1240
678 900 1579 1175
2689 894 3263 1129
1370 894 1749 1227
365 894 822 1070
1945 868 2226 1057
750 855 946 992
130 848 274 1005
829 842 972 985
235 835 450 1037
1481 822 2036 1135
300 809 463 959
2878 796 3146 979
2180 770 2813 1070
985 763 1240 959
1129 737 1318 907
1964 731 2343 907
2735 678 3179 959
215 659 404 861
0 626 241 926
1899 620 2356 796
626 620 874 796
2343 561 2604 822
1932 541 2088 685
1266 522 2069 1070
1782 509 1925 646
2049 456 2363 633
1233 456 1468 594
515 450 665 580
639 424 907 567
1749 411 2141 561
783 404 1749 796
1501 365 1821 554
1736 306 2193 515
1018 306 1403 496
2441 300 2937 567
156 300 783 613
2102 274 2291 450
2232 261 2709 607
1305 254 1677 417
2108 208 2330 339
554 189 1103 528
1396 182 1631 352
815 176 1090 385
84 169 528 372
2539 163 3263 796
2363 137 2826 391
1769 137 1951 274
2167 130 2395 300
2689 97 3061 385
417 58 815 261
2115 52 2265 221
2154 39 2663 254
2493 13 3009 215
2957 0 3263 176
1919 0 2160 378
1547 0 1984 182
1403 0 1808 215
678 0 1801 391
0 0 620 626
874 1331 1534 1468
1893 0 2160 450
0 0 3263 1135
926 1971 1410 2226
0 515 3263 2448
1436 626 3263 2448
639 1507 913 1808
1436 770 3263 2448
0 515 2212 2448
130 848 306 1122
1984 274 2291 463
483 842 2212 2069
1547 1625 2030 1958
0 515 1788 2448
0 515 966 1938
385 515 966 757
385 535 966 757
0 1612 1788 2448
0 528 822 1938
483 894 2212 2069
0 0 2226 1135
1899 0 3263 979
1403 0 2121 437
3113 1142 3263 1305
750 842 972 992
763 600 913 757
2526 1893 2722 2160
1403 0 2121 398
926 2004 1410 2226
483 900 1808 1573
0 1645 1788 2448
2539 2252 2878 2448
483 900 1671 1573
1129 1612 1775 2069
1129 1612 1775 1964
306 254 2226 1135
1129 1612 1775 1938
1129 1658 1475 1938
0 528 724 1938
1168 2128 1775 2448
2539 992 2826 1122
2219 1103 2389 1272
580 2069 894 2343
1827 770 3263 1853
2252 1351 2650 1645
2258 1403 2650 1645
2350 1449 2650 1645
907 2245 1299 2448
959 2245 1299 2448
1436 1423 3263 2448
3126 705 3263 966
156 659 822 1070
0 528 385 672
156 659 463 959
241 1605 417 1769
156 659 404 861
620 894 2212 2069
1096 894 2212 1782
365 0 815 261
2108 130 2395 339
620 1455 1338 2069
0 2180 352 2448
0 626 724 1938
0 626 541 1853
0 2258 352 2448
2330 326 2663 502
1690 1625 2030 1840
1233 254 1821 594
1161 182 1631 365
1161 228 1416 365
1233 359 1821 594
319 966 620 1573
1827 770 3263 1468
463 1540 724 1938
620 1553 1338 2069
0 626 496 1853
561 1638 724 1938
391 1142 620 1573
1899 0 3263 959
2265 992 3263 1853
678 900 1579 1449
1566 215 2193 515
1566 215 1906 404
0 0 1801 626
2265 1083 3263 1853
2852 1507 3139 1716
620 1736 1168 2069
515 424 907 580
1436 1423 2585 2115
0 2304 352 2448
2793 2062 3263 2448
0 1951 228 2167
2141 1677 2585 2115
861 1795 1788 2448
815 176 1403 496
1436 1423 2526 1886
1664 1436 2010 1631
235 835 541 1501
2154 0 3263 385
1299 359 1821 554
1684 1423 2526 1782
1853 1423 2526 1782
1853 1455 2526 1782
2088 1194 2539 1468
1031 1827 1201 2115
306 404 2226 1135
861 1997 1788 2448
861 1997 1514 2402
0 626 398 1853
861 2017 1423 2402
861 2115 1344 2402
1096 1083 2212 1782
306 607 1318 998
2160 1821 2585 2115
1560 1605 3263 2448
1312 2030 1788 2448
1312 2030 1658 2448
2154 13 3061 385
0 1645 1096 2448
0 1899 1096 2448
91 1899 1096 2448
1899 137 3263 959
91 1899 659 2245
1096 1083 2036 1782
1599 1083 2023 1351
783 404 2226 1135
1214 1795 1540 2010
306 607 1240 998
600 1964 1096 2448
2343 163 3263 959
1827 770 3263 1416
1560 1690 2748 2448
1560 1775 2180 2448
1899 137 2937 796
0 0 1103 626
1853 1455 2526 1749
1827 985 2807 1416
1266 522 2226 1135
2232 137 2937 607
2265 1161 3263 1853
600 1964 1096 2232
1906 1690 2748 2448
600 1964 894 2232
2428 1605 3263 2193
0 1645 476 2075
1266 522 2069 1135
1096 1253 2036 1782
2265 1396 2970 1853
2565 1161 3263 1690
0 626 300 1240
2121 2049 2748 2448
2265 1057 3159 1416
489 874 1690 1586
502 874 1690 1586
2265 1442 2754 1853
502 907 1690 1586
502 907 1677 1586
567 1018 1507 1416
972 1325 1534 1462
567 1018 1507 1396
150 0 3263 2134
0 0 2278 920
0 594 189 920
2265 1057 3159 1357
0 0 2278 718
0 0 2258 718
0 685 3263 2448
2115 0 2624 221
1057 2193 1560 2448
1109 2193 1560 2448
1971 0 2121 326
0 913 398 1710
0 1168 398 1710
352 489 1142 639
0 0 2258 698
0 0 2258 652
0 685 639 1586
567 1018 1507 1370
0 959 3263 2448
489 1077 620 1455
639 1214 985 1396
2265 1057 3042 1357
2265 1116 2891 1357
319 998 639 1586
398 1109 639 1586
0 1207 398 1710
2441 319 2937 587
215 1762 607 2075
150 0 3263 1135
567 1018 1507 1338
345 868 2284 2134
0 685 463 1246
319 1762 607 2030
235 0 3263 1135
1122 972 2970 2108
646 1018 1507 1338
646 1018 1240 1279
345 1279 2147 2134
137 685 463 1246
137 822 463 1246
1011 1155 1279 1370
1122 1246 2748 2108
1122 1331 2558 2108
1436 1651 1840 1919
1436 1651 1762 1919
1618 509 1893 698
2154 0 3263 254
137 848 463 1246
1005 1024 1507 1338
1024 293 1540 515
1109 293 1540 476
1233 359 2186 574
1220 1103 1507 1312
2265 1161 2885 1357
398 0 718 130
1207 1795 1357 1945
0 959 724 2102
345 1292 2147 2134
1122 1638 1605 2108
1122 1710 1605 2108
1214 1710 1605 2108
0 992 3263 2448
0 1671 2833 2448
235 91 3263 1135
1436 1671 1697 1919
1396 1331 2558 1775
1214 1710 1573 1958
2480 2134 2833 2448
0 0 1906 652
0 0 1762 652
0 959 724 2062
254 959 724 1925
509 1553 724 1925
1109 293 1540 437
2049 456 2807 822
2049 456 2558 822
0 1671 2722 2448
0 1801 1880 2448
1436 1671 1697 1912
2088 972 2970 1370
2428 992 3263 2448
1560 1671 2722 2448
1527 1690 1697 1912
1403 0 1945 359
1396 1377 2558 1775
0 1801 1782 2448
580 1801 1782 2448
0 1599 600 2062
345 1292 2075 2134
345 1299 1795 2134
2428 1168 3263 2448
0 2043 607 2448
620 1801 1782 2448
894 1801 1782 2448
1024 1801 1782 2448
26 2043 607 2448
2049 456 2461 776
26 2088 607 2448
2428 1201 3263 2448
2428 1201 3263 2193
2454 0 3263 254
0 1605 509 2062
1396 1377 2526 1775
2663 2088 3263 2448
1769 1377 2526 1729
1560 1821 2010 2219
2147 972 2970 1272
2474 2304 2637 2448
2663 2291 2963 2448
2141 2252 2519 2448
0 2219 176 2448
620 2206 972 2448
515 2206 672 2408
26 2167 293 2448
894 2160 1181 2448
2650 2134 2833 2369
1645 2134 1880 2448
156 2115 300 2265
2722 2102 2970 2297
2833 2088 3263 2448
215 2088 607 2448
2924 2075 3120 2212
91 2043 372 2245
900 2010 1410 2232
1064 1997 1782 2448
1364 1951 1605 2108
907 1945 1037 2082
580 1945 1135 2284
2526 1925 2722 2147
626 1912 829 2056
345 1886 744 2134
2421 1853 2598 2049
1560 1847 1880 2219
1031 1827 1188 1958
2154 1821 2598 2134
1703 1821 2010 2134
1396 1808 1573 1958
1547 1801 1827 2030
1024 1801 1540 2128
319 1788 483 2030
1527 1775 1677 1912
1442 1769 1573 1919
868 1762 1037 2017
456 1762 607 1997
2193 1749 2343 1925
1214 1710 1449 1906
561 1710 724 1925
2265 1684 2434 1880
1801 1677 1964 1821
1697 1671 2722 2448
1436 1671 1658 1801
1592 1651 1762 1873
652 1645 796 1880
1292 1638 1475 1821
0 1631 476 2062
3087 1625 3263 1795
1834 1625 2056 1821
254 1605 509 1827
470 1599 600 1880
2167 1579 2297 1736
1396 1553 1984 1775
509 1553 705 1782
2826 1507 3107 1684
2265 1442 2702 1853
1214 1429 1462 1560
1769 1410 2199 1729
2428 1403 3263 2193
2147 1377 2526 1645
1814 1377 2147 1560
2663 1338 2918 1468
2095 1331 2500 1534
639 1299 1795 1984
1488 1292 2075 1625
2565 1253 2780 1416
2337 1246 2748 1507
770 1240 913 1377
1135 1227 1279 1364
639 1220 789 1396
0 1207 398 1664
2820 1201 3263 1690
737 1201 998 1416
2088 1194 2363 1370
2572 1168 3002 1390
182 1168 339 1351
1011 1155 1155 1370
1449 1142 1690 1331
398 1109 639 1573
1305 1103 1494 1253
2787 1090 3159 1279
567 1077 737 1227
502 1044 1677 1586
646 1031 926 1279
1005 1024 1410 1338
319 998 470 1259
2147 985 2761 1272
280 985 463 1246
2441 972 2970 1135
326 966 561 1122
254 959 554 1658
3081 940 3263 1129
0 913 267 1240
737 907 1514 1103
1175 874 1618 1168
1481 868 2284 1423
137 848 313 1005
2950 829 3113 979
300 829 470 972
228 822 450 1037
3074 705 3263 1005
0 646 189 920
150 626 352 842
2278 620 2448 776
1618 528 1762 659
84 528 535 659
1547 515 1749 659
1677 509 1893 698
2049 456 2461 678
1188 450 1468 613
437 424 887 587
235 404 3139 1135
1501 365 2186 574
104 365 359 548
2572 319 2937 587
1018 313 1338 450
1299 293 1540 437
1729 287 2258 502
332 248 561 398
1599 215 1906 345
2102 150 2330 411
1847 143 2134 398
1605 97 1945 359
2115 91 3263 946
2115 65 2265 221
2154 45 2558 221
1971 19 2108 326
2859 0 3263 254
2454 0 3002 163
1991 0 2121 274
1625 0 1971 195
1403 0 1723 137
156 0 1762 613
509 0 718 130
0 0 509 652
0 0 3263 1351
972 1142 1690 1462
1011 1155 1201 1370
0 0 3263 1240
0 620 3263 2448
1481 770 3263 2448
0 620 2154 2448
0 1168 339 1351
2265 1057 3042 1468
2265 1057 3042 1416
1403 0 3263 1005
0 620 1135 2448
502 907 2154 2448
639 1279 2154 2448
639 1299 2154 2448
2167 1579 2598 2049
0 0 1762 1240
143 620 359 894
0 822 1135 2448
1566 0 3263 1005
2474 1925 2833 2448
2474 2304 2754 2448
150 620 359 842
502 2206 829 2448
339 0 829 143
1579 2069 1880 2448
2167 1579 2434 1880
0 0 1762 920
1592 1625 2154 1873
515 2206 829 2408
1364 1808 1605 2108
104 248 561 548
0 874 267 1240
1481 770 2970 1625
1135 1103 1507 1364
339 0 718 143
137 822 724 1925
326 966 724 1925
404 1501 724 1925
2526 1925 2833 2369
1122 1638 1475 1938
404 1553 724 1925
470 1553 724 1925
639 1031 972 1318
2826 1507 3263 1795
1122 1710 1449 1938
1481 868 2970 1625
1018 221 1540 613
1188 359 1534 613
1566 0 2258 502
1566 143 2258 502
1690 1625 2154 1840
1690 1625 2056 1840
1690 1677 1964 1840
2258 1403 2558 1553
1135 1194 1507 1364
2049 0 3263 1005
1560 992 3263 2448
639 1031 926 1279
326 966 639 1573
1703 1331 2500 1586
2343 691 2807 822
1703 1377 2147 1586
639 1299 1984 2448
894 1795 1782 2448
84 424 887 659
228 822 463 1246
1560 1246 2748 2448
1018 221 1540 515
1018 221 1468 515
1566 215 2258 502
0 959 1135 2448
0 1886 1135 2448
2154 1749 2598 2134
1018 221 1468 450
1018 300 1357 450
639 1299 1984 1984
0 959 554 2102
1396 1521 1984 1912
1396 1553 1984 1912
2049 91 3263 1005
0 1945 1135 2448
737 907 1514 1338
1436 1671 1697 1827
26 1945 1135 2448
2049 91 3263 946
2787 992 3263 1279
0 1207 509 2102
91 1886 744 2245
0 1207 476 2102
894 1997 1782 2448
1481 868 2363 1625
1769 1246 2748 1853
0 0 509 920
0 1207 476 2062
2428 1168 3263 2193
2265 1246 2748 1853
1481 868 2284 1625
2572 1168 3263 1690
1318 515 1756 691
411 894 1821 1703
489 894 1690 1547
1507 0 2141 398
1272 319 1775 456
0 946 3263 2448
411 1168 1821 1703
411 1194 1821 1703
0 0 3263 2226
19 2075 235 2226
339 1148 3263 2448
607 2245 822 2448
0 0 3263 2154
0 391 1377 894
0 391 1377 776
0 391 1312 776
0 815 1201 2023
2565 1227 2983 1396
2565 1227 2898 1377
809 1507 1148 1638
0 815 783 2023
0 391 1175 776
411 1194 1207 1703
1064 1286 1821 1501
718 1592 1201 1827
2030 1436 2624 1716
1579 0 1971 189
2558 946 3263 1331
2696 946 3263 1331
156 391 1175 665
1070 1729 1494 2173
2115 0 3263 398
0 32 3263 2154
1592 1246 2036 1507
1592 1338 1893 1507
0 1220 2826 2448
2291 1220 2826 1481
0 0 2160 646
1521 352 2160 646
2793 946 3263 1233
0 0 1951 594
339 1181 3263 2448
1521 398 1991 646
1521 404 1853 646
2115 0 3263 248
2115 0 2630 248
2115 39 2519 248
0 1325 2487 2448
1351 835 1977 1233
1351 835 1834 1233
1351 835 1795 1233
352 1742 587 2023
0 0 783 594
489 894 1690 1514
489 894 1690 1383
744 894 1690 1357
744 1077 1096 1357
339 2258 639 2448
2630 0 3263 221
1272 319 1716 456
613 1181 3263 2448
607 0 1951 594
1899 456 2918 1116
1899 456 2918 1057
0 2212 359 2448
2337 169 2800 398
2337 169 2780 398
2337 169 2572 398
2526 1488 2696 1736
182 528 1312 1070
182 528 1103 1070
665 0 1951 594
2630 0 3263 195
1801 1573 2128 1795
352 1742 554 2023
313 0 548 208
254 900 476 1547
1971 1325 2487 1618
1024 894 1690 1325
241 391 1175 620
241 404 953 620
1899 456 2434 868
665 0 1951 483
1357 52 1814 261
1919 1834 2115 2082
1521 404 1814 607
0 1468 2004 2448
1005 1468 2004 2069
613 2075 1090 2330
1919 1573 2128 1729
665 1181 3263 2448
1096 894 1690 1305
1096 894 1579 1246
0 815 783 1945
861 1181 3263 2448
718 1612 1116 1827
0 1919 1109 2448
691 926 1442 1122
1449 1468 2004 1880
1579 1468 2004 1756
992 2271 1272 2448
0 900 339 1370
1971 1364 2252 1618
0 0 600 594
0 0 515 594
1351 835 1749 1142
1351 835 1749 1057
665 0 1951 437
1005 1658 1540 2069
613 2075 1057 2330
2709 1651 3081 2010
2709 1756 3081 2010
1566 835 1749 1057
0 45 515 594
829 32 3263 1638
0 815 437 1579
0 52 515 594
1736 737 2173 959
1801 737 2173 959
1801 737 2173 907
1168 1390 1566 1605
1240 1390 1566 1605
1201 450 1468 594
731 0 1951 437
731 0 1684 437
731 0 1586 437
0 992 1521 2154
365 1501 1521 2141
705 1501 1521 2017
744 1501 1521 1938
894 1501 1521 1938
1618 2049 2330 2448
1618 2049 2082 2448
1899 456 2356 815
1932 456 2258 678
489 1031 796 1383
182 528 1103 1057
0 182 515 594
0 215 306 594
0 254 235 594
365 1932 711 2141
0 992 456 2154
1697 2134 2082 2448
