0 0 6000 3996
3048 2952 3480 3492
0 2496 1200 3996
4344 0 6000 2856
3900 2328 4668 3084
3900 2472 4668 3084
0 0 4596 3144
1980 1620 2424 1944
3936 396 4308 876
4344 0 6000 1128
0 2496 1188 3996
1236 0 6000 3996
1236 1884 6000 3996
0 180 3528 3996
2592 1776 3084 2028
2352 2364 3168 3132
2508 2364 3168 2892
2508 2460 3132 2892
5136 972 5916 2856
3312 0 3840 372
5136 1824 5856 2856
0 2004 1008 3156
0 2004 1008 3132
2232 0 5832 3528
3936 2520 4668 3084
4512 1620 5388 2136
4476 2976 6000 3996
0 180 1200 2472
0 180 1104 2472
0 684 1056 2472
1908 876 2328 1368
4344 0 5928 1128
0 684 864 2472
4476 3756 5364 3996
276 2004 1008 3132
2232 0 5832 3276
2232 0 5688 1512
0 2028 324 2592
4860 1884 5580 2892
720 432 3528 3996
720 432 3444 3996
720 1716 3444 3996
0 0 2988 2016
4512 1692 5388 2136
1584 432 2760 1872
1584 432 2760 1860
1584 432 2760 1848
1584 432 2760 1392
1488 1908 2196 2412
168 180 1104 1032
2412 564 4596 3144
0 2316 324 2592
0 3576 636 3996
4608 3756 5364 3996
2460 564 4596 3144
0 0 2928 2016
1584 432 2760 1260
3360 3528 4044 3996
4344 0 5700 1032
2460 564 4296 3144
3900 1584 4344 1920
228 720 1056 1740
2568 888 3696 1404
720 1764 1644 2796
852 1764 1644 2796
3528 552 5688 1512
1584 516 2760 1260
1584 516 2760 1104
624 1260 1056 1740
4092 2976 4512 3528
4020 2208 4596 2460
1956 1236 2628 1848
2460 564 4296 2652
0 0 504 852
168 180 924 948
0 684 492 1536
0 684 372 1536
0 684 372 1272
720 3000 2088 3996
2652 564 3600 1044
2460 816 4296 2652
852 1764 1644 2616
4092 2976 4452 3528
4692 0 6000 672
1236 2256 6000 3996
180 0 2928 2016
5520 1824 5856 2568
2460 1080 4128 2652
3420 2208 4128 2652
168 180 924 804
168 372 924 804
180 0 2928 1848
444 0 2928 1848
912 1764 1644 2616
744 0 2928 648
2232 0 4752 684
36 1224 408 1884
2460 1080 3984 2400
3240 1704 3984 2400
444 96 2064 1848
444 96 1692 1068
2232 0 4440 660
3456 816 4296 1860
3456 1248 4104 1860
3480 1248 3876 1536
3696 1908 4260 2460
3060 1800 3528 2664
3060 1800 3408 2256
0 1320 864 2472
3888 768 5832 3276
2172 864 2532 1392
1500 0 2928 648
3528 624 4572 1512
5340 732 5928 1128
2460 1080 3828 1920
804 1560 1968 2016
3528 624 4560 1212
720 3000 1488 3996
828 3000 1488 3996
480 780 2064 1848
828 1716 3444 3444
1332 1716 3444 3444
2460 1080 3828 1776
1584 516 2760 1008
828 3000 1488 3720
2484 1416 3540 1920
2484 1416 3492 1920
2664 1536 3492 1920
912 1764 1488 2304
744 12 1572 372
1572 0 2928 648
4608 3756 5160 3996
4476 3756 4728 3996
3360 3756 3984 3996
1044 3696 1344 3996
96 3576 636 3996
1248 3564 2088 3996
480 3564 1188 3996
3576 3528 4044 3840
720 3480 1116 3900
1080 3456 1380 3720
2112 3420 2484 3756
5172 3360 5508 3720
3108 3324 3360 3624
3996 3240 4236 3528
4272 3120 4512 3396
3600 2988 3852 3240
4824 2976 6000 3996
4116 2976 4452 3444
1236 2664 5028 3996
0 2664 300 2940
4860 2628 5124 2952
2508 2616 2760 2892
3444 2568 4044 2976
3120 2556 3732 3144
5136 2544 5616 2856
2352 2544 2604 3132
3936 2520 4536 3084
0 2496 876 3768
924 2472 1176 2736
2652 2460 3132 2748
4992 2436 5352 2892
720 2400 1140 2796
3516 2364 4128 2652
828 2340 1776 3216
1176 2292 1644 2616
4632 2256 6000 3444
3264 2208 3528 2664
5748 2184 6000 2532
1068 2184 1332 2472
852 2100 1200 2436
5520 2088 5796 2568
0 2028 252 2364
1524 2016 2196 2412
3696 1992 4236 2460
3132 1992 3408 2256
1332 1932 2604 3288
804 1920 1200 2184
996 1896 1488 2304
4860 1884 5580 2772
0 1848 864 2472
3060 1800 3300 2076
4908 1776 5388 2076
2784 1776 3084 2028
912 1764 1356 2076
1836 1716 3444 3444
4512 1692 5196 2136
804 1692 1116 2016
3024 1620 3492 1920
1980 1620 2316 1872
2340 1596 2652 1872
4092 1584 4344 1920
396 1572 816 2016
924 1560 1968 2016
2664 1536 3120 1848
36 1524 408 1884
3456 1488 4104 1860
3228 1488 3540 1752
3888 1464 5508 3276
2484 1416 2928 1836
708 1392 1056 1740
3852 1332 4212 1764
228 1320 588 1896
1956 1272 2352 1752
3612 1260 3876 1536
2136 1236 2628 1848
2760 1164 3828 1776
624 1152 1116 1596
4176 1128 4572 1512
348 1092 744 1692
2460 1080 2844 1512
1908 1020 2160 1260
1620 972 2148 1560
96 936 492 1368
3540 912 3912 1332
2688 888 3696 1404
2172 864 2532 1200
1296 864 2064 1800
1716 852 1980 1104
5340 828 5880 1128
3972 816 4560 1212
3768 816 4296 1632
480 780 1836 1848
4308 768 5832 2388
600 768 1104 1032
372 768 648 1020
5640 732 5928 1080
228 720 672 1272
1596 708 1872 1020
0 684 372 1032
2484 636 2796 1008
3528 624 4080 936
3168 576 3552 876
4284 552 5688 1380
1584 552 2544 1008
1896 516 2760 828
3888 492 4272 912
1044 480 1692 1068
3336 468 4020 780
1728 444 1980 708
5532 396 6000 876
3936 396 4236 816
216 372 708 660
1500 336 2160 612
2640 192 2988 612
1392 192 1668 432
0 192 444 852
3312 96 3840 372
444 96 1608 852
984 72 1572 372
4092 48 4752 684
2076 24 2928 648
4512 12 5700 1032
4812 0 6000 672
4572 0 5112 240
4344 0 4728 540
3084 0 4440 612
2232 0 3588 660
1572 0 2352 468
0 0 504 348
3888 0 6000 3996
0 0 4596 3996
0 96 2604 3996
1236 864 5028 3996
1488 864 3444 3444
348 1092 1116 1692
0 0 4596 2664
2460 192 4596 2664
0 0 4440 1260
5520 972 5916 2568
1236 2328 5028 3996
0 1764 2604 3996
2460 564 4596 2664
0 96 2148 2436
4476 1260 6000 3996
348 1092 756 1692
1224 0 4440 1260
2460 564 4344 2664
3996 3120 4512 3528
3996 3240 4380 3528
1488 1716 3444 3444
1236 2520 5028 3996
3048 2328 4560 3624
3444 2328 4560 2976
4608 1260 6000 3996
0 0 1572 372
0 0 1380 348
3048 2556 3732 3624
3048 2952 3480 3624
1716 852 2160 1260
1224 0 4440 1020
1344 192 2160 1020
1344 192 2160 732
1392 192 2160 612
3900 2328 4560 2628
3888 0 6000 3276
3972 0 6000 1632
1224 0 4440 1008
1848 864 2652 1872
0 0 792 348
4092 0 6000 1380
0 96 2148 2016
0 684 816 2016
708 1392 1968 2436
708 1392 1968 2184
0 96 2148 1848
5748 1260 6000 2532
2352 2544 2760 3132
216 180 744 660
216 180 708 660
4608 1884 6000 3996
828 1764 2604 3720
1728 432 2304 708
3972 816 4572 1632
1956 864 2652 1872
0 1848 2088 3996
0 1848 1176 3132
0 2028 252 2508
4176 1128 4572 1632
3936 2520 4668 3444
3264 1992 4236 2664
708 1392 1968 2016
4608 2256 6000 3996
3264 2208 3648 2664
4632 2256 6000 3996
2460 564 4344 2400
2784 1488 3540 2076
3024 1488 3540 2076
0 96 1692 1068
0 684 588 1944
84 936 588 1944
3024 1488 3540 1920
1956 864 2628 1848
2460 564 4080 1848
4512 0 6000 1128
3516 1992 4236 2652
4572 0 6000 876
4572 0 5328 240
84 1224 588 1944
4512 12 5880 1128
2484 564 4080 1332
0 2496 2088 3996
1572 0 4440 1008
168 96 1692 1068
1572 0 2928 1008
4800 2436 5352 2952
4800 2436 5352 2892
2688 816 4344 2400
3768 816 4344 1920
0 1848 1140 3132
660 2400 1140 2964
480 780 2148 1848
2688 888 4212 2400
84 1224 588 1896
4092 48 5688 1380
1044 3564 2088 3996
3240 1488 4212 2400
2460 1080 3120 1848
2652 564 4080 1332
828 1932 2604 3720
1296 864 2148 1800
2652 564 3912 1332
3240 1488 4104 2400
0 1848 1008 3132
4812 0 6000 876
2460 1080 2928 1836
828 2340 1776 3720
2688 888 3828 1776
96 3564 1188 3996
2460 888 2772 1392
3900 2472 4548 2808
1236 804 6000 3996
2304 1452 2856 1920
4344 0 6000 2988
4344 0 6000 1956
0 0 4956 3996
4956 852 6000 2988
4956 1260 6000 2988
4836 912 5868 1956
3948 444 4332 864
4956 2064 5796 2988
0 2268 1200 3996
4344 0 6000 1104
0 0 4296 2472
216 108 924 1308
3000 2208 4596 3276
3060 2208 4596 3276
3456 2568 4056 3096
2388 0 4608 768
2388 0 4524 768
2688 0 4524 768
660 2664 936 3072
0 0 4296 2460
4836 912 5844 1908
4512 0 6000 1104
216 108 924 1092
0 0 4248 2460
0 360 4956 3996
948 360 4956 2808
216 108 924 972
1584 432 2676 1404
0 552 1788 3996
0 1860 1788 3996
0 0 4248 2400
0 552 816 2220
948 1308 3624 2808
948 1308 3528 2808
96 936 456 1368
1524 1308 3528 2796
0 0 1932 2016
444 108 1932 2016
984 0 4248 2400
264 720 1380 2376
3444 360 4956 2532
3444 540 4272 984
1644 1704 2088 2148
948 1764 1800 2808
948 1764 1752 2808
1584 432 2676 1248
1584 504 2676 1248
1584 504 2556 1248
1812 504 2556 1248
948 468 2172 1788
1536 996 2172 1788
3576 360 4956 2532
3576 1332 4368 2532
0 552 588 2220
4836 912 5784 1236
3456 2628 4056 3096
2664 1428 3600 1944
2664 1428 3228 1944
984 0 2952 672
2448 576 4248 2400
3972 360 4956 1524
948 1764 1644 2808
1176 2208 1644 2808
1524 1308 3456 2796
3576 1584 4344 2532
3696 1584 4344 2460
0 1296 588 2220
0 552 360 1848
804 1716 1140 2376
3192 2208 4596 3096
1524 2016 2208 2532
0 1860 1140 2856
264 720 1380 1848
216 108 744 756
2268 576 2676 984
984 0 2940 648
2448 576 3684 1812
3816 1584 4344 2088
3192 816 4248 2400
3384 816 4248 1764
816 2292 1788 3996
3564 3720 3996 3996
0 3648 288 3900
3552 3528 3996 3840
996 3456 1344 3996
732 3072 1212 3888
4080 2976 4500 3516
3048 2964 3408 3612
3060 2904 3336 3276
348 2856 624 3096
3816 2796 4056 3096
3000 2664 3336 3144
3060 2640 3804 3312
3456 2628 4020 2976
3192 2604 3708 3096
5136 2544 5532 2856
4860 2532 5424 2928
3204 2496 3516 2736
3264 2424 3624 2664
5424 2412 5712 2748
4956 2388 5664 2988
3900 2340 4560 2592
816 2292 1788 3720
3516 2208 4596 2652
1560 2208 1824 2532
1176 2208 1644 2616
1068 2196 1332 2472
864 2160 1164 2520
852 2112 1140 2376
492 2100 1140 2856
5556 2064 5796 2508
1008 2028 1248 2280
1524 2016 2208 2412
3312 2004 3648 2460
3696 1992 4188 2460
1740 1860 2088 2148
0 1860 888 2604
0 1848 420 2220
3816 1812 4260 2088
4896 1800 5592 2544
3024 1800 3420 2268
948 1764 1488 2364
804 1716 1116 2124
1644 1704 1968 1980
3612 1680 3876 1932
396 1668 816 2016
4092 1584 4344 1944
3084 1488 3600 1836
2304 1452 2628 1860
3192 1440 4152 2400
3468 1428 3792 1692
2664 1428 3204 1848
2448 1416 2988 1812
468 1320 792 1824
1848 1308 3456 2796
0 1296 588 1944
1344 1236 1704 1476
60 1224 300 1644
4176 1128 4608 1524
5556 1092 5844 1908
348 1092 1380 1848
1992 1020 2316 1392
1620 996 2172 1788
3384 984 3900 1368
480 936 744 1308
96 936 336 1344
1908 924 2328 1248
4968 912 5784 1236
2208 876 2532 1404
3672 816 4248 1764
1716 768 2124 1080
612 768 1932 2016
5376 732 5880 1104
468 732 924 972
264 720 648 1188
1524 708 1872 1080
2268 684 2604 984
3444 624 4020 984
2448 576 3684 1764
1584 552 1872 804
0 552 360 1008
3804 540 4272 912
1812 504 2556 1092
1248 492 1644 732
948 468 1728 1092
3948 444 4236 744
2796 408 3456 672
216 372 744 756
3972 360 4956 1284
4272 132 4608 480
444 108 1596 864
372 108 684 504
984 48 1992 612
720 12 1128 264
4512 0 6000 1092
4344 0 4740 564
2388 0 2976 288
1572 0 2940 648
0 0 792 732
0 360 6000 3996
0 0 6000 1284
0 360 4608 3996
612 432 4608 3612
612 432 4608 3144
4836 852 6000 2988
0 360 1788 3996
4272 0 4740 564
3048 2568 4284 3612
4860 852 6000 2988
3060 2568 4284 3312
3456 2568 4284 3096
804 1800 1140 2376
612 432 2772 2808
1524 576 4608 3144
612 432 2676 2808
4860 1800 5796 2988
4860 1800 5664 2988
4896 1800 5664 2988
3804 444 4332 912
3264 2364 3816 2664
3456 2628 4284 3096
612 432 2676 2616
720 0 1332 264
4068 1092 4608 1632
4152 1128 4608 1632
1524 576 4596 3144
612 468 2676 2616
1248 492 1872 1080
5748 852 6000 2532
2448 576 4596 2808
0 552 1380 2220
0 0 3456 972
1524 1308 3708 3144
3000 2496 3708 3144
1992 576 2676 1524
264 720 744 1308
0 0 2940 972
3084 1260 3876 1836
3468 1260 3876 1692
612 468 2556 2616
96 936 480 1368
1524 1308 3648 2796
3024 1800 3648 2472
3300 2004 3648 2472
2208 576 2676 1524
2652 408 3456 672
2508 1428 3204 1848
3000 2604 3708 3144
2688 0 6000 1284
804 1716 1644 2616
3516 1584 4596 2808
804 1716 1248 2280
3516 1584 4596 2652
612 468 2556 2016
948 1764 1644 2616
2208 876 2628 1524
816 2160 1788 3996
0 0 924 972
3552 3528 3996 3996
2688 0 4956 1284
1584 504 2556 1788
216 372 924 972
1716 504 2556 1248
0 1860 1200 3996
816 2160 1788 3720
444 0 2940 864
612 468 1932 2016
0 1224 588 2220
2688 0 4524 984
2088 2100 2496 2508
1212 2964 1788 3420
5448 1680 6000 3048
3732 156 4308 864
1740 600 2484 1500
2028 900 2484 1500
4860 0 6000 876
0 744 1032 1572
4596 0 5268 324
3492 2628 4464 3168
4260 2532 5568 3240
1932 0 3780 432
1932 96 2424 432
3492 2688 4284 3168
552 1548 948 2100
4260 2688 5184 3240
4512 2688 5184 3144
1176 1296 1584 1800
1176 1392 1584 1800
2256 0 3780 372
2256 0 3660 372
2256 0 3588 252
3048 1188 4308 2316
144 0 1164 384
492 2640 888 3312
0 1068 6000 3996
552 108 1164 384
2136 1428 2448 1860
5532 1680 6000 3048
0 0 6000 3252
2868 2328 4908 3252
3216 2328 4908 3156
0 0 6000 3192
1872 624 3624 1512
1872 624 2616 1224
0 744 744 1572
1740 600 2268 1260
4860 252 5760 876
144 0 1104 240
168 744 744 1572
0 3600 432 3996
552 0 6000 3192
3132 3204 3708 3996
3216 2388 4536 3156
3060 0 4800 888
5148 2400 5628 3060
5160 2472 5628 3060
4260 0 6000 2304
2868 2616 3732 3252
1956 2844 3060 3648
2580 876 3624 1512
2628 972 3624 1512
2892 972 3624 1512
0 0 1728 1548
0 0 1644 1548
552 0 5832 3192
3132 2616 3732 3120
4860 372 5760 876
3048 1488 4308 2316
912 2172 1812 2820
912 2172 1536 2820
3060 0 4728 828
552 1548 948 2004
0 0 1284 804
0 36 1284 804
0 36 456 744
3132 3528 3672 3996
0 0 732 504
4260 0 6000 1248
4872 0 5580 468
912 2244 1536 2820
2400 3048 3060 3492
3048 1488 4140 2316
3804 1800 4308 2316
5148 1212 5856 2124
5604 1032 5916 2304
492 444 1644 1548
1152 60 1728 432
1152 60 1704 372
3108 2760 6000 3996
3060 0 4728 816
3468 0 4728 816
3780 0 4728 816
552 0 3564 2304
5160 372 5760 876
3564 2388 4536 2760
3204 972 3624 1356
3780 0 4524 696
5004 0 5580 468
0 1068 3312 3996
552 0 3564 2256
5244 1212 5856 2124
4440 0 6000 1248
5532 372 6000 996
0 1944 3312 3996
1752 1944 3180 3060
0 1068 1044 2592
3324 2760 6000 3996
0 1224 1044 2592
0 1224 768 2592
1968 1560 2412 2304
0 1716 660 2592
2556 1380 3564 1956
2556 1380 3564 1812
3480 1488 4140 2208
552 0 3048 2256
552 0 2628 2256
2316 48 5832 3192
2388 48 3672 780
2544 528 3672 780
492 444 1308 1548
4524 3180 5064 3828
3372 3588 3984 3996
2388 48 3324 624
5004 0 5580 336
804 1560 1896 2256
552 0 2628 2196
1836 1032 2628 1788
4380 2760 6000 3996
4560 2760 6000 3996
4764 2760 6000 3996
4860 2760 6000 3996
2316 408 5832 3192
2316 1440 5688 3192
2376 1824 5688 3192
4416 1824 5316 2220
4416 1872 5088 2220
2388 48 3324 384
3048 1668 3696 2316
2556 1380 3264 1812
912 2172 1260 2556
5532 372 6000 864
3324 2952 4668 3744
1752 1944 3180 2844
1752 2244 2712 2844
2292 2280 2712 2844
552 0 2364 2196
1020 0 2364 2196
1644 0 2364 480
2208 180 2760 480
0 2004 3312 3996
1584 3204 3312 3996
1992 3204 3312 3996
2376 3204 3312 3996
2376 3204 3240 3996
2700 3204 3240 3888
2448 408 5832 2064
0 2004 2208 3996
912 2364 1536 2820
552 0 1752 252
3936 1128 4548 1656
552 0 1332 252
3936 408 5832 2064
804 1560 1440 2124
804 1560 1440 2100
2316 1440 3312 2304
4008 408 5832 2064
4440 0 5844 1248
60 2952 840 3996
60 3300 840 3996
2472 1476 3312 2304
0 1716 624 2400
0 1716 612 2400
3936 1164 4548 1656
2448 624 4164 1644
1896 492 2628 828
2448 624 4164 1560
2448 624 4164 1404
0 2172 2208 3996
0 2172 1320 3720
0 2172 1140 2928
0 2172 1008 2844
120 2172 1008 2844
120 2316 1008 2844
3816 3396 4644 3996
3840 72 4524 696
948 2364 2208 3996
1080 2364 2208 3996
1092 2364 2208 3768
1380 2364 2208 3648
1380 2364 2208 3396
1380 2364 2208 3156
1464 2364 2208 3156
1764 2832 2208 3156
2376 1872 5688 3192
3480 1872 5688 2868
3480 1920 4920 2532
2700 3396 3240 3888
2676 1764 3312 2304
4008 672 5832 2064
4164 672 5832 1824
4272 672 5832 1824
4272 672 5244 1824
4272 672 4668 1236
2448 624 4164 1176
2676 1860 3312 2304
1020 264 2148 2196
1488 1644 2076 2196
1608 1716 2076 2196
4440 0 5844 1128
4440 0 5064 744
4164 1920 4920 2376
4392 408 5592 1332
2376 2004 3612 3192
2568 2004 3612 3192
2796 2004 3612 3084
2376 3456 2976 3996
4992 2760 5460 3228
492 444 1308 1488
4680 3276 5064 3828
4440 1080 5244 1824
4008 1596 4608 2064
4392 408 5592 1236
4392 408 5520 1236
0 1224 768 1884
312 3420 840 3996
756 2808 1320 3720
2580 876 2952 1344
3324 2952 4668 3468
3696 2964 4668 3468
3852 2976 4668 3468
3852 2976 4500 3468
1020 264 2148 1740
3480 1488 4140 1884
1020 528 2148 1740
3108 1128 3852 1560
4704 1080 5832 1740
2700 624 4164 1176
2904 624 4164 1176
3192 720 4164 1176
3192 720 4164 1068
3564 3588 3984 3996
1020 528 2148 1620
1020 528 1872 1128
2748 1476 3264 1812
4860 2856 6000 3996
4464 1284 5244 1824
4968 1080 5832 1740
4476 1872 5688 2868
4008 1596 4536 2064
1620 3120 2112 3648
2676 1860 3192 2304
4440 0 5028 636
2832 2004 3612 2940
1992 3240 2616 3996
3516 3264 4164 3744
1092 3168 1764 3768
5232 3012 5676 3432
4476 2484 5292 2868
4884 612 5844 1128
4764 1872 5688 2568
4932 1872 5688 2568
492 444 1080 1080
2328 1944 3180 2520
1464 2364 2052 3120
1992 3504 2484 3996
240 2952 768 3456
4860 2928 6000 3996
5220 2928 5868 3708
0 1416 768 1884
4860 3504 6000 3996
5172 3504 6000 3996
4380 3756 4620 3996
888 3744 1200 3996
4104 3732 4440 3996
1992 3732 2424 3996
2376 3696 2976 3996
4560 3684 4860 3996
5172 3672 5748 3996
3012 3660 3312 3996
1080 3636 1692 3996
2868 3612 3120 3888
4896 3600 5184 3888
0 3600 360 3996
336 3588 792 3996
1356 3576 1608 3816
4704 3552 4956 3828
3132 3552 3672 3996
588 3552 1152 3996
5544 3504 6000 3912
4860 3504 5364 3996
2040 3504 2484 3768
1584 3504 2148 3996
4116 3492 4500 3732
3816 3456 4404 3996
2376 3456 2880 3876
0 3432 360 3864
312 3420 840 3684
5124 3408 5604 3780
4128 3396 4644 3864
3516 3396 3948 3744
2700 3396 3240 3696
5220 3360 5772 3708
1392 3360 1764 3768
1632 3312 2112 3648
60 3300 576 3564
4680 3276 5064 3600
3636 3264 4164 3588
4452 3252 4860 3816
2280 3240 2616 3564
3288 3204 3708 3708
2820 3204 3168 3480
576 3180 816 3492
5040 3168 5352 3444
1092 3168 1452 3564
756 3168 1320 3720
5736 3132 6000 3456
1620 3120 2028 3528
3108 3108 3360 3588
2700 3108 3060 3384
4896 3096 5160 3384
2400 3048 2952 3492
1968 3048 2208 3396
3852 3036 4308 3468
5328 3012 5676 3276
1212 3000 1632 3300
948 3000 1260 3360
2868 2988 3228 3252
4104 2976 4500 3444
3696 2964 4164 3444
1716 2964 1968 3336
1428 2964 1788 3420
3324 2952 3828 3360
360 2952 768 3348
5496 2928 5868 3564
4260 2892 4740 3240
0 2868 528 3552
5748 2856 6000 3192
1956 2844 2472 3648
1764 2832 2028 3156
96 2832 492 3168
828 2808 1176 3204
5136 2760 5460 3228
2796 2760 3216 3084
2568 2760 2928 3192
4140 2736 4548 3060
3132 2724 3528 3120
1476 2712 1920 3120
4512 2700 5184 3144
3216 2700 3768 3156
3888 2688 4284 3096
3492 2688 4032 3168
1068 2688 1560 3084
168 2676 624 2976
2376 2652 2844 3108
492 2640 888 3060
2292 2568 2544 2844
1980 2556 2424 2952
5124 2532 5568 2880
4968 2532 5292 2868
4308 2532 4596 2916
5448 2520 5784 2832
3960 2520 4356 2796
2832 2520 3384 2940
816 2520 1140 2928
5280 2496 5628 3060
0 2496 264 2916
4476 2484 5076 2820
3564 2472 4188 2760
120 2436 432 2772
2892 2376 3168 2628
2508 2376 2928 2856
1464 2364 2052 2784
1092 2364 1536 2820
4416 2328 4908 2580
324 2316 1008 2844
2292 2280 2712 2652
0 2280 336 2580
4680 2268 5040 2592
1752 2244 2340 2676
1188 2244 1476 2556
5532 2232 6000 3048
2100 2232 2448 2508
1368 2232 1812 2592
360 2232 660 2592
5544 2184 5796 2556
912 2184 1152 2556
5148 2172 5568 2532
