0 0 3263 2448
1586 1638 2395 2082
1214 1769 1468 1945
855 1729 1103 1893
1096 1599 1279 1847
0 868 496 1064
718 1977 900 2147
1155 678 1579 842
1214 678 1579 842
0 1827 417 2415
1325 1429 1867 1853
1586 1912 2395 2082
1429 1475 1867 1853
0 0 2369 1005
809 1475 985 1684
0 926 809 2075
0 926 698 2075
0 926 698 1964
0 1880 241 2075
1886 0 3263 2448
169 835 509 1005
0 0 2369 998
0 789 3126 2448
2128 1286 2356 1540
1886 0 3263 1697
861 1860 1618 2448
1429 1475 1867 1847
1429 1488 1769 1847
2552 1148 3263 1697
1886 0 3263 1475
2226 78 2428 372
1834 1514 2056 1899
0 509 339 776
0 509 339 718
0 1827 417 2402
1945 0 2369 130
1488 1488 1769 1847
1534 1488 1769 1847
1534 1566 1769 1847
1560 1612 1769 1847
0 0 2343 998
1201 594 2154 881
1201 626 1749 881
1201 626 1579 757
359 789 3126 2448
1919 1547 3263 2448
1919 1566 3263 2448
0 626 195 900
0 2193 208 2415
979 1860 1207 2160
1246 1736 3126 2448
1292 1736 3126 2448
1292 2278 1560 2448
359 789 2931 2102
0 1501 1096 2448
1423 1736 3126 2448
0 0 2343 861
2389 0 3263 1475
0 143 946 691
0 215 946 691
0 215 946 633
861 2049 1618 2448
2474 2193 2996 2448
97 287 1344 861
287 613 1442 998
1579 594 2154 874
1840 594 2154 848
1886 0 2735 1429
2160 522 2369 815
0 0 2343 718
0 0 2310 718
404 0 2310 718
1220 235 2245 718
1357 235 2245 718
1377 235 2245 718
1194 0 2343 189
404 0 2310 502
195 287 1344 861
979 1651 1377 2082
359 868 1135 1645
1377 235 2245 613
2297 913 2611 1462
561 789 2931 2102
1090 1051 1383 1403
1090 1135 1338 1403
0 0 1253 202
0 1723 1096 2448
0 1723 1005 2448
2389 0 3263 1455
2754 398 3113 672
2891 398 3113 672
1592 45 2343 189
2591 1488 2931 1651
1246 1991 2323 2173
404 0 2310 456
1403 110 2310 430
2846 1142 3263 1455
1873 1736 3126 2448
3022 1246 3179 1455
404 0 1716 456
1129 0 1494 163
561 789 2643 2102
561 1031 2643 2102
0 215 946 613
2030 2291 2304 2448
561 1109 1873 2102
561 1109 1873 2082
2891 443 3113 672
339 287 1344 750
2389 0 3263 1240
2683 0 3263 1240
2683 0 3263 633
2683 0 3263 509
2774 0 3263 509
2820 32 3263 509
2885 32 3263 509
1390 1031 2643 1749
1377 235 2245 574
1775 130 2310 430
0 0 1148 202
894 940 1090 1122
2389 580 2891 1214
2389 580 2865 1214
2408 580 2865 1214
1377 235 2128 574
2108 0 2369 130
1390 1031 2558 1749
672 208 1305 554
1423 2049 2030 2448
404 52 1716 456
561 1338 1188 1925
3107 1645 3263 1932
1906 0 2735 1429
1906 718 2356 1429
1553 476 2088 718
1553 476 2088 685
561 1560 1188 1925
0 0 1057 202
1377 254 2128 574
1527 254 2128 574
1579 652 2010 874
985 789 2082 1201
985 848 1383 1201
985 848 1338 1201
985 848 1325 1201
261 1501 548 1769
287 613 1240 998
287 613 1240 894
607 613 1240 842
607 613 1044 835
1716 476 2088 626
404 52 1716 398
404 52 1716 385
2226 0 2735 1044
2226 0 2735 554
1390 1031 2448 1618
672 208 1305 489
1390 1031 2291 1618
2173 1736 3126 2448
2173 2017 2937 2448
979 1109 1873 2082
979 1142 1873 2082
1318 1142 1873 1449
1403 1142 1873 1449
1403 1142 1690 1449
2839 587 3263 1240
1873 2056 2408 2448
502 287 972 528
1390 1031 2291 1566
1390 1031 1840 1279
711 1893 1011 2102
339 496 1344 750
2323 319 2676 1044
2323 319 2591 1044
2323 319 2591 855
2448 398 2591 855
2212 1795 2624 1971
2500 1579 3263 2448
2552 1579 3263 2448
2552 1579 3179 1932
1547 1129 2291 1566
1547 1240 2291 1566
2702 1736 3126 2219
0 0 913 202
1214 1109 1449 1475
1246 1991 2199 2173
548 71 1716 385
1919 1566 2611 1984
2918 1860 3263 2448
926 2049 1618 2448
1906 1090 2337 1429
2317 2017 2937 2448
1873 2056 2252 2448
1514 2180 2030 2448
698 750 1188 998
359 900 1135 1645
2356 2017 2937 2448
2356 2088 2761 2448
2356 2173 2761 2448
979 1181 1723 2082
2983 1860 3263 2206
287 705 678 894
0 215 626 483
1919 1566 2389 1984
450 398 946 613
979 1181 1723 2056
979 1181 1318 1579
979 1181 1318 1573
554 71 1716 274
1037 71 1716 274
1775 1240 2291 1566
1834 1240 2291 1521
339 600 913 750
2552 1579 3133 1847
2820 1579 3133 1847
926 2049 1181 2448
208 1723 1005 2395
1129 1383 1723 2056
1514 2219 2030 2448
1775 130 2310 359
1919 1566 2291 1984
2924 2310 3068 2448
2513 2310 2761 2448
228 2310 378 2448
2030 2304 2186 2448
2141 2291 2304 2448
1514 2284 1834 2448
1292 2278 1462 2448
0 2278 163 2415
1188 2252 1436 2421
2350 2239 2500 2448
2643 2232 2996 2448
1286 2226 1547 2389
1814 2219 2030 2448
1919 2212 2082 2448
2474 2193 2728 2323
926 2193 1181 2448
2199 2180 2408 2448
1586 2180 1840 2402
2356 2173 2637 2356
1051 2102 1272 2304
2317 2095 2480 2239
2918 2088 3263 2448
2461 2088 2611 2252
2173 2082 2395 2284
0 2082 881 2448
2833 2075 2963 2291
1122 2069 1618 2350
1873 2056 2252 2369
737 2056 1005 2395
3074 2049 3263 2206
1423 2049 1840 2408
926 2049 1109 2304
2565 2017 2937 2310
1024 2004 1423 2147
1579 1991 2199 2128
1246 1991 1651 2173
979 1984 1168 2160
215 1964 450 2193
861 1938 1096 2141
1586 1932 2382 2082
2219 1912 2395 2043
2343 1899 2676 2108
770 1893 1011 2049
0 1880 228 2030
2983 1860 3263 2095
985 1860 1207 2023
2637 1847 2774 2030
0 1827 417 2350
2989 1795 3179 1932
2212 1795 2461 1971
1214 1782 1468 1945
45 1782 235 1945
2572 1769 2833 1945
685 1742 874 1991
2330 1729 2611 1899
208 1723 783 2317
176 1684 424 1840
1227 1677 1723 2056
2186 1671 2389 1847
2839 1651 3133 1847
1919 1651 2232 1984
1155 1651 1377 2082
1853 1645 2010 1899
2500 1638 2735 1801
1618 1638 1977 1991
2369 1631 2513 1762
261 1625 509 1769
2552 1618 2865 1834
1631 1612 1769 1847
561 1612 985 1925
1148 1599 1279 1795
1971 1579 2128 1742
2062 1566 2291 1873
1488 1566 1625 1710
855 1560 1188 1853
2696 1553 2859 1690
3100 1547 3263 1710
2232 1534 2454 1684
450 1534 763 1775
1834 1514 2056 1710
2911 1507 3055 1638
1429 1501 1605 1677
319 1501 548 1690
2408 1494 2558 1749
2728 1488 2931 1631
2591 1488 2741 1651
515 1481 809 1612
1697 1475 1867 1716
1024 1475 1175 1658
855 1475 985 1631
1912 1429 2180 1618
1325 1429 1756 1599
1775 1410 2036 1566
1018 1410 1201 1579
2402 1403 2643 1651
1129 1383 1534 1729
1083 1364 1318 1573
2095 1357 2291 1507
2865 1344 3263 1697
2865 1344 3009 1488
900 1338 1037 1664
2944 1325 3074 1475
104 1312 280 1547
1547 1286 1893 1475
2467 1266 2611 1423
2297 1266 2480 1462
1403 1259 1690 1449
1318 1246 1462 1423
1214 1246 1377 1475
1834 1240 2108 1521
1906 1201 2082 1383
1664 1201 1873 1357
979 1181 1181 1442
1566 1161 1736 1357
378 1161 620 1325
2552 1148 2957 1553
2846 1142 3263 1390
1429 1142 1664 1331
1090 1135 1338 1318
1305 1109 1449 1299
594 1096 979 1645
2030 1090 2337 1429
1390 1044 1684 1279
1592 1031 1840 1214
1168 1031 1338 1201
1083 1024 1286 1201
1325 992 1547 1201
3100 972 3263 1122
1886 972 2121 1246
2310 913 2611 1312
359 900 1135 1410
985 848 1325 1031
215 835 443 972
2010 822 2193 1070
78 815 352 946
2839 802 3263 1240
1344 789 2082 1135
946 763 1188 972
352 763 678 894
1423 750 1749 881
698 750 1031 998
0 737 195 900
1612 731 2010 874
2102 718 2356 1207
1840 711 2154 848
2898 705 3074 972
2813 705 2989 1103
607 698 959 835
195 691 470 861
966 678 1240 842
2239 646 2369 815
2408 626 2754 946
881 613 1044 744
339 613 646 750
528 600 913 744
3015 587 3263 1031
2448 587 2585 855
2062 587 2239 926
1742 587 1984 770
2741 580 2891 913
2532 580 2865 1214
1331 574 1710 757
1795 567 2082 718
2754 528 2918 672
1553 528 1840 685
2160 522 2297 796
0 509 339 678
1220 502 1410 639
3133 496 3263 633
737 496 1344 718
1886 476 2088 613
3002 463 3179 672
2891 443 3055 600
0 437 137 594
1148 430 1703 561
280 430 757 633
2545 417 2676 724
2017 404 2245 561
2944 398 3100 535
2167 398 2402 672
450 398 946 541
731 385 972 528
933 372 1240 554
58 372 345 528
313 339 535 515
2323 319 2539 809
2950 313 3081 489
1377 306 1677 463
1677 293 1925 424
0 274 306 443
1618 254 2128 574
1527 254 1703 443
2545 221 2735 437
548 215 770 385
672 208 1305 411
248 143 685 313
1919 130 2310 359
2630 117 2996 600
2226 110 2402 372
1403 110 2017 300
554 104 1070 267
3074 91 3263 241
1279 71 1716 254
1592 45 2036 189
2820 39 2996 228
3074 0 3237 130
2774 0 2976 143
2683 0 2878 176
2532 0 2735 189
2226 0 2637 554
1129 0 1396 163
1037 0 1240 137
763 0 1148 130
359 0 913 156
0 0 378 202
0 0 3263 1475
0 567 3263 2448
0 0 2369 1064
2010 0 3263 1475
0 0 2369 1037
0 0 2369 1031
1325 1351 1867 1853
0 900 2395 2448
979 1912 2395 2173
1024 1912 2395 2173
1853 1579 2128 1899
0 900 1220 2448
763 613 1175 744
855 567 3263 2448
1279 208 1605 411
1325 1351 1867 1847
1325 1351 1756 1599
979 1729 1220 1938
861 1148 3263 2448
287 705 881 874
0 900 1207 2448
1279 254 1586 411
1488 1475 1867 1847
881 613 1175 744
189 339 535 567
1886 476 2212 613
2591 496 2735 802
1560 235 1925 424
855 567 2611 2082
2911 1507 3146 1703
2062 580 2395 959
1168 567 2160 1383
0 626 352 946
861 2017 2532 2448
855 1018 2611 2082
855 1338 1037 1664
861 2017 2500 2448
1919 1148 3263 2448
2343 1521 2513 1762
2062 580 2395 926
2062 587 2369 926
2891 1795 3179 1932
763 71 1383 221
1534 1475 1867 1847
13 587 489 776
2820 1991 2963 2291
926 2017 2500 2448
78 731 352 946
900 1018 2611 2082
1018 1364 1318 1586
2128 1455 2291 1605
0 0 2369 574
2944 1246 3159 1475
1742 567 2088 770
1194 0 2186 156
3133 404 3263 633
1148 1599 1377 2082
1024 1991 2199 2173
959 261 1690 496
176 1481 809 1840
261 1481 809 1775
450 1481 809 1775
1168 600 2160 1383
2010 0 3263 1390
2310 0 3263 1390
2754 313 3113 672
2010 0 2735 1207
900 1018 2611 2056
2232 1266 2611 1749
2232 1266 2611 1684
2297 1266 2611 1462
2297 1266 2552 1462
2212 1638 2833 2030
959 280 1690 496
1840 600 2160 920
0 208 2010 1031
900 1018 2337 2056
1618 1514 2056 1991
1742 587 2088 770
1018 1364 1318 1579
926 2017 2480 2448
1168 789 2121 1383
1175 789 2121 1383
1175 789 2121 1246
2545 169 2735 437
1175 946 1547 1201
19 587 489 718
0 274 385 678
1840 600 2160 848
2552 1148 3263 1932
2552 1148 3263 1710
2102 0 2735 1207
0 319 385 678
195 208 2010 1031
672 208 2010 1031
1201 502 1991 757
1357 522 1991 685
2160 0 2735 1044
195 398 1011 972
280 398 946 633
2232 1423 2454 1684
2754 443 3113 672
2754 443 3055 672
900 1018 1449 1475
900 1018 1338 1468
900 1018 1338 1442
900 1018 1338 1318
900 1018 1286 1201
1344 789 2121 1246
195 600 1011 972
195 600 913 972
195 600 913 861
1553 528 1991 685
0 1560 1207 2448
208 1560 1207 2395
685 1742 1207 2049
770 1860 1207 2049
607 698 1011 848
1964 2017 2480 2284
1951 0 2369 169
926 2049 2408 2448
959 280 1403 456
1201 502 1579 757
2683 0 2996 228
1024 1090 2337 2056
1024 1246 1723 2056
2160 0 2735 809
2728 1488 3061 1703
1044 1122 1338 1318
2226 0 2735 809
2506 398 2676 724
1390 1031 1984 1279
0 0 2310 574
1377 45 2310 574
1403 45 2310 359
698 496 2010 1031
215 763 678 972
1377 254 2245 574
1527 254 2245 574
2160 398 2402 796
1429 1090 2337 1618
1547 1090 2337 1618
1155 678 1442 815
2310 626 2754 1312
2212 1638 2833 1971
2212 1769 2833 1971
2408 1769 2833 1964
1514 2056 2408 2448
1514 2075 2030 2448
2532 0 3263 1390
2885 0 3263 672
1919 1403 3263 2448
1547 1240 2291 1618
1403 110 2310 359
926 2049 1840 2448
926 2193 1233 2448
2885 32 3263 672
737 496 2010 894
280 430 815 633
2343 1651 3263 2448
1964 2017 2395 2284
1586 2075 1919 2402
0 0 1716 483
404 0 1716 274
2774 0 2996 228
698 750 1325 1031
946 763 1325 1031
3074 0 3263 241
2310 874 2611 1312
554 0 1716 274
763 0 1396 163
966 574 2010 894
1168 574 2010 894
1331 574 2010 881
1331 574 1834 763
1037 0 1396 163
1129 1246 1723 2056
0 0 913 483
1547 1240 2180 1618
0 900 1135 1964
1919 1403 2865 1984
2402 1403 2865 1834
0 1827 881 2448
2532 117 3263 1390
2839 587 3263 1390
1129 1246 1534 1729
1051 2049 1840 2408
1051 2069 1618 2350
2532 117 2996 1214
2741 580 2989 1103
1547 1240 2108 1521
2343 1736 3263 2448
2343 1899 2937 2356
2356 2017 2937 2356
2461 2017 2937 2310
1423 731 2010 881
672 208 1703 561
933 372 1703 561
0 372 345 678
1618 254 2245 574
2839 802 3263 1390
2513 1736 3263 2448
208 1560 1188 2395
208 1723 1096 2395
2643 1736 3263 2448
2702 1736 3263 2448
554 104 1383 274
737 1938 1096 2395
248 0 913 313
2226 0 2637 809
0 1827 378 2402
58 2115 404 2350
861 2291 1005 2448
1449 1521 2395 2082
1449 1912 2395 2082
2709 1886 2924 2108
1840 0 3263 1671
78 815 509 1024
78 815 417 1024
1181 2252 1462 2448
678 1977 900 2167
1214 2252 1462 2415
2167 0 3263 1671
2839 2082 3263 2448
1351 1468 1867 1906
1840 1514 1991 1899
143 1684 430 2160
143 1684 417 1899
1351 1468 1867 1860
1703 1494 1867 1860
0 620 3263 2448
0 0 2376 1037
0 0 2376 1018
2134 1423 2532 1749
2232 1423 2532 1749
1351 1468 1769 1834
1214 600 1501 744
1429 1468 1769 1834
2852 2088 3263 2448
0 0 2376 195
1488 1227 1723 1357
0 39 2310 1018
2167 0 3263 1494
0 0 2343 195
1188 235 2239 613
1188 235 2239 587
1253 235 2239 587
1429 1507 1769 1834
0 287 1344 861
1840 600 2199 868
1429 1507 1658 1834
711 620 3263 2448
195 287 1344 757
1390 620 3146 1749
319 0 2343 195
0 868 1383 2448
195 378 1344 757
339 378 1344 750
509 287 953 502
1612 620 2434 1403
1814 620 2434 1403
1906 620 2434 1403
450 1488 809 1775
0 868 1018 1964
1612 705 2082 992
1390 966 3146 1749
2591 1488 3146 1697
2637 0 3263 1494
2637 0 3263 1475
2167 0 3107 1116
1612 705 2010 874
1814 972 2232 1292
1814 972 2128 1201
966 248 1240 398
1429 1599 1658 1834
2323 705 3263 1671
2167 0 3009 1116
0 940 1383 2448
398 0 2343 195
711 789 3263 2448
711 1860 1240 2448
3107 1684 3263 1938
763 0 2343 195
907 0 2343 189
1018 789 3263 2448
1037 1547 3263 2448
1037 1847 2996 2448
1122 1847 2996 2448
1390 966 2722 1749
2317 1390 2722 1749
339 378 1344 744
2741 391 3107 913
1018 789 2082 2082
1018 887 1808 2082
1168 887 1547 1096
1122 2062 1625 2356
1246 1847 2996 2448
1246 2004 2996 2448
1246 2004 2408 2448
1390 966 2611 1684
1390 1031 2356 1684
1390 1031 2291 1684
1547 1181 2291 1684
2741 430 3107 913
2741 430 2944 913
2754 430 2944 600
0 940 1377 2448
541 940 1377 2082
744 1847 1201 1991
1429 235 2239 587
1429 235 2239 574
1429 235 2239 548
1018 1064 1808 2082
450 1501 802 1775
1880 2056 2408 2448
1880 2062 2408 2448
907 0 1801 182
907 0 1233 182
2258 966 2611 1547
1246 2004 2323 2448
1292 2049 2180 2448
2167 0 3009 913
2167 0 2767 913
2239 0 2767 913
2258 1168 2611 1547
1919 1547 3263 2219
1396 110 2310 437
2317 1462 2722 1749
2317 1560 2545 1749
711 1860 1207 2284
940 1860 1207 2284
2363 2017 2996 2448
2454 2017 2996 2448
2454 2095 2754 2448
2493 2180 2754 2448
0 1723 979 2448
1188 2062 1625 2356
0 39 2082 1018
84 398 2082 1018
0 39 1631 744
0 84 1631 744
84 502 2082 1018
1880 2062 2271 2428
1018 1064 1808 2056
1919 1566 3263 2219
1775 137 2310 437
1370 2049 2180 2448
1455 2049 2180 2448
1455 2075 2180 2448
1455 2075 1984 2448
1547 1240 2291 1684
1893 2304 2180 2448
470 84 1631 554
84 528 2082 1018
84 574 1821 1018
84 678 1671 1018
698 678 1671 1018
2402 221 2767 913
84 763 874 998
757 1893 1011 2049
1808 2075 1984 2448
1455 2128 1834 2448
470 84 1122 339
352 763 874 940
541 1011 1377 2082
541 1011 1338 1964
829 1011 1338 1684
829 1011 1338 1612
829 1312 1135 1612
1880 2062 2258 2395
900 1011 1338 1390
1547 1240 2226 1618
1573 2049 1906 2402
1775 137 2310 352
1547 1240 2062 1534
1390 1031 1925 1279
1018 1064 1808 1579
1090 1064 1808 1573
1214 1064 1808 1390
1214 1064 1638 1390
1305 1064 1638 1390
0 117 940 744
58 117 685 548
1246 2004 2323 2258
2774 1573 3263 2219
1919 1566 2865 2108
1919 1566 2833 2108
1997 2304 2180 2448
1292 2297 1625 2448
2141 2291 2271 2428
796 2291 992 2448
2513 2278 2715 2448
1286 2252 1462 2389
1214 2252 1449 2415
1370 2226 1547 2376
1814 2212 1984 2448
1880 2193 2036 2395
2493 2180 2754 2330
2186 2180 2408 2448
691 2173 829 2337
1729 2160 1906 2402
1631 2154 1788 2402
58 2154 254 2350
1455 2128 1671 2376
933 2115 1240 2448
1122 2102 1318 2350
2454 2095 2611 2252
2363 2095 2558 2448
1188 2095 1592 2356
1886 2062 2258 2369
1886 2056 2075 2199
1573 2049 1840 2278
718 2036 848 2167
2552 2017 2996 2448
1579 2010 2323 2258
1246 2004 1651 2173
678 1977 900 2128
2767 1964 2924 2095
940 1951 1168 2284
2839 1932 2970 2134
2154 1912 2395 2082
861 1893 1011 2049
757 1893 894 2030
2709 1886 2898 2108
0 1867 235 2030
248 1860 430 2160
744 1853 1018 1991
2774 1795 3263 2219
1214 1788 1396 1945
1612 1756 1782 1906
143 1736 332 1899
1638 1690 1769 1834
3107 1684 3263 1880
176 1684 417 1840
2820 1671 3022 1840
1253 1664 1416 1827
1919 1651 2128 1860
2193 1631 2833 2108
1840 1625 1984 1899
2480 1618 2865 1834
1429 1599 1638 1782
1096 1599 1377 2082
2820 1573 3218 1847
1919 1566 2428 1984
1919 1534 2049 1684
985 1527 1142 1684
2232 1521 2454 1749
1618 1521 2010 1984
541 1521 1188 1964
1847 1514 1991 1677
1566 1514 1710 1697
2878 1507 3146 1697
1488 1507 1645 1716
1429 1494 1618 1625
2591 1488 2996 1651
195 1481 757 1769
1638 1475 1821 1742
1618 1468 1756 1671
2467 1462 2722 1664
1912 1429 2226 1618
2402 1423 2532 1566
855 1423 1005 1664
1018 1416 1175 1579
2121 1410 2304 1566
1318 1403 1742 1560
2565 1390 2872 1553
1240 1383 1742 2056
1090 1377 1272 1573
2846 1338 3263 1671
1775 1338 2062 1534
3042 1318 3205 1494
2226 1318 2356 1462
1005 1312 1135 1612
829 1312 1037 1534
1233 1299 1383 1481
0 1279 300 1475
1214 1246 1383 1383
1547 1240 1912 1475
1592 1227 1723 1357
1547 1207 1808 1383
1723 1201 1873 1331
985 1188 1188 1325
1867 1181 1997 1390
2310 1168 2611 1449
1390 1142 1638 1390
1090 1135 1338 1390
594 1096 763 1240
1305 1064 1501 1351
1605 1031 1925 1240
1057 1024 1338 1207
900 1011 1175 1253
1951 972 2128 1201
2467 926 2650 1057
1168 887 1416 1051
359 874 509 1011
1788 842 2082 992
698 835 1031 998
84 829 489 998
1331 789 2082 1142
352 763 776 940
802 750 940 900
97 718 470 861
2323 705 2983 1494
933 678 1671 1018
1840 646 2147 809
2389 626 2754 1116
2004 620 2434 1403
339 613 646 744
1964 600 2199 868
1214 600 1455 744
1331 574 1821 776
1514 528 2082 737
1194 502 1410 633
2545 489 2689 848
1886 476 2193 665
2167 470 2402 894
796 450 953 587
2813 443 3107 691
3133 404 3263 626
1468 398 1710 561
0 398 940 744
2950 391 3094 528
528 378 1344 718
2402 372 2669 913
2167 345 2297 502
1148 319 1475 463
1977 300 2291 437
1671 254 2239 548
58 248 626 548
1429 235 1782 443
2545 221 2767 450
0 215 391 424
470 195 770 339
1919 143 2310 352
613 143 1631 554
1775 137 1984 300
2186 130 2395 345
235 117 685 313
1396 110 1919 287
561 84 1122 274
1201 71 1658 241
763 65 1051 195
3074 0 3263 143
2539 0 3009 208
2239 0 2676 770
1129 0 1801 156
398 0 998 130
319 0 515 156
0 0 365 176
0 789 3263 2448
0 0 3263 1494
1932 0 3263 1494
0 626 208 776
0 789 2395 2448
1455 1168 3263 2448
731 372 979 502
2004 0 3263 1494
0 1279 300 1494
613 1873 750 2010
1429 1468 1867 1906
1612 1560 1821 1906
2676 1553 2859 1697
541 496 953 678
548 750 940 900
