0 0 2448 3263
143 0 293 829
1024 0 1286 776
306 235 1051 1090
306 235 1051 1031
306 313 561 1031
1527 293 2448 489
1024 0 1175 776
2147 809 2448 972
2245 809 2448 966
1299 0 1618 385
2193 3094 2448 3263
1599 293 2363 450
0 2402 319 2833
0 2441 313 2833
2199 0 2448 443
1070 1749 1769 2069
0 0 1044 1103
385 0 1044 352
0 0 424 1103
0 0 424 1037
208 0 424 1037
208 0 398 1037
372 894 2102 2454
1272 1168 2102 2095
430 345 1057 672
430 345 1057 652
430 345 1057 633
430 0 1044 352
430 0 966 332
783 0 966 332
0 0 300 855
1103 0 2382 437
1312 0 2382 437
1410 0 2382 437
1410 0 2206 437
372 894 2082 2454
0 417 2448 3263
1782 1018 2448 1625
1782 1037 2448 1625
1782 1037 2448 1605
430 345 1057 613
430 0 802 332
0 2480 770 3263
502 783 1808 1181
1312 0 1468 365
1103 0 1534 437
0 110 300 855
0 110 143 750
1083 1814 1344 2049
1227 1370 1697 1880
1325 1370 1697 1795
1325 1370 1697 1716
1880 0 2186 267
450 235 1051 463
0 319 300 855
1880 0 2075 228
372 894 2082 2284
1912 0 2075 195
0 417 2448 1605
0 966 1625 1605
463 417 2448 1292
0 1240 2448 3263
1742 900 2167 1292
430 0 776 293
783 894 2082 1964
2199 0 2402 228
91 946 352 1103
398 1808 1181 2454
463 417 2448 1148
1103 417 2448 1031
1214 920 2075 1801
1886 470 2265 691
1971 470 2265 607
2075 470 2265 607
1103 430 2448 1031
398 1808 1096 2454
456 1240 2448 3263
0 1351 1233 3146
0 1357 1233 3146
737 2088 946 2304
802 2088 946 2278
398 2219 659 2454
0 1357 1233 2957
0 2226 548 2957
195 2226 548 2624
1214 985 2062 1801
0 1357 1233 2578
0 1357 1175 2578
248 1357 1175 1958
1070 1749 1344 1984
463 633 2004 1148
0 1377 1064 2578
554 953 1148 1122
1351 1240 2448 3263
2317 2741 2448 2970
267 2226 548 2624
1351 1377 2448 3263
372 1906 881 2284
2180 855 2448 1031
0 1377 881 2578
0 1377 744 2578
0 1377 580 2578
1540 2017 1925 2206
456 1997 1808 3263
450 235 1051 411
0 2545 456 3146
0 2545 456 3022
52 2545 456 2996
1214 1122 1821 1801
0 1377 580 2428
0 2428 378 2957
1449 437 2154 698
2108 1377 2448 1664
2088 959 2441 1096
822 894 2082 1899
822 1142 1762 1899
822 1168 1677 1899
1103 430 2448 998
32 2480 770 3263
0 2493 378 2957
463 633 1645 887
489 1997 1808 3263
52 2865 215 2996
1351 1599 2448 3263
1214 1514 1475 1801
110 2545 456 2911
822 1318 1507 1899
0 2572 306 2957
110 2572 306 2865
940 2271 1279 2702
940 2317 1279 2702
2141 2722 2356 3022
163 2030 580 2337
0 1377 567 2428
0 1840 567 2428
0 1912 385 2252
0 1977 385 2252
502 783 1599 1129
1109 567 2448 998
750 1116 1272 1305
489 2115 1808 3263
137 1840 567 2258
110 2545 450 2911
195 2545 450 2898
313 1840 567 2121
1951 1788 2245 2219
2004 1977 2219 2219
2004 1984 2180 2219
1436 0 1579 248
1416 2317 1710 2754
463 633 1377 887
1351 1899 2448 3263
587 2944 1135 3263
1925 1599 2448 2878
1351 1899 2206 3263
2121 2885 2448 3263
2121 2976 2448 3263
2121 2989 2343 3263
2017 1599 2448 2591
1449 1899 2206 3263
1468 1899 2206 3263
0 1377 385 1958
1925 2297 2448 2878
620 2115 1808 3263
0 1494 378 1958
1534 1899 2206 3205
1534 2245 2206 3205
1925 2297 2448 2735
1416 2317 1651 2754
639 2115 1749 2728
2017 1599 2448 2173
874 3113 1135 3263
1468 3107 1775 3263
985 3094 1161 3263
1742 3081 2206 3263
2121 2989 2343 3139
2310 2976 2448 3153
587 2944 926 3263
2160 2780 2356 3022
110 2774 280 2911
195 2722 365 2898
32 2696 770 3263
110 2663 280 2865
1534 2650 2206 3205
0 2650 215 2957
1801 2624 2069 2793
2121 2611 2448 2878
169 2572 306 2722
2056 2565 2186 2709
267 2545 450 2774
620 2526 1808 3263
228 2493 378 2722
1566 2487 1710 2643
2226 2480 2448 2735
404 2480 639 2780
0 2441 313 2754
1416 2428 1618 2754
1756 2402 2082 2702
489 2402 750 2715
326 2356 548 2624
1377 2343 1579 2500
0 2337 208 2578
1481 2317 1651 2506
959 2317 1279 2702
398 2304 528 2487
1925 2297 2291 2650
195 2291 385 2441
646 2258 842 2395
496 2252 659 2454
1540 2245 2036 2839
267 2226 483 2415
0 2206 228 2428
639 2173 1142 2728
163 2154 424 2337
920 2115 1749 2702
2128 2088 2448 2591
809 2088 946 2219
0 2082 280 2310
1449 2069 1984 2350
137 2056 391 2258
215 2043 613 2376
326 2030 580 2180
2004 2023 2180 2219
1168 1997 1586 2265
372 1991 744 2284
117 1977 385 2121
0 1977 208 2252
2317 1932 2448 2173
313 1925 567 2121
502 1912 744 2049
0 1912 189 2095
1880 1899 2199 2382
926 1899 1299 2134
182 1893 359 2036
1272 1860 1769 2069
352 1840 561 1977
1083 1814 1318 1977
979 1814 1181 2017
600 1808 1096 2304
110 1808 398 1951
1951 1788 2245 2017
685 1782 881 1958
1690 1749 1893 1906
1070 1749 1259 1925
1227 1697 1390 1880
1116 1690 1272 1860
822 1677 1168 1899
417 1658 587 1808
1697 1625 1951 1788
633 1625 1064 1860
1214 1605 1410 1801
2017 1599 2448 2141
1351 1586 1521 1795
143 1566 378 1880
1325 1521 1566 1716
1240 1514 1475 1658
0 1494 261 1958
1064 1442 1331 1671
926 1403 1233 1553
2108 1390 2448 1664
176 1377 385 1573
1455 1370 1697 1560
359 1357 620 1553
1057 1318 1507 1756
1521 1253 1762 1429
1168 1253 1462 1514
2108 1240 2448 1540
1370 1168 1677 1514
1357 1122 1821 1573
1416 1122 1716 1383
1742 1116 1919 1292
750 1116 1051 1305
1782 1044 2448 1605
1233 1031 1808 1181
1651 985 2062 1325
685 985 1148 1122
91 959 313 1096
150 946 352 1103
1945 920 2075 1064
1756 900 2167 1272
339 900 528 1031
1710 894 2082 1161
796 874 1194 1005
2180 855 2389 1024
0 848 306 1155
1364 842 2004 1148
920 737 1377 887
1795 646 2448 998
463 633 1064 822
1853 626 2043 783
91 580 221 822
1109 567 1893 848
2017 483 2448 731
1971 470 2121 600
1449 443 1795 626
1677 437 2154 698
1103 430 1631 633
443 352 1057 613
306 313 561 959
2173 267 2382 443
1103 254 1534 437
626 235 1051 411
1880 104 2186 267
1442 84 1573 248
2258 0 2448 443
2199 0 2382 228
2062 0 2258 261
1880 0 2062 228
1436 0 1579 228
1090 0 1286 385
809 0 1044 352
815 0 953 221
502 0 763 143
208 0 398 835
1253 0 1618 385
0 0 528 1155
0 1018 2448 3263
0 0 2448 2428
554 613 1057 744
1253 0 1468 365
2284 1018 2448 1148
0 0 496 1155
0 0 424 1155
0 1044 2448 3263
0 1749 1808 3263
1227 1044 2448 3263
0 0 2004 2428
783 0 2448 1964
0 0 293 835
600 1749 1344 2304
1116 900 2167 1860
0 737 352 1155
1090 0 2448 1129
0 1899 1808 3263
0 0 221 822
306 0 1057 1024
1103 0 2448 1129
0 633 2004 2428
1214 900 2167 1801
1070 1749 1344 2049
0 1351 1233 2428
1299 0 1468 365
0 1357 1233 2428
2173 0 2448 443
0 633 2004 1605
489 809 691 1024
1853 567 2069 783
1357 985 2062 1573
1103 0 2448 1096
0 1899 1299 3263
306 0 1057 959
979 796 1507 940
0 2186 946 3263
1227 1044 2448 2206
1103 0 2448 998
1227 1044 2448 2095
737 1899 1299 2304
0 0 215 750
0 0 176 750
0 737 306 1155
306 235 1057 959
1272 1044 2448 2095
1351 1390 2448 3263
0 0 143 750
809 0 953 221
2088 855 2448 1096
2088 855 2448 1044
2088 855 2389 1044
665 1906 881 2102
2291 2741 2448 3002
0 2082 280 2428
0 2186 946 2996
0 2493 378 2996
600 1808 1181 2304
32 1997 1808 3263
1481 985 2062 1475
463 633 2004 1181
0 1357 1233 2415
1351 2989 2343 3263
32 2402 1135 3263
267 2545 456 2826
0 2186 946 2833
0 2291 385 2833
2108 1214 2448 1547
2108 1214 2448 1540
0 2337 313 2833
620 1997 1808 3263
430 235 1057 613
326 2186 946 2624
430 235 1051 463
626 235 1051 463
32 2402 926 3263
783 1142 1762 1964
326 2206 698 2624
326 2219 659 2624
646 2186 946 2395
326 2219 607 2624
1057 1142 1762 1756
502 737 2004 1181
2310 1592 2448 1736
1377 1390 2448 3263
1410 0 2258 437
633 1625 1064 1906
1880 1390 2448 3263
783 1677 1168 1964
137 1912 744 2415
137 2030 580 2337
1521 985 2062 1429
1057 1168 1677 1756
326 2304 548 2624
1377 2069 2206 3205
1377 2343 1710 2754
502 737 1599 1129
1677 437 2448 731
1971 470 2448 731
267 1912 744 2415
137 2030 580 2258
2004 1984 2284 2219
2121 2480 2448 3263
2160 2780 2448 3263
0 1357 1233 2252
169 2493 378 2722
809 1899 1299 2219
2193 2976 2448 3263
0 1494 567 2252
1233 842 2004 1181
143 1357 1233 1958
1103 430 1893 848
404 2402 750 2780
117 1925 567 2121
1351 3081 2206 3263
1468 3081 2206 3263
639 1997 1749 2728
1449 2069 2206 3205
32 2696 926 3263
0 1494 261 2252
0 1494 261 2095
1416 2428 1710 2754
2121 2480 2448 2878
920 1997 1749 2702
1880 1390 2448 2650
1103 430 1795 633
267 1991 744 2415
143 1357 1175 1958
143 1377 385 1880
1540 2245 2082 2839
1951 1390 2448 2141
1880 1899 2448 2650
1880 1899 2291 2650
2017 1390 2448 2141
208 0 620 1018
58 0 293 835
652 0 1044 345
652 0 966 332
2304 0 2448 450
0 2212 417 2585
1057 0 1220 770
450 829 2088 2271
1109 0 2402 528
1292 0 2402 450
1292 0 2382 450
1109 0 2363 528
1109 143 2363 528
1109 143 1997 528
1272 1037 2428 2134
2141 829 2448 966
0 280 391 1207
0 280 391 1051
1873 0 2402 313
2017 0 2402 313
0 0 1958 1958
0 600 1958 1958
855 1312 1390 1553
1873 0 2075 235
1697 1579 2062 2049
385 0 1083 815
0 352 2448 3263
0 2402 313 2585
450 887 2088 2271
450 235 1083 815
2017 0 2382 313
0 1207 2448 3263
0 1527 1266 3061
926 1814 1266 2141
0 1527 946 3061
783 1109 1716 1945
783 1240 1586 1945
783 1429 1344 1945
450 398 1083 815
450 398 1064 815
450 398 1057 815
450 502 1051 815
450 502 1051 652
385 0 802 339
953 352 2448 1925
1096 352 2448 1031
953 959 2448 1925
2206 0 2402 195
0 280 300 855
1083 959 2448 1925
450 900 2088 2271
0 953 313 1207
1214 959 2448 1880
1214 979 2448 1880
1664 979 2448 1592
1801 979 2448 1592
2082 1005 2448 1592
1109 143 1788 528
430 0 770 293
1710 1207 2448 2735
1742 1207 2448 2735
0 443 300 855
0 443 228 829
1096 633 1560 874
1096 659 1560 874
1129 659 1560 829
0 1977 2448 3263
0 1527 724 2572
1853 470 2448 848
1214 1364 1697 1880
1214 1618 1455 1880
0 2088 946 3061
1096 352 2284 1011
1142 907 2082 1788
0 2121 829 3061
0 2585 456 3061
52 2585 456 2996
1971 470 2448 848
124 2121 829 2780
0 1977 2023 3263
2023 646 2448 848
1351 2506 2448 3263
124 2226 600 2780
1971 470 2448 685
2128 646 2448 848
221 2226 600 2617
502 2121 829 2467
2030 470 2448 685
0 1527 724 2395
0 1527 724 2343
0 1527 724 2252
1710 2030 2017 2232
1142 1005 2017 1788
646 2088 946 2389
1351 2650 2448 3263
2115 2970 2448 3211
1886 1207 2448 2669
450 1658 1175 2271
1436 0 1586 248
1573 2650 2448 3198
2049 2506 2448 2813
0 1527 515 2043
496 3022 1279 3263
1351 3081 2232 3263
2219 3100 2448 3263
874 3094 1279 3263
1468 3081 2232 3263
496 3022 933 3263
2121 2970 2448 3139
2252 2885 2382 3028
0 2780 156 2937
52 2728 456 2996
0 2676 143 2846
13 2663 228 2904
1573 2650 2369 3198
267 2585 450 2774
2291 2572 2448 2735
1742 2539 2082 2735
2049 2506 2389 2813
1560 2474 1710 2643
0 2441 313 2767
0 2434 182 2585
124 2428 365 2780
1762 2395 1919 2558
398 2389 685 2780
430 2382 626 2578
45 2363 202 2519
0 2337 195 2572
326 2330 528 2617
1867 2252 2036 2408
646 2239 842 2389
221 2226 600 2421
182 2212 417 2415
0 2206 228 2395
502 2199 809 2467
0 2147 195 2310
587 2121 829 2284
789 2088 946 2278
137 2069 411 2343
1925 2049 2448 2669
1710 2043 1945 2232
450 1991 822 2271
313 1951 718 2278
940 1814 1266 2134
0 1814 724 2252
1057 1788 1331 2036
1096 1769 1272 1925
1083 1749 1344 1925
626 1658 1175 2212
783 1658 1090 1945
417 1638 587 1821
1227 1631 1455 1880
1214 1618 1396 1801
620 1618 1064 1925
1853 1599 2062 2049
143 1566 515 1880
0 1527 274 2043
1142 1514 1475 1788
874 1429 1344 1827
1370 1364 1697 1684
359 1351 600 1553
959 1312 1390 1553
1338 1240 1586 1449
1664 1227 1834 1410
1886 1207 2448 2219
2082 1129 2448 1592
1436 1109 1716 1370
0 1077 221 1207
2108 1005 2448 1155
1351 1005 2017 1573
1801 979 2167 1240
150 953 313 1103
1064 900 2088 1697
1847 887 2088 1037
2265 855 2448 1031
0 848 306 1142
2239 829 2448 966
1625 829 2004 1096
365 829 633 1031
1103 809 1958 1096
1795 750 2284 1011
470 633 1064 789
0 600 1808 1958
450 600 685 815
0 580 228 829
1853 554 2095 724
2030 476 2448 685
2134 470 2278 607
124 417 293 835
718 398 1057 613
1096 352 2167 842
430 339 1051 626
522 235 1051 463
2017 156 2382 313
1109 143 1534 528
1442 39 1579 248
2206 0 2369 195
2017 0 2258 261
1880 0 2049 221
1436 0 1586 189
1299 0 2382 450
1096 0 1286 417
1083 0 1220 757
802 0 1044 345
443 0 802 339
496 0 770 293
385 0 535 319
124 0 254 567
0 776 391 1207
1716 0 2448 489
502 0 1416 815
0 907 2448 3263
0 0 2448 2572
0 979 2448 3263
953 907 2082 2036
953 1749 1344 2036
718 0 1416 770
946 0 1416 770
946 0 1344 770
1853 1599 2082 2049
953 1769 1344 2036
0 1951 718 2585
763 0 2448 1697
45 1951 718 2519
946 0 1331 770
946 0 1103 770
829 1893 1044 2167
0 1658 2023 3263
182 1951 718 2415
0 0 1808 2572
1214 979 2448 3263
1083 0 1331 757
0 0 1064 1142
1096 0 1331 417
45 2363 398 2519
0 744 306 1142
763 0 2448 1155
0 2663 228 3061
1057 1769 1344 2036
0 1658 1266 2996
1351 1207 2448 3263
208 0 1064 1031
1214 979 2428 2134
1214 1037 2428 2134
0 600 1808 2572
1468 1207 2448 3263
0 0 228 829
443 0 1044 345
443 0 966 339
450 600 1064 815
208 0 770 1031
1064 829 2088 1697
1109 633 1560 829
1057 1769 1331 2036
430 235 1057 718
430 235 1051 652
1299 0 2402 450
763 352 2448 1155
208 0 770 1018
0 2663 228 2937
0 1658 1175 2996
1096 352 2448 1155
2095 842 2448 1155
2108 842 2448 1155
1096 352 2448 1096
52 2389 685 2996
1109 143 1631 528
430 235 1051 626
0 1658 1175 2780
496 2944 1279 3263
430 2121 829 2578
221 1658 1175 2421
1971 470 2448 966
2023 646 2448 966
2128 646 2448 966
1710 1207 2448 2669
1867 1207 2448 2669
1227 1364 1697 1880
2141 842 2448 1031
124 0 293 835
1096 352 2284 1096
0 2330 528 2780
124 2330 528 2780
1468 2506 2448 3263
221 1991 822 2421
1573 2506 2448 3198
1742 2506 2448 3139
2121 2715 2448 3139
1468 3081 2448 3263
1742 2506 2448 2813
1742 2506 2389 2813
2186 0 2448 424
91 0 528 1018
91 0 300 835
1044 0 1253 770
933 1808 1299 2134
796 0 966 326
1090 0 1253 404
208 0 528 1018
2141 815 2448 1194
2258 933 2448 1194
1547 691 1964 874
1077 1769 1344 2043
319 2500 711 2859
1553 796 2206 1527
1592 926 2206 1527
1592 1233 1958 1527
411 0 1057 554
411 0 1057 385
411 0 1051 385
1671 0 2415 261
1292 443 2043 665
1991 2741 2382 3166
424 345 1051 554
0 0 1064 1429
0 385 1064 1429
1083 378 2369 829
1103 378 2369 580
202 900 2128 2722
1214 1429 2128 1899
1455 1429 2128 1742
202 900 2082 2722
2082 0 2415 235
2088 0 2415 235
1103 411 2004 580
130 0 300 835
1592 1233 1958 1449
443 385 1064 861
443 385 1064 809
443 385 1064 744
202 900 2082 2669
0 0 352 1037
2219 0 2389 195
985 2696 1233 2872
1305 202 2173 411
1991 1756 2415 2291
2108 1756 2415 2291
2128 1945 2415 2291
0 815 894 1429
65 815 894 1429
1096 0 2448 1312
1096 0 2448 1129
783 2082 1051 2382
0 848 326 1155
443 385 1064 639
443 385 1064 620
443 385 1051 580
483 385 1051 580
0 626 2448 3263
1233 1618 2062 2160
1233 1769 1677 2160
1096 0 2448 985
1664 280 2448 985
1664 385 2448 985
1214 1521 1573 1899
1383 1618 2062 2128
130 169 300 835
300 326 528 1018
985 1031 1788 1631
861 1279 1233 1553
1096 0 2376 548
1553 796 2088 953
1272 1769 1677 2075
1932 1109 2278 1312
985 1057 1788 1631
1305 0 2376 385
1410 0 2376 385
1051 2846 1527 3263
1664 456 2448 985
0 1122 2448 3263
0 1586 1116 3198
0 2395 659 3198
0 2395 313 2937
0 2572 313 2937
1716 1122 2448 1560
1795 1122 2448 1527
2219 1207 2448 1468
0 1390 2448 3263
0 1893 365 2062
1103 411 2004 561
1880 0 2075 235
1664 456 2448 861
1664 456 2448 822
417 0 809 319
110 815 894 1325
1383 1638 2062 2128
1534 1638 2062 2128
1031 2350 1246 2591
208 0 398 829
0 1586 1116 2578
0 110 352 1037
0 2395 313 2754
300 326 502 946
0 626 1951 2402
757 626 1325 1018
770 626 1325 900
2023 2369 2448 2826
2115 2369 2448 2826
2291 2369 2448 2722
0 783 1951 2402
1756 1592 2252 1749
1592 1638 2062 2128
1690 1638 2062 2128
1697 1638 2062 2049
417 0 776 313
1631 97 2376 385
1664 456 2448 731
2049 1109 2278 1312
0 1625 1090 2578
0 2036 626 2578
0 2173 417 2578
2115 2741 2382 3126
202 1821 1077 2669
2115 2741 2382 3068
1083 476 1638 829
1795 1122 2297 1527
842 2330 1037 2578
1664 456 2448 685
1795 1279 2297 1527
1723 456 2448 652
1723 456 2448 620
2056 476 2448 620
815 900 2082 1893
1501 900 2082 1475
815 1096 1821 1893
815 1429 1449 1893
815 1566 1292 1893
972 1566 1292 1840
339 1821 1077 2669
1671 0 2199 261
633 2219 1135 3015
633 2337 1135 3015
633 2337 926 2774
842 2545 1135 3015
842 2669 1135 3015
1233 1031 1501 1161
1364 2232 1808 2728
1468 2232 1808 2467
535 1625 1090 2049
535 1677 992 2049
339 2206 750 2669
0 1233 848 2402
1592 1814 1827 2095
0 2689 659 3198
110 887 894 1325
0 2689 528 3198
1690 1847 1886 2128
372 783 1951 1736
372 979 1436 1736
489 1109 1148 1736
489 2206 750 2637
372 979 1436 1462
985 1116 1658 1631
1011 783 1951 1233
1011 868 1951 1233
1011 868 1592 1233
1011 868 1592 1148
0 2637 1188 3263
0 2728 1188 3263
489 1109 1148 1703
554 1109 1148 1703
554 1377 985 1703
1168 443 1605 580
202 1925 874 2467
202 1991 757 2467
202 2108 672 2467
1161 1116 1658 1514
0 1971 385 2147
0 2807 1188 3263
1501 998 2017 1475
372 979 1240 1253
587 1821 1077 2265
554 1396 913 1703
554 1396 913 1612
652 1109 1148 1403
1769 1638 2062 2049
652 1109 1148 1331
339 887 894 1116
528 1514 809 1736
626 1677 992 1958
926 1390 2448 3263
1501 2643 2448 3263
1501 2643 2258 3263
1501 2643 2206 3263
1677 2643 2206 3263
1677 2643 2206 3107
1677 2643 2180 3107
1938 2643 2180 3002
2095 1390 2448 1703
372 979 1161 1227
1364 2330 1690 2728
1769 1638 2062 1899
561 979 1161 1201
0 2937 613 3263
0 3015 372 3263
0 3074 306 3263
926 1664 2448 3263
926 2030 1984 2578
1377 2160 1645 2448
587 2023 829 2265
561 979 1031 1201
2115 2539 2448 2826
594 2637 770 2976
496 2807 1188 3263
926 2075 1214 2578
2167 2970 2448 3263
1057 1161 1436 1462
1148 2030 1984 2408
1534 2049 1984 2363
1631 2049 1984 2363
1677 2793 2147 3107
1344 1096 1821 1566
293 1266 848 1514
496 2807 1175 3263
496 2898 1175 3263
0 2767 398 3198
1044 1664 2448 3263
2291 2075 2448 2461
1677 2911 2108 3263
0 1233 763 2402
1148 2030 1625 2408
1573 3022 1847 3211
1109 1161 1436 1364
496 2898 1077 3263
1044 2304 2082 3263
1880 1664 2448 2611
0 1233 763 2252
0 1233 443 1631
0 1233 391 1605
0 1423 763 2252
0 1423 698 2252
0 1534 698 2252
1880 1716 2408 2611
1880 1716 2408 2585
1880 1716 2304 2585
1880 1716 2304 2500
1977 2160 2304 2500
1880 1716 2226 2258
496 3028 1077 3263
1044 2304 1977 3263
1919 1716 2226 2069
626 3028 1077 3263
757 3068 1077 3263
2017 2389 2395 2611
293 1279 574 1514
0 1573 698 2252
143 1573 698 2115
0 1344 391 1605
143 1749 567 2115
