0 0 3263 2448
1645 195 1880 326
0 437 332 574
2885 189 3263 489
1037 365 2160 946
1037 365 2160 900
2304 672 3237 1051
1455 698 2043 946
2441 672 3237 1051
1044 365 2160 776
0 639 3263 2448
417 574 907 705
1057 365 2160 776
1227 365 2160 776
0 0 3263 1194
3048 1259 3263 1540
0 78 685 306
1814 1057 1997 1286
607 731 1168 946
607 731 1168 913
2049 815 2846 1168
2049 815 2846 1109
2088 815 2846 1083
1396 1912 1827 2284
1168 639 2382 1090
1168 691 2382 1090
0 0 515 189
0 659 3263 2448
0 0 2624 626
0 0 2624 561
2970 2232 3139 2376
1958 0 3263 1194
2454 1018 2715 1299
2513 1018 2715 1299
1168 757 2382 1090
1168 757 2382 1018
1168 757 1592 1018
0 659 626 1259
280 1971 633 2239
404 2017 633 2239
2689 1142 2833 1357
0 744 3263 2448
2271 1814 2754 2330
1677 2317 1958 2448
926 1756 1175 2108
1423 1912 1827 2284
1703 1592 1951 1867
0 659 574 1259
0 659 574 1194
502 1782 737 1977
1396 1703 1618 1932
3048 1938 3263 2212
1122 2219 1534 2448
0 1377 829 1880
594 2004 940 2323
594 2004 855 2323
1703 1592 1893 1769
1579 763 2382 1011
2656 1246 2924 1507
2735 665 3263 1194
0 659 574 1122
78 2095 483 2448
2735 763 3263 1194
1821 1083 1977 1286
1142 1475 1344 1690
1168 1475 1344 1658
1168 757 1553 1018
1958 0 3263 711
2820 2095 3055 2265
639 0 2624 561
0 117 926 443
829 1501 992 1710
78 2095 339 2448
2408 1814 2604 1951
2656 1246 2924 1429
1553 215 2624 561
639 0 2317 463
652 0 2317 463
652 0 2317 326
907 0 2317 274
117 711 574 1122
0 1553 280 1769
1958 0 3263 672
1958 0 3263 300
607 2102 855 2323
189 1377 829 1880
189 1377 776 1808
476 1664 776 1808
169 2095 326 2337
117 711 424 1122
3048 1938 3263 2180
1344 319 1840 548
1736 835 2428 1507
1736 972 2428 1507
1736 1103 2428 1507
607 2102 848 2323
1808 835 2128 1070
2872 45 3263 215
1847 2010 2402 2448
1018 1031 1840 1612
1090 1964 1383 2180
189 1377 757 1788
1736 1103 2428 1468
1906 1227 2428 1468
189 1377 672 1788
2500 1507 2774 1782
2846 776 3237 1051
1579 763 2095 1011
1018 1031 1742 1612
1018 1031 1742 1468
1018 1031 1729 1468
1018 1031 1599 1423
1018 1031 1501 1416
1057 1077 1501 1416
1168 1116 1501 1416
1168 1116 1475 1351
1181 1116 1475 1312
1958 0 2996 300
2767 1442 3263 1912
2787 1442 3263 1912
1938 1227 2428 1468
2062 1227 2428 1468
2206 1227 2428 1462
926 1821 1116 2108
2735 881 3263 1194
2983 881 3263 1129
2735 913 3042 1194
2735 913 3015 1194
2813 972 3015 1194
189 763 424 1122
1847 2036 2402 2448
1847 2036 2245 2448
1847 2036 2108 2448
2500 1527 2774 1782
189 1377 594 1788
1736 1103 2030 1357
2415 156 3263 672
2787 1612 3153 1762
0 744 1834 2448
940 1919 1645 2415
966 1919 1645 2415
1103 1919 1645 2415
1305 1919 1645 2415
1312 1919 1645 2167
2147 2043 2402 2448
3068 1442 3263 1912
2271 1867 2754 2330
1429 1919 1645 2167
0 1534 1207 2448
0 1651 1207 2448
2343 815 2846 1057
0 744 1834 1697
1847 2212 2108 2448
0 900 339 1201
672 972 3263 2448
1592 972 3263 2448
2885 2134 3263 2448
744 1534 926 1925
626 2134 1207 2448
496 907 822 1272
496 985 822 1272
189 1416 594 1788
1103 2030 1351 2415
189 1475 594 1788
672 1318 2539 2448
672 1390 2539 2448
287 1560 594 1788
2846 829 3237 1051
293 744 972 1109
293 744 829 1109
293 744 678 966
0 1651 750 2448
0 1769 202 2075
626 2134 1031 2448
1912 2036 2102 2356
1880 1645 2539 2049
1938 1645 2539 2049
1912 972 3263 1468
2088 1161 2278 1390
1024 1318 1351 1677
2167 1645 2539 2030
0 861 1834 1697
672 1390 2226 2448
496 985 744 1259
1592 1103 3263 2448
1592 1103 2160 1749
2023 1220 3263 2448
1305 2088 1612 2415
1912 972 3263 1429
2800 1044 3263 1429
2931 1044 3263 1429
0 861 1834 1625
0 1116 1096 1625
0 1116 711 1618
0 117 711 443
1912 972 2865 1305
1951 972 2865 1305
2095 972 2865 1305
2363 972 2865 1305
574 1266 1096 1625
0 1116 398 1618
0 1129 274 1618
0 1129 261 1618
685 861 1834 1364
0 1651 665 2448
6 1651 665 2448
261 2049 665 2448
685 861 1834 1338
587 1266 1096 1560
685 861 1834 1331
685 861 1612 1331
1782 1827 2226 2219
2363 979 2630 1305
0 2030 254 2448
2023 1220 3263 2180
2676 1364 3153 1762
2023 1220 3153 2180
685 861 1481 1331
685 861 1390 1331
685 861 1279 1331
2030 1716 2323 1945
2343 2082 2976 2448
2441 2082 2976 2448
2023 1220 2748 2075
2023 1410 2735 2075
2585 2082 2976 2448
2154 1410 2735 2075
685 861 1148 1331
672 1390 1945 2448
1227 1390 1945 2448
2167 0 2996 300
1364 1390 1945 2448
1521 1834 1945 2448
1932 2317 2108 2448
1677 2317 1860 2448
2082 2284 2245 2448
2585 2271 2976 2448
0 2271 254 2448
2206 2265 2350 2448
940 2265 1207 2448
626 2258 809 2448
2441 2252 2624 2421
78 2232 339 2448
2989 2219 3263 2448
1122 2219 1272 2389
300 2219 483 2402
1847 2212 1984 2376
2343 2193 2519 2448
2219 2173 2402 2448
1220 2173 1351 2415
1396 2167 1612 2343
685 2147 855 2323
189 2147 326 2337
3120 2141 3263 2389
2885 2134 3133 2448
2572 2134 2715 2330
737 2134 1031 2448
940 2102 1142 2330
1521 2095 1906 2448
1305 2088 1573 2415
2676 2082 2898 2382
541 2056 750 2343
365 2056 665 2448
261 2049 437 2232
2271 2043 2754 2330
2147 2043 2350 2291
1423 2043 1769 2284
1912 2036 2102 2252
1103 2030 1331 2297
0 2030 221 2317
966 2017 1148 2226
1090 2010 1246 2180
757 2010 940 2147
3126 2004 3263 2180
1449 1997 1645 2167
1312 1977 1481 2134
280 1971 496 2108
1227 1964 1383 2167
2004 1932 2226 2219
1429 1919 1625 2062
0 1919 169 2075
1612 1912 1827 2128
926 1899 1077 2108
2656 1886 3153 2180
2167 1880 2369 2030
2323 1867 2604 2075
1938 1860 2239 2049
476 1853 757 2043
1527 1834 1945 2193
1782 1827 2062 2088
972 1821 1116 1958
1266 1788 1501 2004
1971 1775 2121 1919
1057 1775 1292 2056
391 1769 646 1984
0 1769 202 2017
744 1742 894 1925
1396 1736 1560 1932
2702 1729 2918 1925
2030 1729 2212 1945
2833 1723 3263 2062
2154 1716 2323 1919
2813 1690 3126 1906
2487 1690 2735 2075
476 1664 659 1801
6 1651 476 2121
2265 1645 2539 1886
1880 1645 2062 1840
2931 1631 3153 1762
287 1618 470 1788
2787 1612 2989 1742
2500 1612 2689 1782
672 1612 1292 2056
620 1599 757 1749
97 1592 280 1742
3087 1573 3263 1912
2023 1573 2278 1788
378 1560 594 1723
0 1553 137 1769
750 1534 926 1795
2558 1527 2774 1677
2676 1494 2826 1762
894 1494 1129 1697
189 1475 515 1723
574 1468 783 1625
3068 1442 3263 1651
2062 1436 2232 1566
248 1416 398 1579
2154 1410 2611 1801
1227 1403 1507 1782
0 1403 235 1618
483 1396 659 1553
1364 1390 1867 1919
306 1377 443 1553
2807 1364 3153 1677
1690 1351 1840 1481
0 1351 137 1527
1566 1318 1729 1468
1024 1318 1351 1540
587 1318 998 1560
2780 1312 2989 1468
1645 1299 2160 1749
783 1266 1096 1507
3048 1259 3263 1475
1266 1253 1501 1416
1938 1246 2134 1377
1462 1246 1599 1423
2310 1233 2539 1468
2239 1227 2428 1410
2480 1220 2748 1553
652 1220 789 1429
1507 1194 1664 1338
2931 1181 3263 1429
176 1168 711 1618
2088 1161 2232 1357
2363 1155 2532 1305
1279 1155 1475 1312
1912 1142 2102 1305
104 1135 274 1338
2800 1129 3028 1338
881 1129 1083 1364
0 1129 261 1455
235 1116 398 1246
1423 1109 1605 1292
1736 1103 1886 1312
1592 1103 1827 1370
496 1103 724 1259
2454 1090 2585 1299
685 1090 959 1331
1057 1077 1214 1233
2937 1064 3113 1292
0 1064 339 1201
1507 1057 1677 1214
2865 1051 3015 1194
1951 1051 2128 1194
3081 1044 3263 1279
1233 1044 1390 1201
2095 1031 2434 1286
1018 1031 1168 1175
2513 1018 2683 1253
1344 985 1481 1233
502 985 744 1181
2395 979 2630 1188
1534 979 1834 1155
2598 972 2865 1266
1749 972 1886 1135
2911 933 3042 1077
1233 926 1403 1090
378 920 574 1116
0 900 235 1090
2088 894 2402 1083
1410 887 1612 1129
189 887 424 1122
3100 881 3263 1109
1808 881 2075 1070
1037 881 1279 1142
2800 861 2983 998
705 861 1148 1201
1168 842 1449 1018
646 842 829 1109
1997 835 2128 979
3002 829 3237 1051
724 829 972 1024
2343 815 2787 1057
1540 783 1795 946
0 776 215 1005
1749 763 2095 966
450 763 678 966
189 763 345 926
1253 757 1553 900
607 750 815 881
293 744 515 966
1037 737 1220 900
802 731 1168 913
1188 724 1442 861
117 711 248 900
1455 698 2043 894
2441 672 3126 907
3061 665 3192 822
0 659 202 789
3087 626 3263 783
2010 548 2506 933
2304 509 3002 711
0 476 345 626
2983 417 3263 594
2519 411 2748 639
1684 398 2062 535
1344 385 1801 548
855 378 1207 515
2363 365 2611 496
1338 365 2160 776
1070 293 1521 463
0 280 1658 796
1553 241 2186 385
0 228 691 443
1873 215 2624 561
2885 208 3263 489
2415 156 3120 672
267 117 711 254
1677 78 2317 274
169 78 685 235
2944 0 3263 130
2545 0 2996 300
2167 0 2709 248
1958 0 2363 143
907 0 2030 208
652 0 1808 326
0 0 829 235
0 0 3263 998
0 659 2062 2448
450 731 3263 2448
1645 1142 3263 2448
450 731 3263 1481
1586 0 3263 998
1586 0 3263 966
972 1756 1175 2030
0 0 2382 946
0 659 705 2448
1677 0 3263 966
509 907 705 1051
0 659 672 2448
2461 2134 2715 2330
0 0 2069 626
2252 626 2807 783
972 1756 1175 1958
1018 1214 1181 1396
1958 835 2330 1109
176 985 2062 2448
0 0 2030 626
365 1390 2062 2448
0 430 515 626
0 0 2030 515
1645 1220 3263 2448
1906 1246 2343 1507
2656 1142 2852 1507
2656 1142 2833 1429
208 574 907 789
2820 1051 3015 1194
1044 541 1638 750
1057 541 1638 744
2970 2219 3263 2448
2252 652 2807 783
502 1690 894 1977
1958 835 2330 1070
176 985 1729 2108
1749 972 1977 1286
567 1690 894 1925
646 1690 894 1925
2813 417 3263 966
2813 567 3263 966
2813 626 3263 966
2846 626 3263 966
2846 665 3263 966
2846 763 3263 966
1227 1964 1481 2206
2846 776 3159 966
1677 0 3263 933
0 659 404 926
117 711 404 926
1227 541 1638 691
332 985 541 1194
1958 855 2330 1070
0 241 2382 946
2069 2010 2395 2363
2147 2010 2395 2291
607 2010 1142 2330
607 2010 940 2323
0 744 672 2448
1188 639 2382 946
1664 639 2382 887
1664 639 2206 802
2363 274 2748 639
0 744 574 2448
2363 365 2748 639
1018 1031 1729 1612
1057 1077 1729 1612
1168 1246 1729 1612
1266 1246 1729 1612
1462 1246 1729 1612
1566 1318 1729 1612
189 2049 437 2337
0 117 1233 496
1188 698 2043 946
1938 1246 2343 1507
2062 1351 2343 1507
476 1756 829 2043
143 724 404 926
1227 1964 1481 2167
1749 972 1977 1201
208 580 724 789
287 1553 672 1788
176 985 1351 2108
502 985 1096 1507
1057 1077 1299 1318
639 0 2030 515
235 2245 483 2448
450 763 3263 1481
1873 815 3263 1475
2585 855 2846 1031
1645 1220 2774 2030
1645 1220 2748 2030
1880 1645 2121 1919
0 117 926 496
1873 1142 2102 1357
365 2010 1351 2448
1090 2010 1351 2415
1912 1364 3263 2448
672 1390 2062 2448
2787 1573 3263 1912
502 985 822 1429
502 985 822 1272
1057 1077 1246 1318
450 763 2095 1481
365 2056 1207 2448
1951 815 3263 1475
855 2023 1142 2330
639 0 2030 463
1227 1390 2062 2448
1279 1057 1677 1312
1951 815 3263 1390
2813 933 3166 1129
2911 933 3166 1129
1253 698 2043 946
1253 698 2043 900
2585 881 2774 1031
176 1103 1351 2108
280 1599 757 2108
176 1103 1351 1697
0 241 2186 796
2010 509 3126 933
1677 0 3263 672
2872 0 3263 215
672 1534 1827 2284
1423 1057 1677 1292
2219 1364 3263 2448
2826 2095 3263 2448
1912 1860 2350 2448
1912 1860 2245 2448
1912 2036 2245 2448
672 1534 1645 2226
280 1769 646 2108
365 2056 809 2448
1410 763 2095 1481
2239 1227 2539 1468
365 2056 750 2448
0 1553 339 2448
450 763 1481 1364
450 763 829 1109
639 0 2030 326
652 0 2030 326
685 829 1481 1364
737 2134 1207 2448
2826 2134 3263 2448
1227 1390 1984 2448
1305 2088 1984 2448
2780 1181 3263 1475
1938 1860 2239 2219
1951 1051 2278 1390
1951 1051 2232 1357
476 1599 757 1801
176 1168 1351 1697
176 1168 783 1625
587 1318 1351 1697
1507 763 2095 1481
1579 763 2095 1070
1932 2284 2245 2448
2265 1364 3263 2075
1677 0 2709 561
1677 0 2709 274
1958 0 2709 248
1507 979 1886 1481
0 744 574 2121
894 1318 1351 1697
672 1534 1501 2226
672 1612 1501 2226
926 1899 1148 2226
2030 1716 2369 2030
685 829 1449 1364
2676 1364 3263 2062
2219 1886 3153 2448
0 744 574 1201
2095 815 3263 1338
2800 829 3263 1338
2937 829 3263 1292
2937 881 3263 1292
3081 881 3263 1279
2931 1181 3263 1475
2219 2173 2519 2448
0 1919 339 2448
0 2030 339 2448
2010 509 3002 933
685 829 1148 1364
685 829 1148 1331
1507 979 1886 1390
2095 815 2865 1286
2415 0 3263 672
0 744 574 1122
0 776 424 1122
0 776 235 1090
2545 0 3263 489
2343 815 2865 1266
2395 913 2865 1266
2598 913 2865 1266
1037 842 1449 1142
2676 1494 3263 2062
2676 1494 2918 1925
293 744 574 1116
2395 979 2683 1253
1227 1390 1945 2193
894 1468 1175 1697
0 1553 202 2017
672 1612 1501 2056
1338 241 2186 776
1521 2095 1984 2448
2271 1886 3153 2448
2271 2043 2754 2421
1534 979 1886 1390
2265 1645 2735 2075
1057 1775 1501 2056
1534 979 1834 1390
1592 1103 1827 1390
2585 1886 3153 2448
0 1129 515 2121
2807 1364 3263 1677
1227 1390 1867 1919
0 1129 515 1723
1645 1220 2748 1801
2265 1645 2604 2075
1645 1299 2278 1788
2154 1220 2748 1801
0 241 1808 861
789 698 1455 913
1168 698 1455 907
1168 724 1403 907
0 0 3263 920
0 633 3263 2448
1044 391 3263 920
1292 391 3263 920
1292 391 2598 920
0 0 3263 783
2441 633 3263 907
2898 1259 3263 1494
3009 2252 3139 2382
1292 391 2598 881
1194 724 1403 868
998 1214 1344 1690
998 1214 1344 1586
0 0 2030 600
607 378 1207 554
861 378 1207 554
1142 0 3263 783
163 378 639 541
0 711 3263 2448
0 0 2030 489
137 633 848 1194
195 1377 809 1834
757 2010 1135 2284
1142 0 3263 678
2212 1651 2774 2382
620 1024 829 1390
195 1377 783 1834
176 633 848 1194
176 633 672 1194
1214 711 3263 1188
1847 711 3263 1188
2304 711 3263 1188
150 1018 352 1181
1214 757 2075 1175
1553 789 2075 1175
176 633 626 1194
1847 835 2441 1070
620 1037 822 1390
195 1377 783 1808
2212 1716 2774 2382
2212 1716 2767 2382
1083 1736 1279 1912
2878 0 3263 215
685 1037 822 1390
685 1037 822 1272
176 633 626 1116
1684 802 1880 985
0 744 1991 2448
535 1801 1991 2448
535 1801 1958 2448
195 1377 783 1795
0 744 1292 2448
215 1377 783 1795
215 1377 594 1795
476 815 3263 2448
535 1840 1958 2448
535 1840 1932 2448
476 815 3263 1494
2239 1227 2519 1468
567 1742 894 1925
1958 848 2441 1070
2983 881 3263 1266
2735 913 3015 1181
966 1233 3263 2448
1227 1233 3263 2448
966 1749 1788 2304
0 744 450 1769
248 1997 861 2232
254 1377 594 1795
1116 1749 1788 2304
1122 1749 1788 2141
476 815 3263 1442
0 1168 1292 2448
476 815 1886 1442
476 887 829 1325
1782 1233 3263 2448
2304 737 3198 1188
0 744 450 1259
0 744 372 1103
0 1135 313 1769
2415 2082 3263 2448
646 815 1886 1442
2415 2082 3120 2448
2304 815 3048 1188
1867 1031 3263 1410
2363 1044 3263 1410
2454 1044 3263 1410
78 1168 1292 2186
646 815 1266 1364
1782 1233 3126 2448
2154 1233 3126 2193
1782 1560 2539 2448
1129 1057 1886 1442
2474 1233 3126 2193
2474 1233 3126 1951
1631 2317 1958 2448
2415 2252 2656 2448
535 2141 855 2448
1801 2095 1991 2382
2598 2082 3120 2448
855 2030 1135 2284
966 2023 1148 2226
757 2010 907 2147
580 2010 861 2206
2258 2004 2395 2134
248 1997 633 2232
1116 1984 1377 2304
0 1964 744 2448
1031 1919 1246 2173
417 1919 567 2056
2591 1886 3113 2193
1410 1880 1788 2062
731 1840 1932 2448
0 1788 189 2017
1122 1749 1475 2141
685 1742 894 1925
2212 1716 2767 2363
2141 1677 2539 1919
620 1677 776 1808
78 1605 1292 2186
195 1592 365 1782
1782 1560 2434 2448
2558 1494 3126 1951
280 1475 594 1795
574 1468 783 1742
3068 1442 3263 1645
2807 1436 3263 2389
254 1377 443 1534
2154 1357 2689 1801
1227 1318 2219 1971
2278 1299 2519 1468
3028 1259 3263 1494
2474 1233 3055 1579
2474 1220 2624 1377
1899 1220 2219 1494
1462 1194 1742 1423
176 1168 1175 1795
0 1161 313 1769
2363 1155 2532 1344
2624 1135 2761 1286
2069 1122 2278 1390
1736 1103 1919 1305
1592 1103 1886 1410
783 1090 1011 1305
2813 1064 3263 1410
1129 1057 1671 1442
0 1057 202 1201
2826 1051 3015 1181
2454 1044 2872 1299
685 1037 815 1194
1867 1031 2441 1338
848 1031 1266 1364
235 985 450 1259
476 953 711 1325
2983 946 3263 1266
1958 933 2180 1070
1057 887 1292 1090
613 887 829 1083
3107 881 3263 1109
2572 881 2787 1090
1553 881 2004 1175
1233 881 1540 1240
528 868 705 1018
2793 861 2976 1005
1475 861 1618 1109
2735 855 2944 1064
2023 848 2441 1064
1847 835 2088 1070
646 815 1148 1168
1775 789 2075 998
1586 783 1749 920
293 770 620 1116
0 763 267 1103
1214 757 1612 1037
633 750 848 887
535 750 672 894
117 744 372 1103
2878 737 3198 979
1194 737 1331 868
789 731 1207 913
3087 711 3263 874
1325 698 1455 835
0 691 195 861
3107 639 3263 776
2441 633 3166 907
1664 633 2363 900
176 633 626 861
2239 626 2807 783
0 437 345 600
1292 391 2506 881
868 378 1207 515
2820 359 3048 496
1808 319 2010 476
1344 319 1834 548
2402 313 2539 456
2918 189 3263 352
1612 150 3263 678
2878 0 3263 130
2545 0 3035 287
1142 0 2709 326
0 0 855 235
0 737 3263 2448
998 737 3263 2448
0 0 3263 913
2239 626 2807 789
1142 0 3263 907
1168 737 1338 907
0 0 2030 913
1227 1259 3263 2448
998 737 3263 1586
0 1540 1991 2448
0 744 1618 1925
620 1024 829 1194
620 1037 815 1194
2839 2219 3263 2448
496 1540 672 1834
496 1540 672 1742
496 1586 672 1742
0 1605 1991 2448
2643 1651 2774 1899
124 1592 365 1782
0 0 2030 861
2918 189 3263 404
0 574 907 861
1292 391 3263 907
3087 639 3263 874
535 2010 907 2448
0 985 1175 1925
0 1018 293 1201
535 2010 861 2448
567 1677 776 1893
0 633 626 861
1292 391 3166 907
0 744 1618 1390
0 691 313 861
0 1605 1292 2448
1344 319 2010 548
528 750 848 1018
528 750 705 1018
685 1090 1011 1390
685 1175 822 1390
2239 737 3263 1579
2141 1259 3263 2448
998 789 2441 1586
1684 789 2441 1070
2141 1357 3126 2448
104 985 541 1338
731 1749 1991 2448
2807 1259 3263 2389
2415 2186 2656 2448
0 1161 1175 1925
1292 391 2506 900
0 744 1618 1364
1057 757 1618 1109
2239 815 3263 1579
1057 757 1612 1090
2239 1155 2624 1468
2239 1155 2532 1468
2278 1155 2532 1468
235 985 541 1259
1227 1318 2434 2448
0 744 1540 1364
0 744 829 1325
1142 0 3263 326
2545 0 3263 287
998 881 2441 1586
0 744 711 1325
731 1749 1932 2448
966 1919 1377 2304
1031 1919 1377 2304
2304 815 3263 1579
2735 855 3263 1266
2826 881 3263 1266
1775 789 2441 1070
646 815 1540 1364
0 1161 1175 1795
1553 881 2441 1494
998 1057 1886 1586
2141 1357 3126 1951
0 744 620 1116
2474 1064 3263 1579
2212 1716 3120 2448
1553 881 2441 1338
2154 1357 3126 1951
2591 1886 3120 2448
2304 815 3048 1299
1259 580 1880 913
1259 633 1880 913
274 515 1436 855
274 515 1122 809
274 515 992 711
992 672 1436 855
2128 698 2761 940
2128 770 2761 940
1168 78 2128 319
515 548 992 711
0 0 3263 1005
2904 620 3263 842
0 137 287 300
3087 235 3263 443
2702 1364 2885 1618
398 2010 685 2258
2604 1690 2780 1899
1742 1403 2075 1742
1070 424 1645 633
1188 424 1645 594
1259 443 1645 594
2800 202 3263 365
2800 202 3113 365
398 2049 620 2258
959 456 1279 620
0 580 1194 1005
0 0 3263 979
0 580 1194 953
137 2121 319 2330
2075 1997 2278 2219
176 580 1194 953
176 580 842 933
1919 2232 2075 2363
2787 1592 2970 1827
2030 770 2813 1109
763 1782 1161 2448
763 2023 1148 2448
763 2023 1148 2382
0 2297 254 2448
2337 1527 2598 1782
