0 0 2448 3263
1468 2023 1723 2402
1566 2030 1723 2402
1964 2219 2448 2800
1964 2219 2323 2793
1964 2219 2304 2793
2023 2219 2304 2793
1605 2252 1880 2989
1677 2252 1834 2826
1677 2252 1834 2585
633 1455 1057 1840
1331 3074 1507 3263
0 1860 652 2134
0 1906 417 2134
0 1494 639 1847
691 2128 1716 2493
1410 1181 1951 2337
1410 1181 1951 2180
1488 1181 1951 2180
1488 1181 1951 2115
1488 1181 1684 2115
691 2128 1468 2317
1605 2813 1880 2989
78 2480 587 2852
966 2134 1716 2493
0 293 2448 3263
1742 2141 2448 3263
1964 2141 2448 2715
1501 1821 1638 2180
0 0 2448 940
0 2095 195 2252
319 1860 652 2017
1742 2395 2448 3263
1814 2865 2448 3263
1742 2395 2448 2937
2180 2173 2448 2585
0 2075 1932 3263
0 2075 1481 2519
0 2212 1481 2519
0 2212 1481 2467
117 2075 809 2363
0 293 2448 2474
0 2389 1096 2519
117 2088 809 2363
1742 2415 2448 2937
1742 2415 2408 2937
1742 2415 2317 2937
0 2421 1932 3263
0 2421 1795 3263
0 2421 1736 3263
0 2474 1736 3263
274 2088 809 2304
0 339 2232 2271
1964 2226 2448 2715
378 2676 1795 3263
561 2676 1795 3263
561 2846 1795 3263
802 293 2448 2474
1625 1220 2448 2474
633 1547 979 1840
1964 2226 2304 2663
0 1827 293 1977
802 293 2448 1299
946 2474 1736 2944
1762 1220 2448 2369
0 0 2448 404
946 2474 1664 2944
946 2474 1579 2911
946 2474 1579 2878
0 1103 1612 2271
0 1103 1592 1821
1090 293 2448 1299
1194 822 2448 1299
0 2480 1116 3263
0 2480 691 3263
0 2480 613 3263
502 2480 1116 2754
0 339 2232 1455
946 2474 1579 2852
1044 2474 1579 2852
561 2846 1788 3263
0 2696 613 3263
0 2807 613 3263
0 2904 613 3263
0 2989 326 3263
626 2846 1788 3263
685 2846 1788 3263
926 2878 1788 3263
1742 2415 2317 2931
1749 2480 2317 2931
750 1938 1070 2212
1194 894 2448 1299
920 2271 1481 2421
0 1103 1592 1808
724 1266 1592 1664
1756 2944 1932 3263
0 1103 1553 1808
770 1103 1553 1449
1625 1299 1893 2474
626 2676 1103 2898
1481 2421 1729 2780
1214 2754 1521 2891
97 1540 1612 2271
1625 1344 1893 2474
0 1272 881 1808
274 2121 691 2304
502 2487 907 2748
1090 293 2448 926
1625 1344 1782 1808
842 1103 1553 1449
0 718 1188 1037
254 339 2232 959
1847 2493 2317 2924
933 1527 1534 1788
78 718 1188 1037
97 1756 1521 2271
0 913 1684 1455
78 718 678 1037
0 913 1631 1455
1984 789 2448 926
1090 293 2448 894
776 2480 1116 2754
326 1756 1521 2265
626 1756 1521 2265
626 1756 1521 2049
1390 293 2448 894
972 489 1148 763
946 1808 1494 2265
946 1867 1494 2265
1135 1886 1494 2265
0 1272 881 1631
0 1272 796 1586
502 2487 802 2643
0 2996 326 3263
326 1932 757 2180
691 2167 1468 2317
32 1272 796 1586
842 1161 1553 1449
685 2846 1064 3263
0 913 1423 1455
0 913 1390 1455
0 940 959 1455
691 2186 1266 2317
1057 352 2232 959
718 1756 1521 1997
946 1756 1521 1991
1351 1436 1592 1618
776 2487 1064 2754
724 1266 1436 1664
470 1586 757 1808
953 1161 1553 1449
254 339 1442 959
254 339 1155 959
1560 2558 1723 2780
2069 352 2448 894
528 783 985 959
156 2904 613 3218
776 2487 1051 2754
254 339 1155 926
685 2950 894 3263
2069 352 2448 861
809 913 1390 1318
2082 352 2448 861
32 1351 483 1586
1057 352 2232 913
1194 894 2448 1057
1057 359 2232 913
2160 352 2448 809
2160 352 2448 698
1475 352 1782 698
1475 352 1782 541
1534 992 1912 1299
665 391 1155 926
665 391 1031 724
254 339 855 920
1057 359 2108 913
1410 463 2108 913
1057 359 1605 855
1057 359 1586 855
1886 463 2108 913
1253 2474 1579 2852
1455 3074 1638 3263
476 3074 613 3263
359 3048 574 3263
1592 3035 1795 3263
0 3002 228 3263
685 2950 894 3231
1756 2944 1899 3263
398 2911 613 3100
1814 2904 2448 3263
561 2904 737 3263
156 2904 470 3218
65 2904 372 3035
2082 2865 2448 2996
744 2846 1064 3263
626 2846 835 2989
378 2820 744 2957
1801 2780 2082 2937
2102 2741 2408 2937
959 2722 1266 2878
1592 2709 1736 2898
391 2702 600 2872
0 2696 208 2859
626 2676 972 2878
1207 2637 1664 2944
2310 2630 2448 2931
1266 2611 1514 2852
946 2598 1168 2839
802 2585 1051 2754
2193 2578 2448 2800
2141 2558 2323 2774
1560 2558 1723 2696
1873 2532 2317 2924
2088 2519 2304 2793
528 2513 802 2643
509 2500 907 2748
1847 2493 2095 2748
776 2487 1005 2630
502 2487 705 2617
1749 2480 1906 2931
953 2480 1116 2637
78 2480 587 2839
0 2480 313 2748
1253 2474 1579 2696
1044 2474 1351 2709
1834 2448 2056 2578
1481 2421 1729 2591
2232 2395 2448 2715
966 2363 1416 2493
2154 2356 2304 2663
2180 2337 2310 2585
920 2271 1279 2421
1964 2226 2232 2578
117 2219 430 2363
0 2212 1122 2467
2297 2173 2448 2572
1834 2173 2082 2474
1181 2167 1468 2317
2154 2147 2376 2395
2030 2141 2317 2389
1331 2134 1716 2487
1005 2128 1194 2265
437 2121 691 2304
274 2121 489 2297
744 2102 998 2265
613 2088 809 2226
1220 2062 1481 2265
97 2010 385 2271
0 2010 182 2193
117 2004 332 2134
672 1984 855 2206
750 1938 1070 2075
326 1932 698 2180
0 1906 417 2056
1135 1886 1494 2193
424 1886 652 2017
1135 1880 1272 2010
946 1867 1175 2258
202 1821 522 1984
1090 1808 1305 1951
228 1775 691 1932
1651 1769 1893 2474
626 1769 1024 2049
1077 1762 1521 1991
946 1756 1168 1951
470 1625 691 1808
554 1586 757 1723
1312 1560 1534 1756
633 1547 972 1840
1272 1540 1612 1880
933 1527 1370 1788
0 1494 639 1821
411 1462 567 1592
920 1455 1057 1592
1351 1436 1540 1618
267 1410 483 1560
724 1357 946 1599
32 1351 319 1586
280 1312 450 1442
470 1272 796 1560
933 1266 1436 1664
1762 1253 2291 2010
1840 1220 2448 2369
1605 1194 1951 1429
1233 1188 1553 1449
953 1161 1233 1390
1501 1142 1684 1272
1031 1103 1194 1266
665 1096 796 1259
1612 1077 1912 1299
1370 1057 1631 1266
757 1057 959 1240
1214 998 1410 1129
1534 992 1840 1188
1756 966 1912 1103
352 966 541 1201
1867 953 2448 1279
261 953 430 1103
855 946 1024 1109
476 940 894 1175
0 940 848 1455
0 940 241 1194
1618 900 2448 1057
1344 796 1690 959
2252 789 2448 926
711 783 985 933
0 763 156 972
1886 731 2043 913
2239 724 2382 907
2017 724 2232 900
78 718 404 1037
2082 685 2265 861
874 665 1155 926
1410 652 1925 913
1024 587 1370 907
1547 580 1677 783
2069 574 2258 731
254 567 620 920
1671 561 2010 783
2258 548 2448 731
789 535 940 868
1547 502 1742 698
972 489 1148 685
1964 463 2108 757
1886 456 2023 594
2160 450 2343 698
300 450 502 626
1788 424 1945 594
2030 417 2226 613
881 417 1031 724
665 391 946 646
1645 385 1853 607
1377 359 1605 633
1129 359 1586 855
1057 359 1351 574
868 359 1064 502
2245 352 2448 607
2082 352 2369 587
1586 352 1782 483
1475 352 1710 541
365 339 855 907
1390 293 2115 515
0 182 404 940
2271 150 2448 345
254 110 398 241
2141 0 2376 143
731 0 2448 352
0 0 972 404
0 913 2448 3263
0 0 2448 1305
1964 2219 2108 2526
0 0 2448 1299
0 913 1729 2957
0 1142 2448 3263
0 2624 2448 3263
1410 1142 2448 2996
1410 1951 1579 2363
0 2813 2448 3263
1488 1142 2448 2996
1834 2173 2082 2480
2154 2356 2448 2735
2154 2356 2448 2715
1501 1821 1906 2931
1135 1880 1272 2088
1677 2252 1906 2931
0 2846 2448 3263
0 913 1612 2304
0 2010 1729 2957
0 2102 1729 2957
1716 2310 1906 2931
0 0 2448 515
0 182 2448 1299
1488 1142 1951 1808
1605 1194 1951 1808
691 2102 1468 2317
0 2134 1729 2957
907 2722 1416 2911
959 2722 1416 2911
953 470 1148 763
1625 1220 2448 2996
0 1821 652 2017
1964 2141 2376 2585
1801 2448 2448 2996
0 2389 1096 2598
1984 685 2448 926
2082 685 2382 907
868 1390 1057 1736
2030 2141 2376 2585
2030 2141 2317 2585
1501 1821 1723 2402
0 2415 1096 2598
0 182 1188 1103
953 470 1148 685
1090 293 2115 515
0 182 1188 1037
0 1821 522 1984
1501 1821 1664 2369
1742 2415 1906 2931
0 1442 215 1605
0 1442 169 1586
1488 1142 1684 1507
0 0 2448 496
1077 1762 1521 2017
0 2421 1729 2957
0 2134 1716 2493
1592 2624 1736 2898
1331 3074 1638 3263
541 1873 1070 2206
607 1873 1070 2206
672 1873 1070 2206
718 1873 1070 2075
280 1312 522 1449
254 339 2448 1299
1103 796 2448 1299
0 913 1553 1455
1651 1220 2448 2474
1194 796 2448 1299
254 339 2448 926
1788 424 2023 594
0 913 1534 1455
1801 2448 2408 2937
1834 2448 2095 2748
1801 2532 2408 2937
0 2904 737 3263
0 2421 1729 2944
626 2846 2448 3263
0 1266 1612 2304
0 1906 698 2304
0 2702 744 2957
0 2807 744 2957
1357 992 1840 1188
0 913 1410 1455
0 2904 372 3035
2082 685 2330 861
868 1390 1057 1592
97 2010 489 2297
1651 1664 1893 2474
0 1266 1612 2265
1272 1351 1612 1880
1873 2532 2408 2937
1272 1436 1612 1880
881 411 1103 724
0 1266 1494 2265
0 1351 757 1932
0 1351 639 1821
2258 548 2448 894
0 2904 470 3263
757 946 1024 1240
0 2480 1168 2885
0 2480 972 2885
0 2480 972 2878
0 182 404 1037
0 2212 1416 2493
0 1906 698 2180
953 2421 1729 2944
0 2480 907 2859
254 339 2010 926
1886 352 2448 913
470 1266 1494 2265
946 1756 1494 2265
1044 2421 1729 2944
1481 2421 1729 2696
946 1867 1494 2258
1370 953 2448 1299
0 718 404 1037
2069 352 2448 731
365 339 2010 926
1377 352 1853 698
1044 2474 1664 2944
228 1586 757 1932
1377 359 1742 698
744 2846 2448 3263
2082 352 2448 698
744 2846 1899 3263
1475 352 1853 607
365 339 1155 926
0 2480 587 2859
1612 953 2448 1299
1024 359 2010 913
2082 352 2369 698
470 1266 1436 2049
1044 2474 1579 2709
254 450 620 920
626 1527 1370 2049
267 1410 567 1592
744 2846 1788 3263
365 339 946 907
665 391 946 868
470 1266 1436 1664
470 1272 946 1599
633 1527 1370 1840
1129 359 2010 913
1410 561 2010 913
0 2480 587 2839
0 2421 1436 2872
0 306 2448 3263
0 0 2448 985
1403 1821 1664 2369
0 2480 809 2872
1148 1880 1299 2023
1964 2173 2448 2793
1964 2173 2448 2741
0 306 2448 2519
1645 1246 2448 2519
0 2408 2448 3263
0 306 2448 2467
0 339 2448 2467
1481 1821 1638 2180
0 2421 2448 3263
0 2102 1560 2467
0 2134 1560 2467
2095 2545 2389 2813
0 339 2448 2330
0 1860 672 2271
215 1860 672 2186
319 1860 672 2186
326 1899 672 2186
724 1912 1083 2075
274 2049 972 2330
0 2102 241 2317
274 2049 809 2330
1912 2904 2448 3263
0 339 2448 2310
1605 1227 2062 1938
1605 1227 1827 1938
1312 1671 1625 1880
0 2820 2049 3263
0 2820 770 3263
548 2904 770 3263
639 2846 2049 3263
241 306 659 789
2010 2134 2382 2395
1240 894 2448 1325
1605 1227 1769 1932
0 2820 613 3263
1645 1703 1984 2519
385 2421 2448 2950
385 2480 2448 2950
385 2480 1873 2950
959 2480 1873 2950
326 1958 600 2186
0 1233 1599 2310
0 1736 1521 2310
0 1233 1599 1834
385 2487 1077 2865
385 2643 763 2865
0 1233 1599 1775
1618 1344 1769 1932
1396 2421 1729 2669
378 2650 1116 2957
626 2650 1116 2911
626 2650 1116 2898
1964 2173 2448 2643
0 2820 574 3263
0 2911 574 3263
1416 1410 1586 1592
1625 1344 1769 1808
0 339 2448 1612
0 1325 1599 1775
0 1325 1005 1769
1742 2487 2448 2918
1742 2487 2180 2918
979 1977 1246 2271
78 339 2448 1037
78 861 1364 1037
78 861 580 1037
1742 2493 1932 2904
254 339 2448 966
0 1775 691 1977
0 926 1710 1612
404 1736 1521 2310
169 2911 574 3263
385 2643 763 2813
1240 894 2448 1299
1286 894 2448 1299
1710 339 2448 920
254 339 2226 966
1847 2487 2180 2918
1853 2539 2180 2918
143 926 561 1155
639 2846 1703 3263
404 1821 1494 2310
404 1821 1325 2310
404 1821 1031 2245
913 1521 1599 1775
254 339 2226 946
1240 940 1677 1135
966 1906 1201 2226
509 2487 1077 2761
1168 1991 1494 2265
1220 1991 1494 2265
404 1821 913 2245
1775 685 2448 920
1775 685 2265 920
1710 339 2448 815
659 339 2226 920
0 1325 672 1605
691 352 2226 920
0 926 1631 1612
0 933 1631 1612
496 1853 913 2245
1462 352 2226 913
1462 352 1984 515
1886 437 2226 913
2088 424 2297 652
691 378 2049 920
691 2147 1325 2310
228 926 561 1135
496 1853 802 2121
913 359 1168 607
1129 378 2049 920
254 352 940 946
959 2480 1736 2950
267 3133 437 3263
1475 3081 1618 3231
1442 3068 1638 3263
169 2931 424 3172
1912 2924 2448 3263
0 2924 241 3263
483 2911 613 3074
359 2911 574 3263
1507 2904 2049 3263
548 2904 737 3263
639 2898 979 3263
744 2846 1703 3263
1605 2793 1873 2937
1873 2774 2062 2918
639 2761 822 2911
1116 2754 1514 2911
2056 2741 2448 2918
430 2715 600 2865
626 2650 1090 2891
385 2643 587 2800
959 2598 1272 2878
829 2585 1051 2774
2226 2565 2389 2748
1540 2558 1723 2780
1853 2539 2180 2891
2088 2526 2323 2793
1742 2493 1893 2904
509 2487 998 2761
1070 2480 1736 2950
0 2480 750 2872
1396 2421 1729 2591
985 2330 1716 2493
0 2265 1266 2467
2226 2258 2382 2395
1964 2219 2271 2643
2232 2186 2448 2741
0 2186 241 2317
972 2173 1325 2310
2154 2147 2343 2376
691 2147 1018 2291
2010 2134 2265 2343
1233 2134 1560 2402
1272 2108 1468 2265
541 2088 809 2226
274 2049 646 2330
1233 2043 1410 2232
705 2030 913 2245
0 2010 300 2271
966 2004 1103 2226
1220 1991 1494 2154
411 1977 600 2186
1129 1958 1338 2088
326 1958 456 2115
1403 1951 1664 2369
750 1945 1083 2075
496 1945 789 2121
1051 1906 1201 2062
0 1906 411 2134
1148 1893 1299 2023
1220 1880 1468 2010
1507 1867 1638 2180
868 1860 1175 2004
509 1853 802 2030
1481 1821 1631 2036
404 1821 548 1984
678 1742 1331 1938
972 1736 1521 1977
0 1729 306 1880
1664 1703 1984 2519
1312 1697 1547 1880
0 1547 972 1834
1266 1534 1599 1775
913 1521 1325 1775
1272 1449 1423 1677
293 1410 672 1605
1618 1403 1749 1932
535 1364 1005 1769
0 1325 522 1579
1658 1292 2062 1618
1762 1246 2448 2467
1605 1227 1762 1429
1756 1188 1958 1325
1475 1181 1736 2115
1514 1129 1710 1286
1534 998 1840 1194
0 998 913 1553
1240 959 1677 1135
809 959 953 1122
463 953 959 1240
326 953 561 1135
822 933 1631 1612
228 926 385 1064
0 926 176 1233
78 861 404 1037
489 822 698 966
2239 724 2395 907
1906 724 2167 913
1984 685 2265 913
254 587 561 946
2199 548 2448 815
1540 535 1677 809
2088 450 2297 652
1886 437 2226 757
691 417 1240 920
1573 411 2017 757
241 391 424 789
1122 359 1325 574
1710 352 1984 515
1462 352 1775 509
372 352 940 933
300 345 600 600
1710 339 2448 698
659 339 933 496
0 332 332 985
293 306 659 470
0 0 2448 731
0 842 2448 3263
1403 1181 2448 2904
0 842 1716 2493
1984 2513 2389 2793
2088 2526 2389 2793
1051 1906 1214 2193
809 274 1442 430
124 1853 456 2141
124 1853 437 2017
2239 724 2448 920
2062 2865 2448 2996
0 842 1631 2330
1051 1906 1201 2154
1403 1181 2448 2826
1625 1246 2448 2826
1964 2134 2448 2826
1625 1246 2448 2519
1403 1181 1769 2402
1403 1181 1762 2402
0 332 2448 1299
874 1488 1064 1723
1964 2134 2448 2643
809 274 1442 417
1716 2291 1932 2904
1742 2408 1932 2904
1749 1188 2108 1364
1403 1181 1749 2402
0 2102 1716 2493
1762 2408 1932 2787
0 842 1631 1612
2232 2186 2448 2826
0 2421 2448 2957
0 1364 1599 2330
404 1821 672 2017
874 2023 1031 2173
215 1958 456 2141
1475 1181 1749 2115
1403 1821 1729 2402
1403 1867 1664 2369
691 1860 1468 2310
750 1860 1338 2088
1129 1893 1338 2088
691 2004 1468 2310
0 2689 809 2957
0 2761 809 2957
0 332 2226 1037
78 822 1364 1037
0 332 2226 985
750 1860 1175 2075
1175 339 2448 1299
0 2904 770 3263
0 2904 587 3263
0 2904 574 3263
0 2421 2448 2950
1605 2487 2448 2937
78 835 1364 1037
639 2846 2448 3263
0 2904 567 3263
0 1364 1599 2265
972 1736 1521 2265
1168 1880 1494 2265
0 2186 1716 2493
0 2820 724 2957
0 2911 326 3263
0 2924 326 3263
0 2421 1736 2950
78 861 1194 1037
78 861 985 1037
78 861 907 1037
78 861 685 1037
0 1853 1031 2330
1462 339 2448 913
1847 2487 2448 2918
1168 1991 1494 2186
691 2147 1468 2310
274 1853 1031 2330
496 1853 1031 2121
1984 613 2265 913
1658 1246 2448 2519
1175 815 2448 1299
0 1364 1599 1977
1266 1436 1599 1880
1462 339 2448 894
1462 352 1984 561
0 2265 1716 2493
1710 339 2448 894
1266 1534 1599 1880
1658 1246 2448 2467
1873 2741 2448 2918
274 1977 913 2330
274 1977 809 2330
1847 2487 2180 2891
0 332 600 985
0 1364 1331 1977
959 2421 1736 2950
0 1364 1331 1938
1462 352 1775 561
1240 940 1840 1194
0 926 913 1579
372 352 2226 933
0 2924 313 3263
372 352 2049 933
913 359 1325 607
1070 2421 1736 2950
0 2480 1090 2891
1396 2421 1729 2780
509 1853 1031 2030
274 1977 646 2330
385 2643 600 2865
293 1364 1005 1769
0 998 913 1579
463 933 1631 1612
254 345 600 946
0 2480 998 2872
0 1521 1331 1938
0 1521 1325 1834
744 2846 2049 3263
372 352 1240 933
0 169 287 567
0 2088 359 2363
2095 2154 2448 2793
1788 1410 2134 1664
711 1769 1455 2441
776 1769 1455 2441
776 1769 1455 2278
2141 2154 2448 2774
0 1462 176 1710
1383 1181 1645 1690
443 0 1272 496
567 345 724 496
267 1175 456 1521
267 1253 456 1521
1227 1651 1671 2369
2141 2493 2448 2774
1723 1266 2245 1547
124 496 287 796
1782 2944 2069 3263
835 2245 1357 2441
0 2467 1729 3263
548 2891 744 3263
1227 1651 1638 2350
1305 1651 1638 2350
1625 646 1880 855
1723 691 1880 855
0 1631 2062 3166
84 1631 391 1827
724 1521 1148 1703
0 1788 2062 3166
1782 2944 1938 3263
443 0 1272 365
796 463 1155 913
796 509 1155 913
796 509 1005 913
0 0 2448 2226
1534 920 2448 1521
1534 920 2448 1455
698 1272 2448 3263
1945 1867 2448 2395
1945 1912 2448 2395
1945 1984 2356 2395
1945 1984 2330 2395
1494 2062 1671 2369
894 1364 1599 1991
1305 1436 1599 1775
0 2023 293 2265
1305 1827 1638 2350
1305 1938 1573 2350
1534 920 2448 1344
0 1814 2062 3166
0 1814 1677 2558
0 1814 1671 2558
0 1814 1396 2558
0 2245 1396 2558
678 2043 2062 3166
1044 2043 2062 3166
1207 2043 2062 3166
698 1331 2448 3263
1762 1645 2095 2049
476 1880 815 2310
476 2088 815 2310
894 1364 1351 1991
900 1364 1351 1782
2088 1272 2448 1521
1605 2043 2062 2937
1305 1991 1494 2350
1305 2043 1494 2350
502 84 724 332
502 84 718 274
1534 940 2448 1344
1501 1827 1638 2180
1103 0 1436 130
1534 940 2402 1344
1925 711 2160 913
293 1801 1227 2226
293 1801 1161 2226
1305 2049 1494 2350
1534 959 2402 1344
2121 959 2402 1299
0 2265 1396 2558
848 2363 1396 2558
757 0 940 332
293 1853 698 2199
2121 1116 2356 1299
1605 2043 1775 2937
0 0 2448 1834
476 1579 1181 1834
1827 940 2232 1259
2056 2154 2330 2395
698 2937 1716 3263
698 2937 1475 3263
1677 2115 2062 2493
411 1801 1161 2226
411 1801 1070 2226
0 1814 548 2304
0 45 228 443
0 202 143 443
2252 1912 2448 2323
0 332 2310 1834
0 887 398 1194
0 0 2448 998
1677 2115 2043 2480
0 2265 920 2493
0 2265 757 2474
0 2265 502 2474
476 2088 783 2310
698 2937 1423 3263
0 0 2448 920
1331 3028 1716 3263
502 0 874 345
678 2813 1148 3100
1534 1077 2193 1344
1762 1645 2062 2049
1795 1769 2062 2049
1534 1331 2448 3263
1534 2865 2448 3263
1534 2865 2448 3166
1658 2865 2448 3159
1788 2865 2448 3159
2017 2865 2448 3113
1938 2944 2448 3263
293 1860 698 2199
678 2826 1148 3100
783 894 1207 1390
509 1618 1181 1834
1645 1331 2448 2924
1645 1331 2448 2278
1742 2154 2448 2924
2023 2154 2310 2637
698 2937 1377 3263
698 2937 1207 3263
737 2970 1207 3263
789 2970 1207 3263
0 907 398 1194
789 894 1207 1240
1645 1331 2448 2160
1716 2160 2043 2480
0 332 1423 1834
378 913 1423 1716
378 913 1423 1625
378 913 1325 1625
378 913 1188 1625
378 913 1057 1625
528 1312 1005 1625
528 1370 940 1625
528 1370 940 1592
0 332 659 1834
0 855 659 1834
0 913 659 1834
0 1037 607 1834
789 1618 1181 1808
1742 2186 2043 2480
