0 0 3263 2448
1161 567 1403 763
0 1651 417 2004
1370 1566 1651 1736
39 1344 463 1605
156 1390 463 1605
195 1390 463 1599
1051 1194 1207 1396
2598 359 2787 502
1005 894 2415 2448
280 959 411 1096
2728 1103 3120 1325
2728 1103 3042 1325
2728 1103 3042 1318
2813 1103 3042 1240
2709 1560 2970 1742
345 626 1142 2219
345 626 1070 2219
345 822 1031 2219
2167 1795 2591 2017
2167 1795 2480 1984
345 966 1031 2219
372 966 1031 2193
378 966 1031 2193
1024 894 2415 2448
2989 2271 3218 2415
0 2186 319 2369
0 2186 182 2330
2382 1423 2709 1618
2428 2049 2780 2330
2434 587 2630 776
2389 1188 2611 1318
3028 1390 3244 1631
691 2147 966 2330
691 2147 966 2291
2676 1769 2983 2128
2676 1769 2957 2036
1057 894 2415 2448
1821 1638 2134 1906
378 966 1031 2154
1821 1664 2134 1906
737 626 1070 946
737 744 966 946
776 776 966 946
1057 1501 1782 2448
1057 1586 1782 2448
1991 2173 2154 2304
1077 1586 1782 2448
1077 1586 1318 2049
1090 2004 1240 2180
1175 1716 1782 2448
1175 1847 1782 2448
1175 1919 1782 2448
1253 1925 1782 2448
1253 1932 1782 2448
1253 1932 1782 2428
1253 2141 1782 2428
1377 2141 1782 2428
1227 894 2415 1684
1227 894 2415 1677
1227 894 2395 1658
855 626 1070 829
378 966 1018 2154
1507 1207 1814 1553
1227 894 2395 1592
0 678 1821 2448
1272 528 1468 783
822 940 1142 1070
378 966 998 2154
378 1201 998 2154
378 1207 998 2154
378 1305 998 2154
1227 1037 2343 1592
1325 1037 2343 1592
1847 1220 2343 1592
1919 1220 2343 1592
1919 1220 2343 1521
0 0 3263 1344
430 1677 998 2154
587 966 802 1201
1325 1037 1938 1410
1377 2160 1736 2428
404 822 665 985
0 1756 130 2049
894 1318 1070 1658
1325 1037 1664 1286
372 1834 561 2088
1233 300 3263 2448
2428 2134 2669 2330
1292 2258 1671 2448
1625 1070 1938 1410
0 691 802 1756
1684 894 2395 1351
1227 1175 1592 1436
1377 2160 1710 2330
685 1684 998 2154
685 1775 998 2154
685 1899 998 2154
685 1899 998 2043
156 1429 332 1605
0 1651 398 2004
32 1703 398 2004
496 1305 881 1547
1331 1932 1775 2219
933 626 1070 829
580 1651 815 1847
0 691 802 1736
0 691 802 1677
0 691 802 1651
378 1305 881 1716
2683 2297 3074 2448
110 1560 463 1756
594 1501 881 1716
2160 2291 2408 2448
2389 1488 2709 1618
398 678 1821 2448
0 1631 659 2448
0 2252 509 2448
293 2199 665 2389
1827 300 3263 2448
378 1305 718 1521
0 0 3263 1312
1951 221 2474 476
1951 221 2356 424
2147 221 2356 424
1233 1305 2428 2448
907 1318 1070 1586
3055 1423 3263 1645
1697 796 2075 972
639 1396 881 1547
1116 711 1351 1005
855 0 1416 293
2454 0 2826 150
450 143 776 352
1370 2056 1775 2219
32 1703 339 2004
1325 1253 1592 1436
2937 300 3263 554
1233 1325 2428 2448
1233 1325 2239 2448
1664 2199 2193 2448
430 1677 763 2036
430 1677 763 1919
1233 1325 2239 2382
2154 1312 2467 1592
1827 483 3263 2448
2141 1560 2598 1906
352 156 731 443
1233 1364 2239 2382
2317 1194 3002 1592
0 691 796 1651
0 1631 659 2284
2702 1919 2865 2134
2480 1396 3002 1592
398 750 1821 2448
1684 894 2258 1351
398 1867 1455 2448
352 241 731 443
1279 235 2049 842
1410 235 2043 763
1410 293 1932 763
0 1175 293 1651
607 750 1821 1951
900 1305 1272 1951
972 1305 1272 1716
2206 1560 2598 1906
0 0 365 326
0 13 365 326
0 13 254 326
3081 300 3263 470
2206 1560 2572 1906
2206 1664 2480 1906
0 691 796 1318
398 1932 1455 2448
0 1631 659 2239
2630 1899 3263 2448
2820 1945 3263 2448
2878 1945 3263 2448
607 750 1821 1527
1233 1364 2088 2382
1233 1364 1834 1886
1233 1462 1703 1886
1279 483 2049 842
1279 639 1729 842
0 1801 483 2239
913 750 1821 1527
1827 1240 3263 2448
2317 1194 2669 1507
913 750 1716 1527
1057 1057 1410 1527
1155 1207 1410 1527
84 691 796 1318
84 802 796 1318
2780 483 3263 1364
1605 1488 2088 2382
1658 1488 2088 2382
1658 1612 1991 2382
2780 483 3263 1246
2780 783 3263 1246
2780 887 3263 1246
2924 887 3263 1246
0 0 1827 1148
554 0 966 202
750 0 1827 770
802 0 1827 763
1005 0 1827 763
1827 1788 2265 2199
1658 1612 1912 2049
607 1240 959 1521
913 750 1716 1351
913 750 1579 1351
1664 483 2049 822
1716 0 3263 1312
2284 705 2774 1266
2284 763 2767 1266
2102 1240 3263 2448
2735 1240 3263 2030
2800 483 3263 881
855 0 1233 293
2754 1240 3263 2030
561 1932 1455 2448
561 1932 1155 2448
2284 887 2767 1266
0 0 1266 1148
0 587 411 1148
0 672 352 1148
1070 0 1827 600
561 1932 1155 2226
1716 0 2656 1011
1716 0 2519 1011
2102 1560 2826 2448
1410 293 1919 665
1925 352 2330 1011
2800 574 3263 881
1716 0 2519 404
1057 750 1579 1122
2728 150 3035 326
1716 0 2519 274
2160 215 2656 809
2160 215 2656 652
2160 417 2637 652
0 1847 483 2239
2310 215 2656 535
1070 78 1716 600
2754 1246 3263 2030
2911 1553 3263 2030
2180 1560 2826 2448
2415 0 3263 1312
2454 378 3107 1312
2506 378 3107 1024
2454 887 3022 1312
2911 1553 3192 2030
0 0 1266 802
0 0 959 802
195 398 959 802
2415 0 3263 515
1716 0 2271 254
437 411 959 802
470 424 959 802
639 91 1266 522
639 91 1018 476
2800 659 3263 881
0 0 541 659
1070 189 1716 600
1070 195 1599 600
1070 195 1429 594
2180 1664 2820 2448
0 39 541 659
0 143 496 659
84 920 718 1318
2304 1664 2820 2245
2506 378 3107 737
2415 0 3166 515
2415 0 3166 437
2604 0 3166 437
2637 0 3166 345
2637 0 3139 345
0 163 326 659
1468 2310 1671 2448
2800 2297 3074 2448
2219 2297 2408 2448
1181 2297 1357 2428
2160 2291 2317 2448
0 2265 306 2448
1292 2258 1553 2448
274 2252 509 2448
293 2232 548 2389
91 2232 319 2369
2820 2226 3153 2376
1605 2219 1860 2376
2487 2212 2676 2402
1951 2199 2193 2448
1051 2199 1240 2343
483 2199 665 2337
718 2186 1135 2448
1396 2160 1710 2323
2428 2147 2604 2330
2102 2147 2304 2350
1586 2141 1782 2284
398 2115 731 2448
1370 2062 1566 2219
1540 2056 1775 2206
2637 2049 2780 2284
1083 2036 1455 2337
411 2023 607 2193
0 2017 156 2173
2180 2010 2545 2448
2878 2004 3263 2448
1090 2004 1240 2147
3107 1984 3263 2134
2735 1984 2865 2134
561 1984 926 2206
1664 1977 1991 2382
3009 1945 3185 2154
1925 1945 2265 2199
1867 1945 2049 2239
372 1938 528 2088
1331 1932 1729 2128
913 1932 1155 2226
2160 1925 2428 2062
2304 1919 2689 2245
1175 1919 1351 2049
2585 1912 2813 2141
2833 1906 2983 2128
2630 1899 2976 2448
685 1899 855 2043
515 1886 705 2036
0 1873 319 2239
0 1873 130 2049
3042 1867 3263 2023
1658 1860 1893 2049
248 1847 483 2180
2017 1840 2212 2023
78 1840 215 2004
411 1834 561 1971
2761 1821 2957 2036
1024 1821 1175 1958
248 1821 398 1951
2167 1808 2350 1951
189 1801 339 1997
2304 1795 2480 1984
1240 1795 1560 2049
1827 1788 2036 1984
2911 1782 3113 2030
1540 1775 1756 2017
587 1775 763 1919
3055 1769 3263 1971
1077 1756 1299 2049
835 1736 1018 1912
2441 1729 2598 1880
1462 1716 1651 1893
32 1703 339 1860
2735 1677 3094 1886
430 1677 639 1821
2206 1671 2376 1801
2467 1664 2820 2017
2232 1664 2480 1906
1821 1664 2128 1834
1527 1631 1775 1795
345 1631 659 2049
3094 1625 3263 1860
1357 1625 1586 1782
110 1618 345 1756
1671 1612 1912 1932
2141 1586 2297 1795
1161 1586 1318 1775
900 1586 1148 1951
1521 1566 1651 1736
2539 1560 2826 1801
2350 1560 2572 1775
2911 1553 3192 1801
0 1534 248 1736
2004 1507 2239 1893
685 1507 1037 1742
1233 1501 1521 1886
1194 1501 1357 1664
594 1501 802 1684
1847 1488 2088 1742
2252 1481 2415 1677
3094 1475 3263 1645
1514 1462 1703 1703
3035 1455 3244 1631
1051 1449 1272 1716
3055 1423 3263 1553
2480 1416 2931 1592
907 1416 1070 1586
372 1416 685 1677
2722 1396 3002 1534
3028 1390 3172 1521
195 1390 391 1599
1847 1377 2010 1553
1181 1377 1410 1527
1664 1364 1834 1631
1312 1357 1468 1494
1886 1351 2147 1527
2154 1331 2350 1573
0 1331 189 1651
1410 1325 1586 1514
2284 1312 2467 1592
1756 1305 1893 1566
972 1305 1220 1494
496 1305 672 1442
2421 1286 2669 1507
1638 1286 1814 1442
802 1279 959 1521
2558 1266 2807 1410
2754 1246 3113 1625
2944 1240 3218 1442
607 1240 913 1475
1919 1220 2343 1429
215 1220 580 1462
1507 1207 1723 1553
1155 1207 1357 1436
411 1207 672 1344
2317 1194 2519 1410
3113 1188 3263 1364
1932 1181 2062 1318
1227 1175 1429 1338
0 1175 293 1364
1769 1168 1919 1410
2630 1135 2846 1344
2728 1129 2976 1318
815 1090 1011 1253
2937 1070 3166 1246
1625 1070 1938 1338
2454 1064 2813 1312
1057 1057 1338 1240
1886 1044 2258 1351
1325 1037 1658 1286
2356 1018 2767 1266
2780 998 3028 1175
2115 998 2395 1331
156 992 293 1135
913 985 1168 1351
404 966 718 1201
757 959 985 1116
3100 953 3263 1246
822 940 1031 1070
0 933 163 1207
84 920 600 1318
1684 894 2160 1103
2924 887 3192 1122
2565 887 3022 1103
2284 887 2539 1135
1429 887 1716 1096
1057 861 1396 1122
926 848 1122 1024
1782 842 2075 972
685 822 979 985
71 815 352 1148
0 815 208 992
855 802 992 953
306 802 796 1083
1697 796 1919 940
1116 789 1351 1005
2904 783 3126 913
221 770 391 985
2337 763 2604 985
1540 750 1821 1116
1240 750 1579 1031
2239 744 2448 940
2800 718 3061 874
1148 711 1338 874
2461 705 2774 933
1325 691 1729 842
378 691 665 979
228 685 398 815
933 678 1168 894
0 672 248 868
2963 659 3263 881
1664 659 1964 822
2611 652 3002 1024
1951 652 2330 1011
1279 639 1599 842
1984 633 2134 789
2807 620 3015 757
2265 594 2539 809
470 594 789 802
2434 587 2630 724
84 587 411 783
750 580 959 770
2976 574 3198 718
1736 574 1932 763
1240 567 1403 763
1540 561 1736 737
1005 554 1266 763
1272 528 1468 685
3113 483 3263 691
1853 483 2049 776
2807 470 3107 646
2258 443 2637 652
548 437 744 646
2663 424 2878 567
646 424 959 652
2160 417 2395 646
802 417 1272 672
1410 411 1729 665
437 411 665 652
0 411 326 659
2937 398 3263 554
195 398 528 711
215 385 398 522
2506 378 2846 737
1925 352 2317 757
2669 339 3061 515
1344 332 1599 600
1070 332 1312 509
639 326 926 476
221 300 476 450
1631 293 1919 659
463 287 731 443
2147 274 2317 424
2604 267 3166 437
1951 261 2173 391
2310 248 2611 535
352 241 535 372
1814 235 2043 443
1703 235 1853 437
940 228 1266 522
2219 221 2356 404
2434 215 2656 417
1364 208 1579 391
1880 195 2252 404
1227 195 1429 594
3068 189 3263 339
1507 189 1716 456
39 176 202 326
580 169 776 319
750 163 1018 476
0 163 293 496
398 156 528 319
2728 150 3002 326
450 143 626 352
254 143 496 365
926 117 1233 293
2885 110 3139 345
2415 104 2807 313
3100 97 3263 228
639 91 894 378
0 84 150 221
1240 78 1442 208
130 58 365 306
2970 45 3159 208
306 39 541 235
1083 19 1416 182
1860 13 2036 163
554 13 966 202
0 13 254 182
3094 0 3263 143
2807 0 3166 143
2637 0 2931 248
2160 0 2519 274
1860 0 2271 254
1716 0 2036 169
1351 0 1827 241
855 0 1142 182
789 0 953 137
463 0 822 241
0 470 3263 2448
0 0 3263 1011
0 587 2519 2448
1821 470 3263 2448
84 319 398 522
1161 1586 1325 1801
2102 372 2239 587
0 587 1860 2448
0 1279 1860 2448
0 587 1031 2219
2728 1070 3263 1442
2728 1070 3263 1364
607 678 2519 2448
1769 130 2023 280
1788 130 2023 280
65 2212 319 2369
2434 587 2696 776
1605 2128 1860 2376
789 0 1031 156
2382 1259 3061 1592
2382 1266 3061 1592
2428 1899 2865 2448
2487 2212 2676 2448
0 1279 1775 2448
2304 1795 2591 2017
71 1364 815 1847
71 1364 391 1599
894 1194 2519 2448
0 587 1031 2193
1194 1357 1488 1664
1997 992 2186 1155
1031 2258 1560 2448
1292 2258 1560 2448
0 0 2075 1005
1716 0 3263 1011
685 802 992 1246
685 802 992 985
607 678 2395 1703
2082 1396 2239 1703
2082 1501 2239 1703
607 678 2395 1553
750 959 985 1246
2467 639 2604 776
607 678 2395 1475
2115 2291 2317 2448
372 1834 607 2193
0 587 1031 2173
352 156 731 470
2141 1194 2519 1795
2141 1481 2415 1795
221 770 411 1096
1821 1423 3263 2448
1821 1638 2128 1867
1821 1638 2128 1834
2167 470 3263 1951
352 241 731 470
894 1194 2408 2448
685 1279 1775 2448
770 2199 1357 2448
1827 1423 3263 2448
2683 2226 3153 2448
894 1194 1272 1808
0 1782 215 2173
0 1782 156 2173
0 1873 156 2173
372 1416 815 1847
0 1631 926 2448
0 587 1031 2154
0 587 802 1860
3055 1423 3263 1971
1181 1207 2408 2448
1357 1566 1651 2056
1357 1625 1651 2056
2480 1266 3061 1592
2480 1266 3002 1592
372 1416 815 1723
737 391 2075 1005
894 1286 1272 1808
894 1305 1272 1808
972 1305 1272 1808
770 2199 1299 2448
835 2199 1299 2448
2154 1194 2519 1592
1155 894 2395 1436
2904 783 3231 1031
1462 1716 1651 2056
411 966 802 1344
411 1103 789 1344
411 1201 789 1344
2160 1481 2415 1677
1847 1377 2115 1553
1325 894 2395 1429
2428 1899 2865 2330
156 1429 1031 2154
156 1429 463 1664
1051 1449 1272 1808
2428 1912 2865 2330
2572 1912 2865 2284
2585 1912 2865 2284
2585 1912 2865 2141
0 0 1919 802
3055 1423 3263 1860
450 0 966 352
1312 1357 1488 1566
737 391 2049 1005
2160 0 3263 535
607 678 1821 1475
1827 1664 3263 2448
1827 1788 2428 2199
1253 2141 2082 2448
1253 2160 2082 2448
1253 2160 2004 2448
1253 2160 1710 2448
417 1612 1031 2154
0 0 254 326
1331 1631 1775 2219
1664 1945 2408 2448
1664 1945 2304 2448
1664 1977 2304 2448
1951 2147 2304 2448
1155 1175 1592 1436
1227 1175 1592 1370
0 587 796 1860
1377 2160 1710 2448
1396 2160 1710 2448
430 1664 1031 2154
1331 1631 1775 2206
2350 1188 2689 1507
450 13 966 352
150 1984 926 2448
398 1984 926 2448
515 1664 1031 2154
2937 1070 3263 1364
2350 1286 2689 1507
2350 1286 2669 1507
1331 1775 1775 2206
1325 894 2343 1429
685 1279 1455 2448
718 2036 1455 2448
32 1618 345 1860
587 1664 1031 2154
685 1664 1031 2154
685 1664 1031 2043
685 1736 1018 2043
1181 1207 2239 2049
1181 1207 2088 2049
1331 1932 1775 2206
737 554 1351 1005
737 554 1338 874
737 554 1266 874
737 580 1070 874
776 626 1070 874
685 1279 1299 2226
450 1396 802 1684
822 848 1142 1070
0 587 796 1736
0 1331 254 1736
0 1331 248 1736
0 587 796 1462
215 1220 672 1462
2167 1135 3218 1951
2630 1135 3218 1625
2284 470 3263 1312
3015 757 3263 1246
3100 861 3263 1246
718 1736 1018 1912
2180 1664 3263 2448
0 587 796 1364
1325 894 2258 1351
1325 894 2160 1338
1181 1207 1893 1566
1181 1207 1814 1553
1181 1207 1723 1553
1181 1253 1586 1527
685 1507 1299 2226
685 1507 1299 2049
2167 1553 3218 1951
2206 1553 3218 1906
802 0 1919 672
685 1507 1148 1951
855 626 1070 815
1514 1364 2088 2049
1658 1364 2088 2049
737 580 959 802
1658 1364 1912 2049
1716 0 2846 1011
1716 0 2271 404
1279 391 2049 842
2160 0 3263 515
607 985 1168 1475
2807 470 3263 718
1181 1253 1436 1527
2004 1507 2239 2023
2630 1135 3113 1625
933 678 1821 1122
2284 652 3263 1312
2630 1782 3263 2448
2878 1782 3263 2448
1814 235 2846 1011
2160 378 2846 985
2160 378 2846 809
1540 483 2049 776
1540 561 1932 763
2976 483 3263 718
802 332 1312 672
0 802 796 1364
0 0 1018 802
2206 1553 3192 1906
2206 1560 2826 1906
2454 652 3263 1312
2454 652 3192 1312
2454 887 3028 1312
2565 887 3028 1175
940 0 1919 659
855 0 1403 293
2461 652 3192 1122
1057 750 1821 1122
2735 1553 3192 1886
0 0 541 711
0 0 535 711
0 143 528 711
2160 0 3263 437
0 0 535 496
2160 378 2846 737
2160 0 3263 345
437 91 1018 802
940 0 1853 600
0 300 528 711
2434 215 3166 437
1351 0 1853 437
1814 235 2330 1011
0 398 528 711
2461 652 3002 1024
1325 1037 1938 1338
437 326 959 802
940 189 1716 600
0 58 365 496
1057 750 1716 1122
1240 750 1716 1096
2160 0 3263 313
2807 0 3263 208
2258 378 2846 737
470 437 789 802
2807 0 3166 208
2232 1560 2572 1906
940 195 1599 600
1227 195 1599 600
2160 0 2931 313
2160 0 2807 313
1475 1566 1651 1742
1684 894 2441 1331
2715 1579 2970 1749
2186 1984 2428 2219
2983 2271 3263 2448
1031 2258 1553 2448
345 2036 691 2219
345 2036 620 2219
2421 2049 2839 2448
2421 2128 2669 2330
2421 2134 2630 2330
0 2180 319 2369
0 2180 169 2330
1083 1977 1227 2180
2389 1096 2813 1370
2565 1096 2813 1286
2598 359 2852 502
1971 1507 2232 1951
1997 1507 2232 1951
2598 359 2793 502
3068 1272 3263 1449
2310 1292 2454 1501
0 1429 998 2154
2480 1410 2937 1664
2480 1410 2931 1599
1325 776 2343 1703
1325 887 2343 1703
1325 887 1938 1338
3035 1455 3244 1638
0 1599 998 2154
39 1599 998 2154
1690 1031 2343 1703
1586 887 1742 1096
300 966 1044 1684
1188 1527 1338 1801
1756 1031 2343 1703
1827 1899 2154 2304
763 626 1077 946
1827 1899 2147 2226
1827 1899 2082 2167
2389 1188 2696 1370
0 678 2702 2448
3042 1867 3263 2141
3107 1984 3263 2141
2369 1762 3002 2134
2369 1762 2931 2134
2369 1762 2865 2134
2467 1893 2865 2134
2558 1893 2865 2134
398 1645 659 2082
1168 1005 1299 1201
1051 1188 1592 1586
1051 1194 1592 1586
1240 1808 1566 2219
1253 2056 1853 2330
2369 1762 2552 1991
430 417 626 626
300 966 1044 1436
554 71 809 339
0 757 2702 2448
417 1612 998 2154
430 1697 998 2154
515 1697 998 2154
1853 417 2141 731
2983 2271 3218 2415
894 1423 1175 1801
2095 1521 2232 1703
1951 117 2252 339
1756 1031 2343 1553
2820 1096 3042 1240
2637 2049 2839 2448
2637 2147 2839 2448
300 2199 665 2389
1377 2056 1853 2330
372 1305 796 1684
450 1305 796 1684
502 1377 796 1684
502 1377 796 1521
763 724 992 946
763 724 985 946
979 182 1442 522
979 195 1227 437
979 274 1227 437
848 626 1077 835
300 966 1044 1377
1814 1031 2343 1553
620 802 985 1109
0 1638 561 2088
0 1677 561 2088
189 1677 561 2088
248 1821 561 2088
1494 2056 1853 2271
2389 1188 2617 1318
411 966 1044 1377
411 966 802 1377
411 1103 796 1377
411 1168 796 1377
411 1207 796 1377
528 1207 796 1377
1051 1194 1560 1586
1181 1207 1560 1586
2160 483 2702 887
2160 483 2487 887
574 169 809 339
515 1775 998 2154
515 1775 998 2043
515 1775 855 2043
2702 1906 2865 2134
411 718 763 979
0 757 2617 2448
0 1756 744 2448
1814 1031 2343 1488
156 1429 437 1612
156 1429 391 1612
1181 1246 1560 1586
1188 1246 1560 1501
1227 1246 1560 1501
1312 1246 1560 1501
0 1756 672 2448
0 0 3263 1246
894 1423 1070 1658
1560 776 1821 1116
1423 110 1919 437
1423 110 1853 437
1455 215 3263 2448
1540 437 1971 763
1736 437 1971 763
0 1677 254 2004
691 802 985 1109
0 1801 672 2448
1168 182 1442 522
848 646 1057 835
1782 646 2134 913
1834 646 2134 868
1227 1233 1867 1658
1227 1233 1729 1658
1227 1403 1521 1658
39 1599 430 1742
1331 1932 1566 2219
1312 1246 1468 1501
0 1801 672 2389
0 1801 483 2284
1853 417 2141 639
1853 417 2062 639
1821 1488 2173 2023
0 1142 815 1723
0 1142 580 1716
58 1677 254 2004
417 1612 574 1821
718 13 966 261
2728 659 3028 966
515 1775 848 2036
515 1775 809 2036
1814 1031 2323 1318
1344 789 1684 1051
3120 215 3263 450
2350 587 2702 848
2735 659 3028 966
1455 280 3263 2448
561 757 2617 2448
1677 235 1853 437
2160 594 2487 887
1344 789 1658 985
1821 1488 2121 1912
1906 71 2833 424
1906 71 2519 424
1906 71 2350 424
1906 221 2350 424
0 1364 339 1716
1540 489 1827 737
652 1344 1011 1775
2186 1312 2722 1775
2245 1312 2722 1775
3048 1357 3263 1645
2800 678 3028 966
2585 1984 2976 2369
2585 1984 2976 2271
0 685 718 1246
1925 1051 2323 1318
411 724 763 979
0 685 705 1246
1912 757 2558 1090
2421 215 2833 391
2487 215 2833 391
2167 757 2558 1090
0 0 3263 1024
1592 554 1977 985
0 685 352 1148
2108 1410 3263 2448
0 1801 483 2219
1455 280 3263 1540
561 1005 2617 2448
1925 352 3263 1540
