0 0 6000 3996
2352 1752 2844 2256
1956 2064 2304 2364
4476 3312 5400 3996
3864 1944 4368 3060
4716 1332 5364 2160
4860 1488 5364 2160
5736 804 6000 1116
1392 1176 1992 2244
1392 1176 1992 2052
1392 1704 1956 2052
3096 744 4260 2352
3348 1104 4260 2352
3444 1104 4260 2352
3444 1224 4260 2352
2220 2220 3144 2676
5292 1980 6000 3936
5640 1980 6000 3216
4212 156 4716 648
0 576 360 1068
4224 708 4656 996
3012 2892 4080 3888
3096 2892 4080 3756
1176 588 1620 1140
1176 696 1620 1140
1572 1176 1992 1848
5124 0 6000 324
5160 1488 5772 1860
0 2052 1296 3996
2916 0 4224 792
3984 3504 5340 3996
3456 1512 4260 2352
1572 2328 2028 2856
0 0 2040 540
0 0 2040 336
2604 2988 3108 3396
2304 144 2856 468
4224 708 4632 996
0 540 1536 2736
0 540 1152 2292
0 540 1152 2196
0 1044 888 2196
0 1056 888 2196
5160 1488 5772 1812
1440 396 2508 1080
1512 480 2508 1080
1896 480 2508 1032
1896 528 2508 1032
1572 2328 1944 2856
1572 2412 1944 2856
4908 2652 6000 3996
4596 132 5568 1224
3780 1188 4836 2760
1284 588 1620 1020
216 2052 1536 2736
216 2052 1488 2652
5640 1980 6000 2796
0 0 1608 336
1404 2628 1872 3156
3780 1188 4836 2616
4056 1680 4836 2616
4056 1896 4836 2616
4056 2016 4644 2616
3288 3732 3780 3996
396 540 1152 1740
396 540 1152 1536
756 540 1152 1092
3096 2892 3912 3756
3096 2892 3900 3756
204 2916 888 3996
600 1572 3660 3996
2136 1572 3660 3228
2136 1620 3660 3228
2472 1620 3660 3228
2472 1812 3660 3228
2472 2028 3240 3228
2736 2040 3240 3228
2736 2400 3240 3228
4596 132 5544 1224
840 540 1152 876
1488 1908 1968 2244
5640 2196 6000 2796
600 2436 3060 3996
600 2436 2868 3996
2208 2796 2736 3264
3780 1188 4632 1716
2916 0 4176 792
2916 0 4044 792
2916 0 4044 612
2916 0 4044 468
4908 3084 6000 3996
5196 3084 6000 3996
396 804 1020 1536
396 804 1020 1464
4056 2196 4644 2616
4668 684 5544 1224
2988 1620 3420 1932
3864 1968 4368 3060
4596 132 5232 816
4704 132 5232 768
5028 876 5544 1224
4188 2268 4644 2616
1440 0 2040 324
0 0 4968 2688
3948 0 4848 576
3948 0 4848 372
2136 2556 2808 2952
2208 2568 2808 2952
2784 0 6000 3996
3312 1644 3816 2484
3312 2100 3660 2484
3096 744 3660 1320
792 732 2160 1692
792 840 2160 1692
912 840 2160 1656
912 876 2160 1656
1104 876 2160 1656
1692 1320 2160 1656
3564 1644 3816 2160
3564 1776 3816 2160
696 2436 2868 3996
876 2436 2868 3996
2364 612 3708 1980
3096 744 3564 1248
1356 2592 1632 3228
2916 0 3792 324
2916 0 3348 324
3660 1512 4260 2196
4668 684 5208 1164
3096 3288 3444 3756
4800 0 6000 2328
4800 0 6000 1800
4800 0 6000 1596
2784 1584 5820 3996
4572 3432 4968 3768
2364 612 3708 1740
1440 0 2040 264
492 0 1608 264
3744 2928 4080 3300
3288 2892 3900 3576
5640 2196 6000 2688
2520 2292 3144 2676
0 48 1884 1248
5316 3744 6000 3996
1020 1008 1464 1296
528 0 4968 2688
528 720 2676 2688
2148 720 2592 1296
5196 3084 5964 3876
3552 3528 4608 3996
3780 1188 4176 1512
5196 3156 5964 3876
528 864 2676 2688
4908 3144 5280 3552
1524 0 4968 1776
2472 2028 3096 2508
1740 0 4968 1776
5580 1632 6000 2328
1524 444 2184 828
2364 612 3468 1740
2364 612 3300 1740
2364 732 3276 1740
2520 1296 3084 1740
0 48 1548 1248
696 2796 1764 3996
4092 1308 4632 1716
2784 1584 5820 3648
5136 1584 5820 2700
4176 1896 4836 2244
4344 1896 4836 2244
2364 732 3276 1440
2364 732 3228 1440
2364 732 2736 1044
5316 3156 5964 3876
5436 3252 5964 3876
2664 612 3300 1020
2664 612 3228 1008
2376 936 3228 1440
5688 2196 6000 2688
5436 3252 5916 3852
4800 0 5664 744
1704 864 2676 2160
2520 1296 3012 1740
3672 732 4152 1104
4908 228 6000 1596
528 1500 2652 2688
204 2916 720 3996
2988 3540 3636 3996
4800 0 5604 744
4800 0 5604 696
4800 0 5604 492
2784 1608 5472 3648
3624 1992 5472 3648
4116 1992 5280 3216
3624 2592 5472 3648
3708 2616 4344 3204
4056 2592 5472 3648
4560 2592 5472 3648
4716 2592 5472 3648
5064 3120 5424 3648
4908 252 6000 1596
3624 3240 4152 3648
0 48 1548 1128
1176 3552 1764 3996
1176 3552 1584 3996
4056 3036 4644 3552
4896 228 5568 696
1704 864 2676 2004
3876 468 4968 1776
1740 0 4476 1404
696 2796 1212 3636
4716 2592 5472 3516
4716 2604 5376 3516
204 48 1548 1128
528 1500 2220 2688
2364 384 3432 852
204 132 1548 1128
4716 2604 5376 3444
1740 0 2520 768
1740 312 2520 768
204 132 1272 1128
312 132 1272 1128
312 132 1272 876
348 132 1272 876
348 348 972 876
4116 2436 4920 3216
528 1500 2220 2628
528 1500 1896 2316
3684 60 4236 564
2784 1608 4440 3600
2784 2064 3924 3600
2784 2700 3924 3600
1704 864 2676 1932
1980 1200 2676 1932
4068 540 4968 1776
4068 540 4968 1668
4152 540 4920 1488
2280 0 4476 1404
1236 2088 2220 2628
2784 2844 3444 3600
3324 1608 4440 2856
3324 1728 4428 2856
1704 864 2256 1404
3324 2052 4020 2856
2280 0 2976 324
3096 2064 3528 2832
528 1500 1896 2208
528 1500 1260 2160
1980 1200 2592 1656
5256 252 6000 948
1068 1500 1896 2208
1068 1524 1644 2208
1488 2088 2220 2628
1488 2088 2088 2628
3036 2844 3444 3408
2772 144 4476 1404
2772 144 3996 1224
2772 144 3816 648
4068 900 4968 1668
5436 3756 6000 3996
3624 3756 3972 3996
1704 3756 2028 3996
5316 3744 5700 3996
3492 3732 3780 3996
2988 3648 3456 3996
5688 3612 5964 3876
5436 3552 5796 3852
2316 3552 3084 3996
3240 3540 3636 3816
3984 3504 5184 3996
4908 3480 5436 3852
5472 3456 5724 3708
4740 3432 5400 3996
3012 3420 3300 3888
2712 3408 3060 3720
3624 3384 3924 3648
3096 3336 3420 3756
5064 3312 5424 3648
4908 3300 5148 3552
2784 3288 3168 3600
3492 3276 3792 3552
5580 3252 5916 3756
3864 3240 4152 3480
948 3180 1212 3636
5316 3156 5616 3696
204 3156 720 3996
3288 3144 3672 3576
4392 3132 4644 3504
2700 3132 3108 3396
4560 3084 4968 3612
3036 3084 3396 3408
5340 3048 5628 3408
4056 3036 4548 3552
1680 3012 1944 3300
2244 3000 2592 3336
4944 2964 5268 3516
3744 2928 4044 3204
3660 2928 3912 3504
3288 2892 3900 3444
2208 2892 2712 3264
3912 2844 4344 3204
3060 2844 3444 3120
4380 2796 4632 3036
696 2796 1020 3264
1788 2760 2352 3324
4440 2724 4800 3156
3336 2700 3924 3024
3168 2700 3540 2940
2208 2676 2568 2952
4716 2664 5196 3444
1404 2628 1872 3084
5004 2616 5280 2964
4116 2616 4548 3216
3708 2616 3960 3012
1236 2580 1476 2856
3864 2568 4152 2976
2352 2568 2808 2904
1884 2568 2148 2832
5652 2496 6000 3216
4212 2472 4572 2760
4488 2436 4920 2892
2520 2436 2808 2676
3096 2424 3516 2832
2772 2400 3240 3228
1452 2376 1776 2688
4572 2352 4812 2604
948 2352 1488 2652
1896 2316 2220 2592
2772 2292 3144 2544
5640 2244 5892 2616
4356 2232 4812 2484
3324 2232 3996 2856
2220 2220 2592 2640
1236 2220 1584 2520
1488 2160 1836 2628
1092 2160 1380 2412
5172 2124 5412 2676
3312 2100 3636 2400
5292 2088 6000 3936
1716 2088 2088 2424
3096 2064 3528 2472
3744 2052 4020 2388
2748 2052 3096 2388
216 2052 1020 2616
2796 2040 3240 2436
2472 2028 2808 2508
2076 2028 2652 2484
4152 2016 4476 2304
4632 1992 5280 2508
984 1992 1236 2304
3900 1968 4368 3060
1512 1908 1968 2172
4344 1896 4632 2136
1824 1896 2364 2160
5580 1872 5940 2328
372 1848 624 2184
1152 1836 1644 2208
2760 1812 3660 2184
5184 1776 5820 2700
2352 1752 2724 2076
3864 1728 4428 2076
528 1728 924 2160
2520 1716 2916 1980
1632 1716 1956 2052
1392 1704 1884 2028
2976 1692 3276 2064
4320 1680 4560 1932
3276 1668 3576 1908
4464 1656 4872 2160
3564 1644 3816 1956
1860 1644 2184 2004
5640 1632 6000 2124
4704 1596 4944 2076
2016 1596 2676 1932
5136 1584 5532 2148
2772 1572 3060 2004
1068 1524 1548 2196
3816 1512 4260 2076
1488 1500 1896 1836
684 1500 1260 2148
5520 1488 5772 1812
5160 1488 5568 1776
5052 1488 5364 2088
492 1452 864 1740
4476 1440 4896 1776
1752 1440 1992 1848
1896 1392 2160 1656
3348 1368 3624 1800
2796 1356 3468 1716
4716 1332 5004 1656
792 1320 1548 1692
5232 1308 5520 1572
4236 1308 4848 1668
4092 1308 4632 1656
5424 1296 6000 1800
2760 1296 3084 1620
2520 1296 3012 1728
3828 1260 4164 1512
2976 1260 3264 1524
1980 1260 2400 1632
3444 1224 3948 1980
2220 1200 2592 1656
3780 1188 4176 1464
1572 1176 1836 1656
4776 1152 5124 1776
1356 1140 1656 1584
2640 1116 3228 1356
3528 1104 3792 1392
3216 1104 3708 1476
912 1104 1320 1452
1704 1044 2124 1404
1020 1044 1284 1296
0 1044 564 1572
0 996 276 1248
3876 984 4476 1404
2784 972 3096 1224
768 960 1020 1464
2376 936 2940 1440
3348 912 3660 1320
4152 900 4968 1668
4068 900 4644 1416
4152 888 4920 1488
4908 876 5628 1596
5064 876 5544 1224
1104 876 1872 1500
2940 864 3276 1200
1872 864 2256 1356
756 852 1008 1092
5304 840 5700 1236
1428 840 1680 1080
240 840 576 1080
3096 828 3336 1248
396 804 912 1212
3324 744 3564 1116
2664 732 3096 1008
4668 708 5100 1164
0 696 264 1068
4824 684 5208 924
840 624 1152 876
2832 612 3228 900
1896 612 2400 1032
5328 600 5844 984
3132 600 3432 852
1512 588 1956 1080
1380 588 1620 1020
204 576 564 888
0 576 360 996
708 552 984 960
5160 540 5616 948
4380 540 4716 996
5532 528 5820 840
3312 504 3996 1224
5112 480 5568 852
2016 480 2268 804
1524 480 1848 732
3876 468 4428 948
1800 444 2184 828
348 444 828 876
5136 432 5568 756
4896 432 5316 744
3072 432 3360 684
744 432 1020 684
3852 408 4200 684
5580 396 6000 888
2364 384 3216 828
1932 348 2520 768
624 348 972 660
4896 336 5304 696
3096 324 3816 648
1740 312 2052 588
0 300 480 684
1476 264 1884 504
1200 264 1548 612
5376 228 5772 744
5172 228 5568 552
3888 228 4236 564
3576 228 3888 612
5364 216 5664 480
3672 168 4044 468
600 168 1032 408
4212 156 4644 528
2772 144 3204 564
2436 144 2856 468
888 132 1272 792
4092 108 4524 576
1152 96 1440 540
3156 84 3684 480
1596 48 1872 324
1272 48 1536 312
4980 36 5604 492
5328 0 6000 324
4800 0 5232 252
4440 0 4848 360
3948 0 4584 372
2532 0 2976 324
2280 0 2856 264
1860 0 2364 420
1860 0 2208 300
972 0 1608 240
492 0 1332 264
0 0 696 336
0 0 3564 3996
2208 0 6000 3996
5640 2244 6000 3216
3816 2124 5628 3744
3816 2592 5628 3744
600 2472 1080 2748
1332 1176 1992 2316
1572 1176 1992 2052
444 0 1608 540
4224 2592 5628 3744
4224 2592 5628 3624
2208 912 6000 3996
5436 3084 5796 3852
5472 3084 5724 3708
2532 0 6000 2160
2532 0 5004 1668
4380 2592 5628 3552
2340 1512 2916 2088
2352 1512 2916 2076
2352 1716 2916 2076
4212 0 6000 2160
5472 3252 5724 3708
0 1044 3300 3996
3564 1776 3864 2196
0 0 3564 1932
372 1704 780 2184
840 1992 1236 2304
4224 3312 4668 3624
4740 3432 5616 3996
3240 3288 3636 3816
4380 2592 5604 3552
2268 528 2508 912
4212 0 6000 1800
3936 3660 4740 3984
2712 3408 3300 3888
4800 780 5232 1152
5412 1872 5748 2292
4668 0 6000 1800
4776 1152 5364 2160
4392 2592 5604 3552
1332 1908 1968 2316
2208 912 3972 3996
2520 2292 3144 2988
372 1704 648 2184
2784 600 3564 1248
2784 600 3432 1224
2904 600 3432 1020
0 0 3276 1932
0 1044 3108 3996
4212 156 4776 816
0 1044 1632 3996
2748 2040 3240 2436
0 1044 1584 3996
744 432 1152 1092
4392 2592 5604 3516
396 1452 3108 3996
792 840 1680 1692
792 1008 1656 1692
1176 624 1476 1068
1236 2580 1632 2868
2532 0 4848 996
3060 2700 3540 3120
2772 144 5004 1668
3288 1188 6000 3996
2532 0 4848 948
3288 1488 6000 3996
4056 2196 4644 2760
4188 2268 4644 2760
2772 144 4968 1668
3780 1188 4896 2244
4176 1680 4836 2244
1836 2064 2304 2676
1836 2184 2304 2676
1896 2184 2304 2592
2520 2436 2952 2988
2208 2892 2964 3336
444 0 1608 264
2148 720 2664 1380
2016 2436 2304 2868
2760 912 3972 3996
2772 1356 3624 2064
2772 1356 3468 2064
2772 1572 3276 2064
2532 0 4524 948
792 1044 1656 1692
4524 300 4776 816
756 624 1152 1092
3780 1188 4896 2076
3780 1188 4260 2076
3288 1488 6000 3936
1272 0 2052 588
1272 0 2040 504
4392 2592 5484 3516
1284 840 1680 1140
5184 1632 6000 3936
5580 1872 6000 2796
2208 2892 2712 3336
2148 720 2592 1380
3492 2928 6000 3996
3492 2928 5184 3996
3552 3432 5184 3996
4572 3432 4968 3792
4092 1308 4896 1776
4392 2604 5484 3516
792 1044 1548 1692
5688 1980 6000 2796
5724 1980 6000 2796
396 1452 1896 2520
5664 648 6000 1020
4212 2400 4644 2760
2760 912 3948 3756
3312 1980 3828 2484
3312 1980 3816 2484
4560 3060 6000 3996
4560 3084 6000 3996
1272 48 1884 504
876 1644 3108 3996
2916 0 4524 948
4668 36 6000 1800
4668 252 6000 1800
4908 252 6000 1800
0 0 2268 1464
396 1452 1896 2424
1512 444 2268 1080
3252 0 4236 564
5064 600 5844 1224
4440 2604 5484 3516
4908 3156 6000 3996
1512 444 2184 1080
3504 0 4128 288
2988 3648 3972 3996
2988 3648 3780 3996
2988 3648 3588 3996
3288 1488 5772 3648
4152 1488 5772 2964
4152 1656 5292 2964
4152 1992 5292 2964
5136 1488 5772 2148
0 0 1752 1464
1200 264 1752 1020
5232 1152 6000 1800
3156 84 4524 948
1308 1644 2808 3324
396 1452 1896 2412
792 1104 1548 1692
1104 0 3276 1932
1860 0 3276 1932
0 0 1272 1464
768 696 1260 1464
4908 3252 6000 3996
4908 3312 6000 3996
4908 3480 6000 3996
396 1452 1896 2292
3492 2928 3912 3552
768 696 1128 1464
3288 1608 4920 3648
1104 876 2124 1548
1356 1644 2808 3324
2076 2028 2808 2784
3288 1608 4920 3552
4176 1896 4632 2136
4896 36 5664 756
4896 36 5604 696
396 1500 1896 2292
3624 3240 4356 3648
3864 3240 4356 3564
2772 2400 3672 3756
3672 540 4968 1668
5184 1632 6000 2700
1104 876 1980 1500
1872 0 3276 1932
2376 612 3276 1728
2376 612 3276 1440
2376 612 3228 1440
1200 264 1752 624
4896 216 5664 756
2208 2568 2808 3072
3672 732 4968 1668
3552 3504 5184 3996
1692 1044 2124 1548
4440 2604 5484 3456
4440 2604 5376 3444
5136 216 5664 756
2076 2028 2652 2784
3744 1608 4440 2388
3864 1608 4440 2076
0 0 1272 1212
240 552 984 1212
2760 912 3948 2832
2760 1668 3660 2832
1356 1644 2364 3324
2376 732 3096 1440
876 2436 3108 3996
2484 3132 3108 3396
2352 2568 2808 3072
1404 1644 2364 3324
1716 1644 2364 2424
1716 1896 2364 2424
3864 2568 4344 3204
5328 0 6000 744
0 0 1272 1068
0 0 1032 468
1404 2160 2352 3324
1404 2412 2352 3324
1404 2412 1944 3084
3216 912 3948 1980
2760 1812 3660 2832
2076 2028 2652 2640
4152 1992 5292 2700
3252 0 4044 468
1872 0 3216 1932
4440 2664 5196 3444
3876 108 4524 948
1680 2568 2352 3324
696 2796 1584 3996
0 132 1272 1068
0 300 972 1068
0 300 828 1068
876 2436 3084 3996
4908 3480 5676 3852
396 1728 924 2292
3288 1968 4920 3552
3288 1968 4368 3444
1872 348 2676 1932
2772 2400 3672 3576
684 1500 1896 2208
5136 1584 5604 2148
0 1044 1488 3996
0 300 828 996
0 300 480 996
3156 84 3888 612
3216 912 3708 1476
3672 732 4644 1416
684 1500 1644 2208
5232 1296 6000 1800
240 804 912 1212
0 0 696 468
4152 2016 4812 2484
1872 348 2592 1656
1872 348 2520 1356
4632 1992 5292 2700
3036 3084 3672 3576
1896 348 2520 1032
4056 2436 4920 3552
3324 1968 4368 3060
3324 2232 3996 3024
0 2052 1488 3996
1680 2760 2352 3324
2280 0 3216 828
2280 0 2856 468
1896 1200 2592 1656
1896 1260 2400 1656
3312 504 4476 1404
3732 1944 3984 2244
2820 2292 3348 2928
2844 2400 3348 2928
4980 1992 6000 3780
5292 2088 6000 3780
0 1032 3048 3996
1656 0 2208 276
5436 1056 6000 1392
5148 1488 5748 1920
5232 1488 5748 1920
5388 1548 5748 1920
744 540 1620 1356
744 540 1344 1356
3324 2400 3672 2880
348 2496 744 2808
1452 384 1752 660
2760 1296 3108 1632
1644 612 2196 1032
816 1992 1260 2412
3744 3264 5400 3996
2964 3420 3312 3996
3420 2100 4644 3072
4056 2196 4644 2868
4116 2388 4620 2868
3096 84 3672 468
3276 2784 4044 3636
2364 144 3084 996
5364 2640 5724 3384
2064 1752 3108 3396
3744 3432 5400 3996
1932 1992 2184 2256
3504 0 4848 348
2604 2892 3108 3396
3636 0 4848 348
3636 0 4788 324
1488 1476 1992 2244
2988 684 5136 2280
1704 2328 2028 2676
1620 1476 1992 2004
1656 1476 1992 1920
2988 1104 5124 2280
2988 1200 5088 2280
2988 1200 5076 2280
2988 1200 4872 2244
2988 1200 4848 2244
3276 1200 4848 2244
3276 1224 4848 2244
3276 1368 4848 2244
3276 1368 4392 1992
4116 2388 4380 2868
3744 3552 5196 3996
2064 1752 2904 3264
2064 2064 2904 3264
2064 2172 2904 3264
2124 2460 2904 3264
2124 2460 2796 2928
1644 612 2136 1032
744 540 1344 1284
4668 684 5136 1164
3192 84 3672 468
1188 1140 1656 1500
960 540 1344 1284
1020 684 1344 1284
1164 0 6000 3996
1164 0 6000 3216
0 0 2628 3324
1080 0 1608 504
1272 84 1536 504
2688 1896 6000 3996
5316 3252 5916 3780
4140 0 6000 3216
4500 0 6000 3216
4704 0 6000 3216
4704 132 5232 648
0 180 2628 3324
2124 2508 2796 2928
4800 0 6000 3216
1164 0 4836 2676
4140 552 4992 1620
4140 900 4860 1596
5004 432 5568 948
2988 1680 3660 2196
276 276 636 780
276 276 564 684
1164 0 4836 2016
1548 0 4836 2016
2364 612 3216 1152
3768 1164 4176 1512
4908 960 6000 3216
2796 1896 6000 3996
4800 0 6000 1296
2268 2592 2796 2928
3420 2100 4320 3072
2364 660 3216 1152
2364 660 2844 1152
1164 0 1944 612
3276 2784 3960 3636
4488 2724 4824 3120
3144 3144 3588 3924
2532 1800 3180 2676
1488 1860 1980 2244
2556 1800 3180 2664
3420 2100 4152 3072
960 1728 1944 3324
960 2172 1944 3324
2244 756 3660 2016
4800 0 5712 708
0 180 2628 2952
1548 0 4836 1776
2868 0 4656 1044
1908 900 2388 1560
1164 72 1944 612
1248 264 1944 612
2244 984 3456 2016
2520 1248 3456 2016
1332 2376 1944 3324
2556 2148 3180 2664
2640 756 3660 1428
4800 0 5604 708
2520 1248 3396 2016
2520 1416 3396 2016
5028 228 6000 1296
1896 1896 2628 2952
4260 552 4992 1620
4260 912 4992 1620
4176 1896 4848 2244
4320 1896 4848 2244
0 180 2376 2460
0 324 528 1056
0 564 528 1056
2244 984 2760 1632
2868 0 4428 1044
4560 2592 6000 3996
5676 252 6000 600
5028 456 6000 1296
2796 1896 5280 3996
3000 3324 3948 3996
2796 1896 5280 3636
3864 2028 5280 3564
3864 2316 5280 3564
3864 2316 4908 3564
0 324 360 672
2868 0 4164 936
2868 0 4164 648
2868 0 4164 492
600 180 1308 672
4128 2028 4812 2484
2796 1896 4044 3636
4560 2592 5496 3192
2148 624 2508 1260
0 252 2376 2460
648 348 1056 876
1548 0 4836 1656
1548 0 2856 912
0 444 2376 2460
528 780 2376 2460
1776 0 2856 912
0 444 1020 1476
0 840 636 1260
3252 0 4164 492
4572 3072 6000 3996
4068 48 4656 948
4632 3072 6000 3996
2652 0 4836 1656
528 1032 2376 2460
3036 1896 4044 3636
3036 1896 3792 3636
3036 2388 3636 3636
3048 2388 3636 3120
528 1032 2376 2160
3864 2844 4644 3564
2640 756 3564 1428
1332 1812 2100 2460
2652 0 4152 1140
2652 0 3348 696
1776 324 2508 912
3504 3756 3984 3996
3936 3684 4572 3960
3000 3624 3732 3996
3936 3576 5196 3996
3144 3564 3588 3924
3744 3552 4632 3816
4788 3432 5400 3996
3012 3420 3312 3840
4572 3408 4992 3804
2688 3396 3060 3732
2796 3336 3168 3612
3564 3324 3948 3816
4440 3264 4800 3552
5316 3252 5772 3780
2760 3132 3108 3396
4992 3120 5316 3480
4632 3120 4956 3600
3864 3120 4596 3564
4908 3072 6000 3996
3036 3060 3420 3636
3744 2928 4044 3264
3648 2928 3960 3300
2604 2892 2964 3192
4044 2844 4644 3372
4932 2808 5376 3540
3276 2784 3912 3636
3048 2712 3420 3120
1884 2712 2388 3324
2772 2700 3144 3228
2256 2688 2904 3264
5364 2640 5628 3384
3828 2640 4152 3072
3480 2640 4044 3156
4152 2628 4548 3108
4560 2604 5376 3192
5244 2592 5496 3144
2412 2592 2796 2904
1332 2544 1944 3324
4908 2532 5280 2964
2124 2508 2544 2868
444 2496 744 2772
852 2424 1092 2700
3324 2400 3636 2784
2844 2400 3300 2928
3144 2388 3636 2928
1452 2376 1788 2736
3876 2364 4320 2832
4392 2316 4908 3048
2556 2280 2904 2664
4356 2244 4812 2484
1224 2220 1548 2460
4056 2196 4524 2616
4524 2172 5256 2700
2064 2172 2580 2580
960 2172 1500 2748
2748 2148 3180 2400
3852 2112 4140 2628
3420 2100 3960 2796
2508 2064 2784 2448
2784 2040 3048 2328
4128 2028 4524 2328
1896 2028 2628 2952
4980 1992 5412 2664
972 1992 1260 2304
5760 1980 6000 2364
4368 1980 4848 2244
1716 1944 2100 2424
3900 1932 4176 2184
3048 1896 3792 2472
1944 1896 2364 2136
