0 0 3263 2448
0 515 829 691
3009 2291 3263 2448
2271 0 2722 202
1194 809 1599 1037
789 26 1364 718
789 208 1227 718
815 208 1227 718
0 0 1181 345
0 0 600 215
391 0 1181 345
2487 1351 2780 1501
711 0 3263 2448
0 0 2232 2448
809 0 1181 345
0 0 182 143
391 39 835 326
0 0 2128 2448
0 587 143 731
1880 2199 2134 2363
711 1638 1364 2448
998 0 3263 2448
0 71 926 646
0 143 926 646
0 143 926 404
1462 352 1932 1024
1462 352 1932 1011
391 39 809 326
326 1788 470 1925
1429 1481 1664 1625
0 143 770 398
0 332 835 646
998 1840 1886 2448
0 0 2128 2337
815 0 1873 815
815 0 1834 594
815 0 1423 594
1037 0 3263 2448
0 2199 202 2389
2265 2304 2506 2448
208 1821 470 2147
3087 1259 3263 1468
1618 352 1932 868
0 855 2115 2448
208 1821 430 2147
39 855 2115 2448
652 1873 985 2448
385 411 835 646
998 2134 1788 2448
1912 1684 2102 2010
1279 1984 1762 2245
1547 1984 1762 2128
1782 0 3263 1122
1279 2030 1579 2245
1037 672 3263 2448
0 515 1521 2337
1331 1299 1560 1834
659 1873 985 2448
731 1873 985 2337
887 0 1423 391
1338 0 2128 861
2258 1540 3263 2448
2767 2108 3231 2448
2728 1697 3022 1873
2728 1697 2970 1873
1344 0 2128 861
1344 0 2062 861
2258 1625 3263 2448
2258 1782 3263 2448
124 1449 966 2258
39 953 1749 2448
1129 953 1749 1762
1592 1677 1847 1827
1129 2258 1383 2448
1188 2258 1383 2448
1331 1299 1560 1736
39 1064 1272 2448
241 1449 966 2258
1984 1364 2167 1527
1338 0 1899 750
1827 2121 2278 2448
1951 2121 2278 2363
1292 0 1834 345
241 1449 966 2141
1161 0 1873 815
1325 1840 1886 2448
2787 1925 3048 2115
1893 1390 2278 1677
1618 0 2232 985
0 515 1521 1899
0 1618 202 1899
2767 2134 3231 2448
2780 2134 3231 2448
1325 1840 1886 2121
2017 1468 2271 1840
2023 1468 2271 1762
3126 1977 3263 2278
0 515 1521 1638
0 515 1521 1370
1782 0 3263 992
1782 665 2239 959
1971 1240 2173 1462
1827 378 2036 783
0 659 1122 1344
1037 1729 1599 2369
574 515 1521 1370
2023 1468 2271 1710
1390 1527 1775 1853
1377 672 3263 2448
2891 1618 3179 1801
2434 1436 2656 1651
0 1840 306 2337
0 1840 274 2180
2565 998 2774 1168
1827 0 3263 992
1893 0 3263 979
2793 463 3263 744
2793 574 3263 744
574 515 1494 1370
574 515 1494 1305
574 992 750 1305
1756 1899 2004 2167
1756 1945 1925 2167
646 515 1494 1292
2643 809 3081 1122
2643 809 3081 1011
3081 1488 3263 1645
1991 2082 2402 2448
2023 1494 2271 1710
1605 0 1899 365
1827 750 2297 992
1899 750 2297 966
515 659 1122 1168
2193 1364 2448 1534
1814 0 2128 496
1037 1893 1599 2369
1037 1893 1599 2304
1318 1893 1599 2095
1253 176 1410 502
2147 0 2526 228
2408 0 3263 979
2637 0 3263 567
2637 182 3263 567
2637 182 3263 528
1037 1991 1377 2304
1037 1991 1377 2291
1037 1991 1246 2291
352 1449 966 2141
1390 1527 1677 1821
1501 1547 1677 1821
1377 672 3263 2428
1912 855 2291 1142
1912 972 2154 1142
1893 0 3100 776
2258 1782 3263 2395
2846 1697 3263 2095
2996 1697 3205 1906
0 143 483 274
646 711 1494 1292
2780 2134 3100 2448
1547 1599 2532 2428
2167 1599 2532 2219
261 2088 822 2448
261 2160 711 2448
1377 672 3263 1938
1991 2167 2317 2448
1991 2265 2317 2448
0 1090 535 1638
182 2095 489 2337
2167 1599 2513 2219
2167 1599 2513 2023
2167 1599 2513 1945
1547 1742 2343 2428
1547 1769 2258 2428
639 1325 776 1501
2023 1494 2265 1703
1377 1194 2017 1938
1377 1305 2010 1938
1377 1383 1991 1938
998 2134 1631 2448
998 2186 1488 2448
998 2186 1455 2448
1344 0 2062 835
1338 313 1723 750
1592 1769 2258 2408
1684 1769 2258 2350
1684 1769 2245 2350
1684 1769 2245 2226
2924 0 3263 235
1351 1893 1599 2095
2258 1782 3244 2395
2258 2069 2950 2395
2258 2069 2839 2395
2258 2069 2767 2395
1377 1521 1991 1938
1423 1521 1991 1938
1547 1521 1991 1938
1625 1521 1991 1938
1481 672 3263 1814
2989 1383 3263 1762
2989 1488 3263 1762
2389 2095 2630 2284
2389 1514 2683 1814
39 1064 1272 2193
1481 672 3263 1684
1481 1233 1782 1553
1481 1338 1782 1553
1481 1338 1782 1514
1821 1769 2245 2193
1893 39 3100 776
1893 176 2807 776
2245 215 2807 515
2245 332 2611 515
1599 672 3263 1684
352 1449 966 2095
2408 443 3107 979
2846 1795 3263 2095
2363 215 2807 372
1795 2075 2167 2291
2395 39 3100 404
2395 39 3100 280
2637 39 3100 280
2735 39 3100 280
2807 39 3100 254
1625 1521 1991 1782
489 1449 966 2095
2408 443 3107 691
2330 0 2800 221
1893 176 2513 776
1893 339 2513 776
2643 829 3081 1011
39 1064 1233 1814
1821 1840 2245 2193
587 1305 1272 2193
2232 1547 2865 2226
2265 1547 2865 2226
2356 1645 2865 2226
2356 1782 2865 2226
2526 1958 2865 2226
2604 1299 3179 1684
1599 672 3263 1540
2774 672 3263 1148
2774 672 3263 1109
2774 672 3263 1044
2513 1246 2918 1423
1599 783 3166 1540
1821 1945 2245 2193
39 1168 1233 1814
2970 0 3263 235
2356 1782 2689 2030
2356 1873 2669 2030
1599 783 2696 1540
1795 783 2696 1540
1964 783 2696 1540
2774 757 3263 1044
0 1214 293 1638
2075 783 2696 1540
2075 783 2696 1135
2637 1782 3244 2186
2102 1018 2637 1540
2102 1018 2637 1462
2102 1018 2637 1396
1984 339 2434 528
1893 443 2513 776
2487 1109 3166 1364
2075 783 2598 1135
2102 1018 2637 1325
2604 1357 3074 1684
2604 1377 3068 1684
2487 1109 3009 1364
39 1540 372 1814
2408 443 2963 691
2611 1109 3009 1364
261 2297 639 2448
2102 1109 2474 1325
130 1168 1233 1749
1893 443 2513 757
1762 2310 1977 2448
979 2310 1109 2448
261 2297 502 2448
1827 2291 2030 2448
2689 2284 2833 2421
0 2278 293 2448
2944 2271 3107 2402
1592 2271 1729 2408
1279 2271 1488 2448
2141 2265 2317 2448
998 2252 1188 2448
2683 2245 2885 2448
2780 2232 3061 2448
1690 2206 1886 2350
2258 2199 2513 2395
1945 2199 2134 2363
3042 2193 3231 2350
1168 2186 1455 2369
2598 2173 2839 2395
2121 2167 2284 2317
1148 2160 1286 2304
417 2160 711 2448
2761 2154 2950 2291
2389 2141 2545 2284
3081 2134 3263 2304
2885 2134 3100 2304
1429 2134 1631 2448
1971 2121 2278 2271
2963 2108 3146 2252
1037 2108 1168 2291
1547 2102 1703 2428
3126 2095 3263 2278
221 2095 489 2337
646 2088 822 2304
2180 2082 2402 2350
1886 2075 2167 2226
2493 2069 2767 2271
1631 2069 1814 2448
1684 2062 1893 2226
280 2049 437 2252
2807 2043 2937 2180
1383 2030 1579 2206
483 2030 698 2258
0 2030 306 2337
1769 2017 1925 2167
2239 1997 2513 2219
1331 1997 1547 2147
731 1997 953 2337
2415 1991 2676 2134
1991 1991 2245 2141
1168 1991 1377 2180
1096 1991 1246 2147
0 1991 274 2180
2526 1958 2754 2147
2219 1958 2369 2167
2030 1951 2160 2088
2944 1945 3107 2095
1821 1945 2043 2193
470 1938 620 2141
2865 1919 3244 2186
587 1912 900 2193
1534 1906 1697 2121
1847 1899 2004 2030
1351 1893 1534 2095
2506 1880 2669 2030
2356 1873 2526 2010
835 1873 985 2062
2212 1860 2441 2023
2121 1860 2258 1997
208 1860 430 2147
267 1853 470 2010
2010 1840 2193 2036
1325 1840 1886 2095
13 1840 235 2036
2663 1827 2833 1971
2846 1821 3074 2004
3048 1795 3263 2095
2637 1782 2924 2180
2467 1782 2689 1925
2376 1775 2532 1977
2578 1762 2728 1912
1756 1762 1964 1938
2141 1742 2343 1893
319 1742 528 2265
241 1742 483 1873
574 1736 776 1925
0 1736 202 1899
2278 1729 2513 1945
1246 1729 1377 1964
124 1697 326 1880
1912 1684 2102 1906
1671 1677 1847 1827
2963 1671 3179 1801
2232 1664 2376 1808
1906 1658 2056 1788
2356 1645 2532 1834
907 1631 1240 1945
2624 1625 2800 1847
2532 1625 2683 1814
1377 1625 1592 1847
352 1625 613 1873
352 1618 554 1756
0 1618 176 1821
1827 1605 2010 1801
2434 1599 2650 1742
2167 1599 2304 1853
3087 1586 3263 1762
2265 1547 2461 1710
1625 1547 1801 1729
1501 1547 1677 1723
2598 1540 3087 1860
39 1540 274 1814
1390 1527 1521 1690
1690 1521 1991 1782
2389 1514 2624 1690
489 1501 953 2095
2134 1494 2415 1638
1938 1494 2088 1625
3081 1488 3263 1625
2989 1488 3244 1664
1331 1488 1475 1736
1488 1481 1664 1625
1103 1475 1253 1645
809 1449 966 1586
2604 1442 3068 1684
2434 1436 2598 1579
574 1436 744 1612
1893 1423 2134 1677
215 1410 365 1547
2193 1390 2421 1534
2095 1390 2278 1527
1664 1390 1886 1605
3113 1383 3263 1540
2330 1383 2526 1540
1762 1383 1925 1553
2663 1377 2950 1534
1481 1357 1703 1514
1638 1338 1782 1481
1736 1305 2010 1494
652 1305 1272 1997
933 1305 1122 1442
2173 1299 2454 1462
1429 1299 1560 1553
1227 1286 1364 1416
2604 1266 2918 1423
1977 1266 2173 1462
3087 1259 3263 1403
2102 1246 2265 1396
1521 1233 1690 1416
97 1233 293 1468
2199 1220 2558 1383
0 1214 195 1638
2931 1207 3263 1357
1886 1194 2017 1390
130 1181 711 1749
2715 1175 3009 1364
1795 1168 1971 1325
672 1168 1233 1553
1964 1155 2160 1292
1168 1155 1338 1370
2487 1148 2709 1325
620 1142 750 1305
2911 1129 3166 1272
2859 1116 3042 1246
1599 1116 1821 1292
2611 1109 2800 1279
2154 1109 2474 1325
248 1090 535 1455
2735 1077 2963 1227
437 1064 659 1266
1664 1051 1893 1207
1742 1024 2043 1194
2389 1018 2637 1227
1390 1005 1521 1155
2683 992 2852 1122
2297 972 2539 1155
2075 953 2428 1135
1514 953 1723 1135
2493 913 2696 1057
1514 881 1736 1024
2023 855 2291 1051
1710 855 2115 1077
2656 848 3081 1011
1462 848 1625 1011
2232 822 2415 959
1194 822 1586 1037
1318 809 1599 953
1899 796 2075 966
2271 783 2598 1005
646 783 1494 1292
1782 763 1932 959
3055 757 3263 966
2017 750 2297 887
1227 711 1423 887
2382 678 2578 842
0 678 685 1344
3015 672 3263 842
2434 672 2996 979
1919 665 2239 848
815 659 1122 881
515 659 1011 1168
110 620 476 750
2793 613 3068 744
1827 580 2023 783
2976 574 3263 718
1618 561 1919 985
0 554 829 691
1592 548 1795 861
1338 548 1488 750
2944 541 3237 698
1893 528 2258 757
1024 515 1259 815
1246 483 1396 652
1618 463 1867 868
1161 450 1390 815
815 450 1181 718
2408 443 2826 691
2075 443 2513 718
476 411 835 646
789 404 946 613
1984 385 2278 528
2878 372 3263 567
2291 372 2532 515
1736 352 1932 672
2506 339 2702 476
2167 339 2434 496
2637 332 3028 470
0 332 815 620
1442 313 1723 594
2748 254 2983 404
0 228 770 398
2585 215 2807 372
2363 215 2689 365
815 215 1188 594
2095 195 2408 372
887 195 1109 391
2715 182 3263 528
1814 182 2017 496
2004 176 2258 496
1253 176 1410 359
1605 156 1762 365
2807 124 2996 254
2637 91 2859 235
2330 91 2611 221
417 71 705 274
476 65 809 326
1344 52 2017 835
2872 39 3100 215
391 39 580 241
1214 26 1364 319
1279 19 1475 261
2271 6 2545 202
3035 0 3263 235
2748 0 3009 156
2611 0 2800 176
2513 0 2722 143
2147 0 2376 228
1762 0 2232 639
1991 0 2128 195
1906 0 2062 195
1697 0 1932 319
1749 0 1899 176
1168 0 1873 705
1481 0 1834 345
1292 0 1827 280
1070 0 1423 215
842 0 1181 345
130 0 600 215
1638 1286 1886 1605
580 0 985 319
476 26 1364 718
1116 26 1364 528
476 404 1181 718
0 1893 274 2180
476 404 946 646
261 1788 470 1945
998 1109 3263 2448
1481 0 3263 1625
0 0 1494 2448
815 0 2232 1762
1481 0 3263 1553
1827 378 2036 815
0 0 926 731
2944 2271 3263 2448
0 515 1494 2448
1246 1729 1494 2062
1246 1729 1494 1964
1893 1390 2278 2010
2056 1468 2245 1612
0 0 926 691
1390 548 1795 1155
1906 1658 2102 2010
1906 1658 2102 1906
0 1742 620 2389
476 65 835 326
1893 0 3263 848
933 1305 1122 1481
0 1742 620 2337
1390 848 1736 1155
1148 1109 3263 2448
1481 561 3263 1553
2382 2219 2676 2448
2382 2252 2637 2448
2434 2252 2637 2448
0 0 829 691
2310 678 2578 842
0 1742 528 2337
0 1860 489 2337
130 0 600 241
0 515 1494 1547
0 515 1494 1468
0 228 829 691
1148 1521 2402 2448
2643 829 3081 1122
2134 1109 3263 2448
1129 0 2232 1762
1194 0 2232 1037
0 1155 1364 2448
0 0 483 274
0 130 483 274
815 0 1873 705
2643 829 3081 1064
2637 1782 3263 2448
2637 1782 3263 2304
13 1625 613 2036
0 228 822 626
2232 1403 3263 2284
2787 1586 3263 2278
2232 972 2539 1155
1037 1991 1246 2369
1037 2108 1240 2369
1423 1710 1664 1925
463 1938 620 2252
0 620 1494 1468
13 1697 326 2036
1194 0 2062 1037
2232 1403 2872 2284
2715 1024 3139 1246
2134 652 2421 933
2134 652 2421 874
2017 1579 2265 1840
2023 1579 2265 1762
2624 1625 2872 1847
815 0 1827 594
842 0 1181 391
0 1155 1338 2448
2167 1599 2885 2448
2526 639 2859 822
2793 541 3237 763
2232 1403 2865 2284
2389 1991 2676 2284
1090 2115 1240 2369
2330 91 2656 274
1710 561 3263 1534
2102 1246 2454 1534
1168 2134 1788 2448
0 2030 489 2337
0 1540 372 1899
1710 561 3263 1383
711 1631 1364 2448
2787 1586 3263 2134
1168 2134 1631 2448
2232 1403 2865 2226
2434 1403 2696 1814
1481 1051 2167 1553
1481 1116 2167 1553
1481 1116 1821 1553
1481 1233 1742 1553
2787 1618 3263 2134
1481 1357 1742 1553
1547 1795 1880 1951
0 659 1494 1468
391 933 698 1266
2715 1024 3042 1246
2735 1077 3042 1246
1390 881 1736 1155
1684 1945 1925 2226
2787 1671 3263 2134
2787 1671 3263 2095
2787 1697 3263 2095
1338 0 1932 750
2767 2134 3100 2448
241 1625 613 1873
1377 1527 1677 1847
2924 0 3237 137
1710 750 2297 1201
0 332 822 626
1723 1194 2167 1527
1886 1194 2167 1527
1795 561 3263 1383
2846 1697 3205 2095
2846 1801 3146 2095
1148 1893 1599 2304
2167 1599 2839 2395
1684 2017 1925 2226
2167 1599 2767 2395
2212 1729 2767 2395
502 1325 776 1612
574 1325 776 1612
2434 1403 2696 1651
1710 763 2226 1201
1710 796 2226 1201
1383 1521 2402 2448
2134 1109 3263 1762
2989 1259 3263 1762
2989 1259 3263 1664
3087 1259 3263 1540
2793 541 3237 744
0 2088 822 2448
1383 1762 2402 2448
1383 1769 2402 2448
1383 1769 2245 2448
1938 1769 2193 2036
1710 855 2226 1201
0 1155 1338 2258
0 659 1494 1344
1756 1762 2004 2030
2748 443 2963 652
1383 2030 2167 2448
1690 2075 2167 2448
1690 2206 1977 2448
2846 1821 3107 2095
1795 574 3263 1383
2774 574 3263 1357
2774 757 3263 1357
2173 1299 2454 1534
2121 2082 2402 2350
1710 855 2154 1194
1710 855 2154 1077
1383 2030 1729 2428
1592 1521 1991 1782
1592 1547 1801 1775
2095 0 3263 691
2134 1109 3205 1690
2134 1299 3205 1690
2134 1351 3205 1690
1377 1527 1592 1847
2461 254 3028 470
2774 920 3263 1357
2265 1547 2754 2147
2265 1547 2669 2030
2356 1645 2669 2030
483 1305 1272 2258
2611 1109 3166 1364
2820 574 3263 907
2637 254 3028 470
1070 0 1827 280
1893 176 2513 848
1547 2102 1729 2428
2376 1775 2669 2030
437 992 698 1266
2774 920 3263 1233
2774 920 3198 1109
2330 1351 3205 1690
2330 1351 2950 1690
2487 1351 2950 1534
1893 339 2513 848
97 1090 535 1468
1795 672 2996 1383
1795 1018 2709 1383
1795 1109 2474 1325
1795 1129 2350 1325
1964 1129 2350 1292
2212 1729 2513 2219
2212 1860 2513 2219
2970 574 3263 907
2976 574 3263 842
2715 1129 3166 1364
2408 176 3263 691
3074 1031 3263 1233
1194 711 1586 1037
2330 1383 2624 1690
0 2160 711 2448
2023 672 2996 1135
1148 1991 1377 2304
2023 783 2696 1135
2023 783 2598 1135
2095 0 3263 450
2611 0 3263 235
2872 0 3263 235
483 1501 953 2258
2604 1390 3205 1684
2735 124 2996 280
2095 0 2807 450
2095 0 2807 372
1893 385 2513 848
0 1155 1338 1749
672 1155 1338 1553
2095 0 2545 372
0 1181 711 1749
2408 182 3263 691
2611 0 3009 176
2095 0 2408 372
2199 1018 2709 1383
1893 385 2513 757
515 659 1494 1292
2389 1018 2709 1325
0 0 567 241
659 953 1690 2448
1207 750 1573 1037
1233 750 1390 887
1827 711 2036 992
0 0 2663 2448
0 0 1834 691
809 0 1834 691
1240 0 1834 372
1240 0 1834 345
979 0 3263 2448
195 1821 489 2252
809 0 1423 691
0 78 926 639
0 78 861 639
0 411 835 639
1547 0 2663 985
2023 0 2663 391
2572 2271 2833 2448
2023 0 2611 391
2160 0 2611 228
998 1305 3263 2448
2206 2102 2402 2356
0 78 861 620
0 0 2121 2448
1168 0 2121 1155
1338 0 2121 1155
1423 0 3263 2004
1227 992 1573 1416
1227 1155 1423 1416
2402 2095 2630 2252
1338 0 2121 953
1429 0 1834 345
1834 711 2036 907
2441 1671 2865 2226
1246 1625 1775 2095
0 515 1494 2337
1547 953 1749 1318
1168 0 1873 809
1912 1031 2291 1220
0 1057 1299 2448
1057 2030 1645 2448
1429 0 1769 345
0 1736 306 2337
0 1736 306 2121
2715 1227 3263 1625
2454 1671 2865 2226
0 2010 267 2337
0 515 1494 1821
1677 0 3263 1122
1423 600 3263 2004
1756 2310 2095 2448
2787 1808 3205 2154
1057 2056 1566 2448
1057 2186 1481 2448
1749 502 2095 1005
2141 2265 2513 2448
1423 1286 1847 1742
1566 600 3263 2004
1057 2206 1396 2448
267 1449 966 2258
306 1449 966 2258
1684 1945 2036 2199
1782 2010 2036 2167
1984 2160 2252 2317
0 515 1494 1521
0 587 1494 1521
1566 600 3263 1938
1847 587 2572 933
2212 587 2572 763
2728 1697 2931 1867
1279 2056 1566 2245
2232 1631 2467 1808
2467 1671 2865 2226
3126 1984 3263 2278
1893 0 3107 711
1801 502 2095 868
1423 1305 1847 1742
2656 842 3042 1037
3015 1801 3263 2304
998 1305 3185 2448
998 1488 1475 2448
998 1991 1344 2448
998 2023 1181 2448
1246 1625 1762 2095
1827 1579 2402 1938
1279 1305 3185 2448
1762 1860 2239 2323
470 1449 966 2258
1886 1782 2036 2010
1566 600 3263 1801
1246 1625 1703 2095
1684 1945 1893 2199
1188 1488 1475 2036
1057 2219 1396 2448
1847 678 2252 933
3015 1801 3263 2186
2833 1808 3205 2154
1893 0 2996 711
1762 1977 2239 2323
2173 1253 2500 1475
2931 0 3263 274
2931 0 3263 235
110 1586 404 1814
110 1586 339 1814
1612 0 2141 868
1279 1488 3185 2448
2833 1808 3146 2115
2833 1886 3028 2115
1729 1488 3185 2448
2023 1488 3185 2448
2023 1618 3185 2448
1566 600 3263 1677
2715 1227 3263 1540
2467 1749 2865 2226
2526 1749 2865 2226
1893 378 2278 711
1246 1625 1651 2095
1677 235 3263 1122
2023 1651 2539 2036
1246 1625 1651 2069
1246 1625 1579 2069
1246 1625 1579 1997
2062 881 2865 1305
0 1462 176 1821
1279 1906 1880 2448
1429 1906 1880 2448
1429 2075 1814 2448
2036 0 2996 515
2036 78 2996 515
2036 156 2793 515
2376 450 2918 783
1938 1579 2402 1938
1390 1305 2193 2075
1246 1677 1481 1997
1938 1658 2402 1938
0 1912 985 2448
0 2088 842 2448
2376 450 2918 763
2206 1618 3185 2448
2545 1749 2865 2226
2545 1873 2865 2226
2356 2147 2767 2448
2891 1488 3263 1801
1390 1305 2193 2036
1390 1383 2193 2036
39 1057 1299 1964
1423 1305 1801 1618
2376 450 2689 678
2206 1618 3107 2395
2239 1618 3107 2395
2545 1971 2865 2226
1566 985 3002 1677
2526 235 3263 737
2526 235 3107 691
2526 404 3107 691
1423 1305 1671 1618
2885 1259 3263 1540
3042 1259 3263 1540
2232 881 2865 1305
2232 881 2630 1227
2754 522 3107 652
1566 992 2944 1677
1566 992 2918 1677
1566 1024 2186 1416
1566 1024 2043 1390
2062 992 2918 1677
2062 992 2780 1677
2062 992 2780 1599
2062 1194 2310 1599
0 2095 750 2448
2232 881 2630 1148
1390 1540 2193 2036
1390 1540 2036 1951
2258 992 2780 1429
2239 1625 3107 2395
1566 1057 2043 1390
1677 698 3042 1122
2258 1096 2780 1429
2774 600 3263 1299
39 1129 1299 1964
221 2095 750 2448
2774 809 3263 1299
39 1129 1233 1742
2167 195 2793 515
2774 809 3263 1148
2291 2310 2513 2448
1756 2310 1977 2448
979 2304 1109 2448
2702 2291 2833 2448
2572 2271 2748 2448
1233 2258 1396 2448
998 2258 1148 2448
2754 2226 3185 2448
1729 2219 2284 2408
1057 2219 1272 2448
1716 2206 1847 2337
437 2206 750 2448
0 2206 306 2448
2265 2199 2441 2395
3048 2193 3263 2389
1286 2186 1481 2369
2558 2167 2767 2415
2108 2160 2252 2291
2356 2147 2669 2448
1181 2141 1344 2395
1677 2121 1814 2330
2885 2108 3126 2350
3126 2102 3263 2278
2206 2102 2402 2317
221 2095 496 2448
652 2088 842 2304
1919 2082 2160 2219
1762 2075 2180 2323
1534 2075 1814 2448
1383 2069 1566 2206
65 2069 267 2323
1684 2062 1814 2199
1279 2056 1514 2245
280 2049 489 2252
2807 2043 2937 2186
2239 2036 2585 2219
1037 2023 1181 2291
750 1997 946 2337
1148 1991 1344 2226
1977 1977 2239 2121
