0 0 3263 2448
0 698 2343 2415
2585 0 2891 261
2271 1521 2558 1756
887 639 2036 1161
3009 868 3263 1312
2291 1331 3263 2343
2291 1364 3263 2343
2976 1364 3263 1534
2872 1331 3055 1468
1716 417 2056 600
2291 1455 3263 2343
2291 1710 2689 2141
1357 1997 2239 2448
1357 1997 2180 2369
1867 1142 2480 1906
1932 1142 2480 1449
1795 607 2323 815
2780 104 3035 613
2291 1710 2663 2017
404 261 607 515
0 1259 2989 2448
2088 2036 2989 2448
2265 2147 2989 2448
2160 1403 2741 2115
0 319 3263 2448
2160 1501 2741 2115
2160 1631 2741 2115
561 718 2186 1925
0 0 3263 1710
2487 1194 3061 1540
1383 306 2082 731
1586 306 2082 672
1586 365 2082 672
1795 607 2245 815
0 1259 2147 2448
2754 1742 3263 2323
561 718 2115 1605
2976 1403 3263 1534
0 1259 1057 2448
2650 1194 3061 1540
2761 1742 3263 2323
2082 391 2702 698
2108 391 2702 613
2304 391 2702 613
561 718 1971 1527
1370 0 3263 1710
724 1971 2147 2448
724 1971 1710 2448
724 2043 1710 2448
1240 2049 1710 2448
3009 0 3263 489
0 0 2852 672
0 1814 711 2448
0 0 2852 665
2696 998 3028 1129
2265 2147 2813 2448
724 2043 1259 2448
1318 2049 1710 2448
2128 1814 3263 2448
2128 1873 3263 2448
1560 2030 2147 2317
1560 0 3263 1710
2539 1455 3002 1710
2545 1481 2780 1710
2545 1501 2780 1710
2532 1455 3263 2343
2598 1853 3028 2343
1560 0 3263 1677
1658 711 2369 1083
1370 509 2382 842
1370 509 2245 842
2676 2310 2989 2448
1370 509 2128 842
0 319 2226 1997
763 1096 2226 1997
763 1096 1690 1795
763 1096 1442 1664
1357 1997 2004 2369
0 319 1357 1168
1370 509 2128 822
1370 580 2062 822
1481 0 2121 274
1658 1723 2226 1997
2226 1938 3263 2448
326 1958 711 2448
0 319 1357 1096
0 319 1357 1005
2598 1984 2976 2343
1586 0 3263 1677
1658 770 2369 1083
2761 1742 3263 2317
1181 1318 1651 1690
1181 1318 1494 1514
1521 0 2852 489
2748 0 3263 1057
1233 176 1566 535
2748 287 3263 1057
2748 502 3263 1057
2839 287 3087 691
1586 424 3263 1677
1729 2102 2239 2448
1586 424 2937 1325
2297 1037 3263 1677
2356 2147 2813 2448
0 359 1357 1005
2167 424 2937 1233
1396 2108 1684 2343
776 39 1057 332
0 0 1814 665
1586 998 2297 1325
0 0 1507 483
0 359 1135 1005
1181 1318 1403 1475
0 0 1390 483
0 0 1312 483
0 0 1148 483
0 0 1077 483
0 0 1077 450
0 0 652 398
0 84 411 372
2310 1938 3263 2448
1233 241 1566 535
2369 1037 3263 1677
2532 1455 3263 1958
2532 1612 3263 1958
2369 1037 3166 1677
2976 1155 3166 1410
0 359 1122 1005
2461 319 2826 489
2369 1037 3094 1677
2369 1037 3094 1521
2696 1853 3028 2154
633 254 1814 665
84 0 652 398
2369 1037 3094 1423
1592 215 1964 359
0 359 835 1005
0 359 724 1005
0 359 724 946
1024 0 1312 463
84 0 652 313
359 0 652 221
2310 1938 3205 2448
2415 2010 3205 2448
2415 2010 3055 2448
1338 1481 1651 1690
2369 1051 3074 1423
2663 1051 3074 1351
1383 1997 2004 2369
509 1958 711 2245
1586 1096 1997 1325
2369 1161 2741 1423
1540 580 2062 737
633 326 1814 665
633 326 1188 639
2761 1742 3263 2102
1103 326 1814 665
1240 326 1814 665
1925 0 2852 489
0 359 626 933
0 359 626 685
2369 1181 2741 1423
541 1958 711 2219
1279 0 1507 345
1279 0 1507 254
417 0 1077 450
541 0 1077 450
1005 966 1971 1527
1135 84 1312 463
1135 84 1292 463
84 0 541 313
0 580 424 933
613 0 1077 450
1991 91 2852 489
0 359 600 685
633 104 1077 450
672 104 1077 450
672 104 966 443
1729 2252 2239 2448
150 0 541 313
150 0 443 313
287 0 443 313
1521 156 2115 319
1991 189 2852 489
737 326 1188 639
3009 2304 3205 2448
2036 2304 2239 2448
1729 2252 2102 2448
326 2212 600 2448
724 2186 1259 2448
2578 2180 2813 2448
0 2167 163 2337
2630 2154 2800 2304
2265 2154 2663 2448
2356 2147 2617 2297
2637 2141 3055 2448
3015 2128 3263 2323
2833 2128 2976 2343
1488 2128 1684 2343
1396 2108 1579 2239
1318 2082 1710 2448
1612 2075 2004 2369
1919 2062 2180 2337
1344 2049 1566 2343
913 2043 1161 2258
2088 2036 2526 2448
1690 2030 2147 2317
1560 2030 1880 2291
2415 2010 2741 2284
1357 2010 1664 2356
2918 2004 3133 2317
1383 1997 1782 2297
3042 1984 3263 2160
2598 1984 2859 2219
2741 1977 2989 2193
2800 1971 3028 2154
541 1958 711 2147
2310 1938 2493 2128
2506 1912 2689 2141
2754 1886 2944 2030
3061 1873 3263 2043
2128 1873 2389 2030
2696 1853 2904 2023
2793 1840 3139 2102
0 1814 620 2448
1853 1782 2226 1997
2585 1762 2741 2115
822 1756 972 1951
2761 1742 3263 1925
1658 1723 1925 1860
2291 1710 2663 1971
2532 1690 3002 1958
966 1638 1148 1795
2160 1631 2663 1840
2976 1612 3263 1860
2728 1579 3002 1729
1423 1579 1690 1795
2839 1573 3068 1729
2291 1521 2558 1684
2474 1507 2676 1677
2271 1501 2526 1651
1338 1481 1547 1658
2865 1455 3263 1651
2539 1455 3002 1690
2232 1403 2487 1638
1782 1403 1919 1612
1867 1396 2395 1906
1899 1377 2115 1605
3120 1364 3263 1494
1083 1344 1442 1664
489 1344 626 1481
2650 1331 3061 1540
1410 1331 2186 1925
2500 1292 2715 1462
1919 1292 2102 1436
3087 1233 3263 1442
2976 1220 3133 1410
2369 1214 2572 1423
2735 1194 3015 1442
2526 1181 2741 1325
868 1181 1129 1377
2467 1161 2709 1305
1801 1161 1997 1325
2852 1155 3074 1318
874 1109 1011 1266
1586 1096 1853 1233
763 1096 1129 1390
2663 1051 3015 1351
1220 1031 1971 1527
2526 1018 2728 1188
1853 998 2297 1259
2265 985 2461 1122
1005 966 1442 1240
561 966 744 1096
2284 881 2532 1116
1984 881 2369 1083
900 842 1057 979
3100 796 3263 953
2454 789 2669 979
463 776 718 926
1658 770 2160 972
561 718 1253 1390
1971 711 2258 900
0 711 2343 2415
169 705 424 933
0 698 698 1103
1370 678 1860 822
2748 652 3120 1057
1109 620 1357 848
326 613 724 946
2199 607 2526 744
1834 607 2245 809
672 607 887 861
1769 580 2062 718
0 580 345 783
2891 574 3042 711
2226 554 2382 705
802 548 1122 750
2082 528 2278 698
1586 528 1736 672
1383 528 1631 731
1318 528 1521 672
1788 509 2128 659
2852 502 3263 979
3009 489 3146 698
2304 470 2545 613
528 463 835 731
2578 450 2800 633
2434 450 2643 587
1919 443 2121 600
463 437 626 587
737 430 913 567
1240 404 1592 665
2839 378 3074 691
1103 378 1357 574
1645 365 2082 535
0 359 600 659
1018 345 1155 489
1481 326 1814 535
855 326 1188 639
633 326 809 561
2591 319 2826 489
404 306 554 515
1390 287 1566 535
1991 280 2585 489
456 261 607 417
339 261 470 398
1233 241 1436 450
2291 235 2474 385
672 235 913 443
0 235 202 417
1331 208 1475 345
541 208 698 398
1037 202 1168 456
117 195 411 372
2428 189 2852 385
868 189 1024 332
1847 176 2115 319
848 143 1077 450
372 143 541 313
2780 104 3035 541
685 104 966 280
2004 97 2291 241
2154 91 2565 398
1318 91 1475 254
1142 84 1292 359
0 84 254 280
417 58 574 287
293 52 424 313
1168 45 1390 280
776 39 1057 235
3035 19 3263 489
1756 13 2121 195
3009 0 3263 150
2885 0 3081 339
2585 0 2891 254
2121 0 2637 176
1925 0 2330 156
1481 0 2023 274
1279 0 1507 215
1024 0 1279 195
613 0 926 241
463 0 652 221
150 0 352 267
0 0 137 235
0 0 3263 1540
2872 1331 3263 1534
0 711 3263 2448
1083 1331 3263 2448
0 0 3263 848
1344 2010 1840 2448
2696 1742 3263 2317
0 208 3263 1540
1658 417 3263 1540
1344 2010 1664 2356
0 711 2343 2448
2082 528 2376 698
1814 208 2226 417
1814 267 2199 417
3035 417 3263 646
0 1259 1710 2448
992 0 3263 848
2696 1853 3133 2317
2696 1853 2944 2030
2160 1521 2663 1840
509 2102 685 2245
1383 1945 2617 2448
1383 1945 2526 2448
2780 0 3263 783
1658 424 3263 1540
0 0 1540 639
992 0 2891 848
1716 391 2702 815
0 0 1507 639
2108 391 2702 528
3100 796 3263 1005
2780 0 3263 711
1716 417 2245 815
2428 1912 3107 2369
2598 1977 3107 2369
2598 1984 3107 2369
1716 417 2245 809
1788 509 2245 809
2526 1181 2741 1370
2526 998 3094 1188
2630 998 3094 1155
2630 998 2872 1148
1560 1945 2526 2448
1814 267 2199 404
0 208 2036 1527
0 208 1122 1168
561 639 2036 1527
1997 985 2461 1142
1560 2030 2526 2448
1690 2030 2526 2448
1729 2036 2526 2448
1521 13 2121 378
0 1259 1259 2448
1814 274 2095 404
1521 156 1964 378
2780 0 3263 691
2128 1840 3263 2448
1240 0 2891 744
2115 319 2826 744
2115 450 2800 744
2115 470 2545 613
1560 1096 1853 1233
2793 1840 3263 2102
1083 1331 3263 1971
2232 1403 3263 1958
2487 1429 3263 1958
1083 1331 2663 1971
0 235 1122 1168
463 894 946 1168
2428 1912 2689 2141
2232 1403 2676 1677
561 966 946 1168
992 365 2082 848
1240 2082 1710 2448
2839 0 3263 691
2865 0 3081 359
2780 0 3035 541
2167 424 3263 1494
0 235 1122 946
2852 1155 3263 1494
992 528 1521 848
992 548 1357 848
1521 156 1964 359
2395 450 2800 744
84 0 443 267
2167 424 3263 1312
1370 365 2082 822
1370 528 2062 822
2428 450 2800 672
1240 0 2891 665
1240 176 1814 665
1481 0 2891 600
2976 1220 3263 1494
3087 1233 3263 1494
339 261 554 515
1390 176 1814 535
2265 1938 3263 2448
2265 2010 3263 2448
1658 711 3061 1540
1083 1344 1690 1795
992 620 1357 848
1383 528 2062 737
84 0 352 267
1658 711 2258 972
2539 1455 3263 1729
2428 450 2709 672
0 0 424 372
0 52 424 372
117 52 424 372
2539 1455 3002 1729
1390 254 1814 535
1390 287 1814 535
2265 2128 3263 2448
2578 2128 3263 2448
2578 2141 3263 2448
2578 2141 3205 2448
417 0 1507 639
1024 0 1507 280
2839 19 3263 691
0 235 287 437
417 0 1436 639
417 0 926 287
1410 1331 2663 1971
1481 0 2891 489
1847 97 2291 319
417 0 652 287
2167 424 3263 1233
2578 2141 3055 2448
672 39 1436 639
887 639 2036 1527
1481 0 2330 274
672 39 1357 639
1801 881 3061 1540
2467 1051 3061 1540
1801 881 2572 1449
1801 881 2480 1449
1801 1161 2102 1436
672 39 1292 639
1991 0 2891 489
2500 1292 3061 1540
0 359 1122 946
2121 0 2891 398
2428 130 2852 385
1024 0 1390 280
672 84 1292 639
463 607 887 926
672 202 1188 639
737 202 1188 639
855 202 1188 639
2121 0 2637 398
1867 1396 2663 1971
2467 1051 3015 1351
1853 881 2480 1449
1853 881 2369 1259
685 39 1057 280
528 463 1122 750
0 685 2369 2448
2598 1977 2989 2284
1325 2049 1827 2448
1377 1977 2741 2448
1455 1977 2741 2448
1455 1977 2741 2408
2082 470 2545 711
2082 489 2441 711
0 1697 809 2448
1455 574 2069 737
1762 574 2069 718
1521 1357 3263 2448
1521 1357 3263 2095
1521 1357 3263 2030
1521 1357 2643 2030
0 0 3263 1788
39 411 3263 1788
39 411 3263 1658
39 411 3263 1618
2069 1697 3263 2448
1742 2102 2239 2448
2186 959 3263 1788
1377 2004 2154 2448
2186 959 3185 1788
0 0 3263 1227
979 600 1325 776
1612 463 1971 691
0 0 3263 1005
0 261 1044 711
2069 1801 3263 2448
2069 1906 3211 2448
1501 1077 1677 1227
0 0 3263 691
2833 1410 3139 1756
2239 959 3185 1638
1344 509 2186 848
1370 509 2186 848
1814 398 2807 1227
2186 1631 2500 1788
65 711 1553 1658
65 711 1429 1618
1814 0 2643 398
1893 0 2643 398
1925 0 2643 398
1814 567 2709 1227
0 0 2891 672
0 0 2193 672
0 0 2193 639
737 339 1814 639
2297 959 3185 1534
1906 567 2709 1227
2839 456 3263 1005
2839 456 3263 979
2852 456 3263 979
1690 1135 2010 1312
2663 1977 2989 2193
0 0 2193 580
1481 91 1612 267
1906 567 2709 1155
1906 567 2709 1122
1906 567 2709 1096
0 319 1044 711
2069 1912 3211 2448
763 137 966 280
2591 1481 3042 1756
2598 2010 2976 2284
0 0 1507 580
411 0 1507 580
1906 567 2709 985
0 319 900 711
1416 150 2193 509
2069 1912 2656 2206
2350 959 3185 1534
2350 998 3185 1534
2428 1279 2963 1534
0 0 470 398
2304 1938 2656 2206
2206 1455 3263 1971
2337 1964 2656 2206
1742 0 2891 672
39 496 1951 1618
65 711 920 1188
0 319 646 711
0 319 646 665
1416 150 2056 430
1481 150 2056 359
45 0 470 398
45 0 443 313
0 385 646 665
1906 567 2709 920
737 424 1188 639
411 0 1507 496
411 0 1364 496
613 0 1364 437
815 0 1364 437
411 0 1168 496
541 137 1168 496
659 189 1168 456
2350 998 3185 1423
815 0 1357 319
1742 2219 2239 2448
1723 2206 1945 2448
1357 2167 1605 2337
2252 2154 2793 2448
2650 2147 3211 2448
1396 2102 1684 2343
2617 2082 2976 2284
2846 2030 3074 2330
2408 2004 2656 2206
1377 2004 2154 2428
293 2004 443 2160
3081 1984 3263 2121
2663 1984 2826 2115
2337 1964 2493 2095
567 1958 809 2304
2304 1938 2441 2102
2069 1912 2323 2088
2467 1906 2696 2134
3087 1880 3263 2043
2715 1821 3002 2095
2767 1801 3263 2448
2506 1756 2741 2115
3002 1697 3263 1912
0 1697 646 2448
0 1677 130 1808
1547 1664 1977 1886
2833 1527 3100 1756
2206 1507 2558 1756
1357 1501 1553 1658
2696 1488 3042 1756
2591 1481 2813 1710
2239 1475 2441 1638
2467 1455 3263 1971
2480 1442 2780 1690
287 1436 430 1592
1788 1410 1925 1612
1521 1403 2389 2030
1906 1377 2115 1527
2578 1357 3061 1540
1788 1357 2643 2004
2428 1344 2676 1534
2572 1279 2963 1442
2754 1240 3048 1462
3055 1233 3263 1521
2774 1227 3015 1364
1801 1161 2010 1312
2350 1155 2833 1423
2180 1142 2395 1279
1690 1135 1932 1279
731 1122 1429 1618
2552 998 3185 1423
3009 959 3146 1188
1971 913 2382 1096
274 848 920 1188
2193 809 2448 985
2454 796 2669 979
65 711 280 874
1906 691 2323 920
2839 639 3055 776
887 626 2036 1161
979 626 1325 776
1455 594 1847 737
496 587 1951 1618
2199 567 2709 744
156 548 470 711
2082 528 2350 711
1612 522 1971 691
1370 509 2186 822
39 496 815 926
0 489 261 685
1645 463 1867 600
2983 456 3263 646
874 443 1188 639
737 424 972 580
1899 411 3263 1455
2578 398 2807 633
437 391 646 607
0 385 574 665
913 372 1155 580
1109 339 1814 639
678 339 894 496
633 326 900 659
1742 274 2558 620
1292 274 1436 450
456 261 646 483
1664 254 2193 509
339 254 470 398
1194 241 1364 437
659 221 940 450
2284 215 2526 385
163 195 359 372
848 189 1168 456
1599 182 2056 359
1416 176 1599 430
0 156 261 372
1481 150 1951 287
2062 143 2304 274
763 137 907 280
541 137 711 496
1129 71 1357 313
293 45 424 313
1814 39 2128 202
3009 0 3224 156
2767 0 3263 691
2199 0 2891 672
1481 0 1958 215
1168 0 1507 359
1090 0 1475 189
815 0 1148 319
613 0 946 221
411 0 659 313
45 0 443 267
0 685 3263 2448
0 0 3263 1658
1325 1227 3263 2448
1325 1240 3263 2448
887 0 3263 1534
2709 1821 3074 2330
0 0 2115 1658
0 0 1867 776
887 0 2891 1279
887 0 2891 1227
0 0 1814 776
1377 1240 3263 2448
2506 1756 3107 2376
887 0 2891 1161
1377 1357 3263 2448
1312 463 1867 672
0 156 2115 1658
1344 705 2004 894
1396 711 2004 894
0 156 1044 1188
496 587 2115 1658
731 1122 1553 1658
2598 1977 3107 2376
2598 2010 3107 2376
2617 2082 3107 2376
1801 0 3263 1534
1801 411 3263 1534
2186 1507 2558 1788
2767 0 3263 1005
496 587 2115 1618
1377 1938 2741 2448
1377 1977 2741 2428
848 163 1024 306
2767 0 3263 979
3009 959 3166 1272
1984 1077 2252 1227
1312 509 1651 672
672 137 907 293
2572 1240 3048 1462
1481 0 2891 672
0 156 920 1188
1729 711 2004 894
3002 1697 3263 2043
887 489 2709 1161
1814 0 2128 202
1370 489 2441 822
1370 509 2350 822
1899 411 3263 1534
0 156 900 926
2252 1801 3263 2448
1455 522 2017 737
737 176 1814 776
0 0 1507 496
2350 998 3263 1534
1481 0 2056 372
1481 150 2056 372
2715 1821 3074 2330
1455 522 1971 737
1481 0 1958 267
874 176 1814 776
1788 1357 3263 2004
887 567 2709 1161
874 274 1814 776
2297 1357 3061 1756
0 156 815 926
874 339 1814 776
874 339 1814 639
0 0 940 496
0 0 711 496
0 0 659 313
45 0 659 313
2480 1357 3061 1756
2578 1357 3061 1756
815 0 1507 456
0 156 287 437
1906 691 2448 985
887 626 2382 1161
2252 2147 3211 2448
1742 0 2643 620
0 385 815 926
815 0 1507 359
815 0 1475 319
1873 1834 2226 2075
509 1573 711 1782
1155 1658 1971 2323
1155 1658 1932 2193
1540 1658 1932 2017
0 1077 248 1716
0 1266 248 1716
0 1416 248 1716
2696 1233 3048 1436
1155 1788 1684 2193
1109 528 2049 783
1220 528 2049 783
2115 1142 2617 1762
2115 1142 2617 1534
2115 1142 2617 1501
1161 319 1618 672
0 691 1540 1756
672 691 1155 1344
2095 1814 2585 2448
2154 1814 2493 2095
855 2180 1161 2402
0 0 2891 1325
2539 1442 3263 2356
0 698 1540 1756
0 855 156 1096
2095 2030 2585 2448
2095 2102 2585 2448
1161 587 2839 1325
1279 815 1671 1325
1279 894 1671 1325
0 1416 150 1638
150 1756 613 2317
1161 587 2839 1103
1658 1964 1971 2323
2859 1142 3166 1272
2735 796 3263 1207
2787 796 3263 1207
2833 0 3263 796
0 0 2891 842
1083 1645 2323 2448
1083 1912 2323 2448
1083 1912 2291 2448
1325 1912 2291 2448
1325 1912 2265 2448
1325 1971 2258 2448
672 913 1155 1344
874 972 1155 1344
1279 1024 1671 1325
1279 1057 1671 1325
672 913 1077 1181
2728 1814 3263 2115
2611 0 2891 254
1325 2017 2141 2448
1364 2017 2141 2448
0 1096 1599 2448
1299 1416 1560 1664
1299 1416 1527 1566
1475 528 2049 737
1919 1971 2258 2304
2415 1775 3263 2448
1161 646 2839 1103
1161 652 2839 1103
2833 0 3263 737
0 0 2852 842
855 2180 1161 2356
1161 757 2376 1103
1919 587 2630 920
1945 587 2630 920
1945 698 2630 920
2160 698 2630 920
0 698 365 1233
2284 652 2839 1096
0 0 3263 1860
0 280 1449 1135
966 678 1449 1135
254 900 1540 1756
2539 1494 3263 2356
2539 1501 3263 2356
874 972 1155 1253
1377 0 2852 842
2885 0 3263 737
724 2258 1292 2448
1449 1142 1671 1325
456 992 1540 1756
2415 1912 3263 2448
1051 0 3263 1860
1847 1286 3263 1860
1847 1442 2650 1860
1925 1442 2650 1860
456 992 874 1370
0 1096 646 2448
52 1096 646 1886
1051 0 3263 1853
2885 319 3263 737
0 0 1540 659
953 2258 1292 2448
176 1756 613 2317
1051 979 1958 1586
1051 1103 1847 1586
1051 1103 1684 1586
1175 1279 1684 1586
1501 979 1958 1246
1501 979 1808 1207
326 1266 1599 2448
2513 1286 3263 1756
594 1064 874 1370
195 1116 646 1553
2898 0 3263 437
1514 0 3263 1853
2513 1286 3113 1756
1481 763 2376 1103
2539 1501 3263 2062
2878 0 3081 228
1514 137 3263 1853
2389 137 3068 953
1710 763 2376 1103
1220 1788 1684 2193
2963 0 3263 437
52 1096 306 1599
52 1266 306 1599
1488 0 2852 842
2389 137 3068 776
0 280 1135 1096
0 280 900 763
0 365 900 763
1514 489 3263 1853
2558 489 3263 1168
2761 489 3263 979
2761 639 3015 979
1514 907 3263 1853
1514 907 2728 1853
195 1116 646 1521
195 1220 489 1521
1475 587 2049 737
1475 594 1951 737
1925 1475 2630 1860
326 1266 1462 2448
2976 489 3263 894
84 0 1540 659
84 0 1116 528
2500 2043 3263 2448
1024 1625 1462 1899
2206 0 2722 254
0 1599 339 2448
0 1599 228 2049
2389 502 2911 776
2558 829 2820 1168
2219 1044 3263 1403
2219 1044 3126 1403
1514 1077 2206 1853
815 1181 1540 1756
815 1181 1240 1527
1051 1103 1501 1416
1488 32 2852 842
71 1325 306 1599
326 1266 1377 2448
332 1266 1377 2448
528 2043 1005 2448
711 2043 1005 2343
176 1756 613 2102
332 1266 1377 2232
959 1442 1540 1756
718 0 1540 659
0 0 248 404
332 1266 1168 2199
332 1279 1168 2199
718 0 1540 639
332 1377 607 1612
2976 2043 3263 2448
815 1181 1148 1507
496 1279 1168 2199
169 528 1135 1096
1488 443 2774 842
0 1964 339 2448
1925 1475 2408 1840
1364 2017 1951 2448
1501 32 2852 587
1501 32 2852 515
1501 32 2669 515
1501 32 2421 339
2141 443 2774 705
0 365 776 763
169 528 802 1096
0 365 646 763
