0 0 2448 3263
868 280 1044 561
1560 1018 1893 1534
1756 2441 2043 2676
0 548 2448 3263
0 0 2448 1468
1847 887 2448 1579
1031 0 2448 1468
0 0 1808 985
907 339 1044 561
1148 1729 1410 2049
1148 1827 1410 2049
0 0 1808 678
1729 0 2448 502
1031 19 2448 1468
0 150 1024 985
0 2617 195 2839
176 822 750 1005
0 150 1024 894
0 548 2448 2487
0 548 1168 2128
424 1188 1005 1958
424 1233 1005 1958
502 1233 1005 1958
502 1233 946 1958
848 1893 1253 2356
0 0 1808 633
783 567 2448 2487
1769 1338 2219 1769
1769 1338 2115 1769
0 1423 2448 3263
1103 2160 2395 3263
868 1893 1253 2356
868 1893 1129 2317
1344 567 2448 1396
1344 567 2448 1351
1351 567 2448 1351
1729 0 2448 489
1612 2748 1840 2970
1592 567 2448 1312
1592 626 2448 1312
913 2780 1240 3100
1762 0 2448 489
509 1651 783 1840
783 1011 2448 2487
1631 1383 2448 2487
1690 1599 2448 2487
1762 1612 2448 2487
1762 1612 2448 2356
1031 143 2448 1468
1325 567 1710 750
783 1011 1697 1749
1638 2748 1840 2970
0 548 1168 2115
1103 2180 2395 3263
1396 2735 1612 3015
496 1860 1018 2395
496 1860 966 2395
1240 2226 1429 2415
0 150 1024 659
541 195 1024 646
378 0 1808 633
1834 1703 2448 2356
2212 567 2448 822
913 705 1168 1168
0 548 992 2115
1103 2252 2395 3263
842 1011 1697 1749
1031 169 2448 1468
1031 580 1272 907
1834 1703 2232 2226
2049 1827 2369 2069
1259 1795 1573 2160
1259 1906 1527 2160
2304 2271 2448 2487
1103 2402 2395 3263
1272 2402 2395 3263
1762 0 2448 372
1631 1383 1853 1625
1272 2722 2369 3263
0 0 496 261
580 0 1808 633
1645 1906 1867 2186
842 1011 1521 1749
1605 626 2448 1161
1605 626 2448 1155
1259 1925 1521 2160
1853 1723 2232 2226
1932 1873 2232 2226
345 1201 698 1664
1690 2252 1958 2591
254 2102 443 2402
1292 1971 1521 2160
842 1233 1521 1749
176 2754 391 3002
1605 718 2448 1155
1605 718 2056 1148
1605 868 1919 1148
261 1840 561 2075
261 1840 463 2075
326 3061 633 3263
496 1945 894 2395
842 1240 1462 1749
842 1240 1462 1736
0 1690 195 1919
1233 1011 1442 1318
1880 0 2448 372
228 548 953 1135
639 548 953 1135
1488 848 1840 1044
1573 319 2448 946
1977 456 2448 946
1272 2722 2323 3263
1684 2722 2030 3205
0 600 992 2115
0 600 300 1070
0 685 300 1070
1142 1240 1462 1534
0 920 992 2115
881 1423 2448 3015
1716 2722 1906 3035
0 1788 1305 3263
881 1423 1788 2885
1938 776 2448 1155
633 2474 874 2722
1481 1612 2448 3015
1729 1762 2448 3015
1103 2767 1442 3263
2010 0 2448 372
2102 143 2448 372
1031 169 2056 1468
1031 561 1664 1468
1272 685 1664 861
1573 319 2173 900
1481 1612 1886 2036
1083 2421 1305 2611
691 2474 874 2722
580 0 1808 502
900 2461 1423 2885
900 2532 1416 2885
1729 1762 2173 2317
0 1788 1194 3263
0 1984 1194 3263
1188 169 2056 698
1188 437 1899 698
1188 437 1769 698
580 0 1808 398
1658 319 2173 809
665 705 953 1135
1423 2402 2395 3263
1423 2604 2395 3263
1840 2669 2395 3263
0 2421 189 2683
881 1423 1788 2532
1396 2115 1631 2278
881 1423 1769 2532
1494 169 2056 522
1514 352 1958 522
2004 2252 2448 3015
2004 2252 2448 2833
1272 1475 1651 1899
1331 1521 1651 1899
0 150 724 659
926 150 1573 398
0 1984 1168 3263
0 0 385 261
731 2160 926 2461
1272 2852 2323 3263
2010 0 2448 261
2062 0 2448 261
842 1240 1207 1736
2004 2408 2448 2833
0 1031 992 2115
1423 2604 2017 2983
842 1429 1207 1736
842 1429 1090 1736
0 1984 1116 3263
0 1997 391 2219
580 0 1808 339
1064 2532 1416 2885
0 2787 430 3263
0 1037 567 2115
0 1155 567 2115
0 1155 509 1658
1729 1762 2082 2226
881 1423 1416 2480
2049 2761 2395 3263
620 2219 1116 2715
620 2219 848 2545
1305 2186 1769 2532
450 1788 835 2226
2082 554 2317 946
0 1984 992 3263
2062 0 2448 215
0 2787 280 3263
1064 2578 1403 2885
0 2186 992 3263
58 2297 992 3263
580 0 1442 287
58 2382 992 3263
881 1423 1416 2284
456 1031 992 1279
104 2428 992 3263
104 2428 992 3231
881 1423 1410 2004
0 1547 567 2115
0 1716 345 2115
580 0 1442 274
104 2428 476 3042
398 2519 992 3231
398 2519 731 3022
1579 3048 2323 3263
443 3048 731 3263
2180 3035 2395 3263
0 3028 189 3263
920 2970 1122 3263
587 2963 992 3231
221 2963 430 3263
32 2950 176 3113
1906 2944 2062 3074
1103 2924 1410 3263
2095 2898 2252 3113
1684 2885 2030 3205
437 2859 600 3100
1272 2852 1677 3263
744 2793 979 3048
248 2787 391 3002
26 2787 280 3094
913 2780 1240 3081
1181 2767 1442 3094
2049 2761 2395 3120
176 2754 306 2904
1396 2735 1547 2872
313 2728 463 3042
1736 2722 1906 2918
1064 2715 1403 2885
633 2702 789 3028
900 2689 1090 2885
1840 2669 2160 3048
724 2630 979 2885
1423 2624 1814 2983
2284 2617 2448 3015
398 2617 646 2931
1775 2604 2017 2780
1331 2591 1475 2807
1103 2578 1299 2780
1057 2552 1194 2748
1279 2532 1416 2767
541 2519 731 3022
0 2519 189 2683
633 2500 770 2715
1083 2480 1286 2611
1756 2474 2043 2676
691 2474 842 2722
235 2467 378 2676
1390 2461 1521 2650
1266 2461 1423 2696
2271 2454 2448 2611
104 2428 476 2793
1155 2421 1305 2558
450 2421 711 2754
1494 2402 1821 2748
998 2382 1168 2539
58 2382 215 2611
1886 2376 2075 2532
776 2356 1116 2715
1690 2343 1827 2591
1579 2317 1742 2500
221 2297 685 2637
770 2271 926 2461
2069 2252 2395 2552
1736 2252 1958 2441
1305 2245 1592 2532
130 2232 319 2467
1286 2226 1429 2369
620 2219 848 2474
900 2199 1351 2480
1527 2186 1769 2441
0 2186 189 2454
1703 2180 2082 2467
848 2180 1031 2310
2199 2167 2448 2356
1814 2160 2056 2317
731 2160 926 2291
1449 2121 1631 2278
1011 2115 1253 2356
58 2108 306 2323
2088 2102 2252 2317
254 2102 443 2265
496 2082 776 2395
1991 2069 2173 2317
907 2069 1129 2317
515 2069 698 2226
117 2069 287 2258
0 2036 163 2219
815 2030 1018 2226
1312 2023 1449 2160
2082 1997 2232 2226
91 1997 391 2134
365 1984 587 2376
1540 1977 1788 2252
1292 1971 1521 2154
1729 1951 1867 2186
620 1945 894 2199
1031 1932 1416 2284
417 1906 561 2036
868 1893 1129 2141
1932 1873 2095 2088
1729 1847 1893 2030
261 1840 417 2017
1201 1827 1410 1984
1357 1795 1573 1964
0 1795 280 2115
450 1788 835 2095
424 1769 574 1899
1795 1762 2082 2226
1527 1749 1690 1899
1259 1729 1396 1886
1853 1723 2147 1919
163 1716 345 2043
1331 1690 1488 1899
757 1690 1005 1945
0 1690 195 1834
881 1651 1253 2004
1690 1599 1834 1756
972 1592 1129 1749
0 1547 567 1899
2082 1527 2219 1690
1344 1521 1651 1775
855 1521 1018 1736
1997 1514 2448 2219
1044 1481 1207 1638
359 1481 652 1664
1416 1455 1547 1612
1814 1429 2115 1769
842 1429 1090 1658
1116 1423 1410 1782
1723 1390 1853 1605
1631 1383 1769 1625
1090 1377 1220 1514
32 1370 300 1507
1142 1351 1364 1534
1769 1338 1899 1488
1560 1325 1821 1534
1416 1305 1697 1592
0 1299 189 1560
855 1292 1024 1514
1214 1279 1357 1416
1331 1240 1462 1534
940 1240 1148 1501
1364 1233 1521 1383
940 1227 1129 1364
574 1214 750 1449
345 1201 698 1579
26 1155 509 1658
0 1155 163 1390
1592 1122 1808 1312
1233 1116 1442 1318
0 1037 195 1201
691 1031 992 1207
456 1031 855 1279
1671 1018 1893 1370
1605 1018 1788 1148
150 1018 496 1220
1873 1011 2088 1233
1259 1011 1423 1142
926 1011 1083 1168
1782 972 1938 1161
319 946 554 1103
731 940 953 1135
1847 926 2448 1579
372 920 757 1155
1977 887 2167 1227
1671 868 1919 1064
1488 868 1710 1044
1351 861 1729 1351
2252 829 2448 1031
176 822 672 1005
2271 776 2448 913
1938 776 2317 1155
1403 763 1658 913
0 757 300 1070
1070 731 1240 907
900 731 1031 907
1573 724 1867 900
1834 718 2056 1018
2115 711 2317 946
1468 705 1664 861
913 705 1168 1057
665 705 894 998
2062 698 2232 829
1272 685 1534 848
0 685 287 835
1109 678 1259 861
1951 626 2154 802
228 620 763 861
0 600 254 731
1031 580 1272 757
757 580 998 894
2212 567 2448 750
1325 567 1560 698
1272 567 1436 698
1031 561 1462 1468
2082 554 2304 737
639 548 835 829
1403 541 1769 698
776 535 913 672
1599 496 1899 626
1658 489 2056 809
881 476 1116 678
1977 456 2448 705
1024 443 1325 633
1188 437 1462 587
1390 411 1664 587
1618 385 1958 522
2147 352 2356 496
1514 352 1729 509
1037 339 1233 502
1795 319 2173 502
1194 313 1586 515
972 306 1188 456
2062 300 2219 456
1305 248 1573 398
2082 241 2448 489
2108 235 2408 365
600 228 992 548
2252 208 2448 372
45 208 411 554
541 195 842 646
1494 169 2056 391
926 150 1390 385
2102 143 2297 300
1658 143 1827 280
613 104 1005 287
1344 84 1808 339
1416 65 1684 215
221 65 496 215
842 39 1442 274
2108 32 2408 261
1729 32 2141 306
1566 19 1782 182
2304 0 2448 215
2010 0 2167 189
1880 0 2056 150
1325 0 1553 189
580 0 1090 143
378 0 705 195
0 0 352 261
0 1984 2448 3263
0 0 2448 2539
0 0 1272 2395
378 0 2448 2539
378 0 2448 1468
757 861 2448 2539
1651 848 1840 1037
1690 1599 2010 1827
1762 1612 2010 1827
757 535 1070 985
215 1507 404 1658
352 1605 815 2075
352 1651 783 2075
757 1240 2082 2539
1808 2376 2075 2532
1814 2376 2075 2532
1259 998 1494 1253
757 535 998 985
1233 861 2448 2487
1932 1873 2448 2487
378 0 2448 561
1024 169 2448 1468
815 2030 1031 2310
1932 1873 2448 2356
757 535 998 894
378 0 2448 548
2212 567 2448 913
0 1984 1011 3263
424 1651 783 1899
757 1592 1129 1971
757 1592 1129 1945
1403 678 1775 913
1403 705 1664 913
868 1240 2082 2539
1090 1351 1364 1534
763 2578 959 2722
1612 2722 1906 3068
1390 352 1899 698
783 1292 1024 1521
0 0 1272 1449
574 476 1272 1449
881 476 1272 907
2095 2898 2317 3113
1390 411 1899 698
1612 2748 1840 3068
574 705 1168 1449
620 2069 2448 3263
1233 861 2448 2219
1233 861 1991 1625
0 2793 176 3113
1729 0 2448 496
620 2186 2323 3263
1259 998 1475 1142
378 0 1808 548
1671 1018 1991 1488
1129 1690 1625 2154
1148 1690 1625 2154
1148 1729 1625 2154
1201 1729 1410 1984
0 0 1024 861
0 0 763 861
731 705 1168 1292
1077 0 1312 130
1638 2748 1840 3068
1638 2852 1775 3068
1814 926 2448 2219
620 2186 1769 3094
1148 1906 1625 2154
1259 1906 1625 2154
894 705 1168 1246
1703 2069 2448 3263
894 1011 1161 1246
0 705 1207 2395
541 195 1024 829
0 705 992 2115
1880 0 2448 496
1410 1906 1625 2134
1671 1018 1899 1488
894 1011 1129 1246
326 3048 1011 3263
1181 2591 1547 3094
541 195 842 829
620 2186 1769 3028
0 1155 189 1560
1024 313 1710 1468
1703 2069 2448 3120
1188 437 1560 698
913 2252 2323 3263
1390 411 1769 698
1233 861 1853 1625
1449 0 1782 182
620 2186 1769 2885
1259 1925 1521 2154
150 705 992 1664
1233 861 1821 1625
1488 169 2448 1312
0 757 567 2115
1351 861 1821 1625
0 2421 189 2787
58 1233 1207 2395
58 2036 483 2323
1703 2180 2448 3120
1057 2421 1305 2748
1057 2480 1286 2748
1488 489 2448 1312
2115 711 2448 1031
1488 489 2317 1312
58 2102 443 2323
1645 1762 2082 2226
326 3048 861 3263
1494 169 2448 737
1233 1116 1697 1592
1233 1116 1521 1383
1880 0 2448 489
868 1240 1886 2539
1214 1240 1886 2278
620 2219 1423 2885
633 2474 842 3028
417 1233 1207 2395
326 3048 731 3263
1031 561 1710 1468
378 0 1808 456
1325 0 1808 339
1618 319 2448 737
1618 319 2173 522
502 1233 1207 1958
940 1240 1207 1638
2004 2252 2448 3120
1272 626 1710 848
1991 2069 2252 2317
1181 2735 1547 3094
1266 2461 1423 2767
150 705 992 1579
1331 1240 1886 2278
378 0 1442 456
176 705 992 1207
176 705 953 1135
1977 456 2448 737
1847 926 2448 2219
1488 868 1808 1312
1592 1018 1808 1312
1880 0 2448 261
1390 2252 1958 2748
1573 489 2317 1233
176 2669 345 2904
1331 1240 1886 2252
150 920 855 1579
150 920 757 1220
1880 0 2167 189
1573 489 2088 1233
868 1423 1416 2539
913 2604 2323 3263
1481 1612 1886 2252
1390 2402 1821 2748
417 1788 926 2395
620 2219 1403 2885
417 1788 926 2291
417 1788 894 2199
1024 313 1586 633
1351 861 1821 1534
417 1788 835 2095
913 2780 1410 3263
345 1031 855 1579
868 1423 1416 2480
502 1233 1090 1958
0 2519 992 3263
378 0 1442 385
580 0 1442 385
0 1690 345 2115
1573 489 2056 1018
1658 489 2056 1018
176 705 894 1005
0 1984 789 2793
58 2350 789 2793
450 2350 789 2754
0 757 300 1201
378 0 1005 287
620 2219 1116 2885
770 2271 1116 2885
58 2382 476 2793
1331 1240 1651 1775
1325 0 1684 215
842 39 1442 385
0 150 763 861
0 1155 567 1899
1272 2604 2323 3263
1684 2604 2160 3205
1272 2624 2323 3263
313 2519 992 3231
0 1984 685 2637
2004 2408 2448 3015
437 2630 992 3231
313 2519 731 3042
776 2356 1116 2885
587 2630 992 3231
0 2186 685 2637
0 2186 319 2467
1938 626 2317 1155
1684 2669 2160 3205
587 2793 992 3231
900 1932 1416 2480
1272 2624 1814 3263
313 2617 646 3042
0 1690 345 2043
796 561 1540 2480
1834 998 2448 2323
1834 998 2448 2219
1788 2448 2036 2643
0 868 2448 3263
1103 2317 2382 3263
1579 2676 2382 3263
0 0 2448 2043
300 0 2448 1370
1188 0 2448 1370
2043 0 2448 502
1991 2258 2134 2728
0 0 1253 2043
300 0 1814 672
1103 2317 1736 3263
1103 2807 1736 3263
1188 0 2448 1116
1344 2317 1599 2807
300 0 1814 633
1090 868 2369 2069
2004 1527 2219 1690
0 0 1253 1077
1103 2807 1677 3263
0 1690 2448 3263
0 620 1155 2043
2043 0 2448 372
2056 0 2448 372
1351 868 1906 1710
1416 868 1906 1710
1396 2154 2069 2989
0 620 1142 2043
1090 1096 2369 2069
953 2970 1148 3263
953 2970 1148 3179
1396 2173 2069 2989
861 992 1005 1233
2271 2931 2448 3263
1090 1096 2121 2017
926 1005 1142 1338
763 450 1253 933
0 620 998 2043
0 620 940 2043
1188 0 2448 1057
0 1710 195 1906
1090 1096 1867 2017
502 1233 998 1925
1090 1096 1867 1788
1188 0 2317 744
1318 0 2317 744
900 2689 1240 3094
1090 1240 1867 1788
0 1788 1507 3263
2056 574 2448 783
1240 1690 2448 2976
1507 0 2317 620
1514 352 1893 620
0 0 959 1077
0 0 959 998
1729 1762 2448 2976
0 2069 1507 3263
0 2219 1507 3263
1240 1690 1860 2617
554 0 1814 633
1821 1625 2121 1827
1220 1684 1645 2017
0 1024 652 2043
1729 1762 2448 2461
1240 1690 1860 2532
1305 2180 1769 2532
1240 1690 1860 2415
0 1155 652 2043
169 620 940 1579
0 2709 633 3263
0 2820 189 3244
1729 1762 2356 2252
1090 1240 1697 1769
0 2219 1344 3263
0 1788 966 2637
45 2767 633 3263
0 2297 1344 3263
1103 3100 1331 3263
2180 3055 2323 3211
398 3048 633 3263
0 3028 189 3244
2271 2944 2448 3263
1129 2918 1259 3081
1109 2807 1677 3263
1220 2793 1390 2924
900 2780 1240 3094
45 2767 450 3263
2088 2728 2350 2957
0 2709 306 2904
900 2689 1090 2865
1344 2624 1527 2807
1853 2552 2017 2715
1788 2506 2036 2643
613 2500 802 3009
1064 2493 1507 2885
1396 2448 1938 2989
182 2428 378 2656
430 2421 613 2598
0 2389 1096 3263
1442 2317 1599 2624
705 2297 1344 3015
1305 2245 1560 2532
2252 2239 2448 2461
2010 2239 2448 2976
1240 2239 1416 2415
620 2219 946 2480
1527 2180 1769 2519
1579 2173 2069 2624
1573 2154 2036 2441
2088 2102 2278 2317
1991 2069 2121 2317
731 2069 959 2291
71 2069 287 2258
1729 1827 1893 2030
2049 1821 2369 2069
378 1801 554 1991
0 1795 280 2219
1220 1729 1481 2017
1853 1723 2121 1919
1312 1690 1860 2369
1429 1684 1645 1893
1821 1638 2010 1827
1945 1625 2121 1821
509 1592 842 1840
2075 1527 2219 1690
1638 1527 1867 1788
463 1364 665 1514
1344 1286 1697 1769
0 1279 300 1560
1090 1240 1481 1684
940 1188 1142 1338
0 1155 163 1383
1605 1109 1808 1344
345 1103 887 1579
1299 1096 1521 1383
1351 1024 1507 1175
0 1024 235 1240
926 1005 1083 1233
1671 887 1991 1116
1403 763 1573 933
1618 711 2448 1370
1109 691 1253 861
2088 659 2232 809
0 639 319 1077
169 620 940 1201
868 587 1253 933
0 554 280 731
659 548 789 698
1318 535 1736 744
1599 476 1893 620
913 476 1155 672
763 450 1024 613
1396 443 1605 574
1188 430 1514 587
1475 391 2448 1057
900 391 1109 561
1618 359 1945 509
1514 352 1729 535
842 274 1011 417
541 267 731 437
2082 241 2448 502
554 228 959 496
0 169 959 998
130 52 496 254
1507 0 2317 509
620 0 1814 633
300 0 705 169
0 0 391 548
0 0 1560 3263
254 0 2448 3263
1090 868 2448 3263
254 0 2448 1370
0 1710 1560 3263
1129 2154 2036 3081
1220 2154 2036 2924
0 0 1540 2487
0 0 1155 2043
763 450 1540 2487
1991 2258 2448 3263
1991 2506 2448 3263
1991 2506 2350 2957
763 450 1540 2480
1344 2154 2036 2807
0 1788 1560 3263
1318 391 2448 1370
71 2049 313 2258
300 0 2448 633
842 228 1090 417
1109 2173 2382 3263
1442 2154 2036 2624
182 2428 437 2656
1090 868 2448 2976
378 992 1155 1991
613 2069 1560 3263
639 992 1155 1364
639 1005 1155 1364
926 1005 1155 1233
1090 868 2121 2519
613 2069 1560 3179
1011 3100 1331 3263
0 0 959 2043
1507 0 2448 509
300 0 1945 633
639 1168 1142 1364
1729 998 2448 2976
378 1233 998 1991
1991 2069 2448 2976
724 1188 1142 1338
1090 868 2121 1827
1638 1527 2121 1827
0 1788 1096 3263
613 2069 1560 3015
0 0 959 1201
620 0 1945 633
1514 352 1945 620
1599 359 1945 620
1220 1684 1860 2519
0 639 887 2043
1240 1690 1860 2519
620 2069 1560 3015
1729 998 2448 2252
2056 0 2448 502
0 169 959 1201
1618 574 2448 1370
0 3028 287 3244
1788 2506 2036 2715
1090 868 1906 1769
150 1018 887 1579
0 0 496 548
1299 868 1906 1710
0 639 652 2043
1318 391 2448 1057
900 2780 1240 3179
705 2245 1560 3015
1064 2245 1560 2885
0 2709 306 3113
1109 2676 2382 3263
0 639 319 1240
620 2069 959 2480
1984 1853 2448 2356
0 0 2154 1736
1109 2160 2389 3263
1651 1383 1808 1605
1416 874 1664 1051
0 182 2448 3263
1984 1853 2448 2252
744 1638 913 1919
0 182 2448 2722
424 1488 652 1893
437 1488 652 1775
2258 646 2448 992
2258 711 2448 992
2258 789 2448 992
2023 926 2448 1573
2023 1135 2448 1573
1560 972 2108 1566
437 1599 652 1775
711 724 1168 1051
802 724 1168 1051
881 724 1168 1051
900 724 1168 1051
2258 926 2448 1272
0 0 1906 1736
1181 2669 1436 2885
1201 1697 1475 2017
1305 1697 1475 2017
1560 1122 2108 1566
985 783 1168 1051
137 1135 698 1736
137 1194 698 1736
0 1194 2121 2722
1103 1279 1364 1527
541 2767 705 3022
0 0 1906 1560
1109 2160 2317 3263
1109 2160 2082 3263
130 182 2448 2043
1938 0 2448 509
300 3002 483 3166
1827 1788 2121 2010
208 894 659 1155
0 1716 280 1919
587 202 1168 744
587 202 1168 574
1808 300 2337 522
1808 300 2219 502
1808 300 2147 456
1364 0 2154 319
1364 0 2088 176
0 1194 1899 2722
1514 1540 1677 1808
1514 1540 1677 1710
1814 907 2448 2043
1873 2598 2389 3263
2004 2702 2389 3263
182 2363 339 2572
1233 2539 2317 3263
2180 2754 2389 3263
208 894 515 1109
1109 2160 2036 3263
1109 2467 1736 3263
1109 2689 1736 3263
1109 2846 1462 3263
763 306 1168 574
1299 2082 1631 2519
1299 2082 1631 2428
1390 1305 1899 1827
1494 1429 1899 1827
1299 2186 1592 2428
1814 1357 2448 2043
1919 1357 2448 2043
130 182 2448 1410
0 0 600 548
0 0 600 489
130 946 1096 1410
130 946 750 1299
130 946 620 1220
0 378 1083 1560
665 483 1083 874
665 607 979 874
1919 2983 2147 3185
881 182 2448 1390
378 0 1906 757
378 0 1906 633
1534 2160 2036 2643
2102 241 2448 509
1938 0 2448 365
1919 1410 2350 1801
1977 1357 2448 2043
1977 1357 2448 1742
1977 1423 2448 1742
1977 1423 2448 1697
1977 1423 2363 1690
1403 443 2448 1377
1553 1168 1827 1377
1442 1690 1893 2088
1403 443 2448 1312
1403 489 2448 1312
0 1194 1462 2722
0 1194 1462 2369
450 1194 1462 1958
0 2545 352 3263
0 2722 202 3263
1403 489 2382 1312
829 1893 1279 2545
