0 0 3263 2448
208 1083 541 1292
0 1357 274 1560
208 1083 450 1286
3009 1207 3237 1455
1710 58 2075 202
274 2239 639 2448
1853 1860 2023 2062
822 1886 1005 2056
3094 345 3250 522
2754 2206 3192 2448
2754 2310 3192 2448
1723 345 2069 548
2656 1514 3048 1684
1690 2017 2637 2448
0 0 280 156
2376 1736 2989 2030
2604 1736 2989 1977
2637 1814 2989 1977
940 979 1592 1246
1031 979 1592 1246
2983 1462 3263 1958
2983 1462 3263 1880
274 2291 509 2448
1723 1129 1925 1338
332 1501 848 1938
332 1501 848 1919
332 1547 580 1742
1723 2043 2637 2448
1286 483 1951 796
2918 2036 3166 2206
489 1501 848 1919
489 1501 809 1919
2983 1521 3263 1880
2128 1736 2500 1984
2128 1736 2500 1886
1031 1070 1390 1246
1821 665 2369 894
0 0 3263 1723
0 1044 3263 2448
1423 483 1951 796
84 1958 1031 2448
221 1958 1031 2448
352 1958 1031 2448
0 639 483 1403
0 639 483 913
796 933 1024 1227
796 979 972 1227
221 1958 750 2265
1684 1455 2154 1664
489 1501 776 1919
2683 770 3263 1233
2787 770 3263 1194
2787 907 3081 1194
2056 1299 2421 1723
2056 1383 2421 1723
0 0 3263 1573
966 672 1181 907
2891 1220 3263 1697
0 639 483 835
541 1214 900 1364
2878 626 3263 855
1873 665 2369 894
1729 809 2056 1135
1370 483 1677 633
352 1964 815 2448
404 2128 815 2448
587 1958 1031 2448
2180 1951 2369 2154
2891 1403 3192 1697
2683 1018 3074 1233
0 1181 3263 2448
2493 1214 2963 1599
2493 1246 2963 1599
626 156 887 326
378 946 580 1096
1762 2108 2637 2448
2493 1246 2963 1481
2807 770 3263 1070
2350 2252 2813 2448
1044 1044 2062 1488
1044 1096 2062 1488
1044 1103 2062 1488
1044 1155 2062 1488
1044 1220 2062 1488
1064 1220 2062 1488
1064 1220 1925 1488
1064 1233 1631 1488
1527 1788 1938 2167
1527 1853 1938 2167
1958 2108 2637 2448
45 770 528 1573
1958 2108 2513 2448
0 0 3263 1494
0 1259 3263 2448
1860 1827 2317 2278
1860 1880 2317 2278
757 1390 1246 1984
757 1436 1246 1984
757 1468 1246 1984
763 1468 1246 1984
763 1468 1246 1742
940 1540 1246 1742
1233 332 1703 561
2820 1031 3263 1494
2820 1194 3146 1494
1566 1220 1925 1396
1566 1220 1808 1396
1958 2108 2513 2363
1716 0 2291 313
1873 0 2291 313
1873 0 2239 293
2376 1880 3107 2245
2376 1899 3042 2245
1958 2108 2428 2363
2062 554 2944 1083
45 933 528 1573
45 933 463 1573
1821 874 2056 1135
1821 874 2056 1090
2062 554 2944 1037
1958 2193 2395 2363
783 1671 1070 1984
2983 2232 3263 2448
2056 1442 2421 1723
2115 1442 2421 1723
0 0 3263 1475
176 189 554 339
979 339 1227 574
1958 1181 2376 1423
2075 1181 2376 1364
2598 2186 2924 2428
587 2115 1031 2448
0 0 3263 1390
0 0 3263 985
261 1331 737 1736
1468 776 2957 1475
1468 776 2663 1475
45 933 463 1507
1318 1534 1782 1853
248 463 1951 1390
763 1468 1116 1716
221 2121 750 2265
293 1331 737 1671
293 1331 652 1671
293 1331 652 1592
1873 0 2173 293
1201 221 1488 404
3002 1220 3263 1494
1246 411 1501 541
0 1410 345 1880
763 1501 1044 1716
2441 744 2996 1044
0 639 293 829
979 443 1181 574
0 1710 913 2448
0 1710 691 2448
940 1540 1227 1697
1566 776 2663 1475
1527 1853 1860 2167
117 639 483 835
2493 1246 2865 1481
0 1749 339 1951
652 1259 3263 2448
1338 1305 2239 1527
1338 1305 1964 1507
1468 1344 1964 1507
1618 776 2663 1475
1827 776 2663 1475
1984 1129 2578 1351
2082 1129 2578 1312
2186 554 2944 1037
0 0 3263 874
1064 1233 1481 1488
554 463 1951 1181
1873 0 2160 189
1860 2030 2317 2278
280 339 711 554
2702 365 3198 659
2702 365 3094 659
2702 522 2937 659
1064 313 1325 620
2317 554 2944 1005
2343 554 2944 822
2317 822 2741 1005
0 1410 202 1880
0 1410 202 1834
248 1037 1135 1390
248 1037 842 1390
248 1037 744 1390
2304 966 2663 1475
2878 705 3263 855
1775 398 2408 776
1840 398 2408 776
2049 398 2408 776
1344 1390 3263 2337
2304 1109 2663 1475
652 1259 1801 2448
652 1259 1155 1612
2265 0 2976 300
1344 1449 2232 1945
352 1964 796 2212
0 1964 417 2448
2147 1390 3263 2337
2147 1390 2800 2291
2147 1501 2800 2291
2226 1736 2741 2291
554 463 1860 1181
554 463 1808 1181
1501 770 1808 1064
554 463 1586 1181
685 463 1586 1181
802 463 1586 1181
802 463 1586 1083
802 515 1586 1083
1299 672 1586 979
2147 1501 2800 1814
2147 1625 2715 1814
685 842 1051 998
1827 776 2480 1188
1827 776 2369 1188
1827 776 2226 1188
1827 776 2226 1031
2343 554 2944 802
2343 554 2878 796
2421 587 2878 796
2578 1612 3263 2337
2578 2036 3192 2337
2735 45 2976 300
835 1377 1801 2448
1018 1991 1801 2448
1018 1991 1560 2448
2826 280 3263 822
802 515 1410 1083
0 887 378 1403
835 1377 1769 2239
835 1547 1769 2239
607 287 887 874
0 1964 417 2317
248 1083 685 1390
1416 2102 1801 2448
802 515 1390 1018
802 515 1390 933
802 515 1364 933
802 515 1312 933
802 515 1312 796
1416 2102 1749 2448
2069 398 2408 737
0 0 3263 678
0 0 1214 443
0 0 1194 443
52 0 1194 443
52 110 385 306
0 287 770 985
1142 0 3263 678
1266 0 3263 678
2552 613 2878 796
71 0 1194 443
2826 378 3263 822
1416 0 3263 678
0 287 770 861
0 287 770 763
0 287 417 718
0 391 417 718
0 391 241 718
802 515 1312 750
1416 124 2212 535
1416 124 2043 535
2121 0 3263 678
2193 0 3263 678
1142 150 1436 352
2356 0 3263 678
2356 0 3263 463
2748 1612 3263 2284
607 430 887 874
2356 26 3263 463
1416 124 1971 535
169 522 770 763
2454 398 2918 678
1416 124 1971 430
2767 1664 3263 2284
1423 0 1742 241
2356 84 3094 463
2356 84 2944 463
71 0 1122 443
1416 124 1906 430
71 0 1018 319
71 0 842 319
71 0 842 248
1344 1449 2108 1945
1912 2317 2219 2448
2754 2310 3107 2448
1142 2310 1272 2448
3061 2304 3263 2448
2245 2304 2461 2448
274 2297 509 2448
522 2291 809 2448
1991 2284 2330 2448
0 2284 306 2448
587 2278 979 2448
2944 2271 3081 2402
2350 2252 2604 2448
2500 2245 2650 2434
3126 2239 3263 2402
300 2239 639 2382
2983 2232 3159 2408
2839 2206 2989 2395
2598 2199 2787 2428
1645 2199 2082 2448
1958 2193 2186 2363
2748 2186 2924 2337
1618 2186 1801 2382
2219 2167 2415 2317
2369 2154 2513 2310
1416 2141 1697 2448
1860 2121 2102 2278
300 2121 750 2265
789 2115 1031 2395
2160 2108 2428 2297
2578 2095 2807 2330
0 2056 417 2317
1788 2049 1951 2219
1723 2043 1873 2226
2918 2036 3133 2167
2722 2036 3192 2337
2030 2030 2317 2219
1018 2023 1560 2448
1527 2010 1762 2167
1031 1991 1272 2219
2552 1984 2859 2199
633 1964 796 2193
0 1964 300 2167
724 1958 861 2258
385 1958 750 2154
2376 1899 2807 2245
2376 1886 2774 2030
2800 1880 3107 2036
1899 1880 2317 2239
0 1873 215 2004
1853 1867 2023 2062
3002 1860 3263 2284
2226 1860 2552 2291
2134 1853 2284 1984
156 1847 306 2017
842 1788 1070 1984
639 1782 913 2004
0 1769 235 1951
2128 1749 2415 1880
169 1749 339 1893
2604 1736 2820 1899
2369 1736 2741 1925
2304 1736 2500 1886
835 1736 1769 2239
0 1716 130 1880
254 1710 691 2069
0 1684 189 1834
783 1671 1024 1867
2767 1664 3244 1919
541 1658 685 1919
1997 1651 2232 1834
2323 1625 2715 1814
1383 1625 1782 1853
2748 1612 3094 1782
2591 1612 2787 1769
3028 1605 3263 1880
2115 1592 2421 1723
365 1579 580 1742
1645 1573 2108 1945
646 1560 809 1853
2767 1547 3048 1684
959 1547 1468 1880
332 1547 470 1716
940 1540 1090 1684
763 1540 1044 1716
1318 1534 1703 1690
2382 1501 2800 1710
489 1501 776 1788
45 1501 345 1853
3087 1462 3263 1645
1344 1449 1834 1651
2173 1442 2343 1631
2585 1429 2957 1599
2428 1423 2683 1560
2963 1416 3192 1612
0 1410 202 1703
2891 1403 3068 1697
2193 1390 2532 1638
1945 1390 2239 1527
861 1390 1005 1521
1024 1377 1357 1703
32 1357 274 1560
2493 1351 2669 1481
1605 1344 1964 1481
574 1338 737 1501
365 1331 652 1592
652 1312 1005 1612
1338 1305 1534 1468
1455 1299 1631 1455
1064 1299 1305 1488
215 1286 365 1573
1958 1279 2186 1423
2937 1272 3107 1494
2793 1266 2963 1475
894 1259 1155 1488
52 1259 332 1507
2558 1246 2865 1449
2304 1240 2663 1475
1880 1240 2062 1449
1194 1233 1481 1390
1566 1227 1723 1396
1677 1220 1808 1364
541 1220 809 1357
2578 1214 2820 1364
737 1214 900 1364
1312 1207 1625 1364
1984 1201 2147 1351
2820 1194 3146 1325
2134 1181 2376 1364
248 1181 561 1390
835 1155 1135 1331
2265 1135 2578 1312
2082 1129 2382 1259
1566 1116 1808 1325
1031 1116 1390 1246
2461 1109 2650 1299
2630 1096 2957 1259
0 1096 169 1403
2526 1083 2656 1214
456 1083 685 1292
208 1083 372 1286
1906 1077 2121 1214
1651 1077 1821 1227
646 1077 842 1233
1481 1044 1677 1240
372 1044 528 1188
496 1037 744 1168
3042 1031 3263 1246
2970 1031 3146 1207
2683 1018 2918 1188
2317 1011 2480 1188
1821 1005 2030 1135
1364 979 1592 1129
796 979 972 1148
2108 972 2369 1155
2382 966 2604 1155
1618 966 2010 1220
2787 959 3081 1194
554 959 815 1109
2017 946 2226 1188
1847 946 2056 1090
378 946 561 1096
45 933 463 1383
926 887 1161 1181
0 887 378 1129
1468 881 1684 1070
1096 881 1357 1018
2317 861 2532 992
2017 861 2226 1031
848 848 1051 979
685 842 907 998
2996 835 3263 1070
1579 835 1808 1064
2545 829 2996 1044
535 829 737 1005
2415 822 2741 1005
2062 822 2265 953
398 815 594 985
1729 809 1873 998
1299 802 1534 979
1122 789 1279 933
1827 776 2082 985
2807 770 3153 900
1501 770 1788 979
796 770 1031 907
45 770 398 972
2441 744 2839 940
698 737 829 868
1214 718 1364 900
3028 711 3263 855
2245 698 2408 855
1416 678 1697 809
1370 672 1586 809
966 672 1142 907
2023 665 2369 894
1103 646 1286 796
0 639 176 770
3002 626 3237 776
2715 613 2878 776
639 600 887 874
2826 594 3042 763
1840 594 2062 724
2421 587 2643 776
169 580 567 718
2134 574 2408 737
2630 567 2761 705
985 567 1312 731
2343 554 2532 698
1997 541 2245 691
424 522 770 763
1423 515 1951 796
802 515 1031 750
0 509 195 718
1429 489 1677 633
1246 463 1442 698
1775 450 2088 672
84 450 417 711
607 430 868 639
1109 424 1325 620
2650 417 2918 567
3035 411 3198 574
2454 398 2741 678
2069 398 2356 607
1723 398 2069 548
0 391 241 587
528 385 711 522
2983 378 3263 822
2911 365 3094 607
2297 365 2578 607
1951 359 2128 502
1618 359 1853 535
1233 352 1507 483
979 339 1227 522
280 339 600 554
1449 332 1703 561
1064 313 1279 496
718 287 992 548
665 287 822 470
0 287 228 463
3015 280 3263 424
2487 267 2944 463
2846 261 3094 417
398 248 822 424
1977 241 2212 437
2676 221 2918 365
1416 221 1625 430
874 221 1122 443
313 189 554 339
1253 176 1436 339
2931 169 3263 332
2330 169 2526 300
2102 156 2291 313
1736 150 1971 287
1142 150 1318 352
1037 150 1214 326
2741 130 2976 300
189 130 385 274
1560 124 1906 424
2023 117 2173 293
430 117 646 319
52 110 261 306
1423 97 1677 241
2558 91 2800 228
2356 84 2689 339
2121 84 2526 450
1266 84 1507 235
2421 52 2689 261
2735 45 2898 195
776 39 1018 267
2898 26 3263 261
1997 26 2160 189
2859 0 3153 150
2193 0 2408 163
1873 0 2043 156
1488 0 1742 156
926 0 1194 176
71 0 698 248
724 1958 907 2258
0 0 3263 1383
0 639 3263 2448
1684 691 3263 2448
0 639 2376 2448
1729 691 3263 2448
1749 691 3263 2448
84 1958 796 2382
0 0 3263 1364
1651 1077 1925 1383
2735 1064 3074 1233
3055 2239 3263 2448
2428 1351 2683 1560
0 639 1135 2448
1370 483 1808 633
1370 483 1775 633
1370 483 1710 633
2793 907 3205 1697
2793 1194 3205 1697
1044 0 3263 1299
835 881 2376 2448
1312 1096 1625 1364
0 0 1534 1364
2245 691 2428 855
946 339 1227 613
1984 1442 2343 1631
1991 1442 2343 1631
1723 1129 1925 1383
1749 711 3263 2448
1958 1951 2924 2448
3055 2304 3263 2448
0 0 1534 1292
835 966 2376 2448
1318 1534 1703 1697
2630 528 2872 705
84 1958 796 2323
1664 0 2291 313
2950 907 3146 1207
261 1377 580 1742
261 1377 489 1736
2258 809 2448 946
1821 705 2036 835
84 1958 750 2323
1723 1853 2023 2226
2141 352 2434 522
1951 26 2291 313
1951 26 2173 293
293 1377 489 1579
1958 1951 2643 2448
1958 1951 2428 2448
1958 2108 2428 2448
1958 2193 2330 2448
698 672 979 868
979 339 1227 528
3035 345 3250 574
1749 711 3263 1945
1821 874 2291 1188
1821 874 2226 1188
483 1390 1070 2004
306 829 737 1292
385 829 737 1096
1312 881 1716 1070
1723 1867 2023 2226
0 0 1534 1233
528 287 822 522
1749 1534 2421 1723
1749 1534 2245 1664
2369 2069 2643 2323
2467 2069 2643 2323
1860 1416 3263 2448
306 1044 541 1292
2160 2108 2428 2317
1064 176 1488 620
2793 1266 3205 1697
2937 1266 3205 1494
1201 176 1488 404
489 1390 1070 2004
2800 1880 3133 2167
221 1958 750 2226
489 1501 1070 2004
2421 45 2976 300
2558 45 2976 300
2350 2206 3107 2448
2350 2252 3107 2448
1031 966 2376 1527
1860 1416 3263 2408
306 1044 528 1253
835 1259 2108 2448
1253 176 1488 404
0 639 463 1403
1749 1534 2121 1664
2376 1860 2989 2030
887 2304 1272 2448
2793 1266 3094 1697
2793 1266 3068 1697
0 1083 1135 2448
0 639 378 1403
0 750 378 1403
1814 1867 2023 2128
1605 1181 2376 1527
1977 711 3263 1945
2082 711 3263 1494
1951 117 2173 293
2395 711 3263 1494
1723 345 2173 574
1723 345 2128 548
1977 1214 2957 1945
1997 1214 2957 1886
1233 221 2650 1299
1233 221 1703 561
1031 966 1808 1488
1031 966 1808 1396
1031 966 1808 1325
1031 966 1677 1312
1312 881 1684 1070
900 1514 1227 1697
1246 332 1703 561
1997 1246 2957 1886
2082 1096 2957 1475
1605 1227 2239 1527
0 1684 189 1880
541 1645 1070 2004
757 1645 1024 1867
2415 711 3263 1494
3009 1031 3263 1494
1194 1233 1631 1455
3009 1207 3263 1494
1037 2304 1272 2448
1031 966 1592 1312
1031 979 1592 1312
274 2128 979 2448
404 2128 979 2448
2415 711 3263 1194
1618 2186 2082 2448
1847 946 2226 1188
1605 1279 2239 1527
541 1658 1070 2004
541 1658 913 2004
2134 1096 2957 1475
2134 1135 2663 1475
2441 711 3263 1194
2441 711 3263 1188
2441 711 3263 1070
1286 359 2650 1299
0 1410 691 2448
1286 515 2650 1299
1286 626 2121 1220
1286 626 1788 979
1286 626 1697 815
1286 626 1586 815
2722 1612 3094 1782
1997 1246 2957 1834
1860 1736 2885 2291
1860 1736 2741 2291
2134 1736 2741 2291
0 0 1442 763
124 189 600 600
124 293 600 600
143 339 600 600
1423 515 2650 1299
1044 0 3263 822
2193 0 3263 822
2911 280 3263 607
1031 1116 1390 1312
2545 711 3263 1070
143 339 600 554
2552 1416 3263 2408
2552 1605 3263 2408
2715 613 2944 802
1827 665 2650 1299
45 600 1534 1233
45 770 594 985
45 770 476 972
52 1083 1135 1612
2134 1240 2663 1475
1253 176 1488 339
2023 665 2650 1299
2023 665 2604 1155
2023 665 2545 1155
2023 665 2545 1037
2343 0 3263 822
2487 0 3263 261
776 0 1214 326
776 0 1194 319
887 0 1194 319
835 1736 1769 2448
1468 1991 1762 2226
1618 359 2408 776
2343 169 3263 822
2421 169 3263 822
2062 822 2545 1037
1618 359 2252 776
1618 359 2088 763
1618 359 2088 724
1997 1501 2800 1834
319 600 1534 1233
966 646 1286 933
1103 646 1286 933
0 1410 691 2317
894 1259 2108 1945
2487 0 3153 150
887 163 1116 319
1579 835 2121 1220
1618 966 2121 1220
2996 711 3263 1070
1312 332 1703 561
796 718 1534 1181
1286 626 1436 815
248 1083 1135 1612
1527 2010 1762 2226
248 1083 1005 1612
0 1501 691 2317
2454 169 3263 822
2558 1246 2957 1599
2552 1664 3263 2408
2722 1664 3263 2408
1997 1625 2715 1834
2193 0 2519 163
248 1083 685 1592
1044 0 2918 607
1605 1344 2239 1527
2421 587 2754 796
2552 1984 2859 2330
0 110 385 718
0 287 241 718
319 600 1031 1233
554 600 1031 1233
554 770 1031 1233
554 842 907 1233
554 959 842 1233
1044 0 1971 424
1618 359 2088 672
2963 1416 3263 1645
926 718 1534 1181
1853 84 2918 607
1853 84 2918 450
1853 84 2689 450
1044 0 1507 352
2722 2036 3192 2408
1423 515 1951 874
71 0 1442 763
84 430 1442 763
607 430 1442 750
802 463 1442 750
71 0 1122 548
2454 169 3263 678
2454 261 3094 678
84 450 770 763
117 522 770 763
1488 0 1971 424
1560 124 1971 424
1142 0 1507 352
1142 0 1507 235
117 580 567 763
926 718 1364 1181
926 881 1357 1181
959 1377 2108 1945
2454 267 2944 678
45 1501 691 2069
1977 84 2689 450
1977 84 2526 450
1024 1377 1834 1703
959 1547 2108 1945
580 0 1122 443
580 0 1018 267
1383 1573 2108 1945
959 1090 1390 1253
959 1090 1318 1253
2643 1220 2931 1468
2722 1338 2918 1468
3028 1566 3263 1951
1775 633 2036 920
0 1925 776 2356
2239 1227 2513 1364
332 1377 809 1853
339 1377 809 1853
2735 2154 3192 2448
2754 2258 3192 2448
3002 1266 3211 1488
1762 0 2082 215
1762 0 2075 215
2128 1736 2774 2036
2128 1736 2500 1971
2023 665 2382 900
0 2010 750 2356
0 2010 678 2356
0 2128 391 2356
1684 1442 2526 1749
1684 1442 2421 1716
456 1377 809 1853
1279 633 1553 881
489 1377 809 1853
502 1207 940 1364
32 1168 287 1560
0 887 3263 2448
1096 887 1429 1168
84 639 443 835
1716 809 2069 1135
1716 809 2056 1135
0 887 378 1488
0 887 378 1383
0 1077 3263 2448
2376 1880 2774 2036
2474 940 3081 1233
1723 1867 2637 2448
1723 1867 2023 2297
0 1958 1070 2448
1573 1122 2043 1436
0 1964 815 2448
385 1964 815 2330
1912 2121 2637 2448
156 359 607 567
979 424 1227 574
2506 940 3081 1233
1044 1103 1658 1488
1631 1214 2043 1436
52 1037 620 1573
52 1070 456 1573
52 1070 378 1573
685 287 940 567
0 2212 809 2448
0 2212 744 2448
65 2212 744 2448
2545 65 3087 306
2558 65 3087 261
2376 1814 3107 2186
580 1958 1070 2448
0 887 372 1383
0 926 372 1383
0 1037 195 1383
1364 966 2017 1351
1716 809 2030 1135
515 1390 1246 2043
744 235 887 443
443 385 711 554
2545 1814 3107 2082
2461 744 3263 1175
1821 894 2030 1135
515 1390 1246 2023
633 1390 1246 2004
750 1390 1246 1984
1044 1103 1658 1468
1240 1103 1658 1468
2056 2121 2637 2323
0 1697 339 1951
1318 1449 2115 1945
972 1997 1325 2448
0 796 463 1077
0 1756 339 1951
515 1710 705 2023
202 1958 587 2115
972 1997 1325 2369
391 2252 744 2448
1396 633 1703 835
2787 959 3263 1246
2885 1207 3263 1893
2885 1338 3263 1893
2963 1338 3263 1651
0 2245 339 2448
0 2245 287 2448
1723 1867 2023 2219
1984 1442 2421 1716
2049 1534 2421 1716
0 0 3263 1318
1240 1103 1507 1468
1912 861 3100 1494
1429 339 2226 737
1429 345 2128 737
1429 391 2043 737
0 0 3263 868
3094 1207 3263 1357
2056 2121 2513 2323
2643 1220 2931 1370
1873 548 2944 1031
0 319 1880 1318
1096 887 1429 1083
580 2115 1070 2448
750 1390 1246 1886
750 1390 1103 1886
763 1390 1103 1873
1847 1240 3263 2448
2663 796 3263 1175
2663 796 3107 1175
2696 848 3107 1175
1364 966 1938 1351
0 0 3263 822
385 1964 796 2199
0 391 1880 1318
0 1077 2082 2448
2859 705 3263 868
2976 705 3263 868
809 1390 1103 1788
1847 1286 3263 2448
2082 1090 2323 1325
1351 326 1814 528
1945 548 2944 1031
1984 1442 2245 1612
1912 861 2957 1475
1912 861 2761 1475
2017 861 2761 1475
2017 861 2761 1312
2017 861 2572 1312
1566 1044 1919 1351
293 1077 2082 2448
2807 770 3263 1064
1945 554 2944 1031
1364 966 1938 1122
2807 378 3263 822
0 391 1880 1148
2017 861 2408 1116
1945 1286 3263 2448
0 1423 672 2297
2036 861 2408 1116
1945 554 2944 985
2062 554 2944 985
2258 554 2944 985
293 1077 1005 1703
293 1077 744 1703
659 881 1161 1318
809 1259 2082 2448
809 1664 2082 2448
2839 378 3263 822
678 1416 953 1690
1416 1840 2082 2448
1775 437 2421 744
1775 437 2356 724
0 0 3263 652
1775 437 2356 705
1945 1286 3263 2330
1416 1840 1860 2434
920 1259 2062 1847
607 430 887 822
659 1070 1135 1318
1847 1618 2480 1834
