0 0 3263 2448
0 0 1507 2232
959 881 1507 1853
959 881 1501 1853
2356 1867 3263 2448
731 0 3263 1521
1351 0 3263 1521
0 626 3263 2448
737 1612 940 1873
1886 626 2102 783
1011 881 1501 1853
1129 626 3263 2448
731 0 1782 966
0 1201 2102 2448
731 0 1749 966
0 1227 2102 2448
0 1227 1690 2448
1403 1716 2102 2232
1449 1716 2102 2232
1129 626 3166 2448
1540 626 3166 2173
2167 2317 2415 2448
1449 1840 1958 2232
1899 626 3166 1658
0 0 1286 2232
2062 45 2258 326
2363 1423 2552 1677
339 1292 600 1625
2970 1305 3263 1599
731 0 1279 959
731 0 1227 959
0 1227 737 2448
2265 2317 2415 2448
1827 2310 2030 2448
1403 2082 1651 2226
2434 2043 2591 2232
1129 2023 2572 2448
110 1964 737 2448
691 1945 926 2245
1527 1840 1958 2232
352 1729 522 1971
1756 1716 2102 2043
776 1716 940 1873
953 1703 1148 1886
1651 1664 1795 1795
2141 1645 2271 1775
489 1618 1690 2448
737 1612 920 1749
0 1612 215 2069
959 1547 1148 1677
2415 1507 2552 1677
1011 1455 1501 1853
1769 1442 1951 1579
1390 1429 1618 1723
3100 1416 3263 1599
2761 1370 3263 2030
391 1364 600 1625
2970 1305 3263 1553
339 1292 515 1488
1951 1279 2193 1429
0 1227 411 2448
1540 1155 2891 2173
352 979 698 1305
1370 920 1507 1161
1899 913 2147 1344
1129 881 1449 1566
1775 796 2010 959
254 665 1286 2232
2095 626 3166 1658
1886 626 2088 757
2434 437 2611 607
1129 345 1279 574
1919 300 2075 430
1573 254 1703 385
1037 58 1227 280
2069 45 2258 248
2121 0 3263 1351
1351 0 2500 1521
1429 0 1658 150
1135 0 1749 966
731 0 1207 959
0 0 874 1357
0 0 1782 2448
489 0 3263 2448
489 1155 3263 2448
1351 0 3263 1703
1351 0 3263 1658
731 0 1782 1886
731 0 1749 1886
0 0 1286 2448
0 665 1286 2448
1540 1155 3263 2448
0 0 894 1357
489 1612 2591 2448
1775 0 3263 1658
1775 626 3166 1658
1553 176 1703 385
2356 1305 3263 2448
0 979 737 2448
489 1612 1690 2448
953 881 1618 1886
1129 1716 2591 2448
959 881 1618 1853
339 979 698 1625
1011 881 1618 1853
2761 1305 3263 2030
1129 1716 2572 2448
1899 913 2193 1429
1527 1716 2102 2232
2056 861 2265 1272
2115 861 2265 1201
1122 1684 2833 2448
776 1599 926 1860
959 1586 1148 1873
2350 1396 2800 1677
287 2304 450 2448
2989 2023 3224 2363
1299 2010 1605 2206
267 1964 404 2102
776 1716 926 1860
959 1703 1148 1873
1645 1645 1801 1795
2141 1618 2284 1775
783 1599 920 1762
1436 1475 1605 1618
1769 1442 1951 1586
2350 1396 2761 1677
339 1292 509 1436
1919 1266 2193 1429
652 815 855 1044
1462 0 1690 163
0 0 1736 1638
0 0 1736 1860
2056 953 2232 1272
2421 71 2767 613
1886 594 2448 1214
0 1325 248 1514
156 0 580 633
3055 0 3237 189
1214 933 1664 1266
1312 933 1664 1266
842 985 1044 1207
0 1625 215 2004
156 0 411 633
1756 332 2004 509
1814 0 2532 150
1814 0 2428 143
1814 0 2252 143
248 1599 417 1795
567 1436 1266 1984
0 0 3263 1625
1782 411 2173 796
1847 411 2173 737
0 372 3263 2448
665 0 1135 195
665 0 1024 195
182 0 411 378
0 659 208 1122
0 881 208 1122
3113 1188 3263 1481
2193 1507 2539 1912
1475 1031 1664 1266
1312 1312 1638 1658
1325 1344 1638 1658
2434 1390 2774 1756
665 0 953 195
1325 1468 1475 1658
1749 1521 1958 1886
1749 1605 1958 1886
567 1436 1148 1984
2585 731 2761 966
2454 1390 2774 1658
359 1468 567 1638
1312 933 1566 1194
2572 2030 3263 2448
2637 2030 3263 2448
567 1436 1135 1984
2852 587 3263 1188
2950 587 3263 1188
0 1893 221 2297
1886 594 2448 1207
2232 594 2448 894
0 0 3263 1442
2173 65 2480 287
1658 1919 1795 2212
992 881 1227 1214
3009 587 3263 815
372 110 1135 1625
646 842 1135 1442
646 842 940 1259
737 1188 1135 1442
2454 1449 2774 1658
372 110 1044 1625
372 1175 678 1625
398 1175 678 1625
470 110 1044 1181
607 110 1044 770
607 110 809 770
2160 378 2572 848
2206 470 2572 848
1279 0 1742 319
1279 0 1690 319
1344 0 1690 208
1344 0 1690 163
959 2310 1175 2448
737 1188 1064 1442
2369 620 2572 848
2232 992 2467 1292
3120 587 3263 815
2206 470 2558 731
2624 0 3263 913
567 1436 933 1984
2023 522 2173 737
1090 1051 1227 1214
2780 2030 3263 2448
2780 2088 3192 2448
0 815 1971 2448
124 1749 1586 2448
124 1749 1501 2448
124 1749 1325 2448
1521 372 3263 2448
1547 372 3263 2448
1873 966 2291 1442
1977 1201 2291 1442
0 0 2696 1442
1383 319 1729 672
2950 705 3263 1188
2624 0 3263 809
124 1749 1266 2448
2376 1220 2598 1534
672 646 1272 1037
672 646 1161 1037
672 659 1051 1037
1279 6 1455 319
0 815 1971 2389
0 0 2696 1305
0 0 254 920
0 130 254 920
0 130 208 607
0 274 208 607
2624 0 3263 678
2624 0 3263 633
2624 0 3263 561
998 646 1161 907
2820 1214 3192 1501
2898 1214 3192 1442
2898 1279 3192 1442
0 535 254 920
0 535 254 822
672 659 1051 998
3100 2030 3263 2448
3055 1507 3263 2017
2624 0 3263 483
2624 0 3172 476
2624 110 3172 476
124 1847 1266 2448
124 1847 1181 2448
417 1847 822 2284
2376 1220 2598 1462
0 1155 463 1442
150 1240 463 1442
104 0 2696 1305
861 32 1096 456
861 32 1077 319
1540 815 1951 1090
1540 835 1847 1090
124 2206 1181 2448
124 2206 842 2448
124 2206 737 2448
1547 515 3263 2448
2891 1932 3263 2167
2891 1984 3172 2167
2030 1501 2291 1853
2030 1501 2291 1821
2030 1618 2291 1821
1429 319 1729 613
0 953 1971 2389
0 1377 470 1742
0 1377 404 1742
124 1377 404 1631
104 0 835 1305
104 0 724 1305
208 1377 404 1625
2173 65 2428 287
2004 1860 2421 2226
2004 1945 2376 2226
2944 372 3263 646
0 535 254 750
124 953 1971 2389
1383 1481 1703 2278
1390 1481 1703 2278
1390 1553 1703 2278
1547 1827 1677 2062
1566 2160 1893 2448
2878 2088 3192 2448
757 0 2696 1122
1501 483 2304 940
1703 509 2304 940
1795 509 2304 940
1991 509 2304 940
1756 1723 2082 2115
2944 372 3198 646
124 1057 1024 2389
104 110 724 1305
1566 2160 1847 2395
698 953 1971 2389
757 0 1775 1122
104 535 665 1305
1756 1723 2082 1977
1847 1723 2082 1964
1625 0 2696 705
2950 705 3263 1129
339 110 724 574
339 156 724 574
124 1057 926 2389
1756 1612 2787 2448
1756 1867 2709 2448
1756 2212 2630 2448
1756 2212 2585 2448
2147 2212 2585 2448
1318 58 1645 496
202 1057 926 2389
1547 515 3263 2402
2663 587 3146 1175
2663 626 2898 1175
2663 881 2898 1175
1403 1690 1703 2278
1455 1886 1703 2278
124 1592 332 2115
2408 1867 2709 2304
2408 1867 2709 2206
2265 2212 2585 2448
1756 2219 2186 2448
1893 2232 2186 2448
1501 483 1847 829
2813 587 3146 1064
2232 992 2461 1292
2389 515 2774 1005
2389 607 2774 1005
2428 607 2774 985
1625 0 2637 705
2297 97 2637 483
698 2095 920 2382
744 953 1971 2389
1886 783 2434 1207
1488 2049 1703 2278
339 176 567 567
221 1057 926 2389
104 600 665 1305
104 744 665 1305
835 0 1775 1122
835 0 1775 1057
221 1599 587 2389
221 1599 587 2062
221 1599 587 1991
1625 0 2428 705
1625 0 2337 705
1625 0 1834 202
1547 926 3263 2402
2454 1423 3263 2350
2904 1423 3263 2088
287 2023 509 2389
104 744 522 1305
2931 1423 3263 1893
1468 1481 1697 1788
2454 1795 3055 2350
352 1599 587 1971
1991 626 2304 940
1096 0 1436 607
1096 0 1351 280
744 953 1847 2389
744 1808 1436 2389
835 1808 1436 2389
1155 228 1436 607
2931 1429 3263 1893
104 835 522 1305
104 835 522 1103
744 1827 1214 2173
744 1827 1109 2160
744 1827 1070 2160
2382 926 3263 1769
2395 926 3263 1769
2395 926 3159 1769
2395 926 3002 1769
1625 39 2337 705
470 639 698 1181
1547 1142 2565 2402
2226 1403 2526 1677
1318 235 1645 496
672 665 1037 998
1547 1618 1795 1938
1599 1142 2565 2402
835 130 1775 1057
835 130 1618 1057
907 953 1847 1912
907 1077 1840 1912
1344 1077 1840 1442
1344 1148 1703 1442
2820 110 3172 463
2454 1853 3055 2350
489 1057 926 1860
561 1057 926 1729
835 130 1560 972
835 130 1560 815
1207 541 1560 815
3055 1618 3263 2017
2395 926 2957 1540
2395 926 2957 1494
2395 926 2741 1449
835 1808 1396 2389
835 1880 1396 2389
835 2010 1188 2389
1625 71 2337 705
1625 71 2337 567
1625 71 2337 548
1599 1142 2323 1834
2454 1873 3055 2350
2598 2010 3055 2350
561 1233 926 1729
835 130 1266 744
1880 71 2337 548
1880 71 2337 417
907 1109 1449 1912
907 1142 1449 1912
2722 1481 3002 1769
2598 2115 3055 2350
1599 1142 2323 1729
2160 855 2434 1207
1599 1142 2323 1664
835 137 1266 744
835 339 1266 744
1625 189 1938 456
1827 1788 2565 2402
1827 1788 2330 2402
1991 1788 2323 2069
1991 1788 2219 2069
1599 1142 2232 1664
1599 1286 2232 1664
1782 1286 2232 1664
561 1233 776 1729
567 1344 763 1729
1103 1148 1449 1912
1103 1148 1351 1788
1827 2036 2330 2402
2395 926 2741 1299
1299 2317 1501 2448
1037 2310 1175 2448
2637 2284 2963 2448
1122 2284 1266 2448
1977 2278 2186 2448
2878 2271 3166 2448
13 2258 228 2448
1521 2252 1697 2448
2572 2245 2741 2448
789 2239 1181 2448
1893 2232 2023 2448
2363 2226 2506 2408
1756 2219 1932 2448
509 2219 842 2448
2265 2212 2415 2382
2780 2206 2931 2395
124 2206 332 2448
1390 2186 1586 2363
2115 2180 2330 2402
2526 2160 2663 2304
1697 2160 1847 2389
1566 2160 1775 2395
287 2147 509 2389
2833 2134 3055 2350
1148 2121 1312 2330
1005 2121 1188 2291
2598 2115 2839 2304
1494 2095 1703 2278
1253 2095 1436 2363
698 2095 861 2382
2950 2088 3192 2310
202 2062 365 2245
2004 2056 2167 2226
2206 2049 2565 2343
1488 2049 1684 2212
0 2043 221 2297
2539 2036 2709 2206
1827 2036 2167 2356
3100 2030 3263 2350
2689 2010 2904 2186
835 2010 1096 2389
1383 1991 1534 2167
2891 1984 3081 2167
744 1964 926 2160
143 1964 319 2115
417 1951 776 2284
2023 1945 2376 2226
1037 1932 1214 2173
1756 1919 2017 2115
1658 1919 1788 2134
300 1912 528 2062
907 1906 1109 2036
52 1893 195 2062
1155 1880 1396 2160
2454 1873 2754 2082
2408 1867 2591 2134
2128 1860 2323 2036
2774 1853 2924 2088
483 1847 822 2036
1286 1840 1521 2082
1991 1834 2160 2069
815 1827 1070 1991
221 1827 417 1991
2702 1808 2878 2030
992 1808 1214 2004
2617 1795 2748 1997
2904 1762 3159 2088
1899 1762 2082 1893
2330 1749 2474 1886
763 1749 1057 1971
1547 1729 1736 1938
1161 1729 1449 1912
1847 1723 2049 1964
1103 1716 1266 1873
2767 1710 2957 1912
1403 1690 1579 1912
567 1677 861 1984
1932 1645 2108 1834
352 1645 541 1971
2030 1638 2199 1821
2141 1618 2291 1795
2421 1612 2787 1958
953 1612 1148 1834
2722 1605 2944 1769
1749 1605 1958 1801
424 1599 587 1827
248 1599 417 1756
835 1592 1044 1827
124 1592 332 1971
1481 1566 1697 1788
2859 1560 3035 1716
2931 1553 3133 1893
1390 1553 1534 1736
567 1540 763 1729
894 1534 1135 1677
1893 1527 2030 1729
1599 1527 1769 1664
1775 1521 1912 1664
339 1521 470 1664
3074 1507 3263 1671
2297 1488 2526 1677
124 1488 313 1631
2722 1481 3002 1664
1240 1481 1403 1736
1122 1481 1272 1788
1325 1468 1475 1599
1997 1462 2232 1664
2454 1455 2591 1651
1560 1455 1690 1586
2565 1449 2774 1658
737 1436 933 1736
3055 1429 3263 1612
208 1429 372 1625
2970 1423 3113 1573
0 1410 189 1742
979 1403 1207 1605
1984 1396 2226 1534
705 1377 920 1566
861 1370 1024 1566
2820 1364 3015 1501
1599 1344 1847 1638
1325 1344 1638 1560
567 1344 744 1612
0 1325 195 1501
1977 1299 2121 1442
718 1299 926 1468
2663 1286 2911 1540
1782 1286 2056 1553
2983 1279 3192 1442
2291 1272 2506 1455
208 1272 463 1442
2167 1259 2323 1481
2500 1253 2643 1449
1540 1246 1703 1383
1690 1240 1971 1455
150 1240 300 1390
561 1233 776 1442
2428 1220 2598 1364
2056 1201 2291 1423
3126 1188 3263 1455
737 1188 953 1357
398 1175 678 1423
0 1155 261 1364
1344 1148 1560 1442
1103 1148 1351 1521
2585 1142 2741 1299
1893 1142 2121 1344
907 1142 1161 1305
2598 1116 2957 1494
2382 1116 2532 1292
2232 1116 2402 1292
1788 1116 1925 1272
1475 1116 1664 1266
2885 1109 3159 1318
1207 1109 1377 1364
2950 1090 3263 1240
1645 1077 1840 1286
646 1057 802 1266
1312 1051 1507 1194
339 1044 502 1305
1481 1031 1658 1168
0 1031 195 1272
2611 1005 2761 1175
417 998 665 1266
2683 992 2898 1175
2310 992 2461 1129
842 985 1044 1201
163 985 496 1312
1214 979 1377 1135
2950 972 3172 1129
1873 966 2154 1272
1703 953 1847 1161
646 953 940 1259
3120 940 3263 1188
1377 933 1566 1135
2395 926 2715 1240
1788 920 1997 1175
1540 920 1749 1090
528 913 685 1181
39 900 208 1090
1090 887 1253 1122
2663 881 2878 1037
992 881 1129 1148
2389 855 2565 1005
2160 855 2434 1090
705 848 933 1037
104 848 287 1103
1690 835 1847 1037
254 835 522 1064
1201 822 1357 1018
1788 815 1951 1005
2813 802 3094 1064
1357 789 1618 1057
1886 783 2167 1024
2428 776 2643 985
842 770 1037 998
1560 763 1775 998
65 757 254 920
306 744 509 874
2291 737 2448 894
2983 705 3263 985
2415 705 2572 848
1991 698 2147 848
1795 698 2010 829
1233 691 1481 972
1109 678 1272 953
332 678 476 829
672 665 874 868
855 659 1051 796
0 659 163 940
998 646 1161 842
470 639 698 1031
2807 626 2963 809
2663 626 2885 894
2049 626 2304 940
2369 620 2526 770
2526 607 2774 783
215 600 378 946
2232 594 2376 796
3120 587 3263 737
2924 587 3146 900
1782 580 1991 796
489 561 620 737
1207 554 1410 815
1703 548 1847 750
1377 541 1560 796
293 535 489 731
0 535 182 711
3061 515 3198 646
2448 515 2683 724
789 515 1044 744
2722 509 3015 678
2128 509 2271 698
2872 489 3081 633
1501 483 1749 829
750 476 894 613
2206 470 2558 685
1658 424 1945 567
2676 417 2996 561
1847 411 2088 724
985 411 1266 744
1155 385 1436 607
0 385 189 607
1429 378 1566 548
2944 372 3120 541
607 359 809 770
2421 352 2709 613
1977 345 2121 522
1814 345 2004 509
2232 339 2428 541
835 339 1051 600
2056 319 2186 548
1514 319 1729 613
156 319 378 633
1318 293 1501 496
953 293 1096 456
176 280 313 456
2715 248 2891 398
2297 248 2500 483
1625 248 1814 456
339 248 502 567
2820 235 3074 463
1423 235 1645 404
1175 228 1403 430
2095 221 2337 417
2624 195 2833 476
1716 189 1938 411
365 176 567 417
757 163 992 528
2807 156 2970 300
430 156 724 574
1037 137 1207 437
2173 130 2376 287
1286 130 1455 319
926 130 1168 411
235 130 398 378
0 130 156 345
3009 110 3172 313
607 110 783 365
470 110 620 306
2363 97 2637 280
3113 84 3263 483
1586 78 1742 280
2513 71 2767 424
1880 71 2141 391
1423 58 1631 293
633 52 835 182
2023 39 2258 241
894 32 1077 189
1135 19 1351 280
2950 0 3107 202
2643 0 2989 241
2506 0 2696 130
2382 0 2532 150
1814 0 2141 143
1625 0 1775 202
1096 0 1344 176
802 0 953 195
359 0 580 221
182 0 411 248
117 0 254 306
0 0 156 176
789 0 3263 2448
0 0 1207 2448
2160 0 3263 2448
789 0 2663 2448
789 0 2428 1795
789 1077 2663 2448
1344 0 2428 1795
2134 946 2330 1214
789 1077 2591 2448
789 0 1945 1266
0 0 1096 1638
2160 0 3263 809
2160 587 3263 2448
0 659 1207 2448
2526 2160 2663 2428
2891 1423 3113 1573
1383 1991 1795 2278
1586 678 1827 848
1312 1051 1664 1266
241 1599 417 1886
2350 1077 2532 1292
1383 1991 1703 2278
2434 1390 2617 1756
2454 1390 2617 1651
267 1377 567 1638
267 1377 502 1573
0 0 1096 1501
0 274 208 424
789 1077 1847 2448
2173 0 3263 809
789 0 1945 1148
1279 6 1481 208
2891 1932 3263 2448
3048 1932 3263 2448
404 515 620 737
0 1155 300 1501
1455 1605 2591 2448
1651 1775 1880 1991
1651 1840 1880 1991
1455 1605 2585 2448
1932 1638 2245 1853
2030 1638 2245 1853
2265 2226 2585 2448
2173 0 3263 724
3061 313 3263 639
1312 1312 1638 1599
0 1370 1148 2448
2160 587 3263 1723
3074 1507 3263 1723
2950 0 3237 202
1455 1605 2565 2448
561 659 1207 1984
705 1266 1064 1566
861 1266 1064 1566
0 1240 300 1501
1344 0 2428 848
1416 2095 1703 2278
1377 626 2323 1795
1977 1299 2226 1534
3100 1932 3263 2448
1312 1312 1638 1560
855 659 1051 829
1455 1723 2565 2448
1697 2082 1886 2389
2160 587 3263 1612
2611 959 3192 1501
2611 959 2970 1175
2820 1109 3192 1501
1991 509 2271 848
1991 594 2173 848
1344 0 2428 796
0 0 1096 1442
548 0 1096 456
548 0 1024 319
548 0 1024 195
2186 992 3263 2448
548 0 953 195
633 0 953 195
633 0 842 182
124 1370 613 1827
339 1370 613 1827
2186 992 2643 1912
2206 0 3263 724
2722 372 3120 678
2872 372 3120 633
0 1410 1148 2448
143 1912 548 2245
0 0 992 1442
1540 920 1847 1161
143 1912 528 2245
202 1912 528 2245
202 2023 424 2245
124 1429 372 1631
2421 1116 3263 2448
0 326 829 1442
215 600 561 946
306 744 561 874
992 646 1377 1148
992 796 1377 1148
2767 1710 2970 2219
2774 1853 2970 2219
424 1370 613 1827
313 2265 737 2448
313 2265 515 2448
2611 992 2898 1175
561 665 1207 1984
894 1403 1207 1677
1344 0 2337 796
3009 84 3263 483
0 0 992 731
1423 0 2337 796
992 1077 1847 2173
1240 1455 1795 1873
1390 1455 1795 1873
1468 1455 1795 1873
1599 1527 1795 1873
1423 235 1814 456
2193 992 2643 1912
2193 1403 2539 1912
2232 587 2526 796
2232 587 2421 796
2572 2115 2963 2448
2572 2115 2839 2448
1586 0 2337 796
1814 0 2258 241
1703 541 1906 750
0 0 992 633
992 881 1377 1148
1090 887 1377 1135
789 0 1945 1057
894 0 1631 548
1344 0 1775 202
0 1410 541 2062
0 1410 417 2062
2232 992 2643 1455
2232 992 2598 1455
365 110 620 417
1377 763 1997 1455
1377 763 1997 1272
2820 1279 3192 1501
2291 1220 2598 1455
1468 1455 1690 1605
2160 607 2944 1240
2663 802 2944 1037
0 1410 332 2062
2160 607 2885 1240
2813 587 3263 1612
789 2095 1775 2448
789 2095 1586 2448
1299 2186 1586 2448
0 1592 1148 2448
744 1592 1148 2160
815 1592 1148 1991
3100 1932 3263 2350
835 1592 1148 1834
1377 763 1997 1175
1756 1723 2565 2448
1455 1886 1788 2212
1455 1886 1677 2102
789 2095 1436 2448
789 2239 1266 2448
1403 1566 1736 1938
1403 1566 1697 1912
607 326 829 770
2611 626 2885 966
2813 587 3263 1455
2813 587 3263 1240
2813 587 3263 1188
1690 815 1997 1175
1690 815 1951 1037
2206 0 3074 724
894 0 1168 411
894 32 1168 411
0 639 698 1442
208 1175 678 1442
2291 737 2565 1005
2813 587 3263 1129
1096 0 1631 548
1096 0 1403 430
0 639 698 1312
0 659 163 1122
1005 2095 1436 2363
1148 2095 1436 2363
1782 319 2186 796
1782 345 2088 796
2676 235 3074 561
0 1749 1096 2448
0 2043 228 2448
1207 1077 1847 1638
2206 0 2989 724
2513 0 2989 424
789 319 1945 1057
992 1148 1521 2173
2160 607 2774 1240
561 665 1161 1984
842 770 1161 1305
842 985 1161 1305
1814 345 2088 724
561 665 953 1984
561 848 953 1984
561 953 953 1984
561 1057 802 1442
0 1410 332 2004
1756 1788 2565 2448
1782 626 2323 1795
1997 1201 2323 1795
2056 1201 2323 1481
124 1749 1096 2448
2565 1116 3263 2088
1586 0 2337 417
483 1749 1057 2036
2585 1116 3081 1540
156 0 992 633
2598 1116 3081 1540
1233 319 1945 1057
2160 855 2715 1240
2565 1449 3263 2088
124 1951 1096 2448
1344 1077 1847 1638
1521 2160 1775 2448
0 985 496 1312
1756 1788 2376 2448
1286 58 1631 548
287 1951 1096 2448
698 2010 1096 2389
1997 1462 2291 1795
2924 587 3263 1129
2924 587 3263 985
339 110 992 574
1377 763 1775 1135
2206 0 2833 724
2206 470 2683 724
2565 1449 3133 1893
789 339 1436 953
789 339 1266 744
789 411 1266 744
339 110 783 574
104 639 698 1266
567 953 953 1984
646 953 953 1468
1756 1788 2376 2402
2297 0 2833 613
2297 0 2637 483
2363 0 2637 280
235 0 580 378
1286 58 1631 496
2421 1612 3192 2448
2421 1612 2878 2082
2454 1795 2878 2082
646 953 953 1357
1233 541 1618 1057
1488 1919 1788 2212
104 639 698 1103
