0 0 2448 3263
0 1181 169 1390
0 0 274 678
0 2813 156 3263
1018 907 1436 1233
345 1357 522 1612
1292 1318 1527 1599
567 0 1272 541
567 0 1272 385
1723 842 1951 1331
1723 979 1951 1331
1227 907 1436 1116
1827 1201 2232 1560
2193 3042 2369 3263
731 1135 1103 1501
724 0 1272 385
1912 1201 2232 1560
1560 0 2350 483
1560 0 2154 391
1057 861 1377 1116
2232 1161 2448 1481
1318 548 1579 705
522 2030 933 2493
639 946 822 1201
1762 685 2154 992
1762 685 2075 992
1344 2232 2186 3263
45 0 587 411
404 2630 972 3263
404 2630 959 3263
2252 443 2448 1031
2252 633 2448 1031
2252 678 2448 1031
2258 678 2448 920
1592 2030 1775 2219
783 1005 2448 2330
1168 1292 1442 1547
1011 633 1194 815
1024 0 1540 378
1024 0 1494 378
809 2454 1749 3263
1370 2852 1749 3250
1553 2852 1749 3211
476 2722 959 3263
1945 1011 2265 1396
1370 2931 1599 3250
443 39 587 274
0 424 476 2330
0 718 476 2330
0 1220 476 2330
0 1220 404 2330
0 1220 398 2330
0 1370 398 2330
0 1383 398 2330
783 1057 2448 2330
783 1057 1736 2180
783 1057 1612 2180
842 1057 1612 1638
842 1057 1299 1638
842 1129 1299 1638
1044 1272 1299 1638
1044 1305 1299 1638
1560 110 1801 326
809 2454 1625 3263
2232 1161 2448 1396
45 0 509 411
1096 1357 1299 1638
117 97 509 411
117 97 365 411
1886 52 2350 483
430 2030 842 2506
1566 0 2154 391
783 1325 1579 2180
124 1514 398 1860
1566 0 2121 359
1827 1827 2441 2193
1429 2937 1599 3250
567 0 1037 372
1762 685 1958 992
248 430 567 613
1109 1096 1612 1494
1175 1096 1612 1494
1703 1462 2448 2330
2036 1873 2441 2193
0 2062 633 3263
0 424 267 1286
0 424 267 1227
0 424 241 998
124 1514 332 1847
130 0 2448 3263
130 0 2448 2108
2284 19 2448 261
639 574 1723 1396
639 600 881 894
678 600 881 815
2010 959 2343 1240
221 2278 424 2513
476 1390 2448 3263
868 1377 1579 2180
1729 1462 2448 2330
2206 2095 2448 2330
959 1377 1579 2180
52 424 241 998
1729 1462 2448 2095
2102 1618 2448 2095
1436 2957 1599 3250
306 176 509 404
1945 1011 2206 1259
1449 2467 2186 3263
868 1547 1044 1867
528 1390 2448 3263
587 2578 1129 3263
815 574 1723 1396
815 574 1684 1396
842 574 1684 1396
1051 574 1684 1396
1279 894 1684 1396
1279 894 1651 1331
0 2062 528 3263
535 1880 1057 2643
659 1971 1057 2643
2095 2983 2330 3263
724 0 1272 248
1540 2767 1958 3263
1547 2957 1958 3263
1677 2957 1958 3263
71 424 241 998
0 718 221 1318
0 926 221 1318
0 2265 528 3263
130 0 2448 1906
1429 874 2448 1906
1488 2467 2186 3263
1488 2467 2128 3263
1697 1938 2102 2428
1880 2095 2102 2428
1175 1096 1592 1410
130 0 2448 1246
437 476 646 770
430 2030 718 2448
130 0 718 248
959 1377 1364 1788
65 2265 528 3263
385 0 718 248
1344 2232 1547 2552
1429 874 2448 1769
528 1390 1625 3224
659 1971 1057 2493
235 0 2448 1246
1658 0 2448 594
829 1997 979 2147
1488 2467 2082 2996
130 515 985 2108
1390 2121 2448 3263
235 124 2448 1246
1847 189 2415 731
1847 189 2284 639
189 515 985 2108
189 515 920 2108
1951 2852 2186 3081
1370 1423 1736 1775
130 920 594 1507
1292 1651 1579 2180
757 267 1377 541
2206 1592 2448 1906
1514 2121 2448 3263
528 1390 1481 2454
1161 1769 1481 2454
528 1390 1188 2128
496 2095 718 2448
1658 0 2448 496
1658 0 2337 241
1697 1938 2004 2147
1488 2526 2082 2996
1514 2121 2448 3126
1958 2696 2389 3126
65 2297 528 3263
97 2297 528 2963
1958 2696 2271 3035
528 1390 1135 2128
528 1390 940 2128
1377 1756 1579 2180
2082 2474 2448 3263
2121 2669 2448 3263
235 124 2284 979
1377 124 2284 979
1488 2526 1971 2996
809 2454 1481 3263
711 1638 1135 1971
235 169 1566 809
835 372 1566 809
1514 2121 2448 2761
1821 1122 2448 1769
2036 770 2448 1246
1488 2526 1971 2839
1847 189 2212 541
1514 2121 2448 2728
189 515 920 1690
1396 502 2284 979
1011 2245 1625 3224
1658 0 2232 241
1011 2310 1625 3224
1103 2519 1625 3224
1514 2121 2108 2728
1514 2121 2095 2643
1103 2532 1625 3224
39 3061 221 3231
2095 3055 2330 3263
1677 3015 1919 3263
1083 3015 1292 3263
887 3002 1129 3263
1547 2989 1723 3263
2167 2983 2297 3126
2017 2963 2173 3139
1756 2957 1958 3205
757 2957 972 3172
1429 2937 1586 3068
1370 2931 1514 3139
2239 2911 2389 3126
691 2904 822 3107
65 2898 352 3263
1951 2885 2186 3081
1618 2872 1749 3211
580 2826 959 3263
1808 2820 2128 3263
1827 2800 1997 2970
215 2800 652 3263
1703 2793 1880 2996
1540 2767 1808 3048
2121 2761 2271 3035
2186 2754 2448 3263
476 2722 685 2937
1958 2696 2167 2976
1357 2683 1625 2970
1677 2676 1971 2839
2121 2669 2343 2950
535 2656 678 2800
1788 2630 1971 2761
2154 2624 2448 2878
1951 2617 2088 2761
156 2591 528 2963
437 2585 587 2807
587 2578 1129 3074
1612 2545 1756 2767
1103 2532 1521 3224
1488 2526 1742 2839
1305 2519 1553 2741
1501 2480 1638 2624
2082 2474 2448 2735
1762 2474 2108 2728
0 2448 215 2976
737 2421 953 2643
1618 2408 1795 2702
1853 2376 2095 2572
711 2363 842 2506
280 2330 424 2513
1011 2310 1423 2598
97 2297 261 2709
1880 2278 2069 2428
221 2278 352 2493
78 2265 372 2611
1070 2245 1207 2376
1410 2239 1547 2395
1344 2232 1507 2552
1416 2212 1547 2343
2036 2193 2448 2617
2206 2173 2448 2330
1782 2167 1912 2330
567 2160 711 2297
541 2160 718 2448
2102 2147 2317 2291
1390 2134 1573 2323
1514 2121 1906 2643
1938 2095 2102 2323
0 2062 176 2585
430 2030 561 2258
718 1971 1057 2493
1697 1964 1880 2115
2134 1951 2441 2193
163 1951 789 2728
1847 1938 2004 2147
1161 1925 1462 2454
1521 1899 1958 2337
1377 1886 1579 2180
535 1880 757 2075
874 1867 1220 2356
2180 1853 2448 2095
228 1840 378 1991
1827 1827 2128 2010
1867 1808 2147 1951
1344 1769 1481 1945
274 1769 404 1919
1423 1756 1566 1932
933 1710 1135 1925
1468 1684 2232 2212
1070 1664 1370 1971
1292 1651 1527 1814
711 1638 998 1971
235 1625 398 1860
2102 1618 2278 2030
2284 1612 2448 1899
2206 1592 2408 1906
300 1592 476 1762
182 1560 332 1847
953 1553 1233 1769
1370 1540 1736 1775
528 1534 933 2128
1703 1488 1886 1716
293 1475 587 2108
1729 1462 2154 1853
1148 1462 1299 1638
1135 1455 1364 1788
215 1449 456 1612
1207 1429 1455 1703
1436 1423 1664 1631
757 1390 940 1605
2088 1383 2448 1769
0 1383 267 2330
959 1377 1181 1658
1207 1357 1442 1547
1096 1357 1227 1547
378 1357 522 1612
783 1325 1005 1599
1292 1318 1521 1579
1096 1272 1292 1462
2239 1266 2376 1410
1521 1266 1684 1396
6 1233 169 1390
13 1220 228 1416
1912 1201 2147 1455
130 1201 470 1507
2036 1194 2265 1396
0 1181 130 1383
770 1148 1103 1501
842 1129 1135 1410
1821 1122 2389 1494
1175 1096 1436 1325
2291 1090 2421 1246
1945 1090 2206 1259
339 1090 809 1690
241 1064 391 1246
1723 1037 1951 1331
1455 1037 1651 1266
1018 1018 1266 1233
1964 1011 2147 1155
691 1011 822 1175
0 1011 221 1318
907 1005 1090 1227
1906 992 2088 1227
750 992 985 1194
1788 979 1919 1129
1253 979 1436 1116
378 972 567 1116
2010 959 2317 1155
1057 946 1246 1116
0 926 176 1103
221 920 594 1253
1227 907 1436 1077
1279 894 1618 1331
900 887 1181 1096
1429 874 2082 1527
1716 868 1853 1044
1070 861 1377 1011
1762 842 1919 992
2252 835 2448 1031
1808 789 1958 992
815 776 1155 953
2036 770 2448 1181
1840 770 2062 1057
52 757 208 900
2010 731 2154 881
1880 724 2075 861
0 718 169 1037
1396 711 1742 979
1762 685 1906 861
2258 678 2448 842
842 652 1292 874
639 652 835 894
1051 633 1194 802
678 600 881 737
2049 574 2415 731
1051 574 1586 907
0 567 202 835
1396 548 1579 705
189 515 920 1194
1612 502 2284 907
476 496 646 770
437 476 567 626
2304 443 2448 646
71 424 215 822
1893 417 2056 607
835 404 1344 809
0 404 182 678
1631 391 1795 541
1214 372 1566 580
1932 319 2212 541
757 293 1024 541
861 267 1377 509
2147 248 2350 483
306 241 509 404
1096 221 1246 385
737 215 1037 372
1847 189 2049 424
1168 182 1318 352
404 182 541 332
326 176 456 326
124 176 365 411
235 169 946 672
992 163 1161 319
1631 156 1801 326
195 143 378 359
443 137 587 274
2317 130 2448 261
1377 124 1991 750
1560 110 1769 254
2212 97 2448 496
117 97 293 235
1566 71 1860 359
861 71 1246 274
1886 52 2212 417
1005 39 1272 248
2284 19 2448 150
1867 0 2232 176
1658 0 1991 241
1651 0 2121 352
1494 0 1723 319
1351 0 1540 130
1096 0 1494 378
724 0 1064 163
567 0 946 287
502 0 718 248
130 0 515 215
0 0 274 541
39 0 2448 3263
639 0 2448 1716
39 1292 2448 3263
0 0 1246 3263
639 0 2448 1638
678 0 2448 1638
0 0 1246 2976
0 2735 156 3263
117 97 541 411
678 0 2448 1605
235 1592 476 1762
1370 2931 1586 3139
678 0 2448 1527
1005 39 1318 385
1827 1618 2278 2030
1827 1808 2147 2010
71 424 293 920
39 2232 2448 3263
522 1292 2448 2767
2154 1090 2448 1481
2147 0 2350 483
2147 0 2337 306
1788 2617 1971 2761
1690 2793 1880 2996
1070 2245 1246 2448
2239 1161 2448 1481
1005 39 1272 385
0 0 1246 1318
424 496 646 815
1716 685 2154 1129
1827 1827 2147 2010
731 1135 1005 1605
1096 1272 1299 1638
731 1135 940 1605
1560 71 2154 424
443 0 718 274
1880 724 2154 881
463 496 646 770
1912 2767 2134 2944
1912 2767 2095 2898
0 757 829 2976
300 2506 456 2722
1716 868 1919 1129
1344 2232 1638 2624
0 1181 228 1462
52 757 267 1227
1893 417 2284 639
39 2454 2448 3263
926 1292 1455 1788
2154 1090 2421 1246
0 920 829 2976
52 757 241 998
1560 71 2049 424
1566 71 2049 424
1070 391 1299 554
639 652 874 894
926 1357 1455 1788
959 1357 1455 1788
1514 2363 1710 2683
2017 2761 2356 3179
2167 2983 2356 3179
1344 2232 1586 2552
2271 443 2448 646
678 574 2389 1527
522 1534 1677 2643
1292 1292 2448 2767
2017 2761 2271 3139
143 1064 391 1286
0 920 809 2976
1925 489 2284 639
2239 1266 2448 1481
2193 3087 2421 3263
1618 391 1880 620
522 1534 1677 2598
855 1873 1018 2088
1436 2852 1749 3263
1318 1292 1736 1645
1096 0 1540 378
45 0 561 359
45 0 561 254
691 574 2389 1527
1455 1037 1723 1396
1455 1037 1723 1305
1390 2134 1677 2428
1390 2134 1573 2395
1390 2134 1573 2343
522 1534 1481 2598
1318 1292 1684 1631
1318 1292 1664 1631
1318 1292 1612 1494
678 600 1292 874
1547 2852 1749 3263
1945 959 2317 1396
1945 1090 2265 1396
248 430 567 626
1292 1383 2448 2767
691 992 1318 1501
1070 417 1259 554
195 143 456 359
476 2722 829 2937
711 2363 953 2643
13 1220 228 1462
835 0 2448 1331
1207 1357 1455 1703
1964 959 2317 1155
1723 0 2448 1331
1723 574 2448 1331
2134 1853 2448 2369
2134 1853 2448 2330
2134 1951 2448 2330
0 0 1037 1318
750 992 1318 1501
1547 2872 1749 3263
1103 2519 2448 3263
1853 2095 2102 2572
842 1129 1318 1410
0 404 221 1318
835 0 2284 907
1292 1383 2448 2180
522 1534 1462 2598
522 1880 933 2493
182 1357 522 1991
182 1560 398 1991
228 1625 398 1991
1951 2617 2448 3263
1958 2669 2448 3263
567 0 1246 287
2199 0 2448 594
711 1638 1188 2030
1292 1462 2154 2180
1370 1462 2154 1853
815 574 2389 1527
815 776 1436 1096
2212 0 2448 496
1103 2519 2186 3263
130 0 561 254
130 0 561 215
1299 1762 1481 1997
1494 0 2232 417
750 992 1103 1501
1103 2519 1958 3224
1723 678 2448 1331
1840 678 2448 1227
567 0 1064 287
0 404 202 1037
0 567 202 1037
1468 1684 2448 2767
1494 0 2232 352
1494 0 2121 352
926 1658 1135 1925
0 0 1037 1194
2245 0 2448 150
2036 1383 2448 1906
1468 1684 2448 2735
0 1383 789 2976
215 1357 522 1612
522 2010 933 2493
815 776 1436 1077
1840 678 2448 1181
0 1383 267 2976
1051 574 2389 1527
1677 2676 2186 3263
835 124 2284 907
78 1951 789 2963
1070 861 1436 1077
39 2454 1481 3263
189 169 1037 1194
737 215 1037 541
1377 124 2284 907
1103 2532 1958 3224
1540 2767 1958 3205
39 2578 1129 3263
580 2578 1129 3263
1612 2408 1795 2767
528 1534 1462 2598
1677 2676 2128 3263
130 920 809 2108
1051 574 1742 1331
2036 678 2448 1181
1429 874 2389 1527
718 1664 1462 2598
39 2800 652 3263
39 2898 352 3263
78 2265 528 2963
221 920 809 2108
1514 2121 2448 2735
1762 2193 2448 2735
2088 1383 2448 1906
189 169 946 1194
1051 574 1742 979
718 1867 1462 2598
1011 1925 1462 2598
0 2062 215 2976
835 267 1566 809
718 1867 1220 2493
293 1090 809 2108
1762 2474 2448 2735
1468 1684 2232 2337
861 267 1566 580
1736 1488 2167 1853
0 1181 163 1390
1821 1011 2448 1684
1442 554 1579 705
1168 1299 1494 1599
940 1011 1331 1227
796 2415 1514 3263
959 1011 1331 1227
724 0 1266 430
2232 1175 2448 1481
2232 1175 2448 1403
691 1011 1240 1664
1364 2950 1599 3244
1364 2983 1560 3224
274 2304 953 3263
280 2630 953 3263
1175 1423 1344 1618
1853 724 2154 900
1592 1423 2448 2330
1096 946 1566 1677
1096 946 1566 1645
1096 946 1566 1462
855 0 1266 430
855 0 1259 430
1553 110 1801 339
1168 1357 1494 1599
1664 2800 2128 3263
2154 2624 2448 2898
404 2630 953 3263
1214 1325 1521 1579
0 398 594 1383
0 398 287 1383
0 398 287 1279
1801 750 2206 1246
1886 966 2206 1246
1749 2800 2128 3263
97 1507 417 1938
97 1507 332 1840
2258 580 2448 1031
2258 580 2448 920
502 1977 881 2467
1808 2800 2128 3263
776 1416 1011 1736
737 1142 1240 1664
0 718 202 1279
992 2461 1318 2643
1599 1423 2448 2330
1599 1423 2147 2004
1964 1011 2206 1246
0 2813 169 3192
0 398 287 1214
0 398 254 1214
345 1364 548 1638
1122 946 1566 1423
1129 946 1566 1423
241 887 594 1272
235 1592 417 1938
235 1592 417 1853
117 39 587 404
1808 2800 2095 3263
274 2304 620 2800
0 1103 2448 3263
1181 1540 2448 3263
0 1103 1951 3263
1899 78 2343 496
287 0 2448 1906
1240 541 1514 691
1867 1579 2448 2330
2102 1579 2448 2330
2102 1579 2448 2095
855 71 1246 430
13 744 254 1214
1416 1899 2448 3263
195 39 587 404
195 143 456 404
1161 169 1605 548
1161 169 1521 502
2017 1442 2239 1736
502 1977 881 2252
391 0 2448 1906
685 1553 1951 3263
287 430 1638 1462
1312 894 1638 1338
1612 391 1769 574
0 1103 1161 3263
0 1233 1161 3263
0 907 202 1279
1161 169 1377 502
1207 182 1377 502
306 176 456 404
287 430 1436 1462
287 430 1259 1462
287 430 894 796
633 594 894 796
829 1579 1011 1736
0 1351 1161 3263
2017 972 2395 1396
2069 972 2395 1272
711 1553 1951 3263
1507 2950 1951 3263
711 1553 1638 3028
718 0 2448 1906
809 0 2448 1906
2128 0 2448 731
613 2761 913 3022
1181 1540 2258 3139
1181 1540 2075 2878
1501 1899 2448 3263
731 763 1259 1462
685 2826 913 3022
2128 137 2448 731
2147 137 2448 731
1051 861 1436 1064
2147 137 2448 554
0 1351 1031 3263
0 1351 789 3263
0 1351 789 2963
1507 2989 1951 3263
1899 78 2343 483
1181 1540 1664 2643
1181 1540 1664 2558
1181 1540 1664 2513
1201 1736 1664 2513
1181 1540 1527 1853
45 2898 352 3263
2147 2147 2448 2376
2219 0 2448 463
744 2918 1161 3263
287 430 646 763
770 1671 1638 3028
1925 2807 2258 3139
1201 2180 1664 2513
1951 2186 2448 3263
1951 2539 2448 3263
2095 2669 2448 3263
1951 2839 2258 3139
241 1423 757 2128
809 0 2448 1514
1423 0 2226 639
1651 0 2226 639
711 1553 1240 1971
1951 2839 2167 3139
933 1553 1240 1938
1651 0 2212 639
2095 2983 2448 3263
770 1671 1449 2480
1305 1736 1579 2206
0 0 933 2128
1501 1899 2108 2722
391 0 1253 567
809 443 2448 1514
809 443 2448 1201
1103 2395 1638 3028
45 3107 261 3263
1507 3061 1951 3263
0 3048 169 3192
1423 2996 1560 3224
1756 2989 1945 3172
2095 2983 2356 3263
1364 2983 1494 3153
1749 2950 1886 3107
1429 2950 1599 3244
855 2950 1161 3263
2075 2918 2258 3107
1951 2918 2167 3139
744 2918 966 3179
1664 2878 1795 3048
678 2865 815 3133
463 2839 607 3061
587 2813 953 3263
1605 2807 1749 3211
1690 2800 1880 2996
215 2800 639 3263
1031 2748 1181 2918
0 2735 137 2976
2226 2696 2402 2852
2271 2689 2448 2898
2121 2669 2448 3211
280 2637 483 2885
404 2630 639 3002
2154 2624 2448 2852
1103 2591 1638 3028
1951 2539 2448 3028
306 2539 437 2722
391 2519 620 2800
574 2493 1031 3074
1312 2454 1462 2643
1658 2434 1958 2754
1188 2395 1514 2702
1246 2389 1383 2558
998 2363 1194 2513
685 2363 946 2532
1821 2356 2108 2617
913 2330 1057 2493
1351 2271 2075 2878
104 2258 437 2741
1201 2252 1370 2454
52 2252 182 2395
2023 2186 2376 2591
1318 2180 1664 2513
1429 2173 1573 2323
2147 2147 2317 2284
496 2095 705 2441
1175 2069 1312 2219
541 2036 926 2487
528 2036 842 2467
2167 2030 2441 2212
659 2023 881 2252
1605 1991 2088 2337
502 1977 835 2232
1501 1899 2082 2722
1305 1886 1579 2206
783 1873 1018 2102
1867 1808 2160 1971
770 1795 1449 2480
235 1782 404 1938
2102 1775 2448 2095
1299 1769 1455 1951
1370 1736 1566 1932
933 1729 1135 1938
1736 1716 1984 1853
1716 1684 2147 2004
1416 1671 1566 1814
1083 1671 1370 2095
1292 1651 1527 1853
711 1631 1051 1971
1501 1618 2310 2258
2291 1612 2448 1899
235 1612 398 1853
953 1553 1240 1742
274 1547 757 2128
1181 1540 1364 1795
124 1514 332 1840
1729 1494 1893 1716
1742 1488 2167 1840
868 1462 1240 1664
1175 1455 1305 1618
2043 1442 2428 1906
2017 1442 2173 1736
378 1429 528 1586
1599 1423 1840 1697
1396 1423 1527 1605
1207 1423 1416 1677
1188 1423 1344 1605
241 1423 483 1612
776 1416 940 1612
1344 1370 1723 1775
1168 1357 1410 1540
1096 1357 1299 1645
1292 1325 1521 1579
2239 1266 2376 1403
1096 1259 1259 1462
0 1253 163 1390
32 1233 489 1507
1899 1227 2049 1377
1122 1207 1383 1390
1240 1201 1566 1423
84 1201 221 1383
2017 1194 2278 1396
0 1181 156 1364
737 1142 1103 1579
2147 1135 2395 1272
1821 1122 2448 1684
2291 1096 2428 1233
2043 1090 2206 1246
443 1044 594 1194
1481 1031 1638 1272
985 1024 1331 1227
1964 1011 2108 1161
1932 1011 2088 1227
691 1011 868 1325
744 992 1259 1462
1272 979 1436 1175
2069 972 2317 1148
1129 946 1338 1214
0 933 169 1103
1253 900 1436 1064
1312 894 1612 1338
241 887 594 1233
1429 874 2147 1514
1716 868 1860 1044
1051 861 1377 1011
2278 835 2448 1031
0 789 163 1037
731 763 1175 1103
1801 750 1958 992
1853 731 2082 887
1840 731 2069 1011
1925 724 2154 900
0 718 176 1011
1057 633 1188 796
992 633 1148 822
633 600 776 796
678 594 894 796
2258 580 2448 835
2082 574 2350 705
1318 548 1514 691
2232 528 2448 731
215 528 933 2128
1612 509 2448 1201
483 496 646 763
809 443 1742 979
71 443 208 815
287 430 567 626
1044 411 1253 567
0 398 202 835
1631 391 1769 535
65 391 241 607
2108 339 2258 496
718 287 1024 548
1893 280 2212 639
1344 267 1507 417
2160 248 2343 483
1044 215 1246 430
1220 182 1377 437
319 176 456 326
2147 137 2421 496
1919 117 2212 417
117 117 339 385
2219 110 2448 463
1560 110 1801 339
1899 78 2193 287
855 71 1051 300
1064 39 1266 221
411 39 587 332
2252 0 2448 163
2167 0 2376 267
1867 0 2226 176
1651 0 2160 417
1423 0 1834 332
1096 0 1991 750
881 0 1259 287
724 0 1005 163
391 0 1214 489
0 0 887 646
0 0 2448 1840
0 398 2448 3263
0 398 1181 3263
0 0 2448 1697
613 1011 2448 3263
1214 1325 1527 1605
1801 750 2108 1188
1214 1325 1521 1599
65 391 287 1122
1364 2950 1638 3244
0 607 176 1011
1716 1494 2160 2004
2147 19 2421 496
0 398 1103 3263
855 0 1325 502
940 1011 1070 1201
71 443 287 1122
1801 750 1984 1188
496 1977 842 2467
2017 1442 2239 1840
855 39 1325 502
267 2467 607 3061
0 0 2448 796
855 71 1181 372
633 372 2448 1697
1716 1684 2160 2004
1057 2258 1286 2448
678 372 2448 1697
0 2735 169 3263
143 1103 372 1286
1044 39 1325 502
1044 169 1325 502
1044 215 1325 502
