0 0 3263 2448
0 1690 300 2448
1259 1005 1540 1318
0 1037 254 1279
0 1690 280 2219
2807 0 3263 763
2963 1742 3263 2310
1880 339 2115 515
2963 1742 3263 2226
2911 0 3263 763
0 0 359 594
378 1488 933 2088
378 1488 933 2010
404 1540 933 2010
1501 372 1906 541
522 1540 933 1886
2062 528 2480 972
2062 528 2480 940
1396 567 2317 1586
1396 665 2317 1586
1396 776 2317 1586
1396 776 2317 1553
1396 855 2317 1553
1396 1044 2075 1553
1442 1044 1906 1286
2088 528 2480 913
2088 528 2461 913
0 404 1442 1840
84 0 3263 2448
2630 1155 2852 1449
1403 1286 1677 1586
2075 1292 2774 1958
2193 1292 2774 1821
541 84 1338 496
541 84 1338 456
855 84 1338 456
855 84 1338 417
0 0 359 554
2258 1873 2578 2428
1690 1703 2134 2395
1690 1723 1912 1893
979 2239 1351 2448
1044 2278 1351 2448
1096 2304 1351 2448
2075 1481 2722 1958
1318 156 1514 456
2245 718 2676 1220
1677 776 1814 1083
2448 1762 3263 2448
2448 1873 3263 2448
2970 2088 3263 2448
3048 2265 3263 2448
2088 528 2297 913
855 1788 1677 2448
1259 2017 1677 2448
1259 2069 1677 2448
1396 2069 1677 2304
1410 2069 1677 2252
541 130 953 385
1716 1703 2134 2395
2310 718 2676 1220
1396 1116 2075 1553
2598 0 2885 156
1547 665 1991 809
541 130 913 385
2448 1873 3042 2232
2500 1873 3042 2232
2891 1416 3263 1847
2891 1455 3263 1847
2891 1612 3263 1847
2891 1612 3263 1834
221 2154 678 2448
1716 1703 2134 2226
0 1214 894 1658
124 1214 894 1638
124 1344 528 1638
2630 1155 2820 1390
378 1925 789 2088
1064 84 1338 417
2970 2088 3172 2297
2957 1455 3263 1677
2258 208 3218 659
1697 855 2317 1357
2258 248 3218 659
2480 248 3218 659
2480 248 2761 659
2741 248 3218 450
2807 261 3218 450
2807 261 3068 450
274 1507 783 1801
992 483 1227 646
2820 261 3068 450
378 1488 829 1834
221 2154 646 2448
0 404 1442 1651
522 979 1201 1651
2310 731 2676 1220
2310 731 2578 1220
2310 783 2578 1220
2310 868 2578 1220
2317 868 2578 1109
835 1488 1227 1925
874 1488 1227 1795
1749 2043 1899 2330
0 1410 672 1840
0 1553 456 1840
110 1553 456 1814
189 0 3263 2448
855 1788 1462 2036
2656 1873 3042 2232
84 685 1938 2448
1064 685 1762 1547
1064 822 1762 1547
1155 822 1762 1547
1403 1005 1540 1246
189 0 2480 770
2082 0 2480 306
189 0 2121 770
1945 855 2317 1357
1834 1703 2134 2226
1155 1083 1468 1547
0 404 1442 1560
1442 1044 1795 1266
84 1194 1938 2448
84 1194 1873 2448
1501 0 3263 2448
2637 1370 2911 1762
946 2128 1325 2284
267 1410 672 1605
1416 1377 1677 1586
2585 1527 2774 1821
2656 1873 3042 2226
2715 633 3263 946
470 339 1906 770
470 339 1906 665
470 417 1906 665
796 424 1906 665
189 0 2121 633
1762 437 2212 1161
1762 678 2134 1161
1775 678 2134 1161
221 2239 646 2448
221 2239 607 2415
1259 2232 1560 2448
1723 313 2010 502
855 1788 1233 2036
2519 2265 3002 2448
2728 1762 2983 1925
2735 1501 2911 1762
84 1194 1814 2448
117 1194 1814 2448
117 1194 1507 2448
117 1782 802 2304
117 1782 463 2206
2963 1801 3263 2226
815 0 2121 633
1331 0 2115 306
1331 0 1964 208
1331 0 1788 189
1331 0 1651 150
1299 822 1762 1148
1834 1762 2095 2226
1834 1762 2095 2043
561 2180 1024 2448
1756 0 2115 306
1756 110 2049 306
1501 1840 2239 2448
1514 1840 2239 2448
1925 1840 2239 2448
1932 1840 2239 2448
2193 1292 2761 1553
2337 1344 2761 1553
2421 1344 2761 1553
1514 1945 2023 2448
1514 2147 1710 2356
972 1475 1814 2245
189 0 1253 561
1814 0 3263 2448
2702 2206 3094 2448
2558 378 3263 894
2558 378 2983 731
2558 489 2983 731
2558 502 2833 731
0 652 724 1560
228 652 724 1514
228 652 652 1514
1501 2245 1769 2448
2924 0 3263 391
3126 65 3263 391
1240 685 1664 1011
1240 757 1540 1011
1207 0 2121 417
1240 757 1540 920
2265 691 2474 1031
0 855 450 1560
0 926 450 1560
0 998 430 1560
411 1214 894 1475
2820 574 3263 894
2820 574 3205 809
2212 1103 2552 1351
1671 1945 2023 2448
2630 1155 2820 1344
685 1194 1507 2448
842 2226 1214 2448
2911 372 3263 763
815 254 1658 633
2924 0 3263 378
2970 0 3263 378
0 1070 430 1560
0 1070 430 1475
0 1070 430 1357
972 1664 1814 2245
1044 1664 1814 2245
1116 1664 1814 2245
1116 1664 1801 2121
815 254 1658 626
1370 1475 1638 1769
117 1070 430 1286
2049 0 3263 1599
1116 1664 1801 2102
0 404 1442 1201
0 724 176 1024
424 2030 802 2304
261 0 1253 300
463 0 1253 208
463 0 809 208
685 1194 1507 2271
685 1194 1455 2271
724 1964 1201 2271
724 1964 1201 2232
1116 1749 1690 2102
1064 110 1312 417
1207 0 1880 417
0 411 1442 1201
274 411 626 652
189 150 705 561
228 150 705 561
228 176 685 561
228 345 685 561
1814 1148 3094 2448
1958 1560 3094 2448
2023 1566 3094 2448
2369 1566 3094 2023
2421 1566 3094 2023
2421 1690 3002 2023
2461 1690 3002 2023
522 1129 1122 1651
1958 1560 2219 1723
2102 1403 2702 1664
1814 1148 2271 1834
0 0 332 345
868 254 1658 626
1488 1664 1801 2056
2049 0 3263 1540
2049 0 3015 829
2049 0 3015 659
2049 156 2598 659
1227 1749 1690 2102
2232 0 3015 372
2376 0 3015 372
2376 0 2996 372
2376 0 2833 372
685 1194 1455 2069
685 1259 1455 2069
711 1259 1455 1906
868 254 1521 626
2376 691 3263 1540
1227 1749 1579 2102
2461 691 3263 1540
3035 1455 3263 1677
0 437 1442 1201
920 705 1442 985
567 2030 802 2304
1893 1148 2271 1658
1893 1148 2271 1514
2023 1664 2774 2448
2023 1664 2598 2448
1775 678 2134 1077
1775 763 2043 1077
228 0 398 208
2102 1403 2656 1664
2102 1403 2526 1579
0 437 1051 1201
705 815 1051 1201
0 248 359 554
1207 0 1742 417
1586 19 1742 293
2461 848 3263 1540
0 437 894 1090
2820 574 3198 737
2461 1723 3002 2023
0 437 894 1018
0 437 770 1018
0 437 561 861
2376 78 2833 372
1142 1312 1455 1801
2212 1103 2395 1351
705 815 1051 1129
470 711 894 868
208 2030 522 2310
1344 391 1540 594
1396 1116 1997 1527
868 254 1377 607
868 254 1272 607
998 254 1272 607
2487 1122 2735 1390
1299 822 1762 1090
1083 705 1442 985
848 1964 1201 2212
2023 1664 2428 2448
2049 1664 2428 2448
1207 0 1658 378
1344 65 1658 378
150 1840 456 2206
1207 0 1416 235
2115 1742 2428 2448
2115 1951 2428 2448
1305 1782 1579 2102
685 0 1253 130
1090 705 1442 894
2461 848 3263 1462
1396 1116 1840 1527
0 437 300 861
2075 1481 2591 1873
2558 848 3263 1462
2820 972 3263 1462
2558 848 3028 1344
2278 2317 2598 2448
3048 2297 3192 2448
3133 2265 3263 2448
2519 2265 2865 2448
2278 2258 2441 2428
1605 2245 1769 2448
1501 2245 1658 2448
1259 2239 1455 2389
1357 2232 1560 2448
842 2226 1096 2415
2891 2219 3153 2369
1207 2212 1396 2369
2702 2206 3042 2408
561 2180 829 2448
3015 2160 3172 2297
1912 2147 2043 2395
874 2134 1077 2271
1116 2128 1325 2278
1410 2121 1573 2252
0 2108 300 2448
2343 2095 2774 2369
2219 2088 2428 2448
1671 2088 2023 2448
1540 2069 1677 2226
1612 2049 1814 2245
633 2036 802 2304
424 2036 600 2199
221 2030 463 2232
724 2017 933 2232
966 2010 1201 2212
2500 1997 2702 2199
150 1997 372 2206
1932 1984 2193 2448
966 1971 1481 2258
848 1964 1096 2186
1664 1958 1801 2108
2115 1951 2258 2389
450 1951 789 2088
1383 1945 1560 2102
2963 1932 3263 2226
1847 1932 2010 2226
378 1925 567 2069
1729 1919 1938 2160
2656 1906 2989 2226
84 1880 228 2075
2258 1873 2578 2271
2369 1867 2539 2017
2461 1853 2735 2023
1932 1853 2095 2043
855 1847 1090 2030
2421 1840 2624 1984
2075 1840 2239 2102
1716 1840 1873 1971
1129 1840 1279 1984
202 1840 456 2121
104 1840 280 1971
2963 1801 3250 2036
685 1801 920 2069
1031 1788 1233 2036
1305 1782 1579 1964
1116 1782 1279 1919
117 1782 463 1932
1488 1769 1801 2056
2728 1762 2904 1925
1834 1762 2010 2017
1227 1749 1475 1912
2480 1742 2722 1958
2154 1742 2415 2239
2689 1723 3002 1938
404 1710 750 2010
1938 1703 2134 1899
835 1703 1005 1925
2310 1697 2565 1873
2539 1690 2748 1860
1044 1690 1227 1847
0 1690 189 2219
378 1677 607 1834
1501 1664 1742 1821
0 1625 137 1840
1344 1618 1514 1769
110 1618 287 1814
124 1612 541 1867
1697 1599 1919 1782
2813 1566 3094 1853
2748 1560 2878 1762
2088 1560 2219 1723
1083 1547 1227 1749
522 1540 913 1886
2369 1521 2656 1664
404 1507 783 1801
2735 1501 2911 1645
1272 1501 1455 1801
1645 1494 1873 1729
1566 1488 1703 1723
874 1488 1188 1795
594 1488 829 1703
2075 1481 2591 1795
1416 1475 1638 1697
0 1475 202 1658
3035 1455 3185 1612
1658 1449 1847 1612
2173 1436 2323 1592
1814 1436 2075 1834
509 1423 672 1579
2519 1416 2702 1560
2102 1416 2297 1553
267 1410 639 1605
2741 1403 2983 1599
2258 1403 2526 1579
1488 1396 1677 1586
2872 1383 3133 1540
2637 1370 2787 1553
0 1370 169 1514
1795 1357 2075 1553
2545 1351 2761 1553
274 1344 528 1573
522 1338 789 1651
2069 1318 2271 1514
1142 1312 1396 1742
1318 1305 1462 1547
411 1305 718 1475
2193 1292 2487 1436
78 1272 378 1560
2696 1266 2852 1449
711 1259 1220 1906
45 1253 411 1475
2376 1227 2598 1370
1690 1227 1880 1403
463 1227 724 1410
1396 1214 1795 1527
685 1214 894 1370
0 1214 221 1357
966 1194 1201 1383
3113 1188 3263 1357
2820 1188 3263 1462
2487 1188 2689 1390
2630 1155 2761 1299
2258 1148 2552 1318
1893 1148 2154 1390
652 1142 835 1299
705 1129 1122 1547
261 1129 430 1286
19 1122 163 1259
1579 1116 1840 1292
1442 1116 1638 1266
2212 1103 2369 1279
705 1096 900 1233
2310 1090 2506 1220
1155 1083 1468 1383
1064 1083 1220 1233
3120 1070 3263 1201
117 1070 300 1259
541 1051 757 1272
737 1037 946 1201
6 1037 254 1181
1259 1031 1501 1318
2382 1024 2513 1220
789 1024 1122 1338
300 1024 548 1155
1697 1011 2010 1227
254 1011 391 1155
1410 1005 1540 1161
1501 992 1677 1148
326 985 639 1514
998 979 1201 1253
3055 972 3263 1181
2957 972 3185 1253
2317 966 2526 1109
2558 946 3028 1344
1821 946 1977 1161
489 946 659 1266
966 940 1129 1135
1945 933 2317 1357
607 920 802 1090
2461 900 2741 1214
705 900 985 1129
3061 887 3263 1064
1299 881 1638 1090
2957 874 3185 1037
2121 874 2258 1044
1971 855 2134 1083
0 855 385 1181
2826 848 3009 1096
2245 848 2395 1096
0 842 176 1024
1775 822 1906 1077
1566 822 1762 992
1083 822 1220 985
476 822 770 1018
110 822 352 953
913 815 1051 1031
2317 783 2480 972
1168 783 1351 959
985 783 1122 953
626 783 966 992
1762 776 1912 913
1677 776 1808 933
2265 763 2474 1031
1893 763 2043 992
1494 757 1703 920
2852 744 3263 946
3087 731 3263 894
1090 718 1286 894
470 711 646 868
1227 705 1442 874
920 705 1116 907
842 705 979 940
2650 691 2846 998
2284 691 2474 868
1827 678 2134 874
2088 672 2278 913
1547 665 1853 809
228 652 652 1077
130 646 287 861
2278 639 2461 815
2715 633 3042 913
2461 600 2696 829
2558 580 2820 731
2820 574 3028 705
1853 567 2049 705
829 567 979 776
274 561 561 848
2088 528 2297 815
274 515 430 652
476 502 724 770
2820 489 2983 698
1599 489 1814 659
613 470 861 822
1286 443 1521 626
2219 437 2487 659
1867 437 2212 744
0 437 300 855
1383 424 1540 594
796 424 1005 646
470 417 822 633
300 411 626 613
1135 404 1272 607
2480 391 2748 659
2258 391 2500 587
2656 378 2937 574
868 378 1148 594
2911 372 3263 652
1501 372 1749 541
1925 352 2115 515
228 345 437 561
1723 339 1912 502
554 339 770 470
1227 326 1377 522
711 326 979 496
1442 319 1638 463
45 313 359 554
0 313 130 476
815 300 966 470
953 293 1090 456
2989 267 3218 411
2872 261 3068 404
998 254 1201 509
2558 248 2761 437
1697 235 1847 385
1122 215 1312 417
2807 195 2950 332
1429 195 1658 378
855 176 1083 306
476 176 652 385
1671 169 1880 326
2049 156 2598 607
1756 156 2010 306
541 150 705 300
822 137 979 313
567 130 913 385
0 130 169 287
2532 117 2833 372
1919 110 2049 254
1064 110 1272 293
2924 91 3087 293
1266 84 1416 235
2376 78 2552 228
1586 78 1716 293
3126 65 3263 235
2643 65 2996 248
1344 65 1599 261
261 65 496 300
385 39 515 169
3028 32 3192 378
2160 32 2480 306
1945 32 2219 359
1109 32 1253 182
0 32 150 202
1592 19 1742 189
2598 13 2820 156
2970 0 3263 143
2820 0 3015 182
2683 0 2885 150
2552 0 2715 130
2232 0 2624 130
1827 0 1964 137
1742 0 1925 137
1612 0 1788 189
1507 0 1651 150
1207 0 1357 176
685 0 926 130
391 0 580 169
267 0 398 208
78 0 332 345
0 0 189 130
0 0 3263 1286
731 137 979 345
0 639 3263 2448
0 926 1690 2448
1044 639 3263 2448
2323 1651 2676 1788
84 1840 280 2075
0 926 1586 2448
0 926 1579 2448
3015 1651 3153 1847
2337 1344 2578 1540
470 391 1906 953
2317 731 2578 998
1723 339 1971 502
293 1488 829 1834
1494 757 1808 1064
2539 208 2741 391
470 417 1906 953
274 985 639 1573
339 1423 672 1651
0 940 1579 2448
2337 1344 2578 1494
2075 691 3263 2448
2904 2062 3172 2297
1083 1547 1305 1853
1083 1547 1299 1782
470 417 1906 907
1494 757 1762 1064
1325 0 3263 998
1044 639 2461 2448
2448 1997 2702 2226
1690 1599 1919 1893
378 1925 802 2304
1083 783 1351 985
39 2297 293 2441
1351 0 3263 998
0 0 2115 1286
2800 2291 3094 2448
6 926 483 1181
1116 1782 1279 1984
2741 248 2911 437
705 940 1201 1547
1638 868 2010 1227
1638 1011 2010 1227
6 926 450 1181
6 998 313 1181
1547 0 3263 998
1325 156 1814 659
470 417 1906 763
1351 2017 1677 2448
1351 2017 1677 2343
1514 2069 1677 2343
0 953 1579 2448
0 1024 1579 2448
0 1259 1579 2448
0 1553 1579 2448
946 2160 1396 2402
796 424 1906 763
881 548 1906 763
881 561 1906 763
881 580 1814 763
1155 1031 1501 1547
855 0 1325 306
907 0 1325 248
1109 0 1325 182
0 1024 1122 1932
0 1070 300 1357
0 1070 300 1279
19 1070 300 1259
2369 1690 2748 2017
2369 1742 2722 2017
868 953 1351 1449
1064 953 1351 1233
946 2160 1227 2330
907 58 1175 248
1044 2212 1396 2402
378 1925 678 2088
0 1253 411 1560
0 1272 378 1560
2728 1762 3042 1977
2382 900 2741 1220
1044 639 2461 2121
0 1259 1455 2219
0 248 189 594
0 313 189 594
1645 1364 1847 1612
2317 731 2539 972
1592 1436 2428 2448
1958 1462 2219 1723
933 58 1175 248
1325 156 1749 548
1325 156 1638 548
2062 1840 2239 2219
117 1024 1122 1932
117 1214 894 1932
1194 483 1396 633
1775 639 2461 1455
1775 639 2461 1390
189 0 2115 652
0 0 1253 1286
626 567 979 992
829 567 979 940
1344 1553 1514 1769
711 0 2115 626
868 1194 1201 1449
1494 757 1762 992
815 0 2115 626
2369 1840 2624 2017
189 0 515 208
189 0 339 156
0 1690 1579 2448
1618 261 1906 509
2957 874 3263 1201
1044 1690 1475 1912
2957 874 3263 1181
117 1305 789 1932
1155 953 1351 1181
1547 496 2049 913
1775 672 2395 1390
0 1782 1579 2448
0 1899 1573 2448
1827 0 3263 998
2082 0 2885 156
2558 580 2865 731
1775 763 2395 1390
0 1899 1560 2448
1325 254 1638 548
1344 319 1638 548
2258 1527 3263 2448
815 0 2049 626
1429 0 1788 208
1429 0 1651 208
1664 1840 1938 2160
2970 0 3263 391
2075 691 3263 1873
2545 1266 2983 1645
2637 1266 2983 1645
0 1899 1481 2448
1742 0 2049 306
1912 2147 2043 2448
2656 1527 2878 1821
0 417 189 594
124 1305 789 1867
1742 0 2049 254
1155 1024 1344 1181
1664 1919 1938 2160
189 130 913 652
221 2252 646 2448
221 2252 600 2415
1547 496 2049 809
1795 496 2049 705
2637 1266 2983 1599
1612 2049 1899 2330
2265 691 2493 1031
2284 691 2493 868
2082 0 2820 156
815 0 2010 626
1064 0 2010 411
1064 0 1880 385
2637 1370 2911 1645
1044 705 2271 2121
1044 705 1677 1266
1044 705 1638 1090
1044 705 1488 1018
1044 855 1488 1018
1507 0 1651 208
261 0 809 300
391 0 809 208
189 150 770 652
189 176 770 652
1742 0 1964 208
1592 1932 2023 2448
267 0 515 208
0 0 1051 1286
254 1011 548 1286
254 1011 548 1155
3133 2160 3263 2448
1827 0 3263 979
2258 195 3263 979
2970 613 3263 894
2970 613 3263 763
0 0 1051 1201
2258 1566 3263 2448
202 1305 789 1801
189 274 770 652
267 1305 789 1801
0 822 385 1181
0 822 385 1024
110 822 385 972
189 274 770 613
228 345 626 613
815 254 1521 626
1064 0 1847 385
0 1618 287 2219
2075 744 3263 1873
2075 1292 2702 1873
2102 1292 2526 1579
2193 1292 2526 1579
189 274 770 476
2258 744 3263 1834
2258 966 2735 1390
2258 966 2689 1390
2258 1090 2689 1390
274 1305 789 1801
1821 763 2395 1390
1814 1436 2428 2448
2637 1266 2852 1449
274 1338 789 1801
815 254 1377 607
998 254 1377 607
1135 326 1377 607
2075 1416 2702 1873
411 1899 1481 2448
450 1899 1481 2448
1357 1116 2271 2121
2258 195 3068 979
2258 248 2937 979
2258 248 2761 979
2258 248 2761 829
1357 1214 2271 2121
1266 0 1847 385
1266 0 1716 378
2630 378 2937 613
1266 0 1658 378
1266 0 1599 274
1416 1377 1703 1723
0 1625 189 2219
0 2030 522 2448
470 711 1051 1201
476 815 1051 1201
607 815 1051 1201
1266 84 1455 274
0 0 861 1077
1357 1723 1801 2121
1462 1769 1801 2121
150 1259 1455 2206
2807 195 3068 450
411 339 770 476
2258 248 2761 659
2258 391 2748 659
2258 1090 2552 1318
705 979 1201 1547
1488 1769 1801 2121
2474 718 2735 979
2513 802 2735 979
607 900 985 1201
1814 1436 2193 2448
1814 1436 2134 2043
1814 1436 2134 1899
1821 763 2317 1390
1893 763 2317 1390
1893 933 2317 1390
1396 1214 2271 1821
1396 1214 2271 1729
1645 1318 2271 1729
450 1899 1481 2271
848 1899 1481 2271
966 1899 1481 2258
874 1312 1455 1801
45 0 359 554
0 437 861 1077
476 470 861 822
1527 1116 1880 1403
1592 2088 2023 2448
2715 372 3263 913
2820 372 3263 705
1827 0 3015 874
1416 1475 1742 1821
2075 1416 2702 1795
2232 0 2820 156
150 1710 920 2206
404 1710 920 2069
1827 437 2297 874
2075 1481 2656 1795
1645 1357 2075 1729
2558 744 3263 1834
2820 1188 3263 1834
2872 1383 3263 1834
2872 1383 3263 1677
1155 1031 1501 1383
1827 528 2297 874
2702 2206 3153 2408
685 0 1253 156
463 1142 835 1410
1945 0 3015 659
2154 1742 2428 2448
2160 32 2552 306
450 1951 933 2232
2532 0 3015 372
2232 0 2715 130
1945 32 2598 659
2258 1873 2865 2448
1442 992 1677 1266
705 900 985 1201
2656 1566 3263 2226
1331 0 1599 261
848 1964 1096 2271
2278 2095 2865 2448
0 437 652 1077
2558 744 3263 1344
2558 848 3185 1344
130 561 561 861
815 300 1148 594
2656 1801 3263 2226
411 2036 626 2258
2532 65 2996 372
2278 2265 2865 2448
1945 32 2598 607
1579 1116 1880 1403
979 2017 1233 2199
0 933 352 1272
45 163 404 561
1325 254 1501 456
1494 665 2010 920
26 2271 678 2448
2539 1906 3028 2232
1148 2226 1396 2448
574 1945 887 2121
1553 665 2010 809
1083 372 1827 698
1083 515 1814 698
933 1795 1586 2043
2624 0 3263 1351
489 940 861 1377
652 940 861 1299
652 940 861 1240
535 130 913 378
1625 1618 2147 2239
1782 1618 2147 2239
1814 672 2010 802
1246 1599 1671 1893
1246 1605 1671 1893
1246 1645 1579 1893
2539 1906 2983 2232
0 0 515 594
2591 1122 2983 1592
1625 1769 1912 2069
1710 1769 1912 1906
0 313 241 594
2545 208 2846 417
2624 241 2846 417
0 1253 189 1651
0 1370 189 1651
874 430 1625 835
874 430 1625 665
933 1795 1410 2043
933 1795 1292 2043
1481 0 2630 1664
881 665 1429 835
1618 156 1847 313
711 176 1233 502
711 176 1233 456
711 176 1233 424
992 228 1233 424
2252 1762 2624 1997
0 1573 319 2226
0 1573 287 1847
1521 372 1827 522
189 561 352 822
0 1756 319 2226
0 1756 280 2226
0 1756 208 2226
0 992 319 1272
267 900 1338 2010
424 1109 1220 2010
0 0 515 365
1494 757 1697 920
