0 0 1536 2049
926 307 1159 434
217 0 622 815
1131 0 1479 831
0 49 131 295
180 1631 393 1831
278 1643 393 1831
540 643 926 733
0 795 819 913
0 795 819 876
413 0 622 815
516 12 622 192
708 1213 864 1422
413 0 545 815
0 893 1536 2049
0 0 1536 1065
426 0 545 815
0 0 409 217
1270 1438 1385 1536
0 0 409 188
0 0 409 102
442 0 545 815
811 0 1262 389
811 0 1172 389
0 963 323 1323
0 963 299 1180
446 8 545 815
458 483 545 815
1102 0 1213 299
663 344 1126 463
524 180 704 336
811 0 1167 340
1102 0 1213 208
94 860 475 942
0 122 438 561
0 139 438 561
0 143 438 561
811 0 1167 331
811 188 1135 331
811 188 1135 286
1413 1344 1536 1528
1381 0 1536 516
1401 0 1536 483
0 188 438 561
233 188 426 344
512 0 1069 495
856 344 1126 463
102 0 409 102
0 213 438 561
0 213 266 561
1163 0 1262 344
0 315 1536 1065
1155 315 1303 483
876 0 1167 258
0 409 1536 1065
1381 327 1503 516
0 971 249 1180
1155 336 1294 483
1114 1712 1262 1852
512 0 893 483
581 372 893 483
1155 368 1294 483
856 344 1069 430
930 995 1036 1131
876 0 1167 176
1454 1647 1536 1819
299 1225 672 1553
299 1225 573 1553
299 1225 549 1553
1208 0 1360 319
0 213 143 344
635 393 893 483
176 368 438 512
0 409 1536 979
0 409 1536 885
0 438 1536 885
926 1282 1303 1532
1114 1438 1303 1528
0 278 266 561
0 1569 110 1753
520 409 1262 827
0 438 504 856
1401 163 1536 483
1401 245 1536 483
1208 0 1360 295
504 487 1536 885
504 737 1536 885
504 737 1376 885
1176 770 1376 885
1258 0 1479 573
876 81 1159 176
512 0 885 463
1065 1114 1282 1245
1065 1114 1180 1245
299 1225 532 1553
868 1520 1094 1741
868 1520 1012 1692
0 438 458 803
520 483 1262 827
520 491 1262 827
930 1626 1094 1741
876 143 1147 258
885 0 1167 98
520 524 1262 827
1430 1356 1536 1528
524 0 885 463
0 385 196 561
0 385 122 467
413 868 1536 979
647 868 1536 979
975 868 1536 979
926 1282 1143 1532
926 1282 1143 1430
975 1282 1143 1430
1299 1499 1491 1815
540 565 844 692
1413 163 1536 295
647 868 1106 979
647 868 954 979
1401 290 1536 483
1299 1532 1491 1815
0 1004 1536 2049
528 1381 1536 2049
672 1458 1536 2049
672 1487 1536 2049
0 1004 1061 2049
528 1381 1184 2049
647 868 905 979
524 0 885 434
557 1536 754 1651
1208 61 1331 295
102 278 266 475
102 278 258 389
475 1696 672 1807
1331 487 1536 815
1356 487 1536 815
1356 487 1536 696
233 188 372 331
528 1381 1184 2024
1221 61 1331 278
180 438 446 532
1434 0 1536 204
1020 8 1167 98
590 1381 1184 2024
94 860 385 942
0 508 458 803
975 868 1487 979
540 565 844 655
344 1040 1061 1573
438 1040 1061 1573
438 1085 1061 1573
438 1085 1040 1573
684 1085 1040 1442
958 1458 1233 1667
0 1004 651 2049
499 1766 651 2016
590 1487 1184 2024
610 1639 1184 2024
795 1643 1184 1844
795 1643 1180 1844
1422 381 1520 483
672 1758 1348 2049
938 1790 1348 2049
1008 1790 1348 2049
1073 1790 1348 2049
430 1503 573 1671
413 868 729 971
1085 1487 1536 2049
520 528 1262 827
0 893 1536 1549
1143 1249 1536 1549
1008 1889 1204 2020
504 737 1188 876
729 1880 1102 2049
528 1524 643 1717
1151 1868 1348 2049
0 516 458 803
0 536 458 803
0 1004 626 2049
0 1704 233 1921
1331 614 1495 741
213 0 409 102
672 1758 1008 1938
0 893 1536 1401
1085 1557 1536 2049
610 1639 922 2024
684 1139 983 1442
958 1520 1233 1667
524 12 885 434
524 24 885 434
524 270 860 434
524 270 815 434
0 614 458 803
102 614 422 713
360 905 1536 1401
360 991 692 1167
446 991 692 1167
1434 73 1536 204
0 417 196 561
614 905 1536 1401
549 528 1262 827
614 991 889 1221
1085 1581 1536 2049
729 1934 1102 2049
815 1934 1102 2049
704 868 905 958
299 1225 532 1442
0 893 626 1069
0 1004 626 2024
610 1733 856 2024
618 1733 856 1921
1237 147 1331 278
0 684 458 803
795 1643 1106 1844
795 1643 967 1844
684 905 1536 1401
672 1774 1008 1938
286 1876 532 2020
1122 1581 1536 2049
172 893 626 1069
282 893 626 1069
590 528 1262 827
913 926 1536 1401
1008 958 1364 1159
577 12 864 188
0 1118 323 1323
438 1110 864 1573
438 1282 864 1573
577 69 803 188
438 1331 864 1573
524 270 721 434
1065 926 1536 1401
0 1430 626 2024
110 1483 626 2024
110 1508 626 2024
672 1778 905 1938
0 1856 336 2049
73 1864 336 2049
73 1864 311 2049
590 1487 905 1799
569 1331 864 1573
40 1069 249 1176
1118 958 1364 1118
57 684 458 803
848 1934 1102 2049
0 1004 454 1528
0 1004 454 1450
94 1356 430 1528
94 1069 249 1176
590 528 1233 827
590 528 1090 815
590 528 1085 815
590 598 1085 815
1024 868 1487 958
1036 618 1253 745
0 1856 127 2049
360 1032 565 1167
0 1155 147 1323
590 721 889 815
0 901 217 1044
159 1483 442 1688
192 1004 454 1372
57 684 458 778
1172 926 1536 1401
1172 1020 1536 1401
1172 1081 1483 1401
110 1508 569 2024
684 905 1348 1102
1004 905 1348 1102
803 528 1057 651
835 528 1057 651
835 528 1057 610
0 1266 299 1450
1065 1176 1241 1381
1122 1581 1536 2008
1221 1766 1536 2008
569 1331 864 1532
1381 1020 1536 1221
110 1671 524 2024
200 1004 454 1282
1221 1831 1536 2008
241 1671 524 1938
1122 1581 1417 1807
1262 1954 1352 2049
1323 1950 1536 2049
278 1946 540 2049
848 1942 963 2049
233 1938 336 2020
954 1934 1102 2049
680 1926 782 2016
1151 1921 1348 2049
0 1897 127 2049
1008 1889 1204 1975
286 1889 438 2020
885 1880 991 1999
422 1876 532 1971
1282 1872 1536 2008
610 1872 766 2024
1151 1868 1249 1950
73 1864 184 2028
0 1856 114 1999
938 1852 1040 1946
733 1848 860 1979
1335 1835 1430 1934
1221 1831 1348 1958
499 1827 643 2016
110 1827 290 2024
491 1819 626 1901
778 1799 905 1938
143 1794 295 1876
1073 1790 1249 1909
672 1778 811 1921
876 1774 1008 1913
1249 1766 1536 1921
987 1766 1122 1913
618 1766 708 1921
1114 1762 1217 1852
876 1758 975 1872
208 1749 311 1835
0 1749 155 1921
696 1733 856 1815
1081 1729 1180 1823
795 1729 934 1844
241 1721 524 1938
540 1708 672 1807
16 1704 233 1844
954 1696 1106 1827
475 1696 581 1782
1454 1692 1536 1819
336 1671 483 1840
262 1663 348 1815
1057 1659 1184 1753
0 1659 110 1753
139 1655 274 1790
1225 1651 1417 1807
876 1643 967 1770
278 1643 393 1766
762 1639 922 1762
598 1631 704 1717
1085 1614 1192 1712
975 1614 1102 1708
536 1614 643 1717
61 1610 172 1717
590 1598 786 1799
1299 1590 1491 1815
479 1590 573 1671
1122 1581 1299 1794
815 1581 926 1717
159 1577 274 1671
958 1573 1135 1667
0 1569 94 1671
868 1561 987 1692
1229 1557 1344 1684
557 1536 708 1639
1311 1532 1393 1618
528 1524 631 1635
1098 1520 1233 1631
1376 1516 1536 1671
999 1512 1110 1622
639 1512 741 1602
360 1508 569 1708
430 1503 545 1594
1340 1499 1442 1585
168 1499 303 1602
1217 1491 1331 1573
1118 1487 1266 1606
725 1487 905 1635
241 1483 442 1688
1430 1438 1536 1528
946 1434 1053 1528
0 1430 196 1639
573 1417 803 1573
241 1413 344 1503
94 1409 245 1528
893 1401 1032 1524
1020 1389 1139 1532
364 1389 491 1553
438 1385 602 1561
844 1381 987 1561
323 1368 422 1487
463 1364 549 1467
725 1360 864 1532
1430 1356 1536 1487
143 1356 430 1462
1143 1352 1491 1549
569 1331 737 1442
299 1331 516 1442
528 1327 672 1458
975 1323 1143 1430
926 1311 1020 1409
708 1311 815 1422
0 1307 127 1450
487 1303 573 1401
545 1282 725 1385
28 1266 299 1417
1393 1249 1536 1401
958 1233 1061 1376
319 1225 532 1364
0 1221 118 1323
745 1213 864 1348
155 1200 237 1311
73 1196 180 1315
684 1180 815 1282
192 1180 413 1372
1065 1176 1241 1344
0 1155 147 1274
344 1151 557 1311
1167 1147 1282 1241
774 1139 983 1442
913 1135 1139 1335
122 1118 323 1245
282 1114 454 1282
540 1110 770 1335
1172 1102 1368 1204
897 1085 1040 1184
1188 1081 1483 1401
40 1077 122 1172
98 1069 249 1176
848 1061 950 1159
696 1057 889 1221
930 1049 1020 1131
1278 1044 1393 1126
446 1044 565 1167
508 1040 626 1266
1118 1024 1241 1118
1381 1020 1536 1135
200 1004 401 1200
1008 999 1139 1118
614 991 762 1126
446 991 692 1098
815 983 995 1106
1319 975 1405 1069
168 963 299 1065
1184 958 1364 1081
278 954 405 1044
590 942 729 1065
1368 926 1536 1081
1303 917 1442 1036
1167 917 1348 1016
684 917 1057 1085
69 909 217 1044
1004 905 1221 1102
172 901 368 1036
0 901 131 991
282 893 626 1040
495 876 729 971
1233 868 1487 950
1024 868 1270 958
1237 770 1376 885
1311 741 1479 823
397 741 504 856
504 737 819 868
118 696 458 778
1393 684 1536 815
1036 663 1208 745
1049 618 1253 721
331 618 458 704
1331 614 1422 696
0 614 155 733
1364 610 1536 696
819 598 1085 741
180 536 450 618
581 524 885 606
1131 491 1401 831
1356 487 1536 651
922 483 1204 569
0 417 180 536
807 393 893 483
110 389 266 475
1434 381 1520 483
159 377 266 463
262 368 438 495
1069 348 1159 434
1389 327 1471 438
0 311 159 393
249 303 434 426
1401 290 1536 393
524 270 631 434
1163 249 1262 344
254 225 426 344
57 213 143 299
1073 196 1172 389
1237 188 1331 278
233 188 340 331
135 176 249 336
1426 163 1536 254
876 143 1147 225
295 143 426 295
1102 106 1192 208
1253 94 1340 176
36 94 131 282
1442 73 1536 159
520 65 672 352
0 49 114 295
1262 36 1352 118
659 24 885 295
110 24 229 188
770 12 864 127
1454 0 1536 94
1381 0 1479 327
1258 0 1417 573
1237 0 1360 94
217 0 413 176
213 0 409 81
413 0 926 815
0 958 1536 2049
0 0 1536 1167
512 0 1536 831
516 0 1536 831
0 0 1225 876
0 385 1536 1167
0 0 504 856
0 737 1225 876
1069 0 1536 831
905 1311 1020 1442
516 0 1167 483
0 971 864 2049
1069 0 1213 434
1131 0 1536 831
438 958 1536 2049
516 0 1147 483
1217 1438 1385 1598
0 971 815 2049
0 0 458 803
876 1643 975 1872
516 0 1135 483
856 303 1135 413
1413 1344 1536 1581
1163 0 1360 393
516 0 1012 483
520 0 1012 483
885 1852 1040 1999
520 385 1536 885
876 49 1159 176
1217 1438 1385 1573
520 12 1012 483
504 737 1225 876
0 856 1536 1167
696 958 1536 1684
864 385 1126 495
881 49 1159 131
438 1360 1536 2049
1278 1835 1430 1934
520 409 1536 885
1176 487 1536 885
520 12 893 483
0 1524 94 1671
520 409 1282 827
520 12 885 483
520 12 885 434
463 1303 672 1467
487 1303 672 1458
1073 0 1213 389
1073 106 1192 389
590 1581 864 1799
1163 0 1360 344
1163 57 1262 344
413 0 504 741
1331 0 1536 614
532 409 1282 540
1053 409 1282 540
540 524 1262 827
1409 163 1536 319
0 971 815 1442
458 0 545 815
0 0 434 426
0 0 114 295
0 1180 569 2049
217 1938 336 2049
532 430 1110 536
450 1766 626 1901
1073 184 1188 389
1442 0 1536 159
110 0 434 426
1049 1954 1180 2049
1237 0 1360 278
110 0 426 344
110 0 417 331
110 0 417 217
110 0 413 217
438 1360 864 2049
1237 0 1360 204
946 1434 1233 1631
1155 696 1245 803
1327 1102 1536 1401
1090 1393 1278 1528
0 368 458 803
110 368 438 495
1245 36 1352 204
1245 94 1340 204
540 524 1253 827
143 1749 311 1876
438 1360 864 2024
557 1536 708 1717
1008 1868 1249 1999
0 856 1536 1159
0 856 1536 1102
69 901 405 1044
549 524 1253 827
1340 1499 1454 1614
1311 487 1536 823
569 12 885 393
577 12 885 393
577 24 885 393
626 282 868 393
626 282 860 389
282 885 1442 1102
0 385 458 803
946 1434 1110 1553
967 995 1241 1159
1008 999 1241 1159
1008 999 1139 1159
110 0 409 217
278 1889 540 2049
299 1225 545 1594
1331 610 1536 815
930 1614 1192 1823
1008 1889 1233 1999
282 885 1348 1102
581 524 1057 651
0 438 458 778
438 1385 803 2024
499 1766 766 2024
0 1659 225 2049
0 1659 155 1999
0 1659 155 1921
110 0 409 188
549 598 1253 827
549 598 1253 815
549 692 889 815
0 483 458 778
708 69 803 188
499 1827 766 2024
0 516 458 778
438 1385 803 1807
577 24 885 295
577 118 758 241
930 1626 1184 1823
0 856 1536 1081
0 856 905 991
1340 610 1536 815
1340 610 1536 741
0 860 905 991
1057 1659 1184 1823
1393 1102 1536 1401
1393 1208 1536 1401
696 983 1241 1561
696 983 1143 1561
807 598 1253 778
819 598 1253 745
438 1385 803 1717
438 1385 803 1651
696 983 1020 1221
696 983 995 1221
479 1524 643 1717
94 860 905 971
299 1331 545 1594
364 1389 545 1594
725 1487 1135 1762
958 1512 1135 1667
848 1049 1020 1159
94 860 729 971
725 1487 987 1762
69 901 368 1044
0 1897 225 2049
0 565 458 778
0 565 389 766
0 614 389 766
0 1180 569 2024
0 1180 430 1717
0 1180 430 1639
823 868 1536 1081
672 1516 1536 2049
725 1487 987 1692
774 1085 1143 1561
672 1696 1122 2049
680 1917 1102 2049
770 1917 1102 2049
762 1581 926 1762
1331 0 1479 614
1065 958 1536 1684
1118 1438 1393 1684
1073 1516 1536 2049
254 143 426 344
0 971 626 1311
672 1696 1122 1938
778 1696 1122 1938
876 1696 1122 1913
1122 1516 1536 2049
0 614 245 766
823 868 1487 958
1065 958 1536 1549
876 1766 1122 1913
446 1040 626 1266
94 1409 344 1528
774 1139 1143 1561
774 1139 1143 1532
975 1323 1143 1532
540 991 815 1442
545 1282 737 1442
913 1135 1241 1344
282 893 1348 1102
540 991 815 1335
819 598 1094 741
479 1524 631 1671
0 971 557 1311
282 893 1221 1102
282 893 729 1065
1065 958 1491 1549
16 1483 569 2024
16 1655 348 1844
934 868 1487 958
684 905 1221 1102
540 991 770 1335
110 1483 569 2024
0 1180 430 1462
241 1483 569 1840
1118 1487 1393 1684
1065 1069 1491 1549
1065 1069 1368 1204
16 1655 274 1844
200 1004 557 1311
110 1721 532 2024
28 1180 430 1462
1118 1487 1344 1684
774 1139 1032 1524
1151 1831 1348 2049
438 1385 803 1573
1106 1081 1491 1549
28 1180 413 1417
110 1721 524 2024
1122 1581 1536 1921
1106 1081 1483 1401
1065 1069 1327 1192
1225 1590 1536 1921
241 1483 483 1840
1225 1651 1536 1921
967 217 1167 377
0 0 725 815
0 331 254 434
0 0 721 815
1135 0 1536 827
1135 0 1467 827
708 1229 860 1462
135 176 241 270
0 0 545 815
0 0 413 180
561 1516 741 1639
561 1536 708 1639
0 860 1536 2049
1135 0 1417 827
1135 0 1417 807
413 0 499 799
0 0 1536 1319
811 0 1245 336
1233 90 1340 192
811 0 1192 336
102 0 413 180
0 868 1536 2049
811 0 1192 299
471 733 557 856
1290 864 1536 983
811 0 1192 286
323 614 458 704
778 1786 975 1913
0 24 438 516
122 24 438 516
122 127 438 516
512 0 1360 540
852 0 1360 540
1061 1618 1208 1794
1213 1454 1413 1618
0 1856 319 2049
122 131 438 516
208 1225 672 1553
208 1225 667 1553
208 1225 549 1553
1442 0 1536 155
454 0 536 721
852 336 1278 540
852 336 1196 487
856 336 1196 487
872 0 1192 258
778 1799 975 1913
0 135 1536 1319
823 135 1536 946
1176 135 1536 881
1176 438 1536 881
1430 1372 1536 1528
258 131 438 516
262 139 417 233
1143 0 1360 483
823 856 1245 946
262 131 438 483
262 237 438 483
512 0 1028 463
0 143 254 364
0 143 151 364
0 413 1266 1319
422 868 905 987
1245 94 1340 192
0 1807 180 1921
872 102 1192 258
217 1778 336 1938
1381 135 1536 495
1401 135 1536 483
532 426 1204 569
532 426 1143 536
1217 438 1536 881
1401 135 1536 381
1413 135 1536 319
1413 135 1536 295
954 1712 1348 2049
913 856 1245 946
1143 131 1331 483
1151 249 1307 483
1163 249 1307 397
1381 237 1516 495
729 1917 909 2049
663 1098 774 1192
1307 438 1536 823
1307 614 1536 823
364 1376 1274 1831
1008 1393 1274 1553
1098 1393 1274 1528
0 413 1266 905
0 413 512 905
0 745 512 905
881 0 1167 135
881 24 1155 135
487 1274 667 1401
0 856 323 1319
1294 881 1536 983
930 1467 1237 1741
975 1467 1237 1700
975 1520 1188 1700
0 807 512 905
1143 131 1331 299
0 413 458 807
430 1454 602 1594
364 1376 1139 1831
364 1389 1139 1831
467 504 1266 876
889 1389 1139 1524
1065 1114 1176 1282
1208 131 1331 295
172 901 721 1172
393 987 721 1172
446 987 721 1167
364 1389 1098 1831
532 426 868 508
159 1508 569 1774
159 1508 463 1774
1413 1274 1536 1417
512 0 885 438
532 504 1266 827
0 856 274 1180
159 1508 426 1774
1372 438 1536 651
0 971 1290 2049
516 987 721 1167
0 504 458 807
0 528 458 807
0 528 368 749
0 971 1167 2049
647 1700 1167 2049
749 1040 1290 1532
749 1040 1147 1532
749 1163 1147 1532
868 1700 1040 1979
868 1700 1040 1946
840 1040 1094 1184
512 0 885 393
0 971 868 2049
0 413 196 614
749 1163 1053 1532
696 868 1536 2049
696 868 1536 1376
1114 1024 1241 1151
1102 1307 1536 2049
168 1508 290 1602
0 635 458 807
364 1553 950 1831
364 1561 950 1831
0 528 303 749
467 758 917 876
163 1905 336 2024
840 1085 1024 1184
532 504 1266 745
1036 590 1266 745
1036 590 1266 721
520 0 885 393
520 0 885 377
0 413 196 573
532 504 1262 659
540 524 1262 659
0 635 458 782
696 868 1536 1368
364 1561 950 1782
364 1561 950 1774
545 1561 950 1774
590 1561 950 1774
647 1790 1167 2049
0 1610 835 2049
647 1790 913 2049
0 971 868 1639
0 1180 344 1639
0 1155 323 1319
0 1647 835 2049
0 1647 377 1971
758 1016 967 1118
749 524 1262 659
749 524 1262 655
1102 1356 1536 2049
159 1565 426 1774
225 1565 426 1774
516 987 692 1167
520 16 819 377
422 868 905 963
749 524 1262 651
749 524 1151 651
749 524 963 651
0 1266 266 1639
172 901 467 1106
803 1905 1167 2049
0 856 262 1180
180 1360 471 1626
0 1155 192 1319
168 971 868 1536
606 684 1229 827
606 725 1229 827
606 725 1192 823
520 16 807 377
520 16 762 377
278 1671 835 2049
278 1671 766 2049
647 1790 913 1979
606 725 1192 815
1102 1581 1536 2049
168 971 868 1438
168 971 557 1282
45 1266 266 1557
1159 1356 1536 1823
1065 868 1536 1368
1065 1081 1483 1368
520 16 758 377
553 0 885 295
0 1647 303 1971
1118 868 1536 1126
311 1671 766 2049
803 1954 901 2049
676 1921 799 2049
163 1913 258 2024
848 1905 1167 2049
278 1901 540 2049
1258 1880 1376 2049
885 1880 991 1979
422 1876 528 2016
0 1856 172 2049
930 1852 1040 1946
749 1852 913 1979
45 1835 180 1921
778 1799 901 1893
487 1794 766 2049
118 1794 282 1971
1049 1790 1348 2049
647 1790 790 1921
217 1778 336 1909
1422 1737 1536 1823
639 1733 835 1823
1225 1729 1536 2049
1081 1729 1180 1815
795 1729 934 1831
1085 1712 1208 1794
954 1712 1126 1917
516 1708 672 1831
868 1700 1008 1872
262 1680 377 1823
479 1676 586 1782
311 1671 524 1934
655 1651 835 1762
0 1647 303 1872
278 1639 393 1774
413 1626 569 1721
1061 1618 1184 1749
545 1618 688 1717
762 1585 950 1753
1102 1581 1299 1745
364 1577 573 1671
159 1577 274 1663
225 1565 426 1688
590 1561 770 1774
1229 1553 1381 1684
540 1553 631 1635
1081 1544 1188 1643
975 1520 1122 1700
1245 1516 1536 1823
639 1516 741 1606
249 1508 336 1622
1311 1499 1413 1618
