0 0 2448 3263
0 45 437 763
0 45 372 763
0 169 372 763
176 1031 1024 1475
1501 789 1795 979
2095 2141 2363 2297
1266 1390 1455 1592
1775 920 2448 1175
332 450 757 913
332 450 757 874
698 2539 953 3113
848 2885 1344 3263
848 2885 1233 3263
940 2885 1233 3263
998 78 2448 815
1135 848 1599 1037
998 124 1318 359
1031 2102 1344 2428
2160 2833 2350 3133
1201 78 2448 815
1201 78 2448 750
1253 78 2448 750
2271 2800 2448 3028
1403 2852 1566 3028
1775 1037 2448 1175
1037 2102 1344 2428
1168 3107 1344 3263
1775 1037 2226 1175
0 1703 796 3263
0 1005 1077 1605
0 1122 1077 1605
176 1129 1077 1605
665 1645 992 1945
665 1645 992 1886
665 1710 835 1886
1292 1142 2448 1729
724 2095 868 2506
2121 1579 2448 1788
2245 2395 2448 2689
1723 2774 2199 3263
1723 2774 2069 3192
1886 2859 2069 3153
1135 848 1377 1031
698 2539 953 3035
1723 2774 1971 3192
1742 2774 1971 3042
2239 1984 2448 2278
2239 2049 2448 2278
208 1299 1077 1605
574 1403 1077 1605
1037 2728 1305 3061
1103 2754 1305 3061
176 1031 900 1416
1612 574 2232 815
1977 626 2173 848
796 1403 1077 1605
698 2591 953 3035
737 2800 874 3009
2245 2395 2448 2683
1103 2754 1233 3061
1227 1899 1468 2206
1292 1899 1468 2069
1742 2578 2141 2833
1742 2591 2141 2833
0 0 2448 1547
84 835 2030 1547
84 835 2030 1475
143 835 2030 1475
1292 1142 2448 1612
0 0 2448 1135
0 1299 2448 3263
1175 2232 1501 2454
1175 2265 1436 2454
620 1977 992 2598
620 2056 835 2598
1037 2199 1246 2428
476 450 757 731
163 267 437 443
678 848 2030 1475
0 1331 306 1860
0 2049 796 3263
221 1299 2448 3263
1788 574 2232 815
678 848 1867 1475
208 1299 665 1468
437 1599 718 1756
1416 3061 1566 3263
620 2108 822 2598
678 848 1801 1475
979 2598 1488 2904
359 1299 665 1468
1560 2415 2291 2761
1560 2415 2226 2761
1560 2421 2180 2761
620 2219 822 2598
476 0 2448 1135
861 450 1005 691
2154 2859 2448 3263
678 848 1801 1168
678 848 1292 1168
815 1403 1077 1605
1814 1716 2343 2245
1814 1847 2343 2245
1227 2669 1488 2904
1742 3100 2036 3263
1560 2421 1945 2761
1605 2493 1945 2761
528 280 1253 953
143 835 1011 1155
163 900 737 1155
2173 2924 2448 3263
2193 2924 2448 3263
1814 1880 2343 2245
274 1729 724 2317
1135 2683 1834 3263
0 0 705 959
476 476 685 705
221 1299 2448 3139
1501 2245 2082 2558
1703 2278 2082 2558
711 770 1148 953
176 1031 900 1383
1501 2245 1860 2526
1292 2265 1547 2761
1135 2774 1788 3263
2206 2924 2448 3263
2206 3074 2448 3263
0 2376 313 3263
1912 2500 2448 3139
221 1521 417 1729
143 835 1011 1090
143 835 567 1018
1860 1997 2343 2245
2317 3074 2448 3263
2167 920 2376 1103
822 770 1148 953
822 789 1051 953
1135 2931 1788 3263
1168 2931 1788 3263
1455 2931 1788 3263
1527 2931 1788 3263
254 1299 2448 3139
724 1899 1416 3139
763 2500 1129 3139
763 2500 1129 3009
763 2500 1096 2826
1867 1716 2141 1867
763 2500 1051 2813
763 2500 1051 2722
1912 2611 2448 3139
1912 2611 2448 3081
1912 2611 2448 2904
2023 2611 2448 2904
1677 574 2448 1135
1677 672 2448 1135
1677 678 2448 1135
1344 2265 1547 2506
724 1899 1416 2728
39 0 705 894
1958 2793 2212 3081
476 0 1788 992
626 0 1788 992
757 58 1788 992
757 84 1788 992
757 84 1031 306
254 1299 2448 2846
1129 1481 1410 1703
1129 1514 1410 1703
39 0 705 365
39 0 678 365
143 1945 417 2115
1782 1161 2448 1612
1214 1984 1821 2846
1214 2154 1821 2846
1455 2304 1821 2846
254 1299 2448 2539
861 1403 1272 1808
861 1403 1201 1808
894 2761 1129 3009
789 208 1788 992
1455 639 1788 835
0 1703 365 2931
189 274 698 894
1514 1951 2448 2539
789 208 1677 992
1651 2023 2448 2539
0 2069 796 3263
254 1299 2448 2095
254 1377 1344 2095
1762 2062 2448 2539
0 1703 221 2539
2036 2062 2448 2539
1481 1651 1795 1860
724 1899 1416 2637
724 2056 1416 2637
0 1383 306 1860
802 208 1677 992
1305 483 1677 842
2036 2062 2448 2506
1305 483 1638 842
1305 567 1599 842
274 1729 665 2317
528 280 1253 926
254 1377 1188 2095
267 1475 1188 2095
267 1481 1188 2095
345 1481 1188 2095
417 1481 1188 2095
417 1566 1188 2095
417 1566 972 2075
0 2069 463 3263
0 2069 306 2989
724 2297 1416 2637
724 2297 1331 2637
802 208 1436 992
802 208 1377 691
0 1423 267 1860
1116 1299 2448 2043
1116 1299 2226 2036
1116 1299 2017 2036
1272 1299 2017 2036
2128 2271 2448 2506
137 2049 391 2434
763 1710 1188 2095
913 1710 1188 2095
1677 705 2448 1135
2108 574 2395 711
0 1423 261 1749
254 1377 607 1638
1077 1325 1455 1547
437 1945 665 2317
189 274 639 894
1272 1481 1867 2036
1272 1481 1782 2036
1279 1481 1782 1847
1279 1481 1677 1847
1279 1560 1618 1847
802 352 1377 691
0 443 208 763
1096 208 1351 522
802 352 1286 691
985 496 1286 691
1272 1782 1638 2036
1272 1782 1638 1945
1214 2154 1723 2343
1436 1299 2017 1886
1560 1410 2017 1886
254 1377 476 1638
998 1899 1292 2128
332 2937 665 3263
2049 1729 2448 2043
0 2069 287 2833
248 274 639 737
515 1566 972 2075
678 1031 1077 1168
0 2069 228 2728
933 1710 1188 1951
248 71 678 365
1534 3133 1723 3263
1168 3126 1312 3263
2317 3107 2448 3263
2193 3094 2356 3263
1605 3068 1742 3211
522 3068 665 3263
1057 3042 1233 3263
2004 3035 2199 3263
1455 3035 1612 3205
848 3028 1103 3263
0 2996 195 3263
1168 2983 1514 3263
1723 2976 1925 3192
2173 2963 2310 3153
835 2957 979 3139
1821 2950 1971 3100
332 2937 554 3263
1925 2931 2069 3153
1579 2931 1788 3263
940 2885 1168 3100
228 2878 463 3263
1175 2872 1370 3094
2160 2852 2323 3133
1742 2839 1971 3042
2186 2833 2350 3100
2271 2800 2402 2937
1958 2793 2212 3074
894 2793 1064 3009
150 2787 306 2989
1769 2774 1919 2924
1318 2774 1534 3061
1103 2754 1233 2931
1912 2735 2186 2878
1442 2683 1834 3094
1227 2669 1488 2846
2239 2663 2448 2904
894 2656 1096 2826
855 2656 992 2813
124 2650 287 2833
1599 2630 1821 2846
2023 2611 2271 2852
979 2598 1312 2800
1742 2591 2141 2780
1840 2578 1971 2709
2252 2532 2448 2689
763 2526 946 2722
1671 2519 1945 2754
2160 2500 2448 2715
1292 2500 1547 2761
1214 2500 1403 2728
900 2500 1051 2663
2245 2493 2448 2683
1605 2493 1808 2761
1853 2480 2180 2663
78 2480 228 2728
163 2467 365 2931
1083 2434 1416 2617
959 2428 1148 2637
1560 2421 1867 2611
2043 2415 2226 2604
1801 2402 2082 2558
0 2376 313 3074
1057 2363 1331 2572
2036 2356 2199 2532
659 2356 822 2598
2108 2350 2310 2539
1671 2330 1873 2461
1344 2310 1494 2506
1455 2304 1664 2722
2245 2297 2448 2506
724 2297 1135 2637
1703 2278 1925 2428
1175 2278 1344 2434
1834 2265 2147 2454
1410 2265 1547 2441
1501 2252 1716 2526
163 2245 796 3263
620 2219 815 2434
1494 2199 1723 2343
1070 2199 1246 2395
78 2160 221 2539
1214 2154 1618 2343
2141 2141 2363 2297
2317 2115 2448 2278
626 2108 776 2252
1540 2102 1795 2265
1090 2102 1344 2252
1860 2088 2095 2245
0 2069 182 2513
2036 2062 2239 2310
972 2056 1142 2369
2239 2049 2448 2193
169 2049 391 2395
515 2030 665 2317
1651 2023 1958 2258
345 2017 900 3263
1227 1997 1370 2206
2239 1984 2448 2134
1344 1984 1547 2180
737 1977 992 2121
143 1964 300 2115
1514 1951 1906 2167
437 1945 620 2121
208 1945 417 2095
580 1925 724 2082
1736 1899 1867 2036
1599 1899 1775 2036
1018 1899 1292 2128
1547 1886 1710 2017
913 1886 1064 2095
1814 1880 2134 2141
1370 1880 1547 2036
110 1860 332 2062
574 1847 972 2075
2049 1840 2448 2043
1272 1814 1449 1945
685 1814 959 1945
417 1801 548 1991
1057 1795 1188 1951
1429 1782 1638 1919
2252 1749 2448 1899
1560 1742 1932 1886
2082 1729 2330 1873
274 1729 489 2049
763 1723 1005 1886
1919 1716 2141 1867
1103 1710 1344 2030
933 1710 1122 1899
685 1710 835 1886
0 1703 202 2226
1645 1671 1795 1808
1481 1651 1710 1860
52 1651 267 1860
731 1645 992 1782
1886 1638 2226 1801
1279 1618 1560 1847
2121 1599 2310 1749
1031 1599 1168 1736
2128 1579 2448 1788
274 1573 417 1729
515 1566 802 1925
345 1560 607 1808
861 1547 1031 1690
705 1534 881 1729
0 1527 261 1749
574 1481 855 1664
378 1475 698 1631
815 1449 1018 1605
254 1442 450 1638
0 1423 202 1684
1612 1410 2017 1756
926 1403 1201 1808
2128 1390 2448 1729
1077 1383 1253 1547
110 1383 306 1534
1853 1377 2186 1579
2252 1370 2382 1540
0 1331 130 1547
1220 1325 1455 1507
437 1312 665 1468
2226 1299 2448 1488
1436 1299 1703 1501
0 1279 189 1442
1769 1246 2030 1396
1625 1233 1867 1455
0 1227 319 1455
855 1220 998 1377
691 1220 1024 1475
417 1214 698 1416
1292 1142 1840 1305
176 1129 313 1357
868 1116 1664 1475
1775 1037 2017 1175
874 1031 1077 1168
0 1005 195 1148
1227 992 1801 1168
163 972 476 1155
2167 920 2310 1096
561 907 1011 1090
261 900 737 1051
143 881 561 1018
907 848 1292 1135
711 802 855 933
1501 789 1795 966
430 770 652 913
1357 763 1814 1070
0 763 300 959
2160 724 2448 1103
1677 705 2219 1135
189 698 404 894
1305 691 1488 842
2075 678 2271 848
1455 678 1729 835
2226 672 2448 835
1788 665 2023 815
1977 659 2173 848
1631 639 1788 770
13 613 280 796
332 607 705 874
1612 587 1899 809
2180 574 2395 711
1455 567 1599 757
1142 554 1436 992
541 548 998 926
1090 541 1286 691
248 528 443 737
861 522 1005 691
985 496 1201 665
1331 483 1638 652
483 476 685 705
1860 470 2448 705
1148 470 1377 613
143 470 319 718
45 443 208 665
235 404 430 646
1051 378 1220 541
137 378 345 522
802 352 1122 502
1122 313 1351 522
979 287 1168 417
528 280 1253 887
339 274 639 646
0 261 261 724
561 241 691 391
789 221 1161 456
1096 208 1240 398
1181 169 1318 359
0 169 372 737
874 143 1031 280
998 124 1214 261
822 117 966 248
476 117 789 313
757 84 907 306
248 84 600 365
1253 78 1873 750
489 71 678 267
280 65 483 202
0 45 150 221
1292 0 2448 731
926 0 1338 221
626 0 1051 169
359 0 554 143
189 0 450 143
39 0 345 274
0 0 241 150
0 45 372 737
0 1703 2448 3263
0 1129 319 1455
1031 2291 1168 2428
0 0 2448 2611
1253 78 2448 815
0 992 2448 2611
894 2604 1096 2826
646 1945 894 2128
0 0 2448 1168
2154 2852 2356 3263
2160 2852 2356 3263
1181 169 1318 424
1318 2232 1501 2454
1011 770 1599 1037
1011 770 1377 1031
1011 770 1266 959
1782 2030 2095 2258
1214 2461 1436 2728
1547 574 2232 815
0 894 202 1077
2317 2813 2448 3028
0 1279 2448 2611
0 992 2448 1677
1782 2030 2095 2245
665 1364 913 1560
2252 1749 2448 1958
1782 2088 2095 2245
894 2265 2448 3263
946 2761 1129 2957
1494 1886 1710 2023
2128 1370 2448 1729
176 992 2448 1677
1096 1494 1272 1664
0 1703 1468 3263
0 0 1814 1155
515 0 705 137
1867 1742 2193 1971
176 998 2448 1677
1077 1299 2448 2611
2141 2115 2448 2343
2317 2115 2448 2343
0 1279 1449 2317
417 1801 600 2043
1436 2304 1664 2722
665 1534 1031 1886
0 1122 195 1344
1318 2774 1566 3061
1677 483 2448 1168
176 998 2448 1612
1677 483 2448 1135
1677 626 2448 1135
0 0 1031 1155
0 1703 1344 3263
476 0 1814 1135
182 1521 313 1840
0 1299 1449 2317
861 450 1037 691
665 1534 1031 1834
665 1534 881 1834
1175 2748 1370 3094
345 1899 1344 3263
809 2082 1011 2356
809 2095 946 2356
293 1299 848 1540
763 2526 992 2813
1775 998 2082 1175
0 1403 1449 2317
1671 2271 2448 2754
2043 2271 2448 2683
2043 2350 2310 2604
1847 1514 2154 1677
293 1377 848 1540
293 1377 607 1521
1227 992 1840 1305
1227 992 1840 1168
2186 2663 2448 3263
2186 2833 2448 3263
894 2265 2310 3263
1599 2493 1821 2846
2043 2415 2291 2604
483 456 698 705
0 1279 306 1547
0 1279 306 1534
1867 2859 2310 3263
1880 2859 2310 3263
1070 2199 1344 2434
626 58 1031 306
626 58 907 306
1671 2480 2180 2754
137 2049 796 3263
176 1031 2448 1612
894 2265 2271 3263
1416 3068 1742 3263
1031 1481 1449 1736
1129 1481 1449 1703
1129 1514 1449 1703
1880 2963 2310 3263
345 1899 1331 3263
476 117 829 391
528 0 1814 1135
822 789 1292 1135
822 848 1292 1135
620 1899 1331 3263
620 2108 1331 3263
0 0 1011 1155
528 0 1814 1070
691 1220 1024 1605
1677 659 2448 1135
1077 1299 2226 2036
1814 1684 2141 1867
972 1899 1292 2369
626 0 1351 522
626 0 1338 261
626 2108 822 2369
0 1403 1201 2317
0 1703 332 2539
959 2265 1547 2761
1292 2310 1547 2761
267 1684 665 2317
476 117 829 385
894 2591 2271 3263
620 2219 1331 3263
2004 2963 2310 3263
39 0 450 274
620 2219 1331 2669
659 2297 1331 2669
659 2356 822 2669
2128 2271 2448 2683
0 1403 1201 2095
763 1403 1201 1886
894 2591 2271 3192
894 2591 2271 3100
1742 2793 2212 3074
1625 1161 2448 1612
894 2598 1488 3100
894 2754 1233 3100
894 2793 1227 3100
626 0 1338 248
724 2297 1331 2663
626 0 1338 221
528 221 1814 1070
1357 639 1814 1070
1357 678 1814 1070
1214 1579 2448 2611
1214 2102 2199 2611
1501 2252 2199 2611
1501 2252 2199 2558
0 1423 1188 2095
1077 1299 1703 1547
1534 3068 1742 3263
1272 1579 2448 2310
894 2793 1168 3100
0 1703 293 2539
248 0 678 365
1103 1410 2226 2036
0 274 705 959
189 274 705 894
979 2598 1488 2846
959 2428 1416 2637
1442 2591 2271 3094
1742 2591 2271 2924
1599 1847 1867 2036
124 2650 463 3263
0 1423 1122 2095
0 1527 267 1860
698 2591 1103 3263
698 2591 979 3139
254 1442 1122 2095
254 1442 855 1808
254 1442 607 1808
254 1442 450 1729
1272 1729 2448 2310
1625 1233 2030 1455
163 2049 796 3263
528 221 1488 992
476 117 789 385
1272 1782 2448 2310
463 1566 1122 2095
463 1566 1064 2095
1103 1410 2226 2030
150 2787 463 3263
2049 1729 2448 2115
1344 1880 2448 2310
1514 1880 2448 2310
1514 1880 2134 2304
1514 1880 2134 2258
1514 1951 1958 2258
2036 1984 2448 2310
515 1566 1064 2095
1742 2591 2271 2878
1501 2252 2082 2558
1501 2252 1925 2526
1214 2102 1795 2343
1912 2611 2271 2878
176 1031 1664 1475
528 280 1488 992
1142 470 1488 992
1142 554 1488 992
235 274 639 737
235 274 639 646
1103 1618 1710 2030
1103 1677 1344 2030
1416 1410 2226 1886
789 221 1220 541
802 352 1220 541
1416 1410 2017 1886
1279 1618 1710 1860
0 221 391 737
1018 0 2448 815
1018 0 2448 750
940 2898 1103 3107
0 1168 365 1462
0 1168 365 1429
567 1220 711 1429
0 1547 156 1690
365 2304 633 3002
652 2467 802 3009
1775 1077 2448 1788
2121 1390 2448 1788
2115 2010 2350 2291
1344 2624 1919 2904
1723 2996 1925 3263
992 2088 1325 2428
195 1031 1658 1553
195 1031 1475 1553
195 1031 1475 1488
1168 2748 1573 3211
1168 2748 1377 3028
1175 2748 1377 3028
2245 1370 2389 1540
626 1932 972 2506
626 1932 972 2310
1259 0 2448 750
809 2859 946 3263
1279 2199 1540 2467
1906 2343 2448 2702
2239 1834 2448 2271
2239 2056 2448 2271
0 1703 802 3263
241 1305 1077 1677
802 1390 1077 1560
1318 2199 1540 2441
2245 1834 2448 2134
1560 2474 1945 2761
1605 2474 1945 2761
1605 2493 1925 2761
2121 1618 2448 1788
2134 2434 2448 2702
1638 574 2239 815
1481 1782 1710 2017
639 1932 972 2310
639 1977 913 2310
639 1977 894 2232
646 1977 894 2232
0 894 1011 1351
0 894 1011 1155
156 900 1011 1155
385 900 1011 1090
1338 2774 1573 3211
1390 1305 1658 1507
1005 2363 1188 2526
1729 3100 1925 3263
241 1305 907 1677
0 0 2448 1481
2154 2493 2448 2702
0 1338 2448 3263
0 1005 261 1351
1867 2813 2428 3263
1867 2846 2350 3263
0 0 2448 1116
1077 2989 1351 3244
1077 3055 1286 3244
868 789 2023 1481
1867 2846 2330 3263
992 2219 1240 2428
0 1847 802 3263
561 1788 809 1958
1638 574 2239 802
802 1390 1024 1560
1494 2082 2075 2330
1599 2082 2075 2323
1599 2154 1880 2323
763 2395 1116 2787
2128 1390 2448 1742
326 345 1795 1031
1214 770 1795 1031
874 789 2023 1481
1455 868 1769 1044
874 789 2023 1188
874 789 1840 1188
332 2937 613 3263
1697 2937 2043 3237
1168 1051 1814 1188
0 0 1788 1018
874 789 1840 1142
959 2872 1227 3087
195 1031 1475 1449
1227 2748 1377 3028
0 0 731 1018
391 0 1788 842
1018 117 1658 580
1527 2317 2448 3263
1527 2408 2448 3263
1742 2408 2448 3263
1742 2408 2448 3120
1742 2480 2448 3120
430 1527 1031 1958
1749 594 2448 1116
2088 594 2448 835
2108 594 2448 835
0 1338 1370 3263
672 1703 907 1893
1749 626 2421 1116
352 1305 907 1677
0 0 705 1018
26 0 705 796
2193 3074 2448 3263
933 1423 2448 3263
933 1423 2448 2578
933 1423 2448 2258
933 1423 2448 2056
1070 1769 2095 3263
359 0 705 195
359 0 698 195
0 274 652 1018
352 1305 881 1677
1742 2728 2128 3081
1742 2728 2062 3081
0 2369 313 3263
1181 1423 2448 2056
1279 1423 2448 2056
1494 2180 2448 2578
1494 2206 2304 2578
1860 2206 2304 2474
763 2395 1116 2722
861 2402 1116 2689
1070 1769 1912 3263
1070 1769 1912 2572
319 235 731 711
319 235 698 691
0 2062 802 3263
1429 1423 2448 2056
1148 2271 1827 3263
1860 574 2239 763
1175 2891 1723 3263
665 0 1788 842
665 0 1135 450
2141 2180 2448 2428
0 2069 398 2989
0 2069 274 2833
1018 117 1318 424
1070 1325 1455 1553
515 1403 1370 3263
835 306 1788 842
835 306 1788 802
78 2480 274 2833
515 1788 1370 3263
515 1788 1331 3263
1279 1468 1651 1899
1148 2461 1827 3263
835 306 1534 724
1788 2480 2448 3120
959 0 1338 365
1148 1769 1912 2448
0 274 522 959
1429 1423 2160 2056
639 2219 1331 3263
0 404 443 959
2069 1749 2448 2036
835 352 1534 724
731 2643 1220 3263
940 365 1534 724
1344 496 1788 802
1259 71 2448 750
26 0 659 796
39 0 659 417
39 0 659 313
215 404 443 887
0 1338 652 2108
156 913 594 1155
39 0 620 313
1429 1423 2036 2056
639 2219 1331 2793
0 1338 652 2049
1077 3113 1220 3263
2193 3107 2448 3263
1077 3081 1286 3244
1867 3074 2206 3263
2193 3048 2356 3185
1723 2996 1893 3179
0 2996 267 3263
1083 2989 1351 3120
2017 2970 2212 3166
835 2950 1103 3263
1736 2937 2043 3153
228 2918 463 3263
1194 2891 1723 3263
959 2872 1194 3087
1246 2865 1377 3028
2134 2846 2330 3139
1769 2807 2062 3081
2310 2800 2448 3120
150 2793 398 2989
1338 2774 1573 3061
1390 2689 1827 3263
1599 2656 1919 2904
124 2650 274 2833
731 2643 1220 3009
1344 2624 1599 2761
411 2545 633 3002
1605 2506 1821 2761
2245 2493 2448 2689
1618 2493 1925 2748
1312 2487 1684 2748
1788 2480 2448 3002
78 2480 215 2728
1742 2474 1945 2761
652 2467 789 2904
1148 2461 1449 2878
2049 2441 2226 2604
1801 2408 2049 2558
861 2402 1005 2669
1070 2395 1299 2572
763 2395 953 2722
0 2369 313 3081
1057 2363 1188 2493
1906 2343 2199 2532
1847 2317 1984 2461
1279 2310 1436 2467
1344 2271 1573 2519
1867 2265 2141 2448
711 2265 1331 2793
992 2252 1181 2428
1494 2239 1899 2578
1860 2219 2017 2350
639 2219 822 2578
2004 2206 2304 2474
1494 2193 1697 2330
2239 2180 2448 2428
2134 2141 2350 2291
2317 2115 2448 2271
626 2102 776 2252
1083 2088 1325 2252
1671 2082 2075 2271
920 2075 1142 2363
0 2069 182 2637
137 2062 802 3263
2010 2036 2232 2258
1847 2030 2082 2252
345 2017 881 3263
2115 2010 2291 2147
2245 1984 2448 2134
848 1977 1005 2356
744 1977 894 2232
424 1925 620 2108
1886 1912 2095 2141
150 1912 319 2075
261 1906 391 2108
926 1893 1370 2212
1168 1880 1912 2448
2121 1853 2441 2036
110 1847 339 2115
2304 1834 2448 2004
1481 1821 1710 2017
1272 1814 1462 1945
1018 1795 1188 1964
515 1788 998 2284
1148 1769 1383 2069
2069 1749 2448 1880
770 1723 907 1893
52 1710 195 1860
672 1703 835 1853
0 1703 221 2604
1605 1671 1991 2056
1481 1651 1671 1880
463 1651 613 1840
2121 1618 2317 1749
1279 1618 1560 1899
1782 1612 2160 1860
933 1612 1357 1899
868 1547 1031 1690
228 1540 424 1710
430 1527 959 1958
2128 1501 2448 1742
1331 1468 1651 1638
1181 1462 1390 1658
1429 1423 2036 1756
574 1416 881 1677
855 1403 1253 1886
848 1390 1024 1521
254 1390 652 2049
1070 1383 1253 1553
2245 1377 2376 1540
2252 1370 2389 1540
0 1338 306 1847
