0 0 2448 3263
809 2154 1853 2911
163 561 2173 2833
1462 992 1612 1912
1710 842 2108 1240
646 1762 1579 2545
0 0 2448 2591
731 1762 1579 2395
731 1762 1579 2350
881 1762 1579 2350
881 1977 1579 2350
0 620 2448 3263
1586 620 2278 2363
1762 620 2278 2147
1801 620 2278 1762
0 698 2448 3263
0 1135 2448 3263
809 2258 1651 2846
163 633 1338 1971
163 633 1266 1971
731 1899 1077 2147
672 561 2173 2833
1096 561 2173 2317
91 698 1148 2846
117 1847 1148 2846
117 1847 1122 2846
117 1847 940 2689
117 1847 567 2297
1801 620 2278 1272
659 2369 1148 2833
91 698 646 1893
0 2872 274 3263
1096 561 2173 2049
1801 620 2226 1096
215 698 646 1697
215 1103 496 1592
1188 796 1338 1827
450 698 646 1697
463 698 646 1592
1396 822 2069 1977
672 2069 1573 2833
1031 2069 1573 2552
1396 822 2069 1951
1396 822 1821 1951
1788 1684 1997 1977
1396 822 1631 1220
1782 868 2069 1867
1782 868 2069 1782
97 3133 274 3263
2128 3107 2291 3263
2004 2898 2337 3094
2304 2826 2448 3263
822 2421 1148 2761
809 2415 1527 2846
613 2376 1122 2846
646 2304 920 2545
1449 2258 1651 2467
815 2252 985 2395
483 2232 940 2689
672 2226 1507 2833
2030 2219 2226 2356
1031 2199 1521 2552
913 2154 1853 2911
868 2082 1292 2245
1116 2069 1573 2506
1586 2062 1814 2363
1527 2010 1729 2317
881 2004 1579 2350
731 1945 1077 2147
261 1893 1305 2363
985 1762 1272 1984
1840 1684 1997 1977
1762 1547 2199 2147
215 1168 378 1494
91 1116 365 1893
287 1103 496 1592
1083 894 1893 2049
1951 887 2108 1240
1899 887 2069 1494
1782 868 1997 1782
1710 842 2030 1135
1540 835 1821 1951
1396 822 1534 1083
1886 815 2226 1096
2317 802 2448 1044
1188 796 1338 1547
1051 763 1266 953
548 718 718 1299
1618 672 2173 2049
1599 646 1729 802
1801 620 2030 815
156 613 705 1305
1096 561 1847 1051
1370 509 1586 691
1710 1083 2199 2147
1566 541 2226 1096
91 561 2278 2363
163 561 2278 2363
117 1762 1579 2846
646 1762 1579 2833
1762 1083 2199 2147
659 1762 1579 2833
1083 561 2278 2363
659 2069 1573 2833
1383 822 2108 1977
163 633 1383 2363
163 633 1305 2363
731 1762 1521 2147
731 1762 1521 2082
450 698 718 1697
1096 561 2030 1135
1083 672 2278 2363
731 1762 1272 1984
1527 2010 1814 2363
91 613 705 1893
672 2199 1521 2833
1051 763 1383 1873
463 698 718 1592
1083 672 2278 2049
0 3055 274 3263
1396 822 2108 1977
1051 763 1338 1547
1618 672 2278 2049
1540 835 2069 1977
1782 868 2069 1977
1782 868 2023 1977
1782 868 1997 1977
91 548 2219 2911
91 548 2193 2911
91 548 2193 2735
91 613 1024 2735
137 1873 1024 2735
208 548 2193 2689
1051 548 2193 2147
1051 548 2186 2036
1096 548 2186 2036
483 2141 1853 2911
208 1821 1886 2689
208 1821 1377 2350
91 613 711 2141
496 1873 1886 2689
496 1873 1886 2402
496 1873 1540 2402
744 1899 1540 2402
1051 737 1357 1762
894 1899 1540 2284
91 613 639 2141
959 1899 1540 2212
1266 2049 1814 2689
496 1873 1037 2147
959 2004 1540 2212
985 1899 1423 2030
1547 848 2069 1977
1547 848 2069 1971
1840 1325 2023 1977
1201 796 1618 1827
1201 796 1553 1827
1964 3074 2291 3263
0 3048 274 3263
2245 2826 2448 3263
829 2434 1155 2767
1129 2376 1579 2839
600 2363 1403 2865
574 2291 1024 2735
815 2252 985 2389
744 2212 998 2402
1057 2199 1410 2519
1540 2056 1723 2323
665 2010 1599 2839
1168 2010 1540 2173
959 2004 1521 2212
208 1893 1377 2350
496 1886 757 2134
659 1873 1037 2147
137 1873 574 2304
267 1821 417 1964
1840 1690 1997 1977
1756 1344 2193 2147
1867 874 2069 1423
1547 848 1997 1971
1331 815 1553 1769
1201 796 1364 1827
1051 737 1357 1005
554 718 711 1416
208 548 2193 2911
208 1821 2088 2911
208 1821 1886 2911
894 1951 1540 2284
208 1821 1886 2839
894 2004 1540 2284
574 2004 1886 2839
574 2212 1024 2735
665 2004 1886 2839
208 1873 1377 2350
1161 796 1618 1912
522 711 711 1416
1201 796 1618 1912
1331 815 1618 1769
1534 554 1847 796
417 1893 580 2173
1860 678 2415 907
972 2173 1814 2878
1534 554 1808 776
881 783 1109 1005
815 2030 1599 2395
815 2030 1592 2395
2082 91 2343 287
731 1840 1579 2193
731 1847 1370 2193
731 1932 1214 2193
979 280 1142 463
0 2160 156 2591
1057 2173 1814 2878
1148 626 1938 1579
215 626 1233 1840
215 626 1233 1612
372 626 1233 1586
417 626 1233 1586
2030 2141 2252 2356
972 2376 1579 2846
424 626 1233 1586
1645 2049 2128 2591
1886 2271 2128 2591
0 900 450 1729
0 900 385 1246
424 626 1175 1586
424 626 1090 1586
424 626 992 1586
580 718 829 1586
580 718 822 1586
0 900 385 1175
1148 626 1938 1468
0 0 2448 1344
156 424 1899 1122
195 424 1899 1024
430 424 1899 770
430 424 1795 711
430 424 1357 711
685 561 1357 711
0 711 2448 3263
594 306 881 652
0 0 2448 1279
254 2382 456 2604
646 731 1201 1305
685 744 1201 1305
705 959 1201 1305
822 966 1201 1175
1410 1155 2258 2108
110 1148 450 1729
1410 1383 2258 2108
1410 1383 2115 2069
2049 0 2448 189
0 711 2448 2898
0 1899 1103 2898
522 2062 1103 2898
0 1984 2448 3263
110 1148 359 1697
0 1899 574 2395
1410 1383 2102 2049
1410 1573 2102 2049
1507 1749 2102 2049
1703 1749 2102 2049
1148 626 1938 1109
332 1527 580 1840
0 711 2448 2833
0 1161 652 2284
607 2356 1129 2852
0 1161 567 2284
1847 398 2134 822
1853 398 2134 535
1886 2271 2128 2487
705 959 1051 1305
463 711 2448 2833
463 711 2448 2558
515 1651 1449 2558
515 1710 1449 2558
535 1919 1449 2558
613 1958 1449 2558
672 1958 1449 2304
195 470 509 1024
652 2030 1801 2833
1847 509 2062 822
554 2356 1103 2898
652 2343 1377 2833
652 2343 1181 2833
652 2356 1181 2833
822 326 1201 659
0 1899 359 2297
1161 2030 1801 2526
1259 2030 1801 2526
613 2212 1122 2558
1507 84 1749 404
1507 182 1723 404
548 0 763 208
0 1161 430 2154
0 1161 430 2128
0 1161 404 2128
0 1161 235 1592
0 1161 163 1501
463 711 2448 1991
463 711 2382 1991
463 711 1233 1782
2173 3107 2382 3263
926 2219 1984 2996
1142 2219 1984 2989
1259 2219 1984 2839
1259 2480 1631 2839
1129 737 2382 1991
998 829 1233 1553
1103 829 1233 1220
1148 626 1938 1005
1547 757 1938 1005
0 2075 1090 3263
1031 306 1468 594
0 2075 1024 3263
933 1984 2448 3263
2004 2075 2226 2448
0 1514 404 2128
718 1651 1292 1958
2167 691 2448 1279
0 0 2448 1037
1031 319 1266 541
0 1514 235 1853
463 711 1168 1782
463 711 1168 1769
1129 737 2167 1991
2056 861 2382 1664
2141 926 2382 1664
0 2075 920 3263
1540 835 2167 1977
1919 483 2212 796
430 424 822 672
463 711 1168 1762
463 711 1168 1703
966 1272 1168 1631
1129 737 1553 1991
1194 802 1553 1991
1201 822 1553 1991
463 711 1031 1703
646 1168 1031 1658
802 1325 1031 1599
2134 1279 2448 1991
2186 1279 2448 1991
554 2356 1103 2852
2186 1631 2448 1991
933 2030 2448 3263
463 711 750 1703
430 3087 835 3263
2167 861 2448 1279
1214 110 1840 561
1214 110 1788 561
1214 110 1618 509
1227 822 1553 1991
1227 1077 1540 1991
0 0 528 1037
0 0 404 1037
1214 110 1521 450
0 2128 920 3263
463 953 750 1703
933 2115 2448 3263
1964 2683 2448 3263
2310 2683 2448 3022
829 1403 1031 1599
789 1958 1449 2212
2141 1090 2382 1664
933 2219 2448 3263
933 2337 2415 3263
1540 861 2167 1977
1716 861 2167 1977
1286 1272 1540 1991
2102 2219 2448 2598
2193 2271 2448 2598
97 900 385 1070
463 0 2448 809
2004 130 2448 809
463 0 2173 607
613 0 2173 607
1142 2754 1423 2989
1573 2219 1984 2565
933 2761 1742 3263
933 2878 1742 3263
933 2878 1514 3244
933 2878 1475 3244
992 2878 1475 3100
1540 861 1801 1951
1540 861 1801 1945
1540 887 1782 1945
1540 887 1756 1945
613 0 2167 607
613 0 2167 548
1214 0 2167 293
1455 2337 2415 3100
1795 861 2167 1977
0 2304 920 3263
0 2428 920 3263
1286 1272 1521 1880
0 0 404 809
0 0 404 672
1455 2337 2382 3100
189 372 404 672
176 2128 437 2461
933 2989 1305 3244
0 639 287 1037
1442 2950 1742 3263
2004 267 2271 443
646 1168 946 1658
1455 2337 2382 3087
1286 1344 1494 1880
1286 1344 1429 1880
613 0 1377 548
613 97 1253 548
1540 887 1749 1860
1246 809 1383 1266
718 1651 1272 1945
1377 0 2167 293
1658 0 2167 235
1586 887 1749 1403
84 2428 404 2983
0 2480 920 3263
1964 2963 2448 3263
2004 248 2448 809
2004 372 2448 809
2102 2219 2291 2598
613 137 1148 548
613 137 1148 385
1455 2337 2382 2989
1455 2337 2030 2859
1455 2480 1997 2859
0 2480 789 3263
0 2572 789 3263
254 2572 789 3244
254 2572 789 3133
1455 2480 1984 2859
1795 861 2167 1971
1795 874 2004 1971
1795 1155 2004 1971
1795 1155 1991 1971
1847 1155 1991 1710
189 2428 404 2774
254 2572 750 3133
1821 2767 2382 2989
0 2696 156 3061
2004 372 2448 731
267 2572 750 2911
1188 437 1795 705
1351 3133 1534 3263
1266 3113 1442 3263
2173 3107 2310 3263
208 3107 443 3263
1442 3094 1638 3263
528 3087 835 3263
1964 3074 2284 3263
365 3048 561 3244
933 3028 1135 3192
1318 3022 1514 3179
718 3002 920 3166
1070 2989 1305 3244
1984 2976 2212 3179
1853 2976 1997 3205
763 2976 1090 3263
2173 2963 2448 3198
0 2957 300 3263
1540 2950 1742 3211
1899 2937 2036 3100
1455 2931 1599 3126
2004 2911 2310 3087
254 2898 470 3133
0 2898 156 3061
1312 2878 1475 3100
685 2878 861 3048
189 2872 417 3061
1142 2846 1325 2989
1631 2833 2108 3263
835 2833 1024 2976
1821 2800 2062 2944
691 2800 848 2944
1951 2767 2382 2989
417 2767 789 3120
417 2767 613 2911
1344 2761 1612 2944
1233 2754 1423 2944
1553 2748 1742 3022
0 2696 156 2983
2154 2689 2323 2878
2310 2683 2448 2846
835 2683 1096 2898
84 2676 293 2983
1951 2637 2141 2826
267 2637 554 2911
1455 2624 1984 2859
1259 2617 1488 2839
926 2617 1416 2996
2095 2598 2291 2833
202 2578 404 2774
489 2572 750 2865
691 2539 1103 2852
2167 2532 2415 2800
84 2532 241 2722
796 2526 1129 2852
443 2513 594 2643
1827 2500 1997 2689
1618 2480 1886 2728
1410 2480 1631 2689
0 2480 195 2735
959 2461 1181 2669
2226 2454 2395 2598
319 2454 456 2604
1984 2448 2128 2591
2010 2434 2160 2656
189 2428 345 2604
2102 2382 2291 2598
1194 2376 1573 2676
1148 2376 1377 2545
652 2356 1122 2833
607 2356 972 2689
554 2356 796 2702
913 2343 1155 2558
1795 2337 2030 2669
0 2337 156 2591
1573 2317 1808 2565
1984 2310 2128 2487
385 2304 652 2683
1259 2284 1586 2526
117 2284 345 2513
2193 2271 2448 2591
1886 2271 2017 2448
815 2258 992 2395
613 2258 1005 2558
241 2232 437 2461
2030 2226 2186 2356
1410 2226 1677 2441
2147 2219 2284 2402
1664 2219 1984 2415
894 2212 1122 2395
1031 2206 1279 2448
1129 2180 1782 2852
1037 2173 1253 2310
1161 2167 1383 2376
176 2128 372 2271
2226 2115 2448 2337
1292 2108 1514 2304
1645 2088 1788 2232
2004 2075 2226 2323
319 2075 483 2265
1142 2069 1423 2199
522 2062 750 2363
1645 2049 2108 2330
1377 2049 1599 2271
672 2049 966 2304
0 2049 221 2297
2304 2030 2448 2186
1534 2030 1801 2376
842 2030 1592 2278
2160 1984 2343 2180
1037 1984 1449 2134
339 1971 567 2284
789 1958 1233 2212
737 1958 926 2193
535 1919 770 2134
2193 1906 2448 2128
156 1899 574 2395
137 1899 359 2141
417 1893 580 2095
0 1893 221 2154
280 1886 430 2062
1507 1867 1958 2049
1233 1840 1579 2056
1703 1834 2082 2049
2186 1762 2448 1991
979 1762 1292 1958
718 1742 1064 1925
0 1729 156 1951
2108 1716 2258 2108
2134 1710 2284 1938
515 1710 1031 1938
2180 1677 2317 1853
1984 1664 2115 2069
0 1664 156 1853
829 1651 1272 1945
124 1645 404 2128
456 1638 652 1906
2278 1631 2448 1834
894 1625 1090 1782
633 1618 855 1762
332 1612 528 1840
1867 1599 1997 1977
1286 1592 1416 1880
1410 1573 1690 2004
913 1573 1207 1742
815 1527 1064 1769
450 1527 580 1723
1305 1514 1540 1991
0 1514 235 1808
156 1501 300 1795
881 1468 1031 1599
1037 1462 1168 1631
1090 1455 1227 1664
1958 1442 2108 1756
535 1416 705 1612
829 1403 979 1592
2147 1390 2317 1521
1847 1377 1991 1710
1286 1344 1429 1638
646 1331 881 1658
1037 1286 1181 1501
2291 1279 2448 1651
966 1272 1135 1527
848 1266 1011 1449
0 1266 235 1592
0 1246 163 1501
2141 1233 2382 1664
580 1233 815 1586
163 1233 359 1697
737 1168 946 1338
0 1161 150 1390
998 1135 1201 1553
822 1122 1051 1305
2317 1116 2448 1344
2167 1103 2317 1279
215 1103 483 1612
463 1096 750 1703
2258 1090 2448 1272
2147 1090 2330 1449
137 1070 398 1279
992 1037 1201 1175
822 966 1031 1135
705 959 881 1168
0 959 143 1175
1357 907 1488 1292
228 900 385 1044
2258 861 2402 1051
2173 861 2448 1175
1945 861 2167 1103
881 861 1070 1005
646 855 829 1037
0 783 287 1037
1005 776 1175 1077
1756 763 1938 1005
1547 757 1801 900
1351 744 1605 1109
685 744 926 992
1129 737 1357 946
737 737 1090 953
195 737 411 1024
580 718 822 1403
1938 678 2415 907
2030 652 2173 796
1716 639 1847 796
110 639 274 842
1148 626 1664 815
424 626 992 946
0 600 195 809
1847 594 2004 809
1534 594 1723 776
1103 580 1357 711
685 561 1148 698
156 535 306 685
254 528 404 672
1860 509 2062 822
1919 483 2212 672
319 470 509 894
0 470 202 672
2239 463 2448 809
1449 463 1795 633
822 443 992 639
1188 437 1534 705
430 424 705 672
2004 398 2310 731
0 398 293 587
1031 391 1161 541
2239 372 2448 541
1586 372 1788 561
189 372 352 561
802 345 966 548
926 326 1201 659
1122 319 1266 515
463 313 607 450
1201 306 1468 594
2004 300 2160 430
1756 274 2004 607
1625 274 1756 404
2108 267 2271 443
1507 261 1671 404
2232 248 2448 456
1423 241 1618 509
254 221 528 541
2036 215 2173 345
2141 195 2271 359
1279 195 1521 450
1534 182 1723 326
463 182 659 372
352 176 515 385
881 156 1148 306
613 137 998 385
2284 130 2448 280
91 124 241 274
1214 110 1383 319
1886 97 2141 398
1070 97 1253 404
2082 91 2330 241
1573 84 1749 293
1214 58 1442 235
848 52 1024 221
385 26 633 156
2186 0 2448 189
2049 0 2226 150
1919 0 2167 208
1658 0 1971 235
1377 0 1697 293
1070 0 1377 189
776 0 946 130
685 0 861 221
548 0 737 163
300 0 600 208
195 0 385 306
143 0 274 143
0 0 261 463
607 2173 1814 2878
143 0 2448 3263
143 0 2448 2735
143 0 2448 1155
189 1840 2448 3263
842 2030 1599 2310
0 0 594 3263
215 359 2448 2735
156 561 1357 1155
372 561 1357 1155
1507 359 2448 2735
372 626 1103 1155
143 0 2448 900
450 561 1357 711
215 711 1690 2173
483 711 633 1325
1037 2049 1599 2310
1507 359 2448 2637
215 718 1690 2173
750 594 1801 900
750 594 1723 815
1507 829 2297 2108
1984 861 2297 2108
1984 861 2297 2069
1984 861 2252 2069
1984 1553 2173 2069
143 0 2448 894
979 1762 1370 1971
1507 829 2167 1977
163 0 2448 894
1507 1749 2108 2448
1645 2049 2108 2448
2141 130 2448 359
1037 2069 1423 2310
0 0 574 3263
124 1233 574 2395
1521 835 2167 1977
1651 359 2448 2637
1847 359 2448 2637
124 1233 404 2128
1090 802 1383 1827
372 626 992 1155
1507 1749 2102 2376
691 2539 1103 2976
1651 535 1938 1005
2056 861 2252 1618
881 776 1175 1077
2141 195 2343 359
1847 359 2448 2598
926 2219 2448 3263
1253 2226 2448 3263
926 2219 1984 3068
528 561 1357 711
1194 802 1383 1827
0 0 483 3263
0 0 411 1279
0 1024 398 1279
1651 535 1899 796
189 1840 1677 3263
0 0 411 1175
1253 2304 2448 3263
776 0 1116 176
189 1919 1677 3263
894 2108 1677 2846
894 2141 1677 2846
894 2206 1579 2846
1194 809 1383 1827
1201 809 1383 1827
189 1919 1305 3263
0 1161 483 3263
215 718 1690 2004
672 1840 1579 2304
789 1840 1579 2212
646 855 881 1168
894 2206 1573 2676
241 528 404 770
280 1886 580 2173
1899 2924 2212 3179
979 91 2448 796
1188 91 2448 796
1214 91 2448 796
0 1161 443 3263
215 953 750 1729
319 718 1690 2004
1540 835 2115 1977
1716 874 2115 1977
1253 2337 2448 3263
1103 737 1690 2004
1103 737 1605 1220
110 1024 398 1279
685 2722 953 3166
685 2722 920 3166
685 2722 861 3048
685 2722 848 2944
1984 2304 2173 2591
1318 2748 1742 3179
672 1958 966 2304
2167 2532 2415 2911
1253 2878 1494 3263
1540 835 1801 1951
1161 2141 1677 2526
1161 2167 1677 2526
1259 2226 1677 2526
189 2304 1305 3263
215 953 750 1703
215 1096 750 1703
319 718 1272 1945
319 1612 1031 1938
319 1612 528 1893
1958 1331 2115 1756
1958 1442 2115 1756
1651 535 1899 770
2056 861 2252 1246
1984 2310 2128 2591
580 718 1272 1945
456 1638 1031 1938
1031 2206 1573 2676
1031 2206 1377 2545
163 0 1024 894
430 398 737 672
1716 874 2115 1971
1847 463 2448 2598
776 0 1109 130
2004 861 2448 2598
163 0 861 894
267 176 515 385
1148 594 1723 815
1286 822 1690 2004
979 319 1266 541
1540 835 1782 1951
1586 835 1782 1951
443 1919 1155 2865
613 2258 1155 2558
691 2539 1103 2898
829 1272 1135 1592
1233 2219 1984 2944
1507 1834 2082 2049
2160 861 2448 1325
1795 874 2115 1971
1795 874 2049 1971
979 352 1161 541
1847 463 2448 907
2004 1090 2448 2598
2102 1090 2448 2598
594 0 2448 659
1886 0 2448 398
1919 0 2448 208
0 1514 443 3263
594 0 1971 659
137 1899 483 2265
633 1618 1272 1945
633 1618 1064 1925
1899 2937 2212 3179
1253 2878 1494 3153
443 1919 796 2865
1344 2337 2448 3263
0 1893 443 3263
1318 2931 1599 3179
1795 874 1991 1971
0 0 293 672
2141 1090 2448 2598
685 737 1201 1782
685 737 1201 1631
685 737 1201 1553
0 0 293 587
580 718 1031 1658
2108 248 2448 456
1951 2434 2160 2826
1279 91 2448 796
1279 195 1618 509
1410 1429 1690 2004
2173 861 2448 1272
1129 737 1605 1109
1410 2219 1984 2689
0 600 411 1175
0 1893 437 3263
1847 483 2415 907
1847 509 2415 907
1860 509 2415 907
0 600 411 1044
548 0 861 221
489 1919 796 2865
580 718 946 1658
163 0 705 894
1351 2950 1742 3263
1351 3094 1638 3263
522 1919 796 2702
189 221 528 894
2186 1279 2448 2598
2186 1762 2448 2598
2193 1906 2448 2598
1286 822 1553 1991
1286 1135 1540 1991
1286 1344 1540 1991
1631 887 1782 1951
1853 2976 2284 3263
0 1514 235 1951
815 1527 1090 1782
1618 2337 2030 2728
1312 2878 1494 3100
1586 91 2448 796
1344 2598 2448 3263
254 221 528 894
522 1919 770 2363
685 737 1201 1449
822 1122 1051 1449
1586 274 2448 796
1586 274 2160 607
2278 1279 2448 1834
685 737 1201 1175
2193 2030 2448 2598
254 2767 1305 3263
0 1893 372 3263
1344 2598 2382 3263
1951 2598 2382 2989
365 2767 1305 3263
163 0 705 385
2004 372 2448 796
0 600 411 1037
0 737 411 1037
1344 2624 2108 3263
2193 2115 2448 2598
1795 1377 1991 1971
1821 1377 1991 1762
2193 2115 2448 2591
0 1893 345 3263
163 0 659 385
685 737 1090 992
189 2304 652 3061
417 2767 1305 3263
528 2976 1305 3263
763 2976 1305 3263
594 0 1971 652
594 137 1148 652
2036 91 2330 345
1357 822 1553 1527
1586 274 2004 607
594 137 998 652
195 0 659 372
1070 0 1971 594
1214 0 1971 293
1377 0 1971 293
195 0 600 306
0 1893 300 3263
0 1893 221 2297
1070 0 1468 594
1070 0 1377 404
1795 2337 2030 2689
0 2160 300 3263
189 2637 554 3061
0 2160 195 2735
0 2337 195 2735
1455 2624 2108 3263
0 2676 300 3263
646 855 861 1064
737 691 1299 874
1631 639 1847 796
1142 2049 1599 2271
319 1775 580 2095
672 2480 1103 2878
672 2480 1103 2852
815 1573 1207 1742
0 1246 202 1592
2082 0 2448 287
2082 0 2448 228
2030 2226 2186 2448
1338 822 1553 1462
1357 822 1553 1416
137 626 1299 1827
613 2212 1129 2539
1579 2748 1919 2898
1579 2748 1853 2898
2173 3107 2448 3263
156 522 385 770
789 992 2297 2330
685 130 2212 1005
685 130 2212 822
685 176 2212 822
300 626 1299 1827
300 626 1064 1436
300 626 992 1436
300 672 496 1436
300 672 483 1436
