0 0 2444 3011
0 1035 301 1981
0 1035 301 1680
0 1330 240 1680
54 1035 301 1409
0 1619 156 1981
0 0 1102 2601
0 1637 198 2173
0 0 343 1023
36 0 343 782
126 0 343 415
367 2029 541 2258
0 0 246 632
0 0 234 632
1071 2288 2444 3011
885 1987 1228 2312
0 0 674 1433
216 0 674 1433
0 0 487 1391
0 0 487 1336
0 78 234 632
0 84 162 632
0 162 156 632
0 0 897 2601
0 0 487 1204
439 0 1102 1836
0 84 162 331
746 138 963 487
770 138 963 439
0 66 409 1204
0 162 403 1204
0 162 403 1132
0 367 355 1132
66 367 355 1096
102 367 355 794
849 2378 1975 3011
216 0 674 1264
216 186 554 1264
849 2378 1854 3011
439 0 1059 1836
439 0 1059 1644
698 0 897 385
0 102 825 2601
548 0 1059 1595
469 0 2444 3011
548 18 1041 1595
548 252 1005 1595
270 1836 433 2234
620 843 782 1168
602 0 867 349
2083 740 2324 969
0 2366 855 3011
650 0 2258 1969
1848 1228 2059 1366
903 2462 1854 3011
216 264 541 1264
1138 60 1499 505
885 1987 1156 2312
885 2041 1156 2312
698 0 897 162
102 409 355 794
102 433 252 794
891 1987 1096 2107
1373 2288 2444 3011
0 2402 855 3011
108 2402 855 3011
132 2192 566 2493
1216 60 1499 379
0 1192 511 2601
903 2462 1836 3011
1439 548 1686 981
1439 632 1686 981
0 2450 240 3011
0 2450 240 2788
1258 1625 1523 1800
445 0 674 433
66 475 319 1096
108 2402 541 3011
1083 0 2444 2469
108 2450 541 3011
1565 2288 2444 3011
469 1722 2083 3011
849 541 1096 981
1463 1366 1631 1619
66 584 277 1096
548 475 987 1595
108 2541 433 3011
1565 2348 2444 3011
469 1794 2083 3011
469 1794 1734 3011
469 2234 1318 3011
108 2547 433 3011
541 1794 1734 2535
1981 1451 2179 1656
1083 0 2444 2450
2071 837 2444 1126
704 1722 1108 2119
650 0 2258 1896
307 2469 855 3011
2198 2204 2444 2469
650 126 2179 1896
1854 186 2179 403
132 2547 433 3011
301 1379 511 1872
132 2547 433 2992
222 264 541 915
222 457 475 915
981 0 2258 620
1089 1812 1294 1969
0 1192 487 2601
1071 2330 1571 2559
867 541 1096 981
1631 1818 1830 1987
650 126 2113 1896
2204 1631 2444 1878
541 1794 1023 2432
325 102 825 1475
307 2619 511 3011
722 126 2113 1896
1523 367 2113 650
1511 861 1836 1132
981 0 2258 572
981 0 1360 572
1523 367 1704 590
1324 0 2258 180
1631 397 2113 650
1631 403 2113 650
722 126 1927 1896
1511 861 1734 1120
1553 0 2444 2450
2071 1373 2444 1782
548 523 957 1595
391 2469 855 2896
951 2378 2083 3011
1451 2583 2083 3011
1547 2697 2083 3011
981 234 1354 572
1637 66 2011 210
1083 957 1975 2258
1083 1451 1963 2258
1571 0 2258 180
1571 0 2210 180
2210 1306 2444 1517
812 2776 1318 3011
1083 1475 1963 2258
1553 258 2444 2450
1294 957 1975 1505
1294 957 1975 1439
1276 126 1927 493
1589 548 1993 969
1589 548 1993 903
1276 126 1583 493
951 2378 1505 2812
1059 2511 1505 2812
1728 1794 2095 2101
722 361 1728 1896
752 361 1662 1433
1186 361 1662 1071
1186 361 1662 818
1373 361 1662 608
1439 361 1662 566
1505 957 1975 1439
752 584 1300 1433
1523 138 1927 373
722 1035 1728 1896
1276 2511 1505 2715
1981 0 2444 385
1017 855 1300 1228
903 2462 1637 3011
1210 782 1553 1071
1625 566 1993 903
1728 1794 2095 2077
1728 1872 2095 2077
1728 1872 2035 2041
1878 1872 2035 2041
1776 0 2210 180
1776 0 2101 168
1776 0 1999 168
2071 1469 2444 1782
1083 1758 1866 2258
1174 1475 1963 1866
391 2469 662 2890
1716 2746 2083 3011
1716 2746 1993 2986
1637 156 1927 373
1553 2035 2246 2450
1553 2131 2179 2450
1800 2131 2179 2450
1945 2270 2179 2450
1583 258 2444 2270
1583 258 2444 861
1890 258 2444 861
1716 752 2444 2270
2143 258 2360 445
2071 921 2444 1126
1559 1987 1866 2258
1511 861 1686 1108
752 584 1276 1433
1890 295 2444 861
2041 1866 2444 2270
2101 1963 2444 2270
752 638 1258 1433
752 692 1258 1433
1324 782 1553 1071
1800 2131 2131 2318
1330 1108 1728 1366
1409 1108 1728 1366
1505 1083 1975 1439
752 800 1240 1433
1083 1758 1692 2035
1716 752 2444 1975
722 1035 1541 1896
548 680 909 1595
674 680 909 1138
1716 752 2444 1836
722 1096 1541 1896
879 1096 1541 1577
1716 752 2444 1758
752 927 1102 1433
722 1373 1300 1896
2047 487 2444 861
2047 487 2408 818
1505 1198 1884 1439
1716 752 2444 1583
1210 1662 1535 1866
722 1373 1300 1800
1728 403 2113 650
1409 1108 1728 1288
1373 1475 1963 1866
752 969 957 1433
1788 1077 2444 1583
1788 1312 2228 1583
861 1704 1126 1896
1047 1096 1541 1577
1716 752 2408 1264
1499 1475 1963 1866
1077 1300 1541 1577
548 1120 818 1595
2131 2890 2390 3011
307 2884 511 3011
614 2878 734 3011
1921 2872 2083 3011
1096 2872 1318 3011
1818 2854 1993 2986
1571 2854 1836 3011
644 2812 782 2974
481 2812 650 3011
433 2812 554 2944
698 2794 867 3011
132 2788 337 2992
812 2776 1180 3011
638 2758 855 2896
957 2752 1077 2926
1716 2746 1896 2908
1547 2697 1758 2884
1571 2667 1752 2800
0 2625 198 3011
1306 2589 1505 2715
1451 2583 1607 2727
162 2547 433 2932
0 2529 144 2788
391 2523 662 2890
1276 2511 1415 2673
1059 2511 1312 2812
415 2469 602 2691
186 2450 541 2673
1373 2444 1601 2643
331 2414 475 2547
2312 2408 2444 2721
1071 2396 1318 2547
2276 2390 2396 2535
951 2378 1306 2589
849 2378 1023 2505
1276 2330 1571 2559
1945 2294 2101 2450
1752 2288 2011 2511
2005 2270 2179 2450
126 2270 289 2456
469 2234 1041 2896
132 2204 319 2336
264 2192 566 2493
1553 2173 1878 2414
831 2161 1023 2432
1951 2155 2131 2318
1800 2131 1981 2306
511 2125 644 2318
1373 2113 1583 2300
885 2113 1156 2312
337 2107 499 2264
1102 2077 1228 2234
1692 2071 1866 2258
391 2071 541 2258
1854 2035 2246 2354
1517 2035 1662 2204
1330 2029 1463 2167
1403 2017 1595 2161
270 2011 433 2234
2101 1999 2360 2228
1559 1987 1722 2210
2300 1963 2444 2270
1330 1945 1523 2077
951 1945 1734 2535
1668 1939 1921 2125
0 1939 150 2173
1969 1914 2095 2077
1878 1914 1999 2041
1089 1890 1312 2077
1728 1884 1896 2035
2041 1866 2222 2077
2192 1860 2444 1999
1150 1842 1294 1969
1710 1818 1830 1963
1330 1812 1692 2035
560 1800 686 2095
1800 1794 1963 1921
541 1794 993 2366
788 1788 1108 2119
1083 1758 1415 2011
969 1752 1126 1896
1035 1734 1210 1933
704 1722 849 1896
2149 1716 2444 1945
2294 1710 2444 1878
1746 1710 2222 1975
861 1704 1065 1896
0 1692 132 1981
1385 1686 1650 1896
1360 1662 1535 1830
1210 1662 1397 1866
385 1656 644 2089
2053 1650 2216 1836
301 1644 475 1872
60 1637 198 2005
2204 1631 2366 1788
1258 1625 1397 1800
2294 1583 2444 1782
463 1577 764 1836
1499 1565 1836 1866
1884 1559 2167 1758
1373 1541 1541 1686
650 1511 812 1740
1174 1493 1427 1668
873 1487 1300 1800
1764 1475 1963 1716
2071 1469 2360 1631
1981 1451 2113 1583
1571 1451 1842 1698
0 1409 240 1680
2258 1391 2444 1517
1788 1385 2059 1583
1270 1379 1415 1553
307 1379 511 1662
2149 1373 2306 1559
722 1373 975 1752
439 1373 704 1644
1463 1366 1631 1559
90 1366 264 1499
548 1348 758 1595
1270 1330 1541 1577
0 1330 132 1613
1565 1324 1848 1505
1842 1312 2228 1487
2210 1306 2414 1433
1077 1300 1294 1547
1933 1270 2167 1427
752 1264 933 1433
210 1264 379 1668
1734 1240 1884 1439
1908 1228 2059 1366
560 1228 752 1385
879 1222 1132 1523
1144 1216 1282 1415
1505 1198 1758 1403
1258 1192 1559 1397
18 1192 487 2529
1577 1162 1728 1282
1836 1126 2059 1270
560 1120 818 1397
1409 1108 1625 1288
54 1102 301 1409
1047 1096 1403 1318
1740 1083 1975 1294
2017 1077 2444 1354
2312 1041 2444 1282
0 1041 168 1336
1288 1035 1487 1162
1017 1023 1210 1228
1294 993 1770 1240
2029 975 2408 1264
1511 969 1686 1108
788 969 957 1270
1758 957 1957 1144
620 945 740 1168
1210 933 1366 1096
2258 927 2444 1114
818 927 1102 1324
2071 921 2318 1126
1692 909 1812 1071
1342 903 1487 1053
674 903 861 1138
0 897 144 1132
1523 861 1656 981
168 861 313 1204
1132 855 1300 1047
2234 837 2384 981
1276 831 1427 975
216 831 415 1264
270 806 391 945
987 800 1240 1053
1210 782 1348 933
1601 770 1776 969
2083 764 2258 969
2276 758 2444 987
1716 752 2161 1083
66 734 277 1096
1583 692 1710 837
1083 692 1258 867
1722 680 1993 903
867 680 1071 981
722 680 909 993
325 674 710 1475
849 668 993 921
1439 662 1637 981
632 644 782 879
222 644 427 915
2131 626 2444 861
2047 608 2228 818
1884 596 2107 831
1035 584 1276 800
1625 566 1951 782
283 554 433 734
1589 548 1872 758
963 541 1096 686
1186 535 1607 818
728 523 957 728
2125 487 2408 692
993 481 1180 632
198 475 319 704
283 457 475 891
2023 451 2228 644
1830 451 2113 650
1270 445 1415 620
1373 433 1493 608
102 433 252 764
1529 415 1662 535
186 409 355 614
1728 403 1957 596
1547 367 1704 529
746 355 903 487
36 355 204 782
1138 319 1306 505
1583 307 1933 529
1439 301 1625 433
1890 295 2444 554
1276 289 1523 493
2198 283 2360 445
355 264 541 734
2143 258 2294 433
831 252 1005 523
999 246 1354 572
1782 240 1927 361
1884 222 2179 403
1854 186 2041 325
391 186 554 517
1740 162 1896 283
240 162 403 469
126 162 295 415
0 162 156 439
1637 156 1818 373
0 150 162 331
698 144 879 385
1523 138 1722 355
1379 126 1583 355
511 102 825 867
1981 90 2444 385
72 78 234 343
1812 66 2011 210
289 66 409 313
1294 60 1499 343
445 24 614 433
885 18 1041 301
975 12 1102 132
2179 0 2444 168
2023 0 2210 180
1933 0 2101 138
1836 0 1999 168
1571 0 1884 132
1324 0 1644 144
1029 0 1360 331
638 0 867 246
535 0 674 289
487 0 608 216
343 0 487 252
210 0 343 210
126 0 246 222
36 0 234 343
0 0 1300 3011
722 0 2444 3011
0 1246 264 1613
0 1330 264 1613
963 0 1102 246
975 12 1102 246
0 0 867 2252
0 1637 198 2252
186 409 433 734
0 0 867 1680
0 0 554 1336
0 84 162 439
812 1945 2444 3011
620 644 812 1168
210 0 867 1668
722 0 2444 2721
1505 0 2444 2721
620 644 782 1168
216 0 867 1517
632 644 782 945
246 2541 554 2944
246 2541 493 2914
511 0 1300 1595
891 1987 1150 2143
2258 1391 2444 1619
0 0 385 1336
0 433 319 1336
0 433 319 1132
0 1192 1228 3011
511 1192 752 1385
264 2402 475 2547
722 0 2228 2246
722 993 2053 2246
993 0 2228 1132
548 0 1300 1595
1144 1216 1312 1433
572 2878 734 3011
2276 1487 2444 1619
66 433 319 1096
548 144 1300 1595
0 0 385 1023
1071 2384 1379 2547
1547 2697 1975 3011
0 1192 487 3011
0 2366 258 3011
126 0 385 421
0 355 204 1023
1981 1451 2252 1686
216 0 825 1517
216 102 825 1517
96 2366 258 2559
1547 2697 1854 2974
325 102 825 1517
993 0 2228 1071
1439 240 1933 529
108 1379 1228 3011
270 1379 698 2324
511 2113 698 2324
270 1379 686 2258
1662 897 1836 1132
0 2529 216 3011
246 2541 493 2709
2047 1559 2252 1686
1023 1812 1294 2023
126 0 343 222
993 0 2179 1071
698 144 903 487
548 234 1300 1595
921 541 1096 704
108 1511 1228 3011
704 1722 1228 2312
1746 1246 2444 2721
1210 782 1427 975
885 2077 1228 2312
1746 1270 2444 2721
722 1096 2053 2246
1288 993 1770 1240
1505 0 2444 1505
1083 1475 2053 2246
831 2161 1023 2505
1746 1306 2444 2721
1083 1475 2053 2216
270 1379 686 2234
1740 162 2179 403
2071 758 2444 1126
2071 837 2384 1126
1138 270 1373 505
722 1096 1842 1896
0 1192 487 2788
0 2089 144 2788
108 1511 1077 3011
108 2192 650 3011
108 2450 650 3011
108 2547 650 3011
1800 1794 1963 1945
1276 2330 2444 3011
1276 2511 1607 2727
132 2547 650 3011
993 0 2113 1071
1403 2017 1644 2216
1096 2872 1499 3011
391 1511 1077 3011
1439 301 1933 529
1083 1475 2053 2210
126 2192 566 2493
391 1794 1077 3011
548 234 1089 1595
758 234 1089 572
391 1794 1041 3011
301 1379 686 2095
301 1379 644 2089
301 1644 644 2089
463 1511 812 1836
307 2812 650 3011
752 1704 1126 1896
831 234 1089 548
722 1096 1842 1800
812 1945 2179 3011
951 1945 2179 2535
1083 1475 1963 2210
1035 584 1276 849
1186 361 2113 1071
1373 361 1553 608
812 2378 1836 3011
903 2378 1836 3011
391 2469 867 3011
722 1096 1728 1800
1300 1108 1728 1366
1553 2071 2179 2511
1601 0 2444 969
2101 1963 2444 2721
752 680 1300 1433
1746 1306 2444 2354
1505 752 2444 1505
1746 1306 2414 2354
1330 1108 1728 1288
2222 1577 2444 1878
1186 403 2113 1071
722 1096 1631 1800
1878 1914 2053 2101
1981 0 2444 463
2198 2204 2444 2721
993 0 1884 632
1083 1493 1921 2210
1083 1758 1921 2210
2294 1583 2444 1878
1276 0 1884 493
1276 60 1523 493
2071 1306 2414 1631
2071 1373 2360 1631
722 1096 1541 1800
788 680 1300 1324
788 680 1240 1324
818 680 1240 1324
818 800 1240 1324
1186 535 1872 1071
1553 2155 2179 2511
1324 0 1884 373
1752 2155 2179 2511
1752 2155 2131 2511
1945 2155 2131 2450
1505 1083 2059 1505
1505 1083 1975 1505
1330 1108 1625 1288
1601 295 2444 969
1601 566 2258 969
1884 596 2258 969
1884 596 2228 831
1174 1493 1836 1866
1373 1541 1836 1866
1716 752 2444 1354
1276 2330 1601 2643
1186 535 1607 1071
1324 0 1884 355
1324 0 1722 355
1324 0 1644 355
1668 1884 1921 2125
548 903 861 1595
1746 1312 2246 2354
1800 1914 2246 2354
1083 1758 1722 2210
1505 1198 1884 1505
1746 1312 2228 1975
1788 1312 2228 1836
1788 1385 2216 1836
1601 566 1951 969
1884 1559 2216 1836
1854 1914 2246 2354
469 1794 1041 2896
2125 487 2444 861
993 0 1360 632
873 1096 1541 1800
873 1222 1300 1800
999 0 1360 572
1047 1096 1403 1547
566 0 861 439
0 734 463 2306
1198 572 1354 764
0 0 487 1035
0 0 343 1035
0 788 415 2306
0 1132 415 2306
0 1132 415 2107
0 0 1234 2547
0 0 246 818
0 0 246 614
0 0 1234 2529
566 0 843 439
361 0 662 752
361 0 608 752
0 0 1234 2493
385 1746 620 2119
0 915 662 2547
361 0 602 752
361 198 566 752
0 24 469 1451
0 24 469 1385
66 24 469 945
150 24 469 945
150 144 469 945
270 0 1234 2493
463 0 1234 2438
535 1722 1234 2438
903 1993 1234 2312
535 1722 1126 2438
831 1872 1126 2023
463 0 1077 1800
0 1132 415 2053
96 1132 415 1722
150 144 469 915
0 102 198 614
903 1993 1228 2312
228 644 421 945
463 66 1071 1800
463 234 1071 1800
849 234 1071 499
0 2095 2444 3011
150 186 469 915
150 469 469 915
590 0 2444 2517
1439 301 1674 433
0 2125 2083 3011
463 475 1023 1800
270 18 969 2493
270 84 825 2493
270 481 825 2493
270 1083 704 2493
270 1421 704 2493
270 1505 529 2493
837 0 2444 2517
590 0 2300 1969
746 18 969 487
270 1650 529 2493
0 2210 2083 3011
102 2210 2083 3011
102 2402 788 3011
307 2462 788 3011
216 1132 415 1625
837 1951 1198 2119
102 2402 541 3011
126 2402 541 3011
126 2782 355 3011
541 481 825 1168
1005 0 2444 2517
590 0 2300 1963
788 18 969 403
1017 2095 2444 3011
0 2282 277 3011
469 2210 2083 3011
307 2462 662 3011
475 2210 2083 3011
463 1102 818 1800
590 1517 818 1836
0 734 222 1385
168 2402 541 2932
566 1102 818 1391
716 0 2300 1963
1385 1650 1644 1896
2029 1011 2192 1210
1011 0 2444 2517
1005 1198 1553 1866
1005 1198 1535 1866
463 1348 734 1800
0 2384 234 3011
1005 1427 1535 1866
0 788 391 1662
48 788 391 1475
1379 1186 2444 1644
2041 1252 2444 1487
1379 1186 2089 1644
1379 1186 2089 1493
481 2541 1324 3011
584 2541 1324 3011
584 2541 722 2812
2131 475 2444 692
644 1517 818 1758
1631 427 2113 638
1517 897 1830 1132
1517 897 1740 1120
1439 656 1981 1132
1439 656 1981 969
1439 662 1764 969
680 2264 897 2456
674 475 1023 1138
1637 66 2023 210
1174 1427 1535 1866
1379 1186 2089 1421
716 361 1800 1963
614 2607 1324 3011
1692 891 1957 1132
1981 18 2444 463
168 2402 541 2896
644 2607 1324 3011
1577 1716 1963 1993
963 0 2300 680
1511 0 2300 409
716 361 1800 1914
1625 656 1981 903
1463 861 1656 1089
1975 1848 2149 2029
1812 668 2047 837
1089 1890 1884 2264
1144 1927 1884 2264
1336 1927 1884 2264
1409 1927 1884 2264
963 0 1637 680
1981 60 2444 463
674 680 921 1138
1577 1716 1896 1993
680 2607 1324 3011
1216 1457 1535 1866
1969 698 2192 921
1475 2577 2083 3011
698 2685 1324 3011
1011 307 2444 2517
1668 1957 2444 2517
1379 1198 2089 1421
1475 2577 1884 2914
758 1704 1126 1914
1168 1077 1728 1619
1716 1216 2089 1421
1716 1216 1951 1409
1818 1957 2444 2517
716 361 1800 1800
1168 1096 1728 1619
1168 1096 1644 1619
1818 2077 2444 2517
1577 1716 1800 1993
1011 307 2444 2161
1644 307 2444 1282
1644 307 2444 987
1644 307 2444 861
1644 307 2444 818
1662 457 2234 818
1758 427 2113 638
1168 1096 1644 1553
1168 1306 1595 1553
716 361 1800 1734
716 638 1487 1734
1710 752 2444 1282
1300 1096 1644 1366
1300 1096 1565 1318
1379 1198 1764 1391
831 2685 1324 3011
831 2800 1324 3011
1216 1457 1535 1830
1011 1126 2444 2161
1463 1126 2444 2095
1409 1927 1722 2216
1306 1096 1565 1264
951 2366 1782 2902
1463 1379 2444 2095
1716 752 2444 1282
1463 1379 2240 2095
1005 361 1800 867
1511 0 2185 409
1463 1565 2222 2095
861 1457 1300 1800
1692 1379 2240 1812
1511 0 2155 186
343 2462 662 3011
1264 361 1800 843
1848 1126 2444 1788
307 2890 505 3011
1680 2860 2083 3011
831 2824 1210 3011
481 2818 662 3011
132 2818 355 3011
644 2812 788 2974
1029 2800 1324 3011
126 2782 252 2950
1704 2770 1884 2914
584 2770 788 2896
698 2752 867 3011
1800 2727 1957 2884
301 2715 433 2932
831 2685 1047 2956
782 2667 903 2884
1391 2637 1782 2902
680 2607 825 2800
0 2595 198 3011
1475 2577 1752 2800
343 2523 662 3011
0 2517 144 2788
409 2462 632 2673
168 2456 385 2896
240 2402 541 2673
1077 2396 1342 2559
108 2384 234 2619
951 2366 1493 2715
849 2366 1023 2505
752 2318 897 2456
2149 2294 2444 2517
156 2282 277 2456
680 2264 849 2408
2222 2258 2378 2432
1686 2210 1884 2360
475 2210 1999 3011
1668 2155 2185 2456
1342 2155 1595 2300
499 2125 644 2318
331 2107 487 2252
1433 2095 1662 2216
1818 2077 2444 2462
1650 2077 1884 2264
367 2047 541 2258
270 2017 529 2493
1336 2005 1469 2173
1144 1975 1379 2143
2107 1957 2444 2198
1017 1951 1198 2083
837 1951 1035 2119
1409 1927 1722 2192
1324 1902 1463 2101
1089 1890 1294 2035
2179 1884 2330 2029
1752 1872 2077 2095
975 1872 1126 2023
1975 1848 2149 1981
2179 1830 2444 1987
1583 1824 1800 1993
385 1776 602 2119
861 1746 1126 1914
463 1746 620 1921
1011 1734 1921 2161
535 1722 1059 2438
1577 1716 1782 1866
2131 1710 2444 1945
1385 1692 1644 1896
0 1674 180 2053
1360 1662 1493 1830
1216 1662 1451 1866
1397 1650 1529 1770
1258 1650 1385 1800
301 1650 481 2071
0 1619 156 1975
722 1613 855 1758
463 1583 680 1800
1830 1565 2240 1812
1463 1565 2222 2035
1089 1553 1300 1800
96 1529 222 1722
692 1517 818 1674
313 1505 475 1728
1493 1493 1644 1619
1216 1457 1535 1716
861 1457 1204 1776
1577 1445 1824 1644
1174 1427 1294 1607
1451 1421 1613 1583
439 1421 704 1644
0 1397 264 1662
1692 1379 2077 1698
716 1373 903 1511
541 1348 734 1631
1848 1336 2444 1788
1270 1330 1595 1553
1523 1324 1848 1493
2222 1312 2444 1487
1168 1306 1354 1547
566 1258 758 1391
2041 1252 2240 1445
1716 1240 1860 1403
1908 1228 2089 1421
1824 1216 1951 1409
1469 1198 1764 1391
1011 1198 1421 1493
1505 1144 1644 1282
608 1144 885 1366
1854 1126 2444 1409
590 1102 818 1264
48 1102 313 1475
1373 1096 1565 1264
1710 1083 2011 1240
2029 1077 2155 1210
2228 1047 2444 1282
0 1035 168 1385
2029 1011 2192 1132
1294 993 1800 1180
1517 969 1686 1108
1463 969 1601 1089
1758 921 1957 1132
0 909 138 1132
1692 891 1812 1071
