0 0 2448 3263
770 1592 1070 1893
1331 0 2448 1175
176 2807 352 3068
313 1945 522 2121
1331 0 2310 1018
1148 1827 1344 1991
1462 0 2448 959
1429 2963 1625 3120
1331 0 2284 868
1736 1031 1893 1227
1899 567 2310 1018
0 1488 2448 3263
0 182 391 1155
0 0 2448 2448
0 1064 1024 2421
169 0 567 189
372 0 567 189
933 1488 1527 1893
0 1769 2448 3263
920 2062 1227 2356
920 2062 1148 2323
868 2304 1044 2434
1664 1984 1971 2317
1736 2036 1971 2317
1188 1488 1527 1697
0 0 1762 1279
1801 2134 2271 2558
228 0 1762 1279
1331 0 2010 711
881 3113 1103 3263
1377 91 1618 359
1279 2343 1586 2598
0 2572 737 3263
0 2572 607 3263
1853 2134 2271 2519
0 1142 855 2421
0 1142 744 2421
1331 0 1932 463
202 417 2448 2448
202 417 2160 1756
1279 2343 1514 2545
1292 809 2448 2448
235 1769 2448 3263
1579 2239 2448 3263
1579 2239 2448 2898
443 0 1109 332
685 0 1109 306
0 2715 150 3120
0 0 580 659
1736 809 2448 2448
1977 2793 2232 3028
1795 809 2448 2448
1181 417 1821 705
1181 417 1592 620
443 0 822 332
2056 2637 2448 3263
0 1142 352 1723
1135 1051 1527 1318
1292 1684 2069 2186
235 1769 2252 3263
0 0 580 522
163 143 580 522
1462 0 2448 404
1462 0 2095 404
1462 0 2004 404
241 2030 705 2552
0 0 404 287
0 0 300 287
2206 2010 2448 2448
1351 2833 1703 2996
235 1769 1964 2865
1037 1886 1964 2767
1795 809 2448 2134
1795 809 2448 2030
241 2545 2252 3263
241 2030 705 2369
607 2545 2252 3263
607 2898 1037 3263
1795 809 2448 1906
1795 881 2448 1906
1037 1886 1899 2767
0 1370 352 1723
163 228 580 522
235 1769 1286 2865
235 2350 848 2865
339 2350 848 2865
339 2350 783 2865
261 2878 607 3263
985 2545 2252 3263
1547 2813 2252 3263
2056 2637 2448 3133
2056 2637 2448 3061
2088 2637 2448 3061
1671 2813 2252 3263
228 0 1762 815
815 0 1109 306
607 2983 1031 3263
1853 2813 2134 3205
0 2572 306 3263
985 2545 1612 3263
202 535 2160 1756
705 535 2160 1756
1227 535 2160 1756
1227 535 2075 1756
1579 2415 2448 2898
241 2591 1161 3028
241 2591 1011 3028
1671 3042 2252 3263
1227 659 1677 1279
1233 829 1677 1279
1867 2441 2448 2898
705 1148 1468 1651
1122 2545 1612 3263
1037 1886 1899 2539
1122 2545 1475 3146
1344 535 2075 1756
1344 685 2075 1756
0 1573 744 2421
0 1664 404 2421
1873 254 2448 959
241 2650 848 3028
1122 2545 1442 3081
1011 0 1762 541
1795 1383 2180 1723
580 1769 1286 2839
1344 979 2075 1756
881 3133 1051 3263
202 3133 365 3263
959 3113 1103 3250
607 3100 907 3263
326 3100 607 3263
2206 3094 2448 3263
476 3074 737 3263
1671 3068 1886 3263
1547 3061 1769 3263
1122 3055 1357 3263
1286 3048 1612 3263
1821 3042 2252 3263
1958 3022 2115 3172
711 2983 1031 3205
1116 2976 1246 3120
1436 2963 1625 3120
0 2957 280 3263
1188 2950 1475 3146
2108 2944 2310 3179
633 2944 789 3107
2258 2937 2408 3133
2082 2898 2232 3028
815 2898 1037 3120
483 2898 685 3126
985 2885 1207 3185
261 2878 535 3211
1553 2872 1782 3081
1645 2865 1860 3126
1351 2859 1540 2996
2212 2846 2369 3061
1429 2833 1703 2996
946 2833 1168 3061
607 2813 848 3028
1775 2807 2030 3146
176 2807 352 2983
1977 2793 2186 2937
0 2780 150 3120
1122 2761 1383 3081
1514 2741 1814 2918
2056 2735 2284 2918
567 2683 705 2813
1403 2676 1599 2885
1044 2676 1214 2846
241 2650 652 2983
2088 2637 2448 3028
802 2637 940 2767
626 2630 848 2859
920 2591 1161 2924
809 2591 1011 2918
26 2572 306 2976
1560 2552 1762 2793
2212 2545 2448 2780
1207 2545 1442 2885
1429 2467 1586 2598
339 2454 783 2865
1299 2448 1618 2767
235 2441 548 2709
1135 2434 1351 2598
1579 2415 2010 2748
1801 2402 1971 2558
1481 2382 1658 2552
698 2369 1286 2839
2023 2350 2271 2519
359 2350 509 2552
0 2317 450 2722
1651 2284 1964 2474
1037 2271 1383 2539
2284 2258 2448 2448
2173 2239 2330 2552
437 2206 646 2552
1853 2134 2199 2487
1468 2108 1664 2271
946 2108 1148 2323
2049 2095 2245 2369
920 2062 1122 2219
437 2043 705 2369
1736 2036 1971 2206
241 2030 633 2343
2056 2017 2252 2206
2206 2010 2448 2350
2284 1951 2448 2134
313 1945 463 2121
1051 1886 1899 2480
2186 1847 2350 2030
652 1840 855 2062
2304 1821 2448 2010
0 1782 404 2421
580 1769 1240 2513
195 1762 365 1919
2284 1729 2448 1906
1553 1710 1775 1899
1893 1703 2219 2069
0 1664 313 1853
2206 1605 2343 1736
802 1592 1070 1893
208 1573 744 2115
2258 1566 2448 1808
1814 1534 2049 1749
1188 1527 1416 1697
933 1514 1325 1893
1364 1488 1527 1645
1991 1475 2180 1723
156 1429 352 1618
1795 1383 2121 1638
0 1370 254 1723
652 1227 796 1357
946 1220 1468 1573
705 1148 1259 1651
0 1142 221 1410
1344 1109 1860 1756
39 1064 1024 2017
1958 1051 2141 1181
1436 1044 1677 1279
2199 1005 2448 1540
1801 979 2075 1481
1977 881 2448 1906
2226 848 2448 1175
65 842 287 1057
1233 829 1631 1220
822 822 992 972
1886 809 2141 1096
1116 770 1370 1005
202 757 979 1188
1795 718 1984 1005
2010 705 2310 1018
1507 685 1860 1155
1227 659 1553 926
2154 620 2330 770
1723 580 2160 900
1899 567 2075 776
1370 535 1638 763
842 489 1005 659
1977 470 2173 626
1873 463 2284 868
156 463 483 659
489 443 1423 1279
1553 437 1821 705
1449 424 1592 580
1181 417 1507 620
646 404 868 633
2265 385 2448 959
1684 352 2010 711
163 261 496 522
1873 254 2369 783
228 228 1207 815
313 228 580 443
1566 202 1932 463
2297 182 2448 417
1716 163 2004 404
1044 150 1442 502
163 143 378 352
1736 110 1899 248
1377 91 1547 261
1612 65 1775 248
894 58 1109 306
424 32 567 189
248 13 404 215
352 6 685 391
1951 0 2448 306
1919 0 2095 189
1462 0 1977 254
1331 0 1684 378
815 0 1096 143
685 0 940 293
633 0 822 332
443 0 718 189
26 0 300 189
0 352 2448 3263
1051 352 2448 3263
0 0 2448 1899
1051 580 2448 3263
0 1064 1540 3263
1684 352 2448 1175
0 1064 1468 3263
1011 0 2448 1899
0 0 1423 1279
1697 580 2448 3179
737 1573 1070 1893
1331 0 2448 959
1011 0 1860 1899
0 1064 1468 2552
1051 1488 2448 3263
1051 1488 2245 2480
1051 1527 2245 2480
1051 1527 2219 2480
1188 2284 2448 3263
1684 352 2310 1018
0 1769 1442 3263
580 1769 1442 3081
0 2317 1357 3263
1188 1527 1423 1762
959 3055 1357 3263
979 3055 1357 3263
0 0 378 352
78 137 378 352
0 0 1207 1155
633 0 868 332
1403 2676 1703 3120
1403 2676 1703 2996
1723 580 2448 1906
1697 1566 2448 3179
2206 1566 2448 2010
2258 1566 2448 2010
2284 1729 2448 2010
0 1142 744 2552
1697 1847 2448 3179
1853 1847 2448 3179
0 2317 1207 3263
326 3074 907 3263
476 3074 907 3263
2284 2258 2448 2532
202 404 1423 1279
1279 2343 1658 2552
1697 2637 1919 2846
1853 1847 2448 3133
0 2780 365 3263
0 2317 1207 3211
2056 2735 2408 3133
2212 2846 2408 3133
1814 1475 2180 1749
1116 659 1860 1899
1723 580 2160 1005
626 2591 1011 2918
1011 0 1821 763
0 1142 254 1723
39 1064 1468 2017
0 1573 744 2552
241 2030 646 2552
1853 1847 2448 3028
2173 1847 2448 2552
2186 1847 2448 2134
0 0 718 1155
26 0 718 659
1188 2807 2448 3263
705 1148 1468 1893
26 0 718 522
163 0 718 522
352 0 718 391
261 2591 1207 3211
815 2591 1161 3120
202 443 1423 1279
261 2813 1207 3211
0 2780 280 3263
1299 2284 2010 2918
1286 2807 2448 3263
1671 2813 2448 3263
1821 3042 2448 3263
228 0 1207 815
1873 0 2448 959
1299 2284 2010 2793
1286 2807 2030 3263
1547 2807 2030 3263
1553 2807 2030 3146
1553 2865 1860 3126
1853 2134 2448 3028
1579 2284 2010 2748
261 2813 1031 3211
261 2813 848 3211
1299 2448 1762 2793
0 2317 783 2983
235 2441 783 2865
1051 1684 2219 2480
1671 2813 2134 3263
1116 659 1860 1756
1873 0 2448 783
1370 437 1821 763
1116 659 1677 1318
0 1573 744 2115
1116 659 1631 1318
0 2317 652 2983
2173 2010 2448 2552
261 2878 685 3211
698 2271 1442 3081
1135 659 1631 1318
1292 1684 2219 2186
1853 2134 2448 2898
1795 979 2121 1638
1344 685 1860 1756
0 2317 450 2976
698 2271 1383 2839
1227 659 1631 1220
770 1605 1077 1893
0 0 2389 2487
1305 0 2271 802
1331 0 2271 802
1449 0 2448 1175
1592 424 2448 1175
1840 515 2448 1175
0 913 2448 3263
1148 1801 1351 2062
1148 1893 1279 2062
1175 352 1514 620
169 0 868 437
0 2323 515 3263
221 913 2448 3263
887 3133 1148 3263
274 0 868 437
1873 515 2448 1175
1873 515 2382 1090
182 2865 385 3172
182 2950 385 3172
2226 2944 2448 3263
293 1801 855 2167
1592 424 2160 1116
221 1775 2448 3263
1403 2676 1736 2885
822 2291 1070 2434
1305 26 1612 352
293 1801 718 2167
1827 913 2448 2904
1658 424 2160 1116
1853 913 2448 2904
2226 2983 2448 3263
1853 913 2448 2859
1853 2102 2448 2859
221 2350 2448 3263
1723 2735 2128 3179
1873 2793 2128 3179
2102 913 2448 2258
221 2350 1207 3263
221 2350 1148 3263
221 2350 894 3263
1090 2474 2448 3263
1090 2545 1455 3263
2102 1742 2448 2258
1090 2545 1455 3146
221 2350 894 3126
221 2441 894 3126
359 1775 2010 2859
1449 0 2448 972
1853 2102 2448 2539
1312 2474 2448 3263
1168 2545 1455 3146
1429 2474 2448 3263
887 3133 1051 3263
372 3133 594 3263
1573 3107 1736 3263
2226 3087 2448 3263
1122 3055 1364 3263
450 3042 737 3263
1958 3028 2128 3179
1312 2989 1697 3263
2239 2983 2408 3133
182 2950 326 3100
946 2924 1207 3244
274 2865 515 3263
1168 2859 1455 3146
1873 2793 2128 3081
1429 2787 1860 3172
1723 2735 2004 3146
248 2735 385 2904
1547 2696 1736 2833
2056 2689 2258 2904
1090 2656 1396 3081
1011 2656 1214 2865
1827 2650 2010 2807
261 2630 894 3126
607 2591 1148 3263
1233 2545 1442 2885
1671 2474 2448 3263
221 2441 600 2702
1925 2421 2304 2859
359 2350 541 2572
2056 2343 2310 2545
0 2323 391 3263
2232 2206 2402 2350
2173 2206 2448 2539
1246 2154 1377 2284
802 2115 1005 2284
1468 2108 1645 2271
1853 2102 2219 2474
391 2075 2010 2859
2199 2017 2448 2258
293 1801 718 2134
359 1775 1240 2552
1586 1749 1795 1899
2102 1742 2448 2121
770 1638 1077 1893
1932 1475 2193 1814
1494 1064 1677 1227
2206 913 2448 1814
1964 874 2141 1116
2226 855 2448 1175
1142 835 1344 1005
2082 776 2382 1090
1801 718 1971 1005
1938 639 2160 900
1064 522 1207 672
1873 515 2284 868
1840 515 2017 711
587 502 737 639
1658 424 2160 946
1175 424 1514 620
2239 385 2448 972
1821 359 2271 802
1468 150 1742 437
1442 117 1612 352
1501 39 1762 280
1305 26 1468 248
1449 0 2448 770
1331 0 1964 554
274 0 776 437
0 0 2448 2591
0 1605 2448 3263
0 1742 2448 3263
1305 0 2448 2591
0 1775 2448 3263
1840 515 2382 1090
1938 639 2382 1090
1938 639 2265 992
770 1605 1077 1925
254 1775 2010 2859
0 2323 2448 3263
2239 2944 2448 3133
1305 0 2284 1116
1331 0 2284 1116
1449 0 2448 2591
1853 855 2448 2591
1853 913 2448 2591
293 1775 2010 2859
1168 2421 2448 3263
0 2323 1396 3263
261 2591 1396 3263
274 2865 737 3263
946 2656 1396 3244
1853 913 2448 2539
0 2323 600 3263
221 2350 600 2702
293 1775 1240 2552
1168 2545 1860 3263
1671 2421 2448 3263
1312 2787 1860 3263
261 2591 1148 3263
2102 913 2448 2121
659 1481 979 2049
0 802 130 1096
0 2193 319 2578
913 874 1103 1129
913 874 1103 1037
385 580 757 1122
718 2696 1051 3263
731 2696 1051 3263
1403 2761 1808 3218
1416 2761 1808 3218
1416 2761 1762 3094
208 913 711 1390
0 2578 235 3263
731 2696 1044 3126
1325 0 2448 1175
0 2578 235 3153
0 1246 365 1938
0 1344 365 1938
815 1977 1207 2265
815 1977 1090 2265
0 182 502 476
365 2095 796 2337
0 1364 365 1938
1625 1762 2448 3263
1514 1135 1834 1410
339 1057 711 1390
2278 985 2448 1325
678 306 1044 652
678 411 985 620
150 2062 339 2271
1853 2924 2095 3133
554 2226 1723 2865
776 1605 1070 1873
802 1605 1070 1873
1592 378 2252 1325
1592 456 2252 1325
1658 483 2252 1325
1658 691 2252 1325
1775 835 2252 1325
1710 2624 1945 2924
1736 2624 1945 2911
1736 1762 2448 3263
1775 1991 2448 3263
1853 2082 2448 3263
1853 2173 2448 3263
2173 2428 2448 3263
2173 2572 2448 3263
2186 2572 2448 3263
2186 2931 2343 3172
2212 2428 2448 2630
2206 2572 2448 3263
554 2226 1723 2793
1853 2173 2245 2780
1684 483 1906 750
1775 835 2180 1325
1775 835 1991 1129
1658 691 2069 940
1710 718 2069 940
1814 718 2069 940
1638 0 2448 959
2206 2702 2448 3263
1736 1762 2017 2030
1305 1860 1507 2160
1951 2363 2245 2780
554 2297 1651 2793
678 2297 1651 2793
874 2297 1651 2793
1070 2343 1651 2793
0 1064 2323 3263
731 1331 2199 2049
731 1331 2193 2043
1370 1331 2193 1932
385 580 587 907
345 3048 659 3263
1945 1037 2180 1325
750 19 1064 267
0 0 2448 2467
0 0 855 339
731 2696 959 3002
0 1716 757 2513
0 1769 221 2010
0 1886 757 2513
0 1886 672 2513
280 2239 672 2513
2206 2702 2448 3250
2278 2970 2448 3250
1325 2343 1651 2793
1325 2343 1592 2669
1951 2363 2245 2663
2004 1742 2199 2049
0 182 345 476
0 1886 456 2421
750 45 946 267
1370 1331 2193 1814
1370 1331 2036 1814
0 1364 365 1769
0 1064 998 1586
117 1064 998 1586
182 1096 998 1586
182 1122 998 1586
293 1122 998 1586
372 1122 998 1586
705 1122 998 1527
705 1188 998 1527
705 1227 913 1527
705 1364 907 1527
874 2297 1188 2650
0 0 332 143
1070 2343 1442 2748
0 372 652 926
0 372 548 926
0 372 378 926
0 372 306 926
0 372 254 926
104 1481 365 1769
1684 0 2448 959
731 1488 1416 2043
372 1318 737 1586
802 0 1677 1377
802 359 1566 1377
0 404 254 926
0 1436 2323 3263
274 1436 1880 2461
0 0 724 339
0 0 613 339
0 39 378 339
0 2160 2323 3263
515 855 757 1122
515 855 757 1005
1083 0 1677 522
1096 0 1677 522
1220 45 1677 522
1377 130 1677 522
731 1586 1266 2043
91 2552 855 3263
91 2650 855 3263
215 2552 835 2878
417 2558 835 2878
450 2611 835 2878
450 411 652 672
91 2650 541 3263
757 306 1044 652
835 287 1312 731
933 287 1312 659
1697 3035 2160 3263
1893 3035 2160 3263
1416 2761 1671 3022
91 2787 541 3263
900 359 1566 1377
0 0 2448 1612
607 0 1051 398
607 0 1005 398
0 535 254 926
607 26 835 398
274 1436 1618 2461
1103 1729 1390 1951
1103 2467 1442 2748
900 359 1566 1266
900 359 1566 1018
1951 2363 2245 2591
1194 1488 1416 1729
1573 1279 2448 2467
254 0 613 306
1710 0 2448 959
1723 228 2115 594
0 2258 894 2911
0 2258 607 2911
1312 1716 1880 2330
1312 1716 1860 2330
0 2911 215 3263
789 2160 2323 3263
26 2911 215 3159
0 1925 228 2421
0 2258 574 2911
0 2258 574 2650
0 2317 574 2650
1338 1827 1860 2330
1429 1827 1860 2330
789 2591 1142 2911
900 417 1566 1018
900 417 1566 940
900 528 1566 940
900 633 1566 940
900 646 1331 907
1573 1312 2448 2467
1573 1312 2448 2088
1756 1338 2448 2088
678 2317 1011 2624
2017 705 2448 1175
2160 842 2448 1175
1710 0 2448 580
1573 1312 1847 1645
2108 1338 2448 2088
607 3087 855 3263
913 2160 2323 3263
913 2650 1749 3263
1325 0 2206 744
1325 0 2062 594
1429 1827 1860 2088
835 1906 1618 2461
528 2461 894 2748
1867 600 2343 1181
1873 815 2343 1181
1873 815 2284 1116
1220 45 1488 417
182 1096 404 1286
274 1436 926 2389
274 1436 926 2206
274 1436 802 2134
274 1436 744 2134
0 2317 430 2650
169 502 548 802
998 1932 1618 2461
998 1932 1618 2402
2147 1338 2448 2088
731 1697 1266 2043
1507 2160 2323 3263
1507 2199 2323 3263
1507 2199 2226 3139
1507 2199 1984 3139
1507 2500 1984 3139
1729 2833 1984 3139
274 1436 744 1997
274 1436 744 1925
274 1436 744 1912
274 1436 744 1840
274 1521 744 1840
1631 2199 1964 2722
1658 2199 1964 2552
1658 2304 1964 2552
254 0 613 241
1710 0 2448 306
1710 0 2448 235
1827 0 2448 235
1893 0 2448 235
2108 195 2448 959
2239 195 2448 959
2239 195 2448 848
287 0 1305 1057
705 770 1201 1057
2147 1423 2448 2088
2167 1423 2448 1964
913 2780 1749 3263
0 2421 430 2650
1370 1331 1827 1814
522 1912 926 2206
287 0 1305 953
1507 2500 1762 2944
1873 815 2206 1070
1312 1716 1736 2004
91 2931 541 3263
0 437 2448 1612
0 731 1064 1396
659 1984 926 2206
913 2780 1651 3263
274 1553 548 1840
998 1932 1449 2376
1057 2780 1651 3263
1122 2780 1651 3263
1122 2780 1501 3224
1122 2780 1462 3224
1122 2780 1462 3198
842 437 2448 1612
842 966 1560 1612
352 2774 855 3126
352 2800 855 3126
1756 1429 2245 1710
1886 1429 2245 1710
1964 1958 2448 2467
1331 437 2448 1560
1331 437 1873 1299
1370 861 1873 1299
1370 861 1867 1299
398 0 1305 953
398 39 1168 953
0 731 1011 1396
306 750 1011 1175
842 1233 1560 1612
1194 1233 1560 1612
1331 437 1769 1096
1194 1331 1527 1612
1788 1064 2448 1560
398 150 1109 953
398 150 881 953
535 365 855 953
535 580 855 953
0 731 372 1396
535 580 855 907
1951 254 2382 580
2239 306 2448 848
2239 398 2448 848
398 150 881 496
0 887 287 1396
0 913 248 1396
2036 2937 2323 3263
1423 861 1867 1253
1155 2885 1462 3198
881 966 1220 1429
1423 437 1769 1018
1788 1064 2356 1560
2023 2004 2448 2467
2199 2036 2448 2467
998 1932 1436 2376
1788 1064 2160 1560
1919 1259 2160 1560
1423 515 1769 1018
998 2075 1436 2376
483 940 1011 1175
1129 3133 1396 3263
913 3113 1051 3263
672 3107 855 3263
0 3107 169 3263
2278 3094 2448 3250
2102 3094 2323 3263
966 3094 1168 3263
607 3087 750 3263
1364 3081 1501 3224
1148 3081 1331 3224
1697 3074 1912 3263
1991 3055 2160 3263
796 3055 953 3263
1592 3048 1749 3237
385 3048 659 3205
91 3022 365 3263
1057 3015 1194 3146
300 3009 489 3263
1919 2976 2095 3133
1468 2976 1651 3263
2304 2970 2448 3153
1821 2963 1964 3139
71 2963 215 3159
1155 2950 1370 3126
0 2950 130 3153
2036 2937 2239 3107
274 2931 541 3179
1403 2924 1540 3100
195 2924 332 3074
1605 2911 1762 3094
829 2911 1044 3126
26 2911 182 3042
1305 2885 1462 3198
1540 2859 1671 3022
783 2846 933 3002
1201 2839 1383 3068
1729 2833 1984 2976
1057 2833 1207 3048
913 2826 1122 3146
443 2813 855 3126
2173 2807 2304 2996
352 2800 548 2931
182 2787 456 3009
1625 2780 1762 2944
1122 2780 1279 2983
587 2774 757 2918
1416 2761 1573 3009
926 2715 1142 2911
1736 2709 1893 2911
2206 2702 2448 3022
1096 2696 1325 2865
731 2696 959 2885
450 2669 711 2878
1840 2663 2226 3009
1272 2650 1514 2976
176 2650 404 2911
1997 2624 2291 2846
1997 2624 2160 2780
678 2611 835 2800
789 2591 1064 2800
0 2591 137 2911
992 2578 1201 2748
0 2578 235 2983
2278 2572 2448 2839
1390 2572 1651 2793
528 2565 711 2748
470 2558 607 2709
1103 2552 1299 2748
215 2552 463 2780
1958 2506 2095 2656
1507 2500 1729 2904
1631 2493 1795 2722
0 2480 287 2650
1867 2474 2030 2702
1188 2467 1442 2728
665 2461 894 2656
809 2434 1011 2624
391 2434 574 2604
2212 2428 2356 2630
2095 2428 2245 2591
228 2421 430 2585
1716 2415 1951 2630
1325 2402 1592 2669
992 2395 1188 2650
1951 2363 2121 2552
1338 2343 1527 2545
1070 2343 1351 2545
554 2343 815 2585
1658 2337 1860 2552
678 2317 900 2480
124 2317 261 2513
1788 2304 1964 2474
874 2297 1031 2500
2141 2271 2291 2461
208 2258 391 2467
998 2252 1416 2461
352 2239 672 2513
2199 2232 2408 2467
1494 2226 1723 2630
998 2206 1214 2376
1671 2199 1919 2356
855 2199 1037 2369
39 2193 319 2408
1390 2186 1618 2402
1853 2173 2199 2487
1834 2160 2017 2310
672 2141 907 2389
150 2141 339 2271
450 2121 620 2258
548 2095 796 2337
261 2095 450 2291
1168 2075 1436 2291
868 2069 1090 2265
176 2062 326 2193
1710 2056 1880 2258
2239 2036 2448 2323
1442 2030 1756 2330
404 2030 626 2193
1018 2017 1246 2180
2023 2004 2317 2310
763 2004 926 2206
1775 1991 1997 2147
0 1991 228 2421
659 1984 815 2199
1964 1958 2128 2278
1148 1932 1416 2121
378 1932 711 2134
0 1925 221 2102
1429 1919 1671 2088
522 1912 744 2056
835 1906 1077 2082
