0 0 2448 3263
1514 0 1729 737
1514 0 1703 737
0 0 189 176
881 208 1396 528
1475 652 1697 966
1142 1867 1390 2245
1664 443 1801 659
0 326 417 2199
0 842 417 2199
352 0 672 189
750 691 1416 1090
750 691 1416 1024
750 691 1416 959
750 691 1390 959
274 2252 548 2428
319 1521 594 1958
372 1521 594 1723
1142 1867 1390 2160
1103 1423 1364 1814
169 0 326 881
1684 554 2376 920
1684 554 2252 848
424 0 1449 1893
424 0 1429 1893
613 0 1429 496
613 0 1429 182
1671 0 2448 600
424 182 1044 1893
574 182 1044 1893
19 926 417 2199
19 1090 398 2199
280 0 574 391
822 150 1423 496
1494 652 1697 953
842 150 1423 496
1684 633 2252 848
110 1090 398 2199
2128 1671 2448 2265
574 359 1044 1893
574 359 933 1893
1573 2304 1834 2461
78 2565 691 3263
78 2565 509 3263
515 1814 1122 2839
515 1814 1122 2728
842 1814 1122 2604
842 1867 1103 2604
907 1867 1103 2604
1403 2454 1821 2650
607 359 933 1893
515 2441 920 2728
2134 1671 2343 1991
842 0 2415 1631
0 0 1240 2578
2134 1671 2330 1991
2128 1971 2448 2265
45 26 1240 2578
45 26 1240 2545
78 391 789 2545
78 391 770 2545
0 561 2448 3263
946 2558 1299 2813
1011 2558 1299 2813
1090 2643 1299 2813
45 26 1240 1775
78 26 1240 1566
78 391 718 2545
705 744 933 1893
659 1103 1253 2069
659 1103 1253 1958
398 2199 913 2702
744 1103 1253 1925
1396 2356 2448 3263
1344 365 2056 1135
463 2813 691 3074
979 1501 1684 2461
979 1501 1631 2461
979 1599 1631 2461
979 2075 1220 2461
398 2258 913 2702
1605 1645 1991 2199
1605 1645 1971 2199
1658 1684 1971 2199
0 2846 156 3074
894 150 1423 496
607 359 776 848
842 0 2088 1631
1579 110 1906 567
1625 110 1906 385
1873 267 2415 476
2023 0 2415 176
117 391 718 2545
913 3002 1214 3263
78 2565 502 3263
78 2702 450 3263
176 2702 450 3263
744 1599 1024 1925
0 0 274 985
1129 1501 1377 2017
979 2291 1181 2461
2297 2500 2448 2683
476 1018 770 1462
398 2323 913 2702
456 2323 913 2702
842 0 1853 1631
842 313 1416 744
855 313 1416 744
1201 0 1853 1631
1501 535 1677 861
1821 385 2415 718
1684 633 2199 848
1684 633 2023 842
1344 365 2049 1135
1625 110 1880 365
91 26 1240 1468
1396 2356 2395 3263
1396 2356 2317 3224
2062 2807 2317 3224
705 744 913 1592
1801 1625 2284 2598
881 339 1396 528
1396 2356 2284 3126
1423 2493 2284 3126
280 143 574 391
0 1383 913 2800
182 1383 913 2519
182 2219 372 2519
1671 0 2448 443
907 26 1429 182
274 1383 913 2454
1671 0 2448 411
0 1880 391 2800
0 1880 156 2676
1005 1599 1631 2271
1344 613 2049 1135
1442 613 2049 1135
117 1703 352 2545
319 1383 913 2454
2062 267 2415 417
1801 1625 2173 2526
1801 1625 2173 2382
1801 1625 2173 2304
1801 1625 2173 2154
1801 1853 2147 2154
1697 1122 2088 1605
1697 1122 2062 1605
1697 1122 2062 1566
1697 1253 2062 1566
0 0 274 607
293 391 718 1756
365 391 691 972
293 607 718 1756
1201 881 1853 1631
1697 1292 2062 1566
2186 2689 2448 3263
1860 1625 2173 1958
1423 2585 2284 3126
1423 2585 2186 3126
1749 2754 2186 3126
32 456 169 985
91 71 802 1468
248 71 802 750
248 71 737 750
248 287 705 750
91 613 417 1468
143 881 385 1442
2056 626 2376 920
1860 1671 2173 1958
1821 528 2317 718
1201 881 1749 1631
1801 2173 2128 2382
1129 1671 1377 2017
1703 332 2141 567
1925 1788 2141 2030
1116 1599 1631 2271
829 561 2448 2128
829 809 2004 1912
829 809 1938 1912
868 1103 1253 1834
1540 561 2448 2128
2062 2807 2265 3198
1312 1201 1481 1521
829 809 1677 1912
0 1893 2448 3263
0 2363 600 3263
1971 2696 2284 2872
1377 0 1631 1011
71 0 274 607
332 1893 2448 3263
829 809 1383 1286
1906 2963 2323 3263
1945 1122 2252 1605
1377 0 1631 881
1436 0 1631 705
1155 1194 1677 1912
1331 1436 1677 1912
1540 561 2448 2095
2154 1671 2448 2095
1886 2173 2128 2382
1318 1599 1631 2212
1540 561 2448 1873
2049 1638 2252 1873
332 2911 757 3263
476 1893 2448 3263
1749 2780 2082 3126
176 2741 450 3263
2219 2689 2448 3263
2219 2689 2434 3211
1396 2356 1912 2598
881 1103 1253 1834
1331 1436 1566 1638
2154 1808 2389 2095
58 2369 391 2800
189 2363 600 2735
1396 2356 1814 2598
0 2611 352 3263
1540 561 2448 1703
476 1951 2448 3263
1259 1951 2448 3120
1605 1951 2448 3120
1605 1951 2088 2389
1788 1951 2088 2226
0 2611 352 2970
2043 1083 2448 1703
2043 1253 2448 1703
2043 1318 2448 1703
476 2310 2108 3263
319 1873 913 2454
352 1383 829 1932
319 1873 685 2199
332 1873 685 2199
2043 1423 2448 1703
2043 1423 2323 1703
365 391 678 972
1423 2585 1977 2793
1671 0 2415 385
476 2310 1742 3263
600 2310 1742 3263
1742 2128 2448 3120
332 2911 639 3263
789 2310 1742 3263
541 1925 913 2454
541 1925 913 2395
580 1925 913 2323
1769 2128 2448 3120
1769 2128 2448 2931
1769 2199 2291 2696
1769 2199 2095 2663
352 1383 796 1919
1259 2062 1775 2389
1527 2878 2108 3263
1527 3055 2108 3263
1220 2813 1494 3205
724 1964 913 2323
600 2944 907 3263
1259 2062 1664 2389
1540 561 2448 1364
835 2310 1742 3263
835 2448 1742 3263
835 2448 1742 2937
1155 2448 1742 2891
2043 561 2448 1253
541 2082 848 2395
2239 2128 2448 2931
2239 2128 2448 2532
1155 2448 1742 2859
1077 2904 1501 3263
1272 2448 1742 2859
613 3126 907 3263
1638 3055 2108 3263
1906 3042 2323 3263
1357 3009 1521 3153
1077 3002 1501 3263
1233 2970 1364 3205
868 2963 1077 3263
0 2963 235 3263
176 2957 326 3263
600 2944 894 3172
535 2944 691 3074
985 2937 1214 3107
2219 2931 2434 3211
2134 2931 2265 3198
332 2931 522 3263
483 2918 757 3192
417 2911 639 3120
1586 2878 1853 3179
1749 2865 2010 3126
861 2852 1077 3055
19 2846 156 3042
1383 2839 1736 3159
789 2826 1018 3028
1220 2813 1494 3048
509 2813 665 2963
2062 2807 2206 3087
189 2807 332 3002
1840 2780 2082 2918
1677 2774 1860 2931
835 2767 1266 2937
261 2767 509 3263
1416 2761 1579 2904
1240 2748 1481 2891
280 2741 450 3094
208 2702 443 2885
2043 2696 2284 2872
2245 2689 2382 3028
809 2689 992 2839
600 2676 842 3028
1090 2669 1253 2813
1259 2656 1429 2813
476 2650 763 2846
1396 2637 1742 2859
744 2637 913 2839
202 2624 352 2800
0 2611 208 2970
385 2604 528 2780
58 2604 241 2800
946 2598 1103 2807
1423 2585 1860 2741
1742 2565 1977 2741
306 2565 502 2709
1011 2558 1214 2793
600 2532 874 2715
1057 2519 1201 2676
789 2513 1077 2735
2297 2500 2448 2656
1592 2493 1906 2669
2049 2474 2291 2696
2088 2467 2284 2598
1155 2467 1403 2709
352 2461 600 2624
1403 2454 1618 2650
2258 2448 2448 2931
1272 2448 1514 2722
378 2421 567 2585
1534 2415 1814 2598
0 2415 143 2676
124 2369 391 2669
1214 2363 1449 2500
189 2363 489 2735
1396 2356 1703 2532
574 2330 731 2545
398 2330 639 2467
2297 2323 2448 2532
992 2310 1331 2604
1769 2297 2095 2663
992 2291 1181 2461
182 2271 332 2519
2102 2265 2343 2519
274 2252 456 2428
1919 2226 2128 2382
1775 2199 1938 2369
907 2186 1103 2604
2088 2180 2278 2441
1801 2180 1964 2310
1605 2180 1834 2389
1886 2173 2062 2310
1507 2154 1736 2284
1259 2154 1658 2389
2239 2128 2448 2434
652 2121 848 2395
1893 2088 2049 2232
1625 2082 1775 2265
541 2082 698 2226
1018 2075 1220 2297
1527 2062 1664 2232
332 2049 620 2199
1207 2017 1390 2160
1788 1977 1945 2226
1005 1977 1266 2167
2128 1971 2448 2219
724 1964 887 2232
1919 1951 2147 2154
1827 1951 2088 2167
1429 1945 1631 2186
580 1925 789 2154
2278 1912 2448 2075
1618 1893 1782 2134
274 1893 463 2291
0 1880 156 2448
1925 1873 2141 2030
332 1873 685 2095
1142 1867 1390 2049
842 1867 1024 2258
2154 1853 2291 2095
1801 1853 2004 1997
2245 1808 2389 2062
1782 1795 1971 1925
1932 1788 2134 1945
1129 1788 1286 2017
2317 1775 2448 1977
1423 1749 1631 2121
659 1729 829 1958
19 1716 163 1925
130 1703 352 2382
1658 1684 1925 2199
535 1677 829 1932
2252 1671 2448 1821
2134 1671 2304 1991
1860 1671 2141 1827
1175 1671 1377 1951
352 1645 594 1919
1631 1631 1938 1834
1442 1625 1677 1912
1318 1599 1514 2212
744 1599 972 1925
424 1547 594 1716
574 1540 822 1769
372 1521 528 1723
45 1521 208 1775
2291 1468 2448 1658
1331 1462 1468 1638
404 1462 665 1618
1423 1436 1566 1618
1103 1436 1240 1814
2154 1429 2323 1703
78 1429 228 1566
2239 1423 2408 1573
2043 1423 2252 1684
1168 1423 1364 1782
1984 1410 2141 1651
1697 1390 2036 1566
541 1383 796 1703
1455 1370 1749 1631
1638 1364 1821 1625
1351 1325 1481 1521
2134 1318 2448 1501
881 1279 1064 1697
1945 1266 2141 1605
1135 1259 1344 1475
1188 1233 1383 1377
626 1233 789 1468
1553 1227 1853 1429
110 1227 339 2199
1312 1201 1449 1357
365 1201 502 1618
1155 1194 1410 1507
946 1188 1103 1423
424 1168 561 1370
1925 1161 2088 1299
1364 1148 1547 1507
868 1148 1024 1566
2082 1122 2252 1436
1821 1122 2056 1318
476 1122 770 1462
998 1103 1253 1834
2186 1083 2356 1299
1468 1064 1645 1253
620 1018 757 1194
1122 979 1383 1246
1442 959 1749 1135
2206 946 2448 1253
1344 926 1481 1109
293 913 463 1756
1201 881 1645 1436
156 881 385 1364
1083 861 1253 1024
1494 815 1638 953
829 809 1188 1286
1540 770 2212 1364
718 770 913 1592
1742 718 2056 1037
2147 659 2376 920
1690 659 1951 835
1684 659 1840 829
1501 639 1671 861
1840 633 2199 848
1782 633 2023 842
2056 626 2206 770
1638 613 2049 1077
365 613 646 972
300 613 515 913
953 607 1377 744
443 607 718 1246
241 567 385 705
2043 561 2448 1083
2167 548 2317 698
2115 548 2317 718
842 515 992 652
32 456 169 966
248 450 541 750
744 398 1044 770
541 391 678 659
1938 385 2415 718
528 385 665 522
881 359 1331 528
1703 352 1847 535
1834 332 2141 567
1579 313 1834 567
248 287 705 561
894 228 1325 496
1070 208 1396 345
326 189 574 391
822 182 1135 313
698 182 887 496
998 150 1423 306
280 143 515 319
1867 137 2004 332
1625 110 1880 352
483 71 737 372
1690 52 1847 189
2154 26 2402 176
633 26 1240 241
1795 0 2415 385
1547 0 1703 554
1494 0 1631 326
1299 0 1514 404
352 0 613 189
306 0 509 221
91 0 274 476
0 0 1286 2578
822 26 1429 424
156 2108 372 2402
0 1383 2448 3263
248 0 2448 1821
424 1233 789 1481
1834 117 2415 476
1664 365 2121 705
1605 1645 1834 1814
58 0 509 1566
58 0 509 1547
972 208 1396 437
1070 208 1396 437
424 1351 757 1481
620 705 770 1077
1299 0 1847 1011
1299 0 1788 1011
515 2389 920 2728
1299 0 1703 1011
1729 365 2121 705
2082 2265 2343 2630
2082 2467 2284 2630
1664 39 1847 189
1599 195 1788 385
58 0 417 1547
933 1547 1122 2219
1599 195 1762 385
0 0 1286 2545
1442 2454 1840 2611
248 0 1423 959
509 2813 685 2970
1011 1645 1286 2075
0 1383 1631 2885
2134 1671 2389 2062
1834 117 2004 385
829 0 2448 1821
1312 1148 1749 1631
1011 1645 1142 2075
456 2891 861 3263
1442 2461 1821 2611
91 0 417 1468
1964 2689 2448 3263
332 1423 2448 3263
0 0 1253 2545
0 0 463 2545
0 0 189 613
659 1547 1044 1958
744 1547 1044 1925
372 1462 665 1723
861 1148 1024 1677
822 26 1429 313
0 2611 509 3263
829 561 2448 1821
1925 1122 2448 1651
1945 1122 2448 1651
1945 1122 2252 1651
1344 0 2448 1135
1579 0 2448 770
1625 0 2448 770
2056 548 2317 770
274 1893 783 2545
2232 1808 2389 2062
332 2304 2323 3263
2062 2689 2448 3263
319 2095 783 2545
359 2167 783 2545
424 2199 783 2545
489 2258 783 2545
1762 2787 1938 3015
1344 535 1749 1135
1625 0 2448 718
1442 535 1749 1135
1364 1148 1749 1631
574 2323 783 2545
0 2611 450 3263
1873 287 2395 476
1396 2304 2284 2872
1396 2304 2265 2826
1396 2304 1977 2741
763 1599 1631 2604
1299 0 1631 1011
1122 1423 2448 3120
1782 1638 2173 2030
1860 1638 2173 1958
750 150 1423 959
855 150 1423 744
1873 287 2226 476
248 0 1240 770
2062 2689 2434 3224
456 2918 757 3263
332 2310 2323 3263
1168 2643 1481 2937
1168 2656 1481 2937
1168 2748 1481 2937
913 2878 1214 3263
881 150 1423 528
91 535 417 1468
1494 535 1742 979
1494 535 1677 953
1775 2088 2128 2382
1299 0 1631 881
933 1547 1064 2219
156 359 1253 1893
0 1383 913 2885
208 2565 528 2885
306 2565 528 2780
1782 1788 2141 2030
182 2252 456 2519
156 359 776 1462
476 842 770 1462
620 842 757 1194
248 0 1240 750
248 71 887 750
483 71 887 496
829 809 1853 1507
1919 1919 2147 2154
718 770 1253 1893
763 1867 1370 2604
763 1867 1220 2604
842 1867 1220 2604
156 359 776 1364
110 913 463 2545
1455 1292 1749 1631
0 0 274 2448
829 809 1645 1507
1671 0 2448 718
1703 332 2415 718
1821 332 2415 718
1782 1788 2134 1945
1540 561 2448 1821
1690 1253 2134 1821
1690 1253 2108 1703
1690 1292 2108 1703
1690 1292 2062 1664
1697 1292 2062 1605
829 809 1645 1436
1775 2180 1964 2369
985 2878 1214 3107
718 770 933 1893
1122 1423 1938 2389
1168 1423 1377 1951
0 2323 913 2800
0 0 274 1925
1122 1436 1938 2389
1122 1462 1938 2389
613 0 1240 241
0 456 169 1925
1769 1423 2448 3120
2043 1423 2448 2128
2043 1423 2448 2075
2043 1423 2448 1977
2043 1423 2448 1873
1370 2774 2323 3263
1370 2774 2180 3263
1677 2774 2180 2931
332 1383 913 2395
58 2323 913 2800
1083 861 1645 1436
1396 2356 1977 2741
1697 1390 2036 1605
1886 2088 2128 2382
1886 2088 2062 2310
332 1873 913 2395
332 2310 1853 3263
332 2310 1331 3263
463 2650 763 2989
2062 2689 2434 3211
1840 2780 2180 2918
1122 1625 1938 2389
1259 1625 1938 2389
1605 2082 1834 2389
1168 1501 1377 1951
1769 1853 2448 3120
2128 1853 2448 2219
1005 1977 1370 2271
2043 1423 2408 1873
2043 1423 2408 1703
1370 2865 2108 3263
352 2323 913 2702
600 2448 1853 3263
1769 1951 2448 3120
2154 1423 2408 1703
1233 2970 1521 3205
110 913 463 2382
600 2310 1331 3028
600 2310 1331 2839
600 2310 1331 2813
946 2558 1253 2813
1011 2558 1253 2813
2030 2141 2278 2526
2049 2180 2278 2526
156 391 718 1364
365 391 718 1246
332 2911 691 3263
600 2767 1266 3263
789 2767 1266 3139
789 2767 1266 3028
130 913 463 2382
1370 3055 2108 3263
2062 2807 2434 3211
2134 2931 2434 3211
58 2363 489 2800
1592 2493 1977 2741
365 607 718 1246
1645 2656 2265 2826
1645 2656 2265 2793
352 1645 829 1932
332 1873 848 2395
541 1383 822 1769
0 2611 235 3263
0 2369 391 2676
0 2950 235 3263
600 2310 1331 2735
789 2310 1331 2735
1769 2297 2448 2931
2049 2448 2448 2931
1077 2448 1853 3263
1540 718 2212 1364
600 2944 1077 3263
332 1873 789 2154
1442 1625 1938 2134
1442 1625 1938 1912
1155 2448 1742 2904
1077 2813 1853 3263
1090 2813 1853 3179
1220 2813 1853 3179
1220 2813 1736 3159
1135 1266 1357 1769
470 215 698 476
1318 887 1586 1044
698 691 1410 1645
744 691 1410 998
829 783 1390 998
672 0 1514 685
372 1521 600 1756
672 0 1455 607
842 0 1455 515
842 26 1429 515
202 2526 509 2715
946 1096 1109 1416
1586 39 1867 652
698 744 900 1645
1475 1064 1821 1645
1475 1064 1782 1429
1586 110 1867 652
1664 443 1795 652
2199 1592 2448 1880
2199 1671 2448 1880
424 1018 802 1534
424 1018 796 1475
1599 2650 2284 2891
1599 2722 2173 2891
842 150 1423 515
672 182 900 607
182 2741 548 3263
182 2741 450 3263
1684 633 2199 1037
1684 633 2115 1037
659 1416 1514 2578
770 1416 1514 2578
770 1442 1514 2578
1005 1442 1514 2271
1077 1442 1514 2271
1077 1442 1514 2219
1077 1442 1390 2219
1077 1442 1390 2069
1077 1442 1338 1814
1103 1442 1338 1814
2108 2265 2343 2624
1697 633 2115 1037
1697 633 2056 1037
0 0 267 1925
1586 110 1867 541
313 0 1214 391
261 2115 633 2474
842 169 1403 515
842 169 1233 515
0 176 163 1925
0 326 163 1925
926 235 1403 509
424 1161 678 1416
0 0 267 600
0 0 2448 2395
0 900 633 2395
0 900 496 2395
124 900 496 2395
182 2741 437 3263
13 0 2448 1906
2088 2820 2448 3263
1318 0 2448 1018
1658 0 2448 424
483 1018 796 1475
483 1018 763 1462
352 0 1214 391
352 0 783 391
626 32 1214 378
0 659 2448 3263
1958 1769 2173 2265
946 2552 1253 2813
0 1090 398 2317
1501 274 2448 966
1716 274 2448 731
261 2115 489 2428
1827 633 2115 848
0 437 163 1925
13 0 1390 1906
13 0 1390 1586
78 0 1390 1514
78 0 724 1514
78 0 398 1514
1932 2650 2284 2872
1129 1618 1390 2069
496 0 783 391
594 398 1390 1090
1318 0 1697 1018
1207 1037 2075 2265
1325 2291 1919 2656
1403 2356 1919 2656
1958 1919 2154 2265
1716 274 2448 718
770 1638 1122 2578
0 1194 920 3263
300 2356 920 2793
1716 332 2395 718
887 2996 1259 3263
887 3028 1175 3263
1233 1148 2075 2265
319 659 2448 3263
953 2075 1214 2604
959 26 1429 182
339 2258 633 2474
1233 1148 2004 2265
1331 1148 2004 2239
1331 1148 1873 2239
1331 1148 1814 2239
1331 1449 1814 2239
1429 1449 1814 2239
261 319 665 705
835 659 2448 2532
848 979 1410 1880
848 979 1246 1880
868 1103 1246 1880
319 1951 2448 3263
959 1103 1246 1834
1658 0 2448 385
1233 1945 1631 2265
0 1410 920 3263
0 1886 920 3263
1684 1122 2095 1605
1697 1122 2095 1605
319 2813 815 3263
463 2813 815 3153
515 1951 2448 3263
770 1638 1122 2258
1436 215 1566 705
1429 1631 1814 2239
1403 2356 1919 2591
1906 2317 2448 3120
1312 1201 1468 1514
58 1886 920 2800
483 2891 815 3153
515 1951 2278 3263
1475 2545 1977 2754
2115 1253 2448 2532
280 1886 920 2617
1736 2787 2232 3263
1736 2787 2219 3107
332 1919 920 2617
0 2611 443 3263
0 2813 332 3263
515 2056 2278 3263
332 1919 920 2513
2186 2526 2448 3120
1736 2839 2049 3107
789 2519 1024 2839
789 2519 1024 2767
868 1148 1064 1880
1383 1945 1631 2186
2115 1253 2448 2434
835 659 2448 2010
1742 1455 2252 2010
332 1919 920 2408
835 659 2448 1612
332 2082 913 2408
528 2141 913 2408
515 2369 1925 3263
600 2369 1925 3263
1527 2062 1814 2239
855 2056 2278 2656
757 2787 1286 3113
0 2611 443 2970
1906 2317 2291 2702
1429 1631 1782 2128
2245 2526 2448 3120
1742 1455 2252 1827
2128 1429 2448 2434
1122 2056 2278 2467
1769 2056 2278 2454
1423 659 2448 1592
600 2669 1925 3263
600 2872 1096 3263
1090 2669 1925 3263
979 3133 1175 3263
2134 3068 2323 3263
2239 3061 2448 3263
1077 2996 1259 3153
1873 2963 2232 3263
992 2950 1214 3113
600 2944 1044 3263
548 2931 731 3100
319 2931 626 3263
874 2872 1096 3042
561 2859 691 2996
1749 2839 2049 3107
26 2839 189 3042
2088 2820 2448 3218
463 2813 665 3015
1991 2787 2219 3061
757 2787 1286 3022
1664 2774 1938 2931
261 2767 548 3263
1423 2748 1925 3263
1645 2722 2173 2891
2245 2696 2448 3120
809 2689 959 2839
1090 2669 1494 3263
1423 2637 1645 2846
868 2637 1024 2767
52 2617 443 2970
946 2598 1253 2813
1475 2585 1860 2741
202 2585 359 2715
515 2552 900 2996
1742 2545 1977 2754
2284 2526 2448 2918
313 2526 509 2689
789 2519 933 2702
1651 2480 1912 2656
567 2480 881 2715
2154 2448 2310 2624
1964 2434 2291 2702
1664 2421 1919 2552
411 2421 600 2617
0 2415 143 2637
561 2395 829 2572
1155 2369 1514 2833
1403 2356 1840 2591
300 2356 920 2748
2297 2337 2448 2532
339 2330 633 2474
567 2323 783 2513
1906 2317 2154 2591
855 2310 1331 2656
2108 2265 2343 2519
953 2258 1181 2604
274 2245 456 2428
0 2232 326 2578
907 2206 1103 2578
528 2199 763 2382
2239 2167 2448 2434
1769 2147 2278 2454
1122 2147 1834 2467
665 2141 913 2408
1233 2128 1423 2265
2245 2115 2448 2258
261 2115 489 2323
1599 2088 1814 2239
1207 2088 1351 2245
332 2082 776 2271
959 2075 1214 2284
1880 2056 2062 2310
1116 1997 1390 2219
0 1958 130 2291
1827 1951 2030 2199
1449 1945 1631 2186
1958 1919 2154 2167
724 1919 920 2323
2271 1912 2448 2121
280 1886 809 2173
1808 1860 2004 1997
1612 1840 1782 2128
1129 1788 1390 2069
1005 1782 1175 2154
2232 1749 2448 2017
1423 1749 1638 2102
1853 1742 2141 2010
659 1729 835 1958
26 1723 163 1925
1605 1645 1873 2199
770 1645 998 2193
