0 0 2446 2858
948 1851 1246 2097
1577 2623 1783 2858
1051 600 1200 760
457 1640 703 1949
1034 1091 1177 1280
91 840 360 994
131 1914 360 2177
1114 1160 2446 2858
1217 474 1388 794
1217 583 1388 794
1406 1434 1651 1743
1411 1434 1651 1726
1520 1434 1651 1726
1777 1651 2189 2143
514 2657 811 2858
51 2229 274 2457
2292 0 2446 268
2292 0 2446 251
1754 0 1920 142
525 1360 754 1640
1114 1240 2446 2858
68 988 360 1348
171 988 360 1348
1874 1651 2034 1897
1806 0 1920 142
1017 1857 1246 2097
1469 320 1909 577
594 1360 754 1640
857 817 1143 966
925 817 1143 966
1114 1983 1972 2858
1400 2160 1720 2377
137 1657 365 2017
137 1657 337 2017
154 1691 337 2017
1514 80 1743 251
548 2097 845 2435
548 2160 754 2435
617 1028 788 1268
817 1388 1343 1709
525 1423 680 1629
1297 1240 2446 2858
983 1388 1343 1703
983 1388 1320 1703
188 988 360 1297
2240 394 2423 554
651 2097 845 2240
1000 1697 1566 2343
1000 1697 1566 2189
2154 834 2446 1228
2223 937 2446 1228
2320 937 2446 1200
1183 1914 1417 2343
817 1446 1000 1709
1726 600 2383 1440
1726 600 2080 1068
1726 600 2006 920
1954 1651 2189 1857
1731 948 2383 1440
2086 1171 2383 1337
2143 1171 2383 1337
1114 2029 1972 2858
1228 1697 1566 1909
1303 1714 1566 1903
1406 1714 1566 1903
1497 377 1909 577
1497 377 1789 577
1497 440 1789 577
788 2309 1194 2692
788 2309 1194 2646
868 2309 1194 2646
925 2309 1194 2617
2154 834 2395 1126
2183 857 2395 1126
2017 1160 2446 1703
788 2354 943 2577
1474 1429 2109 2097
1474 1429 2057 2097
1851 0 2280 737
1886 0 2280 737
1886 62 2280 737
1972 274 2280 737
2034 377 2280 737
2052 462 2280 737
2052 503 2252 737
1211 422 1749 1554
1183 1972 1417 2343
1114 2029 1972 2812
1000 1823 1326 2189
2017 1286 2337 1703
514 2657 697 2858
154 1703 285 2017
125 0 874 1509
125 234 874 1509
125 297 874 1509
125 445 874 1509
1417 2029 1972 2709
1543 1429 2057 2097
1834 823 2080 1068
1731 948 2103 1440
1731 1006 2103 1440
1731 1006 2103 1303
1731 1006 2080 1303
1731 1006 2029 1303
1731 1046 1994 1303
1543 1451 2057 2097
925 2309 1137 2617
983 1388 1257 1703
1023 1388 1257 1703
1023 1388 1188 1703
1068 1388 1188 1703
1114 2395 1531 2812
1211 2395 1531 2812
0 0 2446 2715
1543 1480 2012 2097
1543 1480 2000 2097
0 1834 1240 2858
0 1932 1240 2858
1211 422 1697 1526
1211 422 1697 1400
548 2234 725 2435
148 0 594 302
177 0 594 302
125 468 874 1509
125 468 674 794
125 468 674 743
125 468 577 708
1211 422 1697 1337
1211 422 1697 1303
1263 1972 1417 2343
1028 0 1806 428
0 2040 1240 2858
1148 2475 1308 2663
422 737 874 1509
468 491 674 743
1291 422 1697 1303
0 2052 1240 2858
0 2172 1240 2858
1800 1046 1994 1280
1417 2069 1869 2709
1417 2149 1863 2709
1417 2200 1840 2709
1417 2292 1783 2709
1886 62 2223 480
628 1411 754 1640
1291 422 1497 725
537 314 1034 800
685 314 1034 800
422 737 874 1274
422 737 828 1274
422 737 777 1274
503 817 777 1274
503 988 737 1274
565 1331 897 2166
565 1411 897 2166
565 1411 863 2166
657 1411 863 1783
0 2292 1240 2858
0 2320 1240 2858
0 2463 1240 2858
0 2515 1240 2858
0 2515 1080 2858
817 2640 1080 2858
1417 2389 1783 2709
1417 2389 1720 2709
1211 2412 1531 2812
691 314 1034 800
691 417 1011 800
125 468 388 708
1543 1583 1932 2097
1640 1583 1932 2092
1663 1583 1932 1789
0 2515 943 2858
0 2532 943 2858
0 2532 794 2858
0 2532 668 2858
0 2652 640 2858
0 2652 411 2858
503 1103 731 1274
691 417 994 720
1028 0 1806 337
1749 1240 2446 2858
1754 1240 2446 2858
308 2463 623 2817
851 1640 1114 2023
851 1817 1006 2023
1028 0 1749 337
1360 0 1749 337
1383 0 1749 337
1383 0 1731 337
1406 131 1731 337
1429 543 1697 1303
1429 834 1697 1303
1429 908 1686 1303
200 0 594 302
211 0 594 302
0 2337 257 2755
314 2589 594 2817
537 320 743 491
1789 600 2006 920
1806 600 2006 920
1874 600 2006 845
1486 908 1686 1103
565 1714 863 2166
1028 51 1423 337
1028 51 1423 325
1211 2412 1531 2777
1331 2412 1531 2709
1451 543 1691 874
565 1817 703 2166
0 308 222 520
34 308 222 520
565 1817 703 2126
177 2052 342 2274
422 737 640 1108
188 2652 411 2858
0 2417 257 2755
211 0 594 291
960 1640 1114 1977
0 0 1720 2715
0 0 668 2286
1028 114 1297 302
291 0 2446 1646
960 554 1348 1188
960 554 1348 1171
960 554 1320 1171
960 691 1291 1171
960 857 1291 1171
0 2292 160 2629
0 154 148 394
251 1446 1720 2715
1200 1446 1514 1794
251 1514 1720 2715
1457 2040 1697 2274
1583 1188 2280 1646
1680 1188 2280 1554
1737 1188 2280 1543
1829 1188 2280 1543
1829 1188 2120 1543
743 417 994 720
1960 1657 2229 1989
1274 1446 1514 1794
628 817 777 994
1731 1114 1857 1303
1429 1011 1674 1303
228 1474 485 1777
251 1514 1623 2715
251 1514 1623 2652
703 1514 1217 2063
811 1514 1217 1954
811 1514 1217 1903
811 1514 1108 1834
308 2463 623 2766
291 0 2446 1600
1960 0 2446 1217
1960 114 2446 1217
1960 200 2446 1217
291 0 2092 1600
291 0 1257 302
291 0 1114 302
291 0 1114 228
291 0 714 177
2177 114 2446 422
931 2395 1263 2715
931 2457 1160 2715
925 1514 1108 1720
1520 1663 1720 1989
0 1371 325 2286
1754 1240 2446 2583
0 1451 302 2286
0 1451 302 2143
708 0 1114 228
823 0 1114 228
251 1800 1623 2652
251 1914 1566 2652
251 1914 1440 2652
1960 314 2446 1217
1960 480 2446 1217
1960 508 2446 1217
2046 925 2246 1217
823 45 1114 228
211 0 440 200
2052 783 2252 966
2114 200 2252 565
354 0 2092 1600
520 983 1377 1600
520 1017 1377 1600
520 1040 1377 1600
520 1114 1377 1600
520 1206 1377 1600
565 1206 1377 1600
811 1206 1377 1600
891 1206 1377 1600
891 1291 1377 1600
1274 1446 1514 1737
354 0 2092 1474
1634 0 2092 645
1783 0 2092 645
1783 80 2034 645
1783 80 1994 645
0 1451 302 2069
0 1451 302 1966
0 1566 262 1966
0 0 668 1743
422 1554 668 1743
251 1914 1291 2652
354 114 1886 1474
1251 645 1817 1474
1251 645 1623 1377
1251 645 1623 1326
1251 645 1623 1206
1566 1171 1817 1474
354 114 1886 1223
354 125 1051 1028
0 0 583 1617
0 142 583 1617
0 348 583 1617
0 348 583 1514
0 348 583 1331
262 954 583 1331
1829 1308 2120 1543
0 348 560 1177
1960 508 2446 1011
948 114 1886 1223
1617 531 1886 1223
1617 531 1886 1188
1663 897 1886 1188
1754 1617 2446 2583
0 2440 217 2755
1634 74 1880 485
2177 114 2372 382
948 114 1629 874
971 114 1629 651
651 1714 863 1920
0 1194 514 1514
251 1914 1211 2652
251 2052 640 2463
394 1914 1211 2652
560 1914 1211 2652
645 1914 1211 2652
851 1114 1103 1343
354 125 994 1028
354 125 971 971
1251 645 1543 1097
1331 805 1543 1097
645 1914 1086 2652
674 2194 885 2652
1326 1800 1623 2269
2103 1240 2446 1703
1960 611 2446 1011
2154 703 2446 1011
1068 114 1629 640
645 1914 1086 2354
0 348 560 1126
1211 114 1629 640
394 2269 697 2555
0 348 560 971
0 348 462 948
0 348 462 880
1794 360 1994 645
1286 114 1629 640
354 125 971 771
354 125 971 680
434 125 971 680
1617 531 1771 966
440 663 783 971
1943 2326 2446 2858
1023 2726 1240 2858
514 2715 697 2858
645 2709 811 2858
394 2697 640 2858
314 2692 474 2817
817 2686 971 2858
0 2663 188 2800
188 2652 342 2795
925 2640 1080 2835
1303 2635 1417 2760
1629 2623 1783 2858
1749 2617 1903 2840
765 2612 943 2806
645 2612 794 2789
394 2606 520 2726
422 2589 594 2789
0 2577 142 2755
1211 2572 1411 2777
1171 2532 1308 2663
1114 2532 1268 2800
531 2532 668 2720
1943 2526 2314 2858
1817 2526 2034 2858
754 2515 880 2646
1417 2497 1566 2709
1246 2475 1377 2623
491 2463 623 2589
308 2463 543 2766
1000 2457 1160 2715
1331 2452 1446 2640
97 2440 217 2657
674 2423 845 2652
308 2423 457 2555
0 2423 160 2629
1851 2417 2012 2595
1634 2417 1783 2560
1394 2412 1531 2709
925 2400 1046 2617
1531 2389 1720 2543
394 2389 577 2555
885 2372 1017 2606
794 2354 943 2515
131 2337 245 2469
560 2332 760 2520
51 2332 171 2457
2143 2326 2446 2858
1297 2326 1897 2858
1080 2326 1194 2463
2292 2320 2446 2457
994 2309 1137 2503
1577 2292 1754 2452
1263 2280 1440 2526
857 2274 1051 2406
462 2269 697 2469
1103 2257 1291 2469
1348 2252 1566 2463
251 2229 491 2463
251 2229 382 2343
125 2229 274 2372
45 2217 182 2366
2240 2206 2446 2372
1691 2200 1840 2377
1263 2194 1400 2343
697 2194 885 2486
1537 2177 1720 2320
1040 2177 1211 2349
1400 2160 1617 2377
177 2149 297 2274
1754 2143 2029 2475
1183 2120 1314 2257
651 2109 788 2223
1657 2103 1800 2297
377 2092 508 2286
1457 2086 1594 2274
262 2086 434 2257
1914 2069 2086 2229
1731 2069 1869 2217
45 2057 240 2286
445 2052 640 2332
131 2046 262 2177
1520 2040 1697 2223
1000 2034 1194 2189
1823 2029 1972 2172
948 1983 1240 2286
57 1983 194 2143
1291 1972 1417 2194
805 1960 1086 2354
2040 1954 2183 2137
1783 1949 1909 2086
1326 1943 1554 2269
1543 1937 1663 2097
331 1932 537 2137
645 1914 868 2172
222 1914 360 2132
565 1886 703 2126
154 1874 285 2017
703 1869 863 2063
0 1869 182 2069
1068 1857 1246 2040
948 1851 1086 2052
74 1840 211 1966
320 1834 462 2023
1131 1823 1326 2172
1571 1817 1720 1989
588 1817 703 1943
1377 1800 1623 2034
1777 1760 2109 2143
1640 1737 1811 2092
1303 1726 1469 1891
651 1726 834 1920
1960 1720 2194 1989
2046 1714 2189 1857
1406 1714 1560 1903
708 1714 863 1903
1228 1697 1366 1909
262 1691 503 1891
457 1669 674 1949
2046 1657 2229 1771
811 1657 1006 1834
1686 1629 1932 1789
1926 1617 2446 2583
1011 1617 1217 1903
1406 1600 1520 1743
2286 1594 2446 1743
1520 1589 1634 1726
1274 1589 1423 1794
2103 1566 2269 1703
1989 1566 2109 1709
422 1566 623 1743
0 1566 262 1886
925 1554 1040 1720
657 1549 863 1783
1274 1543 1514 1737
765 1520 897 1686
2017 1514 2177 1703
348 1503 485 1754
1691 1480 2000 1697
525 1474 680 1629
228 1474 388 1777
1411 1463 1566 1617
1943 1451 2057 1594
62 1451 302 1663
817 1446 1000 1634
1680 1440 1880 1554
1583 1440 1749 1646
1846 1429 1972 1594
714 1411 834 1577
634 1411 754 1577
428 1411 548 1617
823 1388 954 1520
0 1371 325 1583
2069 1366 2217 1571
1320 1366 1446 1497
1137 1366 1377 1600
1348 1320 1543 1526
1909 1314 2120 1543
1486 1314 1749 1554
1829 1308 1943 1469
891 1291 1234 1531
2126 1286 2337 1594
1737 1274 1891 1480
1606 1274 1817 1474
200 1274 514 1514
2017 1263 2280 1457
177 1257 405 1388
520 1251 634 1440
811 1246 966 1411
2160 1240 2446 1697
1394 1234 1577 1377
171 1228 297 1348
440 1211 565 1509
1063 1206 1280 1411
565 1206 880 1457
0 1194 245 1440
1869 1188 2023 1343
1731 1188 1857 1303
1228 1188 1354 1337
2143 1171 2303 1286
1566 1171 1743 1348
2240 1160 2446 1371
0 1154 171 1308
1314 1137 1543 1326
503 1137 708 1274
1520 1120 1657 1303
1897 1114 2029 1251
891 1114 1103 1343
262 1103 480 1331
1057 1091 1177 1211
62 1074 257 1194
1434 1057 1623 1206
1303 1057 1429 1217
977 1057 1091 1188
1834 1046 1994 1200
1646 1046 1760 1223
725 1040 960 1326
0 1040 131 1177
2229 1034 2343 1160
2046 1028 2246 1217
617 1028 754 1268
2320 1023 2446 1200
1114 1017 1308 1251
1429 1011 1674 1166
1909 1006 2029 1143
188 988 360 1217
868 983 1040 1154
1331 966 1451 1097
748 966 874 1114
422 954 605 1108
308 954 583 1246
1211 948 1383 1154
2183 943 2395 1126
371 937 520 1080
2057 925 2246 1097
1749 914 1886 1188
1663 897 1789 1108
960 891 1291 1171
1834 874 1994 1068
0 868 320 1126
1148 845 1348 1011
925 840 1143 966
857 840 983 954
440 840 577 1006
211 840 360 994
1526 834 1697 1023
1897 823 2080 1063
342 817 560 971
737 805 994 1028
2052 783 2206 914
2280 754 2446 1011
1617 754 1766 966
422 754 560 880
1806 743 1943 920
1743 737 1863 931
520 737 640 1028
262 725 457 948
1560 720 1686 863
2154 703 2314 891
1051 691 1257 903
0 691 188 943
588 680 783 971
1874 674 2006 845
440 663 691 794
1251 645 1451 908
765 634 897 840
1360 623 1486 765
1726 617 1846 743
0 617 462 880
1960 611 2177 948
1789 611 1949 794
394 594 560 794
2057 583 2252 737
1137 554 1320 765
468 554 617 725
1451 543 1640 874
948 537 1120 874
1960 531 2080 800
1617 531 1771 811
2303 508 2446 805
2052 503 2212 645
743 497 920 708
1794 491 1972 645
1703 491 1823 628
560 491 674 743
354 491 577 663
1326 485 1451 725
2189 480 2354 725
125 480 308 708
0 462 131 594
1497 445 1680 577
1972 440 2132 577
560 428 788 771
1291 422 1497 645
863 417 994 720
685 405 828 537
2240 394 2372 508
1080 394 1303 600
1503 377 1651 537
1417 371 1617 640
1823 360 1994 560
354 348 588 628
34 348 382 645
537 331 668 474
971 325 1200 651
2252 314 2446 514
45 308 222 451
1577 297 1691 428
302 297 462 503
1068 291 1297 485
1972 274 2154 468
1634 262 1880 485
497 257 691 440
908 240 1051 360
748 240 971 680
348 234 554 377
1211 228 1411 440
2332 217 2446 422
1497 217 1731 337
0 211 148 394
2114 200 2252 457
245 177 434 302
1886 171 2046 480
834 165 1006 302
2177 154 2372 382
0 154 142 274
97 142 377 365
394 137 594 291
743 131 868 251
1909 125 2034 297
434 125 857 417
1514 120 1663 245
1177 120 1297 302
2206 114 2343 240
1286 114 1629 474
1028 114 1206 291
1783 80 1954 411
1606 80 1743 251
285 80 440 200
1634 74 1857 308
823 68 1011 228
1966 62 2223 388
1291 51 1423 325
931 45 1114 217
388 34 714 177
2292 0 2446 234
2103 0 2377 171
1903 0 2092 200
1611 0 1749 148
1383 0 1560 222
1360 0 1486 125
1188 0 1394 142
977 0 1257 245
828 0 1046 125
708 0 920 154
291 0 520 114
0 0 182 188
0 0 2446 1634
0 1017 2446 2858
1726 611 1846 743
0 1017 1771 2858
834 1160 2446 2858
885 1160 2446 2858
857 594 1143 966
874 594 1011 823
1303 1057 1474 1217
1491 1434 1669 1754
617 948 874 1268
1731 1651 2034 1897
308 2423 457 2566
645 2709 851 2858
177 2052 388 2343
691 497 817 663
251 428 440 680
291 428 440 680
1909 948 2097 1143
885 2309 1137 2617
885 1188 2446 2858
1166 2697 1371 2858
1491 1434 1651 1726
525 1474 714 1640
925 1188 2446 2858
1497 434 1909 577
851 1817 1246 2189
1634 0 2446 1634
0 0 1886 1474
177 2052 382 2343
194 1691 337 1886
1177 1503 1343 1840
1177 1537 1320 1840
1177 1537 1303 1840
360 2697 640 2858
1914 2063 2143 2229
885 2692 1023 2858
171 1188 405 1388
171 1228 405 1388
1051 422 1537 1011
1051 422 1537 988
983 1400 1108 1686
537 1046 697 1177
851 1817 1246 2097
851 1817 1137 2097
948 1851 1137 2097
1634 0 2446 1594
2332 97 2446 422
754 1017 1771 2858
1348 1320 1566 1617
1394 2177 1783 2709
1537 2177 1783 2560
1474 1937 1663 2097
200 0 1806 794
200 0 1806 771
1234 422 1537 988
1234 583 1388 794
548 2029 845 2435
565 2029 845 2395
565 2029 845 2337
565 2029 754 2337
565 2160 754 2337
2114 354 2372 565
857 817 1011 954
1268 422 1537 988
1371 737 1537 988
0 1074 1240 2858
131 1914 440 2257
131 1914 440 2177
2114 354 2274 565
1268 422 1497 765
1520 0 1806 194
1520 0 1749 194
1537 2177 1754 2452
617 966 874 1268
2086 1171 2303 1303
2086 1171 2206 1303
811 114 1886 1474
1486 834 1697 1103
754 1206 1771 2858
1131 1726 1469 2172
1571 583 1691 725
925 1983 2029 2858
1034 1017 1423 1400
1034 1017 1383 1337
1034 1017 1383 1280
754 2354 971 2858
754 2486 971 2858
754 2515 971 2858
754 2515 943 2806
200 0 1731 771
1131 1823 1383 2172
0 1554 1240 2858
0 1074 1000 2452
440 1211 1000 1857
440 1211 754 1577
1571 1188 2446 2858
1886 171 2143 800
657 1354 1000 1857
1549 0 1749 194
0 0 1040 1457
0 2417 354 2858
0 2417 257 2858
120 2417 257 2823
120 2623 251 2823
0 1074 548 2452
560 817 777 1188
623 817 777 1188
1108 2395 1377 2623
1108 2395 1268 2572
1663 491 1823 628
1394 2366 1577 2709
1731 1046 2120 1594
1731 1188 2120 1594
291 0 760 182
291 0 714 182
0 1983 240 2452
1291 422 1497 765
1326 485 1486 765
0 308 222 594
1057 1017 1383 1251
891 1206 1771 2715
0 1074 548 2229
2292 2320 2446 2475
342 754 560 1080
1571 1188 2383 2217
1886 171 2132 800
1960 440 2132 800
200 137 554 503
200 137 554 377
200 137 434 302
1634 0 2446 1217
1040 1914 1417 2463
1040 1972 1417 2463
1217 1972 1417 2194
211 0 1731 771
1028 0 1731 440
1028 0 1394 302
657 1354 1000 1783
811 691 1383 1411
1211 0 1731 440
811 691 1291 1411
851 691 1291 1343
1360 0 1731 337
1040 2120 1400 2463
931 2257 1320 2715
0 2229 697 2766
0 2229 308 2755
0 2229 274 2755
125 2229 274 2469
960 691 1291 1188
1783 0 2446 1217
1571 1188 2383 2092
1571 1737 1811 2092
891 1206 1771 2526
891 1206 1560 1909
891 1206 1520 1909
1737 1251 2120 1594
211 0 1257 771
925 2532 1308 2858
908 114 1886 1474
1314 1057 1623 1326
354 331 994 771
342 817 560 1080
628 817 777 1137
891 1206 1514 1909
62 1074 257 1217
1686 1188 2383 1806
1954 1188 2383 1806
1989 1188 2383 1709
211 0 1257 680
188 1554 1240 2858
354 331 920 771
0 0 462 1217
1737 1274 1972 1594
1383 0 1560 228
674 1354 1000 1634
674 1354 834 1577
1211 1983 2029 2858
925 2532 1268 2858
1023 2532 1268 2858
1040 2120 1400 2349
2017 1188 2383 1703
0 1194 548 2229
0 1194 548 2017
45 1983 240 2366
45 1983 240 2286
188 2532 794 2858
394 0 1257 680
1263 1234 1771 2526
1394 1234 1749 1646
262 491 1040 1457
503 1137 880 1457
188 2532 697 2858
194 2532 697 2858
314 2532 697 2858
1789 0 2446 1217
1783 0 2092 411
0 0 462 1177
0 0 462 1126
931 2257 1291 2715
251 1554 1240 2652
331 1932 537 2286
320 1554 863 2052
320 1554 863 2023
422 1554 863 1949
422 1554 674 1949
1297 1983 2029 2858
440 1211 645 1509
891 1291 1514 1909
703 1554 1217 2063
811 1554 1217 1954
960 1617 1217 1903
1263 1583 1771 2526
1263 1800 1623 2526
0 2332 217 2755
0 2423 217 2755
0 2423 160 2755
0 1194 548 1891
1051 554 1320 765
1777 1983 1972 2172
520 1206 880 1457
1057 1017 1308 1251
308 2269 697 2766
1297 2040 2029 2858
1297 2143 2029 2858
1686 1480 2000 1789
1520 1583 1771 1914
1520 1634 1697 1914
262 491 1040 1331
725 634 1040 1326
725 805 1040 1326
811 1554 1040 1954
1137 1366 1514 1909
1137 1366 1514 1794
1137 1366 1514 1737
251 1886 1240 2652
445 1886 1240 2652
908 114 1880 874
908 240 1303 874
1777 1240 2446 2858
514 2532 697 2858
0 1194 514 1891
0 1451 503 1891
228 1474 503 1891
1777 1240 2446 2143
0 142 462 1126
1000 2257 1291 2715
811 1657 1006 1954
725 983 1040 1326
1789 0 2446 1200
2052 0 2446 1200
1520 2040 1800 2297
320 1800 554 2023
2103 0 2446 1200
2103 0 2377 382
2114 200 2446 1200
262 491 783 1331
262 954 605 1331
1183 2120 1400 2343
0 1869 182 2229
491 1914 1240 2652
491 2194 885 2652
2017 1188 2383 1457
1251 371 1886 1474
434 0 1257 680
748 0 1257 680
834 0 1257 302
491 2194 885 2589
1566 1046 1817 1474
440 491 783 1028
440 663 783 1028
1829 1251 2120 1543
1251 371 1886 1188
1663 737 1886 1188
1211 51 1423 440
1286 114 1880 537
1286 114 1651 537
354 348 920 771
1789 611 2177 1063
354 348 788 771
560 2194 885 2520
434 0 920 537
0 0 182 394
2114 200 2446 1126
2114 200 2446 1011
1394 1234 1749 1554
0 1451 302 1886
1251 371 1771 1166
1251 531 1771 1166
1251 645 1674 1166
1451 531 1771 966
1211 2572 1417 2777
1817 1617 2446 2858
434 0 920 440
434 68 857 440
1926 1617 2446 2858
