0 0 2448 3263
2226 2937 2421 3198
1364 1703 1703 1991
1723 2637 1932 3107
1364 1703 1671 1958
0 0 998 3263
659 0 2448 3263
2141 1618 2363 1893
1964 1880 2258 2173
1919 0 2167 267
1168 0 1514 163
1181 0 2448 3263
1148 1605 1403 1997
1148 1736 1403 1997
659 0 1775 3263
1964 1122 2147 1455
1638 1370 2082 1853
2199 1148 2448 1292
1044 430 1305 620
2147 1919 2448 2500
1638 1462 2082 1853
1638 1664 1893 1853
2186 2793 2448 3179
2212 2793 2448 3087
1181 0 2448 1736
1312 1462 2448 3263
1181 0 2448 1723
998 2474 1279 2833
1070 2480 1279 2833
1592 2519 1847 2872
1592 2585 1749 2872
169 2193 391 2376
2141 1377 2448 1553
1671 992 2010 1168
1684 0 2448 430
1801 815 2036 1018
2284 1808 2448 2147
1312 1769 2448 3263
1808 1769 2049 2075
1873 1462 2350 1964
1873 1521 2186 1964
1873 1631 2186 1964
1312 1899 2448 3263
1390 391 1690 567
848 894 1194 1416
1266 1782 1664 2082
1266 1873 1664 2082
1181 0 2448 1377
1671 665 1893 1064
2075 228 2448 600
1671 835 1893 1064
254 39 483 195
1396 966 2102 1723
1357 1782 1658 1991
626 1834 920 2258
718 1834 920 2212
496 202 633 424
1299 483 1853 874
1671 913 1893 1064
1553 515 1853 776
1553 587 1853 776
26 1024 587 1710
65 3028 293 3263
1396 966 2102 1618
1175 2278 1775 3263
1175 2382 1775 3263
1279 2428 1775 3263
1279 2428 1742 3179
1240 2931 1410 3133
0 2304 241 2513
1455 1899 1932 2356
1455 1899 1932 2278
1481 1899 1932 2278
1449 71 2448 1377
1449 71 2206 737
1547 332 1971 737
659 0 1599 3263
1312 2075 2448 3263
1618 2624 1795 2983
1181 0 1971 548
1449 71 2206 607
1449 71 2095 607
1449 71 1971 587
1566 71 1971 587
1847 470 2448 1377
1951 907 2271 1142
0 2937 254 3263
1658 2075 2448 3263
1729 2258 2115 2480
1658 2310 2448 3263
2134 2617 2350 2754
1194 815 1599 1390
1658 2428 2448 3263
1736 2428 2448 3263
1736 2428 2206 3139
1736 2591 2206 3139
1736 2591 2206 3074
1769 2748 2206 3074
1769 2748 2134 3074
515 1240 750 1455
1396 966 1977 1618
2023 2937 2448 3263
1886 2075 2310 2461
1312 2115 1847 2585
874 894 1194 1416
1847 470 2448 1266
1847 470 2448 1096
1847 470 2448 953
1847 633 2415 933
1181 130 1586 548
1181 130 1494 548
156 1024 587 1710
156 1024 587 1631
156 1057 587 1631
1396 966 1919 1618
1259 130 1494 548
1259 130 1494 359
1396 1253 1553 1481
1266 0 1971 182
1266 0 1710 182
0 1364 998 3263
1886 2075 2212 2356
1958 2115 2212 2356
1775 378 2082 522
0 1736 998 3263
0 1364 920 2258
1410 966 1919 1553
659 0 1547 3263
659 0 1351 1429
0 1736 959 3263
698 2970 998 3263
0 2467 365 3074
0 2558 365 3074
130 1736 959 3263
1299 483 1716 874
0 2650 365 3074
182 1057 587 1618
724 1383 1547 3263
724 2493 1507 3263
724 2585 1122 3263
1351 2212 1847 2585
770 1383 1547 2650
1579 1051 1919 1553
0 0 861 2030
0 1540 313 2030
0 1697 221 2030
0 1736 156 2030
0 0 861 1697
0 1233 228 1697
0 1253 228 1697
770 1553 1410 2650
659 0 1318 1429
737 0 1318 1364
2258 470 2448 953
0 0 861 1305
1044 2493 1507 3263
1299 483 1710 874
1077 2493 1507 3263
1077 2493 1507 3074
979 1912 1410 2304
1279 2513 1742 3179
300 1834 535 2069
1396 1148 1723 1618
2128 874 2448 1096
659 1096 894 1429
235 1188 587 1618
1077 2493 1410 3074
757 0 1318 1364
770 1553 1266 2650
0 2650 365 2983
0 2650 241 2983
770 1553 1142 2650
1971 0 2448 352
907 1383 1547 1782
345 1357 528 1664
907 1383 1442 1769
757 0 1318 646
985 0 1318 483
1024 0 1318 483
1024 0 1318 424
1024 0 1286 280
1181 1396 1442 1638
1971 19 2448 352
0 1364 855 2258
365 1364 855 1834
0 1645 476 2258
770 496 1299 1364
770 496 1286 1175
241 0 861 1305
0 1645 476 2173
13 1645 476 2173
13 1645 476 2056
757 0 1116 646
150 1736 959 3263
215 2624 456 3002
248 1736 822 2245
554 1932 822 2245
0 0 672 1279
319 907 600 1279
398 998 600 1279
248 1736 822 2147
1103 2493 1410 3074
365 1364 835 1834
248 1736 757 2147
300 1736 757 2147
300 1795 757 2147
300 1795 705 2147
365 1364 835 1690
489 1390 835 1651
881 2585 1122 3263
150 2075 959 3263
345 2075 620 2284
150 2212 959 3263
150 2212 959 3153
150 2212 900 2774
150 2252 633 2774
267 2252 633 2663
0 0 672 1246
770 1553 1142 2434
874 894 1129 1331
0 0 672 1168
0 0 672 998
0 0 404 470
163 169 372 470
32 0 672 998
32 626 391 998
221 0 672 809
456 0 861 639
580 0 861 639
580 0 861 483
0 1253 221 1697
241 626 822 1305
326 2252 633 2663
0 0 404 261
13 1645 404 1951
0 0 306 261
241 626 822 1129
221 0 659 809
221 215 659 809
248 3126 378 3263
1507 3087 1775 3263
130 3048 293 3263
2023 3035 2363 3263
1658 3035 1893 3263
1292 3015 1468 3263
698 3002 998 3263
2226 2989 2382 3198
1396 2970 1547 3263
842 2970 992 3113
1658 2963 2069 3263
110 2957 326 3133
2010 2950 2186 3139
2317 2937 2448 3263
254 2937 463 3211
0 2937 130 3263
1259 2931 1410 3133
2212 2918 2369 3087
1880 2918 2023 3087
1044 2904 1377 3263
306 2898 770 3263
1769 2852 2075 3074
535 2852 724 3009
176 2839 339 2976
1044 2820 1181 2996
326 2820 456 3002
881 2787 1122 3263
182 2787 365 2924
2088 2774 2421 2957
1103 2761 1410 3074
1886 2748 2134 2963
1618 2748 1756 2983
1729 2741 1932 3107
1442 2676 1742 3179
91 2656 241 2793
0 2650 228 2983
1246 2637 1507 3028
1618 2624 1795 2813
215 2624 424 2872
724 2611 1064 2820
1736 2591 2147 2891
2173 2572 2448 2807
450 2558 620 2702
0 2558 143 2735
1116 2545 1279 2833
150 2545 339 2774
1514 2532 1703 2696
1697 2519 1847 2683
1279 2513 1547 2722
306 2513 959 3153
1135 2493 1331 2780
1938 2487 2160 2669
0 2467 235 2637
267 2454 430 2643
2239 2448 2448 2643
391 2434 633 2663
1756 2428 1945 2624
1390 2428 1573 2669
143 2428 339 2572
1534 2408 1834 2585
1912 2402 2115 2545
1325 2389 1468 2539
574 2389 940 2611
1175 2382 1331 2585
1880 2376 2173 2637
78 2363 241 2513
2082 2323 2343 2513
2154 2317 2310 2461
868 2317 1129 2650
1951 2310 2356 2669
130 2310 417 2513
0 2304 182 2500
1729 2291 2115 2480
1116 2284 1246 2513
1175 2278 1318 2415
1729 2258 1873 2415
326 2252 567 2500
1351 2212 1847 2513
483 2212 900 2532
2232 2199 2448 2500
483 2186 646 2317
1527 2180 1710 2356
2180 2173 2350 2402
2004 2173 2212 2356
1240 2141 1390 2337
1958 2115 2199 2258
1312 2115 1475 2310
345 2115 535 2284
0 2108 261 2369
554 2088 822 2245
1886 2075 2075 2239
404 2075 620 2252
104 2056 332 2258
789 2049 920 2212
1129 2036 1410 2304
1455 2023 1658 2278
248 1964 398 2128
1964 1932 2186 2173
652 1932 809 2128
300 1932 705 2147
58 1932 274 2173
2147 1919 2448 2258
1266 1919 1501 2082
979 1912 1233 2297
1481 1906 1762 2180
1651 1899 1932 2278
1867 1886 2049 2075
2095 1880 2258 2030
1370 1873 1664 2023
2284 1867 2448 2147
587 1860 757 2030
0 1860 156 2030
718 1834 874 2115
378 1834 535 1977
1501 1821 1658 1991
2186 1808 2323 1951
417 1795 613 1971
156 1788 476 2056
2141 1762 2291 1893
1703 1736 1880 1893
1148 1736 1383 1991
509 1736 685 1958
13 1729 228 1951
770 1710 972 2010
1024 1703 1266 1919
1638 1677 1769 1853
1873 1651 2186 1964
1481 1651 1651 1788
561 1645 691 1834
195 1645 404 1899
1938 1631 2082 1808
678 1631 855 1821
411 1631 587 1834
2199 1618 2363 1886
267 1612 489 1795
2265 1605 2448 1893
1181 1605 1377 1801
202 1573 332 1710
809 1553 1142 2434
1429 1540 1729 1723
1351 1540 1547 1782
143 1540 313 1723
2284 1534 2448 1736
2004 1521 2180 1716
345 1521 528 1664
71 1501 228 1631
1286 1488 1442 1638
156 1488 300 1631
2056 1462 2350 1775
1703 1462 2082 1749
639 1462 920 1729
1697 1455 1867 1638
613 1455 750 1638
1096 1449 1286 1762
626 1423 835 1566
2212 1403 2448 1553
0 1403 182 1697
1181 1396 1357 1631
489 1390 685 1651
2004 1383 2284 1547
907 1383 1201 1769
1834 1370 1964 1605
365 1364 639 1690
1396 1357 1723 1618
345 1357 496 1527
2102 1344 2448 1481
1292 1344 1553 1521
1925 1299 2102 1507
1488 1299 1631 1501
607 1299 750 1455
235 1299 456 1618
1788 1253 1977 1403
6 1253 221 1553
966 1240 1194 1416
2108 1214 2434 1377
1168 1201 1351 1423
685 1201 1135 1671
659 1188 894 1429
300 1188 587 1364
26 1181 215 1344
1677 1175 1919 1553
1312 1175 1468 1390
2297 1148 2448 1292
1442 1148 1677 1410
1964 1122 2128 1351
1893 1116 2075 1299
705 1096 848 1312
2108 1057 2382 1266
587 1057 783 1305
182 1057 385 1318
1579 1051 1893 1312
1129 1024 1299 1364
352 1024 483 1266
0 1011 254 1246
1840 998 2010 1168
417 998 600 1220
1671 992 1991 1148
1005 972 1181 1253
1410 966 1658 1207
874 966 1129 1331
2128 940 2382 1096
1951 933 2212 1142
1671 920 1827 1064
1618 907 1808 1064
319 907 509 1122
1886 900 2167 1220
0 900 143 1037
913 894 1129 1037
1860 881 2036 1018
2271 874 2448 1083
1742 835 1893 998
1194 815 1599 1220
1188 809 1370 972
528 802 822 1129
1299 796 1488 979
163 796 378 1168
750 789 907 1207
58 783 215 998
1880 770 2095 940
1553 770 1742 979
2167 757 2310 933
2291 731 2448 953
691 724 829 868
1011 678 1253 940
1677 665 1880 913
737 652 900 802
2173 633 2415 815
1847 633 2193 933
1220 633 1364 829
241 626 750 1018
32 626 391 855
1553 613 1814 776
1299 594 1690 874
672 574 842 718
1769 554 1958 737
0 554 228 737
1932 528 2323 698
1246 528 1455 672
221 528 594 809
1410 483 1710 672
2258 470 2448 783
1899 470 2095 607
1618 450 1899 594
1103 430 1305 620
65 430 248 626
757 417 907 646
1977 404 2206 607
1390 391 1573 567
1775 378 1971 522
613 365 842 639
1344 359 1553 574
2069 345 2206 528
528 345 672 561
1070 339 1299 483
1547 332 1971 639
189 319 372 470
0 319 241 600
1286 306 1475 548
1566 261 1958 587
267 261 417 430
2121 221 2297 385
1423 221 1586 430
1077 215 1318 424
313 215 659 665
1481 208 1625 339
1364 202 1494 359
607 189 861 483
1259 176 1481 359
163 169 339 365
0 156 195 430
1142 150 1331 313
1684 130 2082 430
2219 91 2448 352
1449 84 1671 319
1605 71 1971 306
1024 65 1181 280
110 65 306 261
2284 58 2448 208
1971 19 2258 345
2167 0 2389 143
1945 0 2167 150
1925 0 2128 137
1168 0 1416 163
1090 0 1286 176
796 0 1116 574
580 0 855 241
313 0 626 274
176 0 404 137
0 0 195 202
724 0 2448 3263
0 0 1370 3263
2141 678 2337 881
1651 1318 1867 1638
966 0 2448 2807
724 1651 2448 3263
1742 835 2010 1168
724 1677 2448 3263
1938 1521 2180 1808
2004 1077 2448 1553
2199 1077 2448 1364
2004 1344 2448 1553
1064 1449 1286 1795
2108 835 2304 1031
1175 2278 1396 2421
1364 1651 1651 1808
1579 450 1899 620
2173 2572 2448 3263
1697 2519 1847 2839
2056 2650 2212 2839
724 1677 2421 3263
1566 1677 1912 1977
1566 1677 1880 1977
724 1899 2421 3263
966 0 1710 2356
2199 1077 2448 1292
0 0 1370 1664
0 1188 1201 3263
2186 2793 2448 3263
1592 2585 1795 2983
2082 2317 2343 2513
1103 430 1455 672
1246 515 1455 672
1729 2193 2023 2415
1638 1677 1880 1977
1638 1677 1880 1893
1566 1736 1742 1958
1938 2950 2186 3139
1168 1201 1351 1455
724 2310 1181 3263
1266 0 2448 2807
1742 835 1893 1005
724 2317 1181 3263
979 1899 2421 3263
1951 1853 2186 2173
0 2304 241 2545
1396 228 2448 2807
1410 554 2167 1351
1886 900 2167 1351
1893 1116 2128 1351
1370 1801 1664 2023
1410 554 2036 1207
1410 554 1958 1207
1553 554 1958 979
1266 0 2448 587
0 0 1370 1364
705 789 907 1325
104 2056 391 2376
1756 2376 2173 2669
2102 1344 2448 1553
1266 0 2206 587
1266 0 2128 587
1266 0 2128 182
1266 0 2128 137
1553 554 1958 913
1729 1534 2448 2807
1867 1886 2134 2239
1175 2382 1468 2585
169 2128 391 2376
0 1233 332 2030
0 1233 326 2030
1396 1253 1631 1501
1410 1801 1658 1991
345 1240 750 1664
345 1240 633 1664
345 1312 580 1664
1677 554 1958 913
1286 1488 1547 1782
1148 1736 1710 2356
1148 1736 1573 1991
2186 1534 2448 2147
966 0 1710 1919
1142 130 1494 359
705 789 907 1312
2226 2793 2448 3263
1729 1880 2448 2807
1729 1919 2448 2807
2121 2617 2415 2807
2186 1605 2448 2147
2226 2937 2448 3263
1880 2376 2173 2669
143 2428 430 2643
1396 228 2448 1964
1847 228 2448 1455
1148 1919 1710 2356
1266 1919 1710 2356
496 202 672 561
528 287 672 561
1847 228 2448 1377
1677 0 2128 137
117 1312 319 1631
117 1312 319 1560
1396 920 2350 1964
1396 1357 1729 1723
0 698 254 1090
0 698 215 1037
0 783 215 1037
0 1645 998 3263
65 2787 365 3263
0 0 861 1364
26 1024 587 1364
195 1188 1201 2434
195 1834 535 2173
1410 907 1808 1207
235 1188 1201 2434
195 1964 398 2173
1899 404 2206 607
1148 1736 1403 1991
1769 2748 2421 3263
737 0 1370 1331
1579 920 2350 1964
1579 920 1991 1312
1729 1919 2448 2669
1729 2115 2356 2669
1677 1175 2350 1964
1769 2748 2363 3263
1886 2748 2363 3263
1769 2852 2075 3087
1024 0 1690 574
1024 65 1690 574
1886 2010 2134 2239
744 789 907 1207
724 2317 1129 3263
979 1899 2147 3263
607 1586 809 1775
1044 2408 2147 3263
0 2558 221 2735
1671 920 1991 1148
1847 633 2448 1377
1070 202 1690 574
1214 202 1690 574
2265 1605 2448 2147
182 1024 587 1364
300 1024 587 1364
1951 731 2448 1377
0 1233 313 2030
0 1233 313 1880
0 1233 313 1795
0 1233 313 1723
1932 228 2448 698
0 1233 221 1697
1344 202 1690 574
1364 202 1690 567
1364 202 1586 430
979 1899 1932 2513
235 1299 691 1834
235 1299 587 1834
235 1299 489 1795
65 2839 339 3263
65 2839 339 3224
770 0 1370 1331
1847 633 2310 933
2147 1919 2448 2643
189 319 372 567
966 483 1710 1919
1024 1344 1553 1919
1455 2023 1710 2356
254 2115 998 3263
345 2115 887 2317
345 2115 646 2317
1951 874 2448 1377
2108 1057 2434 1377
966 483 1710 1416
2023 2885 2363 3263
1116 2258 1286 2513
1703 1462 2350 1964
1129 483 1710 874
1024 1396 1377 1919
254 2212 998 3263
300 1188 1201 2434
1044 2428 2147 3263
1658 2591 2147 3263
1220 483 1710 874
1116 2284 1259 2513
1951 874 2448 1142
1951 933 2382 1142
0 1645 476 3263
979 1912 1475 2310
1070 215 1318 483
365 1586 587 1834
254 2820 463 3211
1729 2291 2356 2669
724 2611 1122 3263
1044 2428 1775 3263
1070 2480 1279 2859
306 2212 998 3263
65 2839 339 3074
966 815 1677 1416
966 1024 1299 1416
1729 2591 2147 3107
365 1188 1135 2010
678 1631 972 2010
1351 1899 1932 2513
300 1383 1201 2434
300 1736 874 2252
1194 815 1677 1410
0 1645 476 2983
365 1188 1135 1729
0 1645 476 2637
300 1736 874 2147
0 2545 339 2983
0 1645 476 2513
221 0 861 1305
770 0 1286 1331
1442 2676 1775 3263
0 430 391 1246
0 554 391 1246
0 626 391 1246
1312 1148 1677 1410
1044 2428 1573 3263
1044 2761 1410 3263
489 1188 1135 1729
1181 1396 1377 1801
1135 2428 1573 3028
1246 2428 1573 3028
1246 2513 1547 3028
300 1782 874 2147
1677 1175 1977 1553
809 1383 1201 2434
32 626 391 1168
0 0 404 430
0 0 404 365
0 0 404 202
770 496 1286 1331
587 1782 874 2115
110 65 339 365
306 2898 998 3263
0 2108 417 2513
156 1645 476 2056
587 1834 874 2115
319 802 822 1305
639 1188 1135 1729
639 1201 1135 1729
417 802 822 1305
306 2212 959 3153
221 0 861 1018
417 802 822 1220
221 215 750 1018
313 0 861 483
313 0 750 274
326 2212 900 2663
221 528 750 1018
1292 3074 1534 3263
2121 2800 2421 3061
1083 1736 1403 1991
1919 32 2154 267
0 0 1005 3263
1396 1357 1769 1612
1494 3087 1769 3263
1880 907 2167 1507
1893 1018 2154 1507
2160 2317 2350 2519
1155 1736 1403 1991
1893 1018 2128 1410
1951 1018 2128 1338
1168 0 2448 3263
659 0 1964 3263
1155 1736 1396 1964
1429 1318 2317 1977
1429 1318 2317 1958
1527 2474 1703 2689
1377 1645 1651 1801
2069 2683 2408 2852
1272 1703 1886 1925
1534 1729 1886 1925
1259 2931 1521 3237
1259 2970 1521 3237
2147 1991 2408 2513
2186 2800 2448 3205
1429 1318 2082 1840
1429 1318 2082 1756
770 2219 959 2467
1769 1775 2023 2075
1429 1318 2082 1742
2245 2800 2448 3205
1984 1377 2337 1703
1984 1377 2337 1690
221 1253 587 1455
293 1299 587 1455
659 0 1592 3263
1436 1782 2448 3263
1168 0 2448 1899
1436 1808 2448 3263
2075 2611 2337 2741
1788 0 2402 456
979 496 1964 3120
979 1821 1847 3120
1227 71 2448 1899
979 1912 1847 3120
1227 221 2448 1899
0 319 241 561
241 1031 424 1272
1377 1821 1625 2075
1018 496 1964 1964
1018 496 1964 1899
1436 1808 2350 2663
1227 228 2448 1899
2193 1364 2448 1899
267 1521 567 1795
1527 2363 2448 3263
1227 228 2448 1507
1116 496 1964 1775
979 1912 1808 3120
1227 228 2448 1501
1410 228 2448 1501
1906 228 2448 1377
1436 1808 2337 2408
1507 1880 2337 2408
1507 2167 1899 2408
1507 2167 1795 2408
1612 2363 2448 3263
1436 1808 1762 2291
1612 2363 2167 3087
1612 2363 2167 2983
1736 2363 2167 2722
1729 2872 2448 3263
1729 2872 2173 3263
1873 1880 2337 2363
1410 567 2389 1501
1227 319 2206 665
1925 0 2402 345
1925 0 2402 261
1971 0 2402 261
1873 2062 2206 2363
515 1396 835 1684
1442 2402 1808 3120
979 1912 1756 2585
979 1912 1756 2545
1586 567 2389 1096
1586 567 2023 1096
1834 633 2389 1005
1834 633 2389 953
1873 2115 2206 2363
1736 2363 2082 2722
2088 1070 2448 1377
0 0 855 2369
0 0 855 2258
0 1024 639 2258
0 1024 639 2173
0 1886 274 2173
267 1566 489 1795
0 2474 352 3107
0 2474 235 3107
0 2526 176 3107
71 2846 326 3133
110 2872 326 3133
91 2624 339 3022
1227 319 2102 665
2088 1135 2408 1377
6 1024 639 2069
0 0 855 2030
0 1540 319 2030
0 1729 156 2030
130 1645 1005 3263
1070 2193 1573 3061
0 0 855 1697
1116 1240 1560 1775
6 1057 639 2069
1906 228 2448 1103
0 2650 176 3107
1129 1240 1560 1775
1129 1370 1534 1775
659 0 1592 1690
254 45 483 228
1168 2043 1756 2545
1286 2265 1756 2545
659 0 1279 1690
659 261 1279 1690
1168 0 1971 313
691 1462 1370 3263
1168 2043 1481 2310
182 1645 1005 3263
0 156 221 430
398 1057 783 1540
2030 3015 2448 3263
489 1057 783 1540
6 1286 639 2069
0 1214 248 1697
0 1253 248 1697
0 0 855 1246
0 430 398 1246
659 0 1240 1429
757 0 1240 783
691 1462 966 2017
110 1286 639 2069
208 1331 639 2069
208 1364 639 2069
515 1057 783 1449
0 0 404 267
0 39 306 267
757 0 1240 691
248 1645 848 2284
248 1645 848 2252
300 1645 848 2252
300 1775 705 2252
169 0 855 1129
757 0 1037 691
659 678 913 1429
0 430 398 1070
195 0 855 1129
0 430 398 855
0 430 398 815
6 1645 404 1971
1618 3120 1769 3263
1494 3087 1710 3263
1710 3074 1899 3263
1292 3074 1449 3263
2030 3055 2369 3263
130 3055 293 3263
1527 3022 1677 3179
1729 2976 2173 3263
1651 2970 1782 3113
1259 2970 1416 3159
2245 2963 2408 3205
1880 2911 2017 3094
2010 2885 2212 3094
326 2839 456 3022
176 2839 339 3022
2121 2800 2421 2983
163 2761 352 2911
1997 2722 2173 2898
2069 2683 2408 2846
1429 2650 1560 2813
0 2650 176 2983
1612 2624 1769 2983
91 2624 228 2852
2154 2611 2337 2741
1710 2604 2069 3087
1442 2585 1756 3120
1697 2552 1847 2683
1527 2539 1684 2689
124 2539 326 2787
0 2526 176 2741
1736 2506 2082 2722
2212 2493 2356 2637
52 2474 235 2630
2265 2454 2448 2637
156 2428 339 2578
1070 2421 1573 3061
1749 2415 1893 2624
711 2415 920 2578
1938 2408 2186 2669
1912 2408 2167 2676
1547 2402 1808 2585
1357 2402 1507 2585
1410 2369 1612 2545
2232 2330 2408 2513
2160 2317 2317 2506
1997 2304 2350 2663
0 2304 241 2500
1194 2284 1396 2421
1286 2265 1756 2467
1729 2258 2115 2441
770 2252 900 2467
1507 2199 1664 2408
1873 2193 2186 2363
1109 2193 1338 2519
1625 2167 1795 2310
1240 2141 1390 2278
130 2128 417 2513
1912 2115 2206 2317
345 2115 509 2284
