0 0 2448 3263
998 1272 1364 1631
0 365 1951 3263
1299 776 1436 1305
0 404 1951 3263
842 365 1351 567
953 365 1351 567
0 404 1899 3263
0 2147 1899 3263
254 404 1618 2702
724 1057 894 1566
254 1233 829 2284
483 404 1618 2702
711 842 933 1383
652 1344 1312 2278
652 1351 1312 2278
483 776 1618 2702
855 1351 1312 1814
855 776 1390 1031
855 776 1390 1018
483 933 1618 2702
842 933 1442 1867
483 1625 1618 2702
842 933 1377 1462
483 1625 1116 2421
711 404 1351 887
842 933 1351 1462
861 2252 1116 2421
652 1455 1259 2278
1155 1240 1351 1449
842 933 1272 1462
483 1625 940 2402
483 1834 940 2402
483 2010 940 2402
842 933 1259 1462
829 476 1168 763
1932 2826 2448 3263
1599 2715 1886 2957
705 2376 1168 2715
861 2258 1018 2415
985 2252 1116 2421
678 2173 940 2402
483 2010 724 2337
1057 1964 1286 2239
652 1834 1207 2278
574 1834 705 2049
992 1736 1618 2702
620 1625 770 1873
718 1455 1259 2108
913 1449 1312 1814
998 1364 1338 1527
855 1351 1305 1521
1253 1279 1442 1867
724 1233 855 1566
306 1233 829 2284
1044 1011 1259 1429
842 933 1122 1462
711 842 881 1122
855 835 1240 979
1233 802 1370 998
887 776 1390 1018
718 698 874 966
848 594 1070 750
1044 574 1220 737
1135 548 1403 894
940 548 1129 678
953 476 1351 861
737 437 933 691
757 430 1325 685
1220 411 1351 567
711 404 1122 887
711 842 894 1631
711 842 894 1566
737 398 1188 691
254 365 1442 2284
1135 548 1442 1945
1135 548 1436 1305
0 1736 1951 3263
254 365 1390 2284
711 365 1390 2108
711 365 1390 1521
1188 802 1442 1945
0 1736 1899 3263
711 404 1390 1521
711 404 1390 1488
1188 998 1318 1266
711 842 894 1357
1188 868 1442 1945
1188 1279 1442 1945
855 1318 1305 1521
711 404 1390 1449
718 1449 1312 2108
718 698 1122 1462
483 1736 1618 2715
1044 972 1351 1449
1044 1011 1351 1449
711 404 1390 1018
574 1625 770 2049
757 430 1351 861
940 502 1181 678
678 1736 1618 2715
678 2173 1168 2715
678 2173 1116 2421
1057 1964 1338 2323
483 1834 1207 2337
678 2173 1018 2415
254 359 1599 2963
254 1396 1599 2963
705 359 1396 1573
254 1912 1599 2963
254 2010 1599 2963
848 594 1077 757
541 881 894 2036
639 2154 1116 2421
705 359 1390 1573
763 385 1351 607
783 868 1377 1573
783 868 1377 1475
848 933 1377 1475
639 2154 1116 2408
639 2154 1116 2323
705 359 1390 887
757 359 1390 887
757 450 1325 887
822 456 1318 783
822 476 1181 783
639 2154 1051 2323
848 933 1351 1475
822 483 1129 783
750 2715 992 2878
515 2526 783 2833
829 2258 1018 2408
1390 2226 1521 2408
639 2173 913 2323
522 2173 672 2337
985 2167 1116 2317
1103 1912 1240 2075
1037 1423 1318 1599
652 1396 1272 2206
815 1331 1305 1573
1148 1279 1410 2134
541 1233 894 2036
1090 1083 1351 1475
1214 1057 1377 1325
894 1024 1031 1377
848 933 1272 1462
1214 822 1377 1266
868 822 1103 979
718 672 848 920
894 652 1396 1011
861 607 1057 744
1109 456 1318 698
1201 411 1351 567
705 404 933 835
1129 385 1351 607
1103 359 1390 789
868 776 1272 979
802 359 1390 789
1148 1279 1410 2206
254 450 1599 2963
652 450 1396 2206
718 450 1396 1573
718 450 1325 1573
718 450 1325 1462
815 1318 1305 1573
718 672 1272 1462
894 652 1396 1475
1090 822 1377 1475
718 672 874 972
1214 822 1377 1325
940 476 1181 691
2258 1122 2448 1514
881 1390 1331 1723
855 594 1161 815
313 1377 541 1527
1834 1455 2056 1762
450 163 1631 1488
1370 848 1827 1664
1370 848 1729 1664
1266 411 1631 789
450 163 1494 1488
450 1024 835 1488
450 1024 829 1325
1410 1984 1579 2278
2049 2415 2212 2767
737 652 1396 979
594 2532 1077 3263
594 2624 1077 3263
594 2624 966 3263
567 163 1494 1266
567 411 1325 1266
2095 1344 2448 1938
2193 1344 2448 1938
0 2134 163 2382
874 652 1396 979
874 724 1383 979
874 776 1383 979
1057 1808 1240 2160
1161 2284 1377 2611
2245 1475 2448 1938
2245 1645 2448 1938
959 84 1227 365
959 84 1214 306
2147 959 2448 1299
770 450 1325 698
594 2624 894 3133
594 2624 894 3035
959 1390 1331 1723
1161 2284 1377 2493
567 411 829 1266
45 372 398 620
1325 1037 1468 1638
2271 959 2448 1214
567 574 815 1266
594 796 815 1266
1586 1488 1729 1664
2206 2428 2448 2800
2317 2434 2448 2800
1181 3055 1690 3263
417 3074 894 3263
515 3074 894 3263
2206 2010 2448 2382
1292 169 1664 496
1292 293 1566 496
1410 691 2206 1840
1449 691 2206 1501
1631 1168 2206 1501
1410 1442 1938 1840
1756 124 2448 731
1899 124 2448 731
1697 2709 2069 3002
1299 1964 1873 2617
1299 2108 1873 2617
1299 2186 1677 2617
1403 2186 1677 2434
1449 691 2088 1201
1449 691 2088 1148
0 718 463 1175
1410 1455 1938 1840
509 476 1364 2572
509 685 1005 2572
1449 691 1756 1148
509 848 1005 2572
737 848 992 1853
737 848 940 1697
0 1253 515 1964
881 809 2376 2389
1501 1233 2376 2389
1501 1233 2376 2363
1501 1233 2376 2226
1501 1233 2317 2226
1534 2108 1873 2467
1534 2108 1756 2369
0 718 463 1057
0 718 463 972
176 802 463 972
1958 3022 2232 3231
881 809 1566 2010
97 1312 515 1964
267 1618 463 1788
509 1325 1005 2572
672 1325 874 2004
1449 796 1756 1148
1938 1233 2317 1723
881 809 1383 1932
966 1383 1370 1932
1586 1455 1938 1840
1299 2382 1664 2617
1958 3022 2160 3211
1501 1697 2284 2226
509 1919 1005 2572
580 1919 1005 2448
580 1919 1005 2402
580 1991 1005 2402
672 1991 1005 2402
685 1991 1005 2252
1455 796 1756 1044
1729 848 2088 1037
2088 1631 2376 1873
1919 124 2448 731
1919 124 2448 633
1919 124 2448 417
97 1312 515 1932
97 1312 515 1827
881 809 1383 1501
763 476 1364 842
1501 1808 2284 2226
0 0 2448 1481
1299 3061 1690 3263
97 1312 476 1664
1579 940 1971 1214
0 1410 2448 3263
2095 2304 2448 2924
2115 2304 2448 2924
319 1501 515 1827
2115 0 2271 182
776 2715 1070 3120
0 541 705 1481
0 541 698 1403
0 1122 587 1403
1919 124 2206 385
776 450 1325 698
0 0 2448 1122
881 868 1351 1501
887 868 1351 1501
672 1325 874 1886
685 1325 874 1886
1697 2709 2069 2976
1325 1553 1566 2010
809 2715 1070 3028
267 541 698 1214
887 868 1331 1455
1044 868 1331 1455
1044 1011 1292 1455
541 1795 2448 3263
0 1410 776 3263
326 2461 711 2911
326 2461 665 2846
1638 1808 2284 2226
750 163 1494 502
835 163 1494 496
2141 2467 2448 2924
796 1795 2448 3263
796 1795 1161 2226
796 1795 1161 2115
796 1795 1155 2115
894 1188 1351 1501
0 1423 776 3263
0 1853 293 2284
0 1991 293 2284
97 1697 339 1964
829 1821 2448 3263
1808 2304 2095 2709
1808 2304 2082 2676
541 2304 1005 2722
0 1631 750 3263
0 1631 731 3263
306 1631 705 2480
737 848 940 1423
0 1697 731 3263
0 2017 731 3263
0 2154 731 3263
0 2245 731 3263
1410 3126 1690 3263
1527 332 2448 1122
1318 2415 1716 2996
0 0 2448 874
293 287 665 770
1638 1808 2193 2226
1775 1827 2193 2226
1527 483 2448 1122
1527 483 2448 1116
1527 483 2448 1070
1527 483 2448 979
0 2245 528 3263
0 2382 528 3263
0 2526 528 3263
1318 2500 1566 2996
1840 2402 2082 2676
267 815 698 1214
829 1821 1488 2780
829 1821 1488 2585
992 1821 1488 2480
992 1821 1403 2310
1155 1821 1403 2219
0 2585 528 3263
0 509 483 874
411 541 698 881
776 450 1220 665
0 561 483 874
117 1312 476 1664
0 0 2448 548
339 0 2448 509
339 0 580 385
398 124 580 385
900 2428 2448 3263
1932 2030 2304 2532
900 2493 2448 3263
966 2493 2448 3263
535 208 802 652
0 0 417 548
0 0 417 483
0 0 417 430
1527 483 2448 946
254 1122 587 1403
0 2585 339 3133
306 1886 620 2480
763 522 1364 842
763 567 1364 842
574 287 802 652
1494 2878 2448 3263
2017 2878 2448 3263
887 979 1057 1436
1775 1827 2193 2206
829 2258 1312 2585
900 2480 1168 2780
1592 483 2448 946
1592 483 2337 920
574 2304 1005 2611
1964 2683 2173 2976
522 0 2448 509
966 2493 1566 3172
1037 2493 1566 3172
1037 2624 1566 3172
2062 332 2448 822
32 2330 731 3198
254 2578 731 3198
1592 483 2121 920
1592 483 2075 920
2030 2878 2448 3263
2030 2878 2376 3263
2030 2878 2376 3179
110 1697 574 2115
2062 332 2448 718
2128 430 2448 718
0 2585 339 3074
0 2624 339 3074
0 2624 235 3074
0 2624 235 2989
1037 2885 1566 3172
1037 2885 1410 3166
522 0 1991 509
639 0 1991 509
1592 483 2075 881
267 2754 731 3198
1455 306 1873 652
1455 306 1742 652
241 1697 574 2115
97 39 417 430
0 607 483 874
1586 91 1991 509
0 2970 528 3263
522 0 913 267
156 39 417 430
639 0 1671 261
1031 0 1671 248
1612 0 2448 339
1756 0 2448 339
1756 0 2180 267
1756 0 2062 267
1494 2878 2049 3263
1494 2878 1886 3263
1801 2872 1984 3250
0 0 163 365
2043 97 2448 339
2043 124 2350 339
0 0 163 287
385 1122 587 1377
1592 483 2075 829
1175 0 1671 248
1873 3120 2049 3263
221 3120 450 3263
1070 3107 1403 3263
594 3100 894 3263
2317 3087 2448 3263
900 3081 1214 3263
1299 3061 1436 3263
2030 3055 2160 3211
724 3055 966 3263
0 3015 287 3263
940 3009 1077 3198
1801 2976 1977 3250
2167 2970 2376 3166
221 2970 528 3179
659 2957 822 3133
1383 2944 1566 3172
0 2924 235 3074
946 2911 1168 3068
1494 2904 1788 3263
2284 2891 2448 3133
1037 2891 1338 3166
1266 2885 1410 3087
2030 2878 2356 3179
1599 2878 1886 3263
1840 2872 1984 3087
430 2859 731 3198
776 2833 992 3120
1723 2826 1886 3002
176 2820 339 2983
966 2793 1168 2924
1873 2780 2069 2976
907 2780 1070 2950
1964 2761 2173 2976
594 2754 861 3035
267 2754 580 3028
2095 2748 2278 2911
0 2735 235 2989
809 2715 979 3028
1697 2709 1912 2878
1344 2702 1566 2996
2252 2696 2448 2924
1880 2650 2017 2852
1462 2643 1684 2957
1037 2624 1364 2937
594 2624 894 2865
0 2624 221 2800
1540 2617 1795 2924
1612 2591 1919 2767
156 2585 313 2878
254 2578 528 2839
541 2558 796 2722
2056 2552 2212 2767
750 2532 1018 2748
443 2532 665 2846
900 2526 1070 2780
2317 2519 2448 2800
1318 2500 1566 2728
1135 2493 1383 2793
1024 2480 1168 2689
2141 2467 2402 2820
326 2461 528 2637
2317 2434 2448 2578
1501 2434 1664 2598
574 2434 776 2611
1697 2428 1919 2656
1527 2415 1716 2637
1840 2402 1997 2676
1299 2382 1553 2617
1220 2356 1377 2493
829 2350 1129 2578
32 2330 496 2656
2115 2304 2369 2519
718 2304 1005 2558
509 2297 672 2572
1161 2284 1312 2428
150 2265 287 2448
1932 2258 2245 2532
1703 2258 1906 2389
1011 2258 1312 2585
626 2258 783 2448
0 2245 176 2513
1455 2239 1677 2434
1403 2186 1631 2369
2206 2180 2402 2382
802 2173 1083 2376
287 2173 522 2467
176 2154 385 2337
672 2141 933 2402
1840 2128 2193 2363
992 2121 1279 2310
1534 2108 1664 2297
1220 2108 1488 2480
1410 2095 1579 2278
306 2095 620 2480
130 2088 293 2284
1847 2056 1997 2252
2115 2030 2304 2271
515 2023 691 2239
613 2017 848 2154
97 2017 385 2160
2278 2010 2448 2239
1501 1991 1821 2226
770 1991 1005 2252
0 1991 163 2193
1410 1984 1566 2199
1899 1971 2147 2226
1299 1964 1442 2193
881 1951 1037 2095
1155 1932 1318 2219
1057 1919 1240 2160
110 1919 267 2082
1775 1906 1938 2206
2265 1899 2448 2088
398 1886 607 2160
2199 1867 2350 2160
0 1853 208 2010
1860 1827 2193 2095
992 1827 1155 1997
241 1827 463 2115
2141 1821 2284 2056
1246 1821 1403 2062
1501 1814 1690 2036
1638 1808 1853 2108
796 1795 992 2115
2258 1788 2448 1938
254 1788 411 1932
97 1769 332 1964
992 1749 1194 1886
2088 1729 2232 1873
1521 1710 1762 1880
1912 1697 2121 1893
411 1697 574 1984
163 1697 339 1827
561 1651 750 2036
2245 1645 2448 1847
2115 1631 2376 1821
528 1631 705 1906
267 1631 398 1788
1834 1618 2056 1762
2049 1599 2186 1742
319 1560 509 1827
1390 1553 1566 1932
1325 1553 1547 2010
1586 1547 1873 1840
1410 1501 1645 1801
345 1501 515 1631
718 1488 874 1886
966 1462 1286 1853
1742 1455 1938 1690
1423 1442 1612 1586
476 1423 776 1742
2128 1410 2310 1612
881 1410 1181 1618
0 1410 267 1880
2082 1403 2239 1638
959 1396 1331 1723
1011 1390 1331 1645
1194 1383 1370 1932
835 1383 992 1853
313 1377 509 1514
894 1357 1331 1501
2193 1344 2382 1697
1605 1325 1853 1573
685 1325 835 1677
97 1312 352 1475
470 1253 705 1481
0 1253 156 1488
1945 1220 2206 1370
1155 1220 1292 1423
2258 1188 2448 1514
1161 1188 1351 1449
1631 1168 2062 1501
1840 1155 2017 1344
0 1155 287 1390
528 1135 835 1488
254 1129 417 1403
443 1122 587 1377
1951 1077 2258 1299
796 1070 933 1423
2147 1051 2408 1299
907 1031 1057 1436
2271 1024 2448 1214
502 1024 829 1325
1449 1018 1671 1148
1044 1011 1286 1455
1880 992 2095 1122
1749 992 1971 1214
267 992 483 1214
887 979 1057 1129
78 953 332 1201
1579 940 1801 1077
235 926 424 1057
0 907 221 1057
2226 900 2448 1070
1906 894 2088 1037
1468 894 1612 1044
1116 868 1331 1116
2069 848 2304 1116
1971 848 2108 979
1729 848 1938 1024
1370 848 1697 1534
737 848 940 1344
404 815 698 1090
1220 809 1383 1181
2258 802 2448 946
319 802 463 972
1455 796 1756 992
594 796 731 1070
874 776 1383 940
1527 770 1808 913
130 770 352 926
874 724 1351 894
2036 718 2337 907
1736 718 1984 881
0 718 221 959
228 705 483 874
737 698 1351 861
1455 691 1625 829
411 691 659 881
718 685 894 972
1919 672 2121 861
763 665 1057 835
1592 652 1899 829
1227 652 1396 874
2121 620 2395 822
0 607 332 802
855 594 1070 757
567 574 711 861
946 567 1364 842
293 567 476 770
1599 541 1860 711
1383 541 1631 789
515 541 698 770
2291 535 2448 718
829 522 1161 757
1899 483 2056 639
1605 483 2075 750
966 476 1214 731
776 470 985 665
1181 463 1325 698
2017 450 2193 731
2128 430 2323 705
1266 411 1475 665
639 411 829 796
574 398 705 652
1455 385 1742 652
2180 372 2448 633
737 372 1357 691
150 372 398 574
1932 345 2115 567
2062 332 2219 528
1697 332 1873 496
1769 319 1991 509
750 287 913 502
620 287 802 528
345 287 665 672
0 274 182 483
1984 254 2206 385
835 248 1122 385
2141 235 2448 417
97 215 300 417
450 208 580 385
2160 202 2350 339
1403 169 1664 404
1122 163 1494 496
998 130 1214 306
2043 124 2193 300
1919 124 2102 306
1122 124 1357 345
737 124 1011 319
398 124 541 352
254 110 417 430
0 110 143 287
2186 97 2448 280
1586 91 1886 443
959 84 1109 215
156 39 326 235
2193 0 2448 150
1997 0 2180 176
1886 0 2062 208
1756 0 1984 267
1612 0 1808 163
1351 0 1671 130
1175 0 1658 248
1031 0 1201 150
639 0 1057 261
718 0 913 156
522 0 737 267
339 0 561 169
241 0 404 130
130 0 287 176
0 0 163 137
737 652 1488 1246
1227 652 1488 1246
0 1501 2448 3263
0 0 2448 2865
959 1037 1468 2049
0 287 1181 2865
0 287 1168 2865
502 796 1181 1938
0 0 2448 2239
737 698 1351 894
959 1396 1331 2049
502 796 992 1938
672 848 992 1938
1194 1037 1468 1997
1194 1155 1442 1997
718 287 2448 2239
1266 293 2448 2239
718 287 1383 1501
502 796 829 1325
0 0 2448 770
881 1501 2448 2800
0 2330 2448 3263
881 1410 1181 1697
718 287 1383 1449
718 287 1364 972
874 776 1383 1449
1155 809 1383 1449
1155 1096 1357 1449
672 1325 874 1938
874 776 1383 1220
0 287 848 2382
959 1396 1331 1971
1155 1188 1351 1449
737 287 1364 842
959 1396 1331 1853
535 208 737 385
2049 1403 2284 2056
2049 1599 2284 2056
2088 1729 2284 2056
0 1795 1168 2865
718 665 1057 972
874 776 1383 1116
992 1749 1227 1971
1194 1155 1436 1932
1220 1501 2448 2800
737 372 1364 842
737 372 1357 757
881 1821 1631 2611
1370 848 1867 1664
1370 848 1853 1664
0 287 848 2337
515 2957 894 3263
548 2957 894 3263
1449 894 1867 1201
1605 1037 1867 1201
515 287 829 861
1220 1501 2402 2709
1932 2415 2147 2709
1932 2493 2095 2709
0 607 848 2337
1873 2937 2232 3263
1873 2937 2160 3263
2206 2317 2448 2800
2317 2317 2448 2800
2317 2317 2448 2578
1853 802 2108 979
0 607 698 2337
776 450 1220 757
0 2859 306 3133
0 2924 306 3133
881 1827 1155 2095
1423 1442 1729 1664
1220 1501 2402 2676
1873 2937 2102 3263
176 802 463 1057
972 1821 1631 2611
254 1135 848 2160
613 1821 848 2154
613 1919 848 2154
515 287 802 861
515 541 711 861
972 1821 1442 2611
254 1135 835 2160
97 1312 515 1664
97 1312 509 1664
1631 672 2448 2239
1631 1168 2062 1690
887 979 1286 1455
907 1011 1286 1455
1873 3022 2102 3263
1266 293 2448 1077
1449 894 1671 1148
0 2023 1168 2865
1266 372 2448 1077
672 1795 1005 2402
972 1821 1442 2585
1325 1501 1906 2467
1325 1553 1906 2467
1410 1984 1906 2467
1410 1984 1664 2297
724 2467 2448 3263
2082 1403 2239 1742
1599 372 2448 822
0 2330 1070 3263
0 2526 254 2800
0 607 698 1488
1266 2885 1690 3263
1638 2147 1906 2467
1638 2147 1906 2389
835 84 1227 385
1729 672 2448 2239
2258 1188 2448 1664
319 1135 835 2160
0 0 913 770
0 0 737 770
1266 411 1899 1077
398 1135 835 2160
1266 2885 1566 3172
0 1410 463 2337
0 607 698 1403
1697 2467 2448 3263
411 1135 835 1984
1325 1553 1690 2036
0 0 665 770
724 2493 1984 3263
1266 411 1899 992
1383 541 1899 992
1455 652 1899 992
1527 652 1899 913
0 0 665 672
548 3100 894 3263
541 2173 1168 2865
1220 1547 2402 2676
1220 2108 2369 2676
1455 2239 1710 2598
1880 2552 2212 2852
1971 2552 2212 2793
992 1821 1442 2585
1057 1821 1442 2219
1155 1821 1442 2219
541 2304 1005 2865
639 0 2448 705
2226 802 2448 1070
750 2173 1168 2780
2199 1645 2448 2239
398 1631 750 2160
907 2780 1168 3068
1455 0 2448 705
1697 2467 2402 2976
1697 2709 2173 2976
2186 0 2448 280
0 2330 861 3263
0 1410 463 2193
0 1951 163 2193
1455 91 2448 705
1919 124 2193 306
907 2780 1168 2950
528 1631 750 2036
2245 1645 2448 2239
0 2023 783 2572
509 2239 783 2572
509 2239 705 2572
1501 1547 2402 2382
1599 483 2075 750
0 1410 463 2160
1729 672 2408 1893
2017 3087 2448 3263
2245 1645 2448 2088
0 0 580 665
0 2735 731 3263
0 2735 731 3198
221 2754 731 3198
1501 1547 2193 2252
1501 1547 1938 2226
1501 1547 1873 2226
992 2121 1312 2585
1501 1710 1853 2226
470 1135 835 1742
470 1253 776 1742
1984 202 2350 385
1840 1155 2382 1893
2017 372 2448 822
2017 450 2448 822
1318 2500 1684 2957
0 607 483 1403
1847 1827 2193 2252
0 0 417 665
2030 2878 2448 3179
0 1410 463 2115
0 1410 332 2010
541 2558 894 2865
1932 2258 2369 2532
1586 91 1991 443
2121 535 2448 822
750 2350 1168 2780
1840 2030 2402 2382
1220 2108 1997 2676
1299 2382 1997 2676
32 2330 861 3035
0 2023 691 2513
1344 2617 1984 3263
724 2493 1383 3263
1455 235 2448 705
1455 319 1991 652
1455 332 1873 652
639 0 2062 496
639 0 1201 319
0 607 483 926
287 2023 691 2480
1912 1220 2382 1893
1938 1220 2382 1821
0 3015 574 3263
0 718 417 1403
0 907 417 1403
0 953 417 1403
1344 2617 1886 3263
1899 235 2448 705
1899 332 2323 705
0 39 417 430
2115 1344 2382 1821
326 2461 861 3035
509 2754 861 3035
1299 2382 1716 2637
900 3081 1403 3263
124 1618 398 1788
0 1410 332 1964
0 2735 339 2989
221 2859 731 3198
32 2330 528 2878
1122 0 2062 496
1455 2239 1677 2598
65 372 398 665
1501 1808 1853 2226
1697 2402 1997 2676
1729 672 2408 1299
1729 848 2408 1299
1951 848 2408 1299
1729 848 2088 1214
0 2245 287 2513
639 0 1057 319
1899 332 2219 639
1736 672 2121 881
1932 332 2219 567
724 2891 1338 3263
1122 0 2062 404
1612 0 2062 267
0 3015 450 3263
1729 848 1971 1214
1037 2493 1383 2937
1344 2702 1886 3263
0 1129 417 1403
404 691 698 1090
2069 848 2408 1299
724 3009 1077 3263
1938 1220 2317 1723
1122 0 1671 404
1860 1827 2193 2226
1122 0 1671 345
