0 0 2448 3263
966 0 1148 554
1279 992 1938 1912
1286 0 1671 815
1299 0 1671 796
1762 1116 2134 1279
672 1096 894 1677
1475 1436 1827 1912
280 359 502 646
796 1579 1514 2075
2206 483 2448 861
763 0 900 567
0 868 691 1253
0 868 678 1253
842 1579 1024 1769
1997 2989 2448 3263
417 0 789 528
1286 1011 1899 1684
1286 1031 1899 1684
1880 783 2075 1155
796 1671 1514 2075
0 0 2448 2774
1227 0 2448 2774
1227 1279 2448 2774
1423 0 2448 2500
0 1194 2448 3263
0 0 1553 1814
1266 1279 2448 2774
0 0 1540 1814
848 0 998 261
1286 1031 1880 1677
1795 267 2095 437
2036 574 2337 796
1423 0 2448 2454
0 0 378 1044
208 0 1540 1814
1423 0 2448 2408
1703 1612 2448 2408
776 1064 1155 1723
0 1194 835 2212
1423 0 2448 2271
2154 32 2448 509
1618 1840 2448 2865
1664 0 2102 1220
0 1736 2448 3263
208 0 1396 1814
776 815 1357 1814
776 959 1338 1814
1266 1181 1540 1573
208 0 1396 1057
208 0 372 319
2147 104 2284 437
2147 306 2448 528
1664 0 2102 913
1664 0 2082 913
261 0 1396 1057
587 678 1338 1057
587 678 1299 1057
1729 385 2297 750
261 0 1396 959
1423 561 2448 2271
1906 763 2258 1240
2154 32 2448 280
2167 39 2448 280
267 0 1396 959
1729 385 2258 750
1977 763 2258 1188
1116 313 1396 829
1116 313 1364 613
979 1233 1338 1814
267 0 1312 959
1742 0 2082 541
267 0 1122 959
267 0 750 822
267 182 750 822
359 202 750 822
359 352 750 822
992 1233 1338 1814
0 1880 483 2056
842 1083 1037 1723
0 1834 2448 3263
1821 1880 2212 2369
359 352 731 822
561 202 731 456
319 137 1122 959
1599 561 2448 2271
1782 561 2448 2147
1742 385 2258 613
0 2082 1919 2878
339 137 1122 959
489 137 1122 926
665 137 1122 757
1729 528 2062 750
372 352 731 731
339 587 580 959
339 587 574 959
1005 1233 1272 1710
1011 1233 1272 1710
1011 1233 1272 1684
0 1860 2448 3263
1005 1860 2448 3263
744 137 1122 750
1808 0 2082 352
0 2278 2219 3263
0 1834 1736 2696
0 1873 966 2696
1801 561 2448 2147
1801 561 2448 2049
1801 809 2448 2049
2017 972 2167 1188
842 137 1122 750
848 1834 1736 2382
1057 1840 1736 2382
1057 1840 1736 2278
1181 2741 2448 3263
1795 1612 2448 2408
1795 1612 2448 2356
1181 2741 2297 3263
861 280 1122 750
0 2304 2219 3263
861 280 1122 724
0 1194 711 1468
1429 1840 1736 2232
613 0 796 280
646 1011 946 1501
1449 1736 2448 2885
1801 1161 2448 2049
672 1096 848 1677
1181 2395 2030 2911
1364 2911 2069 3263
1181 2754 2186 3263
842 1122 1037 1723
0 1873 829 2245
1801 1416 2448 2049
0 0 378 992
0 2304 1977 3263
0 574 235 1044
254 2304 1977 3263
2193 3100 2448 3263
2141 3061 2448 3263
1612 3061 2030 3263
0 3009 633 3263
1971 2957 2448 3263
2030 2950 2219 3100
1220 2904 1925 3263
1181 2885 1938 3263
1893 2865 2108 3028
1540 2859 1873 3022
0 2859 300 3107
1756 2839 2448 3263
1325 2826 1625 2983
1057 2767 1625 3081
1880 2754 2186 2918
2030 2741 2297 2898
1181 2722 1462 2911
254 2663 1286 3263
1220 2591 1788 2950
535 2539 2219 3263
0 2539 1442 3179
32 2513 496 2683
2271 2493 2448 2650
809 2474 1201 2669
1064 2454 2147 3055
2115 2434 2448 2885
0 2408 424 2585
1462 2395 2030 2748
1429 2363 2010 2683
0 2363 287 2519
2095 2337 2448 2774
718 2323 907 2487
985 2304 1977 2904
2147 2297 2317 2454
1573 2278 1997 2461
2023 2186 2206 2369
2115 2128 2448 2598
2108 2043 2448 2408
1057 2043 1534 2278
1429 2017 1736 2232
1051 2017 1534 2239
0 1945 966 2696
476 1932 809 2082
0 1925 326 2056
1840 1880 2160 2180
1821 1880 2212 2304
1697 1880 1932 2141
2043 1873 2448 2284
1005 1860 2441 3263
1964 1840 2448 2356
1455 1840 1618 2088
848 1834 1534 2239
1449 1736 2128 2448
2173 1729 2448 2049
1808 1684 2069 1971
1703 1684 2173 2095
1873 1671 2245 2062
1018 1645 1214 1775
992 1625 1338 1814
1795 1612 2448 2310
842 1579 992 1756
1912 1560 2297 1840
1070 1501 1227 1710
1037 1449 1175 1664
1475 1436 1762 1834
1801 1416 2448 1814
1096 1403 1272 1684
1573 1357 1899 1684
842 1351 1037 1723
1351 1338 1540 1573
1462 1299 1880 1677
1266 1279 2245 2454
1227 1279 1729 1906
0 1240 835 2212
1599 1233 2448 2271
1011 1233 1175 1455
1853 1220 2141 1390
1769 1220 2102 1396
0 1214 319 1357
1867 1161 2448 1514
1651 1122 1853 1364
1951 1116 2134 1279
443 1083 691 1233
776 1064 1155 1194
1286 1031 1762 1553
1423 1024 1690 1331
1299 1018 1553 1286
1906 1011 2108 1240
1292 1011 1534 1286
646 1011 894 1442
1279 992 1938 1749
2036 972 2167 1188
776 959 1286 1592
587 842 1142 1057
2147 809 2448 1338
1919 796 2075 1077
1880 783 2043 1155
1977 763 2258 1077
345 763 535 959
1756 731 2062 1220
652 718 992 1031
1129 705 1338 985
1083 705 1214 855
678 691 881 874
887 678 1299 1044
1742 672 1886 1142
1286 665 1560 815
2049 652 2337 796
489 652 757 926
1729 607 2062 750
339 587 574 763
1318 580 1756 1370
2036 574 2337 737
0 574 235 1024
2265 561 2448 848
665 548 822 757
319 548 509 737
600 535 757 718
1736 528 2049 711
2206 522 2343 861
443 502 731 731
156 502 378 992
2271 483 2448 763
959 483 1142 646
861 470 1122 724
1148 456 1396 829
1906 443 2297 646
1847 437 2258 613
1057 430 1312 776
744 424 900 698
1742 385 2199 613
293 372 489 522
470 352 750 574
372 352 620 554
1116 345 1279 613
1161 313 1364 548
2173 306 2408 463
1867 293 2095 430
861 280 1064 535
261 274 404 496
1795 267 1964 437
1057 235 1331 365
2193 215 2415 470
561 202 718 404
0 189 163 580
267 182 502 391
2212 143 2408 280
842 137 1011 359
972 130 1109 515
2154 104 2284 300
1429 104 1586 554
0 104 163 261
2317 97 2448 509
522 65 659 293
476 65 626 391
2167 39 2448 176
1867 13 2082 352
2141 0 2448 430
1945 0 2102 424
1540 0 1671 750
1299 0 1586 796
1011 0 1325 267
861 0 998 261
496 0 789 509
417 0 783 528
228 0 372 319
0 0 280 548
0 0 2448 2865
1945 0 2147 430
0 868 2448 3263
1742 894 1951 1312
1227 0 2448 2865
443 1083 900 1912
672 1096 900 1912
0 0 2343 1769
0 0 2343 1723
2141 0 2448 437
417 0 1312 776
0 868 1736 2696
143 0 274 424
1227 13 2448 2865
1318 13 2448 2271
0 189 241 985
1664 0 2343 1279
1227 992 2448 2865
1945 0 2141 430
0 868 1534 2696
1769 1220 2141 1396
496 0 1312 776
496 0 1253 613
496 0 1148 567
496 0 1011 567
2036 522 2343 861
1051 1840 1736 2382
0 0 1671 1723
913 430 1312 776
496 0 796 509
1227 1279 2448 2865
1266 1279 2448 2865
1821 1880 2448 2650
763 0 1011 567
809 0 1011 359
489 548 1142 1723
489 548 881 926
443 26 626 391
1664 0 2258 1279
1729 528 2062 776
2154 32 2448 176
1906 763 2258 1279
1599 13 2448 2271
587 842 1142 1723
1840 1880 2448 2650
1429 2278 2010 2683
665 548 881 874
0 0 1671 1710
0 0 1299 1044
1906 796 2134 1279
489 652 763 926
1821 1880 2317 2454
0 0 1142 1044
1742 13 2448 2147
1742 13 2448 2049
1742 13 2448 763
1742 13 2448 613
1664 0 2062 1220
1318 580 1853 1370
1220 2839 2448 3263
587 842 1142 1501
1057 2017 1736 2382
2193 97 2448 509
1664 0 1912 913
1664 0 1821 913
1742 13 2258 613
261 274 502 646
0 0 750 1044
208 0 750 822
1742 130 2258 613
470 332 750 574
776 0 1671 1710
1011 0 1671 1064
1129 705 1357 1064
0 868 835 2245
208 0 731 822
776 959 1286 1710
776 959 1286 1664
1227 1279 2128 2448
208 0 731 763
0 0 535 1044
652 280 1142 1031
744 280 1142 724
744 280 1122 724
228 0 731 763
228 0 620 554
1011 0 1671 829
0 1671 1534 2696
522 65 718 404
319 502 731 763
359 502 731 763
1742 130 2199 613
1964 1840 2448 2408
842 1083 1096 1723
1279 992 2173 2095
0 502 378 1044
1906 796 2108 1240
0 1194 835 2245
228 0 502 391
809 2474 1201 2689
2193 143 2415 470
0 2082 2219 3263
1116 0 1671 829
0 2454 2219 3263
1840 1880 2448 2598
0 2082 1977 2904
1005 1233 1175 1664
1795 130 1964 437
476 1671 1514 2082
1011 0 1331 365
1220 2904 2069 3263
0 1834 1534 2696
1116 0 1586 829
0 2539 2219 3263
1880 2741 2297 2918
0 2539 1442 3263
0 2663 1286 3263
1148 0 1586 829
1057 2017 1736 2278
1148 313 1396 829
1011 1233 1175 1664
2147 561 2448 1338
1801 1161 2448 1814
2088 0 2343 437
613 1181 848 1631
1018 0 1671 763
966 0 1168 561
822 1664 1540 2239
1259 985 1906 1886
2160 3081 2448 3263
1077 698 1220 861
1227 1279 2448 2885
2245 2395 2448 2656
300 424 731 731
300 456 731 731
646 946 1207 1723
0 913 900 2212
1279 0 2448 2271
1279 580 2448 2271
1658 0 2448 1521
417 0 861 528
496 0 861 528
143 0 404 489
1481 1442 1762 1834
737 946 1207 1103
1736 0 2448 1521
646 1044 1103 1723
267 0 2448 2532
1292 1011 2448 2532
1860 1951 2415 2532
1292 1011 2448 2395
1292 1051 2448 2395
1997 567 2337 809
267 0 1697 2382
1011 0 1220 339
0 1756 2448 3263
1736 39 2448 1521
1664 0 2108 913
1840 110 2049 359
1840 110 1991 352
1729 430 2297 750
1795 430 2297 646
1579 1364 2448 2395
1736 39 2448 1449
1736 313 2448 1449
1736 378 2448 1449
1736 528 2448 1449
0 913 829 2212
1782 1592 2448 2395
2173 378 2448 783
267 0 1475 1057
1736 1064 2154 1449
940 815 1697 2382
2147 39 2448 515
267 0 1286 1057
267 0 1057 1057
267 65 757 567
267 65 718 456
1103 332 1475 802
940 992 1697 2382
443 332 757 567
554 0 1057 1057
359 65 718 456
646 1044 953 1566
1051 1599 1697 2382
1135 1599 1579 2023
913 430 1286 1044
940 992 1305 1710
822 0 1057 946
822 215 1057 946
822 215 1057 691
1664 0 1899 913
1664 0 1899 659
1853 1064 2154 1383
842 0 1037 326
607 0 802 319
391 776 587 946
1227 2865 2173 3263
842 1077 1103 1723
339 580 607 933
1011 992 1305 1664
0 574 241 1044
1991 2944 2173 3139
1051 2898 1396 3081
1227 2865 2075 3263
1390 2643 1599 2787
2278 2480 2448 2656
763 2474 1051 2709
1951 2239 2147 2461
2030 2180 2415 2532
1051 2017 1697 2382
1860 1951 2121 2199
1938 1919 2448 2598
789 1912 1142 2278
1795 1847 1925 1984
1867 1814 2173 2102
1919 1782 2448 2395
1873 1671 2278 2102
822 1671 1540 2239
1312 1664 1579 2023
953 1631 1214 1808
1135 1599 1325 1749
1782 1592 2448 2284
685 1553 900 1912
1481 1442 1703 1756
1037 1403 1233 1658
940 1396 1227 1710
842 1383 1051 1723
1579 1364 2017 1801
1325 1318 1566 1625
744 1272 953 1566
359 1253 705 1403
613 1233 796 1592
1853 1220 2141 1383
1762 1214 2023 1396
0 1194 685 1455
705 1181 848 1631
1266 1175 1442 1468
1906 1161 2448 1521
2134 1122 2448 1338
0 1103 829 2212
874 1077 1103 1475
1951 1064 2154 1279
1292 1051 1873 1671
646 1044 933 1410
1292 1011 1605 1370
1658 913 1834 1318
0 913 718 1390
0 855 150 1044
1181 815 1351 1037
1155 776 1318 1011
1912 770 2252 1240
1873 744 2062 1240
1756 731 1951 1279
1083 711 1214 855
926 698 1286 1044
345 691 607 933
613 672 979 1031
2049 652 2337 809
339 580 587 770
0 574 241 1011
1997 567 2330 770
332 567 528 711
2147 528 2448 1272
1377 509 1547 789
502 496 731 731
2239 476 2448 783
300 456 509 724
1847 430 2258 613
913 430 1266 750
443 424 711 574
2173 378 2304 633
554 378 946 1057
274 378 430 580
2186 352 2408 502
443 352 626 509
1103 332 1396 796
541 332 757 567
261 274 404 489
1083 248 1364 548
822 215 1057 535
359 215 496 456
1788 189 2108 476
267 182 476 365
2147 137 2448 515
842 137 1005 326
1266 130 1410 300
972 130 1109 509
2108 124 2343 437
2154 104 2284 293
489 65 718 391
2219 39 2448 509
2141 0 2448 300
1827 0 2108 424
1671 0 1899 659
1292 0 1671 763
1018 0 1312 241
1011 0 1142 339
966 0 1135 528
861 0 1037 280
672 0 802 319
496 0 815 528
143 0 365 319
0 0 2448 2885
0 913 2448 3263
1077 130 1410 300
1658 0 2337 1396
2017 0 2343 633
1658 0 2337 1318
0 0 2448 2278
1658 0 2062 1318
835 404 2448 2885
685 1553 1214 2278
685 1553 1142 2278
2017 378 2304 633
835 404 1351 1044
926 698 1351 1044
1292 1011 1873 1671
1227 985 2448 2885
1658 0 1899 1318
0 1599 2448 3263
417 0 1005 528
0 0 2448 2271
685 1553 1024 1912
822 1599 1697 2382
496 0 1005 528
1155 776 1351 1037
261 215 496 580
1756 731 2062 1279
842 1618 1024 1769
1259 985 2448 2395
835 404 998 946
1729 0 2448 1521
1729 0 2448 1279
1729 0 2448 1272
1729 0 2448 783
1997 0 2448 783
1860 1919 2448 2656
2141 0 2448 515
1860 1951 2448 2656
646 992 1442 1723
646 992 1305 1723
1729 0 2297 750
0 0 1671 1057
261 274 430 580
0 0 757 1044
1997 476 2448 783
1912 770 2252 1279
2186 313 2408 502
1788 0 2297 646
300 332 757 946
1736 1161 2448 1521
1579 1364 2278 2102
1736 1220 2141 1449
300 352 731 946
300 456 731 946
300 456 731 770
1788 0 2258 613
1788 130 2258 613
554 0 1671 1057
848 0 1037 280
345 691 607 946
443 332 757 574
554 215 1057 1057
554 378 979 1057
913 0 1671 796
1788 130 2108 476
822 1671 1697 2382
913 248 1396 796
0 0 378 1011
913 332 1396 796
404 0 789 528
2134 483 2448 763
1938 0 2141 430
796 0 1148 554
861 0 1148 554
267 274 489 626
0 0 235 352
2147 2304 2448 2689
1736 672 2252 1227
0 868 672 1240
1286 0 1671 783
1286 0 1658 783
1240 1024 2448 2761
1266 1024 1938 1749
267 274 456 496
652 1037 1214 1769
2128 2989 2448 3263
652 1037 1044 1769
1690 1769 2095 2186
1690 1769 2030 2147
874 1396 1214 1769
1318 705 1749 1122
1729 0 2448 737
1240 1279 2448 2761
1240 1279 1756 1860
1240 1279 1436 1586
2180 3094 2448 3263
0 0 2448 2487
1122 0 2448 2487
1286 0 1547 783
1821 1886 2030 2147
2141 0 2448 522
0 998 2448 3263
1266 1031 1938 1749
0 0 1396 1671
1312 0 2448 2487
1736 672 1873 1214
1729 430 2297 737
2147 0 2448 515
0 104 391 1051
241 0 1396 1671
332 1168 763 1547
1527 1494 2448 2487
1873 1671 2448 2284
1011 0 1325 352
1037 150 1325 352
1651 1788 2448 2761
887 659 1299 1044
1481 1455 1756 1847
1527 1494 2448 2421
2004 1945 2448 2421
2095 2128 2448 2421
1286 0 1547 587
1286 0 1547 476
1312 0 2448 2219
1612 0 2448 2219
1612 0 2102 1436
1671 0 2102 711
672 0 953 515
672 0 953 332
874 1396 1201 1716
0 215 287 959
1742 0 2102 541
287 1553 1181 1925
1527 1494 2448 2310
1638 1618 2448 2310
1821 0 2088 352
1325 1416 2448 2859
652 1037 972 1697
757 992 1279 1671
241 0 1396 1064
0 496 391 1051
0 737 280 1051
1612 541 2448 2219
1612 691 2448 2219
1612 1286 2448 2219
1612 1331 2448 2219
2147 0 2448 509
2147 65 2415 437
221 496 391 985
1788 541 2337 1207
1899 691 2448 1325
1899 691 2448 1312
1410 417 1664 776
1853 770 2252 1227
2317 829 2448 985
1788 541 2337 776
783 1122 972 1410
0 215 274 959
0 215 274 894
0 352 274 894
0 352 137 815
0 352 130 737
1827 763 2134 1207
1853 985 2147 1227
815 1749 1501 2173
835 1749 1501 2173
345 1553 1181 1925
45 489 274 894
946 1070 1240 1671
946 1227 1240 1671
1312 757 1749 1272
1958 1233 2448 1514
1168 2558 1501 2800
1188 2780 2369 3263
0 998 678 1423
0 1233 463 1423
861 306 1396 809
861 345 1396 809
861 476 1396 809
861 476 1305 757
1651 1788 2356 2624
2252 985 2448 1325
0 998 678 1357
0 1377 2448 3263
979 1964 1540 2376
979 1964 1540 2278
979 1991 1540 2278
1090 2043 1534 2278
430 1651 1181 1925
1383 0 1658 711
1188 2839 2369 3263
1318 2839 2369 3263
1690 2297 1997 2480
241 0 1135 1064
1383 0 1573 613
580 2989 1103 3263
1827 763 2062 1207
2141 691 2448 1181
2141 691 2448 1168
940 2937 1547 3263
0 1377 770 1762
1488 2389 2036 2663
1840 763 2062 1077
815 1840 992 2075
1390 757 1749 1272
391 1233 763 1547
241 0 900 757
0 1396 2448 3263
0 1684 2448 3263
0 1684 1527 2970
0 2102 1527 2970
0 1827 2448 3263
1756 2637 2448 3263
829 1396 1618 1958
829 1592 1416 1958
1057 1592 1416 1840
267 13 900 757
398 71 900 757
398 71 705 600
979 1991 1540 2265
0 1684 881 2846
391 1279 763 1547
411 868 672 1194
1756 2741 2448 3263
1925 2741 2448 3263
1612 1331 2448 2186
1690 1331 2448 2186
1292 1024 1690 1390
0 2245 1527 2970
1429 0 1566 339
1057 1664 1416 1840
1840 1423 2448 2186
345 1553 829 1808
724 2650 1331 2963
724 2650 1305 2963
724 2709 1246 2963
1886 1423 2448 2186
0 1827 2219 3263
900 1873 1540 2226
1299 2252 1919 2500
0 1867 881 2846
404 424 900 757
0 1377 574 1749
195 2820 744 3055
1547 2839 2369 3263
0 1377 456 1749
359 737 580 959
1886 1501 2448 2186
1886 1605 2428 2186
1240 1396 1618 1867
0 2245 972 2970
0 2434 972 2970
398 2650 1142 2924
398 2650 959 2924
1971 2741 2448 3263
0 998 496 1357
1357 3113 1860 3263
1958 1233 2408 1507
0 1377 430 1749
0 1377 430 1631
0 1684 698 2128
1938 1501 2448 2154
900 1873 1540 2193
724 2330 1527 2637
724 2330 1129 2598
0 1684 698 2056
0 1377 430 1553
0 1867 829 2245
0 1984 881 2846
0 1827 2141 3263
1051 1827 1951 2656
1051 1827 1945 2656
1051 1827 1945 2572
1051 1827 1906 2572
0 2428 2141 3263
0 2748 1521 3263
0 2852 1070 3263
0 2878 1070 3263
1938 1547 2448 2154
1938 1547 2448 2017
1051 1827 1906 2545
1051 1840 1906 2545
1051 2291 1279 2461
750 2428 2141 3263
992 2904 1658 3263
1573 2572 2219 2983
0 2852 541 3179
2173 691 2448 1090
1886 1605 2271 1951
91 998 496 1246
561 2885 1070 3153
574 2885 1070 3094
0 1684 698 2010
0 2852 470 3074
1390 757 1742 1161
1547 2878 2062 3263
1612 2950 2062 3263
143 998 496 1181
221 2245 822 2624
0 1984 881 2761
430 1984 881 2271
0 1893 822 2245
1468 2428 2141 2826
1168 1840 1906 2545
1938 1547 2448 1964
1168 2010 1906 2545
1168 2043 1906 2545
1168 2088 1906 2545
1168 2141 1906 2545
1266 2141 1853 2402
1436 2141 1853 2317
0 2878 842 3263
0 2950 815 3263
1605 1847 2448 2859
1938 1547 2448 1840
1240 1396 1566 1788
0 2271 711 2761
0 2271 672 2735
0 2363 672 2735
0 2434 528 2735
0 2434 528 2689
0 3028 815 3263
750 2683 1867 3263
0 3028 626 3263
150 3028 626 3263
1468 2428 2141 2767
992 2996 1612 3263
750 2944 1455 3263
1971 3133 2219 3263
1756 3126 1991 3263
1357 3120 1664 3263
1540 3113 1860 3263
835 3113 1135 3263
940 3107 1227 3263
1227 3100 1566 3263
567 3100 796 3263
2128 3087 2291 3263
1925 3081 2082 3263
0 3074 404 3263
992 3068 1344 3263
705 3068 1070 3263
476 3061 815 3263
254 3055 626 3263
1612 3042 2062 3263
0 3035 391 3211
150 3028 613 3263
0 3028 365 3179
1083 2996 1612 3263
2226 2989 2448 3211
1318 2989 1880 3263
561 2957 926 3153
1618 2950 2036 3185
352 2950 685 3107
887 2944 1455 3263
750 2944 1423 3263
1201 2937 1547 3146
763 2918 1051 3094
2036 2911 2317 3192
1331 2904 1658 3094
1547 2878 2004 3133
450 2878 842 3009
1188 2872 1971 3263
0 2865 300 3002
1592 2859 1919 3028
1566 2852 1860 3009
0 2852 541 3120
2030 2839 2369 3074
2115 2826 2323 2970
1573 2800 1893 2983
724 2800 1024 2963
1958 2780 2297 3015
1064 2767 1521 3048
646 2761 940 2904
842 2748 1521 3087
2160 2741 2448 3139
1018 2735 1331 2963
1272 2728 1521 2878
398 2722 861 2924
0 2715 332 2846
985 2709 1246 2904
1109 2683 1867 3055
835 2669 1142 2800
215 2663 731 2911
1873 2650 2258 2891
953 2650 1305 2885
607 2650 959 2787
0 2650 287 2820
2030 2637 2434 2898
1847 2630 2206 2865
0 2604 261 2735
1135 2598 1534 2911
1782 2572 2219 2826
1756 2572 2036 2722
