0 0 2448 3263
411 835 2448 3263
1142 1253 1560 1756
411 1161 2448 3263
874 580 1044 763
0 2454 430 3231
0 2513 430 3231
0 2761 424 3231
483 2506 848 2754
607 2506 848 2656
607 2996 822 3263
0 2049 463 2421
998 1135 1259 1416
998 1181 1201 1416
926 1540 1070 1742
1716 117 2448 1436
1716 137 1899 332
0 424 391 639
0 456 326 639
58 1318 443 1631
737 156 972 417
1305 744 1507 881
215 1155 437 1390
1364 2141 1612 2369
359 124 711 496
359 124 646 496
195 887 587 1116
1449 254 1723 456
450 1142 809 1560
1814 117 2448 1436
1299 1005 1651 1521
1299 1005 1651 1383
1299 1005 1462 1246
1142 1253 1475 1651
698 496 940 672
796 1912 1175 2128
195 920 587 1116
169 2513 430 2774
1396 861 1880 1155
1514 861 1880 1155
332 920 587 1116
1155 1253 1475 1462
0 0 2448 2102
1142 1318 1357 1651
0 2976 280 3231
385 561 672 698
1853 117 2448 1436
1605 861 1880 1155
1155 1253 1475 1416
1410 2141 1612 2369
45 2454 241 2800
0 1142 2030 3263
0 2245 1795 3263
757 2043 1155 2382
1560 3081 1873 3263
0 913 143 1090
1912 1853 2448 2702
1977 1853 2448 2656
0 1142 2030 3068
45 2454 241 2702
0 2049 450 2323
1860 117 2448 1436
0 2049 437 2323
411 2722 1867 3263
1161 1527 1560 1756
822 2128 1155 2382
822 2154 1155 2382
822 2154 1155 2376
2154 535 2448 946
2239 535 2448 900
1860 117 2448 1370
979 600 1259 763
1860 117 2448 1338
1860 117 2448 424
1377 1161 2448 3263
1194 150 1370 326
1553 1821 1821 2036
215 1318 443 1547
411 2722 1723 3263
1507 1553 2030 2095
411 2748 1723 3263
1599 1161 2448 2663
1377 2004 2448 3263
2141 2017 2448 2735
0 959 665 2102
1899 345 2448 1338
0 1142 2010 3068
450 1142 796 1560
600 2748 1723 3263
1599 1161 2448 2474
1971 1161 2448 2056
1971 1390 2448 2056
1377 2004 2350 3263
1631 2337 2350 3263
261 2245 1795 3139
1971 1592 2448 2056
1821 1762 2088 2186
1821 1775 2088 2186
1821 1912 2049 2186
0 0 2448 1795
241 0 1161 672
241 0 1083 548
241 0 881 522
241 0 783 365
1507 1553 2030 2056
750 1018 1566 1795
750 1083 1566 1795
750 1083 1566 1442
1899 430 2350 1338
1899 430 2323 1338
176 1142 2010 2872
267 2545 626 2872
1977 2115 2337 2656
150 2761 424 3028
1507 1553 2030 1971
0 0 2448 1390
1377 2004 1880 2780
2173 2017 2448 2650
515 45 783 365
1899 633 2323 1338
0 0 515 639
0 0 515 594
0 0 306 594
1899 718 2323 1338
0 3055 574 3263
0 1501 665 2102
0 594 372 842
0 594 372 776
691 2748 1723 3263
411 2852 724 3231
1658 235 2330 829
1795 352 2180 829
959 456 1618 900
2186 345 2448 672
2206 3042 2448 3263
1964 718 2323 1338
1964 718 2284 1233
117 600 372 757
0 3055 398 3263
691 2748 1410 3263
718 2748 1410 3263
137 1501 665 2102
169 1501 665 2102
248 1501 567 1971
0 2239 293 3068
1181 456 1618 724
1272 456 1618 698
1507 1553 1867 1971
1266 0 2448 248
176 1142 2010 2722
979 1142 2010 2421
1051 1142 2010 2030
1299 1142 2010 1801
979 1742 1729 2421
398 2245 1795 3074
874 2245 1795 3074
0 959 306 1560
45 1181 306 1560
1299 1142 2010 1729
1631 2337 2004 3028
176 1312 1142 2722
1096 1742 1729 2173
874 2278 1795 3074
1723 2598 2350 3263
1723 2780 2350 3263
450 1142 796 1514
0 959 293 1292
1403 0 2448 248
1658 235 2330 522
1658 267 2049 450
1645 2604 2004 3028
1051 1605 1566 2030
489 2852 724 3218
0 594 300 776
0 0 2030 1390
685 0 2030 1305
0 2239 293 3009
169 1827 665 2102
274 1827 665 2095
1403 0 2369 221
1403 0 2193 202
0 1625 319 2075
398 2663 933 2957
1037 1083 1566 1383
2004 235 2330 522
241 0 783 189
241 0 652 176
417 2193 1064 2722
417 2193 1064 2650
417 2193 972 2650
417 2193 802 2650
417 2376 776 2650
0 300 1077 1390
0 300 1077 1279
78 300 1077 1279
78 724 1077 1279
176 1312 1142 2643
176 1684 1142 2643
176 1729 1077 2643
176 2036 881 2643
979 2088 1403 2421
750 1135 1122 1442
1083 1605 1566 2030
1749 2317 2173 2663
137 300 959 940
1984 718 2284 1168
215 300 959 940
2082 430 2297 665
1377 1142 2010 1729
1540 1142 2010 1729
685 0 1971 770
685 0 1788 626
1148 0 1788 326
2173 2102 2448 2650
91 456 326 639
19 2689 228 3068
1880 1299 2323 1671
476 1312 1005 1925
718 2748 1266 3263
0 0 306 287
1377 2004 1847 2467
685 0 1605 626
685 0 1253 228
822 150 1605 626
1377 2004 1847 2337
202 724 1077 1279
731 633 2030 1305
215 535 959 940
267 535 959 868
202 926 1077 1279
1318 633 2030 1305
1318 652 2030 1305
1148 0 1749 326
1279 1605 1566 1951
1318 855 2030 1305
176 2056 665 2643
731 718 1481 1161
2206 3133 2356 3263
1723 3126 1958 3263
1625 3120 1762 3263
345 3113 574 3263
84 3055 235 3205
2291 3042 2448 3263
1279 3042 1723 3263
411 3042 600 3231
0 3035 150 3231
607 3022 822 3263
718 3015 1266 3263
489 3009 652 3218
1664 2963 1867 3133
1109 2937 1410 3263
1031 2931 1292 3100
1494 2924 1723 3153
261 2859 541 3139
1279 2852 1475 3042
522 2852 724 3081
600 2839 894 3113
1716 2826 1919 3028
1788 2780 2350 3263
19 2780 221 3068
1481 2774 1795 3028
202 2761 424 2963
1037 2754 1246 2911
815 2748 1214 3113
1488 2741 1638 2891
267 2715 535 2872
678 2696 815 2826
398 2676 731 2957
691 2663 933 2852
1964 2637 2448 3074
1475 2624 1677 2780
1645 2604 2004 2898
1991 2598 2193 2904
97 2572 319 2748
802 2558 1018 2741
483 2552 652 2754
339 2545 626 2767
91 2545 241 2702
1912 2526 2102 2702
1977 2519 2154 2656
267 2513 430 2761
2141 2500 2448 2735
718 2474 1064 2650
417 2454 620 2650
1436 2382 1880 2780
567 2376 776 2565
176 2356 535 2643
1631 2337 1893 2669
744 2330 972 2539
1827 2317 2173 2663
874 2278 1605 3074
326 2278 463 2467
1377 2271 1723 2467
1109 2265 1286 2421
274 2265 430 2428
1240 2245 1514 2402
0 2239 293 2565
2173 2212 2448 2650
189 2206 463 2421
91 2199 235 2343
594 2193 802 2421
822 2186 1037 2376
1011 2154 1155 2310
1410 2141 1560 2310
835 2128 1005 2304
2102 2115 2337 2558
0 2115 326 2323
2317 2102 2448 2304
979 2088 1403 2304
345 2056 665 2493
1573 2049 1847 2337
0 2049 267 2193
633 2036 881 2356
1377 2004 1658 2278
1599 1991 2376 2474
1919 1977 2095 2147
1821 1977 2023 2186
300 1964 665 2095
1912 1912 2049 2056
796 1912 1109 2128
1096 1867 1729 2173
2291 1853 2448 2134
2206 1853 2382 1984
1083 1853 1331 2030
1775 1847 1958 2056
254 1840 385 1971
274 1827 496 2010
1599 1821 1821 2036
1834 1762 2030 1964
169 1749 319 1984
1475 1742 1645 1880
1051 1736 1286 1951
443 1729 1077 2173
1279 1716 1475 1951
1801 1710 2030 1880
848 1684 1142 1945
1971 1671 2448 2056
1507 1664 1834 1971
0 1625 274 2075
1390 1605 1566 1860
2297 1592 2448 1775
1919 1592 2108 1749
378 1579 515 1742
1527 1573 1710 1801
1703 1553 1867 1827
1161 1527 1494 1756
137 1521 339 1690
0 1514 176 1671
248 1501 567 1880
58 1494 241 1631
1880 1488 2219 1671
1148 1462 1357 1651
398 1449 626 1703
1540 1442 1729 1625
1299 1396 1507 1547
933 1396 1312 1795
2082 1390 2448 1716
0 1357 163 1553
1377 1344 1586 1592
476 1338 1005 1925
1051 1325 1292 1586
1142 1318 1299 1540
306 1318 443 1521
691 1312 998 1671
45 1305 287 1560
1938 1299 2323 1566
202 1279 385 1488
998 1266 1194 1416
1155 1253 1338 1383
509 1246 796 1514
1383 1233 1566 1383
313 1214 646 1390
2212 1201 2369 1338
1423 1188 1651 1383
1024 1181 1201 1344
45 1181 306 1338
2167 1161 2448 1449
2069 1155 2323 1338
221 1155 437 1292
1906 1142 2173 1370
1625 1142 2010 1729
750 1135 1122 1390
0 1135 130 1292
1299 1116 1429 1246
1037 1083 1410 1331
202 1064 698 1246
1964 1057 2154 1233
1305 1005 1462 1175
1318 972 1971 1305
0 959 293 1227
1514 953 1684 1096
561 953 770 1129
1396 926 1573 1077
665 926 1077 1279
1605 861 1853 1155
1690 855 2030 1090
678 848 815 1005
2088 835 2448 1233
2154 815 2350 946
78 802 365 1090
874 789 1481 1161
1984 783 2206 1168
215 757 554 940
1377 744 1507 881
1853 731 2043 900
470 724 874 1077
2121 718 2284 920
731 718 1051 959
2297 691 2448 900
267 665 678 868
1475 652 1873 1031
959 639 1364 900
1488 633 1664 796
1795 607 2180 829
979 600 1161 763
117 600 274 731
913 580 1044 744
1272 561 1462 698
2239 535 2448 731
2186 535 2421 672
620 535 959 783
332 509 502 639
2082 496 2219 665
698 496 855 672
104 470 326 639
1795 463 2004 613
1051 463 1259 659
776 463 1161 672
1325 456 1618 600
235 456 404 659
1507 411 1971 770
848 365 1083 548
1899 352 2134 626
2258 345 2448 548
652 332 881 522
1547 326 1723 456
1658 319 1814 450
404 300 750 613
261 280 515 528
1756 267 2049 437
737 267 972 417
1449 254 1697 437
2134 241 2330 372
143 241 306 456
2004 235 2323 522
1181 228 1605 626
0 215 235 594
1090 202 1344 424
822 150 1240 502
1716 137 1899 267
241 137 404 313
417 124 646 411
1951 117 2448 424
287 104 463 352
2239 97 2448 248
0 71 306 287
1481 65 1788 274
1299 65 1749 326
541 45 783 365
1827 32 1997 182
2030 0 2369 221
1847 0 2193 143
1403 0 1893 202
1148 0 1494 208
920 0 1253 228
685 0 1057 195
607 0 783 189
241 0 567 176
0 1135 2448 3263
0 0 2448 2304
1560 2976 1925 3153
1135 241 2448 2304
0 0 2448 1462
0 1135 1834 2421
0 1977 2448 3263
1181 241 2448 2304
1964 1775 2141 2062
998 1188 1194 1416
1051 1253 1475 1651
0 2036 1155 3263
1142 1253 1475 1540
137 1840 385 2036
0 332 1560 1462
1305 744 1560 959
0 0 2448 639
97 2572 319 2774
0 332 1481 1462
1481 2774 1795 3055
1912 2115 2337 2702
1377 744 1560 959
678 2558 1018 2826
0 332 1481 1390
1690 241 2448 2304
1834 241 2448 2304
1051 1325 1357 1651
411 1977 2448 3263
1181 411 2180 1827
594 2128 1005 2454
750 2128 1005 2454
515 104 711 326
411 2278 1919 3263
1377 1977 2448 3263
1240 2141 1612 2402
1240 2141 1560 2402
1396 926 1684 1096
522 2278 1919 3263
796 1325 1834 2421
58 2545 241 2800
58 2656 228 2800
1625 3120 1958 3263
1658 137 2049 450
0 1135 1077 2323
202 1155 443 1547
848 1325 1834 2421
848 365 1259 763
848 365 1259 659
1690 1710 2030 2095
1024 1005 1462 1344
1024 1083 1410 1344
143 104 515 639
1834 815 2448 2304
1775 1710 2030 2056
0 1827 665 2323
411 3009 652 3231
0 1135 1077 2173
1984 241 2448 1168
2082 241 2448 744
1037 2754 1246 2983
463 0 783 189
979 1442 1834 2421
744 2154 1155 2539
202 1155 437 1488
2082 241 2448 672
169 1964 665 2102
254 887 561 1037
0 2036 1064 3263
0 332 1161 1090
2291 1853 2448 2304
1834 815 2448 2056
1834 1762 2049 2056
143 104 515 528
143 241 515 528
1377 1977 2376 2904
1821 1977 2095 2186
1880 815 2448 2056
1181 411 2180 1592
1181 456 1638 763
137 1521 339 1756
0 1135 306 1671
0 1135 306 1338
1625 998 2173 1827
1716 137 2049 437
0 2480 424 3263
0 2976 398 3263
0 2480 424 3068
0 2480 221 3068
2082 241 2448 665
2082 345 2448 665
0 0 2448 626
1148 0 2448 626
0 2056 1064 3263
874 2278 1677 3074
0 456 326 776
1181 456 1618 763
848 1325 1475 2069
848 1684 1475 2069
848 1684 1475 1951
848 1684 1286 1951
522 2748 1919 3263
1272 456 1618 763
1299 411 2180 1592
1299 1188 1651 1592
261 2454 626 3263
267 2454 626 2872
2082 430 2350 665
1880 835 2448 2056
933 1325 1312 1795
1377 1188 1651 1592
1377 1233 1586 1592
339 2454 626 2767
261 2859 574 3263
0 2056 1064 2722
0 470 326 776
0 470 326 711
1161 1442 1834 1971
1494 2826 1919 3153
1664 2826 1919 3133
1377 1991 2376 2904
2082 489 2350 665
0 1305 287 1671
0 2056 855 2722
1148 0 1494 326
979 1867 1729 2421
0 0 1788 626
0 0 567 594
1625 1057 2173 1827
78 332 1161 1090
607 2558 855 2722
0 0 404 594
1507 1488 1834 1971
1161 1442 1729 1860
1390 1442 1729 1860
1390 1553 1566 1860
0 1246 1077 2173
0 639 1481 1390
137 332 1161 868
235 456 483 737
78 757 554 1090
1788 2212 2448 3263
398 1246 1077 2173
0 724 874 1390
313 1142 724 1390
404 0 1788 626
685 0 1344 424
1436 1991 2376 2904
1403 0 2448 626
1795 235 2323 626
0 1305 287 1560
1148 0 1494 274
0 2056 776 2643
1625 1057 2173 1729
2088 835 2448 1449
404 45 1788 626
274 2056 776 2565
443 1246 1077 2173
208 137 404 319
1795 352 2134 626
979 1867 1729 2304
665 639 1481 1390
1403 0 2448 424
1318 411 2180 1305
1475 411 2180 1090
522 2748 1723 3263
1109 2937 1723 3263
0 724 874 1246
404 45 972 613
404 45 783 613
522 2748 1266 3263
404 124 750 613
0 1501 567 2075
169 1501 567 1984
1436 1991 2376 2780
1436 2337 1893 2780
0 2239 535 2643
1951 0 2448 424
202 724 874 1246
822 65 1788 626
267 332 1161 868
1475 411 2180 1031
1475 411 1971 1031
600 2748 1266 3263
1299 65 1788 326
1880 1299 2448 2056
1880 1299 2448 1716
665 639 1481 1279
345 2056 776 2565
600 2748 1214 3113
1318 861 1971 1305
652 332 1161 672
1645 2598 2193 2904
1625 1142 2173 1729
665 718 1481 1279
443 1312 1077 2173
202 953 770 1246
1599 1991 2376 2663
665 718 1077 1279
2141 2212 2448 2735
1788 2637 2448 3263
1475 1847 1651 1991
443 528 2448 3263
1051 1129 1462 1651
0 2212 248 2382
0 2239 189 2382
763 1834 1259 2474
1932 1997 2415 2696
1631 1814 1958 2108
483 2552 763 2780
1299 1116 1488 1286
1051 1253 1462 1651
1051 1318 1357 1651
1690 1814 1958 2108
1749 1814 1958 2056
1175 1344 1534 1769
822 1834 1259 2402
822 2088 1155 2402
822 2154 1155 2402
1723 2102 2448 3263
855 1834 1259 2141
221 920 561 1103
221 946 430 1103
1534 1266 1827 1501
496 430 815 594
71 2761 496 3146
71 2761 424 3146
1475 2774 1795 3055
378 1560 626 1742
1175 1344 1534 1742
137 267 489 502
137 267 372 496
1938 1997 2415 2696
169 0 2448 3081
802 496 2343 3081
0 0 1494 3263
1364 2160 1612 2369
169 0 2448 1175
913 1064 1103 1377
920 1064 1103 1286
933 1325 1292 1821
143 1945 496 2226
0 1272 659 2931
385 1729 580 1951
822 2154 1135 2369
1370 2271 1586 2487
711 221 1096 430
143 1945 496 2141
97 2885 352 3146
2219 202 2448 672
443 2284 2004 3263
1370 528 2448 2663
143 1951 378 2141
0 1547 659 2931
2219 202 2448 548
2219 202 2448 541
71 2761 424 3068
920 1834 1259 2141
920 1834 1181 2141
0 496 150 633
443 2722 1814 3263
1540 248 1860 450
1625 248 1860 450
2173 1201 2369 1396
600 2722 1814 3263
0 0 1494 2154
2088 815 2350 1181
2108 815 2350 1135
1370 861 2448 2663
0 2043 1083 3263
2219 345 2448 541
1853 496 2343 1423
1860 496 2343 1423
802 861 2010 3081
802 1664 1821 3081
1677 861 2448 2663
1827 1325 2291 1775
1860 718 2323 1423
65 1272 463 1631
1024 1005 1442 1383
600 2748 1814 3263
665 2748 1814 3263
1037 2754 1246 2976
0 2043 953 3263
26 2043 953 3192
1938 718 2323 1351
1024 1083 1410 1383
874 861 2010 1951
443 2800 842 3263
443 2800 842 3231
0 2983 574 3263
26 2043 926 3192
2082 496 2343 737
1468 0 2448 1175
0 0 678 1703
52 678 345 848
1370 1997 1775 2506
1370 1997 1775 2317
1331 450 1638 881
169 0 1847 626
691 0 1847 626
0 1155 385 1703
26 2043 926 2983
26 2102 926 2983
1370 1997 1775 2297
802 1873 1729 3081
169 0 783 496
1070 1873 1729 2467
1318 861 2010 1860
221 156 1494 2154
1436 2284 2004 3081
1331 450 1638 815
1396 1214 2010 1860
1396 1442 1775 1860
26 2212 926 2983
326 2212 926 2826
228 156 1494 1390
0 0 678 1279
874 1723 1488 1951
1116 1723 1488 1951
0 0 678 1057
1344 450 1638 815
0 600 411 1057
0 600 254 959
450 2212 926 2826
450 2212 926 2578
1318 861 1886 1605
1318 933 1886 1605
450 2212 822 2572
0 0 678 809
0 0 483 744
0 0 339 345
339 554 678 809
26 2343 776 2983
221 1135 1051 2154
332 796 1494 1390
1834 0 2448 535
1834 0 2448 404
1951 0 2448 404
228 156 1370 1083
228 580 1370 1083
1560 3061 1880 3263
659 3042 829 3263
1671 3002 1814 3133
0 2983 326 3263
1240 2937 1410 3100
71 2937 221 3068
176 2885 352 3068
443 2865 724 3231
189 2865 502 3192
1037 2839 1188 2976
639 2800 842 2950
1475 2774 1795 3048
665 2748 1723 3263
992 2715 1188 2859
1958 2656 2095 2852
1279 2604 1605 2800
1645 2578 2004 3081
613 2572 763 2715
26 2565 345 2983
483 2552 672 2780
737 2532 1083 2839
613 2532 855 2826
91 2526 274 2669
1938 2500 2154 2696
1370 2461 1507 2598
541 2382 822 2572
208 2343 776 2957
731 2337 926 2578
1377 2317 1514 2480
802 2297 1586 3081
1436 2284 1893 2800
326 2271 515 2461
1507 2265 1723 2506
2108 2258 2245 2506
1109 2226 1507 2467
450 2212 665 2493
91 2212 248 2343
972 2186 1155 2402
822 2186 1037 2369
1534 2141 1703 2317
809 2121 953 2304
496 2102 711 2258
1605 2043 1775 2271
580 2043 874 2265
163 2043 450 2226
0 2036 659 2931
2108 1997 2415 2558
1370 1997 1638 2297
169 1997 378 2141
1912 1951 2088 2115
1083 1893 1259 2036
1631 1873 1808 2036
1070 1873 1729 2310
1782 1860 1958 2056
966 1834 1181 2095
1834 1762 2088 1991
1116 1742 1292 1919
874 1729 1122 1951
1214 1723 1488 1951
1788 1697 2023 1880
1553 1664 1821 1991
1827 1605 2095 1775
1396 1592 1710 1860
1703 1553 1867 1762
0 1547 443 2193
221 1514 561 1860
1175 1507 1534 1742
946 1507 1103 1638
1142 1488 1357 1651
65 1462 345 1631
1579 1442 1775 1697
1377 1364 1625 1605
1534 1357 1710 1501
933 1357 1292 1821
1214 1344 1507 1547
1880 1325 2291 1671
1051 1325 1286 1579
0 1305 385 1703
293 1272 463 1534
1625 1266 1827 1396
202 1266 345 1396
1194 1253 1462 1403
541 1246 835 1540
1638 1214 2010 1703
1024 1188 1194 1383
2062 1175 2323 1351
0 1155 306 1410
1860 1148 2141 1423
261 1135 1051 2154
1070 1083 1410 1331
959 1070 1103 1286
920 1064 1070 1194
1168 1018 1318 1161
1305 1005 1442 1181
567 985 750 1175
0 959 515 1279
2108 940 2239 1135
1318 933 1886 1416
332 874 1044 1390
1605 861 1880 1148
78 822 411 1057
1690 802 1827 959
874 796 1494 1090
0 776 130 959
1853 731 2095 920
1938 718 2284 1227
228 718 1057 1083
1370 711 1560 881
52 678 287 815
339 620 678 809
0 600 254 829
1416 580 1638 815
894 580 1370 894
489 554 672 685
2232 528 2448 900
2239 522 2421 672
2082 496 2343 685
620 496 959 802
1344 450 1592 646
332 437 476 594
1018 424 1272 659
2219 385 2376 541
137 359 372 496
2258 345 2448 515
1625 319 1808 450
261 300 489 502
2010 274 2297 535
1468 267 2180 1175
150 267 300 411
1540 248 1697 411
855 235 1096 430
711 221 900 424
0 215 483 744
404 208 711 607
2317 202 2448 404
1070 189 1344 470
659 156 1240 691
1749 84 1899 267
1951 71 2350 404
1834 39 2023 287
0 39 339 345
2134 0 2448 248
1847 0 2193 169
1383 0 1847 280
691 0 1782 626
215 0 502 130
0 0 2448 1416
0 861 2448 3263
1560 861 2448 3263
0 874 2141 3263
0 1873 2004 3263
926 2088 1135 2278
0 874 2141 2226
2219 385 2448 672
1024 78 1266 261
137 267 489 594
137 267 476 594
1677 861 2448 3263
2088 940 2239 1181
0 0 1560 1175
855 946 2141 2108
1194 1253 1507 1547
920 946 1318 1194
933 946 1318 1161
1024 1018 1318 1161
0 874 1051 2226
52 678 287 887
1932 1997 2415 2852
2219 385 2448 548
607 2558 763 2715
659 0 2448 1416
1938 1997 2415 2852
1318 267 2448 1416
293 3120 574 3263
443 1873 2004 3263
802 1873 2004 3081
659 0 2448 691
855 1005 2141 2108
1690 1697 2023 2108
1749 1697 2023 2056
1938 1299 2167 1534
1749 1697 2023 2049
855 1005 2141 2095
959 1005 1442 1331
1070 1005 1442 1331
1938 1299 2075 1534
1364 2160 1612 2487
0 2036 1083 3263
594 2121 953 2474
594 2193 848 2474
855 1148 2141 2095
855 1742 1292 2095
