0 0 3263 2448
293 1031 509 1207
776 2245 1024 2448
104 424 254 633
0 1103 150 1338
2741 2160 2924 2448
972 1266 1168 1534
998 1266 1168 1501
1175 1599 1351 1762
2741 2232 2891 2448
2519 561 2780 985
2519 561 2735 985
1853 744 2428 1390
2598 835 2780 979
1331 842 1631 1292
0 456 705 953
2970 1161 3263 1579
2970 1175 3263 1579
2976 1175 3263 1540
2624 0 3263 607
2630 378 2846 607
1390 1018 2878 2265
2624 0 3263 515
926 450 1423 920
613 1005 959 1527
626 1005 959 1423
1325 150 1625 489
1736 0 2408 470
1442 1018 1631 1292
1736 58 2408 470
228 0 456 182
1325 150 1540 332
0 470 3042 2036
1801 620 2154 822
1801 620 2082 822
2056 1749 2976 2448
3035 463 3263 887
0 502 705 953
802 750 972 1037
2049 1018 2878 1782
2049 1403 2376 1631
2904 1997 3263 2310
1801 58 2408 417
0 1416 1710 2448
2904 1997 3231 2310
2624 0 3263 496
3120 0 3263 137
2141 1018 2878 1782
1736 182 1971 470
1801 235 1971 470
926 450 1214 659
3035 633 3263 887
926 502 1214 659
2121 502 2395 705
313 1932 496 2069
2944 1997 3231 2284
2944 1997 3126 2212
176 1880 515 2330
176 1977 515 2330
1853 744 2428 1266
2402 1018 2878 1618
2402 1018 2865 1449
2193 528 2395 705
2056 1749 2950 2448
0 0 2265 1272
443 0 3263 2448
0 1599 1710 2448
2480 1018 2865 1449
339 1357 796 1853
450 1357 796 1853
450 1410 796 1853
450 1638 796 1853
0 470 2663 2036
1507 1664 1736 1801
1853 744 2428 1077
1070 58 1351 326
2839 1083 3055 1292
959 541 1423 920
443 2095 1122 2448
1749 959 2069 1246
1390 1292 2154 2265
1383 293 1625 489
1383 293 1625 424
1077 1899 1338 2173
1801 58 2330 417
3035 633 3263 809
2630 1338 2878 1618
1005 541 1423 920
1005 580 1286 920
1037 770 1286 920
2624 0 3211 496
1390 2297 1684 2448
2480 1024 2865 1449
2604 1233 2865 1449
2141 652 2500 953
2141 652 2487 829
2056 1749 2852 2448
182 1880 450 2010
2519 607 2735 985
2630 1338 2859 1547
2676 0 3211 319
2676 0 3211 274
2761 0 3211 274
372 319 711 580
685 1880 1051 2108
3081 463 3263 691
476 319 711 580
1390 672 1742 1272
1390 672 1742 1070
966 0 3263 2448
443 2115 998 2448
0 0 2265 1103
815 1103 1403 1488
2141 1377 2715 1782
0 1749 1005 2448
1880 0 3263 2448
2709 1083 2904 1357
2709 1083 2904 1292
966 1775 2023 2448
815 1103 1318 1488
0 0 293 137
3035 1175 3263 1540
411 0 933 274
411 0 900 274
2219 0 2865 489
2461 39 2865 489
626 1005 959 1292
1553 1370 2154 2265
1553 1403 2154 2265
1880 71 3263 2448
0 796 829 2036
3081 920 3263 1292
1925 1782 2245 2448
0 809 829 2036
2461 39 2865 378
411 0 815 274
0 1749 913 2448
0 1749 789 2448
0 541 705 953
326 541 705 926
326 541 685 907
2461 84 2865 378
567 470 2663 1860
567 470 1501 1292
261 1977 515 2330
731 0 1142 169
2219 0 2820 293
737 783 2663 1860
737 907 2663 1860
1547 757 1945 1103
1547 757 1945 972
659 2115 998 2448
2480 1749 2852 2069
3061 1377 3263 1971
783 1880 1051 2108
1880 1423 2715 1893
2056 1521 2715 1893
2167 1645 2715 1893
2480 1749 2852 2017
2558 1749 2852 2017
613 1599 1710 2278
0 0 2265 868
1925 1840 2245 2448
1991 1840 2245 2343
1991 1840 2245 2291
966 1775 1938 2448
1390 1292 1749 1599
0 809 757 2036
2141 1377 2715 1775
1801 319 2265 698
1801 319 2265 626
2199 1377 2715 1775
2317 1377 2715 1762
2448 1377 2715 1762
3081 1031 3263 1292
2167 1645 2506 1893
1553 1507 2154 2265
0 1749 783 2448
0 1749 502 2448
815 1103 1318 1449
2219 71 3263 2448
3022 1808 3263 2173
2506 1867 3263 2448
2506 1971 3263 2448
3061 1573 3263 1971
1462 672 1742 1011
2539 607 2735 985
0 1749 424 2448
0 1749 293 2448
0 1971 293 2448
2056 1808 2696 2448
567 470 1429 1292
613 600 1429 1292
613 646 1429 1292
829 646 1429 1292
855 698 1429 1292
0 0 2102 868
0 65 1566 711
2219 0 2820 267
0 1292 659 2036
2604 84 2865 378
0 1390 659 2036
0 515 332 711
3068 1729 3263 1971
2219 71 3263 1991
1018 0 2102 868
2128 1808 2696 2448
0 809 757 1475
0 842 757 1475
705 2115 998 2389
65 842 757 1475
966 1775 1873 2448
966 2010 1873 2448
2859 71 3263 496
2872 71 3263 378
2219 261 3263 1991
2565 946 3172 1991
2565 1194 3172 1991
2565 1292 3172 1991
1077 2010 1873 2448
1077 2102 1618 2448
1364 2102 1618 2363
855 698 1318 1292
1377 907 2663 1507
1638 907 2663 1507
2239 907 2663 1488
2134 1083 2291 1390
2885 0 3211 267
2219 261 3263 1083
2219 287 3263 1083
2160 1808 2696 2356
1801 58 2278 417
613 1599 1671 2271
613 1645 1671 2271
0 1390 659 1951
0 900 489 1168
0 65 1488 711
0 97 1011 600
0 97 822 600
65 959 757 1475
176 959 757 1475
2624 1971 3263 2448
1801 84 2252 417
737 1175 1736 1860
737 1175 1736 1723
1638 1161 2337 1507
1077 2186 1475 2448
1142 0 2102 868
1142 176 1899 868
1142 241 1899 868
1801 319 2193 626
2565 1383 3172 1991
2565 1475 2826 1808
1142 443 1860 868
1403 443 1860 783
1553 1540 2154 2265
1553 1540 2095 1886
1553 1540 1964 1860
2323 391 3263 1083
613 1749 1592 2271
913 1749 1592 2271
0 1390 443 1951
2683 1383 3172 1991
326 541 567 907
2696 1971 3263 2448
2696 1971 3113 2448
1018 1749 1592 2271
1018 1749 1468 2017
737 1175 1736 1710
2212 1808 2696 2356
417 2043 783 2434
417 2043 783 2317
2323 0 2820 248
855 698 1318 1161
757 65 1488 711
0 633 398 953
2741 1971 3113 2448
110 900 489 1116
757 1201 1736 1710
940 1423 1736 1710
1116 1423 1736 1710
0 1390 411 1951
0 1390 411 1886
0 1553 228 1886
1586 2010 1873 2448
2735 1383 3172 1991
2872 71 3139 378
0 97 783 600
2323 398 3263 1083
2663 626 3263 1083
2663 672 3263 1083
2663 672 3048 1083
2735 1383 3172 1788
1116 1423 1631 1710
757 65 1416 711
2323 398 3263 842
2885 0 3159 215
1207 0 2102 228
1370 0 2102 228
1116 1867 1592 2271
1638 1201 2337 1507
855 698 1227 1161
0 97 574 600
0 176 430 600
1684 1729 2154 2265
1638 0 2102 228
757 293 1416 711
2506 398 3263 705
1684 1840 2121 2265
176 959 757 1429
2741 2317 2885 2448
2056 2317 2278 2448
1390 2317 1560 2448
2363 2310 2572 2448
1534 2297 1684 2448
1840 2271 1991 2448
1586 2265 1867 2448
3094 2252 3263 2448
228 2245 502 2448
966 2239 1155 2448
1390 2232 1618 2363
424 2232 678 2434
1716 2226 1938 2395
1227 2226 1475 2448
1925 2219 2160 2448
2023 2212 2154 2343
2128 2206 2382 2448
0 2206 163 2395
3009 2199 3159 2389
2793 2199 3113 2448
137 2199 293 2448
1077 2186 1344 2434
2904 2180 3107 2310
1834 2173 2004 2330
1011 2154 1142 2291
78 2154 248 2323
3094 2134 3231 2284
705 2134 868 2389
2160 2115 2565 2330
822 2115 998 2278
2624 2102 2793 2376
1364 2102 1547 2271
176 2102 411 2304
985 2095 1122 2258
1867 2069 2023 2252
554 2069 783 2317
1116 2062 1410 2271
600 2049 789 2226
417 2043 594 2252
2891 2030 3048 2186
1468 2030 1710 2278
2696 2023 2833 2245
665 2023 913 2206
261 2023 404 2173
1605 2010 1873 2284
1462 2004 1625 2134
868 2004 1005 2147
0 1991 137 2239
176 1984 339 2173
3087 1977 3263 2173
2624 1977 2767 2115
332 1977 515 2330
2741 1971 2931 2271
0 1971 254 2252
2069 1964 2245 2291
2395 1938 2696 2356
2186 1938 2317 2219
1919 1938 2121 2265
1024 1938 1175 2134
2258 1925 2434 2212
1233 1912 1377 2088
2493 1906 2637 2069
1077 1899 1338 2069
815 1880 1051 2095
182 1880 326 2010
2918 1867 3068 2062
1246 1867 1592 2160
430 1853 711 2134
2748 1840 2950 1977
1991 1840 2219 1984
1684 1840 2082 2069
2637 1834 2852 2017
0 1834 182 2036
3120 1821 3263 1971
2330 1821 2506 1964
3022 1808 3263 2023
2212 1808 2474 2030
913 1808 1090 1977
2480 1801 2643 1932
1664 1788 1801 1977
613 1788 940 1919
215 1782 424 1932
1527 1775 1742 2062
365 1769 652 1971
2558 1749 2741 1964
1188 1749 1468 2017
3068 1729 3263 1899
1964 1729 2154 1880
2826 1723 3081 1991
2683 1710 2924 1880
2271 1710 2506 1893
691 1697 913 1860
150 1697 443 1867
0 1684 143 1886
2493 1677 2715 1847
1795 1664 2095 1886
1599 1664 1736 1801
959 1658 1181 1860
124 1651 280 1951
2167 1645 2343 1821
1403 1645 1671 1951
574 1638 796 1827
2408 1625 2565 1782
1945 1618 2088 1762
796 1599 985 1756
2676 1592 2826 1808
2500 1592 2715 1762
1318 1592 1488 1775
1664 1579 1964 1860
998 1579 1325 1821
3061 1573 3263 1756
2199 1566 2454 1775
874 1566 1024 1723
215 1566 404 1749
339 1560 659 1795
0 1553 228 1710
1553 1540 1788 1677
2141 1521 2284 1651
2735 1514 3061 1788
1664 1507 1919 1638
352 1488 600 1618
2565 1475 2767 1671
2317 1475 2513 1631
1475 1468 1736 1605
1116 1442 1364 1638
940 1436 1161 1618
1390 1429 1618 1599
1880 1423 2108 1638
1312 1423 1631 1710
757 1416 953 1612
580 1410 789 1658
2199 1403 2376 1631
1697 1403 1932 1579
339 1403 548 1573
0 1396 182 1631
97 1390 411 1651
2898 1383 3172 1729
3113 1377 3263 1605
2448 1377 2689 1671
1899 1370 2121 1514
509 1357 685 1547
2284 1351 2467 1534
2976 1344 3166 1475
2676 1338 2859 1547
1253 1325 1436 1507
2722 1318 2865 1449
1090 1318 1272 1488
235 1305 378 1475
2780 1292 3022 1638
1573 1292 1749 1468
0 1292 378 1534
1148 1279 1318 1449
1005 1266 1168 1416
1638 1253 1932 1507
705 1253 835 1423
2604 1233 2735 1403
1377 1220 1684 1462
2395 1214 2650 1390
1853 1201 2337 1494
1266 1201 1403 1364
757 1201 1031 1573
2846 1194 3081 1357
3035 1175 3263 1494
2754 1161 2904 1292
2402 1142 2558 1286
176 1142 515 1429
2186 1129 2317 1266
815 1103 1168 1344
411 1103 744 1475
0 1103 150 1266
1064 1090 1259 1292
65 1090 306 1351
2709 1083 2885 1214
2134 1083 2271 1279
1338 1077 1501 1259
626 1077 959 1292
2239 1070 2565 1488
3081 1057 3218 1292
1540 1057 1736 1272
1462 1051 1631 1292
1566 1044 1847 1292
2069 1037 2212 1181
3133 1031 3263 1188
352 1031 509 1188
2480 1024 2813 1266
1442 1018 1573 1175
0 1018 202 1168
2167 1005 2337 1142
1932 998 2154 1266
2624 979 3042 1161
110 972 359 1116
1749 959 2004 1175
424 959 757 1279
2937 946 3166 1253
1116 940 1429 1259
672 933 829 1175
2095 920 2284 1077
959 913 1227 1142
6 913 176 1090
2304 907 2663 1148
1592 907 1834 1103
261 900 489 1096
130 881 306 1031
1390 874 1664 1070
802 848 972 1037
1553 842 1742 1011
1331 842 1481 1155
470 842 659 1024
1155 835 1318 1037
378 835 528 985
2787 815 3048 1083
2539 815 2722 985
1690 809 1945 972
0 809 306 953
2989 796 3263 1057
992 796 1168 959
1266 789 1403 1011
2434 783 2591 953
2284 776 2500 953
665 776 842 959
1037 770 1240 907
2878 750 3035 881
809 750 946 894
548 750 705 926
1853 744 2428 1051
0 737 137 881
855 698 1077 1161
2532 691 2669 835
1801 678 1991 822
1677 678 1847 829
2663 672 2904 1024
1997 672 2154 815
1462 672 1638 933
339 672 567 907
613 665 907 842
470 665 639 815
2193 659 2487 829
3126 633 3263 809
1142 633 1514 868
124 633 398 953
0 633 221 770
2859 626 3113 822
2722 620 2859 783
1912 620 2082 802
2558 607 2735 842
1279 607 1475 770
613 600 835 744
1005 580 1266 822
502 580 685 750
2519 561 2676 698
3081 554 3263 691
2252 541 2395 691
1181 541 1423 737
326 541 522 718
2323 528 2578 842
2062 515 2206 698
182 515 332 711
2350 502 2500 646
430 502 587 652
1938 483 2108 646
1553 470 1860 783
567 470 835 646
1801 463 1945 626
2506 443 2774 705
1403 443 1690 744
528 404 737 594
2748 398 3263 698
2787 391 2944 587
2630 378 2767 509
2317 378 2539 554
372 378 515 515
182 378 319 515
1364 372 1566 580
1429 359 1592 489
2134 345 2265 580
1475 339 1729 470
476 326 633 580
1899 319 2193 561
554 319 711 470
2963 300 3263 470
1051 293 1416 613
757 293 1122 711
724 293 946 502
2219 287 2441 594
2859 267 3120 496
2454 261 2591 463
2069 261 2252 411
1253 248 1488 391
613 248 822 456
1618 241 1899 496
2624 208 2924 496
2983 189 3139 378
267 182 430 502
1507 176 1769 339
0 176 319 600
2604 169 2780 378
1338 169 1540 332
802 169 1011 372
404 130 783 365
1964 104 2102 326
0 104 156 345
3055 97 3211 267
319 97 574 332
110 97 300 254
3107 91 3263 345
2330 91 2513 293
1501 91 1684 274
2683 84 2865 306
1801 84 2102 417
2872 71 3055 306
0 71 163 208
953 65 1142 339
2069 58 2278 326
1135 58 1351 326
2173 52 2323 202
2578 39 2728 228
541 32 815 274
2931 0 3159 215
2761 0 2944 274
2323 0 2820 176
2219 0 2382 267
2069 0 2199 130
1860 0 2102 202
1638 0 1912 228
1370 0 1658 215
1207 0 1449 221
1018 0 1246 156
953 0 1142 150
731 0 1031 169
665 0 900 143
502 0 705 176
411 0 574 143
228 0 385 182
84 0 293 137
0 0 2780 2448
0 470 2519 2448
0 0 2780 1011
2069 0 3263 2448
0 1370 2376 2448
0 0 2735 1011
0 470 2519 1821
1070 130 1214 319
972 1377 1109 1534
2519 659 2669 835
0 1390 2376 2448
2147 0 2323 202
926 450 1214 731
228 287 587 652
319 287 587 652
0 1390 2317 2448
1886 1573 2088 1762
926 502 1214 731
868 2004 1122 2258
1801 235 2023 470
372 287 587 652
0 470 1475 1573
868 2004 1037 2212
2408 261 2591 463
940 744 2519 1821
2226 776 2519 1031
1677 678 1991 829
2761 2160 2924 2343
1834 280 2023 470
417 1853 815 2252
417 1853 809 2252
417 1853 711 2252
940 744 2428 1821
2036 1233 2212 1364
3055 0 3263 267
0 1749 450 2173
0 1749 450 2069
2069 907 3263 2448
0 470 1429 1573
2970 1442 3198 1579
0 0 1769 789
2219 0 3263 1547
2604 84 2957 587
2624 195 2957 587
2787 378 2957 587
0 1749 450 2036
0 1749 424 2036
0 0 1769 711
2284 1351 2715 1782
2624 195 2924 509
548 750 711 926
2226 776 2500 1031
1383 300 1592 489
2330 1821 2656 2219
913 1521 2317 2448
1005 1077 1501 1449
1266 1077 1501 1364
1005 1090 1318 1449
1064 1090 1318 1449
2297 2278 2885 2448
2297 2278 2774 2448
2363 2278 2774 2448
502 0 900 176
0 1390 1618 2448
2434 2278 2774 2448
2062 502 2297 705
1814 1997 2023 2252
1064 1090 1286 1338
2904 2134 3263 2389
0 1292 737 1573
235 1305 737 1573
235 1305 685 1573
0 1991 248 2448
0 1991 248 2395
2904 2134 3231 2389
2748 1808 3263 2062
2748 1840 3068 2062
2134 1005 2337 1390
2330 1821 2637 2069
1462 1540 1788 2134
1135 0 2735 1011
1801 0 2408 417
443 2134 868 2448
2624 195 2924 496
372 378 587 652
3035 463 3263 848
3035 691 3179 848
1462 1664 1742 2134
1507 1664 1742 2062
156 1749 424 1984
0 0 1684 711
0 378 332 711
0 424 332 711
2395 1214 2865 1547
2604 1233 2865 1547
2121 502 2297 705
2219 0 3263 1475
2735 1161 3166 1475
235 1305 548 1573
2735 1161 3081 1357
1912 483 2735 985
2108 561 2735 985
1991 1521 2317 2219
1991 1782 2317 2219
2160 1886 2317 2219
2317 1475 2715 1782
2408 1592 2715 1782
2735 1194 3081 1357
424 933 959 1312
424 933 959 1292
0 0 1416 711
228 0 1011 372
228 0 815 274
913 1579 2278 2448
1834 2173 2278 2448
1840 2219 2278 2448
1840 2219 2160 2448
2069 1521 3263 2448
1912 483 2154 815
1253 91 1684 391
913 1579 2154 2448
1631 1690 1840 1977
2108 607 2735 985
2434 2278 2754 2448
1135 0 2500 1011
1462 672 1880 1011
1547 757 1880 1011
1527 1664 1742 2062
2193 607 2735 985
2434 607 2735 985
0 1390 1181 1971
0 1880 1618 2448
424 933 829 1279
450 1592 855 1853
574 1592 855 1827
659 2134 868 2448
0 97 300 345
0 470 835 1475
502 470 835 750
1534 2265 1867 2448
613 541 1429 1573
2239 907 3263 1991
3035 1175 3263 1971
3035 1175 3263 1899
3035 1175 3263 1756
3061 1377 3263 1756
2904 2180 3159 2389
2219 0 3263 1357
1135 0 2500 868
1801 287 2500 691
1801 287 2441 691
1338 91 1684 332
1331 744 2428 1357
2219 0 3159 489
2461 202 2663 489
2219 0 3159 293
2480 1749 2950 2023
2480 1749 2741 1964
1991 1782 2232 1984
1749 959 2004 1357
940 1201 2337 1821
1697 1370 2121 1638
913 1579 2154 2395
1227 2102 1618 2448
1116 1579 2154 2395
2219 0 3159 274
1116 1912 1410 2271
613 646 1429 1573
613 646 992 1037
665 776 972 1037
0 1880 1344 2448
783 1880 1338 2134
783 1880 1175 2134
2317 71 3263 1357
1005 541 1423 907
1005 580 1266 907
2317 378 3263 1357
2624 946 3166 1253
0 1991 163 2395
913 1808 1286 1977
1331 744 2428 1292
0 1971 1344 2448
0 541 744 1475
0 541 567 953
1090 1318 1436 1507
731 0 1246 169
1390 744 2428 1292
2069 1925 3263 2448
2891 1977 3263 2186
757 698 1429 1573
2141 1521 2513 2128
2239 907 3172 1991
2239 907 2885 1671
2239 907 2885 1488
3028 1977 3263 2173
0 1390 985 1971
2141 1521 2506 2030
1135 0 2102 868
1135 0 2102 326
2167 1566 2506 2030
2167 1566 2506 1893
1697 1370 2121 1579
1899 287 2441 594
1899 319 2265 580
0 835 744 1475
874 1566 1181 1860
0 1971 1155 2448
776 2239 1155 2448
2069 58 2278 411
0 1553 443 1951
0 1553 280 1951
1364 241 1899 783
1475 241 1899 783
0 1971 998 2448
424 2023 998 2434
554 2023 998 2317
339 1410 985 1971
0 1971 502 2448
0 65 1416 711
1912 483 2108 802
365 1416 985 1971
365 1697 940 1971
365 1769 940 1971
1011 2154 1344 2434
1188 1579 2154 2395
1605 1579 2154 2395
319 65 1416 711
319 97 946 594
319 97 822 594
319 97 822 456
404 130 822 456
2317 378 3263 1024
2317 378 2578 842
1801 463 1964 691
1377 1201 2337 1507
2761 0 3159 274
2761 0 3087 274
1390 809 1945 1292
2787 626 3263 1357
65 835 744 1475
261 835 737 1096
261 835 659 1096
261 842 659 1096
2787 626 3263 1188
2787 626 3263 1083
2787 633 3263 1083
1540 809 1945 1292
1592 809 1945 1103
2565 1475 3081 1991
2565 1475 3061 1880
2128 1925 3263 2448
2624 1971 2931 2271
2793 2199 3263 2448
1188 1645 1710 2278
3081 1057 3263 1357
65 972 744 1475
65 1090 744 1475
176 1103 744 1475
2683 1514 3061 1880
940 1423 1919 1821
998 1579 1488 1821
2624 1977 2833 2245
339 1410 789 1795
940 1423 1919 1710
1364 372 1690 744
613 646 992 842
757 698 1318 1573
2506 398 3263 1024
1475 241 1899 496
2128 1925 2793 2448
757 1416 985 1756
815 698 1318 1344
2128 1925 2696 2448
1227 2226 1618 2448
2787 796 3263 1083
1188 1645 1671 2160
1540 1044 1847 1292
1312 1423 1736 1710
600 2023 998 2278
1664 1579 2154 2069
757 65 1142 711
2506 443 2904 1024
2128 1925 2565 2448
2160 1925 2565 2330
600 2023 913 2226
2239 907 2813 1488
2304 907 2813 1266
1605 2010 1938 2395
1664 1579 2095 2069
1664 1579 2095 1886
1188 1749 1592 2160
430 1853 691 2134
979 1299 1168 1534
985 1299 1168 1494
1390 2297 1821 2448
1514 678 1847 881
1175 1560 1383 1775
2552 607 2735 985
1827 0 2330 417
1827 58 2330 417
215 1566 417 1756
2963 261 3263 483
2839 1083 3081 1292
2839 1083 3081 1286
0 1292 2154 2448
2963 261 3263 463
1853 646 2715 1775
2572 0 3211 502
1547 1044 1925 1364
1547 1044 1840 1292
0 1194 221 1462
0 1318 221 1462
2572 0 3211 463
959 502 1423 920
2434 1018 3022 1436
3028 1161 3263 1756
3028 1161 3263 1625
3028 1214 3263 1625
1547 678 1847 855
1383 150 1697 515
3100 1377 3263 1625
293 992 1005 1357
345 992 1005 1357
1958 1801 3022 2448
332 195 594 411
332 195 594 372
1853 652 2715 1775
1951 652 2265 809
1853 744 2715 1775
2049 1233 2715 1775
2049 1416 2715 1775
1207 1560 1383 1775
567 2297 796 2448
0 0 3263 1155
0 502 705 1090
0 502 705 1024
0 502 705 979
1077 1925 1259 2173
646 992 1005 1357
345 1005 750 1279
2102 1233 2337 1547
1951 672 2154 809
0 0 3263 926
2199 1416 2715 1775
2911 2134 3126 2310
2526 1018 3022 1436
274 1292 2154 2278
274 1658 1769 2278
2454 554 2683 842
274 1658 1658 2278
2878 685 3179 881
2049 1801 3022 2448
646 1906 907 2102
1344 842 1488 1109
1279 1331 1436 1507
1383 150 1625 502
