0 0 2448 3263
985 19 1658 2278
1272 613 1481 1370
1312 613 1481 1312
1214 0 2448 3263
985 45 1625 2278
0 0 2017 3263
1175 2833 1488 3211
1266 45 1625 1279
391 0 2017 3263
718 0 1566 3126
718 2167 1044 3126
763 2343 998 3126
0 0 1481 3263
718 2167 1044 2408
1357 0 2448 3263
0 0 1429 3263
0 0 1429 1507
391 274 2017 3263
1710 1057 2004 1318
1710 1057 1938 1318
1560 0 1840 319
1560 0 1840 221
757 0 1566 2330
0 1077 1018 3263
757 280 1455 2330
0 267 1168 874
763 2702 920 3126
757 463 1449 2330
0 665 1272 1507
959 1253 1605 2624
1011 1253 1605 2578
1338 274 1964 1272
913 2167 1044 2408
757 946 1286 2330
1442 0 2448 3263
0 267 1168 809
2206 0 2448 594
2206 0 2448 443
757 1109 1259 2330
757 1109 1259 2310
966 1109 1259 1925
0 267 1135 809
757 1645 1057 2310
1442 456 2448 3263
1338 319 1964 1272
0 267 1129 809
0 2957 182 3198
2167 796 2448 1024
1821 1018 2004 1188
1175 2839 1488 3211
1175 2944 1462 3211
1651 0 2448 992
1775 456 2030 940
1442 881 2448 3263
1677 1364 1925 1534
1566 2617 2108 3015
1860 2617 2108 2800
391 796 2017 3263
1383 796 2017 1494
65 2813 430 3166
1658 0 2448 992
391 1455 1958 3263
391 1945 1684 3263
0 0 1429 744
1253 1455 1958 2069
1253 1521 1782 2069
0 496 1024 802
0 580 920 802
306 580 920 802
306 580 894 802
306 580 809 783
1214 3028 1553 3263
391 2323 933 3263
1383 796 2017 1462
842 1945 1684 3263
1814 1984 1964 2239
0 267 1129 763
2115 1782 2389 2017
1560 1455 1958 1690
1560 1475 1834 1671
959 1945 1684 3263
959 1945 1684 3166
959 2872 1240 3166
65 2852 339 3166
1253 1521 1742 2069
1253 1521 1742 2023
1214 3042 1553 3263
1227 2036 1383 2369
476 580 809 783
0 1631 737 3263
1775 1455 1958 1690
0 267 424 705
0 267 424 646
1462 881 2448 3263
1481 881 2448 3263
1057 1945 1684 2970
1083 1945 1684 2970
1103 1945 1684 2944
1103 2310 1684 2944
1103 2408 1586 2944
1103 2611 1553 2944
1103 2669 1553 2944
1808 2996 2206 3263
1462 1142 2278 2461
1645 1142 2278 2128
1031 2989 1246 3263
1566 2741 1912 3015
1383 972 2017 1462
1383 1011 2017 1462
1383 1129 2017 1462
1462 1716 2056 2461
1749 0 2448 992
1912 26 2448 992
1912 26 2448 770
1951 2885 2226 3107
2043 2885 2226 3100
0 3022 182 3198
1462 1716 2056 2402
313 332 1129 763
1462 1521 1742 1906
1462 1716 1938 2402
1462 1821 1938 2402
1912 26 2448 698
1919 391 2180 698
1997 1253 2212 1501
0 1077 1018 2284
1645 1142 2219 2128
1873 1142 2219 2128
1873 1142 2219 2082
1873 1142 2193 1847
1873 1442 2193 1847
1671 796 1886 998
0 1671 737 3263
45 1867 287 2173
1847 2754 2284 2996
1847 2754 2284 2931
391 2702 744 3263
1886 1142 2147 1553
1462 1880 1938 2402
1847 881 2448 2102
1847 881 2448 1834
1847 881 2448 1697
1847 881 2448 1462
2180 1527 2408 1834
1481 1867 2448 3263
1481 2441 1932 3263
528 2323 933 2983
143 411 313 705
1175 1945 1684 2656
1481 2441 1756 2937
1534 2904 1932 3263
313 332 1103 763
1847 881 2448 1344
2102 913 2448 1344
1762 1867 2448 3153
1762 1867 2448 2702
2069 2310 2448 2650
1011 1383 1605 2578
1547 1880 1938 2402
0 3042 483 3263
0 1671 737 3081
326 2369 626 2728
391 2918 711 3263
326 2369 554 2663
0 1077 861 1782
313 332 835 691
313 332 789 672
359 332 789 672
202 1671 633 2415
202 1671 633 2258
1762 1867 2448 2624
1814 1867 2448 2565
678 378 1103 763
0 2095 737 3081
0 2572 574 3081
248 2617 574 3081
0 2095 737 2624
267 2689 574 3081
398 332 789 646
1814 1977 2363 2565
0 2095 737 2611
19 2095 737 2611
19 2108 430 2558
509 1423 1018 2284
0 3100 365 3263
2199 3042 2395 3263
1214 3042 1455 3263
293 3042 483 3263
0 3035 150 3198
1442 3028 1710 3263
19 3022 182 3159
1808 2996 2147 3263
1175 2989 1338 3192
1031 2989 1188 3218
391 2989 711 3263
1951 2976 2121 3107
1631 2970 1932 3263
842 2963 1135 3263
1312 2944 1462 3211
1410 2924 1599 3081
691 2924 926 3263
1357 2918 1547 3113
424 2918 613 3179
1821 2911 1991 3042
1534 2904 1762 3061
2082 2885 2226 3042
959 2878 1116 3166
1057 2872 1240 3068
267 2865 502 3081
65 2852 274 3100
1938 2833 2095 2996
1194 2833 1357 3028
169 2813 430 3015
0 2807 261 3166
1742 2800 1893 3015
1083 2793 1240 2970
874 2793 1044 3022
763 2787 920 3126
1847 2780 2154 2931
0 2761 169 2891
2108 2754 2284 2885
1566 2741 1912 2924
176 2722 411 2852
705 2715 842 2983
1514 2702 1756 2937
509 2702 744 3081
1227 2696 1553 2944
365 2689 574 2944
1860 2669 1997 2800
1103 2669 1272 2944
1312 2650 1494 2780
2023 2617 2258 2820
1938 2617 2108 2800
248 2617 456 2774
1227 2611 1364 2754
1370 2598 1618 2846
2082 2591 2448 3153
1684 2591 1906 2787
0 2572 300 2865
1057 2558 1266 2754
1840 2545 2075 2702
411 2532 626 2728
920 2526 1207 2891
1710 2487 1912 2669
195 2487 385 2624
97 2487 319 2689
2069 2467 2291 2650
326 2467 463 2663
2284 2454 2448 2800
1481 2441 1749 2780
1677 2408 1860 2552
1292 2408 1586 2656
339 2369 554 2552
1436 2363 1592 2513
959 2356 1129 2624
2088 2343 2245 2500
848 2343 998 2833
1762 2337 2128 2624
528 2323 933 2787
2206 2310 2448 2604
1553 2310 1684 2578
0 2310 182 2558
137 2304 430 2558
1618 2291 1769 2461
1175 2278 1534 2656
1011 2258 1312 2578
718 2258 953 2408
1814 2212 2278 2565
215 2167 385 2415
842 2154 985 2330
1364 2141 1534 2291
2284 2115 2448 2395
19 2108 274 2389
313 2095 737 2611
300 2095 515 2258
150 2049 326 2226
1227 2036 1383 2193
757 2004 953 2310
45 2004 176 2173
1893 1977 2363 2304
1964 1958 2128 2128
1579 1958 1938 2402
1227 1945 1684 2441
0 1893 150 2043
1547 1880 1769 2186
2115 1867 2448 2219
65 1867 287 2108
2212 1860 2389 2017
1253 1827 1612 2023
724 1821 900 2017
509 1821 855 2284
2258 1808 2448 2102
1991 1808 2219 2082
1853 1795 2030 1991
1462 1762 1742 1906
91 1749 287 1932
2082 1736 2245 1893
1886 1729 2056 1893
1762 1716 1925 1951
45 1703 235 1840
202 1671 633 2134
2232 1664 2408 1834
2121 1664 2278 1801
855 1645 1057 2206
1873 1605 2036 1821
1645 1566 1899 1801
313 1553 574 1769
2180 1527 2317 1684
2049 1521 2232 1690
1494 1521 1671 1808
2102 1475 2271 1612
1697 1475 1834 1671
1560 1475 1703 1612
1775 1455 1958 1677
561 1423 1018 1860
1677 1403 1808 1534
2284 1390 2448 1697
1044 1383 1605 2310
1736 1364 1925 1521
1906 1331 2147 1553
2075 1325 2212 1501
2134 1299 2382 1462
1749 1299 2017 1436
966 1279 1214 1925
1233 1253 1429 1579
0 1246 176 1449
2226 1188 2448 1344
2062 1155 2199 1292
2154 1148 2330 1370
1886 1142 2102 1383
1383 1129 1814 1462
985 1129 1325 2278
1710 1122 1938 1318
1070 1109 1259 1344
496 1070 652 1246
1749 1057 1886 1214
1547 1011 1736 1214
1599 979 1729 1109
1703 972 1919 1161
1148 946 1286 1135
2102 913 2448 1227
2265 881 2448 1024
1847 881 2193 1148
1671 855 1814 998
1312 822 1455 1312
2167 796 2323 959
1690 796 1886 933
1977 757 2160 972
691 698 1051 874
1723 691 1964 894
842 678 1272 1364
0 665 1037 1507
0 613 326 744
744 594 920 776
639 594 809 731
476 580 711 783
1690 567 1893 724
887 554 1083 809
143 548 306 705
1991 528 2448 992
1919 528 2154 698
1514 515 1677 691
861 496 1024 698
359 496 561 672
0 476 195 659
1155 463 1449 1116
1775 456 2017 718
189 437 548 744
678 424 887 620
398 411 620 646
313 404 483 600
1847 398 2030 541
607 398 835 691
940 385 1103 541
691 378 1103 763
1664 365 1899 535
2232 352 2448 594
52 352 424 646
359 339 509 476
489 332 789 587
1338 319 1762 1272
1051 306 1318 744
2304 293 2448 443
1253 280 1455 496
1521 274 1795 613
0 267 391 509
1266 221 1540 1279
1658 189 1951 437
1566 143 1736 319
1651 78 1977 300
1912 26 2448 620
2206 0 2448 319
1749 0 2232 365
1560 0 1840 137
1351 0 1566 483
1344 0 1481 287
515 0 881 163
0 0 1429 528
0 0 1625 3263
0 0 1618 3263
1011 0 2448 3263
718 45 1625 2865
835 45 1625 2865
1201 613 1481 1762
0 1631 1618 3263
0 1631 1599 3263
0 0 1455 2310
1338 0 2448 2121
0 0 1455 874
0 0 1455 809
0 2957 182 3159
1011 1383 2448 3263
1338 0 2448 2017
1769 1964 1925 2121
0 0 1429 809
0 306 1449 2310
0 665 1037 2310
620 2976 763 3166
1233 613 1481 1579
835 221 1540 2865
783 306 1449 2206
391 2323 1599 3263
835 2154 1024 2865
1227 2611 1494 2780
1338 0 2017 1690
842 2154 1024 2408
0 580 894 802
1677 509 1886 665
1605 0 2448 2017
1227 1521 2448 3263
842 306 1449 2206
391 2323 1553 3263
1645 0 2448 2017
2049 1429 2350 1801
2049 1429 2278 1801
2049 1429 2271 1690
2102 1429 2271 1612
1011 1383 1684 2656
1605 1749 1873 1984
1605 1749 1782 1945
1344 0 1840 483
1351 0 1840 483
1338 274 2017 1690
1645 0 2448 1847
2004 1070 2199 1292
835 2343 998 2865
1011 1383 1651 2656
1814 1958 2128 2258
1814 1964 2036 2258
1977 3028 2448 3263
1977 3042 2448 3263
2141 3042 2448 3263
2141 3042 2395 3263
1814 1984 2036 2258
1031 2839 1488 3218
985 221 1540 2278
0 1631 287 1945
45 1703 287 1932
1436 2291 1592 2558
1436 2291 1592 2513
1645 691 2448 1847
842 306 1318 2206
1671 1716 2448 3153
1677 2408 1912 2787
1677 2408 1912 2669
0 613 509 770
476 580 894 802
1671 2754 2310 3107
1671 2800 2226 3107
1742 2800 2226 3107
1821 2885 2226 3107
1651 0 2448 1024
744 443 1129 809
1011 1383 1605 2656
1540 1383 1958 1690
391 2323 1272 3263
1057 2558 1272 2970
1762 1716 2448 3153
1083 2669 1272 2970
842 2963 1553 3263
391 2323 1240 3263
691 2715 926 3263
0 267 1103 763
1338 274 2017 1462
1383 855 2017 1462
0 2487 456 2852
855 1109 1259 2206
0 2487 456 2774
97 2487 456 2774
1227 1521 2154 3263
1227 1521 1938 2441
1814 2128 2036 2258
1227 2291 2154 3263
1292 2291 2128 2656
691 2787 926 3263
1566 97 1795 319
874 2526 1240 3166
874 2526 1207 3166
1690 691 2448 1847
1690 691 1964 1031
1292 2310 1684 2656
1227 2441 2154 3263
0 2369 626 3263
874 2526 1207 3022
1710 881 2448 1847
1762 1716 2056 1951
842 2963 1246 3263
2180 1527 2448 1834
2232 1664 2448 1834
2134 1148 2448 1697
2134 1148 2382 1462
1814 1736 2448 3153
509 1423 1018 2310
52 332 1103 763
1906 528 2160 972
1906 659 2160 972
887 443 1129 809
1853 1736 2245 2082
1853 1795 2219 2082
0 2532 626 3263
365 2532 626 2944
1011 2258 1534 2656
0 2572 502 3263
1383 972 1919 1462
1383 1011 1814 1462
1651 78 2030 718
1651 78 2030 541
398 332 1103 763
398 332 835 691
0 665 1037 1782
52 352 424 705
1618 2291 2128 2624
1847 881 2448 1227
1227 2441 1756 2944
1227 2696 1756 2944
842 306 1318 1364
1442 2741 2154 3263
1442 2741 2147 3263
1651 78 1977 437
1710 1122 2193 1847
1873 1331 2193 1847
0 2813 502 3263
169 2813 502 3081
1442 2904 2147 3263
1814 1808 2448 3153
1710 1122 2102 1383
855 1279 1214 2206
0 1671 737 2611
1690 691 1964 933
1534 2904 2147 3263
1338 274 1795 1272
1814 1977 2363 2820
1840 2467 2291 2820
2108 2754 2310 2983
2082 1808 2448 3153
2115 1808 2448 2395
2115 1808 2448 2219
1227 1827 1938 2441
1749 0 2448 620
137 2095 737 2611
2082 2310 2448 3153
1227 1827 1684 2441
1840 2467 2291 2702
802 3061 933 3263
678 0 2448 3263
678 0 1671 3133
979 1135 1299 2343
842 0 2448 3263
1220 45 1579 1586
1266 45 1579 1292
1214 2839 1553 3263
0 0 1481 1756
1155 0 1671 1116
1155 0 1560 1116
1410 2924 1729 3166
1220 1266 1351 1586
1631 2741 1971 3002
0 0 1429 868
678 1011 1299 3133
678 1070 1253 3133
678 2128 1031 3133
1357 2826 1566 3113
1736 2095 2128 2402
1827 2095 2128 2284
0 267 1168 868
855 1070 1253 2206
0 1586 953 3263
1011 0 1906 2846
1011 0 1906 2761
1011 0 1840 2761
1279 2839 1481 3198
2284 2056 2448 2395
1664 0 2448 1024
0 267 1129 744
1631 2754 1971 3002
678 2382 1011 3133
1749 724 2017 953
1292 2389 1618 2846
842 796 2448 3263
1312 796 2448 3263
842 2395 1475 3263
1488 796 2232 2637
1488 796 2232 2604
1814 1984 1964 2226
1312 881 2448 3263
0 300 1129 744
489 385 1168 809
489 561 1057 809
1814 659 2082 835
874 2395 1475 3263
874 2395 1286 3113
894 2878 1083 3035
1677 372 1906 744
972 2663 1475 3263
1011 117 1814 2761
1488 1253 2232 2604
1592 1253 2232 1808
0 326 1129 744
0 1631 633 3263
1671 796 2004 1436
1703 913 2004 1436
1488 1475 1886 2604
1507 1945 1886 2604
1592 1292 2147 1808
861 385 1168 698
0 326 1103 744
1808 2565 2448 3263
1808 2833 2206 3263
0 1631 600 3263
972 2911 1338 3263
1181 2010 1423 2402
1181 2036 1364 2402
0 352 639 744
1592 1364 2147 1808
489 561 953 802
1507 1945 1886 2493
1703 1455 1951 1690
1553 1945 1886 2461
1553 2297 1840 2461
280 326 1103 626
1710 0 2448 1024
1488 1475 1762 2252
280 326 887 626
1769 900 1977 1233
0 1631 574 3263
1494 1475 1664 2023
489 561 894 802
0 2839 339 3166
1312 2519 1932 3263
1312 2650 1932 3263
280 326 848 626
2232 1618 2448 1834
1677 881 2448 3107
1919 881 2448 1716
280 339 848 626
483 365 848 626
646 580 953 776
1488 1906 1762 2252
1312 2650 1756 2944
0 2807 274 3263
176 2702 574 3263
1677 1521 2448 3107
1919 881 2448 1455
815 378 1103 574
0 1631 541 2891
0 2245 541 2891
0 2245 541 2865
0 1631 404 2408
0 1631 404 2088
1677 1521 2448 2931
1677 1742 2448 2931
1847 1521 2350 1991
0 2245 541 2676
2075 2565 2448 3263
1527 2898 1932 3263
1977 1521 2350 1899
228 2702 574 3263
1592 1364 1925 1808
228 2702 574 3035
0 2245 541 2558
1677 1873 2448 2931
1677 2232 2448 2931
2121 3094 2448 3263
842 3068 1044 3263
1423 3061 1710 3263
1540 3028 1729 3166
652 3028 848 3263
0 3028 274 3263
972 3022 1246 3263
1808 2996 2082 3237
293 2996 483 3263
1625 2970 1932 3263
267 2950 398 3081
1299 2944 1462 3198
1077 2918 1240 3068
1194 2911 1338 3133
1357 2904 1547 3113
1527 2898 1762 3061
1951 2878 2219 3107
1214 2878 1357 3028
992 2872 1201 3166
228 2839 515 3035
0 2839 287 3100
1814 2833 2108 3042
0 2807 208 3048
1631 2754 1886 3002
176 2722 411 2878
1514 2702 1756 2944
372 2702 574 2904
0 2689 169 2891
1122 2663 1475 2944
1312 2650 1553 2931
248 2643 437 2774
97 2643 300 2865
267 2591 456 2735
1468 2572 1618 2846
2075 2565 2448 3153
1077 2565 1286 2780
424 2539 633 2767
26 2532 182 2754
1507 2519 1729 2722
1684 2493 2258 2931
352 2493 509 2663
104 2487 326 2676
0 2480 169 2715
189 2467 359 2624
874 2448 1142 3113
1090 2395 1286 2532
1292 2389 1605 2702
750 2382 1011 3126
1618 2297 1840 2461
1553 2297 1684 2448
0 2271 235 2513
130 2245 541 2558
1736 2239 1938 2402
1677 2232 2448 2656
1181 2193 1338 2402
215 2180 398 2389
842 2128 1031 2545
1893 2095 2128 2258
300 2062 496 2258
2284 2056 2448 2343
1488 2056 1690 2252
1227 2036 1364 2193
430 2030 600 2173
1827 1984 1964 2160
0 1971 345 2408
1671 1945 1886 2337
0 1919 176 2154
1547 1906 1762 2186
228 1886 404 2088
1958 1873 2363 2304
97 1860 241 2004
1116 1801 1246 2049
1507 1769 1651 2023
1592 1749 1873 1984
2134 1742 2448 2193
2232 1671 2382 1827
163 1631 365 1782
0 1631 345 1991
1847 1612 2056 1991
254 1586 953 3263
489 1586 626 1729
1612 1566 1821 1808
1977 1560 2193 1782
2056 1521 2350 1899
1703 1494 1906 1690
1494 1475 1664 1782
1795 1455 1951 1618
1853 1442 2095 1638
1906 1383 2147 1553
1592 1364 1925 1612
2173 1351 2448 1716
2134 1299 2382 1455
1357 1286 1494 1462
1997 1253 2232 1507
1011 1253 1684 2761
855 1116 1253 2206
1938 1090 2199 1377
1051 1070 1253 1318
1716 1057 2004 1436
1821 1018 1977 1233
1547 979 1736 1214
1703 913 1919 1161
1769 900 1958 1044
1919 881 2448 1370
2134 796 2323 979
1671 796 1886 992
1958 783 2134 979
2004 757 2160 933
1749 724 1984 894
1912 659 2082 835
750 594 953 757
646 580 829 776
189 580 639 744
221 574 1168 868
881 574 1057 809
489 561 711 783
744 528 907 711
1677 496 1893 744
1880 489 2160 705
359 476 620 672
1155 470 1449 1116
1233 463 1442 776
1005 385 1168 652
815 378 1011 574
1736 372 1906 541
561 365 848 626
0 352 424 705
280 339 509 528
483 326 789 483
0 306 1318 1756
0 267 156 483
1312 117 1814 1488
1664 78 1853 241
1566 0 1840 137
1488 0 1671 365
1351 0 1560 528
1253 0 1481 496
0 0 1429 535
913 45 1579 2343
744 378 1103 711
979 45 1579 2343
894 0 2448 3263
1494 0 2448 2395
894 2212 2448 3263
0 1586 1011 3263
913 1070 1253 1710
966 1070 1253 1579
1801 1932 2004 2108
0 0 1429 1756
0 574 1168 868
894 2232 2448 3263
842 0 1906 3263
842 1116 1690 3263
1155 0 1906 1488
1312 0 1906 1488
2004 1716 2245 1899
652 2382 1011 3263
1044 2565 1286 2865
1840 1207 2036 1410
894 2839 1481 3205
992 2839 1481 3205
1194 2839 1481 3205
1769 783 2134 1044
1194 2839 1481 3198
1122 2232 2448 3263
1507 2363 1684 2604
1769 861 2017 1044
1494 691 2448 2395
1494 691 2448 2376
1011 1253 1690 2761
1462 2056 1690 2323
1194 2911 1462 3198
1703 1455 1951 1951
1762 1631 1925 1951
1814 1984 2128 2376
0 2591 456 3159
0 2591 456 3100
176 2591 456 2937
1827 1984 2128 2284
176 2591 456 2878
248 2591 456 2774
1312 0 1840 1488
842 1116 1253 3263
1827 3094 2448 3263
1227 2010 1423 2193
0 326 1129 809
489 424 1129 809
1977 3094 2448 3263
0 326 887 744
489 496 1057 809
842 1116 1253 2545
744 378 1011 711
1769 502 2160 933
0 2467 633 3263
842 2448 1246 3263
1788 600 2160 933
1912 659 2160 933
1494 691 2448 2337
1547 691 2448 1808
0 326 887 705
0 2493 633 3263
489 496 1024 783
646 496 1024 776
1122 2297 1840 3113
1553 2297 1840 2637
1547 691 2004 1436
1547 913 2004 1436
1671 691 1984 992
1592 881 2448 1808
1821 881 2448 1507
1122 2389 1756 3113
1292 2389 1756 3113
1292 2389 1756 2944
1507 2519 1756 2944
1671 724 1984 992
0 326 848 705
0 2487 326 2891
0 2532 300 2891
842 2918 1246 3263
0 2539 633 3263
26 2532 300 2865
1821 881 2448 1455
1592 1364 2095 1808
1494 1351 2448 2337
0 1631 541 2558
1494 1475 1886 2337
1423 2232 2448 3263
483 326 848 626
972 2918 1246 3263
0 2839 515 3263
0 2996 483 3263
0 1971 541 2558
1423 2754 2108 3263
1507 1749 1886 2337
1527 2754 2108 3263
1631 2754 2108 3237
1631 2754 2108 3042
1821 881 2448 1377
0 1631 404 2154
1847 1351 2448 2304
0 3028 332 3263
1847 1612 2448 2304
0 1631 345 2154
1507 1749 1873 2186
1507 1749 1873 2023
0 339 509 705
1677 2232 2448 3153
1977 1351 2448 1899
1312 2650 1553 3113
1821 881 2448 1370
372 2539 633 2904
1958 1742 2448 2304
1370 52 1827 829
1423 52 1827 783
1423 52 1782 783
1423 52 1658 783
0 84 561 476
522 1560 1331 3263
522 1560 1318 3263
1090 1560 1318 2088
750 0 2245 744
0 711 685 920
913 1070 1259 1442
1325 822 1586 1318
1390 822 1586 1031
580 1272 757 1481
750 0 2010 744
750 0 1867 744
1044 0 1867 744
1351 0 1867 443
1396 0 1867 417
1325 2363 1710 2741
522 1814 1135 3263
1233 1214 1618 1827
979 1070 1259 1377
1612 620 1938 992
1560 985 1742 1233
607 1814 1135 2787
835 1814 1135 2787
750 0 1481 287
1246 1521 1618 1827
1370 1521 1618 1827
1246 3068 1710 3263
835 1814 1122 2787
1801 2134 2062 2382
0 398 215 672
1207 0 1481 287
1788 2996 2265 3263
1873 3087 2265 3263
0 0 1449 3263
659 463 1449 2330
946 463 1449 1599
946 463 1449 1135
946 835 1214 1070
1037 835 1214 1070
1834 202 2180 378
1801 2134 2062 2376
78 750 613 920
0 0 1410 3263
802 0 2448 3263
1148 776 1410 1599
1064 0 2448 3263
659 1233 1214 2330
659 1233 1214 2323
757 1233 1214 2323
0 398 215 561
874 1814 1122 2389
1155 463 1449 1135
104 1429 411 1729
1233 1645 1631 2023
1259 1749 1631 2023
1259 1873 1631 2023
1396 1592 1618 1827
2265 1886 2448 2376
1155 561 1410 1135
1155 620 1383 1135
2017 1586 2376 1860
