0 0 2448 3263
1547 1899 1710 2115
2088 189 2291 1155
691 2950 835 3263
1031 1090 1266 1579
1899 1501 2056 1853
1220 78 1599 672
1645 359 1977 691
1645 391 1847 672
1782 659 2062 1272
1788 659 2062 1272
1788 724 2023 1272
2121 378 2291 1155
685 2356 1305 2865
685 2356 1155 2709
705 2356 1155 2709
763 2356 1155 2683
1527 0 1716 300
1442 2846 2004 3263
1031 1181 1266 1579
1821 3061 2448 3263
1821 3061 2075 3263
933 2598 1305 2865
1788 724 1932 1272
1442 2846 2004 3120
1442 2846 1951 3022
1827 3100 2075 3263
1253 78 1599 672
2252 0 2448 483
809 0 2448 2898
1194 0 2448 2898
966 2780 1488 3263
966 2839 1181 3224
2043 0 2291 391
1442 470 1671 705
2121 385 2291 1155
2317 476 2448 1318
1233 1880 1618 2448
1233 1880 1553 2448
1318 1880 1553 2199
1253 117 1462 672
1253 117 1462 515
600 1122 783 1305
600 1122 783 1279
809 1494 1253 1893
1194 489 1501 1814
1194 1175 1377 1814
515 0 1181 319
515 0 1181 280
1214 489 1501 1514
1292 0 2448 2898
2030 620 2226 1246
1135 2780 1488 3263
1612 1403 1742 1677
2043 0 2291 261
1749 0 1893 287
0 659 169 855
1736 0 2102 809
1840 0 2102 809
1135 2780 1416 3263
1292 737 2448 2898
1605 2957 1795 3263
1064 515 1201 796
0 84 580 626
1292 887 2448 2898
1455 2434 1684 2591
1064 1181 1266 1573
1534 1586 1703 1951
1788 724 1932 1233
1292 887 2448 2865
1716 887 2448 2865
1716 887 2369 2865
1214 489 1494 1514
1292 1024 1880 2722
1135 2780 1286 3263
2056 1462 2186 1775
1742 1684 1886 2030
2121 463 2291 1155
110 84 580 626
1233 1912 1449 2448
1840 0 2102 757
2141 1194 2448 2689
528 2212 2448 3263
1716 887 2193 2865
1938 887 2160 1853
1938 887 2160 1631
1292 1024 1873 2722
1540 2043 1873 2722
1938 1312 2069 1853
1135 3048 1266 3263
365 1024 607 1325
1716 1253 2193 2865
0 0 1912 3263
110 1599 515 2167
137 1599 515 2167
137 1599 515 1997
2154 163 2448 933
2154 163 2330 933
528 2278 2448 3263
2147 2049 2376 2898
1044 0 1912 1423
1044 0 1573 202
1044 0 1364 202
1292 1024 1873 2115
528 2395 2448 3263
528 2643 926 3263
528 2820 770 3263
528 2944 763 3263
110 84 580 430
110 254 372 430
110 293 300 430
0 0 1383 3263
1840 0 2102 672
0 1671 639 3263
1631 737 1867 1292
757 2395 2448 3263
1129 2395 2448 3263
1129 2395 2448 3166
1821 2676 2448 3166
515 0 829 280
731 2643 926 3042
0 0 1383 2989
528 2944 763 3237
0 1677 639 3263
0 1677 626 3263
1540 2062 1873 2722
2160 1357 2448 2689
1357 39 1912 1423
1357 39 1860 1423
1357 561 1860 1423
1357 561 1756 1423
1390 561 1756 959
1521 561 1756 959
378 672 561 848
2147 2062 2376 2898
1429 2891 1599 3231
2160 1612 2448 2689
2160 1684 2434 1997
580 698 770 946
261 2474 607 2754
1782 1377 2193 2865
1129 2395 2049 2989
757 2669 1168 3263
0 744 463 1168
0 744 430 1064
0 744 235 1064
1912 1005 2049 1462
287 0 1383 1664
522 2180 809 2552
594 2180 809 2389
1782 1788 2193 2865
1292 1024 1867 2115
1338 1024 1867 2115
744 352 1214 1664
744 352 1214 1560
835 1325 1037 1560
1782 1788 2147 2865
0 248 1240 2989
835 1697 1240 2500
835 1840 1240 2500
940 1840 1240 2474
940 1840 1188 2199
261 2474 489 2735
770 1801 1090 2291
848 1938 1090 2291
848 2023 1090 2291
1253 2859 1625 3263
1253 2989 1625 3263
1390 39 1834 659
1390 39 1710 659
287 0 1383 1142
0 1677 528 3263
0 1677 476 3263
0 1677 391 3263
1129 2461 2049 2989
1129 2572 2049 2989
848 2056 1090 2291
1847 2500 2147 2865
1540 2095 1847 2722
0 248 985 2989
522 2356 763 2552
1357 842 1605 1423
2017 1867 2369 2258
287 0 1383 1044
1129 2572 1919 2911
1279 2572 1919 2911
208 2585 776 2989
1782 1788 2056 2807
1782 1932 1951 2807
1782 2232 1938 2807
1540 2095 1742 2565
744 352 1214 1449
809 352 1214 1449
809 352 1214 1325
0 248 985 2663
809 1494 1201 1893
809 365 1214 1325
1423 2572 1919 2911
287 0 900 411
287 0 757 385
287 0 757 365
0 1690 391 3263
0 1814 391 3263
0 1814 391 2572
1664 150 1912 450
0 1024 620 1710
1338 1024 1801 2115
0 378 398 829
0 378 391 829
0 378 326 829
0 1814 391 2415
763 65 1383 1044
1129 287 1331 1044
1129 359 1325 1044
143 248 985 2663
261 1201 959 2663
261 1416 959 2663
0 2480 300 3263
0 1814 293 2415
0 1814 274 2395
0 1814 274 2186
587 1201 933 1599
143 248 985 1351
84 1814 274 2030
208 2637 711 2989
287 0 757 254
0 0 404 352
261 1671 959 2663
809 502 1011 724
1338 1024 1599 2115
0 2480 293 2826
261 1671 959 2578
809 365 1214 998
959 365 1168 678
0 1051 620 1710
0 1442 326 1710
0 1051 620 1527
32 1051 620 1527
97 1051 620 1527
97 1051 424 1468
0 2669 300 3263
763 65 1383 365
143 378 985 1351
0 0 215 352
1847 2500 2102 2852
143 378 907 1351
261 2069 705 2578
1129 398 1325 1044
1788 1377 2004 1847
0 515 326 829
1357 2043 1618 2291
332 378 907 1031
52 2513 293 2826
809 620 1214 998
332 437 907 1031
424 3120 626 3263
235 3113 417 3263
1827 3100 2036 3263
2069 3094 2448 3263
1429 3074 1599 3231
1377 3015 1507 3166
1821 3009 2448 3166
1697 2989 2004 3120
450 2989 607 3139
189 2989 352 3231
600 2963 763 3237
1605 2957 1782 3263
691 2950 829 3107
39 2937 169 3087
1031 2918 1181 3224
1958 2904 2108 3035
280 2904 476 3263
1390 2859 1618 3055
1997 2846 2252 3028
1286 2846 1416 3133
0 2846 300 3263
1853 2839 2049 2989
626 2820 770 2996
195 2774 385 3015
757 2754 926 3042
933 2709 1168 3113
1742 2683 1919 2911
1129 2683 1566 2859
2075 2676 2448 3042
757 2669 1135 3263
0 2669 137 2989
1847 2650 2102 2852
52 2643 293 2826
332 2637 711 2989
470 2611 607 2754
1279 2604 1534 2761
535 2604 685 2741
639 2585 776 2846
359 2585 489 2728
1423 2572 1795 2891
1455 2526 1625 2656
1795 2513 1938 2807
97 2513 293 2702
1932 2500 2095 2702
763 2480 1109 2683
0 2480 176 2630
261 2474 404 2735
2056 2441 2193 2852
1103 2428 1266 2650
2154 2421 2376 2898
685 2421 855 2656
437 2421 711 2663
1599 2395 1775 2741
352 2395 528 2572
992 2356 1155 2565
613 2356 763 2552
0 2343 163 2519
1540 2304 1742 2565
1201 2278 1423 2637
143 2278 365 2572
1782 2232 1938 2558
920 2232 1051 2369
1305 2212 1560 2461
835 2206 1070 2500
104 2206 293 2415
646 2180 809 2389
287 2180 483 2578
1292 2128 1449 2258
241 2121 391 2304
1573 2095 1742 2395
0 2088 130 2395
117 2075 306 2226
261 2069 705 2467
2147 2062 2363 2572
1742 2062 1873 2239
1357 2062 1501 2252
848 2056 1005 2199
2206 2049 2337 2252
1481 2043 1618 2291
2075 2004 2369 2258
1919 1951 2088 2572
1932 1945 2075 2141
0 1945 235 2186
1782 1932 1951 2461
1005 1932 1240 2474
143 1932 443 2167
1011 1912 1188 2199
535 1906 685 2056
1318 1880 1462 2160
2017 1867 2337 2095
940 1840 1083 2010
84 1814 261 1964
1749 1808 1886 2030
770 1801 1011 1958
1867 1788 2056 1971
430 1782 567 1964
2160 1710 2337 1997
1951 1703 2154 1997
1057 1697 1194 2004
0 1690 137 1945
417 1671 959 2552
1938 1618 2069 1853
137 1618 515 1997
1612 1599 1880 2232
1547 1586 1703 1893
809 1560 1011 1893
1742 1547 1873 1808
1788 1534 2004 1847
0 1534 189 1710
1148 1514 1338 2082
1899 1501 2056 1782
946 1494 1201 1873
861 1462 1064 1664
97 1442 326 1697
2167 1429 2350 1782
300 1416 881 1769
208 1403 378 1599
1292 1390 1481 1618
1814 1377 1984 1645
19 1370 150 1534
2317 1357 2448 1684
1338 1357 1599 2115
221 1344 502 1553
1710 1331 1867 1599
900 1325 1037 1501
1116 1272 1266 1573
718 1272 933 1599
1716 1253 1919 1429
391 1253 620 1527
32 1233 221 1403
587 1201 913 1423
2141 1194 2304 1481
1064 1181 1227 1442
1579 1168 1801 1605
0 1155 221 1292
835 1142 998 1338
1729 1122 1867 1318
221 1077 424 1364
97 1051 404 1468
365 1024 607 1286
274 1024 463 1168
0 1024 182 1253
1070 998 1201 1194
835 985 1090 1325
0 959 143 1116
1109 953 1286 1142
920 933 1057 1077
228 933 430 1064
65 920 235 1064
744 913 940 1116
1011 894 1201 1064
1938 887 2141 1436
1579 848 1723 1037
1357 842 1605 1312
2134 829 2291 1155
1631 809 1867 1292
2102 789 2343 1240
1873 763 2023 946
607 757 770 946
0 744 182 972
874 731 1214 998
143 685 900 1351
633 659 907 1031
1736 652 1880 796
1214 652 1494 1514
130 646 326 829
1867 639 2049 809
1671 626 1860 887
809 620 1155 887
1605 607 1756 796
241 580 398 763
1893 567 2036 757
1521 561 1710 959
809 561 1011 724
1064 515 1201 711
0 515 228 750
1299 489 1494 724
2317 476 2448 672
2121 463 2291 881
332 437 861 789
202 437 391 711
2304 424 2448 587
1129 411 1272 587
1129 398 1325 731
1716 391 1847 672
639 378 985 607
0 378 241 574
959 365 1168 580
1795 359 1977 691
835 352 998 483
137 345 332 626
561 300 750 437
1697 287 1893 450
1155 287 1331 437
0 274 137 417
241 254 372 391
1018 248 1175 424
868 248 1090 430
267 248 561 476
463 228 698 385
705 215 900 411
2304 189 2448 483
607 176 737 365
0 169 143 345
2154 163 2330 691
1664 150 1912 430
1011 137 1383 365
1938 130 2088 359
789 124 1005 319
0 124 195 352
1253 117 1462 267
1631 110 1834 398
306 84 580 339
1462 78 1599 208
1749 71 1893 287
763 65 1083 248
567 45 757 254
2102 39 2258 391
1423 39 1638 182
2252 0 2448 241
2049 0 2291 182
1893 0 2030 150
1801 0 1958 130
1253 0 1573 143
515 0 822 195
287 0 594 137
110 0 404 274
0 0 215 169
0 0 1573 3263
424 0 2448 3263
920 0 2448 3042
1514 306 1684 489
424 2356 2448 3263
1605 0 1853 300
1605 0 1762 300
2291 1194 2448 1377
1168 0 2448 1853
0 0 1573 1801
0 868 1201 3263
1703 2062 1886 2389
1742 2062 1886 2389
1168 0 2448 1814
920 385 2448 3042
1847 385 2448 3042
1716 130 2160 1853
1938 130 2141 900
1220 0 1716 274
1220 39 1638 208
1716 659 2160 1853
1716 724 2023 1429
1442 2846 1893 3022
920 842 2206 2807
1390 763 1579 920
0 1671 143 1984
0 1671 137 1945
1762 3061 1906 3263
274 1599 483 1801
274 1599 450 1769
0 2304 195 2526
1938 659 2160 1853
1442 2846 1893 3002
1938 659 2160 1631
1390 0 2448 1318
900 1938 1031 2115
0 0 1573 1769
221 1077 528 1364
802 293 998 483
691 2754 926 3192
1168 274 1579 1814
1168 1410 1305 1814
0 0 1325 1769
920 1886 1684 2637
1005 1886 1684 2637
691 2950 835 3192
1220 39 1638 195
1938 130 2121 672
1390 0 2448 1292
1736 567 2049 809
1736 639 2049 809
1390 2330 1684 2591
1938 783 2160 1631
1148 842 2206 2807
1729 2226 1938 2807
1742 1547 1886 2030
1938 130 2088 594
1148 842 2206 2565
1932 1462 2206 2141
1932 1481 2206 2141
2062 1481 2206 1775
920 359 1325 1573
424 2356 1919 3263
1148 842 2056 2565
137 1142 1201 2663
1671 2839 2448 3263
2043 385 2448 1318
2102 385 2448 1318
2102 385 2343 1240
0 868 711 3263
1664 0 1958 430
137 1201 1201 2663
1005 1886 1423 2637
0 0 1214 1769
110 195 372 626
110 195 332 626
110 293 332 626
352 2395 528 2728
1932 1703 2154 2141
691 0 1573 437
424 2395 1919 3263
1011 359 1325 1573
208 1344 502 1599
424 2937 731 3263
424 2937 607 3139
1011 398 1325 1573
1214 274 1579 1514
1214 489 1579 1514
1821 2839 2448 3263
1853 2839 2252 3028
691 0 1573 365
0 868 274 1292
0 868 274 1253
0 868 235 1253
0 920 235 1253
110 319 332 626
535 2395 1919 3263
1377 2395 1919 2911
2049 0 2448 587
2056 2239 2193 2852
2056 2330 2193 2852
1299 489 1579 783
1390 0 2102 1292
143 1932 476 2167
359 2513 502 2728
2252 0 2448 587
535 2428 1782 3263
933 2428 1782 3263
1175 2780 1782 3263
763 0 1573 365
1018 248 1331 437
1377 2461 1919 2911
1292 1168 2056 2565
1292 1880 1560 2461
1292 2128 1560 2461
2049 0 2291 391
535 2585 1181 3263
600 2820 770 3237
933 2428 1566 2865
1377 2461 1795 2891
744 750 966 1116
1148 842 1710 2082
1148 842 1605 2082
1357 842 1605 1449
137 1201 1031 2663
613 2180 809 2552
809 1494 1201 2500
1847 1194 2448 3042
757 2669 1181 3263
2017 1194 2448 3042
2017 1867 2448 3042
0 0 1168 972
463 45 757 489
463 45 757 437
463 45 757 385
567 45 757 365
535 2585 855 2891
639 2585 855 2891
1338 1168 2056 2565
1540 1501 2056 2565
835 1494 1201 2500
848 1494 1201 2291
1011 398 1325 1201
1109 398 1325 1201
1109 398 1325 1142
1547 1501 2056 2461
1788 1501 2056 1971
1788 1501 2056 1847
0 1233 711 3263
0 1233 221 1710
2141 1194 2448 1997
1390 0 2102 959
848 2036 1090 2291
1338 1168 1984 2199
0 1233 221 1534
1390 0 2102 691
1547 1586 1951 2461
1390 39 1977 691
1390 39 1893 659
0 1677 711 3263
97 515 1214 1769
97 659 907 1769
1148 1031 1481 2082
1292 1031 1481 1618
809 515 1214 1664
809 515 1214 1449
809 515 1214 1325
1847 1951 2147 2865
189 2989 417 3263
71 1677 274 2030
1253 2846 1782 3263
1253 2846 1625 3263
228 933 463 1168
2160 1357 2448 1997
0 124 195 417
705 124 1090 430
705 124 1005 411
763 0 1253 182
1547 1586 1880 2232
946 1494 1201 2199
0 1945 711 3263
587 1201 1031 1958
587 1201 1031 1893
0 1945 476 3263
861 1325 1064 1664
97 685 900 1769
0 2075 476 3263
809 554 1214 1325
809 554 1096 724
933 2598 1566 2865
1338 1168 1984 2115
0 2278 476 3263
1005 1932 1423 2637
0 2480 476 3263
0 2480 293 2989
0 1233 221 1442
1011 1697 1194 2199
607 659 907 1031
208 2180 711 2989
208 2180 483 2813
261 2180 483 2735
2075 2062 2448 3042
1664 71 1912 430
0 248 1168 972
0 2774 476 3263
195 2774 476 3263
809 620 1214 1325
1338 1168 1867 2115
1579 1168 1867 1605
424 3120 731 3263
0 2075 306 2415
587 1201 1011 1893
718 1272 1011 1893
0 378 391 972
2141 1194 2350 1782
0 0 822 339
0 437 391 972
0 515 326 972
0 2088 293 2415
1821 3009 2448 3263
137 1618 959 2663
0 646 326 972
267 248 1168 789
0 737 182 972
110 0 822 339
110 0 594 339
267 248 985 789
97 1051 881 1769
261 2069 711 2663
332 378 985 789
110 0 594 274
1775 652 2030 1129
1090 1867 1246 2199
1116 1867 1246 2167
1880 0 2102 639
1775 652 2010 959
1775 652 1932 959
1266 182 1481 672
2030 32 2323 1292
2030 189 2323 1292
2030 372 2323 1292
2030 372 2291 1292
1821 3081 2448 3263
2004 3087 2448 3263
2069 3087 2448 3263
633 2356 1168 2813
711 2356 1168 2696
1599 2043 1886 2741
1599 2043 1880 2741
2128 3087 2448 3263
1475 933 1867 1677
1475 933 1867 1553
359 2513 509 2709
711 2356 1148 2696
992 1175 1364 1710
1064 1181 1364 1710
1064 1181 1364 1612
1194 1325 1364 1612
1064 1181 1266 1566
685 2656 1161 3263
1429 2891 1690 3231
1429 2891 1612 3231
835 0 2448 3263
835 1240 1201 1847
835 1403 1201 1847
0 0 1553 3263
2043 372 2291 1161
953 0 2448 3263
1919 1462 2206 2010
2049 1462 2206 1951
1429 2891 1579 3231
1429 2957 1579 3231
1631 0 2448 3009
1873 0 2448 1318
1873 0 2448 1305
1873 130 2121 802
522 0 1553 437
2043 0 2448 1305
0 0 1214 3263
1631 665 2363 3009
522 0 1455 437
783 2356 1148 2683
1631 809 2363 3009
1716 809 2363 3009
1782 887 2363 3009
1906 998 2056 1729
926 1742 1194 1977
926 1742 1142 1951
626 91 835 267
1475 933 1867 1494
2245 0 2448 587
953 842 2448 3263
1729 2043 1880 2722
953 2212 2448 3263
992 2676 2448 3263
1109 2676 2448 3263
1488 2676 2448 3263
1742 2676 2448 3263
1756 2676 2448 3263
1821 2676 2448 3172
1168 2780 1782 3263
2043 0 2448 691
2049 842 2448 2898
2108 842 2448 2898
2108 842 2448 2363
2108 842 2448 2095
0 156 300 430
594 2180 809 2428
1795 280 1945 691
926 1782 1142 1951
1109 2748 1618 3263
1109 2748 1618 3211
1912 887 2160 1912
1051 0 1984 2656
1051 1011 1612 2656
2284 1194 2448 2095
2284 1194 2448 1762
1873 130 2088 802
1873 202 2088 802
1259 2852 1782 3263
1475 2957 1782 3263
1821 2983 2448 3172
763 0 1553 189
763 0 1364 189
1292 2461 1468 2669
2108 842 2356 1997
2108 1194 2356 1997
1782 887 2193 3009
1782 887 2056 2728
1135 0 1984 2624
1135 0 1984 2395
1135 0 1984 1977
1383 0 1984 1977
1383 0 1912 1977
1436 1122 1742 1977
1436 1122 1703 1906
1488 2846 1951 3094
0 0 1214 2741
0 0 1090 2741
0 509 274 1325
0 509 274 1253
0 509 274 1214
0 1599 1135 3263
0 509 274 1083
1383 0 1912 1142
0 1677 195 1945
744 248 1214 1246
26 620 274 1083
1853 2206 2193 3009
1853 2500 2147 3009
1906 1011 2056 1729
1527 1312 1886 2395
1527 1919 1729 2395
1357 2049 1625 2304
1357 2062 1625 2304
78 182 1057 2741
953 2212 1795 2891
0 2115 476 3263
1703 1312 1886 2232
1710 1312 1873 1808
26 731 274 1083
58 731 274 1083
0 0 1090 652
1599 0 1984 359
0 1599 1135 3192
1383 19 1912 1142
1566 933 1867 1494
587 1599 1135 2767
718 1599 1135 2598
718 1782 1135 2598
718 1912 1135 2598
718 2049 1083 2598
0 1749 855 3192
0 1749 267 2212
0 1749 267 2186
744 248 1214 1194
887 248 1214 1194
998 900 1214 1194
2049 1462 2186 1951
78 182 933 2741
1723 0 1984 359
1390 19 1912 972
0 0 1090 626
744 561 992 783
1135 359 1514 1449
1782 887 2056 2539
1782 1253 2056 2539
887 248 1207 1011
1051 1645 1455 2656
78 182 933 2428
391 84 1090 515
496 228 1090 515
718 2206 1077 2598
920 248 1188 698
1135 359 1325 1416
496 228 874 411
809 2049 1083 2343
1390 19 1756 972
2056 2206 2193 2846
241 182 920 1090
1109 1645 1455 2656
672 1148 1057 1599
887 620 1207 1011
0 1272 261 1710
84 2062 855 3192
1135 359 1325 1044
78 711 933 2428
0 1272 261 1625
0 2474 476 3263
920 306 1188 698
522 0 1357 437
78 711 933 2128
78 1077 626 2128
2069 3133 2265 3263
424 3126 685 3263
235 3107 417 3263
1821 3081 2036 3263
1429 3074 1579 3231
1821 2983 2297 3172
1742 2983 1997 3120
208 2983 378 3139
685 2950 835 3113
1651 2918 1951 3094
992 2918 1259 3263
1259 2852 1507 3263
1488 2846 1893 3002
1299 2826 1618 3211
0 2787 476 3263
731 2754 907 3002
1109 2748 1325 2983
1742 2683 1906 2911
633 2683 776 2813
1991 2676 2448 3042
757 2656 1161 3263
332 2578 855 3192
0 2572 156 2715
711 2558 848 2696
587 2539 763 2767
189 2539 326 2702
953 2526 1795 2891
1853 2500 2095 3009
783 2493 1005 2683
0 2474 287 3002
2056 2454 2193 2846
1599 2448 1736 2741
718 2402 887 2598
966 2356 1148 2656
1534 2310 1703 2624
594 2219 724 2428
1305 2212 1566 2552
809 2206 1077 2500
0 2115 137 2519
1475 2108 1625 2304
1553 2095 1729 2395
404 2082 776 2741
0 2069 169 2212
2141 2062 2382 2898
84 2062 548 2630
1051 2056 1240 2467
241 2056 450 2193
848 2049 1083 2343
1742 2043 1880 2239
776 2023 913 2193
0 1945 267 2186
1919 1925 2088 2552
1527 1919 1723 2219
789 1912 1135 2167
535 1906 698 2062
1109 1899 1449 2656
1782 1886 1951 2539
2017 1873 2363 2265
926 1782 1090 1951
770 1782 1011 1958
84 1749 254 1977
0 1690 169 1945
1703 1684 1886 2232
2304 1677 2434 2095
1318 1645 1455 2160
750 1599 998 1840
1912 1573 2075 1912
0 1534 182 1710
979 1494 1201 1847
78 1475 522 2128
1716 1449 1873 1808
1501 1423 1703 1906
835 1403 1148 1671
0 1370 261 1625
267 1364 926 2428
2284 1357 2448 1762
1710 1312 1867 1566
672 1305 933 1599
1906 1253 2056 1729
1788 1253 2056 1971
2291 1194 2448 1429
1064 1181 1266 1527
835 1148 1057 1455
1729 1122 1867 1325
254 1103 385 1279
91 1077 626 1573
0 1070 221 1253
97 1051 274 1214
1142 1024 1279 1416
1161 1011 1612 2193
868 992 1090 1246
907 979 1142 1135
1566 933 1801 1494
1011 900 1214 1103
1383 848 1599 1142
2108 842 2343 1240
58 842 274 1083
2121 835 2291 1161
1716 809 1867 1292
783 750 972 1083
26 737 169 874
1788 731 1932 959
195 711 933 1481
580 705 770 933
