0 0 2448 3263
1586 1403 2304 1827
580 2108 1018 2545
496 1194 1214 2147
953 646 1227 1090
84 0 848 1390
26 620 267 1312
496 1194 1090 2147
26 620 248 1227
678 1351 1605 2611
861 0 1090 633
1880 3009 2206 3263
91 0 848 1390
91 0 796 1390
678 1351 1605 2558
1997 1664 2284 1860
541 130 796 1292
1899 985 2167 1279
1064 97 1266 313
0 1357 195 2010
91 0 763 1390
91 169 763 1390
698 2415 1227 2611
541 130 783 1292
724 1351 1605 2558
724 1351 1396 2102
985 1351 1396 1893
946 1383 1605 2558
1880 3009 2206 3231
306 0 2448 3263
718 0 2448 1808
306 1462 2448 3263
718 0 2448 1756
718 0 887 496
0 0 835 3263
744 0 2448 1756
802 1945 1403 2480
802 1945 1403 2467
0 124 235 1860
802 1984 1286 2467
1507 2656 1742 2846
848 1945 1403 2461
306 1697 463 2095
84 2591 280 2852
1364 1161 1729 1344
1364 1161 1729 1292
1377 26 2088 528
1377 26 2017 528
0 0 306 1201
0 0 254 894
0 802 235 1860
0 1037 235 1860
750 110 887 496
84 104 437 287
463 1462 1031 2369
515 1462 1031 2245
515 1703 979 2245
587 1703 979 2141
646 1703 979 2088
306 1658 2448 3263
0 940 835 3263
1383 2252 1684 2630
0 0 228 815
744 0 1299 1410
946 0 1299 842
848 1945 1403 2343
881 0 2448 1756
1240 705 1991 1331
1605 1070 1925 1331
2069 1377 2363 1586
1240 705 1991 1227
2069 1377 2239 1586
169 2363 835 3263
1449 2252 1664 2467
0 1357 195 1899
881 0 2448 1534
1684 326 1899 665
287 2363 835 2918
287 2480 835 2918
287 2513 835 2918
306 2669 1945 3263
156 2082 378 2434
176 2115 378 2434
0 940 783 3263
483 1658 2448 3263
1893 2931 2278 3094
946 496 1201 842
946 1383 1579 2558
0 940 652 3263
848 2735 1945 3198
0 940 652 3081
215 2193 404 2643
306 2669 1938 3263
398 1207 783 1984
554 1207 783 1690
1710 2800 2062 3022
1710 2800 1951 3022
2141 3002 2448 3263
13 124 228 815
0 2382 202 2637
881 783 1488 1292
881 783 1488 1286
0 2454 215 3015
483 1658 2448 3081
0 940 652 2846
0 940 580 2846
0 1586 267 2284
1090 0 2448 1534
1188 0 2448 600
1240 0 2448 600
1090 463 2448 1534
953 646 1168 959
2049 822 2448 1214
1423 1292 1788 1507
600 1658 2448 3081
398 1423 665 1984
1011 2291 1292 2461
287 2513 763 2918
0 1919 306 2624
848 2735 1390 2976
1579 946 1945 1155
998 1207 1605 1527
1436 293 2167 757
1436 424 1977 737
404 2669 1938 3263
404 2669 1769 3263
404 2669 1553 3263
404 2669 1005 3263
26 1488 195 1899
1018 0 1299 789
1018 0 1299 639
1018 0 1299 443
2049 822 2448 1103
1396 1207 1710 1344
1240 0 2448 352
1853 293 2167 757
2193 202 2448 509
496 1194 1090 2095
868 2833 1553 3263
1410 0 2448 352
0 2454 215 2787
744 391 1005 1410
0 2278 496 2846
1142 783 1488 1227
1155 1658 2448 3081
1462 2767 1847 3081
2004 195 2382 600
1188 0 1403 522
58 940 580 2304
97 2212 306 2624
1906 339 2395 737
287 2513 607 2918
972 2833 1220 2996
554 274 763 1390
1155 1658 2448 3048
1886 1181 2310 1410
2141 711 2448 861
1155 1658 2448 2669
1155 1729 1925 2669
1155 1984 1788 2669
1155 2160 1553 2669
1377 26 1827 528
600 2454 1423 2911
737 1703 979 1997
0 2278 359 2846
0 2278 208 2513
1090 463 2049 861
424 1423 665 1984
600 2454 1312 2846
58 1181 580 2304
1090 463 1677 861
1188 463 1677 672
169 2833 496 3263
744 391 920 1410
1188 0 1344 522
1188 0 1344 443
887 2558 1312 2846
1292 1906 2448 3048
1292 2108 2448 3048
1292 2428 2448 3048
1827 659 2448 1534
2043 998 2448 1534
2108 1090 2448 1534
2108 1188 2448 1534
2108 1188 2448 1514
1181 783 1488 1227
0 2996 221 3263
1573 1658 2448 2115
1514 2428 2448 3048
1155 2291 1521 2669
783 567 1005 1331
1599 1403 2304 1749
1527 2108 2448 2957
130 1455 580 2304
1377 26 1775 450
1573 1658 2252 2010
430 2669 1005 3263
2141 3002 2448 3224
1514 2428 2395 2983
1018 0 1299 339
600 2454 966 2761
887 2741 1390 2976
528 2669 1005 3263
594 2669 848 3015
1801 156 2017 385
1716 2128 2448 2957
1710 1906 2448 2356
1899 1906 2252 2075
2258 1188 2448 1403
2004 339 2382 600
130 1455 417 2160
1599 2428 2395 2983
1651 2532 2395 2983
1814 2735 2395 2983
1410 0 2180 313
1410 0 2154 195
829 567 1005 913
0 1749 267 2284
182 1808 378 2160
1481 143 1827 528
130 1455 417 1919
515 1194 1090 2082
1710 1991 2448 2356
515 1351 992 2082
1240 705 1991 1109
1710 0 2154 195
1716 2128 2337 2767
528 2859 1005 3263
1325 2898 1945 3198
1436 541 1977 737
306 3120 535 3263
1011 3094 1233 3263
2252 3055 2448 3185
2023 3035 2206 3211
169 3028 456 3263
1416 3022 1769 3263
1880 3009 2049 3231
2141 3002 2337 3224
0 3002 202 3263
1188 2996 1553 3263
65 2996 221 3166
1631 2989 1945 3198
1893 2944 2141 3087
1122 2937 1442 3126
2088 2931 2278 3094
1325 2898 1645 3068
528 2885 855 3263
2206 2872 2448 3048
1775 2865 1951 3022
1586 2865 1847 3081
770 2859 1005 3263
868 2833 1253 3192
221 2833 496 3081
404 2826 678 3192
1462 2767 1677 3002
992 2761 1390 2976
1991 2735 2395 2983
1814 2735 2062 2885
398 2735 554 2904
483 2722 646 2963
1220 2715 1423 2911
705 2715 848 3015
1364 2702 1534 2976
104 2702 359 3081
1507 2696 1710 2846
0 2683 189 3015
594 2669 744 2918
1938 2637 2239 2872
998 2637 1168 2813
1292 2624 1553 2800
607 2617 835 2787
1220 2598 1410 2748
143 2591 280 2852
1090 2585 1312 2846
1514 2565 1690 2728
574 2565 763 2696
887 2558 1194 2780
417 2539 607 2754
1651 2532 1893 2820
750 2532 966 2761
287 2513 470 2918
195 2513 359 2846
2115 2467 2448 2957
1782 2434 2049 2656
1599 2428 1821 2669
1383 2428 1684 2630
698 2415 913 2545
1155 2408 1468 2669
0 2382 143 2637
985 2376 1233 2539
450 2363 600 2650
32 2323 208 2513
1011 2310 1240 2461
620 2304 1018 2545
483 2297 698 2493
1227 2291 1521 2500
1103 2291 1292 2428
2173 2284 2434 2513
835 2284 1103 2467
261 2284 496 2761
1716 2278 2043 2493
0 2278 176 2408
97 2212 254 2513
215 2193 404 2513
1338 2160 1553 2408
1749 2128 2337 2767
1527 2108 1886 2493
580 2108 1005 2487
678 2102 940 2304
463 2102 724 2369
946 2095 1410 2558
515 2075 718 2245
2108 1997 2448 2356
1710 1991 2258 2206
1410 1984 1788 2226
802 1984 1286 2395
1723 1951 1984 2095
1155 1945 1403 2343
848 1945 1286 2134
117 1945 267 2284
731 1938 1057 2121
646 1925 815 2088
0 1919 143 2239
1899 1906 2128 2056
737 1834 894 1997
496 1834 672 2095
182 1814 352 2160
1795 1762 2252 2010
0 1749 156 2199
1540 1729 1925 2069
352 1710 580 2304
783 1703 979 1925
424 1703 665 1984
2160 1697 2448 2115
306 1697 450 1971
724 1677 1207 2102
1573 1658 1919 1880
2284 1625 2448 1847
398 1599 548 1762
607 1579 776 1899
0 1488 195 2010
2121 1475 2448 1756
757 1462 1031 1925
215 1455 417 1919
1605 1449 2252 1749
2212 1436 2363 1566
1396 1436 1605 1795
1586 1423 2239 1827
509 1423 665 1853
1599 1403 2304 1664
554 1396 737 1690
672 1390 985 1932
998 1383 1579 2095
2108 1370 2448 1514
339 1370 561 1710
1083 1351 1396 1507
1860 1344 2023 1553
163 1344 352 1677
1906 1338 2128 1566
1729 1312 1873 1449
1756 1299 1906 1468
1599 1299 1788 1507
1423 1292 1710 1488
2075 1272 2310 1410
998 1253 1233 1455
0 1240 235 1860
2258 1220 2448 1403
1161 1207 1605 1527
1077 1207 1214 1344
639 1207 783 1514
868 1194 1090 1547
1886 1181 2082 1351
744 1181 920 1410
287 1181 652 1468
58 1181 208 1514
359 1148 554 1312
1938 1142 2258 1364
2088 1129 2297 1286
2232 1090 2402 1220
1403 1090 1729 1227
1749 1077 1951 1214
2043 998 2415 1194
881 972 1318 1286
1703 946 1945 1155
1579 946 1775 1083
143 940 365 1468
1181 907 1488 1227
1586 887 1795 1018
783 868 972 1331
176 842 306 1201
1364 835 1618 1109
2049 822 2402 1037
1227 809 1442 979
1188 783 1377 1011
972 776 1227 1090
829 770 972 913
1240 705 1991 959
1827 659 2265 1051
2121 652 2323 789
1344 646 2049 855
959 646 1168 959
26 620 156 1214
1090 594 1396 861
1083 594 1266 789
587 594 763 1390
1442 587 1977 737
2141 574 2395 737
874 567 1005 829
946 561 1103 842
1436 541 1729 691
2252 535 2448 796
1873 528 2167 757
1024 496 1201 705
1429 489 1677 665
1253 483 1442 639
1188 463 1481 672
2265 430 2448 646
1684 430 1853 665
1599 424 1808 678
763 391 900 1201
2128 385 2382 600
1044 345 1246 639
2004 339 2252 515
1906 339 2193 639
1475 339 1671 489
2173 300 2350 450
698 300 848 1201
1853 293 2108 535
1201 267 1338 443
1481 241 1749 528
2265 215 2448 509
1044 215 1246 443
2193 202 2382 372
541 202 783 1292
2017 195 2167 345
1873 189 2004 372
91 169 652 1331
1684 143 1827 528
541 130 724 267
1129 124 1266 313
13 124 182 639
0 124 143 1090
1292 104 1481 483
1938 45 2088 274
1586 32 1775 306
1377 26 1605 450
1977 19 2180 313
2121 0 2448 352
1840 0 2154 163
1710 0 1899 195
1410 0 1723 130
1188 0 1344 306
1083 0 1299 254
718 0 868 319
522 0 724 267
45 0 470 150
0 0 1299 2846
881 0 2448 1880
0 1383 2448 3263
881 0 2448 1795
620 1938 1410 2611
0 620 652 1468
1507 2656 2108 2983
1507 2696 2108 2983
1507 2696 2108 2911
463 0 724 365
45 0 470 287
731 1938 1410 2611
731 1938 1410 2558
509 0 724 267
287 1148 652 1468
1507 2696 1912 2911
1507 2696 1742 2898
0 2395 215 2787
848 1586 2448 3263
848 1945 1410 2558
946 1945 1410 2558
848 1697 2448 3263
0 0 848 2846
0 620 365 1468
1083 1351 1605 1795
1312 1364 1605 1795
91 1188 280 1547
1925 1077 2108 1220
1997 1586 2304 1860
718 0 1299 1410
2088 2872 2448 3185
2206 2872 2448 3185
881 594 2049 1527
1188 0 2448 1756
0 1383 1788 3263
1220 2598 1534 2976
574 2480 796 2624
835 2284 1292 2467
2252 3009 2448 3185
215 2193 496 2761
0 2108 1769 3263
463 1383 1788 2669
463 1462 1286 2395
1253 483 1677 665
1090 594 2049 861
998 1383 1788 2669
1292 1697 2448 3263
998 1207 1233 1455
881 705 1991 1527
1814 2735 2108 2885
0 2500 176 2787
0 0 848 1514
0 0 848 1331
0 1181 737 2846
835 2284 1240 2467
1161 1161 1788 1527
248 2284 496 2761
881 705 1991 1331
1188 705 1991 1116
848 2735 2180 3263
554 274 783 1514
1573 1658 1977 1880
0 2049 359 2846
0 1181 737 2624
0 1181 737 2434
0 1488 378 2434
91 169 848 1331
58 1181 737 2304
0 1488 267 2310
463 1703 1286 2395
463 1834 1286 2395
1161 1181 1788 1527
58 1181 665 2304
463 1925 1286 2395
515 1925 815 2245
515 2023 737 2245
881 907 1951 1331
463 1984 1286 2395
1188 0 2448 1194
110 580 306 1201
1756 1090 2448 1756
1396 1207 1788 1507
1292 2565 1690 2800
1886 1090 2448 1410
678 1984 1286 2395
26 620 365 1468
2232 1090 2448 1403
0 2513 1769 3263
0 2513 835 3263
1161 1181 1605 1527
306 2669 1769 3263
744 567 1005 1410
1462 1697 2448 3263
0 1240 352 2160
1507 2337 1684 2467
169 2513 835 3263
744 868 972 1410
0 2591 359 3263
718 0 1299 1201
718 0 1246 1201
137 770 306 1201
881 907 1945 1331
91 169 783 1331
0 1488 267 2284
1540 1697 2448 2115
887 2741 1945 3198
1188 705 1991 1109
1462 1991 2448 3263
215 1455 580 2304
1188 0 2448 672
1188 0 2088 672
450 2108 1423 2911
0 2591 280 3263
1527 1991 2448 2983
1756 1299 2448 1756
1756 1299 2448 1586
450 2108 1005 2650
1540 1729 2252 2075
1540 1729 2128 2069
887 2741 1103 2931
1188 0 1853 672
1827 339 2448 1194
169 2513 763 3263
1801 45 2088 385
32 2323 359 2846
130 776 365 1468
1756 1299 2448 1566
169 2513 607 3263
1481 143 1853 665
0 0 182 639
1756 1299 2128 1566
1188 0 1775 672
1188 26 1775 672
1462 2767 2448 3263
1462 2767 2141 3087
750 2532 1423 2911
1292 26 1775 489
1827 535 2448 1194
2043 822 2415 1194
339 1370 665 1984
215 1455 417 2134
339 1370 665 1853
1240 0 2180 313
1240 0 2154 195
1181 907 1945 1331
1181 907 1925 1331
1181 907 1729 1227
450 2297 698 2650
1462 2767 1951 3081
1938 2637 2395 2983
1377 26 1775 489
1240 0 1723 130
718 0 1246 639
861 0 1246 639
0 2591 280 3015
1827 535 2448 1051
1880 3002 2448 3263
2023 3002 2448 3263
1044 215 1246 639
1227 1984 1788 2500
2023 3002 2337 3224
58 1181 254 1762
1090 2585 1423 2911
1338 1984 1788 2408
221 2513 607 3081
1827 574 2395 1051
992 2761 1945 3198
1527 1991 2448 2957
2108 1997 2448 2957
2115 2284 2448 2957
1586 2865 1951 3081
1527 1991 2337 2767
404 2826 1769 3263
404 2826 1005 3263
868 2833 1769 3263
868 2833 1253 3263
750 2532 1194 2780
221 2513 496 3081
1527 1991 2258 2493
404 2826 855 3263
1599 2428 2049 2669
1188 2996 1769 3263
84 104 815 1429
84 104 646 1429
84 104 626 1331
496 1194 1090 2141
2245 535 2448 796
0 352 280 1325
496 2545 829 2722
1423 1292 2297 1827
97 143 626 1331
352 1214 646 1429
855 1436 1096 1964
0 352 150 1220
587 1351 1873 2611
528 0 757 267
528 84 724 267
0 0 1481 3263
750 0 1044 633
953 646 1305 1090
169 0 2448 3263
587 1351 1586 2611
587 1390 1586 2611
587 1795 1573 2611
587 1938 1403 2467
1586 1357 2297 1827
1436 300 2193 763
607 1795 1573 2611
45 0 561 496
1181 1475 1547 1723
2121 437 2448 789
2173 437 2448 665
587 1945 1403 2467
535 104 724 267
1899 2800 2108 2944
607 2297 1155 2611
1377 26 1893 665
2239 959 2448 1161
398 1429 665 1991
953 1795 1573 2572
169 2513 959 3263
169 2513 842 3263
1005 2767 1664 3068
1684 430 1893 665
1077 1194 1442 1383
306 1253 2448 3263
339 2513 842 2970
339 2513 829 2970
705 2735 959 2898
953 1795 1547 2572
953 1938 1436 2572
953 2095 1410 2572
339 2513 678 2970
946 0 1481 842
946 0 1403 842
946 417 1233 842
2173 202 2448 509
1220 691 2402 1155
1220 691 2402 1135
1618 933 2056 1155
1266 815 1494 1064
45 0 509 150
0 0 1024 3263
339 2513 594 2754
293 1455 450 1840
293 0 1024 1867
378 0 1024 1867
607 0 1024 1867
97 176 352 1253
802 2624 1155 2872
861 2637 1155 2872
1808 156 2317 600
1873 189 2317 600
1873 189 2167 398
509 1253 1246 2232
580 2578 842 2780
0 1919 313 2624
881 463 2448 1756
881 763 2448 1756
0 476 522 3263
58 476 365 1468
1090 2767 1664 3028
1090 2767 1592 2996
1090 463 2448 1103
306 2102 2448 3263
0 1116 522 3263
0 2663 287 3263
953 646 1175 959
306 2741 1938 3263
306 2741 1762 3263
0 2761 287 3263
1991 1658 2330 1919
2075 2010 2448 2630
2075 2010 2448 2382
398 1429 665 1912
1090 2767 1468 2937
718 0 1024 1410
881 926 2448 1756
430 52 561 496
1240 0 2448 332
1436 300 2167 763
2121 1390 2448 1756
0 2950 221 3263
1377 26 1834 528
881 926 2448 1481
718 0 926 1410
718 0 907 1279
718 0 907 907
744 300 907 907
0 1116 522 2983
378 1246 672 1710
2056 979 2415 1286
1090 463 2448 894
1344 646 2448 894
1155 1658 2448 3107
1090 463 1664 861
97 176 306 835
1155 1697 2448 3107
1018 0 1299 626
913 926 2448 1481
913 926 2075 1351
496 1383 985 2095
0 1116 522 2846
946 496 1233 842
0 2199 522 2846
0 2376 345 2846
1671 946 2056 1155
58 372 228 815
339 2519 594 2754
913 926 1951 1344
913 926 1951 1331
1945 1090 2448 1481
685 1194 1090 1964
1410 0 2448 332
783 567 1024 1403
450 2102 2448 3263
1592 2859 2448 3263
1703 0 2448 332
1867 0 2448 332
1984 0 2448 332
1351 1070 1951 1331
0 1116 372 2434
58 1253 385 2154
1436 528 2167 763
306 2741 1547 3263
1919 332 2317 600
450 2102 1971 3081
1377 26 1645 502
0 1599 137 1997
509 1462 1037 2232
1083 2513 1971 3081
411 2741 1547 3263
1436 2513 1971 3081
1436 528 2023 737
1005 2787 1618 3068
1703 3126 1938 3263
306 3107 515 3263
1442 3022 1762 3263
0 2970 202 3263
554 2957 685 3094
19 2950 221 3166
1880 2937 2448 3263
1893 2931 2128 3087
1403 2911 1618 3068
1403 2865 1592 2996
1592 2859 2004 3231
770 2852 1547 3263
1220 2800 1468 2937
1005 2787 1462 2983
97 2761 287 3081
411 2741 894 3263
2115 2735 2271 2865
1664 2735 1971 3081
815 2735 959 2898
424 2715 678 2970
861 2689 1018 2872
169 2683 522 3263
0 2663 280 2996
998 2637 1155 2813
463 2624 594 2754
600 2617 829 2774
705 2611 842 2780
1083 2585 1566 2852
587 2545 829 2689
496 2545 626 2722
1436 2513 1756 2924
378 2513 509 2689
698 2428 1155 2611
698 2389 1018 2545
71 2389 345 2846
0 2376 143 2787
2291 2363 2448 2630
1919 2337 2056 2474
953 2317 1312 2572
815 2304 1103 2467
607 2297 829 2480
32 2284 182 2487
1227 2239 1377 2500
97 2212 313 2624
215 2199 522 2637
678 2108 848 2297
450 2102 1194 2780
1233 2095 1410 2369
1155 2075 1991 2669
117 2075 372 2434
2075 2010 2448 2330
1403 1984 1573 2206
587 1964 1279 2421
1005 1945 1403 2467
731 1945 1024 2121
1057 1938 1436 2095
887 1938 1057 2088
509 1847 855 2232
1351 1795 1547 2049
750 1775 1207 2069
496 1769 678 2095
424 1749 665 1991
0 1749 156 2186
352 1742 515 2343
2082 1703 2330 1919
1658 1697 2448 3107
306 1697 443 1964
855 1677 992 1964
1991 1658 2284 1860
1475 1658 1984 2128
2271 1625 2448 1847
398 1599 580 1912
293 1573 450 1840
1403 1540 1547 1723
137 1521 385 2154
744 1462 1037 2049
2219 1429 2448 1756
509 1429 665 1893
2121 1390 2448 1592
1383 1390 1873 1775
998 1390 1586 1984
515 1383 985 2082
378 1383 561 1710
1586 1357 2297 1801
1801 1344 2069 1573
685 1338 998 1964
163 1338 359 1677
1710 1312 1873 1442
1423 1292 1684 1625
1599 1259 1762 1449
750 1259 926 1410
998 1253 1246 1586
58 1253 280 1566
509 1246 672 1690
607 1233 926 1867
1077 1214 1214 1344
352 1214 639 1377
1396 1201 1729 1344
1116 1194 1442 1383
907 1194 1090 1547
78 1188 280 1325
1886 1181 2075 1351
1945 1148 2258 1370
1762 1148 1951 1331
293 1122 443 1579
2030 1116 2173 1246
0 1116 352 2173
2082 1090 2448 1481
1351 1070 1919 1279
1899 1024 2082 1279
2239 1018 2415 1148
2056 979 2337 1286
1560 972 1756 1116
1808 946 2056 1155
1618 933 1834 1064
913 926 1488 1240
783 913 1024 1403
1344 881 1494 1064
2082 835 2402 1037
1266 815 1442 979
1188 763 1338 1011
1220 691 2160 1135
2245 659 2408 796
1977 659 2448 894
1344 646 2049 815
959 646 1175 959
91 620 365 1468
1090 594 1390 861
1096 594 1266 789
874 567 1005 979
946 561 1155 842
2258 535 2448 750
1436 535 1808 691
1808 528 2167 763
1442 528 2023 737
1266 515 1534 678
1024 496 1233 672
1684 476 1893 665
2075 470 2317 600
1188 463 1664 633
2252 437 2448 646
1906 437 2193 633
770 437 907 907
1919 430 2062 574
1690 430 1827 594
1899 345 2030 476
1919 332 2304 541
2173 300 2356 502
1808 300 2108 620
1475 267 1645 502
2297 208 2448 509
541 208 815 1390
1873 189 2075 398
97 176 306 411
750 169 887 496
1808 156 2030 443
137 143 626 1331
1932 45 2088 182
1494 26 1834 528
1377 26 1612 450
1984 6 2219 274
2121 0 2448 332
1867 0 2154 163
1703 0 1991 176
1410 0 1716 130
1188 0 1403 502
1037 0 1299 626
861 0 1044 633
718 0 868 306
509 0 711 202
71 0 509 150
0 0 150 430
1201 2239 1377 2578
0 0 1233 3081
0 1253 2448 3263
881 0 2448 1808
0 352 411 1651
0 0 1233 2846
45 0 757 365
744 110 887 672
509 1253 1873 2611
97 2702 359 3081
509 1253 1586 2611
509 1253 1586 2572
1684 1272 1906 1514
1710 1272 1906 1442
953 594 1266 1018
0 352 365 1468
45 0 757 267
45 0 757 221
953 646 1175 1018
998 1390 1586 2369
1906 430 2193 633
509 0 757 202
509 1253 1403 2572
0 1658 2448 3263
2173 202 2448 796
1436 1658 2448 3107
1090 1351 1873 1775
0 2075 2448 3263
580 2545 926 2839
705 2611 842 2839
0 0 1233 1991
998 1390 1586 2206
1351 1795 1573 2206
580 2545 926 2761
2239 959 2415 1148
1560 933 1893 1116
2173 202 2448 665
