0 0 2448 3263
1827 3120 2043 3263
0 0 1684 626
2226 2206 2448 2578
1233 2898 1455 3159
0 0 2004 1044
1253 1945 1664 2147
1286 1945 1586 2075
2128 2585 2369 2754
672 2702 1037 2904
0 0 2004 691
2186 2839 2448 3192
411 2924 1325 3263
411 2924 1148 3263
470 0 2004 541
470 0 1886 541
2304 1847 2448 2173
470 104 1671 541
470 124 1475 541
2310 1847 2448 2056
1227 652 1703 992
411 2924 1077 3263
411 2924 1011 3263
0 1853 150 2160
1756 1279 2049 1605
2186 2839 2448 3061
2212 2839 2448 3035
776 280 1070 470
2023 1351 2376 1723
1847 1279 2049 1605
1847 1279 2049 1527
359 848 580 1116
359 933 548 1116
0 2206 1344 3263
1860 953 2310 1286
1860 953 2219 1266
1860 1011 2212 1266
359 953 528 1116
600 776 842 940
1847 1279 2049 1481
0 2212 1344 3263
0 2284 1344 3263
626 2284 1344 2787
718 2284 1344 2787
920 2304 1344 2787
920 2304 1344 2761
0 567 456 1044
26 2389 574 2774
2023 1423 2356 1723
2023 1573 2356 1723
2115 1592 2356 1723
0 2513 724 3263
1103 1455 1749 1736
1259 1455 1749 1736
1259 1534 1749 1736
1259 1534 1527 1736
1605 2180 1977 2454
1605 2180 1853 2363
1462 1436 1651 1586
678 2474 1096 2754
274 1527 2297 2343
274 1527 1893 2343
274 1527 1723 2343
274 1527 1547 2245
274 1527 1396 2245
1077 1886 1396 2245
1116 874 1423 1227
1729 1971 2297 2284
1729 1991 2278 2284
1801 1991 2278 2284
241 2389 574 2624
241 2461 574 2624
195 2212 580 2565
195 2212 528 2565
195 2323 528 2565
933 2513 1096 2754
1775 483 2115 881
1860 1116 2212 1266
1220 2741 2448 3263
274 1527 1129 2069
920 2304 1253 2565
920 2389 1253 2565
1161 2350 1344 2761
169 3042 300 3263
1214 1769 1547 1984
293 1527 1129 2069
300 1527 1129 2069
515 1527 1129 2069
574 1527 1129 2069
574 1527 1024 2069
633 1527 1024 2069
776 1827 1024 2069
1220 2741 2369 3263
1220 2741 2278 3263
1220 2741 2271 3263
1220 2741 1808 3263
1220 2983 1703 3263
1220 3009 1703 3263
1272 3009 1703 3263
1272 3100 1703 3263
117 2513 724 3048
117 2617 483 3048
678 2474 1057 2754
0 1925 150 2160
1788 541 2115 881
1788 626 2115 881
1795 659 2115 881
411 2950 1011 3263
411 3002 1011 3263
476 3002 1011 3263
476 3002 972 3263
0 0 2448 1984
0 104 2448 1984
1534 665 1886 979
1116 953 1305 1227
1116 953 1279 1227
1801 1991 2239 2284
1821 0 2448 750
1625 2852 2271 3263
0 881 2448 3263
672 2702 959 2904
672 2728 855 2904
2036 1423 2330 1599
1710 2376 2239 3009
248 1161 757 1710
633 1527 966 1840
678 1527 966 1840
1233 946 1860 1357
1410 1553 1749 1723
0 1390 306 1547
0 1390 215 1547
0 1977 150 2160
1410 1553 1638 1716
1821 0 2448 600
1873 0 2448 600
1710 2441 2239 3009
1710 2441 2219 3009
1710 2441 2219 2996
1710 2519 2121 2996
1710 2572 1945 2996
1710 2624 1919 2996
1710 2650 1919 2996
1769 2650 1919 2931
280 1161 757 1586
391 1272 757 1586
0 1658 594 3166
659 1984 802 2193
476 3094 972 3263
1834 1991 2108 2180
1873 124 2448 600
2030 124 2448 600
1227 652 1703 959
228 881 2448 3263
228 2519 1253 3263
228 2611 959 3263
228 2650 959 3263
228 2650 874 3263
241 2650 874 3133
241 2813 874 3133
241 2813 815 3133
241 2813 691 3133
241 2813 691 3087
0 789 306 1044
280 1161 620 1370
776 1135 1246 1671
776 1135 1246 1560
437 881 2448 3166
1847 881 2448 1958
2017 1638 2448 1958
2017 1664 2448 1958
2017 1664 2448 1938
437 1671 2448 3166
1031 2643 1364 3166
1031 2820 1364 3166
1625 2950 2134 3263
1769 2950 2134 3231
313 2650 757 2937
313 2650 626 2937
293 1742 633 1984
437 1671 2448 3126
1566 1671 2082 2160
1742 1671 2082 2160
1742 1814 1958 2160
946 2519 1253 3094
946 2552 1161 3094
868 2754 1037 2898
0 1658 463 3166
0 2493 195 3166
0 2741 195 3166
515 744 822 1031
1847 881 2448 1664
2095 881 2448 1325
789 1494 1018 1671
515 744 711 1031
678 1527 966 1782
0 567 456 796
1847 1181 2448 1664
1847 1181 2448 1514
1847 1181 2448 1481
1958 1227 2448 1481
1455 1148 1925 1547
1455 1266 1769 1494
2193 124 2448 600
2317 124 2448 600
0 1658 463 2617
1612 1148 1925 1547
0 789 274 998
39 104 2030 1037
470 391 776 541
1821 65 2193 208
1821 65 2082 208
1886 0 2448 261
2043 71 2448 261
1742 1827 1938 2160
437 1860 2448 3126
437 1886 1377 2526
750 2545 966 2754
2095 881 2448 1253
1233 946 1827 1357
855 620 1279 842
1618 104 2030 450
1246 1860 2448 3126
1246 1932 2448 3126
437 1886 1259 2526
39 176 1867 1037
515 744 711 933
1246 2075 2448 3126
345 2513 724 2807
1292 2565 1684 3126
1292 2565 1684 2963
1246 2075 2448 2983
0 1762 463 2617
0 1762 463 2552
0 1762 463 2278
0 398 2448 1984
1377 1390 2115 1977
1396 1390 2115 1938
1253 2075 2448 2983
1253 2226 2043 2813
1253 2226 1814 2813
1840 2075 2448 2983
0 2186 404 2552
437 2004 1259 2526
437 2023 1259 2526
463 2023 1259 2441
502 2023 1259 2382
528 2023 1259 2382
685 2023 1259 2382
737 2023 1259 2350
737 2088 1135 2350
1396 1390 2115 1880
65 1762 463 2278
84 1762 319 1997
1253 2226 1710 2643
776 1220 1246 1560
776 1325 1246 1560
39 176 1867 920
822 1383 1429 1984
822 1521 1429 1984
855 620 1201 789
0 398 2448 1906
0 802 1579 1906
0 802 1338 1906
691 1207 1090 1429
241 2813 633 3055
1253 2369 1710 2643
1299 398 2448 1155
894 2004 1142 2186
1840 2075 2448 2754
1782 1671 2082 1951
509 1331 913 1742
515 1331 913 1658
1377 398 2448 1155
1553 1390 2115 1880
1553 1547 2115 1880
1671 1547 2115 1795
1547 502 1867 789
1547 502 1867 757
1592 502 1867 678
822 1612 1429 1984
39 176 1821 920
2134 959 2448 1253
1155 104 1671 306
1573 2454 1814 2813
1840 2075 2448 2643
0 1325 607 1906
1671 156 2030 450
1109 972 1579 1534
1109 972 1396 1396
0 802 1338 1468
0 802 1338 1436
1880 2735 2448 2983
1292 2565 1684 2852
1925 2075 2448 2643
1925 2219 2448 2643
1925 2219 2363 2434
0 1423 607 1906
0 1423 470 1906
1377 2598 1684 2852
1377 705 2448 1155
1997 398 2415 763
822 1612 1305 1984
1233 176 1821 659
1233 176 1821 515
39 391 1455 920
39 391 1396 920
822 1625 1272 1984
0 933 1096 1436
1338 176 1821 515
39 391 1227 920
1377 744 2265 1155
0 874 424 1175
332 391 1227 900
2036 398 2415 613
0 940 1096 1436
1625 744 2265 1155
1762 744 2265 946
39 626 430 920
124 940 1096 1436
548 391 1227 802
124 940 1096 1351
548 391 1227 744
822 1625 1207 1984
71 626 430 920
548 391 1227 672
574 391 1227 607
2128 3126 2369 3263
1899 3120 2043 3263
1272 3100 1429 3263
607 3100 972 3263
2017 3094 2212 3263
476 3094 685 3263
1625 3087 1847 3263
1083 3081 1325 3263
32 3081 202 3263
228 3055 424 3263
2232 3028 2369 3192
2271 3022 2448 3263
1638 3022 1788 3153
0 3022 195 3263
815 3002 1011 3224
646 3002 776 3192
378 2989 594 3133
1416 2983 1671 3237
1769 2950 2075 3231
705 2950 861 3094
313 2950 470 3126
2278 2937 2448 3094
2004 2937 2278 3198
1423 2937 1573 3126
718 2924 979 3146
1233 2898 1455 3107
241 2878 489 3055
1031 2865 1253 3166
946 2865 1109 3094
724 2859 874 3015
646 2859 815 3028
2115 2852 2271 3009
1814 2852 1971 3009
1951 2846 2088 3009
1710 2846 1853 2996
2212 2839 2356 3035
1175 2820 1364 3015
398 2813 633 3048
443 2754 626 2891
1880 2748 2252 2983
1488 2741 1808 3113
0 2741 195 3061
2193 2735 2448 2970
117 2728 274 3048
750 2702 959 2878
515 2702 757 2931
1769 2696 1919 2931
1338 2689 1605 2963
1299 2663 1475 2885
313 2650 496 2937
1161 2643 1357 2931
13 2630 345 2852
1814 2624 2239 2846
1064 2624 1259 2787
202 2617 483 3028
1573 2611 1749 2813
620 2611 848 2748
1377 2598 1592 2852
26 2598 398 2774
835 2585 966 2754
959 2552 1161 2891
424 2552 626 2820
750 2545 926 2702
1899 2519 2121 2715
548 2519 724 2807
940 2513 1096 2715
345 2513 639 2722
763 2506 992 2689
0 2493 189 2852
1253 2474 1429 2604
678 2474 1057 2650
352 2461 574 2604
1645 2454 1814 2656
32 2454 274 2617
1168 2448 1338 2761
2069 2441 2219 2578
2095 2428 2448 2643
1018 2389 1253 2565
1971 2376 2193 2526
1351 2369 1710 2643
195 2363 326 2558
2284 2350 2448 2578
1161 2350 1344 2487
1560 2343 1749 2532
1716 2330 2043 2611
313 2323 528 2565
2082 2317 2310 2513
1246 2317 1455 2519
0 2317 241 2552
1834 2310 1977 2454
1599 2310 1729 2519
463 2310 652 2441
437 2304 731 2526
626 2297 835 2611
1077 2284 1214 2480
718 2284 1090 2487
91 2252 274 2402
1925 2245 2102 2428
1840 2232 2036 2369
1403 2226 1645 2428
2062 2219 2363 2434
2226 2206 2448 2376
489 2206 646 2337
137 2199 293 2343
235 2186 404 2402
1605 2180 1814 2323
946 2180 1135 2310
1312 2173 1481 2323
1070 2154 1233 2284
528 2147 731 2323
1416 2115 1723 2343
737 2088 1037 2350
2226 2075 2448 2252
502 2049 691 2278
404 2043 594 2252
737 2036 868 2226
0 2036 267 2206
1801 2030 2239 2284
979 2023 1259 2199
953 2004 1142 2180
2304 1991 2448 2173
1612 1991 1893 2323
1801 1984 1938 2160
1201 1977 1396 2245
0 1977 130 2121
2141 1971 2297 2141
65 1958 463 2278
2154 1932 2330 2082
300 1925 548 2056
868 1919 1024 2069
953 1899 1129 2036
1077 1886 1292 2088
574 1886 926 2088
515 1873 672 2043
1925 1860 2212 2075
1742 1827 1893 2102
1566 1827 1801 1997
1377 1827 1612 1977
84 1821 319 1997
1801 1814 1958 1997
1214 1808 1475 1984
1488 1782 1690 1938
339 1742 633 1984
1553 1736 1736 1880
1090 1736 1272 1971
574 1736 718 1912
822 1729 1122 1984
1220 1710 1429 1886
274 1710 417 1860
1716 1697 1847 1912
1782 1684 1951 1867
1847 1671 2082 1951
2160 1664 2448 1938
52 1658 248 1808
633 1645 894 1808
267 1638 607 1795
933 1625 1207 1834
1148 1612 1305 1762
770 1605 966 1782
2023 1573 2180 1703
1259 1573 1396 1729
509 1573 724 1742
248 1553 528 1710
1762 1547 2115 1756
1299 1534 1527 1736
1103 1527 1318 1658
678 1527 815 1671
953 1521 1142 1664
2095 1507 2284 1638
0 1494 319 1906
1599 1488 1834 1677
2258 1455 2448 1664
515 1436 829 1658
2036 1423 2199 1599
274 1423 470 1573
1625 1416 1860 1547
776 1410 1246 1560
1932 1390 2102 1625
84 1390 215 1534
1122 1383 1416 1566
1259 1364 1579 1534
1501 1331 1769 1494
587 1331 913 1521
1031 1325 1233 1481
2278 1299 2448 1442
502 1272 757 1494
1455 1266 1638 1396
163 1266 372 1436
0 1266 208 1468
1070 1240 1246 1390
691 1233 907 1429
1958 1227 2343 1481
972 1220 1155 1396
280 1214 541 1370
835 1207 1090 1403
1847 1181 1984 1383
1109 1175 1331 1396
1618 1161 1827 1325
424 1161 620 1370
1612 1148 1925 1455
2265 1109 2448 1253
124 1096 587 1351
1116 1083 1279 1227
1011 1077 1148 1266
1618 1064 1769 1207
189 1018 424 1161
1951 1011 2134 1148
0 1005 208 1331
1175 972 1396 1272
483 966 633 1135
2134 959 2369 1116
2069 953 2219 1090
1129 953 1266 1116
1233 946 1651 1357
561 940 1096 1344
567 933 835 1168
2265 913 2448 1057
1377 907 1736 1122
1625 887 2023 1155
1880 874 2128 1044
0 874 208 1175
241 868 463 1037
443 848 580 979
665 809 822 985
829 802 1338 1135
600 802 750 940
0 789 202 926
2258 770 2448 940
1462 770 1703 959
1762 763 2036 946
156 750 391 920
1997 744 2265 933
332 731 567 900
1977 724 2154 861
763 724 1083 966
39 711 208 848
2186 705 2448 848
1795 665 2115 881
1612 665 1886 979
1011 665 1279 842
1227 652 1547 907
548 633 868 802
71 626 430 796
0 620 313 796
1547 594 1742 757
2297 580 2448 750
685 580 946 744
326 580 548 737
1051 528 1396 744
483 528 685 724
1997 515 2297 763
548 502 809 672
1051 489 1286 652
0 463 554 691
574 424 972 607
2219 417 2415 613
1201 411 1455 600
470 404 705 541
2036 398 2258 554
1867 398 2115 691
1318 391 1658 659
881 391 1227 600
1710 306 1971 450
1338 300 1573 437
881 280 1070 417
1233 267 1481 417
1873 248 2115 443
2030 228 2376 470
1370 195 1579 345
1651 189 1788 326
1488 176 1821 515
1671 156 2030 352
2317 124 2448 443
561 124 1475 456
2043 117 2291 261
1357 104 1671 261
2173 71 2448 215
1560 0 1886 130
0 0 835 215
0 1181 2448 3263
0 0 2448 1560
0 0 2448 1547
1286 3009 1455 3159
1299 2663 1605 2963
0 2173 163 2389
587 1181 2448 3263
0 1272 1396 3263
1592 3022 1788 3263
1592 3107 1782 3263
1599 2291 1977 2519
1658 2291 1977 2454
456 2206 646 2337
2082 2585 2369 2754
646 2950 861 3192
0 0 1886 691
815 3002 1148 3263
815 3002 1077 3263
1716 1697 1958 1997
2069 2317 2310 2578
1710 2846 2088 3061
1814 2846 2088 3061
1814 2846 2088 3009
1951 1168 2448 1325
2023 1507 2284 1703
620 2421 1096 2898
620 2421 1057 2898
620 2421 1057 2878
1984 3094 2212 3263
620 2421 1057 2748
848 1860 2448 3263
815 3002 1011 3237
620 2474 1057 2748
2095 1168 2448 1325
587 1181 2448 2186
1462 1331 1769 1586
1064 2624 1259 2852
1051 0 2448 1534
1266 1266 1638 1403
0 267 1481 1547
2212 2839 2448 3094
0 1272 1396 2611
633 1645 894 1867
1077 2239 1214 2480
0 267 1481 1468
1396 567 1605 789
1396 600 1605 789
248 1834 548 2056
248 1912 548 2056
0 2147 979 3263
0 2173 979 3263
1756 1403 2004 1605
822 1886 1455 2186
822 1899 1129 2186
894 1899 1129 2186
750 2545 966 2878
1155 0 1886 306
587 1181 2448 2173
1501 1331 1769 1579
1077 1860 2448 2983
1077 2448 1429 2761
1077 2448 1338 2761
0 0 1684 691
1188 1860 2448 2983
1220 1951 1775 2304
1220 2115 1449 2304
1540 1064 1860 1266
848 2376 2448 3263
2115 1971 2297 2232
1390 2506 1684 2696
0 1971 267 2206
1077 1886 1455 2088
659 776 842 985
1873 724 2154 861
626 2284 1344 2611
626 2284 1253 2611
718 2284 1253 2565
1246 1860 2448 2983
1729 1991 2108 2186
1756 1475 1984 1605
1396 1951 1775 2147
1116 776 1468 1227
0 1272 1396 2350
678 1527 966 1977
678 1527 966 1938
0 124 1475 691
1266 776 1468 926
1553 0 2004 235
0 2173 802 3263
0 2617 483 3263
1618 0 2004 208
1618 0 2004 182
1860 953 2448 1253
1860 1011 2448 1253
1860 1011 2310 1220
1860 1011 2212 1220
1951 1011 2212 1220
1951 1011 2206 1155
443 2702 757 2931
2023 2852 2271 3146
378 933 633 1135
1057 267 1481 535
1057 267 1481 470
2297 372 2448 750
84 1272 757 1710
84 1390 424 1534
163 1390 424 1534
0 2996 195 3263
1645 2376 2193 2774
1645 2376 2193 2715
1645 2454 2121 2715
1775 2500 2121 2715
0 1436 1396 2350
848 2552 2448 3263
848 2552 1253 3166
1031 2761 1253 3166
848 2552 1161 3094
1527 848 1690 992
1847 1638 2082 1951
2010 1351 2448 2173
2010 1351 2448 1893
2036 1351 2448 1723
2010 1690 2173 1893
2206 2630 2448 2780
339 1742 672 2043
378 2813 691 3133
0 391 1338 1468
587 1181 2448 2160
378 966 633 1135
2036 1351 2448 1703
646 2859 979 3146
718 2859 979 3146
1090 1527 1938 2160
1090 1612 1938 2160
1090 1736 1938 2160
1214 1769 1938 2160
1083 2643 2448 3263
1161 2643 2448 3263
2128 3022 2448 3263
2232 3022 2448 3263
248 1272 757 1710
274 1272 757 1573
293 1272 757 1521
411 3094 685 3263
855 541 1201 789
515 744 750 1031
293 1325 574 1521
2128 1351 2448 1703
1377 1782 1938 2160
1488 1782 1938 2160
1566 1827 1938 2160
326 528 685 737
1161 2643 2278 3263
502 2049 802 2278
0 2186 502 2624
1312 1991 1893 2343
1083 3081 1703 3263
1083 3081 1429 3263
0 620 313 926
900 1325 1233 1481
587 1181 2448 1984
1338 0 2448 1155
2043 71 2448 267
0 2186 404 2617
855 541 1148 744
228 2173 802 3263
228 2813 633 3263
1377 1827 1612 2082
1377 1827 1612 2030
1161 2643 2278 3237
1161 2643 1364 3015
313 2173 802 2937
313 2304 731 2937
345 2304 731 2807
1618 1064 1860 1266
1246 2226 2102 2852
1233 2696 2278 3237
1416 2696 2278 3237
1553 1181 2448 1880
587 1207 1612 1984
0 868 835 1468
0 874 835 1468
1801 1860 2448 2983
1612 626 2115 979
946 1977 1396 2310
2212 1351 2448 1664
1899 2500 2121 2715
2134 1664 2448 2173
1051 391 1925 1534
0 404 705 691
1612 665 2115 979
2095 770 2448 1148
0 1436 1037 2350
65 1886 1037 2350
404 1886 1037 2350
2095 770 2448 998
0 1436 985 1997
515 1436 985 1658
1122 1383 1612 1795
1416 1991 1893 2343
228 2878 489 3263
1057 267 1481 417
1801 1860 2363 2434
1488 2696 2278 3231
0 874 620 1468
2134 913 2448 1148
2134 913 2448 1116
0 1494 724 1997
2154 1664 2448 2173
953 1977 1396 2284
1625 398 2448 1155
1338 0 2448 515
900 1077 1148 1266
953 2004 1259 2199
1625 398 2415 1155
1070 1977 1396 2284
1299 1534 1612 1795
1051 391 1867 1534
1051 391 1867 789
1051 391 1867 757
1051 391 1867 744
1051 391 1658 744
0 1494 724 1906
1814 2350 2448 2983
574 1886 1037 2350
574 1886 926 2226
1801 1860 2239 2369
1599 1181 2448 1795
1847 1181 2448 1625
587 1207 1246 1984
39 391 1338 1344
1109 652 1827 1534
1109 1175 1579 1534
1246 2226 2043 2852
691 1207 1155 1429
1599 1488 2115 1795
1488 2741 2278 3231
1488 2741 2075 3231
1801 2030 2239 2369
1246 2226 2043 2643
1246 2226 1749 2643
1246 2226 1710 2643
587 1331 1246 1984
587 1331 1246 1834
587 1331 1246 1560
39 626 567 920
1175 652 1827 1357
1175 907 1827 1357
1886 0 2448 202
1814 2624 2252 2983
1599 1488 1834 1795
71 626 567 920
548 391 1338 1344
829 665 1338 1135
2095 2350 2448 2643
0 1005 620 1468
1338 124 2448 515
1338 195 1579 437
1175 946 1827 1357
267 1573 724 1795
548 391 1227 1344
1625 398 2297 1155
1488 124 2448 515
1651 124 2448 470
548 391 1227 966
1377 2598 1749 2852
1625 874 2128 1155
933 1521 1207 1834
1671 124 2448 470
548 580 1083 966
548 580 946 802
0 1018 620 1468
1867 398 2297 763
0 1096 620 1468
2154 1932 2448 2173
1671 156 2376 470
1246 2226 1645 2519
124 1096 620 1370
1671 156 2115 443
1175 946 1651 1357
0 0 1697 665
0 0 633 202
1442 2878 1631 3172
0 0 2004 796
2226 2206 2448 2402
2082 2604 2284 2754
1077 2343 1370 2572
1938 2245 2323 2650
0 2617 417 3263
117 2617 417 3172
1769 1423 2004 1612
672 2911 1031 3263
1064 1651 1272 1886
1769 718 2154 940
1769 737 2062 940
672 2996 1031 3263
2180 1109 2448 1325
65 2630 345 2872
0 0 2004 705
0 0 2004 698
2134 1599 2448 1971
65 2128 293 2356
678 2474 1096 2761
678 2480 1096 2761
874 2513 1096 2761
678 2480 1057 2728
65 2630 345 2813
274 1468 855 1958
378 1468 724 1742
1938 2376 2239 2650
1938 2376 2239 2578
0 0 470 202
274 1651 855 1958
391 1651 855 1958
0 0 2448 3009
1201 1579 2173 2519
1814 2056 2173 2310
1899 966 2167 1188
2180 1109 2448 1299
646 2284 1233 2526
718 2284 1233 2526
920 2284 1233 2526
920 2284 1175 2526
1201 1579 2147 2519
1201 1579 2147 2428
0 2173 2448 3263
1742 2826 2448 3263
2134 1599 2448 1873
2134 1638 2448 1873
750 2519 992 2728
1201 1964 1723 2428
0 2173 1853 3263
0 2173 1338 3263
0 2173 1253 3263
0 2173 1037 3166
0 2173 580 3166
0 2323 567 3166
959 2859 1338 3263
509 0 2448 985
646 770 848 985
0 241 2448 3009
1201 2023 1723 2428
1201 2062 1723 2428
1259 776 1501 979
26 2323 567 2774
966 2284 1175 2526
0 1788 261 1971
391 3100 855 3263
1899 2826 2448 3263
509 0 2448 783
437 1651 855 1938
2004 2826 2448 3263
2128 2826 2448 3263
2180 2826 2448 3263
169 2545 1253 3263
1507 1579 2147 2134
1625 1579 2147 2134
2128 3107 2369 3263
169 2552 1194 3263
169 2552 1142 3263
26 2428 567 2774
2180 1109 2402 1253
58 1788 261 1919
1201 2062 1723 2337
359 2513 1037 2931
822 881 1011 1051
0 2402 326 3166
515 665 2448 3009
744 1436 1527 1716
744 1436 1357 1671
1227 2774 1853 3263
463 1227 848 1494
509 1468 724 1742
509 0 2448 763
1037 2859 1338 3126
0 2402 326 3048
0 2402 326 2807
1671 1579 2147 2134
1671 1579 2147 1951
1716 1638 2147 1951
1716 1638 2010 1912
515 1899 1325 2245
515 1899 1129 2245
515 1906 1044 2245
515 1906 926 2245
91 848 548 1044
483 1651 855 1938
1201 2062 1534 2271
1227 2976 1853 3263
169 2552 1031 3263
169 2552 874 3263
169 2800 874 3263
267 2800 874 3133
267 2800 763 3133
300 2800 763 3133
