0 0 2448 3263
300 3133 574 3263
1299 2709 1462 2918
1507 2780 1697 2976
1749 1037 1984 1188
535 2709 750 2898
574 3107 894 3263
332 541 476 776
561 1005 750 1201
979 2898 1181 3172
1919 2265 2121 2500
1919 2265 2115 2500
58 2565 359 2780
1645 554 1873 744
1122 2088 1527 2369
1122 2095 1527 2369
1122 2108 1494 2369
2017 1991 2193 2219
1233 1494 1534 1886
1233 1658 1507 1886
2186 1736 2376 1886
1286 802 1821 1299
1286 913 1716 1299
1286 1096 1521 1299
1233 1710 1494 1886
117 1253 372 1919
117 1338 352 1919
117 1338 345 1651
117 1338 332 1566
1631 1168 1906 1540
0 1886 293 2474
0 1932 293 2474
306 2049 496 2376
176 2643 476 3153
176 2754 417 3153
176 2754 417 2996
1037 1057 1266 1253
339 2049 496 2343
1514 913 1716 1175
750 1958 985 2206
1416 2128 1795 2461
1416 2128 1795 2428
1416 2128 1612 2350
137 2624 359 2774
1899 2526 2428 2937
815 1259 1383 1991
815 1259 1116 1671
815 1259 1116 1658
815 1259 1037 1462
1475 1736 1703 2056
1475 1736 1703 2017
992 1521 1383 1991
1390 1318 1716 1527
561 2252 1083 2709
1723 2885 2232 3263
1769 2885 2232 3263
802 776 1103 1142
802 894 1103 1142
561 2252 1083 2683
2180 2095 2448 2448
2245 2193 2448 2448
2245 2193 2448 2421
2245 2219 2382 2421
0 2291 293 2474
1070 620 1475 979
1103 652 1475 979
1103 652 1370 933
548 143 802 456
992 1521 1383 1977
1096 1795 1383 1977
750 1958 985 2108
0 2389 489 2689
802 894 1103 1122
2206 822 2448 1168
2245 822 2448 1077
2278 365 2448 757
992 1521 1312 1801
0 2389 489 2637
600 2500 1867 3263
352 1618 913 2062
352 1618 829 2062
352 1618 789 2062
182 2944 385 3153
1769 2885 2069 3263
1769 2937 2049 3263
1951 332 2265 580
1951 352 2265 580
600 2591 1867 3263
874 306 1305 652
874 306 1168 652
52 2389 489 2637
1840 1142 2448 2167
1840 1259 2448 2167
1840 1318 2448 2167
1840 1396 2448 2167
1840 1468 2448 2167
607 2252 1083 2683
1462 2226 1795 2428
1122 2128 1390 2369
1847 1468 2448 2167
0 574 620 1194
0 574 620 1011
1253 0 1723 411
1834 744 2180 1194
1834 822 2160 1194
2245 868 2448 1077
1024 1521 1312 1801
1860 1468 2448 2154
620 2591 1867 3263
2017 2526 2428 2937
2017 2526 2356 2937
718 2591 1867 3263
744 2591 1867 3263
744 2767 1207 3263
744 2767 1031 3250
352 1684 757 2062
352 1684 685 2036
352 1684 685 1912
483 1155 796 1566
483 1246 796 1566
483 1253 796 1566
2278 365 2448 646
150 835 443 1011
1834 953 2128 1194
757 3087 1207 3263
0 0 450 574
0 0 300 574
0 0 300 404
744 2872 1031 3250
2062 2976 2232 3263
607 2252 998 2683
1873 1468 2448 2154
1259 0 1723 411
1018 2591 1867 3263
1873 1481 2448 2154
1873 1618 2448 2154
1873 1684 2448 2154
1873 1775 2448 2154
600 2944 907 3139
1873 1775 2448 2069
940 306 1155 528
0 659 620 1011
1958 1775 2448 2062
815 1338 1116 1658
607 2252 972 2683
607 2284 972 2683
665 2284 972 2683
665 2402 946 2683
665 2461 946 2683
665 2461 933 2604
0 659 620 972
1958 1821 2356 2062
1142 2591 1867 3263
1142 2591 1814 3263
1142 2591 1697 3263
1142 2591 1677 3263
1246 2780 1534 3022
1259 0 1710 411
1259 0 1677 150
1410 0 1677 150
874 1351 1116 1658
874 1351 1116 1566
2069 1873 2356 2062
1775 0 2173 248
1475 1834 1703 2017
1351 1494 1534 1710
117 1631 352 1919
1142 2767 1560 3263
1142 3015 1560 3263
1181 3107 1560 3263
972 306 1155 456
1103 652 1370 842
1181 2767 1370 3068
52 2389 470 2637
0 0 2448 2310
933 1592 2180 2310
1168 1592 2180 2310
1168 1684 2180 2310
1168 1795 2180 2310
1612 1795 2180 2310
1612 1795 1906 2160
1024 1553 1312 1801
0 0 300 293
0 0 300 208
0 966 2448 3263
0 966 345 1991
0 966 345 1860
0 966 345 1729
0 966 274 1729
2206 985 2448 1168
1168 1899 1756 2186
1423 1899 1756 2186
0 0 2448 2049
1024 724 1618 1357
1024 724 1618 1214
744 2872 1031 3068
1775 58 2173 248
0 1161 2448 3263
620 2297 1272 3068
620 2297 1233 2944
620 2297 1207 2918
620 2545 1096 2918
809 2545 1096 2918
809 2545 1083 2911
1220 2591 1677 2820
0 966 221 1227
1468 959 1834 1325
1566 959 1834 1325
1566 959 1834 1279
933 1729 1325 2226
933 1729 1325 2199
979 1925 1325 2199
1024 1977 1325 2199
1175 829 1618 1214
1253 169 1442 300
1658 345 2121 789
1658 345 2102 789
1814 378 2102 789
1834 450 2102 789
1024 724 1325 1155
0 620 150 783
750 0 1286 450
1788 2102 2180 2310
2023 1886 2448 2656
2023 1886 2448 2448
2023 1886 2448 2389
2212 1886 2448 2206
2212 1886 2448 2154
574 1697 757 2062
0 2669 678 3263
0 705 620 972
0 705 411 907
535 528 1103 783
535 528 874 783
535 528 874 744
0 1096 274 1729
0 1246 274 1729
1775 71 2173 248
483 1351 770 1566
104 1161 2448 3263
933 2167 2448 3263
933 2167 1671 2702
933 2167 1671 2689
933 2167 1534 2558
933 2180 1325 2500
0 2669 580 3263
1214 2167 1534 2558
0 2669 443 3263
0 2669 359 3263
0 2669 319 3263
104 1161 1018 2800
1566 959 1834 1240
750 0 1188 280
750 0 1077 280
750 0 1057 280
750 0 1057 215
1534 2199 2448 3263
1703 2199 2004 2434
920 1077 2448 2049
1181 1077 2448 2049
1272 1077 2448 2049
1893 1077 2448 1651
2121 1077 2448 1651
2173 1077 2448 1651
2212 1886 2448 2095
1534 2304 2448 3263
1272 1135 2167 2049
1272 1194 2167 2049
1566 1475 2167 1860
1782 1599 2167 1860
1873 1599 2167 1860
920 1194 1318 1749
1749 1135 2010 1560
0 2669 319 3081
0 0 2448 1259
0 124 417 672
0 306 385 672
1534 2363 2448 3263
1566 2363 2448 3263
1625 2493 2448 3263
2004 2493 2448 3263
2167 2493 2448 3263
1181 1292 1462 1782
1024 724 1253 1155
920 1194 1227 1586
920 1194 1227 1494
1272 1194 1827 2049
1272 1253 1827 2049
1272 1429 1827 2049
45 0 2448 1259
1782 0 2448 1077
1847 0 2448 1077
2239 2493 2448 3263
2239 2493 2448 3166
1181 1292 1462 1671
1945 0 2448 1077
0 2669 241 3061
1272 1455 1729 2049
2173 1077 2448 1481
2173 1077 2448 1396
261 1161 711 1488
1625 2741 2030 3263
45 0 2036 1259
45 0 1148 1259
1024 0 2036 1109
2023 2036 2297 2389
1416 130 1710 411
104 1331 1018 2800
104 1357 1018 2800
104 1357 1018 2474
104 1357 1018 2284
104 1795 580 2284
202 1912 580 2284
45 0 1103 1259
1109 0 2036 1109
1318 2167 1534 2461
1945 0 2448 946
280 1357 1018 1932
280 1357 1005 1853
404 1357 1005 1769
404 1449 659 1769
1109 0 2036 985
1618 665 2036 985
0 1246 274 1677
1566 2363 2115 2826
1566 2363 1951 2813
1566 2448 1873 2813
45 0 1031 1253
45 0 1031 1116
45 0 1031 1037
45 0 1031 842
45 0 868 842
359 554 626 842
626 1037 1103 1259
626 1096 1103 1259
1109 0 1867 933
1129 0 1867 933
672 600 1148 953
1945 0 2448 815
509 117 1031 646
509 300 1031 646
509 352 966 646
124 2382 626 2800
1240 411 1756 933
1318 737 1756 933
0 2748 241 3061
45 0 868 672
1964 0 2448 815
607 1357 1005 1756
235 1977 855 2474
437 1977 855 2310
124 2480 613 2800
45 52 691 672
45 52 691 502
45 52 691 463
1129 0 1867 691
1416 1455 1729 1873
2017 0 2448 815
2030 496 2382 815
1129 65 1853 691
1129 182 1853 691
1129 248 1853 691
2017 0 2448 541
1129 248 1853 665
1272 248 1853 665
1272 248 1723 665
1272 248 1723 626
2017 0 2448 470
2017 0 2363 470
2017 176 2363 470
398 3133 574 3263
2075 3113 2219 3263
1181 3113 1403 3263
1338 3107 1560 3263
156 3107 359 3263
0 3094 169 3263
2245 3087 2448 3263
1351 3087 1501 3231
757 3087 1201 3263
1534 3081 1723 3263
91 3048 280 3263
1279 3022 1462 3185
483 3022 678 3263
1142 3015 1286 3159
182 3015 378 3153
1932 3009 2095 3263
0 3009 143 3166
979 2989 1181 3172
1625 2983 1867 3263
2062 2976 2232 3172
1240 2970 1436 3120
385 2937 580 3172
2167 2931 2323 3107
744 2911 1031 3250
1403 2898 1566 3172
110 2898 319 3081
1880 2885 2069 3061
770 2872 1031 3068
0 2859 189 3061
1214 2846 1370 3068
541 2846 672 3048
2004 2839 2245 3055
1671 2839 1814 3159
1521 2839 1697 3081
2239 2820 2448 3166
620 2813 763 2976
1403 2787 1534 3022
1246 2780 1403 2937
1899 2767 2088 2904
1475 2767 1618 2957
894 2767 1024 3015
2036 2754 2258 2918
1299 2754 1462 2918
176 2754 359 2911
0 2748 241 2950
1775 2741 2030 3022
535 2722 691 2898
2199 2702 2428 2918
940 2696 1096 2918
1625 2663 1801 2924
1129 2663 1272 3068
1031 2663 1233 2944
809 2663 953 2911
287 2643 476 2911
2049 2637 2337 2937
2212 2617 2389 2813
1736 2604 1873 2813
1220 2598 1364 2820
1299 2591 1677 2813
58 2565 228 2780
620 2558 868 2735
920 2545 1083 2787
1853 2539 2115 2826
2017 2526 2356 2754
1364 2513 1566 2702
2278 2493 2448 2852
124 2487 372 2689
287 2480 613 2800
665 2461 881 2598
567 2461 744 2709
1566 2448 1801 2702
2160 2421 2310 2604
2245 2415 2448 2578
861 2415 998 2572
1468 2402 1671 2689
757 2402 920 2532
332 2402 489 2572
1912 2395 2121 2754
182 2389 470 2572
52 2389 254 2637
1214 2382 1357 2558
417 2382 626 2598
2069 2376 2258 2656
1723 2363 1951 2683
926 2337 1083 2526
607 2337 750 2519
1318 2323 1534 2461
685 2323 815 2474
2310 2310 2448 2448
1919 2310 2102 2500
2056 2304 2297 2448
1631 2304 1808 2506
1005 2297 1207 2656
0 2291 293 2448
776 2284 972 2454
1462 2278 1697 2428
1703 2265 1958 2434
235 2265 496 2474
613 2252 757 2402
470 2245 633 2448
1416 2206 1586 2350
1769 2199 2004 2350
933 2186 1135 2376
1919 2180 2180 2310
1044 2180 1325 2500
1122 2173 1364 2369
1344 2167 1488 2376
1540 2154 1769 2310
2023 2141 2271 2389
0 2141 163 2278
1671 2128 1808 2258
1161 2128 1390 2284
339 2108 496 2343
1788 2102 2075 2278
2180 2095 2408 2271
985 2095 1181 2226
202 2095 404 2284
1227 2088 1383 2219
2017 2082 2193 2219
652 2082 992 2389
1181 2056 1325 2199
2102 2036 2297 2173
437 2030 691 2310
1403 2017 1697 2186
2291 2004 2448 2154
1919 1997 2082 2154
1024 1977 1253 2180
483 1977 855 2232
750 1958 913 2095
1168 1951 1455 2121
1703 1945 1906 2160
2212 1938 2363 2095
0 1932 280 2343
979 1925 1161 2121
202 1912 580 2121
1423 1906 1579 2056
1566 1899 1756 2186
652 1893 783 2062
2134 1873 2356 2062
1703 1873 1932 2017
1272 1827 1534 2049
1958 1821 2102 2043
1096 1814 1227 1977
574 1814 737 2062
496 1808 626 2036
1886 1795 2049 1997
1612 1795 1808 2036
1194 1795 1383 1945
104 1795 359 2036
711 1782 1011 2004
2271 1775 2448 1919
933 1729 1122 2049
789 1729 1018 1932
0 1729 150 1991
1331 1710 1494 1886
620 1697 757 1853
1873 1690 2160 1860
2317 1684 2448 1847
1716 1684 1912 1912
430 1684 685 1912
0 1671 176 1860
1116 1651 1312 1801
972 1651 1214 1899
2082 1618 2323 1788
1782 1612 1938 1742
2304 1599 2448 1729
1906 1599 2167 1756
1612 1592 1821 1834
404 1592 652 1769
0 1586 241 1729
1266 1566 1416 1782
1116 1560 1318 1749
1024 1553 1175 1690
280 1540 522 1853
1037 1521 1175 1658
65 1521 274 1677
770 1501 1005 1756
1351 1494 1507 1710
1181 1481 1364 1671
2239 1475 2376 1677
1566 1475 1938 1690
1964 1468 2167 1599
1860 1468 2036 1638
1416 1455 1729 1775
417 1449 659 1638
874 1436 1011 1566
587 1436 789 1599
117 1436 332 1566
1664 1429 1827 1586
959 1429 1207 1586
483 1429 626 1566
2278 1396 2448 1651
2030 1396 2212 1527
1547 1357 1716 1514
607 1357 874 1690
979 1351 1116 1507
587 1351 770 1488
195 1338 326 1494
2193 1331 2434 1481
1814 1331 1997 1560
287 1331 509 1573
463 1325 711 1488
1958 1318 2232 1475
1390 1318 1586 1527
1749 1312 1880 1468
1129 1299 1305 1429
1188 1292 1462 1547
2147 1259 2337 1416
815 1259 979 1390
1416 1253 1827 1494
509 1246 744 1377
0 1246 221 1540
979 1240 1227 1494
724 1227 907 1396
2258 1220 2428 1370
1325 1194 1579 1357
920 1194 1175 1357
1579 1188 1710 1325
1220 1175 1351 1357
1631 1168 1867 1540
261 1161 594 1396
2023 1142 2199 1305
1749 1135 2010 1377
1468 1122 1631 1266
1286 1122 1468 1299
1586 1116 1742 1279
150 1116 345 1351
763 1103 1103 1253
626 1096 835 1259
2173 1077 2337 1338
1893 1077 2147 1396
1834 1044 2049 1194
1749 1037 1932 1188
561 1005 750 1142
1677 998 1834 1240
848 992 1018 1142
2206 985 2408 1168
372 985 600 1253
1377 979 1560 1168
248 966 443 1194
1566 959 1795 1129
1938 953 2128 1142
1175 953 1423 1214
959 953 1103 1122
2252 933 2448 1077
2082 933 2304 1077
1514 913 1664 1175
665 907 907 1116
1024 881 1253 1155
476 881 607 1096
150 874 385 1011
1782 848 1971 1109
1318 842 1475 979
1214 842 1396 998
1370 829 1618 1037
1932 822 2160 1037
404 809 620 972
1599 802 1821 1044
2082 796 2330 946
1188 796 1364 933
848 776 1057 933
1977 744 2180 874
1716 744 2036 985
1527 737 1756 933
1318 737 1540 874
548 731 829 1037
1024 724 1214 979
0 705 293 907
672 698 1018 953
359 691 626 842
0 678 280 874
2199 672 2448 855
1618 665 1912 815
235 659 391 802
1207 652 1370 815
1912 613 2102 789
2030 607 2382 815
535 607 665 796
1677 600 1873 744
966 600 1148 796
842 594 1103 737
104 574 287 763
398 554 574 737
718 541 874 744
535 528 815 711
2206 496 2356 626
1964 496 2245 639
1109 496 1325 718
0 496 248 672
874 483 1168 652
404 483 600 659
208 476 450 672
1410 470 1697 665
1612 463 1853 633
1834 450 1964 698
705 430 966 646
2069 417 2265 580
1044 417 1305 587
1932 411 2121 607
1240 411 1521 763
1416 385 1579 548
1814 378 1997 528
0 378 169 574
2278 365 2448 528
1951 352 2147 515
509 352 776 561
1658 345 1886 489
306 339 646 502
2245 319 2448 541
110 313 287 535
1129 306 1357 470
972 306 1103 456
235 306 385 574
737 300 1031 522
1847 287 2121 463
1481 287 1723 541
2160 274 2363 470
0 267 169 404
548 254 796 456
1272 248 1521 626
1070 235 1286 450
1782 215 2069 359
2186 195 2376 326
1416 195 1592 411
326 195 509 404
1638 182 1853 391
2017 176 2304 345
1259 169 1442 300
1494 130 1710 326
992 130 1188 267
1436 124 1618 267
261 124 417 332
731 117 900 345
1964 78 2173 241
45 78 306 463
1775 71 2088 248
1664 65 1834 221
228 52 691 391
13 52 202 208
1135 45 1364 300
2265 32 2448 352
1292 26 1521 195
2036 0 2337 208
1416 0 1566 137
1024 0 1286 156
750 0 926 176
646 0 868 163
443 0 646 195
0 0 2448 2186
0 1684 2448 3263
156 953 365 1129
156 966 365 1129
1410 2095 1612 2278
84 1181 274 1396
300 2944 1207 3263
0 979 2448 2186
0 2291 306 2454
0 0 2448 1494
1240 2970 1501 3231
887 1481 1175 1671
0 1782 1723 3263
2108 1031 2245 1214
1070 620 1227 842
1135 1749 1383 2036
1135 1749 1383 1945
881 1684 2448 3263
1051 2402 1521 2722
306 2108 496 2376
398 2944 1207 3263
1240 2970 1462 3185
2206 2820 2448 3185
2239 2820 2448 3185
737 2663 1168 3068
770 2663 1168 3068
770 2872 1168 3068
770 2872 1083 3068
0 1886 280 2343
887 1481 1064 1671
940 0 2448 1253
861 2337 1083 2656
926 2337 1083 2656
0 0 1455 1494
2284 2219 2448 2448
1840 3002 1984 3218
1129 1175 1351 1429
561 2252 881 2598
84 1181 221 1344
1194 1749 1383 1945
352 1618 829 1912
352 1618 789 1912
1037 0 2448 1253
1142 2598 1723 3263
1142 2598 1697 3159
698 1227 979 1396
724 1227 979 1396
607 2252 881 2598
607 2252 757 2519
2291 1886 2448 2154
339 835 561 1011
0 2291 306 2448
483 2944 1207 3263
483 2944 1201 3263
1814 352 2265 580
0 0 1455 1396
1860 1429 2376 1677
1736 2591 1945 2924
1736 2591 1945 2813
940 411 1305 587
1410 0 1958 150
1410 0 1867 150
1410 0 1723 150
2017 1220 2428 1416
1964 1429 2376 1677
1214 1684 2448 3263
0 1782 1566 3263
1964 1429 2363 1645
1964 1468 2278 1645
1964 1468 2167 1645
0 966 372 1494
0 966 345 1494
0 966 345 1351
1899 2617 2428 3055
2049 2617 2428 2937
1214 1899 1344 2036
1899 2754 2258 3055
2030 1684 2448 1919
2030 1684 2448 1847
2199 2617 2428 2918
881 1729 1586 2350
881 1729 1494 2284
881 1729 1390 2284
881 1958 1390 2284
13 0 300 208
1214 1821 2448 3263
1403 1821 2258 2656
1403 1821 2180 2434
0 1096 1592 2121
359 1155 744 1618
359 1246 744 1618
359 1325 711 1618
2017 1246 2337 1416
1253 169 1592 411
685 2284 972 2683
685 2284 972 2604
757 2402 933 2604
1266 1566 1592 1886
1331 1658 1592 1886
1331 1658 1507 1886
0 1096 1312 2121
992 1553 1312 1801
992 1553 1175 1762
535 528 953 783
0 620 443 1011
0 620 443 874
0 620 280 874
1403 1867 2180 2434
1142 2598 1436 3159
848 600 1279 1122
0 0 1253 1396
874 979 2448 2186
1749 1135 2232 1560
1749 1246 1997 1560
685 2284 972 2474
0 2356 861 3263
541 2683 861 3048
620 2683 861 3022
0 705 385 1011
0 169 228 404
874 0 1455 456
874 0 1286 456
874 124 1286 456
1181 2598 1436 3068
1220 2598 1436 3002
1220 2598 1403 2937
483 3022 1201 3263
600 3028 907 3205
2199 639 2448 855
2206 933 2448 1168
881 235 1286 456
0 2356 580 3263
0 2356 476 3166
0 2859 417 3166
0 2878 417 3166
110 2878 417 3081
966 2069 1390 2284
985 2095 1390 2284
972 235 1286 456
574 3087 1201 3263
1286 979 1742 1325
1468 1116 1742 1325
0 1096 1227 2121
0 1096 509 1573
0 1096 332 1566
0 1096 221 1540
52 1886 195 2199
1286 979 1560 1299
156 2702 580 3263
1357 979 1560 1207
0 1338 1227 2121
972 1651 1227 2121
972 1651 1227 1977
124 1782 1566 3263
744 2297 1566 3263
1018 2898 1566 3263
1181 2898 1566 3263
1919 2310 2258 2656
0 2356 476 2950
0 2356 359 2950
0 2356 254 2950
0 2356 254 2846
0 2389 254 2846
1403 1971 2180 2434
1403 2017 2180 2434
574 3120 900 3263
124 1782 1325 2800
496 1808 737 2062
235 659 443 802
744 2297 1272 3250
1703 1867 1991 2017
1214 1873 2448 3263
1037 26 2036 1253
0 1338 1207 2121
874 1057 2448 2186
1716 1057 2448 1912
1873 1057 2448 1912
920 2297 1272 3172
920 2297 1272 3068
920 2297 1233 2944
940 2663 1233 2944
1403 2787 1697 3081
1625 2741 2448 3263
0 1671 176 1991
0 705 293 992
1534 0 2448 1142
1534 411 2121 815
1834 411 2121 789
1214 1873 2448 2924
1214 2167 2115 2924
1769 2885 2448 3263
1403 2017 2075 2434
1462 2102 2075 2434
1703 2102 2075 2434
959 600 1279 1122
959 724 1279 1122
2017 1873 2448 2852
1893 1057 2448 1788
2023 1057 2448 1788
1024 724 1279 979
1214 842 1475 998
124 2095 613 2800
874 1168 1938 2186
1024 1951 1455 2180
378 483 665 796
378 483 600 737
1880 2885 2448 3263
2062 2931 2448 3263
2062 2931 2323 3172
241 783 1253 1396
678 2683 861 3022
815 1338 1207 1586
1194 2402 1521 2611
1037 235 1286 450
1775 0 2448 1142
1775 0 2448 1077
1782 215 2226 463
1716 1612 1938 1912
1272 1795 1808 2186
1423 1795 1808 2186
1488 1795 1808 2186
417 1782 1325 2735
2030 1057 2448 1788
2023 1873 2448 2852
2023 1873 2448 2578
2023 1873 2448 2448
0 0 1188 1037
443 0 1188 652
443 0 1168 652
1782 215 2121 463
1534 587 1912 815
1618 600 1912 815
1488 1795 1808 2036
241 783 1253 1357
0 1351 1018 2121
0 1357 1018 2121
789 1664 1018 1932
1873 1599 2376 1912
398 483 600 737
2030 1057 2448 1729
2173 1057 2448 1729
2173 1057 2448 1651
815 1338 1011 1566
0 52 1103 1037
1214 2167 1951 2924
2193 1135 2448 1651
417 1782 1325 2709
711 1782 1011 2095
874 1168 1938 1834
874 1240 1227 1507
1579 1116 1742 1325
1214 2323 1534 2558
1299 2304 1951 2924
1181 1168 1938 1834
1188 1168 1938 1834
2023 1938 2448 2448
1880 2885 2095 3263
1188 1194 1938 1834
920 2297 1220 2787
1005 2297 1220 2656
587 1351 789 1599
0 1357 1005 2121
0 1521 580 2121
104 1795 580 2121
1299 2363 1951 2924
0 1521 352 1919
0 1521 274 1729
2023 1938 2448 2389
2180 2095 2448 2271
2193 1135 2448 1481
1834 411 2121 698
1769 2102 2075 2350
1129 26 1886 763
326 2702 580 3218
1037 496 2036 1253
241 783 1018 1253
1299 2363 1951 2813
235 195 509 574
248 881 1018 1253
372 881 1018 1253
241 783 620 972
124 2265 613 2800
