0 0 2448 3263
1566 0 2448 195
391 1703 652 1860
528 2800 783 3028
776 2239 1031 2539
0 1573 156 1749
646 339 985 561
646 339 985 535
1677 620 1912 809
0 1024 2448 3263
913 1468 1507 1762
953 1547 1507 1762
1103 1586 1507 1762
1103 1599 1272 1762
0 0 2448 1756
1710 0 2448 156
1756 3120 1997 3263
502 770 678 926
0 1312 287 1475
2186 1951 2448 2180
0 0 2448 1645
1148 2552 1573 2787
1148 2552 1573 2741
1651 2480 1958 2669
489 2010 946 2389
489 2010 783 2389
1240 2552 1573 2722
2108 2689 2448 2931
2219 2793 2448 2931
0 0 215 391
1612 2983 1821 3139
953 1547 1188 1684
332 2683 574 3028
1403 1723 1605 1932
0 0 156 391
678 724 998 913
691 476 1090 639
770 476 1090 639
254 1494 2448 3263
0 1024 2043 3263
1769 2480 1958 2656
489 2010 757 2389
1096 1109 2147 1396
489 2069 757 2389
502 2069 757 2284
1494 0 2448 705
0 2552 267 2872
0 2611 176 2872
842 2787 1070 2970
1736 2232 2056 2408
724 1096 1357 1272
887 1122 1357 1272
0 0 1318 868
215 91 522 274
248 91 522 254
1090 1462 1997 2030
1494 0 2448 698
97 2245 248 2539
97 2363 248 2539
1494 0 2448 652
1599 52 2448 652
0 1396 815 2337
0 0 1194 868
456 0 1194 463
156 2767 352 2983
1272 2075 1566 2363
456 0 1188 463
1873 52 2448 652
1638 1860 2017 2108
1638 1860 1912 2108
1494 0 2043 417
1494 0 2017 417
574 208 1188 463
1494 0 1938 417
1494 0 1938 411
1494 0 1847 411
1521 163 1847 411
1925 2931 2271 3263
1984 2931 2271 3263
1984 2996 2252 3263
0 1449 737 2337
0 1449 652 2337
0 163 763 868
0 163 515 868
1873 52 2448 639
1873 254 2448 639
0 2891 287 3263
0 2891 287 3159
0 2891 241 3159
953 0 2448 1645
1488 411 2448 1645
953 0 1932 1201
1991 2526 2252 2787
1220 1109 2147 1370
1292 1109 2147 1370
2128 2931 2271 3244
0 163 515 463
1886 470 2245 705
1586 2735 1919 2996
953 0 1840 887
985 0 1592 352
1188 0 1592 248
1272 2108 1566 2363
1488 1168 2448 1645
39 1449 600 1795
130 1449 600 1795
130 1449 600 1703
0 398 1096 1272
130 1449 476 1697
959 678 1932 1201
1625 411 2448 1240
1625 483 2448 1240
1736 639 2448 1240
0 1024 2043 2852
0 398 1096 1201
0 398 1018 1201
0 2891 195 3153
1312 2722 1586 2904
26 1148 2043 2852
1357 1964 1631 2147
1527 3022 1840 3263
456 0 913 261
483 0 913 221
2102 52 2448 293
1292 1109 2075 1370
678 1168 1083 1377
235 398 1018 1201
1090 1462 1997 1912
0 195 515 463
2056 3048 2252 3263
0 2284 783 3263
0 2284 685 3263
0 2284 528 3263
0 2284 528 3133
0 2284 450 3055
0 2382 450 3055
0 1024 809 1631
319 1233 620 1423
966 678 1932 1201
1488 1181 2448 1645
1736 639 2448 1233
1938 639 2448 1233
1971 1181 2448 1540
78 3055 306 3263
110 2918 528 3133
0 404 339 868
1736 920 2317 1188
1736 920 2173 1181
372 2611 685 2865
1645 2735 1919 2996
881 2258 1031 2539
1220 1018 1932 1201
953 228 1840 887
2271 2245 2448 2480
0 1762 652 2337
1488 1253 2154 1645
1521 1292 2154 1645
1521 1292 2154 1566
1521 1305 2062 1566
1521 1305 1762 1566
0 0 156 300
1161 1494 2448 3263
254 2598 1364 3263
254 2598 1233 3263
254 2598 1214 3263
2141 985 2448 1233
1279 2108 1566 2363
0 1024 626 1631
0 1064 463 1631
398 1024 626 1259
202 0 646 156
1547 3120 1840 3263
1938 639 2448 1005
0 763 378 1005
2134 639 2448 1005
0 1762 652 2199
261 783 1018 1201
1893 1494 2323 1834
235 398 763 887
235 398 763 809
261 783 985 1201
1161 1742 2448 3263
254 2598 1103 3263
254 2598 1070 3263
626 2598 972 3133
0 2630 450 3055
0 2650 450 3055
0 195 515 456
985 117 1410 352
1090 1462 1997 1893
26 1762 652 2082
0 1148 463 1631
789 1997 2043 2852
254 3002 1070 3263
646 3074 1070 3263
26 1148 1605 2656
26 1814 920 2656
261 783 966 1142
1396 1018 1932 1201
1396 1018 1775 1175
528 1148 1605 2310
254 3002 731 3263
26 1938 920 2656
26 1938 685 2630
26 1938 685 2624
1292 1116 1893 1370
1625 1148 1893 1370
0 1220 463 1631
1161 1964 2448 3263
1756 2630 2448 3263
261 783 757 1142
1090 1462 1997 1847
352 3002 731 3263
1971 1181 2448 1534
26 1938 685 2506
1090 1462 1690 1847
1090 1612 1671 1847
32 1220 463 1553
352 3042 731 3263
1853 1742 2448 2102
1951 1742 2448 2102
528 1148 1605 2212
822 1312 1605 1645
1122 1338 1605 1645
110 1808 652 2082
1148 483 1840 887
626 2598 953 2911
1090 1645 1481 1847
1951 1742 2448 1977
1266 1338 1605 1592
235 398 685 809
822 1312 1246 1527
1893 1964 2448 2872
1893 2337 2121 2787
1919 1964 2448 2872
789 1997 1814 2852
1436 1997 1814 2441
528 1148 1540 2212
789 2010 1645 2852
1919 2115 2448 2872
2023 2310 2448 2872
2088 2415 2448 2872
1161 2291 1971 3263
1553 2291 1971 2891
541 1396 1540 2212
541 1396 1540 2167
541 1494 1540 2167
541 1494 992 1814
789 2010 1645 2833
1573 2291 1971 2611
796 1631 1540 2167
1756 2728 2448 3263
796 1631 1403 2167
1756 2728 2448 3237
1756 2728 2245 3237
1756 2839 2167 3237
1521 1997 1814 2330
966 2010 1645 2833
26 1938 587 2506
1161 2807 1690 3263
1161 2807 1573 3263
574 2317 920 2656
1292 1116 1788 1312
966 2010 1442 2833
796 1631 1279 2167
796 1631 1142 2167
215 1938 587 2506
966 2010 1442 2656
966 2010 1370 2572
1756 3120 1932 3263
1625 3120 1840 3263
352 3120 509 3263
1070 3113 1214 3263
0 3113 137 3263
783 3087 1070 3263
646 3074 959 3263
254 3074 417 3263
78 3068 267 3263
1286 3061 1664 3263
2056 3048 2212 3179
476 3042 731 3263
1527 3022 1710 3185
2219 3009 2448 3263
0 3009 195 3153
489 3002 678 3185
1612 2989 1788 3120
744 2970 1096 3172
1756 2950 2115 3237
274 2950 528 3133
1161 2944 1377 3263
2128 2931 2265 3094
554 2931 691 3068
607 2898 744 3100
691 2891 972 3133
1018 2852 1233 2983
2167 2846 2448 3074
1860 2839 2167 3028
483 2839 626 3009
1449 2833 1690 3042
1586 2820 1775 2950
332 2813 548 3028
1272 2807 1573 3100
600 2800 783 2950
156 2793 345 2983
842 2787 985 2950
1070 2761 1364 2996
953 2754 1090 2911
1742 2735 1919 2918
2030 2728 2245 2944
1312 2722 1501 2904
0 2715 306 3055
685 2709 953 2911
600 2696 783 2852
2108 2689 2304 2833
359 2683 574 2898
1096 2669 1396 2852
0 2656 176 2872
248 2650 450 2937
1814 2630 2069 2878
97 2630 280 2780
372 2624 522 2767
1991 2617 2252 2787
2252 2611 2448 2872
789 2611 1011 2826
515 2611 685 2865
626 2598 829 2767
1553 2591 1880 2891
1279 2565 1573 2722
1912 2513 2095 2787
829 2500 1129 2663
1403 2474 1645 2669
443 2474 652 2630
0 2474 208 2637
979 2454 1240 2833
1573 2434 1762 2611
287 2428 515 2624
2088 2415 2395 2663
1651 2408 1860 2604
881 2395 1018 2539
574 2389 822 2656
2245 2382 2448 2643
189 2382 411 2656
1416 2343 1645 2558
496 2343 718 2500
1893 2337 2121 2532
672 2317 920 2585
2023 2310 2239 2487
1586 2291 1971 2519
1116 2291 1442 2656
0 2284 202 2480
2271 2271 2408 2441
887 2258 1031 2415
489 2245 646 2389
189 2245 450 2487
1880 2239 2056 2408
966 2239 1370 2572
776 2239 913 2376
1736 2232 1958 2376
2075 2226 2343 2421
1279 2226 1507 2363
0 2193 143 2337
1521 2186 1782 2330
97 2173 319 2317
1436 2147 1573 2441
535 2134 985 2369
502 2121 678 2284
1919 2115 2226 2356
1436 2108 1566 2252
757 2102 946 2245
1553 2075 1710 2219
215 2075 587 2506
979 2062 1142 2212
1729 2023 2043 2278
26 2017 287 2212
979 2010 1364 2323
1586 1997 1814 2206
1357 1997 1592 2147
0 1997 176 2199
868 1971 1018 2310
685 1971 907 2134
2102 1964 2448 2291
522 1964 685 2102
2186 1951 2382 2102
261 1938 580 2154
1880 1925 2017 2056
1148 1919 1403 2108
2180 1912 2448 2102
933 1886 1142 2167
110 1873 365 2082
1638 1860 1912 2062
1788 1847 1925 1977
0 1834 163 2049
1436 1814 1795 2030
515 1814 842 2017
235 1808 652 1984
1853 1801 2186 2036
1403 1801 1605 1932
1227 1788 1540 1977
1521 1762 1736 1893
959 1762 1279 1938
26 1762 267 1932
2134 1742 2448 1925
1951 1742 2245 1977
0 1716 189 1853
1762 1703 1958 1912
463 1703 652 1860
202 1703 391 1834
1090 1690 1292 1821
2232 1645 2448 1795
1214 1645 1481 1847
352 1645 594 1808
1893 1638 2102 1834
796 1631 1142 1977
137 1625 378 1795
1605 1612 1997 1821
1396 1612 1671 1742
541 1592 842 1814
953 1547 1116 1684
1847 1527 1977 1664
1703 1527 1893 1690
2115 1521 2448 1756
1945 1494 2323 1690
1618 1494 1834 1664
776 1494 992 1710
404 1494 600 1703
130 1488 372 1697
1886 1475 2023 1645
1383 1462 1690 1645
313 1449 476 1690
0 1423 208 1631
1122 1410 1396 1645
1266 1403 1507 1592
744 1396 900 1547
554 1396 815 1553
1566 1377 1762 1566
2226 1370 2395 1540
1971 1351 2284 1534
1338 1338 1605 1521
881 1338 1246 1527
443 1331 580 1488
1631 1312 2062 1566
822 1312 1148 1442
156 1286 463 1553
319 1279 522 1423
443 1259 607 1396
1625 1233 1893 1370
32 1220 332 1364
1096 1214 1403 1396
300 1201 470 1331
2121 1181 2448 1383
678 1168 959 1377
1494 1148 1788 1312
528 1148 972 1494
0 1148 143 1305
1847 1109 2075 1266
724 1096 913 1246
293 1064 437 1266
842 1051 985 1201
2036 1044 2317 1188
580 1044 809 1220
1703 1037 1932 1201
398 1024 607 1214
1599 1018 1775 1175
2141 1011 2421 1161
966 1011 1142 1194
274 992 424 1129
2173 985 2448 1233
1736 972 2049 1129
0 959 326 1272
1840 920 2173 1181
450 887 757 1142
959 881 1175 1037
0 835 248 1005
600 815 966 1083
1938 802 2284 992
261 783 594 1051
1540 763 1821 966
156 763 378 966
1756 737 2010 979
2186 731 2448 1005
724 724 998 913
1344 718 1547 848
522 698 711 829
235 691 496 887
1148 678 1449 887
966 678 1599 1142
0 672 241 868
809 633 1096 822
1729 620 1912 783
711 594 992 737
2258 548 2448 685
1351 515 1488 678
509 509 763 691
1886 502 2173 705
829 502 1090 639
2115 483 2337 639
1625 483 1984 711
1351 483 1840 881
235 437 548 809
1331 417 1527 567
0 417 163 600
0 404 339 718
646 398 985 535
326 398 685 633
1599 267 2128 483
1873 254 2448 587
0 235 515 456
953 228 1651 737
874 228 1188 463
280 228 763 437
574 208 900 352
985 202 1292 352
169 195 339 352
1808 169 2232 300
1553 163 1847 411
1168 117 1410 254
744 110 1096 254
456 104 613 261
215 97 378 274
1958 65 2317 195
509 52 913 221
1566 0 1808 195
1494 0 1729 169
1188 0 1566 182
1051 0 1318 143
691 0 1103 137
319 0 646 156
202 0 339 143
0 0 156 163
0 0 2448 2108
0 1148 2448 3263
1442 0 2448 293
502 1631 2448 3263
0 1148 1710 3263
319 731 2448 2108
319 731 2448 2102
1507 900 1906 1064
1507 900 1801 1064
0 0 2448 1403
1494 0 2448 293
1494 0 1808 195
2147 548 2448 698
2232 1253 2448 1592
2232 1272 2448 1592
0 2239 1710 3263
0 2500 1710 3263
0 2552 267 2722
0 1148 920 3055
2043 1142 2421 1292
2043 1148 2278 1292
385 1090 626 1266
1788 1847 2017 2056
0 195 2154 1403
0 228 1168 1331
953 195 2154 1403
953 228 2154 1403
1847 1436 2088 1664
1847 1475 2023 1664
1521 1951 2448 3263
2030 2526 2212 2669
0 2552 1710 3263
0 2193 248 2539
0 2565 1710 3263
1521 1964 2448 3263
502 1631 1814 2852
1272 1997 1592 2448
1272 2108 1566 2448
0 2565 1690 3263
1853 1214 2154 1403
0 0 646 391
1403 731 2448 2102
1893 1638 2193 1834
502 1886 913 2284
78 2565 1690 3263
1684 52 2448 293
953 228 2075 1396
691 476 985 626
287 2343 718 2624
1958 52 2448 293
319 1024 1690 1847
169 0 2448 979
169 0 1592 463
1553 163 2448 979
953 1547 1214 1684
1684 182 2017 365
78 2918 528 3263
169 104 613 352
972 1109 2075 1396
352 2565 1690 3263
509 398 1090 691
202 0 646 274
744 2911 1155 3172
0 0 169 391
483 0 1592 463
1625 1109 2075 1370
502 1964 907 2284
522 1964 907 2160
541 1971 907 2160
1573 2434 1958 2669
1573 2434 1775 2669
1325 1997 1592 2154
0 1573 652 1860
19 1573 652 1860
39 1579 652 1860
39 1579 594 1834
39 1579 594 1808
39 1579 509 1795
137 1579 509 1795
280 1579 509 1710
319 1024 1690 1742
0 1834 176 2199
600 2696 783 2950
0 1148 815 1703
0 1148 600 1703
1403 1703 1958 2062
1403 1801 1912 2062
1403 1801 1795 2030
953 228 1932 1201
1599 1018 1932 1201
953 228 1840 1155
313 1449 600 1703
1103 1586 1507 1847
1103 1599 1481 1847
1103 1599 1383 1769
0 0 169 345
0 0 156 345
1521 2023 2395 3263
711 1396 900 1612
398 1024 809 1220
2056 2846 2448 3263
535 1631 1814 2852
535 1886 1168 2369
483 0 1592 437
483 0 1592 352
515 2598 972 3133
515 2598 953 2911
515 2598 829 2865
985 0 1566 352
1168 0 1566 254
2167 2846 2448 3263
319 1148 1690 1742
319 1233 620 1488
202 0 378 274
2036 1011 2421 1188
2030 2689 2304 2944
1612 2735 1919 3120
1553 163 2448 711
528 1148 1690 1742
522 594 1168 1331
319 1279 580 1488
933 1886 1168 2167
1756 639 2448 979
1756 698 2212 979
0 1592 920 3055
169 130 483 352
0 228 763 1272
0 2630 626 3055
0 2630 548 3055
0 2650 548 3055
1521 731 2448 2102
1521 1181 2448 2102
0 1592 920 2689
0 2284 920 2689
0 2284 483 2689
1971 1181 2448 1618
535 1971 1018 2369
522 594 1018 1201
522 698 985 1201
352 3042 1214 3263
789 1631 1814 2852
1416 1964 1814 2558
1416 1997 1814 2558
972 1116 1788 1396
972 1122 1403 1396
887 1011 1168 1331
887 1148 1168 1331
1416 2075 1749 2558
953 228 1840 1142
0 2284 208 2637
0 1148 463 1553
483 0 1103 352
483 0 1096 352
483 0 913 352
509 398 985 691
0 672 496 887
1416 2147 1749 2558
1272 2141 1507 2363
1018 2565 1690 3263
711 594 1018 998
1625 3120 1932 3263
189 2382 483 2689
0 959 437 1272
274 992 437 1266
2102 1964 2448 2872
2102 1964 2448 2643
776 1468 1220 1710
352 3042 1103 3263
352 3042 1070 3263
26 1592 881 2506
26 1762 652 2506
1344 718 1821 966
1736 731 2448 1233
1070 2565 1690 3263
1521 1305 2448 2102
1521 1305 2062 1821
1605 1494 1997 1821
443 2317 920 2656
1521 2023 2395 3237
1938 731 2448 1233
2102 1964 2448 2480
1070 2565 1664 3263
1070 2722 1664 3263
789 1631 1645 2852
1416 2147 1645 2558
189 1938 587 2506
1521 2023 2395 2663
796 1631 1540 2572
789 2291 1645 2852
979 2291 1645 2852
979 2291 1645 2833
1116 2291 1645 2669
1971 1351 2395 1540
1553 2337 2252 3237
776 633 1096 822
156 2650 450 2983
1122 1338 1690 1742
1266 1338 1690 1742
1383 1462 1690 1742
0 228 763 1051
1853 1494 2448 2102
1945 1494 2448 1756
522 698 966 1083
515 1592 881 2017
515 1775 881 2017
1553 2591 2252 3237
0 228 763 809
2173 731 2448 1233
1553 163 2448 587
1553 163 2128 483
528 1148 1246 1527
1853 1742 2448 2036
1090 1690 1540 1977
1521 2023 2043 2604
1521 2023 2043 2519
1919 2115 2395 2663
2023 2310 2395 2663
1521 2023 2043 2330
1070 2761 1664 3263
796 1631 1403 2572
953 228 1840 881
26 1762 652 1984
1553 2591 2252 2891
1553 2591 2069 2891
0 228 763 718
280 228 763 633
1161 2944 1664 3263
26 2017 319 2317
1853 1742 2245 2036
796 1631 1403 2108
796 1631 1279 1977
0 235 515 718
724 724 1018 998
1566 19 2448 195
124 1827 404 2069
19 2500 280 2656
1840 1553 1997 1756
2245 2239 2448 2558
829 2258 1037 2539
0 0 2448 1971
535 0 2154 1494
0 1253 2448 3263
2115 1586 2448 1749
2154 1586 2448 1749
1945 2043 2199 2180
535 117 2154 1494
228 2767 404 2924
1148 0 1729 254
0 0 2245 1971
1436 45 2448 1534
2023 2389 2212 2630
2023 2480 2212 2630
0 0 1253 1867
2095 2689 2304 2911
0 0 1194 1867
1638 2513 1932 2735
0 0 235 398
0 2271 339 2617
52 2271 339 2539
535 1011 1357 1494
535 1116 2245 1971
2049 3002 2284 3263
698 117 2154 1201
1168 0 1729 254
535 1116 2245 1912
1638 2513 1932 2669
829 2297 1005 2539
0 1547 2043 3172
750 117 2154 1201
744 2989 998 3172
0 1547 2043 3120
535 1116 2115 1912
1560 45 2448 1534
750 137 2154 1201
535 1122 1357 1494
0 0 169 398
1560 45 2448 665
0 1547 2043 3113
535 1116 1997 1912
1756 2513 1932 2669
1168 0 1579 254
1651 450 2448 1534
1272 2141 1507 2369
274 2800 783 3120
332 2800 783 3120
332 2800 783 3028
332 2807 613 3028
959 2650 1233 3022
959 2650 1233 2983
1481 1253 2448 2108
0 1906 2448 3263
2134 2402 2448 2807
2134 2402 2448 2650
1782 45 2448 665
32 58 169 398
750 724 1684 1155
959 2650 1188 2911
0 0 1194 1142
0 0 1194 881
2023 1716 2448 1971
1481 2408 1867 2859
1481 2408 1814 2702
1573 2408 1814 2611
0 750 1135 1867
1201 117 1494 306
881 2774 1070 3061
535 1116 1997 1873
254 541 1109 1142
1507 2813 1775 2950
0 1729 594 2199
1658 502 2448 1534
1658 509 2448 1534
0 1547 2043 2865
0 750 1064 1867
0 39 607 554
959 137 2154 1201
0 0 1194 809
940 0 1194 221
0 1729 267 2199
0 2572 744 3263
248 2918 744 3263
0 1351 215 1540
2245 2252 2448 2558
1161 1325 1507 1527
0 2572 404 3263
0 2572 404 3166
0 2572 345 3166
0 2728 345 3166
0 2983 345 3166
0 0 156 359
646 1906 2448 3263
1658 509 2448 1188
1684 607 2448 1188
326 2918 744 3263
326 3002 724 3263
2023 1716 2448 1938
959 137 1808 959
254 574 1109 1142
1148 887 1684 1155
1742 633 2448 1188
254 659 966 1142
450 659 966 1142
254 711 705 1051
1129 2611 1527 3113
0 221 548 554
1266 2611 1527 2937
1481 1253 2448 1834
1481 1253 2448 1690
1481 1253 1749 1566
0 940 1064 1867
319 940 1064 1488
319 1024 626 1488
580 940 1064 1272
202 0 646 235
580 1051 1064 1272
1971 1148 2448 1534
0 1547 1573 2715
189 1547 1573 2715
626 1886 2043 2865
0 52 1181 809
0 750 385 1240
1742 633 2448 1018
646 2748 1690 3263
535 1116 1997 1840
1109 1116 1997 1396
1266 1116 1997 1364
1599 1122 1997 1364
0 992 861 1867
1566 802 2154 1201
1729 1325 2448 1690
1729 1325 2323 1690
1586 1906 2448 3263
0 2043 319 2297
646 2833 1690 3263
1801 235 2448 665
176 1742 594 1971
535 1299 1893 1840
535 1299 1220 1592
1853 1769 2245 2108
626 2291 1645 2865
626 2291 1468 2865
1148 1416 1893 1840
1148 1416 1690 1840
248 1547 1573 2591
1586 2245 2448 3263
646 2918 1618 3263
535 1312 1083 1592
189 2330 829 2715
1625 2454 2448 3263
1729 1325 2128 1677
1266 1116 1756 1279
646 2989 1220 3263
646 3042 1135 3263
0 992 607 1821
1442 1886 2043 2441
1853 1906 2448 2337
248 1886 1377 2591
248 1886 1377 2572
0 992 483 1697
1161 2918 1618 3263
1442 2010 2043 2441
1795 2454 2448 3094
2121 2467 2448 3094
972 2291 1468 2865
326 3074 515 3263
2056 3068 2284 3263
646 3068 1070 3263
248 3068 398 3263
78 3068 274 3263
992 3042 1135 3263
1286 3035 1618 3263
0 3009 189 3146
829 3002 998 3172
443 3002 724 3263
1612 2989 1834 3179
1011 2989 1220 3263
365 2983 528 3120
137 2983 345 3166
274 2950 404 3081
2128 2944 2448 3263
894 2924 1051 3061
1161 2918 1351 3263
496 2918 744 3139
705 2872 972 3139
1625 2852 2147 3263
1129 2846 1325 3113
1449 2833 1690 3146
1272 2826 1521 3126
483 2807 613 2957
1037 2800 1233 2983
594 2800 783 2937
156 2793 404 2983
881 2774 1070 2983
2095 2767 2304 2911
959 2754 1090 2911
685 2748 953 2911
1710 2735 1919 2918
0 2728 306 3074
1299 2722 1527 2937
594 2696 783 2826
2193 2669 2448 3094
1547 2656 1867 2859
261 2650 411 2787
97 2630 306 2774
306 2624 685 2904
1266 2611 1423 2774
1436 2572 1579 2715
972 2572 1370 2865
0 2572 137 2872
1344 2565 1475 2722
1220 2552 1351 2696
626 2552 1044 2833
1756 2513 1899 2656
920 2506 1135 2663
189 2500 594 2715
19 2500 208 2656
2121 2467 2408 2735
1795 2454 2239 2911
1051 2454 1227 2611
1573 2434 1729 2611
332 2428 548 2591
1651 2408 1814 2558
2134 2402 2395 2558
52 2376 339 2539
2245 2363 2402 2558
1416 2363 1645 2643
659 2356 946 2591
463 2330 829 2696
1116 2291 1468 2650
0 2278 202 2500
2271 2252 2448 2487
