0 0 2448 3263
1312 1031 1605 1220
104 940 783 1592
0 1468 535 1834
13 1318 1821 2304
685 1318 1821 2304
1436 1501 1821 1762
1436 1501 1762 1762
1436 1501 1716 1710
13 1749 874 2265
1083 1762 1331 2376
215 2643 894 3263
182 1749 874 2265
842 2983 1135 3263
685 1318 1579 2304
953 0 1377 430
0 0 1292 1481
613 1331 900 1566
561 0 2448 3263
1116 2186 1945 3263
2226 2937 2448 3263
1318 2304 1618 2539
0 385 2095 3263
528 1077 1612 2004
528 1077 1396 2004
528 1214 985 2004
528 1436 881 2004
0 1468 496 1834
561 0 2448 1214
0 1481 1488 3263
0 1945 966 3263
0 1945 829 3263
0 1951 796 3263
0 385 2095 1958
1873 737 2141 1148
2075 1357 2448 1912
0 0 1292 1338
587 522 2448 3263
0 2075 783 3263
1129 385 2095 776
1331 385 2095 705
613 522 2448 3263
613 940 2448 3263
0 548 1964 1958
1429 1671 2448 3263
587 2787 1403 3231
587 2800 1122 3192
835 548 1383 1064
835 548 1220 1064
835 613 1142 1064
1031 1188 1612 1501
0 613 770 1481
613 940 2448 3042
691 1318 1579 2212
0 731 1964 1958
1142 835 1964 1292
718 1442 1168 1756
718 1442 1135 1756
1214 1188 1612 1501
829 78 1377 613
815 1756 998 2212
1142 894 1579 1194
972 1958 1175 2369
0 731 1364 1958
463 731 1364 1795
613 731 1364 1475
613 731 1364 1442
143 2297 966 3263
39 1383 515 1645
2075 522 2448 1305
2075 522 2448 1227
691 1318 1579 2088
691 1318 1416 2088
561 0 2337 1214
0 1553 489 1958
979 2787 1403 3231
1331 385 1729 672
691 1364 1299 2088
1919 0 2448 287
456 0 1292 744
587 0 1292 744
587 0 1292 515
639 261 992 515
104 940 783 1468
587 0 1292 352
0 0 652 1338
685 1827 946 2304
685 1951 946 2304
0 1951 554 2448
0 1951 496 2330
1893 1175 2448 1886
829 97 1370 613
842 2983 1051 3263
0 1553 359 1958
1906 940 2448 1344
0 2232 770 3263
0 2232 770 3100
0 2232 770 2996
972 0 2337 1214
1011 0 2337 1214
1011 0 2337 861
1501 2186 1945 2767
1142 946 1521 1194
1357 470 1964 1214
1064 731 1364 1083
691 1436 1299 2088
972 1481 1299 2088
972 1534 1299 2088
972 1645 1299 2088
26 2754 326 3100
2102 248 2448 665
763 1481 1488 2402
613 1018 2265 3042
770 2800 1318 3042
1645 515 2095 705
587 0 1292 274
691 0 1292 274
1064 731 1364 1057
985 1645 1299 2088
1410 2480 1612 2826
1521 835 1964 1292
1664 835 1964 1214
802 0 1292 274
1286 1331 1579 1625
613 1018 2265 2911
613 1612 1945 2911
985 1645 1272 2088
228 2297 966 3179
1214 1188 1605 1370
1566 1018 2265 2180
1566 1018 2265 1749
979 2904 1312 3231
0 352 652 1338
1853 1148 2265 1671
0 802 208 959
763 1481 1488 2376
763 1481 1488 2356
91 613 770 1423
398 613 770 1037
0 352 652 1292
1325 1410 1579 1625
0 0 509 861
274 2297 966 3133
0 953 163 1161
1037 1481 1488 2199
1853 1233 2265 1671
985 1716 1272 2088
1736 1677 2121 2180
1756 1677 2121 2049
156 352 652 1057
1560 2147 1880 2532
1560 2291 1762 2532
528 1442 802 2004
274 2402 789 3133
1037 1762 1253 2199
1011 0 2337 718
248 352 652 926
1214 1481 1488 1840
1214 1488 1488 1840
248 352 652 861
248 352 652 691
1188 2957 1782 3263
1684 1671 2448 3263
1429 2598 1736 2983
1429 2774 1736 2983
391 2402 789 2885
156 783 489 1057
2095 2552 2448 3263
0 992 274 1292
1893 1233 2448 1886
894 1318 1416 1618
1057 1762 1253 2199
0 0 483 861
0 541 744 1462
0 0 385 496
0 0 385 385
1853 1357 2154 1671
1011 0 2252 718
91 985 522 1423
1051 2820 1318 3042
829 117 1103 352
0 0 385 306
0 287 483 861
0 287 483 750
0 345 391 750
1540 13 2252 718
1801 3133 2167 3263
535 3126 829 3263
143 3126 293 3263
1579 3068 1840 3263
1468 3028 1671 3211
1109 2989 1312 3231
842 2989 1011 3263
900 2983 1135 3263
900 2983 1051 3231
1188 2957 1553 3263
1507 2911 1697 3055
979 2904 1214 3120
731 2898 1122 3192
189 2898 326 3100
737 2865 907 3035
1605 2852 1893 3198
1429 2846 1605 2983
2095 2833 2402 3263
1051 2820 1318 2957
770 2800 1090 3042
587 2800 750 2944
1566 2774 1736 2944
215 2754 881 3263
26 2754 221 2950
1116 2735 1631 3263
0 2735 274 3263
274 2722 639 3133
163 2709 385 2996
0 2683 137 2826
594 2643 894 2989
1410 2617 1560 2826
1449 2598 1723 2878
391 2572 737 2885
2115 2552 2448 2904
2284 2539 2448 2683
1442 2408 1618 2539
594 2402 789 2617
1501 2395 1756 2767
2069 2382 2278 2545
1560 2382 1697 2532
1318 2304 1462 2454
613 2304 1553 2911
737 2297 966 2513
1599 2291 1762 2454
1684 2265 2284 3263
665 2232 796 2402
0 2232 770 2931
1488 2199 1736 2637
1729 2186 1945 2448
1697 2147 1880 2337
0 2134 554 2448
1083 2128 1344 2402
607 2075 783 2271
763 2049 1044 2356
1083 2030 1331 2376
1736 1977 2017 2180
306 1971 496 2206
1005 1958 1175 2160
600 1951 796 2212
0 1951 404 2330
678 1945 829 2075
1775 1880 1912 2030
1912 1860 2049 2095
744 1827 920 2115
1057 1808 1253 2199
815 1756 992 2069
45 1756 489 1906
2049 1749 2219 1991
332 1749 874 2265
985 1736 1148 2088
691 1736 920 1880
972 1729 1148 1873
1044 1716 1272 2075
528 1697 757 2004
1148 1684 1299 1958
1860 1671 2448 2643
1005 1645 1246 1808
0 1618 359 1958
1175 1612 1945 2434
1586 1592 1821 1756
1214 1592 1416 1840
1893 1586 2199 1886
2075 1553 2448 1912
332 1553 535 1788
32 1553 496 1775
52 1553 313 1736
718 1547 926 1716
1155 1534 1299 1723
1853 1521 2049 1671
2062 1501 2219 1631
1436 1501 1716 1697
705 1494 881 1677
1070 1481 1246 1638
0 1468 352 1834
842 1442 1135 1756
554 1442 802 1756
691 1436 972 1808
613 1436 881 1664
2291 1410 2448 1729
1325 1410 1507 1586
724 1396 900 1547
208 1383 385 1540
757 1364 1011 1664
2284 1357 2448 1736
2004 1357 2154 1631
463 1357 691 1795
613 1331 789 1566
894 1325 1233 1618
1168 1318 1416 1527
0 1312 163 1481
757 1272 972 1475
2141 1233 2448 1697
2043 1233 2265 1534
1455 1220 1612 1501
802 1214 985 1521
1396 1188 1605 1370
2121 1175 2382 1357
2062 1148 2199 1325
189 1135 470 1416
91 1122 417 1423
2252 1103 2448 1305
19 1096 287 1338
874 1077 1396 1390
0 1057 143 1292
1396 1031 1605 1220
1664 1024 1840 1214
1906 1018 2448 1344
1566 1018 2134 1749
97 992 274 1155
267 985 522 1259
2095 972 2245 1148
235 972 776 1592
0 972 163 1161
1521 966 1710 1292
1142 946 1416 1194
1977 940 2108 1096
613 940 1148 1442
1403 894 1579 1057
1155 868 1377 1161
0 855 548 1462
1762 835 1964 1057
156 796 378 1057
339 783 489 1031
509 776 940 1540
1742 731 1958 985
1155 731 1364 985
1103 731 1266 946
835 678 1142 1064
1919 672 2108 861
1181 665 1514 1018
58 659 332 861
267 626 509 861
450 620 620 848
913 613 1129 835
496 613 770 933
2075 600 2212 868
1024 580 1383 770
966 548 1220 789
398 541 744 979
332 535 489 672
2108 522 2448 1227
1129 522 1410 776
1645 515 1912 685
0 515 391 750
561 509 1083 1070
718 456 900 744
2102 430 2448 665
522 424 652 691
1429 385 1729 574
182 385 319 522
972 352 1161 652
248 352 613 691
0 345 274 580
0 339 130 496
639 319 933 515
2128 313 2330 528
182 287 483 483
2265 267 2448 587
639 261 992 398
2232 248 2448 476
32 241 228 385
169 235 411 385
0 215 150 365
456 202 809 607
829 195 985 352
829 189 1272 613
352 189 509 359
594 156 815 313
2265 137 2448 287
979 117 1246 430
926 117 1103 293
450 110 672 313
208 104 424 293
1116 97 1370 352
2088 91 2337 404
306 84 554 235
926 78 1377 483
1540 71 2252 718
0 45 261 306
1677 13 1977 313
1919 0 2448 195
1677 0 1925 208
1396 0 1834 208
1011 0 1703 652
953 0 1377 398
796 0 1331 430
1031 0 1292 208
802 0 1135 274
855 0 1044 143
691 0 953 248
587 0 763 228
195 0 385 130
0 0 306 195
104 776 940 1540
13 1938 496 2252
300 1971 496 2252
143 2402 907 3263
0 0 2448 2402
0 0 2448 1410
966 522 1455 789
966 522 1410 789
594 2643 907 3035
0 352 1964 2402
0 541 776 1958
463 352 1964 2402
39 972 776 1958
39 972 776 1906
45 1553 535 1906
0 1018 2448 3263
1175 1018 2448 3263
0 541 770 1481
724 1214 985 1547
0 1468 1782 3263
718 0 2448 1338
718 0 1377 744
39 972 776 1645
143 2402 789 3263
1410 2186 1945 2826
1011 0 2448 1338
1031 946 1605 1338
1011 0 2448 1305
0 0 1292 1410
0 2683 326 3263
815 1756 992 2206
933 1534 1344 2402
463 352 1964 2004
228 2402 789 3179
0 1468 920 2996
972 1534 1344 2402
1037 1534 1344 2402
1037 1762 1344 2402
1037 1762 1253 2376
718 78 1377 744
2049 1357 2448 1991
215 1951 1782 3263
900 2787 1403 3263
900 2904 1214 3263
0 2735 326 3263
1044 1534 1299 2075
463 352 1964 1840
1325 835 1964 1625
1083 1762 1344 2402
463 352 1605 1840
691 1436 1246 1808
1403 835 1964 1292
1370 1344 1547 1514
1031 1031 1605 1338
1116 2735 1782 3263
345 0 672 313
372 13 672 313
215 1951 1553 3263
600 1951 1044 2513
718 1442 1246 1808
600 1951 796 2271
718 189 1272 744
685 1951 1044 2513
685 1951 966 2513
450 13 672 313
1429 385 2095 705
1083 2030 1344 2402
0 1468 554 2448
1325 1220 1612 1625
215 2304 1553 3263
215 2754 1122 3263
731 2898 1122 3231
1175 1018 2448 2637
1853 1175 2448 1886
2226 2787 2448 3263
0 992 359 1410
0 1736 920 2996
691 1736 920 2115
463 678 1605 1840
894 1188 1605 1840
894 1188 1605 1618
1168 1188 1605 1527
561 352 1161 1070
463 678 1396 1795
874 946 1396 1390
1064 946 1227 1083
463 678 1377 1795
1044 1684 1299 2075
1560 1860 2049 2532
0 1468 496 2330
842 1442 1246 1808
1801 3068 2226 3263
91 920 587 1423
0 992 359 1292
0 0 1292 1161
0 1749 874 2996
0 0 652 1161
1599 1860 2049 2454
1599 1977 2017 2454
1181 267 2448 1305
2075 267 2448 1305
2102 267 2448 665
1181 470 2154 1214
1873 672 2154 1148
456 0 1292 607
587 0 1292 398
1011 0 2448 718
1873 737 2154 1148
587 0 1292 313
0 802 261 1161
1599 2147 1880 2454
613 678 1377 1442
1103 731 1377 1161
0 0 652 861
1175 1018 2265 2637
613 2304 1553 3042
0 0 613 861
0 1468 404 2330
0 802 208 1161
0 802 163 1161
1181 470 1964 1214
456 202 933 607
613 1272 972 1566
0 1096 287 1410
2108 522 2448 1305
1214 1481 1416 1840
587 0 953 313
1109 2787 1403 3231
1429 2598 1893 3198
267 535 509 861
0 1618 404 2330
1175 1612 1945 2637
306 84 554 359
802 0 1292 293
1429 2598 1723 3055
1429 2846 1697 3055
1155 731 1377 1161
594 0 953 313
613 678 1148 1442
0 241 274 580
1919 0 2448 404
1566 1018 2265 2049
0 45 613 861
2043 1148 2265 1534
0 45 613 750
0 235 613 750
1011 0 1834 652
1684 2265 2402 3263
0 287 613 750
0 352 613 750
110 972 776 1605
646 195 985 456
0 2702 130 2852
646 319 861 456
613 744 1442 1664
0 1468 639 2448
0 1468 639 2004
26 1468 639 1958
26 1468 639 1919
26 1605 332 1801
685 1318 1769 2193
691 1318 1769 2193
39 1468 639 1919
0 554 724 1481
2069 2382 2448 2702
2206 2467 2448 2702
1880 1370 2448 2173
0 554 724 1455
1018 0 2448 2493
124 2134 600 2350
691 1318 1403 2193
809 1318 1403 2193
900 1318 1403 2193
900 1318 1396 2193
1011 1318 1396 1631
0 0 1488 1416
0 541 2448 3263
900 1481 1246 2193
0 1481 2448 3263
0 0 1377 1416
26 541 1618 2304
26 541 1618 1756
1971 528 2448 1312
332 1710 783 2304
2095 235 2323 489
1377 1214 1618 1690
1377 1396 1534 1690
607 1481 1370 2408
607 1801 926 2297
796 1481 1370 2408
1116 1769 1351 2408
1122 2128 1351 2408
607 1801 920 2297
607 2069 835 2297
0 0 1292 1416
0 1971 541 2448
26 541 1605 1756
783 541 1605 1364
0 1671 2448 3263
926 541 1605 1364
1024 580 1605 1364
835 0 1488 613
933 0 1488 587
672 1801 920 2075
972 0 1488 587
992 1958 1175 2363
0 2180 1945 3263
0 2232 1553 3263
0 2232 1116 3263
0 2572 1116 3263
143 2572 1116 3263
0 1971 496 2448
1083 946 1227 1077
796 1481 1370 2376
26 848 783 1756
1272 1018 2265 2493
1272 1612 2049 2493
972 65 1383 587
1971 561 2258 1031
1494 378 2095 731
1018 0 2448 1410
208 2650 1116 3263
0 0 1292 737
0 0 718 737
998 1481 1246 1814
1090 1481 1246 1723
672 1801 920 1964
1553 228 2448 1410
1553 659 2448 1410
1018 0 2448 1214
0 385 972 1416
652 385 972 750
0 424 652 1416
1220 868 1423 1233
2102 228 2448 665
672 385 972 567
900 1710 1201 2193
548 0 1292 372
789 45 1103 293
0 554 724 1449
0 0 541 580
1494 378 1893 659
0 424 652 1233
1410 2500 1612 2826
2030 561 2258 946
913 0 1292 208
0 0 443 580
1586 1671 2448 3263
0 535 620 1233
0 535 620 1161
0 822 195 1161
0 822 195 1044
998 1481 1370 2376
0 946 587 1481
0 966 587 1481
71 783 287 940
789 84 1005 274
0 535 620 959
1116 2180 1945 3263
1429 2598 1769 2989
1037 1481 1370 2376
548 0 1057 372
0 32 443 580
0 235 443 580
0 926 280 1233
1188 2957 1631 3263
0 1109 287 1416
1018 0 2448 698
287 535 620 926
1037 1481 1370 2278
1116 2310 1840 3263
0 313 443 580
1116 2310 1710 3263
2004 2787 2448 3263
0 652 398 959
1410 0 2448 698
1527 3133 1782 3263
1410 3120 1540 3250
1188 3028 1553 3263
1527 3002 1840 3263
1429 2976 1631 3198
848 2976 1135 3263
1253 2957 1462 3205
2265 2931 2448 3218
1507 2911 1690 3055
979 2891 1312 3231
0 2826 306 3263
2095 2787 2448 3263
1534 2767 1769 2963
26 2754 326 3022
1116 2735 1566 3263
208 2722 881 3263
594 2650 1116 3263
1410 2630 1560 2826
1429 2598 1723 2989
143 2572 737 3263
1468 2500 1612 2650
607 2389 815 2630
2069 2382 2278 2558
607 2317 1553 2989
1318 2310 1710 2767
1560 2297 1756 2532
1501 2291 1808 2630
665 2278 966 2461
1586 2271 2448 3263
0 2232 770 2989
124 2219 600 2350
1547 2199 1736 2467
1658 2180 1945 2493
1697 2147 1880 2310
1201 2147 1351 2408
1122 2128 1344 2330
1860 2115 2023 2343
796 2102 1031 2356
705 2095 835 2297
607 2069 789 2271
1161 2010 1357 2199
365 1971 496 2141
0 1971 430 2448
718 1964 926 2265
567 1951 783 2160
678 1945 842 2075
829 1827 985 2206
731 1821 920 1964
1801 1788 1938 1919
1116 1769 1331 2219
1064 1762 1207 2108
39 1756 502 1919
1044 1736 1201 2075
1037 1710 1246 1991
900 1710 1168 2193
332 1710 750 2304
1729 1697 2049 2180
1880 1684 2232 2173
1148 1677 1299 1958
1899 1671 2448 2643
998 1671 1188 1814
1305 1664 1494 1834
2023 1658 2363 2017
1272 1612 1912 2493
1893 1586 2193 1886
685 1586 940 1827
1370 1547 1769 1736
1129 1494 1299 1821
1377 1481 1507 1690
1090 1481 1246 1638
0 1475 502 1958
378 1468 639 1847
711 1449 1175 1736
580 1442 724 1736
2291 1410 2448 1716
2284 1403 2448 1736
2212 1370 2448 1762
1325 1364 1481 1579
698 1364 1011 1710
2075 1357 2448 1886
731 1338 1083 1599
1390 1214 1618 1488
2121 1175 2448 1729
0 1135 332 1455
0 1109 287 1325
110 1090 502 1462
0 1090 417 1481
26 1077 783 1756
0 1057 137 1233
124 1037 280 1194
1547 1018 2265 1795
1279 992 1423 1233
235 972 776 1605
345 966 587 1181
1906 940 2448 1338
613 940 1442 1664
91 926 280 1155
1168 920 1377 1168
1971 894 2108 1031
1220 868 1377 1018
398 848 783 1161
0 829 633 1449
52 822 195 1005
783 796 940 1116
163 789 443 1057
287 783 443 926
137 783 287 933
868 744 1135 985
0 698 169 959
2310 685 2448 822
1553 659 2115 1410
91 652 398 815
496 613 770 940
2075 561 2258 868
430 554 724 940
926 541 1246 822
293 535 620 855
2088 528 2448 1312
1148 528 1592 1037
2095 515 2304 705
1645 515 1893 659
835 483 966 613
1351 470 2017 1214
652 456 900 750
594 450 1090 1051
515 424 652 691
672 417 933 561
182 391 319 522
829 385 972 567
1494 378 1729 548
0 365 274 580
2265 352 2448 594
998 345 1148 496
2167 319 2323 489
182 313 443 483
0 313 137 496
2310 293 2448 463
2095 235 2265 404
2193 228 2382 463
2245 195 2448 476
809 195 985 378
972 189 1272 587
0 137 718 737
208 104 417 293
1018 97 1658 665
979 97 1253 430
2088 84 2448 287
1005 65 1383 450
926 45 1103 293
0 32 261 372
1540 0 2448 698
1410 0 1873 228
1325 0 1488 137
796 0 1338 430
913 0 1142 189
548 0 1057 293
456 0 672 313
195 0 541 248
0 0 313 130
731 1338 1083 1631
0 1325 2448 3263
0 554 940 1462
0 554 783 1462
26 1605 502 1919
580 1442 985 2265
580 1442 940 1827
718 1827 985 2265
32 1729 502 1919
97 2134 600 2350
0 0 2448 2532
1018 0 2448 2532
97 2134 541 2330
1161 2010 1357 2408
0 1325 1494 2989
1860 1370 2448 2343
0 0 2115 1756
110 848 783 1462
0 1364 1494 2989
1005 1364 1494 2395
1005 1364 1494 2376
652 0 1488 750
829 0 1488 587
0 1364 1246 2989
691 1677 972 1808
208 1671 2448 3263
1116 1671 2448 3263
1188 1671 2448 3263
1005 1364 1481 2376
1286 1364 1481 1592
1005 1481 1370 2376
208 2317 1612 3263
567 1762 926 2297
0 450 2115 1756
0 2702 326 3263
496 450 2115 1690
567 1801 920 2297
0 2722 326 3263
567 1945 842 2297
567 1951 835 2297
567 1951 789 2271
208 2317 1560 3263
0 946 783 1756
26 972 783 1756
1188 2957 1840 3263
0 2722 306 3263
496 450 1605 1664
594 450 1605 1664
665 1364 1246 2461
698 1364 1246 2356
1377 659 2115 1690
672 359 933 561
548 0 1292 424
796 1710 1168 2356
208 2317 1553 3263
1272 84 2448 2532
1547 84 2448 1886
665 2154 966 2461
1272 1547 2049 2532
0 0 718 1416
698 1364 1246 1814
594 450 1246 1051
848 2787 1403 3263
698 1364 1246 1736
711 1449 1246 1736
613 580 1605 1664
0 1468 770 2989
548 0 1292 378
1272 1612 2049 2532
0 0 718 1161
143 2389 815 3263
0 926 287 1416
2088 84 2448 665
607 2317 1553 3042
332 1468 750 2304
613 920 1442 1664
2088 84 2448 404
1501 3126 1782 3263
2265 293 2448 594
287 424 652 926
868 580 1605 1364
0 789 443 1161
0 789 443 1057
52 789 443 1057
0 0 718 959
0 0 718 815
809 0 1292 378
1547 528 2448 1886
1906 528 2448 1338
822 0 1292 293
913 0 1292 293
1547 1018 2448 1886
1429 2598 1769 3055
926 0 1292 293
1410 2976 1631 3250
293 424 652 855
0 313 274 580
169 235 443 483
0 0 541 372
998 58 1612 483
613 966 894 1442
0 359 1227 1651
887 2356 1266 2630
0 2598 913 3179
0 2604 913 3179
228 2604 913 3179
228 2604 652 3179
228 2761 541 3179
1031 163 2023 1077
1031 176 2023 1077
1161 176 2023 1077
345 3055 554 3263
32 359 1227 1651
815 359 1227 757
0 966 1618 2513
0 0 1612 1403
1109 0 1612 248
0 2728 391 3263
0 2728 306 3263
0 0 1377 1403
724 0 1292 404
2245 3074 2448 3263
1383 176 2023 1037
1383 176 2023 724
189 3074 391 3263
685 1318 1579 2402
1494 1860 2180 2865
1494 1860 2121 2865
313 1756 665 2258
313 1756 620 2258
2056 522 2389 724
802 966 1618 1521
1044 966 1618 1501
1070 966 1893 2944
1135 966 1893 2696
1312 966 1893 2696
959 2898 1161 3263
32 678 940 1651
1312 966 1893 1984
0 0 861 1403
724 0 1005 404
0 1423 1051 2513
0 1573 352 1984
1116 1762 1344 2219
802 1272 1083 1521
646 0 1377 535
424 1423 1051 2513
424 1886 1051 2513
424 1886 868 2513
424 1886 868 2278
1494 1971 1991 2865
1586 731 1860 1096
1586 822 1762 1096
32 966 783 1651
496 0 796 391
1318 1847 1547 2696
1318 1847 1547 2415
0 1442 652 1925
620 1331 861 1566
1318 1847 1547 2212
0 2728 306 3081
842 2983 1109 3263
842 2983 1083 3263
1396 966 1893 1736
783 2487 1044 2761
1396 1410 1684 1736
