0 0 2448 3263
0 0 2448 2402
0 1122 2448 3263
0 0 2448 1945
0 0 2448 1749
1742 0 2448 221
0 1259 424 1638
0 1259 424 1599
1462 483 2232 842
0 920 2448 2402
0 0 2448 1494
0 0 2448 1312
822 372 1240 574
946 372 1240 541
78 580 2448 1494
1148 2252 1286 2715
2239 372 2448 587
0 483 1547 1312
1468 1547 1873 1991
1468 1547 1834 1991
0 0 2448 992
0 0 2448 835
0 156 1599 600
0 352 1044 600
1821 261 2330 685
0 1736 646 2402
502 2245 744 2428
78 744 2448 1494
0 1436 567 1945
0 1782 626 2402
0 1782 626 2206
1827 1122 2448 1906
372 848 2448 1749
372 920 2226 1749
580 920 2448 1958
1899 920 2448 1299
78 796 1775 1494
437 796 1775 1370
437 835 1775 1370
2062 110 2448 261
1331 920 2226 1344
0 1318 2448 3263
1821 385 2330 685
0 1651 2448 3263
580 1188 2010 1958
2206 261 2448 509
1625 744 2448 1031
2030 2095 2448 2441
2062 2095 2448 2441
1749 2232 2075 2519
0 587 1547 1312
0 0 789 235
887 1710 1651 2976
887 2343 1188 2976
887 2395 1188 2976
887 2421 1188 2976
887 2663 1109 2976
887 2820 1109 2976
0 0 2291 443
1279 1318 2108 1827
1403 1318 2108 1827
1403 1534 1742 1827
580 1188 2010 1945
345 2454 522 2637
0 0 2030 443
2062 2095 2363 2363
2062 2095 2363 2330
1723 2702 1906 3002
91 182 2448 835
91 280 1932 835
78 1194 796 1494
926 1710 1651 2441
926 1899 1651 2441
926 2069 1155 2363
1612 1318 2108 1808
0 587 587 1312
91 280 1677 835
228 280 1677 835
1723 2761 1906 3002
1390 2859 2330 3263
0 607 587 1312
280 600 1547 1207
1749 2232 2030 2376
1103 1899 1651 2441
1103 1899 1651 2369
613 280 1677 835
613 359 1468 835
613 522 1175 835
613 522 1011 835
1625 757 2448 1031
1801 757 2448 1031
1782 1599 2108 1808
900 1181 1246 1351
1769 182 2448 443
0 607 587 1070
0 796 319 1070
97 796 319 1024
0 0 1716 443
0 0 1566 443
0 2526 659 3263
1893 757 2448 1005
1782 1599 2017 1808
522 3061 926 3263
1821 580 2448 894
848 0 1566 326
182 1651 2448 3263
953 1188 2010 1847
0 953 326 1279
953 1299 1808 1847
1142 1299 1808 1677
182 2128 1011 2656
352 2128 1011 2656
953 1481 1259 1847
241 1651 2448 3263
1266 2206 1977 2774
1266 2291 1977 2774
1103 1899 1534 2369
1103 1991 1521 2369
0 1436 398 1945
372 1070 1605 1749
6 907 424 1312
58 953 326 1233
1860 2539 2448 3263
1129 2996 1370 3146
1351 2206 1723 2500
1240 1997 1501 2167
1991 757 2448 966
1827 1122 2448 1873
0 2526 437 3263
463 600 1547 1096
1860 2741 2448 3263
424 2128 1011 2656
1240 1651 2448 2519
1240 1651 2232 2304
2160 2931 2448 3263
1847 1840 2448 2519
45 2722 437 3263
1475 2996 1795 3263
0 1834 1155 2624
372 1135 1481 1749
0 2526 372 3211
424 2128 1011 2552
241 2343 2448 3263
241 2382 1044 3263
0 2591 169 3211
0 0 789 176
1860 2741 2304 3061
894 2343 2448 3263
894 2630 1494 3263
241 2382 1005 2885
450 2382 1005 2807
248 2604 1044 3263
1416 2343 2448 2963
894 2715 1494 3263
1031 2715 1494 3263
0 1436 398 1893
71 1834 1155 2421
1416 2500 1984 2937
2317 3120 2448 3263
1475 3107 1762 3263
613 3100 926 3263
1612 3074 1749 3218
1788 3068 1938 3244
522 3061 789 3263
1455 3042 1618 3185
894 3002 1396 3263
1945 2996 2330 3263
1605 2996 1795 3192
1129 2996 1292 3146
2160 2931 2448 3218
985 2898 1168 3068
1286 2885 1494 3263
117 2878 437 3263
1390 2859 2160 3263
1977 2833 2173 2983
1742 2833 1906 3002
966 2820 1109 2963
2062 2813 2304 3061
202 2793 352 2931
0 2780 169 3211
1860 2741 2147 3002
45 2722 274 2963
1031 2715 1370 3015
1723 2702 1906 2846
763 2676 940 2839
1155 2669 1357 2846
248 2643 900 3263
241 2637 496 2885
1416 2630 1782 2937
1331 2630 1488 2970
724 2604 1044 3179
0 2591 163 2800
450 2585 855 2807
339 2558 659 2728
1867 2539 2075 2800
966 2532 1155 2702
124 2526 372 2702
1618 2500 1984 2820
182 2461 411 2650
1723 2454 1867 2617
541 2448 809 2656
1488 2415 1638 2624
352 2415 580 2624
1168 2408 1351 2689
972 2395 1129 2558
731 2382 1005 2722
424 2356 894 2552
1919 2350 2075 2519
1958 2343 2448 2963
1782 2343 1977 2565
1351 2323 1645 2500
1266 2291 1847 2774
1148 2252 1286 2558
2265 2239 2448 2441
1749 2232 1919 2376
0 2226 332 2624
1501 2206 1723 2402
1155 2206 1364 2441
2062 2180 2193 2330
502 2167 763 2395
1436 2128 1625 2363
718 2128 1011 2434
2095 2095 2363 2284
71 2056 705 2421
0 2043 169 2206
1240 1997 1436 2134
1077 1984 1227 2121
1423 1971 1651 2134
1305 1899 1534 2069
998 1899 1318 2082
0 1873 261 2062
2147 1853 2304 2030
548 1853 874 2082
561 1834 1155 2304
744 1814 874 1958
959 1801 1161 1951
110 1782 626 2141
228 1782 489 1945
1240 1749 1573 2030
489 1736 646 1912
1024 1710 1331 1958
1795 1677 1925 1808
1547 1651 2232 2304
1468 1638 1834 1991
953 1618 1103 1847
0 1605 208 1827
1782 1599 2017 1782
1279 1599 1468 1729
1534 1579 1742 1795
1129 1579 1312 1749
274 1566 567 1795
580 1560 1051 1945
1403 1534 1645 1827
2291 1514 2448 1729
1312 1494 1527 1677
1005 1481 1259 1742
998 1481 1181 1618
1795 1475 2088 1671
372 1468 874 1749
1919 1364 2448 1873
169 1338 424 1553
541 1331 698 1468
1612 1318 1925 1664
1716 1312 1893 1442
1142 1299 1808 1645
0 1259 228 1599
352 1227 796 1494
78 1194 404 1436
1599 1188 2010 1436
1057 1181 1246 1318
802 1155 972 1325
502 1135 1481 1599
6 1129 359 1312
1827 1122 2448 1566
1279 1070 1605 1272
1899 1037 2330 1299
1566 998 1782 1155
1331 985 1886 1344
58 979 208 1233
150 953 326 1129
280 940 737 1207
2206 920 2448 1181
1867 920 2226 1155
1344 913 1592 1044
58 907 424 1188
2147 848 2448 1044
456 835 1775 1370
1991 822 2271 966
463 809 874 1096
2193 757 2448 920
1631 744 2049 966
293 698 672 992
1821 620 2382 894
509 607 639 750
0 607 587 966
659 600 1547 1064
2258 580 2448 776
613 580 868 835
91 548 287 678
385 528 613 718
652 522 1011 731
0 483 137 665
2102 470 2330 685
228 470 829 698
822 411 1135 574
1821 385 2212 567
946 385 1155 541
1024 378 1181 522
2297 372 2448 580
1077 372 1240 541
0 372 548 548
1011 359 1468 646
417 352 1044 600
1618 287 1932 496
1357 280 1677 541
2004 261 2245 476
1769 241 2206 443
515 235 842 398
2193 182 2448 443
1605 163 2291 326
1377 156 1625 365
672 156 1599 411
0 117 926 443
0 104 137 235
1455 39 1847 228
926 32 1566 326
848 0 1005 248
195 0 789 156
0 0 280 176
0 1579 2448 3263
0 809 1331 2402
1155 2206 1364 2715
1377 110 2448 365
0 2062 143 2402
0 0 2448 1906
0 809 1331 2363
1005 182 2448 1906
1161 2408 1351 2715
0 1194 1331 2363
0 2056 2448 3263
0 0 2448 1599
6 809 874 1312
0 470 2232 1599
97 796 326 1129
2102 417 2363 685
959 1579 2448 3218
0 0 2448 691
0 156 1599 691
0 156 1599 678
0 0 2448 443
1723 2702 1906 2885
1005 182 2448 1873
1605 110 2448 326
0 1840 261 2062
0 483 287 678
1129 372 2448 1873
1005 182 2448 665
1383 437 1586 580
522 2820 2448 3263
456 835 1775 1599
894 1618 1103 1880
1129 1494 1527 1749
0 2056 1286 3263
966 2173 1286 2787
1605 143 2448 326
1037 2173 1286 2787
1782 1840 2448 3218
1011 182 2448 646
1279 1494 1527 1729
0 2056 1044 3263
1142 372 2448 1873
522 2833 2448 3263
822 378 1181 574
946 378 1181 541
1331 372 2448 1344
1142 920 2448 1873
1037 2173 1286 2558
522 2859 2448 3263
959 1579 2232 3015
966 2232 2147 3015
0 470 2232 1233
2206 300 2421 509
1631 372 2448 966
1631 580 2448 966
0 470 1011 1233
966 2291 2147 3015
124 2461 659 2728
124 2526 659 2728
1605 2996 1795 3218
0 1194 874 1893
1266 1122 2448 1873
959 1579 2232 2402
0 1194 796 1827
280 809 874 1207
45 2722 352 2963
58 907 424 1233
1103 1579 2232 2402
110 1481 1331 2363
966 2395 1155 2826
966 2395 1155 2702
2095 2095 2448 2441
0 470 1011 992
959 1801 1501 2167
1142 920 2448 1645
1455 0 2448 228
1403 1122 2448 1873
998 1899 1501 2167
613 2859 2448 3263
78 1194 796 1553
515 156 1599 411
580 1481 1331 1958
1031 2291 2147 3015
0 1259 228 1827
0 1514 208 1827
110 1782 1155 2363
0 1436 874 1893
548 1834 1155 2363
502 1070 1605 1599
613 2859 2160 3263
580 1481 1259 1945
1403 1318 1925 1827
0 2056 1011 2807
352 2415 855 2807
450 2448 855 2807
1945 2996 2448 3263
1011 241 2245 646
1357 241 2245 567
1331 848 2448 1344
0 2591 1044 3263
1618 241 2245 567
1618 261 2245 567
1618 287 2212 567
1782 1840 2448 2963
1103 1991 1723 2402
1436 2128 1723 2402
1142 1188 2010 1645
548 1834 1155 2304
0 0 1005 443
894 2859 2160 3263
659 483 2232 1064
1031 2630 1488 3015
0 470 829 992
1867 848 2448 1155
117 2604 1044 3263
1240 1579 2232 2304
1240 1749 1573 2069
1266 2291 2147 3002
1266 2291 1984 2937
1468 1579 2232 2304
0 528 672 992
117 2643 900 3263
2062 2813 2448 3218
1860 2539 2147 3002
894 2885 1494 3263
0 607 672 992
0 2056 1011 2722
0 2056 705 2624
1847 1840 2448 2963
502 2128 1011 2722
502 2128 1011 2434
1266 2291 1847 2937
1468 1579 1834 1991
0 1103 646 1938
822 385 1135 574
580 913 2448 1964
1142 2193 1312 2735
0 0 2448 1769
639 443 2330 1070
0 1148 2448 3263
0 1318 228 1645
0 1233 554 1938
0 1259 554 1938
600 913 2448 1938
907 913 2448 1827
907 953 2448 1827
0 0 2448 1481
1214 2284 1383 2428
1142 2193 1292 2709
372 587 2448 1481
1762 757 2448 1011
2030 2095 2310 2389
0 0 2448 1266
2199 182 2448 580
2199 182 2448 463
907 1135 2173 1827
907 1188 2017 1827
959 1553 1651 2134
0 1788 594 2402
0 2056 287 2402
0 2467 352 3263
1057 2219 2448 3263
600 52 1756 802
600 313 1462 802
1331 417 1579 665
352 848 2448 1769
907 1188 2010 1827
907 1266 1795 1827
456 1736 763 2069
959 1795 1318 2082
907 1305 1795 1827
1005 1305 1795 1703
1070 2219 2448 3263
1286 2219 2448 3263
770 52 1756 398
1070 2500 1351 2918
2199 208 2448 463
1475 52 1756 306
0 0 2448 554
1077 1553 1651 2134
0 97 926 554
0 404 966 1266
0 404 966 1214
1475 52 1703 306
0 0 2448 548
0 0 2448 235
907 1455 1207 1827
1286 2232 2448 3263
0 0 2147 235
0 0 2147 176
0 2591 352 3263
1305 2232 2448 3263
913 1194 1246 1390
0 946 326 1279
58 946 326 1142
1827 757 2448 1011
352 946 1906 1769
1860 757 2448 966
1312 2232 2448 3263
0 1853 2141 3263
600 365 1462 802
1077 1553 1651 2036
228 2369 2141 3263
0 2780 306 3263
228 2369 1370 3263
594 3100 926 3263
1605 3035 1749 3218
985 2918 1161 3068
0 2872 306 3263
0 2780 150 3166
972 2709 1370 3068
2317 2676 2448 2865
1808 2663 1971 2813
894 2630 2141 3263
1305 2630 1462 2970
0 2591 352 2924
2180 2526 2402 2676
1821 2500 1997 2683
1070 2500 1351 2885
0 2467 202 2643
1168 2415 1351 2689
332 2376 633 2565
228 2369 1155 3263
1749 2297 2088 2578
1286 2278 1573 2467
483 2245 685 2421
2062 2219 2310 2389
1142 2193 1292 2558
2030 2095 2310 2297
71 2056 287 2206
1468 1997 1612 2128
1188 1951 1410 2134
548 1925 763 2069
1044 1906 1318 2082
0 1853 1560 2787
959 1795 1194 1991
0 1788 594 2199
130 1775 496 1919
456 1736 646 1945
1077 1716 1566 2036
580 1716 874 1964
1782 1697 1984 1853
1044 1586 1364 1808
907 1566 1142 1827
600 1560 1077 1938
1259 1553 1651 1821
1612 1540 1756 1677
0 1521 554 1938
1318 1494 1527 1677
352 1468 861 1769
1005 1455 1207 1618
1716 1357 1932 1573
1599 1266 1788 1416
39 1259 267 1599
913 1214 1142 1351
78 1214 424 1553
1064 1194 1246 1390
776 1194 966 1370
319 1194 450 1494
1671 1188 2010 1383
1468 1148 2448 2780
1899 1135 2173 1299
13 1116 274 1266
156 1103 646 1233
2239 1064 2448 1240
0 1037 176 1279
1031 1031 1645 1272
1481 998 1788 1155
58 979 208 1142
1964 953 2448 1259
600 946 1906 1599
150 946 326 1129
1938 913 2448 1148
1867 848 2448 1181
1860 822 2284 966
84 809 404 1024
45 783 176 959
372 600 2376 1481
509 594 639 731
2317 587 2448 776
1808 567 2448 763
600 548 1057 802
1344 535 1501 665
639 463 2160 1070
2102 443 2330 633
1331 417 1579 561
822 391 1018 528
829 385 1135 574
1024 378 1175 522
2239 372 2448 580
1005 365 1462 652
0 326 868 554
1077 313 1455 535
443 235 842 378
1390 143 2448 548
0 104 143 235
0 97 926 443
1475 84 1703 306
770 58 1599 398
1501 52 1651 195
1547 0 2448 221
0 0 1410 176
0 1103 646 1494
0 0 2448 1618
1161 2284 1442 2735
1161 2408 1442 2735
1161 2415 1442 2735
0 0 2448 1279
0 1214 1932 3263
372 587 2448 1599
1762 822 2212 992
0 84 1756 613
0 235 1018 613
2134 1064 2448 1299
1161 2415 1442 2709
1161 2415 1351 2709
0 1853 1560 3263
2265 182 2448 345
1005 1305 1645 1618
1188 1305 1645 1481
0 1214 1932 2199
1599 1266 1932 1573
0 1214 1795 2199
0 365 1736 1279
776 998 1788 1370
776 1031 1645 1370
894 1148 2448 3263
0 1103 646 1318
894 2193 2448 3263
985 2918 1214 3146
0 235 868 613
1423 1148 2448 2780
0 365 1579 1279
45 783 404 1024
829 84 1756 574
829 84 1703 574
0 0 2448 1070
1423 1964 1612 2128
829 274 1684 574
894 2232 2448 3263
907 1494 1527 1827
907 1566 1475 1827
1057 2193 1292 2604
1077 274 1684 535
372 600 2376 1599
0 0 2147 443
1827 587 2448 1299
1899 953 2448 1299
639 0 2448 1070
907 1566 1364 1827
1057 2193 1292 2558
0 979 208 1279
0 2369 1155 3263
1808 2500 1997 2813
1827 587 2448 1181
776 1194 1142 1370
502 1331 698 1481
1390 0 2448 633
600 946 2010 1599
2102 208 2448 633
959 1305 1795 2134
0 1214 1077 2199
0 1259 267 1645
1827 757 2448 1181
1005 1305 1795 2134
0 365 1579 1214
0 0 1599 443
0 1468 1077 2199
0 1468 1077 1938
0 235 868 554
894 2500 2141 3263
1827 822 2284 1011
600 365 1579 802
0 0 1410 443
829 378 1175 574
972 2500 1370 3068
1005 1305 1795 2036
1390 0 2448 548
0 1468 861 1938
1161 2408 1344 2696
1201 2408 1344 2696
215 326 2448 1540
1468 326 1899 757
1468 326 1860 587
1886 182 2448 607
587 235 1142 496
587 293 1142 496
1886 182 2448 567
1690 972 2134 1207
84 2767 287 3048
953 52 1658 541
848 1272 1233 1501
848 1272 1214 1501
992 52 1658 541
992 52 1462 404
1122 2128 1573 2839
1122 2128 1573 2748
215 580 2448 1540
1775 580 2448 959
2043 2728 2219 2865
313 117 626 280
1475 496 1899 757
587 926 2448 1958
1122 2128 1573 2630
1220 2128 1573 2467
2167 1631 2448 2376
0 0 2448 1449
156 1188 411 1449
0 757 2448 3263
1207 248 1658 541
0 398 1651 1312
0 757 2448 2643
0 398 1651 1201
0 528 365 998
1886 182 2448 437
1886 182 2448 339
0 1338 2448 3263
0 437 1651 1201
0 1305 450 1958
0 0 2448 718
1762 261 2448 718
1762 372 2448 718
1716 2147 1951 2467
1521 1122 2448 1834
0 2487 587 2820
2167 2108 2337 2376
0 0 2448 509
235 450 835 718
0 515 1651 1201
1932 580 2448 894
1612 1122 2448 1834
0 548 1651 1201
1932 620 2382 894
1899 926 2448 1299
1853 1122 2448 1534
1840 372 2448 718
0 2487 443 2820
2108 2160 2448 2604
215 776 1880 1540
345 1579 554 1801
235 548 1155 1148
235 548 1083 1148
0 2578 248 2820
1488 2454 1834 2761
587 1188 2004 1958
0 2728 1253 3263
1201 587 1547 835
0 594 1651 1201
0 1514 450 1958
1782 2219 1951 2467
829 1560 1716 2199
215 809 1840 1540
365 809 1840 1494
1958 1122 2448 1416
0 2728 1142 3263
235 548 868 1148
913 2408 1181 2741
130 1338 2448 3263
2075 1912 2310 2160
1899 0 2448 169
0 1462 900 2643
502 757 2448 1631
1906 757 2448 1064
1090 809 1840 1207
0 0 2297 509
1612 1318 1984 1834
1475 2271 1821 2506
1475 2317 1710 2500
829 1560 1716 2134
829 1560 1658 2134
1403 143 1912 332
1135 2069 1364 2356
1782 1599 1984 1834
2245 1631 2448 2297
1201 587 1547 783
633 1188 2004 1958
724 1188 2004 1958
0 639 1527 1201
0 1736 900 2643
502 933 1945 1631
1488 2552 1729 2761
2147 855 2448 1044
0 0 2278 509
0 0 2134 509
235 548 802 1148
855 2395 1103 2558
1194 1494 2173 2082
287 789 639 1148
1788 1494 2173 1893
345 639 1527 1188
1351 2611 2219 3263
1756 2611 1971 2833
0 0 1997 509
130 215 718 509
130 215 718 502
130 293 515 502
1351 2689 2219 3263
1396 2689 2219 3263
1396 2761 2219 3263
1396 2761 2010 3120
0 2767 1142 3263
124 2807 1142 3263
195 2807 1142 3263
365 2807 1142 3263
502 1005 1814 1631
502 1070 1736 1631
502 1122 1436 1631
502 1370 985 1631
496 639 1527 1161
528 639 1527 1083
0 0 1997 293
2291 2160 2448 2421
130 359 398 502
2141 1122 2448 1416
0 848 430 1201
1932 646 2376 894
502 1410 985 1631
1612 1318 1925 1684
913 2408 1155 2741
698 3133 933 3263
829 1560 1645 2134
829 1560 1645 2023
1233 1560 1645 1847
1801 1494 2173 1821
0 1736 900 2284
365 985 1175 1494
829 1710 1331 2023
110 169 443 398
235 548 802 953
0 1233 261 1638
0 1259 228 1638
0 0 1951 293
0 0 1481 293
0 0 1259 293
0 0 979 293
195 3015 587 3263
0 1703 359 1958
287 802 639 1148
920 1122 1436 1573
1031 1122 1436 1514
1175 1122 1436 1449
1233 809 1840 1181
1403 2761 2010 3120
130 1984 1259 2918
424 2807 1142 3263
900 1338 2448 3263
1971 1338 2448 1971
1971 1364 2369 1971
1194 1736 1925 2082
1194 1749 1703 2056
900 1188 2004 1827
0 2767 287 3263
326 548 802 953
2108 2226 2448 2604
365 1070 966 1494
0 1853 900 2284
900 1795 2448 3263
1475 1984 1808 2402
1475 1984 1808 2239
1880 372 2448 685
2056 2807 2448 3263
424 2807 1142 3198
424 2807 1044 3198
763 2826 1044 3081
620 639 1527 1064
900 1220 1912 1827
900 1299 1795 1827
900 1383 1521 1827
900 1396 1481 1827
1547 1005 1814 1240
2056 2833 2448 3263
900 2630 1795 3263
900 2826 1795 3263
130 1997 1175 2918
1971 1377 2304 1971
1344 1795 2448 2885
1481 1795 2448 2885
1645 1795 2448 2885
1645 1795 2448 2852
1840 2056 2160 2304
620 776 1148 1064
1710 2813 2219 3263
1710 2813 2193 3263
424 2807 966 3198
359 802 639 1148
1645 2062 1840 2369
1481 1299 1795 1592
2160 2918 2448 3263
0 0 979 189
137 1853 900 2258
137 1853 796 2258
130 2128 1155 2918
633 2128 966 2291
130 2167 1155 2918
2128 1364 2369 1860
1031 1710 1331 1951
0 0 665 176
0 0 502 176
163 2167 1155 2918
718 2212 1155 2513
900 2950 1795 3263
1005 2950 1795 3263
1188 2950 1795 3263
594 548 802 809
163 2167 959 2918
163 2167 940 2918
228 2212 940 2918
594 0 979 189
1292 2950 1795 3263
274 2212 802 2650
2212 1338 2448 1736
1645 1801 2448 2852
1723 1801 2448 2852
0 0 411 176
1527 1736 1925 2082
1971 1377 2212 1690
470 2284 802 2650
2010 2461 2448 2852
1723 1801 2258 2800
137 1984 718 2258
137 2062 522 2258
966 1801 1338 2134
228 2598 940 2918
2095 926 2448 1240
900 1527 1312 1827
1723 1801 2258 2761
1233 926 1690 1181
365 1070 966 1410
228 2598 802 2918
1723 2004 2258 2761
1723 2180 2206 2761
1723 2337 2173 2761
117 1782 626 2141
1906 757 2448 998
2036 3133 2219 3263
698 3133 855 3263
522 3113 744 3263
1605 3055 1795 3205
1005 3055 1227 3263
900 3055 1057 3263
417 3055 587 3263
672 3042 966 3198
992 3035 1142 3172
2160 3028 2363 3263
195 3015 437 3263
1188 2996 1396 3263
365 2983 522 3113
124 2976 293 3146
1292 2950 1618 3263
2278 2918 2448 3263
1710 2911 2108 3263
1729 2911 1951 3146
763 2911 1044 3081
84 2904 215 3048
287 2878 483 3100
887 2839 1253 3068
202 2839 359 3061
2056 2833 2350 3139
1201 2826 1416 3028
763 2826 953 2963
953 2820 1175 2976
1984 2813 2193 3048
2252 2807 2448 2996
424 2807 861 3179
1403 2793 1808 3120
143 2767 287 2918
0 2767 215 3263
1729 2761 2010 2963
1540 2761 1749 2963
1958 2741 2102 2885
2186 2696 2356 2885
