0 0 3263 2448
1096 900 1338 1168
1096 900 1331 1116
705 2141 940 2448
0 1560 372 2376
0 1618 313 2376
0 659 3263 2448
3068 2212 3263 2389
0 0 3263 1005
2193 0 2448 430
2193 0 2369 430
2212 0 2369 293
2683 0 3263 306
0 815 3263 2448
1266 91 1599 241
1638 404 2134 665
1638 404 2134 561
1586 254 2154 404
0 659 3263 1501
0 874 3263 2448
2102 1684 2245 1984
378 920 685 1188
378 920 685 1083
13 2075 274 2376
2545 1148 2735 1475
1292 842 3263 1468
2402 861 3263 1259
1259 900 1534 1207
659 398 1331 541
2572 1253 2735 1475
0 0 3263 953
2239 293 2513 587
1514 802 2428 1005
1749 802 2428 1005
0 815 267 1077
1207 1671 1540 1984
0 659 1592 1501
0 659 1455 1501
3009 1645 3263 1867
3009 1645 3263 1860
2337 0 2989 443
2337 0 2774 443
411 1155 2689 2219
1899 110 2252 470
0 0 2297 953
639 0 2297 953
2167 150 3263 894
2337 0 2774 398
2337 0 2611 398
0 0 1194 835
639 235 2297 953
639 372 2297 953
0 2252 267 2448
1240 0 2271 548
1240 0 2271 456
1240 0 2271 437
1240 0 2271 404
1370 0 2271 274
1370 0 2271 248
398 848 1455 1501
1338 1697 2108 2317
1338 1756 2108 2317
1403 1756 2108 2317
1658 1756 2108 2317
2820 1005 3263 1645
1240 267 1664 404
1240 267 1592 404
789 0 1370 280
639 437 2297 953
757 437 2297 953
894 437 2297 861
894 502 2108 861
1925 293 2193 548
1096 2199 1631 2448
639 718 894 913
920 372 1631 548
2500 1945 2820 2350
0 0 1077 835
894 502 1867 861
2382 150 3263 894
1403 1893 1788 2258
894 535 1867 861
1651 0 2271 248
1723 0 2271 248
2500 1945 2800 2297
1736 437 2297 815
2167 1488 2604 1834
2167 1573 2369 1834
933 502 1410 646
0 874 783 1756
0 874 691 1756
0 874 626 1756
868 1592 1175 1971
1037 1155 2689 2219
1266 1155 2689 2219
868 1690 1175 1971
0 0 1044 835
0 0 933 750
1775 437 2297 809
1906 437 2297 809
1096 2239 1631 2448
1233 2239 1631 2448
0 0 789 705
0 0 789 620
0 0 789 600
319 19 789 313
1723 0 1991 248
1037 1429 1436 1886
1103 1429 1436 1775
195 1964 496 2382
202 1964 496 2239
496 1077 783 1377
1037 1638 1410 1886
1135 1638 1410 1886
2167 456 2461 815
1279 2239 1631 2448
1442 1155 2689 2219
1442 1155 2689 2088
58 1044 3263 2448
528 757 724 920
2382 163 3263 894
979 1044 3263 2448
2931 1788 3263 2167
496 1077 783 1299
2167 456 2461 737
2872 1005 3263 1592
809 0 1370 280
1442 1155 2689 2017
411 1312 1201 2102
411 1312 1201 2069
678 1312 1201 1847
0 659 574 953
2820 1344 3022 1645
58 1383 1109 2448
0 0 724 600
319 600 933 750
979 1253 3263 2448
2767 2004 3263 2356
1259 535 1867 822
0 32 724 600
26 215 724 600
411 1527 861 2069
411 1527 789 2062
1103 1468 1416 1775
1442 1599 1749 2017
0 659 574 907
2611 1044 2983 1514
58 1383 1031 2448
2931 1788 3218 1984
58 1416 1031 2448
156 2108 672 2448
156 2128 548 2448
594 848 1455 1501
2944 1840 3263 2167
2820 1344 2996 1560
58 1416 998 2448
313 1801 998 2448
456 1951 998 2448
26 215 515 515
1521 1155 2689 1867
319 607 802 750
470 287 926 456
2696 163 3263 489
0 32 372 287
58 1416 639 2206
58 1553 639 2206
2167 1253 3263 2448
1553 1155 2689 1867
2337 1488 2604 1782
1442 1729 1749 2017
979 1912 2415 2448
2402 861 3263 1220
1521 1338 1886 1651
0 1037 626 1756
2167 1377 2957 2448
2663 1253 3263 2304
1142 1912 2415 2448
1142 1912 1586 2278
1658 1775 2023 2317
2663 1566 3035 2304
52 874 528 1194
202 1051 626 1579
2715 1566 3035 2030
1553 1155 2689 1814
1553 1305 2526 1814
2689 1044 2983 1514
2689 1044 2983 1410
1266 1312 1573 1736
1553 1305 2291 1814
456 1951 998 2265
2167 1377 2957 2258
1729 1305 2291 1814
1873 1475 2278 1814
2441 1377 2957 1893
1423 1938 2415 2448
1233 2317 1383 2448
822 2310 979 2448
470 2297 705 2448
3055 2291 3263 2448
1919 2271 2141 2448
933 2271 1109 2448
705 2265 940 2448
1279 2239 1521 2448
1175 2219 1312 2402
3068 2212 3263 2363
2323 2212 2513 2448
417 2212 561 2343
2578 2199 2820 2350
2441 2160 3100 2448
626 2160 829 2448
156 2160 496 2448
848 2134 1031 2291
13 2134 274 2376
319 2128 548 2284
1827 2108 2062 2317
496 2108 672 2337
1351 2088 1586 2278
26 2075 163 2232
1423 2069 1958 2448
1840 2062 2075 2219
2970 2049 3263 2278
946 2036 1090 2199
2565 2030 2800 2297
202 2017 417 2219
2767 2004 2996 2356
1540 1984 1788 2258
1690 1964 1991 2317
326 1964 496 2239
979 1951 1259 2408
691 1951 998 2265
456 1951 783 2199
2500 1945 2683 2160
2944 1938 3263 2167
1932 1938 2415 2448
110 1925 261 2206
815 1919 1142 2102
1142 1912 1416 2239
2663 1906 2931 2304
2898 1893 3028 2030
1403 1893 1631 2134
1325 1847 1488 1977
2931 1827 3153 1984
822 1814 1005 1964
313 1801 515 2056
1207 1795 1423 1984
3035 1788 3218 1964
972 1788 1175 1971
1919 1775 2206 2088
1658 1775 2023 2036
2728 1742 3035 2030
1442 1742 1605 1958
1553 1729 1749 2017
1240 1716 1383 1873
1037 1710 1194 1860
3009 1697 3205 1860
411 1697 554 1906
868 1690 1090 1906
2441 1684 2800 1893
2167 1677 2748 2258
1403 1671 1540 1886
1814 1664 1991 1867
411 1658 789 2062
0 1618 313 2271
1481 1599 1677 1814
972 1592 1175 1788
802 1579 1005 1821
2173 1573 2369 1736
1873 1573 2147 1814
2715 1566 2996 1821
2337 1553 2467 1782
58 1553 639 2121
1103 1540 1299 1775
1553 1527 1834 1729
587 1527 783 1703
2885 1514 3022 1645
842 1507 1031 1690
2382 1488 2604 1716
2095 1475 2278 1756
1214 1468 1416 1697
528 1442 718 1658
2297 1436 2454 1631
1299 1429 1573 1736
1272 1429 1436 1566
2082 1423 2232 1560
1560 1423 1886 1651
398 1416 639 1625
2820 1396 2996 1560
2558 1377 2957 1782
2428 1377 2643 1553
2722 1344 2891 1514
678 1344 1201 1847
2572 1338 2702 1475
1521 1338 1749 1527
2245 1331 2526 1605
1266 1312 1468 1494
678 1312 868 1475
1729 1305 2291 1788
2931 1253 3263 1762
613 1194 776 1377
2689 1188 2904 1410
2363 1155 2689 1429
437 1148 691 1449
2611 1135 2813 1312
2023 1129 2180 1266
496 1116 691 1299
613 1077 783 1240
352 1077 548 1325
2754 1044 2983 1272
0 1037 345 1756
463 1005 607 1188
2428 985 2656 1259
2898 979 3061 1155
1259 940 1416 1207
483 920 685 1083
1279 900 1534 1057
1161 900 1331 1096
3107 894 3263 1122
594 881 815 1161
2402 861 3185 1220
398 855 691 1024
665 848 1455 1501
1292 842 2552 1468
0 842 189 1077
1514 835 1860 1005
757 822 946 953
104 815 267 966
2147 802 2428 1005
228 789 470 953
528 783 672 920
953 770 1592 959
894 718 1383 861
685 718 894 861
391 718 574 894
1867 698 2206 900
1736 685 2121 815
0 659 430 907
2226 652 2376 815
1272 639 1867 822
926 620 1194 750
1090 613 1325 744
509 607 802 744
2337 600 2467 815
842 600 1044 835
737 600 933 744
2611 554 2996 868
1612 554 2108 770
0 548 202 705
1684 535 1880 665
718 515 972 659
1135 502 1410 633
2167 496 2350 711
2258 456 2461 737
0 450 339 620
1958 437 2297 809
306 437 724 600
2382 417 3263 894
1638 404 1847 561
659 398 992 528
2297 385 2513 587
1390 372 1631 548
339 345 626 476
2239 293 2382 470
1925 293 2193 476
1540 287 1808 437
2095 280 2252 470
861 267 1077 411
1586 254 2128 404
2696 248 3198 489
2761 241 3035 411
1037 235 1338 404
1338 228 1514 372
156 215 515 411
2539 208 2748 470
0 169 254 404
3074 163 3263 437
463 143 698 313
2337 124 2539 398
2297 124 2428 280
2513 117 2656 326
1899 110 2232 319
1723 110 1984 248
1423 97 1599 241
580 97 868 280
1266 91 1462 221
1044 71 1370 241
1429 65 1658 274
39 52 372 287
319 19 789 228
2683 0 3263 280
2741 0 2989 156
2480 0 2774 176
2382 0 2611 182
809 0 1122 280
750 0 972 169
0 548 3263 2448
0 0 3263 1122
2245 600 3081 894
0 548 1534 2448
1096 913 1299 1116
737 842 3263 2448
1605 65 1899 267
1605 65 1795 248
1103 913 1299 1064
0 600 1534 2448
1037 195 1514 404
1135 900 1338 1168
2193 0 2611 430
1638 0 3263 1122
0 0 2180 1005
600 424 750 561
2212 0 2611 359
737 1429 2513 2448
802 1429 2513 2448
1651 1697 1821 1912
1481 254 2180 456
0 0 2147 1005
1259 515 1840 659
0 815 1253 2448
1292 842 3263 2448
202 548 770 705
241 548 770 705
0 600 1534 1501
1853 1756 2108 1912
1586 254 2180 456
385 0 1318 365
385 0 1070 274
750 0 1070 274
750 0 1051 254
0 398 417 528
0 600 1468 1501
639 600 1044 953
2167 979 3263 2448
1638 0 3263 900
2212 0 2369 359
2167 1005 3263 2448
868 424 1161 646
802 1579 1090 1906
757 600 1044 953
1037 195 1423 404
815 1429 2513 2448
2128 1684 2291 1893
2297 332 2513 587
815 1638 2513 2448
1292 842 3185 1821
1638 404 2180 561
0 0 411 267
1723 0 3263 900
1645 1723 1775 1958
2297 0 2611 280
913 424 1161 646
1442 685 2121 874
3100 815 3263 1122
2545 1135 2813 1475
2434 117 2656 345
979 1638 2513 2448
1175 2219 1383 2448
1723 65 2258 470
0 874 1253 2448
0 1527 1253 2448
1723 65 2258 319
313 1801 672 2337
319 2023 672 2337
319 2108 672 2337
0 659 1468 1501
2676 150 3153 411
1723 110 2232 319
946 2036 1096 2278
809 0 2147 1005
809 0 1658 280
1266 65 1658 274
2572 1135 2813 1475
2735 150 3153 411
2761 182 3153 411
1867 0 3263 900
979 1638 2415 2448
0 659 815 1161
0 874 1201 2121
1299 1305 2996 1821
0 19 992 920
319 515 972 920
1867 293 2382 900
0 1618 1253 2448
665 848 1468 1501
110 1925 496 2239
861 267 2147 1005
894 718 2147 1005
894 718 1436 861
0 19 992 672
0 19 992 620
0 874 783 2121
463 1005 783 1299
319 600 933 920
319 600 933 861
1292 842 3185 1527
953 770 2147 1005
953 770 1860 1005
822 2134 1253 2448
822 2271 1253 2448
528 1344 1201 1971
528 1383 815 1658
678 1344 1201 1971
822 1788 1175 1971
861 267 2108 822
926 502 2108 822
926 502 1410 750
861 267 1860 548
1540 1912 1788 2258
0 437 724 620
1867 293 2297 900
1925 293 2297 809
861 267 1808 548
2167 0 3263 894
2337 0 3263 489
2480 0 3263 489
933 2271 1253 2448
398 855 815 1161
2167 1677 3263 2448
1090 502 1410 744
1292 842 2552 1527
2898 1827 3153 2030
920 267 1808 548
0 19 992 528
319 19 868 313
2167 417 3263 894
1037 1638 1540 1984
1135 1638 1540 1984
1135 1638 1423 1984
0 874 691 2121
0 52 992 528
156 215 992 528
156 215 926 476
3055 2212 3263 2448
2539 0 3263 489
979 1729 2415 2448
1351 1729 1749 2278
1351 1742 1631 2278
156 215 626 476
920 267 1808 515
1240 267 1808 437
52 874 691 1625
0 1618 998 2448
0 1618 313 2448
979 1775 2415 2448
1658 1775 2075 2317
156 1951 998 2448
2363 861 3185 1429
2689 1005 3263 1762
352 1077 691 1625
398 1148 691 1625
1272 535 2108 822
1403 1742 1631 2134
2173 1553 2467 1782
2683 0 3263 489
2363 985 2689 1429
1272 554 2108 822
0 1037 639 2121
2689 1188 2904 1514
2754 1005 3263 1762
0 52 372 404
1873 1331 2996 1821
1299 1305 2291 1788
1299 1423 1886 1736
2441 1742 3263 2448
2944 1788 3263 2167
463 97 868 313
2245 1331 2996 1821
2441 1742 3100 2448
979 1912 1521 2448
1142 1912 1521 2448
2663 1742 3035 2356
2663 1906 2996 2356
1553 1305 2291 1788
2245 1331 2957 1782
2167 1677 2800 2258
2382 1377 2957 1782
2245 1331 2643 1605
2872 1005 3263 1762
985 58 1592 261
1096 894 1338 1168
1096 894 1325 1116
1096 894 1325 1083
0 0 3263 1631
2232 0 2493 280
1259 541 1873 737
1259 541 1873 731
1782 1775 2075 1977
2297 0 2493 280
0 0 3263 1161
691 548 2656 1631
953 548 2656 1214
953 672 2656 1214
691 855 2558 1631
1605 685 2128 815
1135 502 1684 633
1338 1631 1540 1814
1181 0 3263 887
1090 2291 1383 2448
0 0 1077 920
0 815 672 1860
0 0 1077 913
0 815 607 1860
0 861 3263 2448
391 1083 1207 2108
2480 0 3263 443
1645 1697 1821 1873
0 0 2180 1161
750 0 2180 861
1064 391 2180 770
1064 391 2180 561
2434 861 3263 1312
0 665 992 1161
2121 1664 2278 1906
2545 1148 2741 1475
1827 509 2180 770
1827 509 2128 665
0 97 1077 913
0 97 926 587
378 97 868 391
2167 45 3263 887
2167 182 3263 887
1279 1886 2102 2448
0 815 345 1090
0 842 345 1090
391 1083 1201 2108
0 450 1077 913
985 58 1592 241
2193 45 2669 430
1181 0 2337 456
1181 280 2180 456
0 450 1077 835
750 567 1077 835
1331 0 2337 372
1338 0 2337 372
1481 280 2180 456
1723 84 2226 280
2193 124 2669 430
2193 130 2539 430
378 261 868 391
1031 1011 3263 2448
1475 1246 3263 2448
1031 1011 3263 2017
2167 332 2591 822
2186 332 2591 815
1481 280 1899 417
750 0 1618 861
1631 0 2337 267
0 874 1377 2448
2474 1024 2807 1312
2474 1031 2722 1312
0 0 522 267
1279 1886 2102 2330
750 0 1383 750
750 0 1338 646
750 0 1338 541
750 0 1338 463
1109 894 1325 1083
2108 1893 2350 2134
0 0 522 261
502 757 829 913
868 1690 1246 2095
972 1749 1246 2095
1801 0 2337 267
0 665 685 972
1658 685 2128 815
1031 1188 2741 2017
2428 1377 2741 1553
1031 1188 2689 2017
1853 1638 2147 1873
65 874 815 2147
2728 1599 3263 2363
169 1964 496 2376
169 1964 496 2265
750 0 1338 411
0 1814 1377 2448
2186 339 2591 815
953 672 2206 1214
0 450 940 822
391 1279 1201 2108
391 1279 1201 2069
378 874 815 1658
522 1077 815 1658
522 1077 750 1299
528 1259 815 1658
0 450 940 750
0 450 802 750
319 548 802 750
796 0 1338 411
1031 1690 2017 2017
1135 1690 2017 2017
1103 1188 2689 1814
2173 1547 2591 1775
0 1814 672 2448
0 1814 156 2271
2389 182 3263 887
0 2160 672 2448
0 2160 489 2448
0 2232 489 2448
2793 1906 3263 2363
0 450 594 705
2709 1011 3263 1586
0 665 574 953
2728 1599 3068 2004
2709 1161 2944 1534
443 1912 1377 2448
443 1945 1096 2448
1299 1188 2689 1814
1103 1455 1390 1795
2532 182 3172 456
1299 1338 2487 1814
1403 1729 2017 2017
1703 1338 2487 1814
470 2304 672 2448
1090 2291 1253 2448
1338 2284 1521 2448
705 2271 979 2448
156 2245 489 2448
0 2232 274 2448
411 2219 561 2408
509 2128 691 2337
430 2121 607 2284
0 2121 156 2271
26 2082 274 2304
802 2075 1096 2304
169 2017 417 2265
2793 1997 3055 2317
1325 1997 1481 2180
1840 1991 2102 2219
443 1945 1070 2448
1116 1925 1246 2095
933 1912 1377 2448
2944 1906 3263 2363
326 1906 483 2056
2121 1893 2350 2030
1279 1886 1991 2330
815 1880 1142 2108
2924 1827 3055 1977
1932 1821 2075 1977
0 1814 143 2141
1919 1808 2206 2088
1782 1775 1945 1919
1710 1775 2017 2017
2121 1769 2252 1906
959 1756 1090 1886
972 1749 1201 1971
2728 1742 3068 2004
1403 1729 1775 2017
1853 1723 2134 1873
1031 1723 1168 1860
417 1697 554 1906
1135 1690 1488 1984
868 1690 1011 1906
3009 1664 3218 1984
2800 1599 3015 1769
1488 1599 1697 1814
2173 1592 2474 1742
1103 1592 1364 1795
1860 1560 2102 1814
2369 1547 2591 1775
815 1540 1005 1814
2108 1475 2278 1651
1214 1455 1390 1697
65 1442 639 2147
1299 1429 1834 1729
2722 1344 2944 1534
1703 1338 2487 1756
678 1312 946 1481
1266 1305 1455 1501
626 1259 776 1410
2376 1188 2689 1429
2709 1161 2898 1410
2637 1161 2807 1351
2519 1155 2650 1312
2545 1148 2741 1436
522 1129 724 1299
437 1116 672 1449
1109 1090 1351 1246
665 1083 861 1338
613 1077 750 1259
3120 1070 3263 1266
2748 1064 2931 1220
2474 1031 2722 1220
2617 1024 2807 1201
2852 1011 3263 1586
1259 933 1416 1214
1161 926 1325 1083
0 926 607 1860
463 894 646 1024
378 874 685 1266
2434 861 3263 1148
0 842 189 1090
594 815 992 1161
528 789 685 972
58 789 293 926
894 718 1618 861
398 718 574 926
2154 711 2656 1005
848 705 1077 835
953 672 2206 966
0 665 424 953
933 613 1383 750
737 600 940 744
2167 567 2376 822
750 567 959 705
509 567 802 744
1925 548 2180 770
1618 548 2108 757
319 548 607 750
0 548 202 718
1507 541 1873 678
235 509 594 705
0 450 306 607
2186 398 2350 613
1612 398 2180 561
1064 391 1618 535
2389 339 3263 887
2258 339 2591 815
2291 332 2461 496
2323 306 2493 450
1481 280 1808 417
1932 267 2252 476
2532 241 3139 456
1364 241 1592 372
842 235 1338 411
1592 228 2193 404
0 221 926 587
2911 182 3172 339
2265 130 2539 385
2513 124 2669 300
1886 97 2226 280
535 97 868 280
1723 84 1984 248
1096 71 1592 228
1631 65 1821 241
985 58 1370 241
1338 52 1664 372
2434 45 2604 254
319 32 829 280
0 32 372 261
2676 0 3263 443
2748 0 2989 137
2480 0 2780 130
2317 0 2448 221
1912 0 2337 267
796 0 1148 365
0 842 3263 2448
0 0 3263 1586
600 450 933 594
0 0 2206 1246
1364 0 3263 1586
463 874 646 1024
718 515 972 705
0 842 1286 2448
972 1501 1207 1788
848 398 1129 541
2193 0 2493 450
665 855 3263 2448
665 855 2689 1873
2513 58 2696 300
2513 58 2683 300
2232 0 2448 280
1135 502 1684 731
2193 254 2493 450
2193 254 2382 430
0 0 1690 913
0 548 261 744
1109 894 1338 1168
0 665 2206 1246
1592 228 2193 456
665 855 2689 1814
815 1246 3263 2448
1364 0 2656 1005
1618 548 2180 770
1109 933 1416 1246
0 0 1664 913
2265 0 3263 1586
2141 437 2656 1005
2154 691 2656 1005
815 1540 2350 2448
815 1540 1090 1958
822 1690 1011 1958
1364 0 2591 822
1364 0 2461 822
815 1540 1090 1886
933 1631 2350 2448
848 613 1618 835
933 613 1618 750
2519 1148 2741 1527
2545 1148 2741 1527
1364 65 2461 822
1481 65 2461 822
502 724 894 913
0 0 1664 750
0 842 1240 2448
0 1279 1240 2448
933 1638 2350 2448
1919 1808 2350 2088
0 665 2206 1161
691 855 2689 1814
0 842 815 2147
933 1638 2252 2448
933 1690 2252 2448
339 2017 691 2448
339 2017 691 2343
339 2017 607 2343
339 2121 607 2343
665 1083 946 1481
2434 861 3263 1586
2617 1011 3263 1586
0 221 940 750
1853 1723 2252 1977
0 0 1664 646
0 0 1370 365
1481 84 2461 822
2167 332 2461 822
2186 332 2461 613
2265 0 3263 887
1853 1723 2252 1906
933 1690 2102 2448
2265 0 2780 385
2265 45 2604 385
1481 84 2252 561
0 1279 1201 2448
842 52 1664 646
894 672 2206 966
2173 1423 2474 1742
0 842 750 2147
1090 2219 1312 2448
1481 97 2252 561
0 1814 1096 2448
0 1814 496 2448
2434 861 3263 1220
437 1116 815 1658
378 874 750 1299
2617 1024 2807 1351
842 235 1618 646
1103 1305 1455 1795
1612 97 2252 561
1886 97 2252 476
0 0 1148 365
815 1749 1201 2108
2376 1188 2689 1553
378 874 724 1299
2389 0 3263 887
0 32 868 280
0 32 829 280
0 842 639 2147
0 1814 489 2448
0 926 639 2147
319 548 940 750
509 567 940 744
1279 1729 2102 2330
842 235 1618 535
2532 0 3263 456
2728 1664 3263 2363
2793 1664 3263 2363
933 1690 1488 2448
2722 1011 3263 1586
1279 1729 1991 2330
1299 1338 2487 1756
613 2284 933 2448
1977 0 2526 280
842 933 1416 1272
633 345 1233 496
2310 561 2983 887
1769 1729 2062 1925
842 1024 1325 1272
998 1155 1423 1390
2310 561 2643 861
2526 0 3133 796
0 1481 293 1893
998 1155 1423 1344
698 163 1090 365
822 195 1090 365
404 1703 665 1912
32 620 1860 1181
1416 1031 1782 1442
1449 1031 1782 1423
1449 1031 1782 1292
2526 0 3087 796
1188 718 1860 933
202 502 567 659
202 502 554 659
32 620 1560 1181
2976 1494 3263 2017
3068 1494 3263 2010
3068 1729 3263 2010
32 685 1560 1181
887 2160 1514 2448
887 2245 1481 2448
887 2284 1318 2448
887 2297 1129 2448
1775 235 2415 561
1775 235 2376 561
1658 1951 1873 2297
652 718 1560 1181
3113 2147 3263 2448
1292 1475 1579 1867
2526 0 3042 796
2526 0 2970 711
32 685 802 1103
