0 0 2448 3263
920 1710 1338 2160
920 1723 1338 2160
1011 1814 1161 2030
0 0 1142 1044
953 1723 1240 2023
1560 254 2421 3263
737 163 887 424
750 235 887 424
920 1971 1338 2160
959 502 1951 2206
959 789 1951 2206
959 789 1605 2206
998 789 1605 2206
463 1612 607 1899
2075 2017 2448 3263
2075 2017 2415 2904
2075 2239 2415 2904
1488 1266 1951 2173
1540 1266 1723 1521
959 966 1227 1272
1899 2004 2056 2141
1488 1494 1951 2173
1488 1494 1710 2173
1488 1494 1671 2173
1677 1560 1951 1756
966 0 2448 2154
1527 1769 1671 2173
1449 502 1769 1207
0 770 1782 3263
0 796 1782 3263
0 796 1703 3263
117 2996 502 3263
0 874 470 1357
940 2578 1782 3263
241 1083 470 1357
2160 2017 2382 2337
966 0 2128 1051
2010 0 2448 2154
0 2075 515 2761
2017 313 2363 783
2017 313 2291 770
2017 378 2291 770
940 2578 1684 3263
946 2493 1325 2950
966 0 2062 1051
998 2578 1684 3263
1560 254 2395 3263
437 770 691 1122
1077 0 2062 411
1077 0 2062 345
2291 2167 2448 3263
1808 0 2023 137
966 124 2004 1051
966 267 1481 744
65 2487 398 2761
1135 124 2004 1051
1357 2578 1684 3263
1357 2859 1573 3263
1396 2578 1684 3009
1560 633 2395 3263
1070 2062 1703 2630
1383 2062 1703 2428
0 0 541 809
0 0 541 724
2284 1586 2448 2154
535 1331 1129 2663
398 169 691 496
2291 2167 2448 3139
2291 2167 2448 2950
2291 2167 2448 2807
1246 124 2004 685
1357 2911 1540 3263
1135 430 1566 1051
0 796 1527 3263
137 796 1403 1716
613 796 1403 1716
613 913 1403 1716
2010 0 2448 1945
2193 594 2448 1945
0 1214 1527 3263
2010 0 2448 672
0 2075 515 2624
0 2075 515 2500
998 2493 1325 2859
998 2493 1279 2859
1037 2493 1279 2767
1037 2598 1246 2767
2193 698 2448 1945
2193 1161 2448 1945
613 913 1403 1618
0 1488 137 1710
685 1945 1129 2663
2010 0 2448 587
0 1932 1527 3263
0 0 541 385
613 913 1312 1618
2010 0 2448 535
0 0 541 280
1449 580 1677 1207
2193 1501 2448 1945
2317 1586 2448 2154
0 1932 1077 3263
0 2722 287 3263
0 1214 718 2343
124 1932 1077 3263
2199 3087 2421 3263
1357 3028 1494 3263
0 3028 280 3263
176 2996 502 3263
117 2996 261 3139
1586 2976 1749 3263
998 2950 1475 3263
861 2950 998 3087
2043 2937 2180 3100
1449 2937 1638 3263
2199 2924 2402 3172
1364 2911 1540 3048
430 2787 620 3061
2304 2761 2448 2950
0 2722 287 3120
1436 2702 1684 3009
2219 2696 2382 2904
1103 2630 1246 2767
248 2604 391 2761
65 2604 300 2761
1396 2578 1573 2754
946 2552 1527 3061
417 2506 1077 3263
0 2506 163 2754
1057 2493 1279 2650
189 2487 398 2656
2160 2421 2291 2572
0 2330 287 2624
97 2323 267 2500
2075 2239 2415 2722
1390 2186 1540 2350
2291 2167 2448 2519
1070 2115 1605 2630
698 2075 1129 2663
0 2075 515 2389
1455 2062 1703 2428
2160 2017 2382 2258
920 2010 1116 2160
0 2010 287 2343
1037 1971 1338 2147
685 1945 959 2278
124 1932 829 3074
2212 1919 2363 2069
1011 1880 1161 2030
2317 1873 2448 2154
110 1860 319 2062
1977 1788 2297 2212
1103 1788 1240 2017
2193 1775 2363 1945
463 1729 607 1899
953 1723 1116 2023
1175 1710 1331 2017
1710 1560 1951 1756
0 1560 261 1867
2219 1501 2448 1827
1488 1494 1658 1788
0 1488 137 1651
881 1475 1096 1716
2069 1423 2337 1788
724 1423 900 1592
535 1331 1044 2049
1011 1325 1168 1618
306 1272 522 1410
2030 1227 2323 1436
0 1214 718 2167
65 1201 254 1403
2278 1161 2448 1527
1116 1142 1403 1507
0 1077 228 1318
430 1005 561 1155
959 966 1227 1188
613 913 1312 1534
137 887 678 1331
1547 874 1677 1207
0 874 365 1246
874 796 1240 1168
437 770 691 1044
1919 757 2108 1070
26 665 195 809
2030 652 2395 1305
1560 633 2350 3263
2304 594 2448 776
2180 594 2310 776
1449 580 1664 887
2226 567 2363 783
1135 528 1357 822
228 528 378 678
2017 515 2212 770
1612 502 1769 685
2317 483 2448 672
1011 443 1142 659
1279 430 1566 1051
2134 378 2291 639
2232 365 2382 587
1096 319 1481 744
0 319 319 724
966 267 1122 470
1586 254 2186 809
1540 195 2004 685
2219 124 2389 306
1246 124 1618 476
0 117 261 385
287 39 424 189
2167 0 2448 221
2010 0 2369 391
1834 0 2023 137
45 0 541 280
0 0 137 156
0 0 2186 3263
0 659 1749 3263
1507 0 2448 3263
1037 1710 1331 2017
0 0 2186 1207
1560 0 2448 3263
0 1932 1749 3263
2160 306 2376 437
0 659 1723 2663
0 874 1161 2663
946 2735 1109 2950
0 874 1129 2663
1834 0 2448 3263
613 659 1723 2206
2180 567 2363 783
2284 1586 2448 2212
1488 1266 1723 2173
613 659 1605 2206
1612 1560 1951 1756
737 163 887 339
1612 1605 1906 1742
953 1723 1338 2193
953 1723 1338 2147
1037 1788 1338 2147
1077 659 1318 933
1077 659 1253 874
0 0 1142 1122
953 1723 1142 2023
1077 0 2186 1207
1488 1279 1671 2173
946 2062 1749 3263
1488 1279 1658 1788
724 1423 946 1638
1834 0 2448 1788
189 2487 398 2761
1449 195 2004 1207
1971 1161 2448 3263
2199 3087 2448 3263
1971 1161 2448 3172
1971 1775 2448 3172
1077 0 2186 1051
0 874 718 2389
1971 1788 2448 3172
2199 2761 2448 3172
2199 2813 2448 3172
1834 0 2448 770
1919 652 2448 1788
1971 1788 2448 2904
2075 2017 2448 2904
0 2506 1077 3263
2075 2173 2448 2904
2075 2239 2448 2904
1834 0 2448 672
1971 1788 2297 2212
613 789 1605 2206
613 796 1312 1716
2219 1161 2448 1827
2160 2017 2448 2519
0 1932 829 3074
1834 0 2448 639
946 2115 1749 3263
998 2702 1749 3263
0 2330 287 2754
0 1077 254 1403
1919 652 2428 1788
2030 652 2428 1788
2030 1227 2337 1788
241 1083 522 1410
2232 365 2448 672
946 2115 1605 3061
613 796 1312 1618
1834 0 2448 391
1834 0 2389 391
1077 0 2186 809
1834 0 2369 391
2030 652 2428 1305
0 1214 718 2389
998 2702 1684 3263
0 2604 502 3263
998 2911 1638 3263
0 2604 300 3139
0 2722 287 3139
998 2911 1540 3263
0 874 678 1331
535 1331 1044 2278
1096 319 1566 1051
1096 319 1481 822
1077 0 2062 476
0 2010 515 2389
0 0 2049 2989
913 1710 1344 2180
913 1723 1344 2180
0 874 1645 3263
1357 0 2448 3263
0 874 1331 3263
1488 1494 1651 2043
0 874 1305 3263
953 117 1233 430
972 404 1188 842
0 874 1214 3263
1357 143 2448 3263
998 1723 1344 2180
1808 0 2448 953
1540 1142 1716 1521
998 1723 1240 2017
0 874 1168 3263
953 169 1233 430
1423 143 2448 3263
1423 254 2448 3263
1547 254 2448 3263
1573 254 2448 3263
1357 2552 1645 3074
2069 1423 2395 1945
97 2323 326 2565
2010 0 2448 953
1024 2937 1645 3263
0 0 489 809
1090 241 1233 430
2271 985 2448 3042
2271 1175 2448 3042
2010 0 2448 829
1423 2062 1645 2500
2010 0 2448 783
0 0 489 770
2271 1175 2448 2284
2271 1175 2448 2193
1396 2552 1645 3009
2062 1932 2434 2826
2271 1847 2448 2193
2291 1175 2448 1912
2180 345 2448 783
0 3133 130 3263
1024 2957 1481 3263
1436 2937 1645 3263
1357 2911 1534 3074
2173 2904 2448 3263
1011 2878 1207 3028
1436 2702 1645 3009
1396 2552 1566 2754
97 2323 274 2500
2206 2317 2434 2826
1423 2304 1592 2500
998 2278 1305 2859
1383 2186 1540 2350
1024 2154 1168 2415
1468 2062 1645 2428
946 2010 1116 2160
1031 1958 1344 2180
2062 1932 2363 2434
2271 1919 2448 2193
998 1723 1240 1991
1168 1710 1325 2017
2193 1697 2395 1945
1638 1573 1834 1756
0 1560 280 1867
2069 1423 2376 1860
2291 1175 2448 1684
1064 1122 1194 1272
1547 796 1677 1207
65 659 208 809
2180 567 2448 783
228 424 385 554
972 404 1142 639
1919 378 2448 1436
2206 345 2448 678
1573 254 2395 3263
953 169 1168 398
398 169 691 502
1501 143 1769 763
2219 0 2448 235
2010 0 2448 476
0 0 163 182
913 1958 1116 2160
0 0 2049 3263
0 796 1716 3263
1501 0 2448 3263
940 796 1716 3263
1573 0 2448 3263
998 1710 1325 2017
1638 1573 1853 1756
1808 0 2448 3263
1488 796 1716 2095
1488 796 1716 2043
940 1782 1645 3263
1011 1782 1240 2030
940 1958 1645 3263
953 1958 1344 2950
998 1958 1344 2859
2317 718 2448 953
2062 1847 2448 3263
998 2062 1331 2859
0 1553 280 1867
940 2062 1645 3263
1468 2062 1645 2774
1540 796 1716 1521
1808 0 2448 1945
940 2552 1645 3263
2193 1175 2448 1945
1808 0 2448 1860
1808 0 2448 783
2062 1919 2448 3263
2062 1919 2448 3042
1547 796 1716 1377
2271 1919 2448 2284
2062 1932 2448 3042
940 2702 1645 3263
998 2154 1305 2859
1011 2702 1645 3263
2062 1932 2448 2826
1919 378 2448 1860
1011 2878 1534 3263
1024 2911 1534 3263
2010 0 2448 678
1436 2702 1645 3263
920 1710 1331 2160
920 1723 1331 2160
953 1723 1331 2160
1018 1808 1331 2160
1018 1808 1240 2043
881 0 1762 502
1083 1514 1475 2369
1122 1645 1475 2369
352 1364 718 1553
1259 2154 1906 2983
1259 2656 1612 2983
1521 150 2206 900
1521 208 2206 900
1521 208 2206 685
1122 1834 1475 2369
881 0 1501 502
1442 2820 2036 3263
750 1912 1122 2611
881 2075 1122 2611
1521 1494 1880 2134
1521 1494 1808 2134
1579 1645 1808 2134
163 1083 541 1351
352 2082 815 2480
1958 1312 2448 3159
1958 1618 2448 3159
1958 1618 2448 2519
1932 600 2062 900
1521 208 1984 685
1560 208 1984 646
1958 1618 2448 2454
1481 2154 1906 2793
509 1534 691 1677
1971 1618 2448 2454
1122 2082 1475 2369
1227 522 2023 1690
1742 1305 2023 1521
2049 2454 2448 3159
1586 2317 1906 2585
881 52 1501 502
0 2323 261 2506
881 2278 1122 2611
1481 2154 1821 2793
1481 2317 1821 2793
1481 2317 1631 2774
463 1364 718 1553
1645 1867 1808 2134
1227 522 1867 1690
567 0 881 352
1423 1044 1867 1690
306 691 953 1005
1423 1122 1827 1690
1592 1161 1827 1690
1566 208 1984 646
1566 208 1984 509
1175 2082 1475 2369
1671 2820 2036 3263
1566 208 1827 417
1227 522 1599 1403
1442 2970 1795 3263
966 659 1246 1018
1051 659 1246 1018
600 0 881 352
881 52 1338 496
0 0 424 182
104 0 424 182
143 2630 933 3263
1677 1044 1867 1338
1677 1142 1867 1338
1605 228 1827 417
1971 1932 2369 2454
2049 2454 2448 3035
842 0 2448 3263
1984 0 2448 1488
1984 0 2448 1468
1984 0 2448 1436
1984 202 2448 1436
1984 202 2448 1246
1984 241 2448 1246
2030 241 2448 1083
2160 241 2448 672
2160 287 2448 672
1227 783 1599 1403
254 1703 496 2167
254 1814 496 2167
143 2656 933 3263
143 2709 659 3263
143 2709 587 3263
228 2709 587 3263
365 2709 587 3055
378 2865 574 3055
646 150 881 352
2310 770 2448 1064
65 2376 646 2774
0 0 2297 3263
1971 1932 2317 2291
920 0 2297 1416
0 0 1325 3263
2030 372 2415 1083
842 1116 2408 3263
1867 2284 2408 2676
2082 2284 2408 2676
1971 1932 2317 2278
691 633 926 894
1605 1462 2408 2493
1775 1462 2408 2010
228 2878 502 3263
163 1083 541 1272
78 1560 280 1782
0 2532 267 2898
0 2532 163 2859
1227 940 1599 1403
1605 1638 2102 2493
1605 1638 2102 2278
1605 1736 2088 2278
2043 1534 2408 2010
1083 0 2297 1416
2030 372 2382 1083
2030 620 2317 1083
2030 620 2317 946
293 940 770 1396
489 2102 815 2480
489 2102 783 2467
489 2102 783 2356
1259 2656 1514 2983
1984 855 2448 1246
1984 855 2448 1155
2160 0 2448 345
202 1912 332 2167
2128 2878 2448 3263
430 2500 646 2689
842 1116 2291 3263
1083 1116 1618 2356
1083 1116 1618 2265
1083 1116 1612 2023
1083 1116 1377 1547
2030 626 2226 946
2082 2284 2408 2598
476 763 953 1005
1083 0 2180 1233
1527 411 2062 946
1527 646 1971 946
0 2408 326 2663
1246 1292 1612 2023
1246 1292 1612 1925
1357 1631 1605 1925
1318 0 2180 1233
1416 0 2180 1233
1429 0 2180 417
1534 0 2180 339
1625 0 2180 339
1625 0 1886 267
2036 868 2448 1155
1984 1932 2317 2278
842 2147 2291 3263
842 2872 1129 3179
2291 1618 2448 2180
0 2082 176 2350
1344 0 1762 235
1357 1716 1605 1925
2291 1618 2448 1945
522 1919 992 2291
659 2010 992 2291
718 2075 992 2291
966 2147 2291 3263
1083 319 1370 718
1129 319 1370 613
1129 398 1351 613
352 1077 1168 2121
352 1834 861 2121
509 1834 861 2121
1808 0 2180 339
966 2147 1971 3263
0 182 483 920
1801 900 2297 1416
1272 2656 1514 2983
404 1077 1168 2010
404 1077 1024 2010
1899 32 2180 339
404 1077 1024 1945
659 1077 900 1338
0 182 385 920
0 182 378 920
0 182 248 920
1429 189 1631 417
1788 2513 2291 3263
404 1286 1024 1945
489 1286 1024 1945
1808 0 2023 287
966 2859 1364 3263
966 2878 1357 3263
0 731 241 920
470 940 770 1318
470 1096 678 1318
998 2147 1971 3263
1214 2689 1971 3263
1292 2689 1971 3263
1507 2689 1971 3002
998 2147 1586 2865
2186 1553 2408 1840
1246 1292 1612 1671
998 2147 1521 2865
998 2147 1416 2865
293 1227 522 1396
920 378 1142 646
1292 2911 1618 3263
1416 398 1997 1233
1416 398 1860 1233
600 1834 861 2108
626 1286 1024 1945
874 1338 1168 1729
1605 1834 2088 2278
1416 398 1612 998
509 0 1318 470
646 0 1318 398
705 672 1325 1501
750 672 1325 1501
633 2656 933 2983
1919 1083 2297 1416
1684 411 2062 796
1684 424 2062 796
0 0 1220 3263
0 0 940 698
417 202 940 698
731 391 940 600
0 0 652 385
646 0 1318 339
646 0 1129 339
646 0 1090 339
1671 2820 1984 3263
1671 2820 1925 3224
0 456 1220 3263
0 456 1122 1612
0 926 254 1612
0 926 254 1377
0 926 215 1312
1716 411 1925 659
0 456 1122 1207
750 770 1325 1501
189 0 424 182
65 2376 574 2774
0 1246 1220 3263
998 2415 1416 2865
998 2493 1279 2865
998 2598 1246 2865
0 2689 443 3263
0 2754 424 3263
0 2931 424 3263
1416 496 1612 998
0 2088 176 2350
417 2865 1018 3263
0 26 502 385
0 26 430 287
750 959 1207 1501
750 1037 1168 1501
750 1168 1168 1501
2043 1534 2310 2010
417 202 770 698
1906 2611 2291 3263
0 456 783 1207
0 456 639 1207
0 659 639 1207
0 789 639 1207
254 887 639 1207
900 1168 1168 1501
254 1625 894 1997
254 1625 580 1932
254 1625 443 1932
104 2689 443 3035
1906 2689 2291 3263
0 1246 1220 3042
0 1246 678 2389
0 1246 678 2147
0 1599 313 2147
163 659 437 809
0 182 248 789
0 359 215 789
1938 2689 2291 3263
815 887 1024 1168
874 711 1096 933
0 3042 424 3263
65 3042 424 3263
1318 1292 1612 1579
1325 953 1599 1403
208 2102 1220 3042
208 2102 1077 2793
339 2173 1077 2793
339 2408 1077 2793
0 1840 221 2147
13 1599 313 2075
0 789 391 992
646 0 920 169
417 3002 1018 3263
417 3002 933 3263
417 3002 809 3263
0 1246 678 1788
13 1599 313 1971
339 2408 900 2787
509 2408 900 2761
659 2748 1220 3042
659 2748 1057 3042
509 2441 835 2761
97 1246 678 1488
0 1416 437 1788
208 2102 652 2519
208 2102 528 2513
456 613 783 940
456 1651 894 1997
1057 3133 1357 3263
1742 3107 1984 3263
1442 3094 1631 3263
65 3094 280 3263
789 3087 1018 3263
1181 3048 1338 3237
176 3042 424 3263
2206 3015 2448 3263
757 3009 933 3257
417 3009 672 3263
620 3002 809 3211
300 3002 502 3263
1938 2989 2245 3263
1671 2970 1925 3224
1599 2970 1795 3263
2030 2957 2239 3172
1292 2957 1462 3113
1292 2944 1507 3263
1873 2937 2043 3146
0 2931 163 3126
2291 2911 2448 3159
1436 2911 1618 3218
659 2898 861 3042
855 2891 1129 3179
2128 2878 2323 3126
1684 2878 1867 3048
966 2878 1233 3263
228 2878 385 3068
104 2878 280 3035
842 2872 1057 3028
522 2865 691 3042
391 2865 574 2996
1175 2859 1364 3087
1742 2820 1925 3035
633 2820 842 2983
1906 2807 2088 2989
1011 2800 1220 2976
1351 2793 1514 2983
1259 2761 1396 2976
0 2754 150 3002
815 2748 1057 2944
1507 2722 1801 3002
137 2722 267 2898
0 2722 156 2859
365 2709 587 2911
1468 2702 1612 2885
2252 2696 2448 3035
2036 2689 2291 3009
1788 2689 1971 2872
248 2689 443 3002
1272 2656 1481 2826
763 2656 933 2846
489 2656 763 2846
1579 2637 1821 2793
339 2637 535 2787
998 2630 1246 2865
718 2630 874 2761
1919 2611 2108 2852
1037 2598 1175 2741
1312 2591 1521 2754
1194 2578 1370 2787
509 2565 744 2761
65 2565 352 2774
835 2552 1077 2793
2186 2532 2369 2676
0 2532 163 2735
1592 2519 1886 2689
1788 2513 1958 2780
476 2500 646 2689
248 2493 398 2650
1919 2480 2193 2702
0 2461 287 2663
2049 2454 2448 2813
600 2441 835 2604
881 2434 1077 2611
1175 2415 1416 2598
1742 2408 1906 2578
744 2408 900 2669
163 2408 326 2545
306 2376 574 2689
1867 2343 2128 2585
0 2330 143 2461
1299 2323 1455 2526
104 2323 261 2506
1586 2317 1769 2585
1481 2317 1618 2643
580 2317 731 2467
2082 2310 2245 2598
1364 2310 1521 2461
470 2310 652 2519
1286 2304 1586 2709
2186 2284 2408 2572
208 2239 528 2513
1175 2206 1377 2369
744 2173 985 2513
1566 2154 1762 2350
1390 2154 1599 2356
1044 2147 1272 2539
489 2147 724 2356
1690 2134 2010 2493
0 2134 332 2389
1122 2102 1286 2252
613 2102 783 2297
228 2102 437 2271
1984 2088 2245 2278
718 2088 881 2291
39 2088 176 2226
1220 2082 1475 2330
352 2082 522 2271
913 2075 1096 2454
822 2075 992 2232
2010 2056 2369 2454
202 2017 332 2167
659 2010 796 2154
339 2010 567 2167
920 1991 1070 2134
1971 1971 2121 2128
1037 1971 1331 2160
1605 1958 1997 2278
509 1951 639 2121
0 1945 221 2147
2075 1932 2317 2167
2317 1919 2448 2180
522 1919 678 2219
750 1912 1005 2108
352 1912 554 2069
2284 1880 2415 2049
1364 1880 1618 2265
1645 1867 1782 2030
254 1860 404 2167
0 1840 176 1991
1742 1834 2088 2128
1266 1834 1462 2141
600 1834 809 2108
345 1814 496 1971
1018 1808 1148 2043
757 1808 1005 2010
254 1762 424 1932
58 1762 313 1971
1977 1756 2121 1945
456 1749 731 1997
2291 1742 2448 1945
1468 1742 1605 1925
2043 1736 2310 2010
1880 1736 2010 1893
953 1723 1240 2017
1357 1716 1573 1925
1175 1710 1325 2017
345 1703 496 1840
1703 1684 1925 1919
639 1651 894 1893
1579 1645 1769 1997
1240 1645 1462 1991
1893 1638 2102 1808
489 1638 665 1847
1370 1631 1586 1840
404 1625 580 1769
267 1625 443 1808
842 1612 1024 1945
13 1599 254 1827
2186 1553 2369 1782
2069 1534 2245 1788
1083 1514 1312 1769
404 1494 535 1645
1390 1481 1540 1677
0 1481 319 1788
1246 1468 1416 1671
1775 1462 2121 1710
1096 1462 1233 1690
874 1462 1142 1729
2082 1455 2212 1592
1677 1416 1834 1677
235 1416 437 1671
2206 1403 2395 1625
1449 1377 1605 1579
561 1364 718 1514
1742 1357 1899 1521
1984 1338 2239 1488
1005 1338 1168 1618
0 1338 235 1612
1880 1305 2023 1481
1592 1305 1827 1690
776 1299 959 1573
1318 1292 1612 1507
626 1286 900 1749
97 1279 437 1488
385 1266 522 1396
1116 1259 1377 1547
411 1246 678 1475
2154 1227 2389 1436
293 1227 476 1377
1690 1207 1867 1338
900 1201 1057 1501
659 1201 796 1338
65 1201 254 1377
2284 1188 2448 1364
998 1168 1168 1410
750 1168 979 1383
1592 1161 1756 1377
2088 1142 2297 1318
1775 1122 1964 1416
1423 1122 1612 1325
1083 1116 1318 1357
385 1116 541 1259
1325 1109 1507 1403
496 1096 678 1279
613 1090 750 1305
1919 1083 2186 1416
163 1083 398 1272
731 1077 900 1272
0 1057 215 1312
887 1051 1024 1240
2160 1044 2448 1246
959 1037 1103 1201
1083 1018 1272 1194
254 1005 476 1207
1011 959 1207 1161
1364 953 1599 1161
874 946 1024 1168
71 946 359 1161
1227 940 1410 1168
705 940 913 1109
587 940 770 1168
2082 933 2245 1083
0 926 163 1064
1801 900 2056 1227
319 894 541 1044
815 887 972 1037
424 887 639 1148
1547 874 1860 1233
2128 868 2448 1155
1814 861 1997 1064
1984 855 2121 1070
966 842 1129 1011
476 829 698 992
0 822 221 972
1051 796 1246 1018
202 789 391 992
1351 783 1540 1011
2310 770 2448 966
1194 770 1325 1051
678 763 953 1005
2030 757 2226 946
1253 744 1468 1024
1782 737 1971 926
874 718 1024 933
1462 698 1612 998
306 691 509 920
1135 672 1305 874
789 659 926 894
163 659 345 809
1527 646 1847 946
522 646 783 940
2030 626 2212 802
2141 620 2317 913
456 613 646 855
1684 607 1899 796
32 580 176 783
2232 574 2415 822
1227 522 1521 861
1083 515 1259 718
652 515 1122 737
1521 509 1677 685
1416 496 1586 724
