0 0 3263 2448
0 189 2735 1651
2095 659 2356 959
2337 0 3263 2448
0 731 2983 2448
0 0 2558 744
0 261 580 613
0 0 2402 744
0 972 881 1631
829 1521 1331 1658
0 0 2402 705
2630 2010 2983 2448
0 731 2976 2448
2434 731 2970 1697
1135 202 1769 365
2428 0 3263 2448
0 1429 2976 2448
0 1475 541 1605
2173 515 2441 705
848 110 1729 319
0 1547 2976 2448
0 1991 2206 2448
143 2036 2206 2448
0 1573 1292 1808
1873 1429 2826 1906
1873 1690 2826 1906
0 1991 1410 2448
0 1547 2363 2043
0 0 1246 705
0 0 1122 705
143 2056 2206 2448
874 0 2402 339
1037 0 2402 339
2558 424 2800 822
2591 541 2800 822
2519 0 3263 2448
2108 1429 2408 1697
1834 0 2402 339
1534 1684 2976 2448
143 2082 2206 2448
770 1547 2363 2043
326 2056 1886 2258
1991 1684 2976 2448
2402 1951 2865 2265
1991 1782 2826 2448
2128 1782 2826 2095
2350 293 2558 711
0 1573 959 1808
770 1677 2363 2043
2989 2010 3179 2278
1534 1971 2193 2115
2337 0 3120 2448
2780 1044 3120 2448
0 1573 848 1762
2519 0 3263 2284
0 1690 992 2030
0 0 1122 613
0 0 1122 359
0 0 300 130
110 254 691 613
0 215 528 359
0 0 1122 332
757 1631 1292 1795
2337 0 3002 1122
2519 0 3263 2121
2519 0 3263 1880
3126 1455 3263 1880
3126 1521 3263 1880
2519 0 3263 1677
2519 0 3263 1586
2852 1507 3120 2448
0 1690 913 2030
2337 0 2767 933
2996 1775 3263 2121
3126 1592 3263 1880
2683 561 2924 913
2519 0 2735 235
45 1690 913 2030
2663 0 3263 1586
1161 1664 1664 1886
1037 0 2323 150
1037 0 1932 150
2663 0 3263 1233
2663 0 3263 1090
0 0 665 221
1037 0 1827 150
1403 1710 2363 2043
1403 1847 2017 2023
2996 1148 3263 1586
2663 0 3263 1011
2663 0 3166 235
3015 339 3263 698
2709 65 3263 1011
2950 613 3263 1011
3009 130 3263 424
2709 65 3061 809
3074 2206 3211 2448
3113 2108 3263 2284
1455 2082 2206 2448
143 2082 1625 2448
84 2082 430 2448
757 2056 1886 2258
2350 2017 2859 2448
3015 2010 3179 2232
0 1991 254 2448
1769 1984 2193 2115
2683 1958 2865 2088
2402 1951 2722 2265
1991 1951 2500 2448
1403 1847 1834 2023
2735 1827 2898 2010
2128 1827 2500 2095
176 1795 398 1925
2487 1782 2826 2010
2996 1775 3263 2075
45 1762 913 2030
13 1762 143 1906
3126 1742 3263 1880
835 1736 992 1951
2852 1723 3120 2448
1873 1716 2278 1906
1436 1710 2363 2043
352 1690 842 1932
2206 1684 2976 1971
770 1677 1501 2010
1188 1664 1664 1886
1161 1664 1370 1801
757 1631 1103 1795
163 1586 848 1762
0 1573 261 1723
1103 1547 2356 1723
829 1521 1214 1658
2931 1507 3107 1853
2108 1488 2356 1697
2996 1403 3263 1586
3055 1383 3192 1527
2082 1155 2310 1468
3028 1148 3263 1442
2434 1129 2970 1697
0 1083 881 1631
2780 1044 3081 1566
3100 998 3263 1246
254 972 691 1325
2937 959 3211 1233
2970 855 3120 1090
3094 835 3263 1011
2656 835 3002 1122
2898 763 3107 985
2193 737 2350 959
2506 731 2767 1188
2095 659 2356 868
2683 626 2924 913
2950 613 3263 940
2715 561 2846 691
0 561 195 705
2591 541 2728 711
3094 502 3263 698
2454 450 2585 750
2722 430 3061 809
2558 424 2722 600
2643 345 2787 580
3015 339 3263 639
2904 332 3048 509
2800 332 2931 470
2415 326 2767 933
110 326 607 613
0 306 998 744
0 306 580 613
3068 267 3263 424
0 261 522 574
0 221 241 359
2970 202 3113 378
1475 202 1769 365
2545 195 2702 456
1488 195 1834 372
848 150 1690 319
3009 130 3263 378
1135 130 1749 339
1834 110 2291 293
2519 71 2735 235
2709 65 2963 483
1671 65 1951 221
3113 0 3263 235
2826 0 3166 235
2663 0 2891 156
2591 0 2735 143
2428 0 2611 156
2337 0 2591 359
2193 0 2402 339
1853 0 2323 143
1455 0 1827 137
1037 0 1501 150
476 0 1122 332
417 0 665 143
0 0 470 221
71 0 300 130
0 0 163 130
0 0 2983 2448
0 972 2983 2448
189 1932 2193 2115
0 0 2735 1651
2193 0 3263 2448
0 0 2323 705
0 1658 2983 2448
2683 1827 2898 2088
189 1971 2193 2115
0 972 2826 1808
1103 1429 2826 1801
1103 1429 2826 1723
2193 0 2846 1188
0 972 1103 1808
2434 0 3263 2448
326 2056 1886 2304
2852 1507 3205 2448
2852 1507 3179 2448
0 1951 2983 2448
0 1991 430 2448
0 1658 2976 2095
1103 1971 2193 2115
2800 195 2989 372
143 1951 2983 2448
1827 2252 1964 2448
848 0 2323 365
0 1658 2976 2082
1403 1847 2102 2082
2428 0 2735 156
1103 1977 1834 2115
0 1658 2976 2043
848 0 2323 319
1103 1488 2826 1723
2591 541 2846 822
0 1664 2976 2043
0 1697 548 1906
2519 0 3263 1442
2193 0 2767 1188
2193 0 2767 933
1135 65 2291 365
2558 345 2787 600
1135 65 1951 365
2434 835 3263 2448
2944 1403 3263 2448
2108 1488 2826 1697
0 972 1103 1795
2519 0 2891 456
2519 71 2774 456
2683 0 3263 1442
2989 1403 3263 2448
2989 1455 3263 2448
2996 1455 3263 2284
2996 1455 3263 2121
2996 1521 3263 2121
2996 1592 3263 2121
110 0 1122 613
2989 2154 3263 2448
1455 0 2323 143
1455 0 1932 137
848 0 1690 319
476 0 1122 372
2434 835 3081 1697
1991 1951 2983 2448
770 1664 2976 2043
2683 626 3107 985
2519 71 2735 456
2800 202 3113 509
2904 202 3113 509
1188 1664 2976 2043
2206 1684 2976 2010
1991 1951 2859 2448
2709 0 3263 1442
1188 1664 2363 2043
3009 0 3263 424
2656 835 3081 1566
3074 2193 3263 2448
0 1573 1103 1795
163 1586 1103 1795
2937 339 3263 1442
2937 959 3263 1442
2950 339 3263 1011
2709 0 3166 809
2709 0 3166 483
0 280 587 613
0 195 2761 1658
2839 1697 3179 2448
2323 39 2839 1338
829 1592 2356 1762
2350 2010 2983 2448
2180 515 2454 711
0 0 2434 731
0 0 2434 711
0 1462 2970 2448
0 1573 2970 2448
848 143 1716 345
2265 0 3263 2448
0 1651 2970 2448
2441 0 3263 2448
2989 2010 3179 2265
1116 0 2434 424
176 2088 2206 2448
0 0 1592 711
78 2023 1886 2448
2461 0 3263 2448
176 2088 2193 2448
2461 0 3263 2173
176 2095 1534 2448
0 1651 2937 2448
0 1677 2937 2448
0 1677 2937 2043
2337 0 3120 1664
1468 1847 2663 2448
0 0 1246 711
0 1690 953 2023
0 1690 848 2023
1468 1847 2500 2448
1390 2088 2193 2448
0 0 1064 711
0 345 607 711
1103 1651 1664 1801
0 0 1064 372
208 2023 1886 2284
0 1697 502 2023
0 1697 502 1906
0 0 293 130
1468 1938 2121 2115
672 1625 1292 1808
2461 0 3263 1501
3042 0 3263 424
2454 437 2839 1338
2996 1403 3263 2173
0 1697 385 1906
3042 1403 3263 2173
3068 143 3263 424
3048 829 3263 1090
3087 1403 3263 2173
1116 0 2337 143
1116 0 1938 137
0 0 731 228
3087 1403 3263 1958
3107 1403 3263 1801
3107 1403 3263 1671
2558 345 2846 829
2937 339 3263 1501
2937 339 3263 1233
2950 339 3263 985
2056 2115 2206 2291
3074 2108 3263 2448
78 2095 430 2448
1442 2088 2193 2448
907 2023 1886 2284
3042 2010 3179 2199
0 1991 417 2448
2291 1977 2474 2154
1566 1971 2121 2115
2382 1951 2663 2180
1468 1938 1951 2069
3133 1919 3263 2173
2043 1847 2500 2448
2728 1840 2898 2004
2624 1821 2826 2004
0 1788 130 2023
3087 1742 3263 1958
2859 1742 3179 2448
2519 1742 2656 1886
0 1710 143 1906
2839 1697 2989 2030
0 1697 385 1860
221 1690 848 1912
71 1677 2937 2043
1103 1651 1625 1801
2963 1631 3211 2075
672 1625 1103 1808
0 1573 789 1762
2996 1455 3126 1586
3107 1403 3263 1586
2865 1377 2996 1638
2265 1168 2996 1710
3028 1077 3263 1501
248 985 456 1214
2683 959 2839 1338
2937 855 3205 1233
3094 829 3263 1011
2526 809 2683 1024
2643 626 3120 1664
2950 574 3263 985
2663 554 2846 829
0 470 280 711
2454 437 2689 992
2558 345 2787 626
117 345 607 613
2996 339 3263 665
0 306 907 731
0 293 587 613
0 280 554 574
3068 261 3263 424
0 221 235 359
3120 143 3263 378
848 143 1716 332
1834 137 2434 424
1312 110 1860 391
1651 65 1951 300
2323 39 2454 463
3042 0 3263 235
2461 0 3192 809
2337 0 2800 913
1853 0 2337 143
1116 0 1827 137
385 0 1064 372
424 0 731 143
0 0 476 228
58 0 293 130
0 1462 2983 2448
0 0 2761 1658
0 1573 2983 2448
0 1840 2983 2448
0 1847 2983 2448
0 0 2434 574
0 1573 2937 2095
0 1573 2937 2069
2291 1840 2898 2180
2291 1951 2865 2180
2291 1951 2663 2180
208 1971 2121 2304
208 1971 2121 2284
0 1573 2937 2043
1037 65 1951 391
1037 84 1860 391
2957 1214 3172 1586
2957 1214 3172 1514
2957 1214 3120 1514
2859 1742 3205 2448
1103 1605 2356 1801
0 1462 633 1612
0 0 2434 424
0 0 1716 372
3048 966 3263 1175
1214 1938 1951 2069
874 0 2434 424
176 1847 2983 2448
2643 626 3263 2448
0 1573 1292 2023
2461 0 3263 1586
3042 0 3263 378
3074 1494 3263 2448
3074 1592 3263 2448
0 1573 1103 2023
0 1697 385 2023
0 1710 143 2023
0 1573 1103 1912
2937 261 3263 1586
3074 1742 3263 2448
3074 1919 3263 2448
2937 339 3263 1586
2043 1847 2983 2448
2643 626 3211 2075
1834 0 2434 424
2950 574 3263 1011
0 1573 1103 1808
1853 437 2258 705
2702 1168 2957 1481
2108 0 2669 835
2108 0 2539 802
2108 437 2519 802
2108 515 2461 802
2154 515 2461 711
2232 2258 2650 2448
2337 0 2539 528
2408 835 2656 1057
874 0 1599 143
998 0 1599 143
1880 1403 2069 1631
1083 313 1631 496
2278 1449 3185 2448
1272 2115 1403 2284
359 1155 626 1325
0 1886 2141 2317
0 1964 2141 2317
1853 737 2284 1286
2278 1592 2970 1977
2154 515 2356 691
2526 959 2826 1312
1867 150 2212 456
0 1305 1893 1945
0 1305 476 1579
1325 1240 1494 1455
2408 835 2617 1057
0 1964 2141 2245
208 1964 2141 2245
698 1964 2141 2245
698 1964 2141 2108
0 0 2337 881
0 0 2337 705
1044 1305 1514 1658
1122 1494 1514 1658
0 1579 1893 1945
574 1625 1893 1886
698 1625 1893 1886
724 1625 1893 1880
1253 254 1867 672
1338 1044 1873 1631
1338 1044 1873 1553
1338 1142 1873 1553
848 0 2337 359
1853 783 2154 1286
2415 1161 2937 1671
1090 0 2337 359
1090 0 2265 359
1090 0 2193 359
724 1625 1893 1775
796 1638 1893 1775
0 0 1599 705
0 0 842 182
0 0 476 182
1253 319 1756 672
0 287 554 600
0 287 385 600
0 1377 2937 2448
966 1964 2141 2108
1370 319 1756 580
848 143 1723 313
1710 1377 2852 1893
0 326 979 881
0 287 385 470
1853 953 2154 1286
0 1697 2937 2448
2219 0 3263 2448
0 91 2741 1684
1573 522 1788 705
1710 1690 2852 1893
2878 1449 3185 2448
2904 1449 3185 1997
2219 528 2683 1024
2049 2193 2337 2448
1880 1690 2852 1893
1664 652 2167 900
2833 2265 3009 2448
0 97 1599 705
0 97 1599 665
0 97 1599 496
1436 0 2193 359
1436 52 2193 359
1599 52 2193 261
0 1579 796 1945
0 1579 698 1945
0 1586 698 1945
0 1592 698 1945
0 1592 691 1945
104 1592 691 1945
163 1592 691 1795
267 1612 691 1795
2415 0 3263 2448
522 789 953 1233
522 789 953 1214
522 789 920 1214
587 789 920 1188
587 953 770 1188
0 372 685 881
0 411 607 881
1455 1148 1873 1553
1618 1233 1873 1553
2278 528 2683 1024
0 97 1599 424
796 1638 1736 1775
0 1736 1168 2030
0 1867 1168 2030
659 1867 1168 2010
737 1867 1168 2004
261 1253 966 1599
639 1357 966 1599
2454 1161 2937 1671
2454 1161 2807 1671
2552 1351 2807 1671
261 1253 691 1599
1383 1697 1775 1984
763 339 1573 1142
763 339 1468 1142
763 339 1383 1142
763 339 1383 907
763 339 1377 894
2415 0 3263 1377
2487 339 3250 1377
2487 339 2859 1175
2487 339 2767 861
0 1096 163 1253
1051 855 1299 1142
587 789 920 1175
1161 1188 1899 1684
1161 1188 1729 1677
1161 1188 1501 1638
1161 1188 1396 1638
1161 1188 1370 1638
1161 1357 1331 1638
1867 91 2454 509
0 150 881 424
1455 319 1756 554
0 293 2741 1684
0 1135 404 1566
2415 0 3263 1181
659 470 1011 711
763 339 1364 894
763 359 1364 894
2350 528 2683 972
195 2082 744 2245
1481 319 1756 554
953 352 1246 574
0 1749 2937 2448
2878 1919 3159 2448
0 2095 215 2448
1573 1364 1736 1631
156 1749 2937 2448
1756 1749 2937 2395
1964 1951 2937 2395
1964 1951 2585 2284
104 1729 580 1945
1723 2088 1984 2245
2062 1690 2852 1834
130 1135 404 1436
2598 1390 2807 1671
0 411 855 1292
1853 953 2062 1214
829 359 1364 894
829 411 1364 894
515 293 2741 1684
515 1135 1135 1631
515 1135 1116 1631
1756 1749 2787 2121
1834 1749 2787 2121
1867 91 2454 483
1867 91 2343 483
2904 1449 3166 1723
2572 0 3263 1181
2043 2017 2585 2284
829 411 1175 894
156 2062 2206 2448
2924 1188 3263 2448
1135 665 1383 907
2454 1977 2937 2395
156 2075 2206 2448
156 2095 2206 2448
156 2095 1664 2448
156 2095 1018 2448
156 2095 776 2448
829 411 1142 770
737 293 2741 1684
737 763 1286 1364
874 894 1286 1364
874 979 1286 1364
874 979 1103 1194
946 992 1103 1194
2924 1266 3263 2448
2963 1266 3263 2448
3074 2160 3263 2448
2134 1749 2787 2121
2265 1932 2519 2121
2963 1266 3263 2265
2963 1266 3263 2108
2963 1266 3263 2036
2963 1266 3263 1886
3055 1299 3263 1886
1175 293 2741 1684
1729 293 2082 574
3009 476 3263 842
848 156 1344 293
953 2102 1664 2448
1175 567 2741 1684
1383 567 1932 985
1383 567 1932 966
1527 567 1932 855
3002 130 3218 535
1834 1834 2330 1971
1175 835 2741 1684
1488 835 2741 1684
1690 835 2741 1684
1690 835 2108 1599
2017 894 2741 1684
0 150 665 424
1560 2121 2206 2448
953 2121 1625 2448
1129 2121 1625 2448
1403 2219 1625 2448
0 1207 228 1566
0 1240 228 1566
0 411 855 1181
0 411 855 1175
195 411 855 998
319 411 855 998
319 411 855 940
319 613 672 940
1592 567 1932 855
0 150 607 359
515 1135 1077 1521
0 776 483 1175
65 881 483 1175
1560 2199 2173 2448
1560 2199 1925 2395
26 411 607 783
1658 567 1932 770
0 1886 711 2030
0 1886 509 2030
3094 0 3263 646
1880 1710 2421 1893
2252 1207 2689 1684
2017 894 2741 1462
1690 835 2004 1599
1769 835 1958 1129
2252 1305 2689 1684
2252 1429 2493 1638
2134 1749 2787 1964
594 1135 1077 1521
594 1135 1005 1449
156 2154 776 2448
1690 894 2004 1599
1742 1168 2004 1599
1175 913 1586 1233
1501 1044 1782 1318
378 411 855 744
3094 32 3263 646
2323 1305 2689 1684
580 411 855 744
235 2154 776 2448
235 2154 770 2448
339 2291 770 2448
2572 32 3263 1181
2506 1977 2937 2395
2506 1977 2937 2343
737 763 1207 985
3055 1370 3263 1886
2572 32 3087 574
2572 32 3087 476
3120 32 3263 541
2728 496 3263 1181
2728 496 3133 926
2017 1005 2741 1462
2017 1037 2741 1462
2017 1037 2709 1462
2017 1037 2709 1272
176 913 483 1175
176 985 450 1175
1690 894 1906 1292
2807 496 3133 926
2859 574 3133 926
1175 913 1521 1233
2030 1227 2265 1462
1129 2121 1442 2448
0 776 189 1135
2572 32 3087 430
2761 32 3087 430
2957 789 3263 1181
2572 150 2865 430
2761 32 3042 385
2761 32 3015 385
2957 789 3263 1122
2199 1037 2709 1272
339 2317 587 2448
2356 2297 2650 2448
535 2291 770 2448
2852 2265 3009 2448
1560 2265 1782 2395
2232 2258 2382 2448
2049 2245 2199 2448
0 2245 130 2448
1220 2239 1442 2448
3074 2219 3263 2448
2683 2219 2859 2448
1867 2219 2173 2448
1449 2219 1625 2448
633 2219 776 2356
1723 2199 1925 2389
959 2199 1148 2337
2141 2193 2337 2448
2924 2186 3159 2448
953 2186 1266 2448
2356 2180 2656 2343
2604 2173 2774 2395
437 2160 607 2297
541 2154 705 2304
235 2154 450 2448
1383 2147 1540 2337
2069 2121 2206 2343
1129 2121 1331 2297
2506 2115 2735 2271
1893 2108 2160 2369
1788 2102 1984 2245
1488 2102 1664 2252
691 2102 1018 2448
2043 2095 2467 2284
202 2095 535 2297
1566 2075 1880 2317
2970 2056 3166 2265
757 2056 1070 2219
0 2049 215 2317
3107 2023 3263 2212
2454 2017 2735 2219
2278 2017 2585 2193
2598 1977 2937 2343
1775 1977 2141 2108
966 1964 1971 2108
1964 1951 2395 2128
2265 1945 2395 2121
2317 1932 2519 2095
3015 1899 3211 2108
202 1886 509 2017
0 1886 267 2030
737 1867 1096 2004
1834 1840 2134 1971
1756 1821 1932 1971
1364 1801 1664 1932
3087 1795 3224 1971
1051 1795 1279 1925
528 1788 698 1919
2500 1769 2787 1951
2134 1749 2643 1964
861 1736 1103 1906
698 1736 855 1886
104 1729 470 1945
0 1723 274 1893
1266 1716 1455 1880
2062 1710 2421 1847
1880 1710 2245 1893
1710 1697 2062 1886
1383 1697 1769 1984
2356 1690 2852 1834
2526 1684 2970 1977
2924 1671 3185 1997
796 1638 1390 1775
724 1625 1122 1775
567 1618 796 1756
424 1618 691 1769
267 1612 509 1795
163 1592 450 1762
0 1586 424 1749
2963 1579 3166 1723
3055 1560 3263 1886
1775 1540 1951 1684
2683 1521 2983 1736
1573 1501 1736 1631
1161 1501 1331 1638
1880 1488 2010 1631
2526 1462 2663 1599
528 1455 698 1599
2904 1449 3139 1651
261 1449 574 1599
796 1442 1116 1631
1364 1436 1501 1592
1932 1403 2069 1553
2598 1390 2807 1573
2382 1390 2689 1684
2735 1383 2937 1579
2004 1377 2356 1697
3113 1370 3263 1599
1410 1370 1729 1677
1161 1357 1325 1547
711 1357 966 1534
345 1357 496 1521
2552 1351 2728 1481
0 1331 372 1579
1331 1325 1494 1455
1742 1312 2004 1599
1044 1305 1227 1638
3055 1299 3224 1501
2702 1272 2859 1449
2963 1266 3126 1521
933 1253 1077 1521
450 1253 691 1521
2030 1246 2193 1462
796 1246 1005 1449
169 1240 404 1436
84 1240 228 1566
1618 1233 1873 1429
2128 1227 2265 1436
515 1227 744 1429
2252 1207 2480 1370
1390 1207 1573 1403
0 1207 202 1390
2474 1201 2741 1370
1194 1188 1370 1396
2787 1168 2957 1481
1756 1168 1925 1390
2454 1161 2650 1462
1886 1161 2108 1429
953 1161 1135 1357
1455 1148 1651 1344
2199 1142 2461 1272
594 1135 815 1390
130 1135 293 1272
1560 1109 1782 1318
0 1103 163 1253
267 1096 443 1292
1964 1090 2154 1286
1031 1070 1286 1364
744 1064 933 1233
1625 1057 1788 1188
2017 1044 2219 1253
1853 1044 2036 1214
1501 1044 1658 1194
2402 1037 2709 1253
2232 1031 2376 1188
1357 1031 1586 1181
176 1011 313 1175
2526 992 2735 1259
1175 992 1390 1233
953 992 1103 1135
261 985 450 1148
874 979 1018 1161
476 979 639 1181
3081 959 3263 1181
2780 959 3250 1377
2630 959 2826 1312
698 959 920 1175
587 953 770 1109
1051 946 1201 1142
1801 933 1958 1129
1488 933 1736 1096
0 933 150 1135
2493 913 2656 1044
1312 913 1521 1103
378 907 528 1077
2030 894 2395 1175
1690 894 1840 1181
913 894 1129 1077
809 887 953 1037
65 881 274 1161
2826 861 2983 1011
1253 861 1416 1005
1135 855 1299 1018
2957 848 3185 1122
2408 842 2617 1057
437 835 705 998
2278 822 2448 1024
1612 815 1775 972
1325 802 1468 940
3107 789 3263 1005
2630 789 2859 1175
737 789 998 966
587 789 829 979
1938 783 2108 1011
1514 776 1736 985
0 776 189 992
959 763 1207 985
1135 757 1325 907
2219 737 2441 900
2056 737 2284 1031
2957 711 3120 933
1664 711 1886 868
1383 685 1579 966
2722 678 2931 900
691 678 822 848
195 678 430 940
2350 672 2683 972
450 672 672 920
2108 665 2356 802
1207 665 1383 868
1024 665 1175 894
0 665 267 881
1840 652 2167 900
763 652 998 829
2624 646 2767 861
1527 646 1658 822
319 613 554 940
3087 607 3263 842
1658 587 1801 770
1122 587 1364 796
2957 574 3133 815
1729 567 1932 763
378 561 600 705
26 561 385 783
1396 554 1599 711
580 554 855 744
2506 548 2669 835
2728 535 2865 711
1801 535 1932 678
2350 528 2604 829
1253 515 1436 672
2898 509 3028 718
815 509 1011 711
940 502 1142 770
2807 496 2957 731
1051 489 1227 744
1161 483 1331 626
3009 476 3139 678
1853 470 2226 705
659 470 855 646
2245 437 2519 620
1919 437 2258 607
2656 424 2918 574
84 424 404 665
0 424 267 600
1481 417 1671 554
829 411 1011 548
587 411 770 613
293 411 607 652
1370 404 1547 580
3002 398 3139 535
1729 378 1951 574
3094 372 3263 646
2180 372 2356 509
496 372 685 561
1233 359 1377 548
1175 359 1325 515
2872 352 3055 535
1005 352 1246 574
953 352 1155 496
