0 0 3263 2448
737 672 1161 1227
737 672 1161 1201
1710 1325 2395 1873
1769 1325 2395 1612
639 124 3263 659
2428 1396 2715 1566
2428 1396 2650 1547
0 789 156 1501
737 822 1161 1201
594 0 3263 339
1716 933 2023 1148
887 169 1716 339
594 0 3263 287
2428 1573 2996 2134
659 815 907 1618
763 1090 1155 1318
829 1090 1155 1227
659 815 802 1462
1318 1142 2983 1801
979 345 3263 1129
1769 1481 2069 1612
0 0 580 1958
0 169 580 1958
0 169 554 1919
1024 0 3263 287
1024 39 3263 287
1331 39 3263 287
1357 39 3263 274
979 535 1821 861
985 535 1821 861
594 0 1749 182
1122 345 3263 1129
1423 1991 1573 2147
0 881 3263 2448
1318 1142 2735 1762
1318 1142 2624 1762
1318 1188 2389 1762
1318 1188 2252 1762
0 1436 580 1958
1579 39 3263 248
1716 933 2023 1116
1814 933 2023 1116
26 0 1051 1893
1579 91 2598 248
1318 1188 1951 1762
1390 1188 1951 1762
1390 1188 1801 1762
1390 1188 1690 1507
1481 1227 1690 1507
2017 1364 2735 1651
1579 117 2598 248
26 0 926 1893
2297 1364 2735 1651
1977 2219 2304 2448
1860 1938 2206 2147
548 2049 907 2323
1122 372 3263 1129
731 1638 1024 1860
1122 404 3263 1129
1423 404 3263 1129
1723 404 3263 1129
1873 404 3263 1122
2487 724 3263 1122
2656 724 3263 1037
1122 750 1605 1077
1723 522 2448 1129
2069 1631 2558 1991
2069 1638 2454 1991
2069 1638 2454 1860
0 1664 580 1958
2480 1573 2996 2023
0 1436 208 1716
1403 2128 1997 2448
2937 1044 3263 1312
0 1919 659 2448
0 1919 574 2448
0 1919 489 2448
3120 1044 3263 1259
2023 1220 2389 1436
1168 750 1605 1057
143 881 3263 2448
1873 881 3263 2448
1873 1566 2774 2448
143 966 2572 2448
1723 1188 1938 1344
1873 404 3107 887
1312 750 1605 1057
2545 881 3263 2448
143 1312 1442 2095
528 1312 1442 2004
26 0 731 1893
300 966 2572 2448
1847 1031 2572 1286
2545 1096 3263 2448
300 966 2252 2448
2441 718 2722 1096
2487 802 2944 1122
2787 672 3263 835
0 1919 470 2448
26 0 731 1788
143 1938 698 2095
2578 1096 3263 2448
1723 522 2376 1129
2591 1096 3263 2448
84 0 731 1788
84 0 731 1560
2297 1364 2519 1631
2872 881 3263 1175
2271 424 2800 672
2271 424 2722 672
2898 372 3263 744
424 1573 698 1893
2448 718 2722 1064
1723 561 2376 1129
1723 561 2376 1109
280 1070 724 1788
84 0 731 1383
2617 1233 3263 2448
2617 2056 3263 2448
424 1690 698 1893
2643 1233 3263 2402
1873 1729 2774 2448
2872 907 3133 1175
1984 1566 2252 1814
0 1919 437 2448
2643 1286 3263 2402
770 966 2049 2258
770 966 1938 2258
770 966 1938 2193
515 1331 711 1560
541 1331 711 1488
300 1070 724 1788
300 1070 515 1429
143 1938 561 2095
26 0 306 992
770 966 1775 2193
300 1592 2252 2448
345 1592 2252 2448
1423 1592 2252 2448
1423 1592 1971 2193
1423 1592 1971 1925
2839 1312 3094 1521
528 1455 1442 2004
887 1690 1442 1991
2931 1286 3263 2206
1592 1077 1938 1370
306 0 731 1383
398 1194 731 1383
300 1070 515 1318
894 1912 1305 2069
894 1912 1240 2069
3068 1625 3263 1860
1037 1690 1442 1984
2643 1951 3107 2402
1148 966 1775 1390
770 1201 1671 2193
1423 1631 1971 1925
1769 1977 2252 2448
84 0 502 1168
2931 1286 3263 2030
1507 1631 1971 1925
1769 1977 2134 2448
1801 1977 2134 2448
1566 992 1775 1227
2715 1364 2976 1638
345 1964 1547 2448
306 0 698 1292
0 1919 274 2448
0 1919 274 2323
345 1964 1416 2448
450 1964 848 2239
770 1201 1586 1912
770 1201 1586 1886
770 1201 1560 1886
345 241 698 1292
306 0 522 300
1018 1814 1671 2193
84 0 502 868
900 2173 1547 2448
2931 1286 3263 1912
822 1201 1560 1886
84 0 502 705
137 0 430 221
822 1201 1560 1684
1064 1220 1560 1684
26 0 163 385
2643 1951 3100 2317
345 241 698 1194
2957 1286 3263 1912
822 1201 1148 1534
2663 2056 3263 2448
84 58 502 705
117 287 306 992
1148 966 1612 1390
2141 2317 2304 2448
2278 2304 2461 2448
0 2291 156 2448
900 2271 1429 2448
1932 2252 2252 2448
1977 2219 2271 2402
385 2219 522 2421
2859 2206 3107 2402
1801 2206 2134 2448
1364 2173 1547 2337
71 2134 437 2448
1429 2128 1997 2448
1168 2128 1370 2258
345 2128 1416 2448
2989 2075 3263 2448
2696 2069 2891 2212
450 2069 659 2239
2996 2062 3263 2310
2663 2056 3042 2448
208 2056 470 2245
0 2056 248 2323
639 2049 907 2323
1769 2023 1984 2219
300 2017 567 2160
2023 1997 2206 2147
770 1991 933 2128
2748 1984 3100 2317
809 1984 1116 2154
1814 1977 2108 2239
548 1964 848 2128
2643 1951 2859 2082
2820 1938 2957 2082
1860 1938 2049 2088
1064 1925 1305 2056
0 1919 274 2082
2271 1893 2774 2448
1631 1893 1814 2193
1018 1860 1527 2193
2937 1853 3263 2206
2167 1834 2297 2010
1442 1814 1671 2108
2226 1808 2448 1991
1037 1788 1325 1984
3126 1756 3263 1932
143 1756 580 1958
2428 1749 2676 2134
1873 1729 2415 2408
887 1716 1181 1991
424 1716 594 1893
3133 1697 3263 1860
1390 1690 1540 1912
1246 1690 1442 1899
541 1690 698 1867
822 1664 1024 1860
0 1664 228 1951
2957 1658 3263 1912
2069 1638 2369 1834
2330 1631 2558 1840
1507 1631 1762 1925
1005 1625 1338 1886
1325 1618 1586 1782
1710 1586 2082 1873
802 1579 972 1742
2526 1573 2996 2023
456 1573 691 1801
1984 1566 2219 1814
2709 1540 2983 1801
2173 1540 2310 1677
1051 1534 1272 1690
2304 1501 2735 1651
0 1501 208 1716
2813 1481 2976 1638
1769 1481 2017 1612
1605 1475 1801 1762
2604 1455 2937 1638
528 1455 1024 2004
1305 1442 1592 1664
2017 1436 2356 1618
0 1436 189 1566
2297 1429 2519 1631
750 1416 907 1618
2212 1383 2350 1521
1064 1383 1383 1684
770 1383 1057 1742
2715 1364 2885 1534
2572 1364 2754 1521
541 1331 672 1481
1951 1325 2395 1521
2957 1312 3094 1468
2480 1312 2624 1494
2049 1305 2258 1436
3107 1299 3263 1534
339 1292 724 1788
2983 1286 3263 1749
822 1266 1018 1403
1697 1253 2252 1507
2846 1233 3113 1370
1514 1227 1690 1507
2023 1220 2389 1370
1840 1220 2049 1403
1279 1220 1560 1540
398 1207 672 1383
861 1201 1148 1534
580 1194 731 1377
1592 1181 1782 1370
2134 1175 2310 1305
763 1161 926 1318
280 1155 424 1527
2330 1142 2624 1442
2937 1122 3263 1312
1064 1122 1227 1312
2591 1096 3035 1462
470 1096 691 1292
339 1083 515 1272
1697 1077 1938 1246
2461 1070 2839 1286
1148 1070 1390 1253
3120 1044 3263 1194
1847 1031 2291 1286
1566 1024 1756 1227
1266 1018 1534 1175
2872 1011 3113 1175
1932 972 2193 1129
0 972 156 1501
1168 966 1612 1390
2278 953 2448 1116
91 946 554 1919
2487 926 2931 1122
835 913 1024 1083
496 900 678 1194
1932 887 2154 1044
3042 881 3263 1168
2441 881 2624 1096
1312 881 1507 1057
2976 842 3257 979
737 842 992 1201
163 842 476 1168
1122 822 1364 1077
815 822 1161 1175
2558 802 2944 1044
1423 802 1827 1051
1168 802 1416 940
2448 796 2585 1064
2337 776 2487 1064
1344 750 1605 881
2656 724 3081 1037
2480 718 2722 1024
3074 672 3263 835
796 672 1135 887
691 659 926 953
678 639 809 815
685 633 1051 815
979 594 1246 822
3015 528 3172 796
1723 522 1938 665
3100 515 3263 744
163 515 306 992
78 489 221 652
1873 470 2323 705
2271 456 2487 672
208 450 502 705
2448 424 2722 554
2075 404 3107 887
2898 372 3263 607
117 287 280 554
137 241 267 404
580 195 959 359
835 182 1090 365
887 169 1403 339
0 169 254 1011
1331 156 1756 287
463 130 613 326
84 58 456 509
594 0 1416 182
306 0 522 182
26 0 163 208
0 0 3263 1919
580 0 3263 1175
0 822 3263 2448
0 0 1155 1919
2389 1396 2715 1605
2389 1449 2715 1605
580 104 3263 1175
594 0 3263 365
691 822 1155 1462
744 959 1155 1227
1586 992 3263 2448
1703 1403 2069 1645
0 0 1135 1919
0 933 156 1501
1586 992 1893 1148
1697 1024 3263 2448
678 372 3263 1175
2134 1540 2310 1762
0 822 2519 2448
2787 672 3263 894
0 1455 1997 2448
580 104 3263 822
0 0 724 1919
1240 750 1605 881
1703 1403 2069 1612
548 1991 933 2186
594 0 3263 182
515 822 2519 1925
515 822 2219 1925
1951 1305 2519 1631
2017 1364 2519 1631
1227 1690 1442 1899
1122 39 3263 287
979 567 1521 822
580 104 3263 659
580 124 3263 659
580 1991 933 2147
1951 1305 2395 1521
515 1194 972 1782
515 1194 972 1742
580 1194 972 1742
580 1194 907 1618
580 1194 763 1507
2069 1455 3048 2010
2069 1501 2735 2010
2069 1501 2735 1991
2226 1756 2454 1991
737 822 2219 1925
2441 796 2624 1096
1697 1024 3263 1651
2696 2069 3107 2402
2604 1455 3048 1801
2604 1455 2983 1801
1932 2252 2304 2448
2545 1240 2748 1468
1481 1390 1690 1599
0 1919 1997 2448
1423 1991 1592 2212
2069 1501 2735 1834
985 372 3263 1175
1873 372 3263 1175
1142 567 1521 698
1697 1024 3263 1534
985 535 2376 1109
763 1161 933 1403
176 0 613 326
306 0 613 326
691 659 1135 953
0 1455 1984 2258
0 1501 580 2160
2480 718 2944 1044
1305 1442 1684 1690
678 633 1051 815
300 1070 456 1429
1697 1024 2572 1286
2232 1057 2572 1253
528 1455 1984 2258
0 0 724 1801
737 822 1782 1390
385 2088 522 2421
1873 404 3113 1175
0 1664 580 2160
528 1455 1116 2154
0 0 502 1168
2572 1286 2754 1521
815 822 1782 1390
1566 1024 1782 1370
2330 776 2487 1064
2448 411 2878 554
2976 842 3257 1031
1697 1024 2291 1286
2813 1481 3048 1651
770 1201 2219 1925
1514 1227 1801 1762
1801 1286 3263 2448
815 822 1612 1390
1697 1070 3263 1534
2330 1070 3263 1534
2461 1070 3263 1534
339 241 724 1801
339 1207 724 1801
0 1664 567 2160
0 58 502 1168
2944 1272 3094 1468
1697 1031 2291 1286
2271 1286 3263 2448
2330 1631 2676 2134
822 1664 1984 2258
1579 1893 1984 2239
822 1664 1671 2258
1122 822 1507 1077
0 1964 1997 2448
1390 1664 1547 1912
1801 1729 2415 2448
887 1716 1671 2258
2656 724 3113 1175
1808 887 2154 1044
0 2128 1997 2448
1579 1893 1984 2219
1579 1893 1814 2193
2461 1070 3263 1462
2591 1096 3263 1462
0 1919 470 2323
1423 561 2376 1109
84 58 502 1168
143 1938 567 2160
339 1292 724 1801
770 1383 1272 1742
1325 1566 2219 1925
1507 1566 2219 1925
887 1716 1325 1991
1697 1220 2389 1507
1005 1455 1272 1690
1018 1814 1671 2258
117 287 502 1168
1814 1729 2415 2408
470 900 691 1292
861 1201 1560 1886
117 287 476 1168
2591 1096 3113 1462
0 2056 470 2323
208 450 502 868
861 1201 1383 1886
2271 1573 3263 2448
1710 1566 2219 1873
2271 1893 3263 2448
2643 1951 3263 2448
71 2128 1997 2448
900 2128 1997 2448
861 1201 1383 1684
2643 1951 3100 2448
1018 1860 1527 2258
71 2128 1416 2448
2526 1573 3263 2206
1775 1325 2395 1618
1462 1181 1690 1514
639 124 3263 1070
1775 1325 2395 1612
1951 1325 2395 1527
78 1991 1429 2448
78 2108 1429 2448
594 0 3263 326
639 124 3263 665
639 124 3263 652
2402 1312 3055 1782
2402 1396 2800 1586
2082 1377 2343 1527
724 345 3263 1697
829 1090 1148 1227
724 620 1161 1201
594 0 3263 306
1142 345 3263 1697
802 39 3263 306
1024 150 1756 306
2415 1312 3055 1782
802 39 3263 176
2036 1494 2709 1697
1142 345 3263 1605
1899 1716 3120 2448
1899 1716 3042 2448
594 0 3263 137
0 0 926 1925
0 0 594 1925
1305 150 2036 300
0 940 3263 2448
1142 345 3263 1521
1703 1064 2454 1521
1703 1064 2389 1521
1142 345 3263 1175
0 972 208 1716
0 1423 208 1716
522 1455 1357 2004
822 966 1064 1135
19 0 926 1886
1142 404 3263 1175
1142 404 3179 1109
2780 345 3263 835
1462 1201 1690 1514
1462 1201 1690 1507
1462 1201 1677 1344
2852 842 3263 1175
1736 894 2186 1070
1997 117 2846 254
1997 124 2598 254
2173 1044 3263 2448
2793 378 3263 835
2793 489 3263 835
0 940 2604 2448
398 2102 646 2304
0 940 2585 2448
685 940 2585 2448
1227 1886 2461 2448
0 1925 868 2448
2395 1044 3263 2448
2885 1044 3263 1318
2885 1044 3263 1312
2389 1749 2604 2095
2206 763 2513 1109
1142 404 3179 1103
685 940 2585 2206
861 940 2062 1782
861 940 2062 1762
2441 1860 2604 2095
2395 1070 3263 2448
19 0 698 1886
0 1455 208 1716
215 0 926 1383
1338 1886 2461 2448
685 1188 2585 2206
685 1188 2310 2206
685 1188 1971 2206
1488 1631 1971 2206
215 0 731 1383
2395 1070 3263 2317
2173 1051 2637 1292
1338 1886 2304 2448
2852 842 3250 1175
1762 1540 2310 1977
3068 1605 3263 1867
2696 2010 3263 2448
287 0 731 1383
287 0 705 1201
2206 1631 2585 1991
1749 1064 2389 1501
685 1188 1671 2186
868 1867 1142 2062
2212 2226 2461 2448
19 0 437 861
0 1925 848 2448
0 1991 848 2448
0 1991 848 2323
241 1997 848 2245
1547 1631 1971 1912
1488 1886 1938 2206
1488 1971 1938 2206
2506 1070 3263 2317
2441 724 2715 1116
861 1057 1951 1762
685 1188 1338 1886
685 1188 1135 1690
685 1188 1018 1690
1018 1664 1671 2186
470 1116 731 1383
1338 1977 2304 2448
1729 404 3179 1103
1018 1690 1671 2186
2506 1070 3263 1749
215 829 698 1886
2212 2226 2395 2415
678 2160 861 2323
1977 2115 2304 2448
1227 2102 1429 2239
2983 2095 3263 2448
1455 2043 1684 2212
143 2043 313 2212
241 2017 626 2245
2696 2010 3107 2402
574 1991 1109 2193
0 1991 326 2323
1338 1977 2147 2448
1638 1971 1938 2206
1051 1938 1305 2069
2467 1925 2604 2095
0 1925 274 2069
1860 1886 2056 2088
1631 1886 1867 2069
868 1867 1037 2030
2167 1834 2304 2023
2226 1814 2454 1991
3126 1756 3263 1938
2389 1749 2539 1893
2023 1742 3042 2448
1018 1742 1658 2186
1899 1716 2271 2141
3126 1697 3263 1867
1383 1690 1671 1984
561 1684 691 1853
1455 1664 1618 1821
2206 1631 2585 1847
1547 1631 1742 1912
0 1631 587 2049
1729 1579 2245 1873
1011 1579 1338 1886
2506 1573 3263 2317
1906 1540 2310 1886
0 1540 208 1716
2271 1494 2709 1697
1553 1462 1951 1762
0 1455 202 1618
2585 1449 3055 1782
2154 1396 2395 1534
2709 1383 2859 1534
2082 1377 2317 1521
2323 1364 2461 1605
907 1351 1135 1664
1977 1338 2310 1475
2944 1318 3094 1475
2415 1312 2709 1534
2931 1305 3263 1749
685 1292 1018 1690
1697 1279 1847 1423
1527 1272 1690 1507
1749 1220 2252 1501
580 1194 731 1383
763 1188 1018 1403
2395 1148 2754 1521
470 1116 691 1292
287 1083 698 1886
2506 1070 3055 1514
1148 1070 1344 1253
1853 1064 2389 1357
861 1057 1690 1729
1932 979 2180 1129
881 966 1064 1135
1370 959 1599 1135
2258 953 2448 1109
1521 940 2062 1488
1814 894 2186 1070
215 829 430 1155
0 822 150 1351
659 815 822 1462
2441 789 2591 1064
2206 763 2513 1011
1142 750 1782 1070
2545 724 3179 1096
685 646 926 855
1024 594 1266 1070
1201 535 1814 913
2075 528 2310 724
1560 522 1867 665
2363 509 2493 711
3100 496 3263 685
1873 496 2108 639
1729 404 3107 1103
2898 378 3263 626
398 326 594 483
835 182 1083 365
1305 163 1769 300
1024 163 1403 306
1188 150 1756 287
607 143 946 463
705 137 1370 326
567 78 802 215
215 45 496 274
594 0 959 137
0 842 3263 2448
0 0 3263 1925
2082 1364 2800 1605
567 0 3263 1116
0 0 1690 1925
567 0 3263 463
1775 1488 2219 1618
2082 1364 2474 1605
639 104 3263 1116
750 1051 1148 1227
2154 1364 2474 1605
2323 1364 2474 1605
0 822 156 1501
0 1331 2304 2448
1383 842 3263 2448
639 124 3263 1116
1338 522 1886 815
0 0 705 1925
0 1455 2304 2448
1560 522 1886 815
2663 1351 2859 1534
287 574 1690 1886
815 992 1018 1122
1697 1279 2395 1560
1697 1279 1997 1560
1697 1279 1997 1521
907 574 1599 1135
1148 959 1599 1135
907 574 1383 1070
1860 1390 3263 2448
1997 104 3263 254
2108 104 3263 248
1142 378 3263 1116
287 620 1690 1886
1259 1201 1677 1390
1259 1201 1560 1390
567 0 1370 463
1383 842 3263 1984
2186 1155 2709 1534
2343 1233 2709 1534
2167 1742 2539 2023
2226 1742 2539 1991
2226 1742 2454 1991
1762 1494 2709 1977
1586 39 3263 169
2585 1390 3055 1782
1383 894 2245 1984
2389 1749 2539 1991
0 1925 2304 2448
0 1423 202 1618
215 0 705 1292
1749 842 3263 1749
1860 1573 3263 2448
3068 1605 3263 1938
3126 1697 3263 1938
567 0 959 215
0 1455 1938 2239
2206 724 2715 1116
1899 1573 3263 2448
1814 894 2186 1129
19 0 437 1155
1142 378 3263 1103
2702 842 3250 1207
2702 1077 2918 1207
0 1455 1357 2049
2944 1299 3094 1475
1383 940 2245 1984
574 1742 1938 2239
287 0 705 1292
1749 1044 3263 1749
2885 1188 3263 1377
685 620 1161 1201
1383 1579 2245 1984
287 1057 1690 1886
580 1057 1690 1886
1899 1631 2585 2141
763 1057 1690 1886
1142 535 1814 1070
580 1194 1018 1690
1521 940 2062 1762
2023 1573 3263 2448
607 137 1370 463
1455 1886 1938 2212
0 1925 848 2323
574 1742 1658 2239
574 1742 1658 2193
1749 1051 2637 1501
78 1977 2304 2448
2395 1044 3263 1749
1455 1579 2245 1912
1455 1631 1742 1912
2506 1044 3263 1749
0 1925 626 2323
1455 1971 1938 2212
907 1351 1338 1886
763 1057 1690 1729
0 1991 626 2323
0 659 143 1312
646 339 1840 933
2323 1396 2728 1651
646 339 1116 659
1912 1318 2395 1612
613 176 959 365
1912 1318 2395 1534
1318 770 1573 946
646 339 1116 646
855 117 2852 339
2343 110 3263 685
2656 352 3263 685
2656 352 3263 587
0 0 3263 2193
0 548 208 737
737 319 2278 783
737 319 2278 600
1403 352 2278 561
0 979 385 1860
2343 110 3263 443
2343 248 3263 443
0 933 3263 2448
985 528 1840 933
737 319 1579 600
2604 1455 3009 1840
659 0 3263 130
744 822 1220 1253
1762 522 2128 783
0 979 385 1729
0 1037 385 1729
0 1181 385 1729
2265 1109 2754 1521
985 528 1840 829
1096 528 1840 789
744 926 1096 1253
2656 391 3068 587
861 1625 1246 1860
861 1703 1181 1860
1096 561 1521 711
1521 1175 2343 1631
1521 1207 2082 1631
985 607 1266 829
2245 1756 2683 2121
855 1951 1188 2108
600 45 3263 1312
600 45 3263 731
0 1501 208 1690
1135 489 3263 1312
2343 248 3107 443
1631 352 2278 515
2807 698 3087 829
1821 430 2931 731
1821 430 2669 672
678 496 1116 646
659 0 2180 130
0 0 1527 2193
600 45 3263 509
600 45 3263 463
1018 117 3061 463
1964 117 3061 463
1964 150 2539 463
1135 489 3263 1168
2337 509 3263 1168
2337 685 3263 1168
900 822 1220 1201
0 0 1129 1801
2343 300 3107 443
2343 300 2859 443
737 319 1579 554
1018 169 2102 437
1697 1175 2343 1468
1697 1220 2258 1468
926 2147 1344 2389
0 1070 1527 2193
1135 489 2598 1129
1135 678 1827 1070
1631 489 2598 1129
2382 789 2585 1129
0 1442 1527 2193
600 45 3263 195
600 52 3263 195
1821 450 2519 672
1821 476 2382 672
2767 868 3263 1312
2669 391 3068 587
1631 489 2598 1037
372 0 1129 1057
372 0 1129 861
2337 685 3126 1168
855 117 2852 300
1116 117 2852 300
1207 117 2852 254
1494 117 2852 254
1788 117 2852 254
0 0 737 1801
2780 868 3263 1312
2780 1031 3224 1312
763 933 2572 2193
1716 1194 2572 1997
2154 1194 2572 1860
2154 1338 2572 1860
2154 1442 2572 1860
1821 483 2265 672
372 0 705 855
907 52 3263 195
1403 169 2102 417
763 933 2408 2193
3048 868 3263 1129
1135 744 1827 1070
1867 352 2278 502
0 0 691 1547
130 1442 1527 2193
2363 117 3061 385
2284 1625 2572 1860
1135 744 1775 1070
2989 1534 3263 1867
235 1442 691 1932
235 1442 567 1867
659 0 1494 130
1788 1220 2258 1468
2735 861 3126 1168
0 1710 359 1951
763 933 2075 2193
130 1573 1527 2193
0 0 385 1442
633 1070 1044 1912
685 1070 1044 1599
2833 1122 3224 1312
0 1070 3263 2448
2219 1070 3263 2448
678 633 933 776
0 1880 2395 2448
97 0 691 1547
522 868 685 1194
1207 744 1775 1057
1716 1566 2252 1997
848 319 1579 554
815 933 2075 2193
815 1181 1155 1586
815 1266 1103 1586
1116 933 2075 2193
959 319 1579 554
0 176 385 1442
0 332 385 1442
1775 489 2598 1037
1775 502 2506 1037
2271 1070 3263 2448
1775 626 2356 1037
1775 626 2356 959
430 1194 737 1801
430 1318 724 1801
430 1442 724 1801
1475 1873 1893 2193
2337 685 2839 1122
130 1710 1527 2193
881 1710 1527 2193
1018 1710 1527 2193
1716 1566 2252 1912
1116 933 2075 1925
2317 1070 3263 2448
1116 933 1945 1925
1521 1207 1814 1631
104 241 352 541
1116 1018 1769 1925
1148 1018 1638 1227
1148 1070 1390 1201
2317 1175 3263 2448
