0 0 3263 2448
2088 489 2572 646
2741 698 3133 855
2199 221 3263 548
2199 221 3263 489
2199 221 3263 450
2199 221 3074 378
2454 731 2931 946
2017 2095 2363 2304
2095 1742 2350 2030
1977 757 2957 1051
2180 855 2957 1051
2180 855 2878 1051
2252 554 2689 691
1945 391 3015 731
1945 391 2944 731
1945 391 2709 561
1977 398 2709 561
0 2036 796 2389
1703 1253 2180 1651
1703 1253 2115 1625
1703 1312 1919 1586
1514 881 2186 1083
1625 894 2186 1083
1736 1625 1971 1827
0 385 1475 985
0 496 1181 783
0 0 3263 1090
1207 731 1631 1090
1207 874 1631 1090
0 0 3263 881
0 0 1155 163
0 594 3263 2448
0 594 3263 2141
2232 574 2650 881
2232 574 2624 881
0 1064 3263 2448
1919 1064 2931 1521
0 0 3263 776
0 1318 3263 2448
848 594 3263 2141
1514 881 1756 1070
1919 1064 2565 1521
1945 1064 2565 1521
1064 1233 1612 1749
221 1351 829 1697
0 711 1259 1468
0 731 1259 1468
848 620 3263 2141
1449 626 2088 829
0 0 2291 776
992 0 2258 345
1031 0 2258 345
1449 626 1932 829
1749 0 3263 391
1749 0 3263 339
2056 1964 2402 2239
104 1181 1638 1383
848 705 2702 2141
0 39 2291 776
940 940 2702 2141
261 1207 1037 1338
1272 156 1899 398
391 1181 1638 1377
2611 84 3263 221
0 1344 443 1801
2043 1064 2565 1521
2043 1194 2565 1521
3035 1090 3263 1390
940 940 2702 1938
1357 1096 2702 1938
1357 1096 2265 1912
1997 1272 2702 1938
1527 620 3263 1853
2395 620 2950 842
0 496 476 783
1527 646 3263 1853
1756 646 3263 1853
2683 646 3263 1853
2343 254 3263 391
528 110 2291 776
528 110 1762 496
1997 1475 2702 1938
2428 1396 2963 1716
1586 1331 2265 1912
528 110 1749 496
1514 2069 1697 2448
2839 398 3263 620
0 992 274 1233
1455 1625 3263 2448
528 156 1018 313
0 1318 1684 2448
2088 1625 3263 2448
2891 1945 3263 2415
0 2186 1090 2448
1455 1690 2147 2448
1756 848 2754 1318
620 1318 1292 2030
881 110 1749 496
940 110 1749 496
1455 1690 2036 2428
2265 1416 2513 1579
2056 1984 2382 2239
0 1566 1684 2448
2271 1625 3263 2448
2839 424 3263 620
1357 1096 1834 1455
1749 0 2833 261
2088 1272 2480 1599
1403 306 2291 776
2271 1625 3263 2395
2271 1677 3263 2395
2088 2232 2950 2448
2088 2232 2709 2448
2291 1677 3263 2395
2291 1677 3263 2278
0 1651 1684 2448
0 1690 698 2180
1756 985 2754 1318
685 1651 1684 2448
2441 1677 3263 2278
685 1651 1638 2448
1756 985 2480 1318
0 2317 600 2448
3035 2297 3263 2448
2310 2265 2709 2448
2937 2258 3172 2415
2088 2232 2402 2448
0 2232 176 2376
1873 2199 2147 2448
496 2186 1090 2448
3015 2160 3172 2330
2271 2134 2650 2304
1318 2134 1684 2448
2056 2108 2265 2239
2643 2102 2976 2395
2173 2102 2363 2304
2017 2095 2193 2252
0 2095 241 2258
2134 1984 2382 2186
1064 1984 1246 2173
2199 1964 2402 2115
2891 1945 3263 2337
685 1945 1547 2448
894 1834 1188 2004
2598 1821 2846 2036
2291 1801 2572 2173
1958 1795 2212 2141
2095 1788 2304 2030
659 1782 1018 2030
1821 1756 2023 1899
2186 1742 2350 1977
0 1723 698 2180
2441 1710 3120 2278
0 1690 169 1886
2963 1677 3263 1919
1782 1658 1971 1827
783 1651 1638 2108
1997 1599 2239 1729
1370 1592 1834 1782
3120 1579 3263 1710
208 1566 711 1991
2461 1553 2630 1716
2709 1540 3244 1853
1664 1514 2265 1912
2173 1475 2702 1938
1775 1468 2056 1671
1181 1468 1377 1749
1331 1449 1671 1625
2265 1442 2408 1579
1331 1416 1690 1605
1090 1410 1344 1560
2428 1396 2957 1710
2088 1383 2297 1599
300 1351 829 1697
0 1344 443 1749
1586 1331 1749 1527
620 1318 1292 1834
1729 1312 1919 1481
2219 1272 2480 1462
0 1272 352 1468
2043 1266 2428 1521
1814 1253 2115 1625
1357 1240 1749 1455
1064 1233 1612 1494
2088 1227 2434 1383
1919 1207 2082 1383
1945 1188 2310 1390
3068 1181 3263 1390
2722 1122 2983 1436
2454 1116 2931 1403
1475 1096 1834 1351
3035 1090 3263 1246
1756 1083 2134 1318
2121 1064 2487 1259
2363 1024 2754 1175
0 992 189 1233
2102 985 2480 1142
940 940 1553 1279
1625 894 2030 1077
1514 881 1742 1070
1325 881 1631 1090
2180 855 2669 1051
1906 848 2212 1070
2839 815 3074 959
1527 789 2121 959
1977 757 2454 907
1449 750 1586 1024
2526 731 2931 946
1286 731 1488 894
0 731 1259 1351
848 705 1246 1005
2904 698 3133 855
1449 678 1677 829
2232 652 2513 881
2683 646 3263 1592
2545 633 2950 763
1586 626 1932 770
2395 620 2669 842
2017 613 2382 829
2239 574 2624 874
1723 548 1991 705
1573 548 1729 691
1403 548 1651 776
2585 535 2944 731
0 535 137 776
2095 515 2545 646
378 515 1181 770
1103 496 1521 659
1977 398 2408 541
907 385 1475 985
1266 378 1716 515
1064 332 1449 496
0 332 137 463
2056 313 2989 470
1488 306 2291 698
881 254 1220 391
1599 235 1899 398
0 221 176 378
1977 195 2382 326
2598 189 3263 339
1925 189 2134 332
1540 169 1991 345
731 169 1018 313
1272 156 1762 313
940 110 1749 417
0 39 1051 600
1977 32 2833 261
0 19 620 169
1031 0 2258 202
0 0 1070 163
0 1116 3263 2448
0 0 3263 1592
0 0 3263 691
1658 652 2669 913
1977 652 2669 913
1958 2062 2193 2252
0 0 3263 561
150 672 678 829
0 39 3263 1592
907 306 3263 1592
2095 1788 2402 2115
1521 1566 1971 1827
0 39 2186 1351
0 2232 235 2421
0 2232 176 2421
2545 920 2957 1051
0 1272 1762 2448
1370 1116 3263 2448
2088 1194 2565 1383
1977 757 2669 913
744 163 1220 391
1586 1253 2748 2304
0 0 2382 535
1449 548 2186 1175
0 1272 1684 2448
1449 548 2088 1024
1325 1449 1762 1703
1325 1527 1762 1703
0 39 1553 1351
2983 2160 3172 2330
0 1272 535 1475
907 306 3074 1494
0 0 2382 515
0 0 2258 515
0 19 1018 313
0 1312 1684 2448
1514 881 2186 1175
992 84 2382 345
2683 398 3263 1592
1749 0 3263 561
1547 985 2186 1175
907 306 3074 1090
1997 1599 2239 1749
1749 0 3263 541
0 0 2258 417
1064 985 2754 1494
1064 1064 2487 1494
1586 1253 2709 2304
1586 1253 2480 1977
1586 1331 2350 1977
104 1305 535 1475
1814 1253 2480 1651
0 221 176 463
1749 0 3263 470
1749 0 3263 450
2343 254 3263 450
2173 1801 2709 2304
2173 1801 2617 2304
1540 124 2382 345
0 2095 554 2258
900 1312 1494 1775
1090 1410 1494 1775
1181 1468 1494 1775
1449 548 2088 829
2173 1116 3263 2448
2356 306 3263 450
1723 548 2088 783
1527 535 3074 1077
1527 535 2950 1077
2017 535 2950 946
2637 2297 3263 2448
2637 2310 3048 2448
2017 535 2950 874
2043 1266 2480 1599
391 1233 1534 1377
2598 52 3263 202
2702 52 3263 195
2239 535 2950 874
0 39 1181 783
2467 254 3263 391
1370 1592 2402 2448
1814 1253 2180 1651
907 306 2291 1090
907 332 1729 1090
1403 548 1729 776
2173 1416 2728 1938
907 332 1631 1090
907 385 1631 1090
2239 574 2950 874
868 1821 1246 2004
1370 1592 2212 2428
1527 789 2669 1077
1357 1064 2487 1455
894 1821 1246 2004
1977 398 2552 541
2271 1116 3263 2448
2271 1396 3263 2448
2173 1475 2728 1938
0 2317 672 2448
2173 1801 2572 2304
0 0 1749 417
0 0 1161 163
1370 1592 2023 1899
1749 0 3166 326
1977 32 3166 326
1977 32 3166 261
1527 789 2212 1077
1455 1690 2212 2428
2839 398 3263 678
2839 424 3263 678
0 705 1553 1351
0 1344 953 2389
0 2036 953 2389
2102 985 2754 1175
0 1344 868 2180
300 1351 868 1749
900 1312 1357 1481
2891 1677 3263 2415
2963 1677 3263 2004
496 1318 1684 2448
300 1351 868 1697
848 705 1553 1279
496 1945 1684 2448
0 1344 711 2180
1873 2199 2402 2448
2271 1396 3244 2448
1756 1064 2487 1318
2271 2134 2709 2448
1527 789 2121 1077
0 39 1051 783
620 1318 1638 2108
659 1651 1638 2108
2428 1396 3244 2395
2428 1396 3244 1853
2441 1710 3120 2395
0 1566 711 2180
496 1945 1547 2448
2075 489 2558 639
2049 757 2448 1051
959 117 1775 437
463 1194 1625 1410
1677 1253 2088 1586
2206 698 2957 1051
1462 737 2102 1044
1919 1188 2310 1527
0 2095 241 2304
0 489 1991 1168
0 496 496 783
2226 1416 2500 1605
2585 535 2950 731
2206 855 2872 1051
2395 1057 2983 1436
385 489 1991 1168
0 0 3263 705
0 319 3263 2448
1227 1416 2258 2448
1227 1605 2258 2448
1227 1618 2258 2448
0 0 2989 705
3028 1514 3263 1710
2043 398 2552 541
0 705 1697 2448
0 705 1312 2180
1964 1625 3263 2448
463 1194 1625 1377
1547 737 2102 868
3055 1148 3263 1429
0 1605 1697 2448
26 319 3263 1925
26 737 1658 1468
463 737 1658 1344
711 737 1658 1286
1090 319 3263 1925
1749 0 3263 378
1286 117 1899 398
1286 117 1814 300
1638 626 2088 789
26 1305 652 1468
757 1253 1383 1410
385 489 1729 1116
0 1664 182 1886
1449 652 1880 829
1109 319 3263 1925
1109 776 2715 1494
2395 1057 2937 1416
2147 1625 3263 2448
1429 319 3263 1925
1429 1416 2239 1919
1521 1416 2239 1919
1521 1416 2219 1919
1618 1416 2219 1919
2160 319 3263 1925
2252 319 3263 1566
1521 1586 1971 1834
1814 1429 2180 1729
2376 319 3263 1566
26 1305 652 1442
0 0 2154 646
0 1651 1697 2448
1566 137 2989 705
2376 385 3263 1566
2376 489 2761 718
0 1651 1677 2448
1964 1814 2304 2186
2173 1625 3263 2448
1938 1064 2558 1390
1566 137 2885 705
2539 385 3263 1566
1312 1867 1586 2095
1090 1351 1396 1625
1938 1064 2487 1390
2304 1814 2807 2173
2173 1625 3263 2389
2441 1625 3263 2389
2669 2310 3068 2448
3042 2297 3263 2448
2199 2245 2728 2448
0 2239 182 2376
2173 2121 2650 2330
0 2095 241 2239
1553 2062 1697 2448
1964 2036 2180 2186
2226 1899 2408 2121
2878 1873 3263 2323
907 1873 1070 2010
1344 1867 1586 2095
2304 1827 2709 2173
0 1827 1677 2448
2578 1814 2807 1977
1997 1795 2258 2036
71 1782 881 2389
2206 1749 2363 1977
208 1697 509 1834
0 1664 156 1886
874 1651 1318 1919
2441 1625 3166 2389
1729 1618 1971 1834
1227 1618 2212 2448
1233 1605 1488 1814
1951 1599 2180 1729
1521 1586 1821 1723
3100 1547 3263 1710
1997 1481 2239 1703
1723 1475 2219 1919
1325 1455 1762 1645
1814 1429 2017 1599
2265 1416 2500 1579
1299 1416 1769 1638
2160 1383 3263 1925
1142 1351 1396 1625
0 1325 1312 2180
26 1312 195 1442
2030 1292 2310 1527
2095 1279 2558 1599
1677 1272 1925 1481
1808 1253 2088 1586
2284 1201 2558 1383
1938 1194 2304 1390
1919 1188 2206 1436
3055 1161 3263 1429
3068 1148 3263 1396
1442 1142 1658 1286
2474 1096 2937 1416
2630 1083 2983 1436
2088 1064 2487 1383
1109 985 2715 1494
2206 855 2669 1018
2075 848 2408 1051
1462 789 1612 1044
1501 776 2206 1077
2846 770 3087 966
2049 757 2448 907
711 737 1612 1286
2904 705 3133 881
0 705 1279 1403
2526 698 2957 959
1449 685 1827 829
1540 652 1880 783
2689 646 3263 1566
1638 626 2049 789
2004 620 2402 835
2252 567 2663 913
2598 561 2761 718
2774 554 2950 731
2585 535 2931 731
1475 528 1729 691
0 496 496 744
2376 489 2696 678
385 489 1658 1116
2043 398 2363 541
1925 391 2173 535
2539 385 3263 698
1266 378 1716 535
1064 332 1423 489
0 241 195 456
1599 215 1899 398
1566 189 2885 705
1286 163 1762 300
1233 156 1749 359
1912 137 2382 332
959 117 1729 411
404 78 1057 280
0 489 3263 2448
0 0 3263 1494
1299 1416 1788 1638
1462 789 1756 1044
2049 2193 2278 2448
0 2056 274 2239
1286 117 1814 306
0 489 2258 2448
456 848 2970 1494
1938 554 3263 2448
0 2056 241 2239
1964 1651 2408 2252
463 848 2970 1494
1109 848 2970 1494
1109 848 2715 1494
1814 1351 2180 1729
1964 1651 2382 2252
0 0 3263 1168
2323 907 2970 1051
0 0 2885 789
1540 626 2088 789
0 0 2885 705
1501 0 3263 1168
150 672 633 815
2539 907 2970 1051
0 489 1827 1468
0 1253 2258 2448
1964 1651 2382 2239
1501 0 3263 1077
0 489 1827 1403
1938 1194 2558 1599
0 2239 182 2421
2147 1651 2304 2095
2088 554 3263 2448
2774 554 3133 966
966 84 1769 215
1318 1455 1971 1834
404 78 1057 313
2088 646 3263 2448
2030 1201 2558 1599
1964 1984 2382 2239
0 221 195 456
1325 1455 1971 1834
2774 554 3133 881
1501 385 3263 1077
0 1325 1677 2448
2669 2271 3263 2448
1227 1253 2258 2448
966 84 1762 215
1227 1605 2212 2448
2696 45 3263 189
2030 1279 2558 1599
0 489 1658 1403
1677 1253 2258 2036
1677 1253 2239 1919
1677 1253 2239 1703
1808 1253 2239 1703
2043 385 3263 698
1501 567 2957 1077
959 117 1729 489
2088 1064 3263 2448
2160 1383 3263 2448
2252 567 2957 959
0 489 1658 1116
1501 620 2402 1077
2088 1064 2937 1416
71 1651 1318 2389
2669 2297 3263 2448
2173 1625 3166 2448
2173 2121 2728 2448
1821 1253 2069 1475
2245 313 3146 456
1762 443 2134 691
2043 789 2408 933
2036 1188 2434 1488
881 137 2004 391
881 137 1736 391
143 1116 404 1325
881 137 1690 391
1259 1396 1736 1703
1259 1396 1468 1631
1599 1742 2395 2402
1710 202 2004 391
1514 887 2082 1083
881 189 1135 391
0 189 541 398
39 509 770 796
78 554 770 796
78 561 613 796
1057 391 3263 835
2004 463 3263 835
2004 463 3263 724
2558 463 3263 724
2558 463 3263 705
2121 855 2846 1161
1599 1742 2304 2402
881 724 1279 1181
0 1253 182 1481
1057 137 1690 378
2036 1220 2434 1488
228 554 770 744
0 221 319 398
1188 770 2115 1227
1214 770 2115 1227
0 1951 672 2291
2572 1090 3263 1716
2826 1090 3263 1599
2878 1272 3263 1599
881 724 1279 1168
1057 391 2069 770
1325 391 2069 770
1514 887 1886 1077
78 561 613 776
2663 52 3263 189
0 0 3263 1344
0 385 1579 1344
0 385 1103 894
0 607 1103 894
2193 855 2728 1005
1468 1051 2115 1227
1481 1051 2115 1227
0 541 3263 2448
2376 2265 2728 2448
0 0 3263 946
0 718 1103 894
267 718 1103 894
456 718 1103 874
0 0 3263 920
2558 463 3061 705
1599 1808 2304 2402
2004 509 2565 665
0 770 1579 1344
2160 541 3263 1423
2160 541 3263 1403
0 809 3263 2448
1325 1266 2513 2062
1325 1266 2513 2049
1325 1527 2232 2049
0 1383 731 1808
1664 1788 2017 2062
0 2095 352 2291
1697 1788 2017 2062
0 770 1181 1344
678 1031 1181 1259
2121 926 2846 1161
2226 855 2728 1005
1527 0 2219 176
2160 548 3263 1403
0 770 920 1344
1782 1266 2513 1671
1801 1266 2513 1671
1801 1266 2513 1566
1899 1266 2513 1566
2102 1266 2513 1540
2376 1220 2963 1423
0 0 2350 450
0 0 1175 450
0 0 920 450
71 65 920 450
1599 2075 2108 2402
71 65 776 313
97 0 3263 920
1527 763 1997 920
881 796 1279 1168
0 770 900 1325
293 1129 920 1344
97 0 3263 894
97 345 1677 894
0 0 672 235
0 0 267 235
1070 0 3263 561
443 0 2350 319
443 0 2350 221
926 0 2350 221
1109 0 2350 221
1645 1377 3263 2448
2826 1090 3263 1416
2572 1403 2963 1716
0 770 829 1325
2102 1377 3263 2448
0 809 2826 2448
1677 1625 2043 2141
97 378 1677 894
97 378 1455 874
110 1951 672 2180
1645 1977 2709 2448
1645 2180 2239 2448
1070 221 3263 561
1070 248 3263 561
1677 1625 2023 1912
1070 248 3263 515
2082 254 3263 496
1710 685 2382 835
1710 685 2265 835
463 2115 802 2310
97 378 1168 789
97 378 1129 711
417 385 1129 711
417 430 1129 711
0 2232 600 2448
84 2239 600 2448
2284 561 3263 1403
2284 587 3263 1403
2284 587 3263 1240
2957 639 3263 802
1286 561 1677 894
293 770 829 1207
293 874 829 1207
293 874 737 1090
97 378 744 678
1070 248 2434 515
1827 248 2434 450
0 1436 731 1808
0 1436 554 1697
0 796 535 1325
0 796 411 1325
0 796 385 1188
0 796 385 1037
659 1716 1005 2030
319 489 744 678
1534 763 1997 920
2996 2186 3263 2389
0 385 352 646
0 796 287 1037
0 1175 1925 2448
1057 1175 1925 1625
1057 1175 1925 1573
1057 1175 1756 1573
1057 1175 1756 1507
293 1129 789 1344
522 1547 731 1808
0 1305 1827 2448
2761 319 3263 496
0 913 411 1325
0 926 411 1325
659 1834 1005 2030
2284 587 2970 959
2284 659 2970 959
1116 2088 1468 2448
1116 2088 1383 2448
2337 1716 2963 1951
1671 809 2826 1396
1756 0 3263 326
117 1736 385 1958
1671 809 2683 1396
235 2147 1253 2448
1070 319 1853 515
1070 319 1853 450
2239 2160 2748 2389
2310 2160 2748 2389
2421 2160 2748 2350
2421 2186 2656 2350
2180 1977 2709 2323
1671 809 2683 1312
1840 809 2284 1142
1840 809 2193 1070
1840 809 2186 979
0 1436 443 1631
372 1325 900 1475
2454 1821 2852 2036
2454 1821 2807 2036
235 2147 985 2448
267 2160 985 2448
2767 672 3263 1240
1586 1886 1827 2160
1945 0 3263 326
1945 0 3263 319
1795 1853 2043 2141
0 1305 1697 2448
150 1305 554 1468
2976 763 3263 1240
0 1377 1697 2448
287 2212 985 2448
2500 1645 3263 2448
1161 1357 1377 1573
2102 1377 3263 1906
2102 1377 2957 1906
2121 1514 2957 1906
2121 1521 2650 1906
2278 1521 2650 1906
809 1338 1122 1612
809 1338 1083 1547
1671 1057 2683 1312
1749 1057 2683 1312
1984 1057 2683 1279
2526 718 2970 959
2611 757 2970 959
1442 1331 1736 1573
0 1377 1625 2317
940 2258 1253 2448
2500 1756 3263 2448
1945 26 3263 319
2624 1514 2957 1788
0 1416 1625 2317
2128 1057 2683 1279
0 1442 1625 2317
0 1521 1625 2317
2102 1377 2741 1625
2500 1716 2963 1951
2643 1716 2963 1919
2278 1566 2650 1906
78 241 920 450
1945 26 3061 280
1945 26 2826 280
0 1521 1625 2271
6 1521 1625 2271
2186 1057 2683 1279
463 2265 985 2448
0 1853 443 2167
2500 1756 3263 2376
1945 26 2826 182
1945 32 2826 182
2500 1756 3263 2369
613 1579 1625 2271
763 1579 1625 2271
613 1964 966 2154
1148 1579 1625 2232
0 1867 443 2167
124 1867 443 2056
1148 1749 1625 2232
6 1521 770 2056
2500 1756 3263 2363
2186 1083 2683 1279
1148 1749 1625 2199
940 1501 1312 1951
1272 1749 1625 2199
1272 1749 1586 2075
2976 1005 3263 1240
685 1442 1135 1801
2500 1756 3263 2278
2500 1925 3153 2278
2500 1964 2989 2278
6 1579 770 2056
6 1579 705 1886
2904 1945 3263 2297
1645 2291 1951 2448
2199 2284 2408 2448
2441 2265 2728 2448
463 2265 855 2448
940 2258 1103 2448
1142 2239 1383 2448
84 2239 359 2389
1272 2232 1468 2369
0 2232 378 2448
287 2212 515 2376
1782 2193 2134 2402
620 2186 907 2363
1932 2180 2239 2448
1631 2180 1867 2402
463 2180 691 2310
1351 2173 1540 2389
84 2160 352 2291
2918 2154 3126 2363
1436 2147 1697 2448
2696 2141 2859 2369
1233 2128 1449 2278
2180 2121 2552 2323
763 2121 1057 2317
1188 2095 1370 2232
0 2095 254 2265
1116 2088 1259 2297
1599 2075 2108 2297
2904 2049 3120 2206
2500 2049 2683 2232
110 2036 398 2167
1318 2010 1625 2199
0 2010 261 2167
1586 1997 1827 2160
763 1984 1168 2271
2304 1977 2709 2160
2049 1977 2395 2245
1795 1971 2030 2141
2630 1964 2989 2278
685 1964 966 2121
306 1951 672 2180
3048 1945 3263 2297
2918 1925 3153 2134
1710 1919 1880 2062
2676 1906 2852 2036
2454 1906 2663 2036
124 1899 352 2056
2284 1893 2545 2108
1612 1886 1769 2062
1344 1880 1586 2075
946 1873 1155 2056
1070 1867 1403 2030
417 1867 607 1997
287 1867 443 2036
1801 1853 2043 2102
0 1853 267 2049
496 1840 770 2056
789 1834 1005 1977
2617 1821 2807 1984
1997 1808 2304 2141
665 1808 842 1971
2800 1788 3022 1991
1697 1788 2017 1951
2500 1762 2696 1951
3022 1756 3263 1971
2199 1756 2350 1977
1272 1749 1455 1977
2004 1742 2284 1912
2278 1729 2565 1906
2643 1716 2963 1880
1612 1716 1762 1847
783 1716 979 1899
1677 1697 1938 1912
0 1690 182 1899
685 1658 829 1834
940 1651 1292 1951
2891 1645 3205 1847
1736 1625 2023 1860
398 1599 705 1886
1325 1579 1795 2049
1207 1579 1370 1886
6 1579 483 1762
2356 1566 2650 1808
2121 1560 2461 1782
894 1560 1135 1801
522 1547 705 1703
1325 1534 1736 1703
1899 1527 2180 1671
1645 1527 2232 1788
300 1527 554 1697
2448 1521 2604 1677
2852 1514 3263 1729
2624 1514 2904 1788
1782 1514 2056 1658
2572 1507 2748 1716
1096 1501 1312 1710
1305 1494 1468 1631
2102 1455 2480 1625
0 1449 163 1631
685 1442 992 1762
84 1436 443 1592
1801 1429 1951 1560
1442 1416 1736 1573
411 1416 763 1599
1899 1410 2115 1566
2663 1403 2963 1605
613 1383 815 1547
2467 1377 2741 1566
1024 1377 1214 1553
900 1364 1083 1547
809 1338 946 1494
2102 1331 2408 1540
1455 1331 1736 1481
