0 0 3263 2448
430 1945 763 2167
1762 1599 3263 2448
1762 1599 2722 2448
1762 1599 2350 2448
332 1103 940 1775
2598 515 3139 907
2337 1847 3263 2448
2474 1847 3263 2448
1592 1671 1945 2023
0 1312 274 1618
731 0 1051 326
842 0 1018 143
2128 1292 2957 1723
2134 1292 2957 1723
2265 1292 2957 1723
2363 1396 2957 1723
2689 1037 3263 1442
1155 195 1638 861
1253 587 1423 861
2591 1481 2957 1723
2689 1057 2865 1442
1867 1599 2350 2448
1867 1599 2350 2206
2598 522 3068 907
2591 1488 2957 1723
2591 1488 2833 1723
1233 1886 1677 2389
1906 2154 2317 2448
1906 2154 2284 2448
1351 1886 1599 2206
2265 1292 2552 1599
2363 1396 2669 1638
0 842 3263 2448
561 848 1148 1938
561 1573 926 1880
2591 1488 2754 1723
2598 1488 2754 1651
1762 2036 2043 2186
737 848 1148 1938
757 1005 1148 1938
757 1005 1148 1867
1403 842 3263 2369
1403 1658 1945 2310
1631 842 3263 2369
1351 1899 1553 2206
0 940 2049 2448
1762 450 1971 698
900 561 1142 920
332 1201 940 1775
1638 124 1840 280
1677 1233 1880 1423
567 385 698 613
1148 2043 1370 2212
757 1005 1148 1710
1782 1710 2102 2219
1155 195 1638 626
522 1782 998 2141
757 1005 1148 1612
757 1037 1116 1612
757 1037 1116 1344
829 1037 1116 1344
763 1318 1096 1612
887 1318 1096 1612
2474 1847 3074 2448
1403 1658 1697 1899
1403 1684 1697 1899
1631 1175 3263 2369
2624 1175 3263 1645
2624 1175 3126 1599
2663 1175 3126 1534
0 378 365 926
0 476 365 926
0 476 365 874
0 0 3263 2147
522 1782 913 2141
0 750 182 926
0 0 2337 2147
202 215 463 639
2820 1233 3263 1645
1814 1971 2102 2219
65 1690 313 2258
65 1703 300 2258
65 1932 300 2258
65 1958 300 2258
84 1703 254 1958
757 1037 953 1175
1631 1299 3263 2369
554 1782 913 2141
1057 0 3263 1292
1534 2167 2049 2448
1612 2167 2049 2448
1631 1403 3263 2369
2395 1834 2552 2115
202 215 456 554
202 215 385 535
65 1958 254 2258
2709 509 2937 776
2010 842 2859 1507
0 940 1566 2448
0 940 620 2017
900 587 1142 920
900 587 1116 776
1867 535 2271 874
1867 613 2271 874
1867 744 2180 874
332 1279 940 1775
1631 1501 3263 2369
2474 1847 2813 2232
1612 2212 1886 2448
1645 0 3263 1292
0 1449 1566 2448
65 1958 254 2173
1932 1299 2115 1612
1867 1599 2350 2160
2598 535 3068 907
1057 0 1788 437
1155 339 1396 613
0 1449 1286 2448
1233 1951 1677 2389
2617 1893 3074 2448
1742 1501 3263 2369
1971 1501 3263 2369
2167 1501 3263 2369
1742 1586 2030 1742
815 326 2337 2147
1383 456 1618 776
2774 1997 3263 2448
1645 0 3263 1129
0 0 1396 1305
0 104 359 535
0 0 1377 1305
946 326 2337 1795
1135 1064 2049 1716
2826 2167 3263 2448
1135 1168 2036 1716
1312 1168 2036 1716
815 1442 1540 2147
940 1442 1540 2147
940 1442 1364 1847
940 1442 1227 1847
1383 489 1579 776
2774 1997 2957 2284
3087 881 3263 1292
104 359 300 580
1867 1697 2350 2160
953 1769 1540 2147
0 476 319 874
2826 202 3263 1129
2167 1501 3231 2369
2813 1605 3231 2206
1645 0 3263 1090
2428 0 2624 189
0 940 587 2017
58 1194 587 2017
58 1305 587 2017
2167 1501 2996 2369
2395 1605 2996 1971
2395 1605 2911 1945
0 1449 1201 2448
2180 783 2434 1044
946 326 2219 1795
71 1795 1201 2448
0 1449 293 2402
1560 1168 2036 1651
946 470 2219 1795
483 528 1312 998
0 750 437 1129
241 750 437 1057
2735 1175 3126 1534
2774 1175 3126 1507
946 698 1690 1795
1259 1507 1514 1795
926 789 1312 998
953 1769 1540 2108
953 1769 1325 2030
2813 1605 3166 1945
345 2226 607 2448
26 0 1377 1305
156 450 855 1305
0 842 267 1129
26 0 1377 933
26 0 1259 829
2167 1501 2617 2369
2167 1501 2617 2173
2167 1501 2617 1821
0 1449 169 2121
946 698 1690 1716
946 698 1690 1475
946 698 1690 1396
946 953 1690 1396
946 966 1690 1396
2820 1357 3263 1645
71 1906 1201 2448
489 2095 1201 2448
489 2095 1044 2448
489 2095 940 2448
1618 326 1886 789
1429 470 2219 1259
2826 580 3263 1129
71 1906 574 2448
1997 1697 2350 2160
1645 0 2545 802
1645 0 2428 802
1775 0 2428 802
1579 1853 1945 2310
515 1351 940 1775
483 528 1077 998
515 1351 861 1775
2095 0 3263 1090
2513 0 3263 613
26 0 1259 737
2095 0 2813 1090
2265 842 2859 1370
280 450 855 1305
339 705 855 1305
339 705 626 1148
26 0 881 489
483 528 953 998
1775 0 2428 678
2617 1893 2937 2448
1429 470 2036 1259
26 0 750 261
757 0 1259 737
470 920 855 1305
1429 470 1788 1090
470 920 770 1305
1377 0 1788 437
2199 163 2813 1090
2199 430 2813 1090
1051 966 1690 1396
2363 430 2813 1090
1906 2284 2115 2448
842 2284 1044 2448
998 2271 1201 2448
2154 2252 2317 2448
594 2239 770 2448
443 2226 607 2448
1612 2212 1827 2448
2826 2206 3002 2428
71 2180 515 2448
2898 2167 3263 2448
1775 2167 2049 2363
2252 2154 2722 2448
1991 2154 2284 2448
1155 2154 1566 2448
2630 2147 2937 2448
659 2128 789 2271
489 2115 705 2369
613 2095 940 2448
0 2088 293 2402
1625 2082 1945 2310
169 2056 300 2206
2239 2049 2474 2369
894 2043 1286 2343
104 2043 254 2173
1566 2036 1710 2167
1932 2017 2102 2219
2043 2004 2278 2206
1442 2004 1677 2389
2793 1997 2957 2258
2337 1991 2487 2180
2474 1971 2650 2232
1814 1971 2095 2115
1351 1971 1553 2206
2846 1951 3074 2245
1233 1951 1488 2271
483 1945 763 2167
2421 1912 2552 2115
176 1906 574 2265
2617 1893 2898 2317
2963 1886 3231 2206
985 1886 1325 2147
815 1873 992 2043
2199 1867 2343 2010
1867 1853 2036 2017
1579 1853 1827 2141
2598 1847 2813 2030
2480 1847 2656 1991
737 1821 868 1958
2108 1814 2350 2160
1259 1808 1540 2108
2826 1801 2996 1971
953 1788 1194 2030
554 1782 868 2082
84 1782 254 1958
1501 1769 1697 1899
1168 1769 1325 1945
443 1769 633 1906
2219 1710 2454 2173
1782 1710 2023 2017
1997 1697 2173 2017
1592 1697 1886 2023
2395 1690 2735 1945
176 1690 313 1834
1403 1684 1540 1880
822 1677 1005 1925
3074 1664 3263 1977
1468 1658 1638 1821
1286 1658 1468 1906
972 1638 1135 1867
0 1638 169 2121
26 1625 169 1847
1631 1618 1788 1801
2813 1612 2983 1749
2918 1605 3166 1945
2513 1605 2911 1938
2258 1605 2408 1742
665 1605 926 1880
2056 1599 2226 1847
1971 1592 2180 1749
2389 1586 2617 1821
1742 1586 1912 1742
868 1579 1037 1710
463 1579 620 1788
561 1573 698 1808
1351 1566 1514 1795
1005 1547 1227 1847
1259 1507 1403 1697
2167 1501 2415 1775
398 1481 561 1645
58 1481 587 2017
665 1475 940 1618
1122 1455 1299 1599
1932 1416 2115 1612
1977 1403 2180 1684
966 1396 1305 1716
515 1396 861 1775
2820 1383 3185 1645
763 1364 907 1514
2976 1357 3263 1631
580 1351 842 1521
2735 1344 2904 1534
1135 1344 1436 1579
1312 1325 1710 1716
2134 1312 2297 1560
0 1312 267 1560
241 1305 385 1560
2265 1292 2552 1507
332 1279 600 1605
600 1266 913 1436
2689 1253 2826 1442
2911 1240 3126 1507
1560 1240 1801 1651
1057 1240 1253 1475
1710 1233 1880 1423
2408 1214 2728 1429
0 1214 156 1442
2095 1207 2304 1396
829 1207 979 1344
946 1201 1148 1351
463 1201 685 1423
202 1194 417 1390
2774 1175 2983 1423
1716 1168 2036 1638
1919 1129 2075 1272
763 1109 940 1240
639 1090 855 1299
2735 1057 2865 1266
470 1057 698 1305
3087 1044 3263 1292
2800 1037 3263 1377
855 1037 1116 1266
221 1037 424 1233
1051 1018 1396 1331
2265 1011 2526 1370
1018 1005 1148 1175
2010 998 2304 1507
0 979 156 1129
2480 972 2617 1109
1292 966 1690 1396
0 940 365 1364
1214 920 1351 1142
509 920 770 1135
2004 913 2337 1175
3133 881 3263 1161
339 874 522 1148
737 848 1077 1057
2323 842 2859 1338
78 842 267 1044
1116 835 1312 998
1429 829 1677 1090
2180 796 2330 953
926 789 1129 985
2265 783 2434 1044
2826 770 3133 1129
241 750 411 992
1867 744 2049 874
2363 724 2728 1090
1938 724 2219 1077
926 718 1077 907
659 711 953 998
339 705 626 1024
1292 698 1579 1057
1253 678 1423 861
1534 665 2036 1259
2598 646 2957 907
58 639 189 802
97 633 319 874
2369 613 2506 848
2121 613 2271 783
2199 587 2454 855
900 587 1031 750
3035 580 3263 1024
1697 561 1886 789
1064 541 1377 933
2793 535 3068 874
2062 535 2212 698
483 528 796 959
2996 515 3139 685
2787 509 2937 665
221 496 463 639
1436 489 1579 705
156 483 339 665
0 476 195 776
1481 470 1788 874
1912 456 2141 802
1762 450 1912 698
280 450 607 757
1880 443 2036 587
2487 430 2813 770
2356 417 2545 672
639 417 953 829
313 417 456 554
1227 398 1396 613
156 359 300 541
241 332 378 535
1618 326 1840 587
130 293 359 424
2121 274 2428 678
1214 274 1390 430
966 274 1259 737
202 215 385 352
2859 202 3263 698
1357 195 1638 626
104 176 235 378
1181 169 1331 306
2382 163 2617 489
1507 143 1788 437
332 137 522 509
835 104 1051 326
0 104 202 535
470 65 881 489
2957 0 3263 332
2735 0 3022 176
2513 0 3087 613
2434 0 2624 182
2095 0 2487 463
2043 0 2330 319
1997 0 2154 208
1775 0 2154 515
1645 0 1925 280
1377 0 1671 228
1057 0 1423 319
757 0 1122 580
731 0 861 189
339 0 750 202
26 0 385 261
443 0 3263 2448
443 1266 3263 2448
887 0 3263 1821
0 0 1514 2448
2728 1481 2957 1645
0 0 1436 2448
443 1351 3263 2448
2807 1481 2957 1631
1906 0 3263 1821
887 0 2702 1716
1932 0 3263 1821
0 0 789 2448
221 0 1436 1475
0 0 705 2448
1795 2304 1951 2448
2911 515 3139 685
2735 972 2865 1266
398 1481 698 1991
398 1481 698 1906
757 1037 1116 1266
757 1037 953 1240
0 639 189 926
1155 0 2702 874
3055 1573 3263 1729
1906 1403 2258 1729
1906 1403 2180 1729
887 470 2075 1716
1018 953 1233 1175
1468 1618 1788 1821
443 1351 1945 2448
1181 0 2702 874
398 1481 698 1808
1592 1586 3263 2448
1932 417 2957 1821
463 1573 698 1808
1148 1566 1697 1906
1148 1566 1612 1906
763 1037 953 1240
737 1821 998 2141
887 1331 1057 1612
1181 0 2617 874
966 470 2075 1716
1214 835 1396 1142
2108 1775 2350 2160
1814 1044 2075 1272
1814 1044 2049 1201
966 470 2036 1716
2232 1605 2408 1801
2337 0 2552 189
1592 1586 2180 2115
1592 1586 2095 2115
1592 1586 2023 2023
1592 1671 2023 2023
737 1821 992 2141
757 1873 992 2141
241 1279 600 1605
2565 169 2702 502
2774 2160 3002 2428
1253 489 1579 861
1148 1566 1514 1906
1148 1658 1468 1906
391 1018 1436 1475
391 1018 1436 1462
391 1103 685 1423
130 1690 313 2069
1775 1605 3263 2448
2337 1847 2813 2180
1181 0 2617 802
1181 169 1396 613
1181 169 1390 561
1253 587 1494 861
221 0 1423 1305
2337 1912 2552 2180
0 0 463 874
176 1690 313 2030
1357 0 2617 802
241 332 456 554
1005 652 1142 920
483 1351 1325 2167
665 1364 940 1618
443 1808 1945 2448
1259 1808 1710 2206
1259 1808 1599 2206
1259 1808 1553 2206
2134 1253 2826 1821
1932 417 2957 1612
2134 1312 2780 1821
2434 0 3263 1749
0 829 705 2448
0 1449 254 2121
26 1625 254 1958
0 0 385 874
639 1018 1436 1462
829 1018 1436 1462
829 1018 1436 1357
1775 1697 2474 2448
1775 2154 2317 2448
2480 1847 2813 2030
2219 1605 3263 2448
2735 1175 3185 1749
2793 1951 3263 2448
2846 1951 3263 2448
1775 2167 2115 2448
1932 1697 2474 2369
1932 1697 2278 2219
1932 2004 2278 2219
2134 1312 2669 1821
443 1853 1945 2448
953 1547 1325 2147
0 2036 293 2402
2774 1175 3185 1749
0 0 385 776
443 1951 1827 2448
1214 274 1390 561
483 1351 1005 2167
515 1351 1005 2082
2774 1175 3185 1645
2826 1605 3263 2206
221 711 1129 1305
2434 0 3263 1631
221 711 1129 1233
966 1325 1710 1716
221 711 1077 1233
1233 1951 1827 2448
829 1018 1396 1351
515 1351 1005 1925
515 1351 926 1880
2219 1605 2937 2448
2252 1893 2937 2448
2918 1605 3263 2206
443 2043 1566 2448
613 2043 1566 2448
1938 417 2957 1507
1991 2154 2317 2448
2434 0 3263 698
2265 417 2957 1429
2474 1893 2937 2448
2793 535 3263 1631
443 2226 770 2448
2167 1396 2669 1821
0 829 417 1560
0 829 365 1560
58 1481 705 2448
842 2271 1201 2448
280 0 1423 1024
966 0 1423 998
1357 0 1925 698
2513 0 3263 698
1938 587 2552 1507
946 1018 1396 1351
280 0 1122 1024
2219 1605 2911 2173
1292 470 2036 1651
1938 587 2454 1077
0 842 365 1560
339 711 1077 1148
515 1396 926 1880
2918 1605 3263 1977
2265 417 2957 1370
0 0 385 535
339 848 1077 1148
71 1906 705 2448
1135 1325 1710 1716
280 137 953 1024
509 848 1077 1135
953 1547 1227 2030
2356 417 2957 907
1357 0 1925 626
2004 783 2552 1507
2095 1207 2552 1507
894 2043 1566 2448
2004 783 2434 1507
280 417 953 1024
1357 0 1840 626
1775 0 2617 802
280 417 953 959
966 0 1423 933
2793 535 3263 1377
2356 417 2813 770
0 842 365 1364
1534 665 2036 1651
2265 724 2859 1370
339 0 1122 580
483 417 953 959
2004 913 2337 1507
1775 0 2617 678
2323 724 2859 1338
966 0 1423 737
1292 470 1788 1396
1292 470 1788 1090
339 0 881 489
1357 0 1671 626
2800 580 3263 1377
2859 0 3263 698
2095 0 2617 678
2095 0 2617 489
345 1266 1037 1873
1233 1318 3263 2448
2310 1840 3263 2448
1233 1318 2480 2448
0 293 398 900
0 424 398 900
2265 848 2885 1455
450 868 1044 1488
1684 2030 1860 2180
763 1109 940 1351
0 1253 567 2030
1338 117 2219 724
1396 117 2219 724
1233 1318 2461 2448
58 2115 757 2448
58 2154 757 2448
1338 228 1488 561
2552 1840 3263 2448
2558 1840 3263 2448
2154 2245 2317 2448
1977 1338 2245 1612
966 0 3263 2271
966 0 3263 1853
1312 1253 1710 1716
1579 770 1749 940
0 0 2180 2448
2271 450 2454 639
2147 1220 3263 2271
0 0 2108 2448
254 0 1122 1005
1971 1481 2180 1997
1971 1592 2180 1997
1977 1338 2180 1612
750 829 1377 1618
750 829 1377 1612
2252 1344 3263 2271
2337 1344 3263 2271
1560 1194 1801 1651
750 829 1377 1494
750 998 1116 1286
750 1037 953 1175
0 1011 2108 2448
757 1886 1449 2310
868 1886 1449 2310
0 0 685 1788
966 0 3263 1769
2552 2108 2820 2448
1233 1501 2461 2448
1233 1697 2363 2448
1233 1697 2284 2448
1233 1951 2284 2448
2147 1220 2487 1501
0 0 685 1671
313 1312 541 1671
855 998 1116 1286
0 1534 848 2448
1044 2049 1449 2310
1129 2049 1449 2310
1129 2049 1370 2232
874 829 1377 1494
0 1534 580 2448
2604 509 3263 1769
2337 1488 3263 2271
554 1011 2108 2448
0 0 685 1507
1592 1697 2199 2226
972 829 1377 1240
1037 829 1377 1057
2337 1553 3263 2271
966 0 3263 1129
463 1769 848 2134
0 1534 580 2402
0 1984 267 2265
0 0 626 1507
104 182 261 607
3009 1938 3263 2271
2337 1553 3263 2180
1710 1011 2108 1638
463 1769 848 2030
2904 2167 3263 2448
966 0 1971 1129
1932 0 3263 1129
2310 0 2624 195
985 626 2304 1853
0 293 626 1507
0 1534 235 2121
966 274 1971 1129
2056 1501 2461 2173
0 829 182 1142
2904 2212 3081 2448
0 829 156 1142
2350 1553 3263 2095
2350 1553 3263 2010
554 1534 2030 2448
2088 0 3263 1129
2591 0 3263 1129
1592 1697 2108 2226
1716 1011 2108 1638
2904 2310 3055 2448
2154 2297 2297 2448
1860 2284 2036 2448
509 2239 757 2448
2937 2212 3081 2402
815 2206 992 2448
2983 2167 3263 2448
2310 2154 2709 2448
58 2154 613 2448
2552 2108 2696 2363
2043 2075 2480 2356
868 2043 1605 2448
1442 2036 2284 2448
0 2023 182 2265
757 1991 913 2134
84 1984 267 2206
1233 1951 1534 2271
3009 1938 3231 2271
2004 1938 2199 2115
2467 1932 2643 2271
0 1925 580 2402
2944 1906 3159 2095
509 1893 646 2030
868 1886 1331 2258
2337 1873 2663 2180
2558 1840 3061 2448
2069 1814 2363 2180
463 1769 848 1958
2004 1729 2173 1997
1801 1710 2108 2226
1592 1697 1886 2160
2186 1677 2461 2173
554 1618 1214 2448
2350 1566 2735 1945
2513 1553 3263 2010
1175 1534 2030 2121
365 1534 541 1671
0 1534 208 2121
2056 1501 2415 1847
2807 1488 2996 1697
1977 1481 2180 1684
2558 1468 2696 1658
2252 1416 2500 1638
1122 1390 1305 1566
2441 1383 2748 1599
757 1377 998 1612
2754 1344 2891 1534
2036 1338 2180 1560
2141 1318 2297 1514
985 1318 1534 1853
345 1266 940 1873
2252 1233 2487 1501
2147 1220 2317 1416
1716 1220 1997 1638
1729 1129 1951 1305
874 1116 1181 1494
2754 1109 2885 1266
1736 1044 1932 1214
398 1044 685 1410
894 1037 1116 1286
1912 1011 2108 1331
972 1005 1148 1240
855 998 1018 1155
0 979 156 1142
450 920 907 1488
1037 887 1233 1057
1899 868 2036 1005
737 868 1044 1057
2265 848 2878 1455
1214 829 1377 1018
404 672 594 822
1057 626 2304 1540
2604 600 3263 1769
2180 587 2689 1044
913 554 1083 770
97 515 398 900
2709 509 2950 776
1188 489 1338 639
0 424 626 1507
0 424 189 887
2062 417 2284 698
1064 339 1971 1129
104 332 261 607
169 293 424 554
966 274 1246 698
1344 228 1488 443
2539 169 2767 502
202 163 385 352
2722 0 3263 698
2428 0 2624 195
2088 0 2807 809
1932 0 2134 202
1011 0 1971 417
0 0 300 535
0 0 2304 2448
1958 0 3263 2448
0 0 1377 2448
1971 0 3263 2448
2154 2245 2389 2448
345 0 2304 2448
345 868 2284 2448
907 0 2304 1612
907 0 2304 1540
966 0 2304 1540
750 1037 953 1351
0 0 848 2448
202 0 1377 1286
0 0 646 2448
763 1037 953 1351
345 868 2108 1873
2088 0 3263 1769
509 1534 2284 2448
306 1188 848 1958
2199 2245 2389 2448
483 1893 646 2239
1971 1220 3263 2448
1207 1253 1442 1390
202 0 1233 1286
202 0 1233 1057
0 0 626 2448
1971 1233 3263 2448
254 0 1233 1057
313 1312 848 1958
483 1893 646 2134
2709 509 3022 776
1971 1481 2363 2180
2043 1233 3263 2448
2650 1344 2996 1697
855 998 1148 1286
757 1886 1331 2258
1240 2108 1449 2310
2754 1344 2996 1697
509 1618 1605 2448
2056 1233 2748 1847
1011 0 2284 724
0 1253 613 2448
2043 1553 3263 2448
345 868 1181 1873
398 868 1181 1612
398 868 1181 1494
2043 1873 2709 2448
966 274 2304 1540
1011 0 2219 724
1932 0 2154 319
2043 1932 2709 2448
1175 1534 2284 2448
985 1011 2108 1853
2056 1233 2500 1847
2043 1932 2643 2356
463 1586 848 1958
0 0 398 1018
1710 1011 2108 1423
2056 1416 2500 1847
1729 1011 2108 1331
2186 1553 3263 2173
450 868 1181 1494
450 920 1181 1494
0 0 398 900
2591 0 3263 1769
554 1618 1605 2448
2088 0 2878 1455
0 0 300 887
1175 1534 2108 2226
985 1220 1997 1853
0 1925 613 2448
2186 1566 2735 2173
1560 1220 1997 1651
2180 587 2878 1455
985 1318 1710 1853
1690 815 1997 1220
2167 672 2350 848
3002 1645 3263 1971
1795 2206 2167 2448
195 1161 1031 1873
2134 1318 2434 1736
2167 1429 2434 1736
1390 1560 3263 2448
1390 1612 3263 2448
1390 1697 2709 2448
1788 1168 2121 1599
2630 2082 3185 2448
3074 84 3263 424
1390 1697 2376 2448
2291 385 2715 711
195 110 372 378
215 110 372 319
2291 463 2611 711
1599 1742 2376 2448
1677 1742 2376 2448
2082 1801 2376 2448
1547 0 1991 267
1547 0 1814 267
1677 1742 2154 2075
1886 1168 2121 1599
1390 1697 1618 2088
2082 2075 2350 2448
332 1161 1031 1873
332 1161 698 1703
587 2088 770 2356
1795 2278 2167 2448
1906 2278 2167 2448
2519 1612 3263 2448
2519 1677 3263 2448
2519 1997 2833 2448
2199 0 2454 143
195 1161 541 1762
515 1240 770 1514
613 1351 1031 1873
613 1351 946 1873
3074 137 3263 424
757 0 1383 450
0 0 3263 2180
0 0 3263 1645
2578 215 3263 1103
195 1416 541 1762
0 600 365 887
1455 744 3263 2180
1455 874 3263 2180
1455 946 3263 2180
1599 1853 1945 2323
711 1677 926 1814
613 1351 946 1729
2578 215 3263 992
2578 215 3159 848
2578 215 3068 848
665 1037 894 1194
2252 874 3081 1612
613 1664 861 1873
0 345 2206 2448
1096 58 2049 992
1586 58 2049 698
2598 1677 3263 2448
515 345 1494 2199
528 691 1494 2199
0 620 365 887
65 620 365 861
65 620 326 861
1684 58 2049 698
1096 241 1762 992
528 691 1005 1612
528 691 992 1475
528 691 946 1475
515 345 959 1005
2291 509 2526 711
2598 1677 3009 2173
528 691 946 1312
554 750 946 1312
783 881 1481 1684
