0 0 1824 4000
0 1736 1664 2960
0 0 1528 1848
1000 1968 1256 2152
1152 0 1824 632
512 0 1824 1400
1152 0 1824 600
0 1040 1824 4000
1152 0 1824 472
512 0 1824 1392
1392 192 1824 600
584 2736 872 3152
616 2736 872 3152
528 232 1752 1392
0 1992 1824 4000
792 1040 1824 3184
792 1168 1824 3184
944 2584 1640 3208
944 2584 1640 3104
616 2784 832 3152
0 2440 1104 4000
0 2960 1104 4000
496 3640 1104 4000
0 2440 664 3088
792 1168 1824 2616
0 2440 664 3008
512 0 1824 1008
680 0 1824 1008
0 2960 832 4000
744 80 1824 1008
0 2496 664 3008
744 88 1824 1008
760 88 1824 1008
944 2584 1528 3104
1424 2192 1824 3184
1472 2312 1824 3184
920 88 1824 1008
1144 304 1824 1008
1592 2376 1824 3184
1152 0 1504 216
792 1472 1824 2616
792 1472 1824 2352
1176 304 1824 1008
1384 0 1824 472
1288 592 1824 1008
1408 592 1824 1008
1512 160 1824 472
352 3824 576 4000
1280 3736 1496 3968
768 3712 1104 4000
1632 3664 1824 3896
496 3640 920 4000
912 3376 1112 3616
0 3280 832 4000
1664 3272 1824 3504
320 2960 480 3128
0 2960 664 3424
152 2800 368 2968
1296 2784 1536 3136
672 2784 832 3152
456 2744 616 2920
1048 2624 1528 3104
944 2584 1168 2832
208 2504 1824 4000
424 2496 664 2832
0 2496 464 3008
0 2488 176 2904
1592 2472 1824 3184
832 2336 1072 2592
528 2168 832 2448
1592 2080 1824 2616
0 1992 1120 3088
1000 1968 1224 2152
968 1952 1216 2176
680 1920 1664 2960
928 1856 1144 2024
0 1736 920 2248
1344 1680 1824 2352
712 1512 1216 1736
792 1472 1448 1984
0 1304 168 1592
472 1224 1152 1640
1192 1168 1824 1816
328 1120 600 1360
1656 1040 1824 1232
488 1000 1528 1608
1432 880 1824 1400
528 816 728 1032
1408 712 1672 960
1288 632 1616 832
1504 592 1824 1008
1504 432 1824 664
0 320 160 520
1176 304 1824 784
1496 256 1824 568
1624 248 1824 472
680 232 1752 1392
1392 192 1808 600
1352 184 1712 504
1512 160 1696 352
920 88 1264 472
1000 80 1248 272
1640 40 1824 208
1576 0 1824 208
1520 0 1728 256
1384 0 1672 264
1256 0 1504 216
872 0 1456 376
680 0 984 192
0 0 1024 1848
0 0 1824 1848
680 1040 1824 3208
1352 184 1824 664
0 1736 1824 4000
0 1736 1120 4000
1352 184 1824 632
680 1040 1824 3184
680 1168 1824 3184
152 2504 1824 4000
152 2800 368 3088
944 2840 1104 3040
672 2736 872 3152
744 152 984 336
1352 184 1824 600
328 0 1824 1640
512 0 1824 784
680 0 1824 784
664 3712 1104 4000
680 1680 1824 3184
792 1168 1824 2024
280 3752 576 4000
328 232 1824 1640
1424 2192 1704 2584
0 1736 1120 3088
680 232 1824 1392
1256 0 1824 472
1424 2192 1624 2488
328 1000 1528 1640
0 2488 920 4000
680 1920 1664 3136
0 2488 664 3424
0 3280 920 4000
944 2584 1536 3136
680 0 1456 376
1256 0 1696 352
1256 0 1672 264
1344 1680 1824 3184
792 1168 1824 1984
0 2496 664 3424
1592 2080 1824 3184
472 1000 1528 1640
0 0 1120 1848
416 1120 1712 1832
0 1128 1824 4000
456 0 1824 1536
904 0 1824 1400
1152 0 1824 440
664 3720 1104 4000
528 2128 952 2448
904 1784 1528 2800
1600 0 1824 208
456 0 1752 1536
416 1608 1048 1832
816 3720 1104 4000
552 2736 896 3128
0 2496 840 4000
0 2392 200 2616
1472 2288 1824 2648
528 2168 952 2448
648 2128 944 2320
1000 1952 1272 2128
944 1896 1528 2800
904 1784 1304 2032
1048 1424 1384 1608
992 1120 1712 1624
1432 768 1824 1400
488 552 1752 1536
1488 296 1800 584
1384 192 1824 560
1392 168 1824 440
1520 48 1696 248
1160 48 1464 304
1664 0 1824 208
1152 0 1600 264
904 0 1824 960
880 0 1272 288
456 0 1248 600
0 2392 840 4000
456 0 1824 960
808 1704 1328 2328
0 0 1824 2144
0 1032 1824 4000
0 0 1824 1816
808 1848 1280 2328
0 1176 1824 4000
1160 1816 1424 2280
1160 1920 1424 2280
888 0 1824 640
888 0 1808 640
224 2368 664 2672
0 1024 1824 2144
944 1024 1824 1808
0 1656 1000 2144
176 1656 1000 2144
1392 0 1824 480
0 1024 1560 1848
1120 48 1808 640
1120 48 1712 552
1136 3736 1336 4000
152 2584 464 2976
0 0 224 256
216 1872 464 2296
256 3080 1000 3840
368 3080 1000 3592
1552 3824 1824 4000
792 2776 1648 3224
928 2776 1648 3224
1136 2832 1648 3224
488 3080 1000 3592
1064 1024 1824 1808
1528 1176 1824 1720
520 3080 1000 3592
0 1648 1824 4000
704 2240 904 2432
1360 3304 1592 3528
1120 48 1424 376
1280 3640 1824 4000
1368 3640 1824 4000
1368 3640 1616 4000
0 1368 712 1816
1064 2096 1824 2832
1504 2096 1824 2784
0 2080 656 2592
0 2080 528 2592
0 2080 368 2592
0 0 1824 1592
648 3368 992 3704
1528 1328 1824 1720
712 3448 992 3704
256 3312 744 3840
800 3472 1536 4000
1320 1648 1824 2448
1320 1648 1824 2416
1320 1648 1824 2200
1320 1680 1824 2200
1320 1680 1824 2112
1320 1728 1640 2048
1424 0 1824 480
0 1960 1824 4000
168 3632 872 4000
0 1960 1824 3816
232 3344 576 3600
440 1024 1560 1816
440 1024 1528 1816
1136 2832 1440 3224
1216 296 1824 960
0 2080 368 2488
64 2104 368 2488
64 2200 368 2488
1056 944 1304 1120
992 3472 1536 4000
1016 3472 1536 3936
1016 3472 1472 3936
72 552 416 816
1216 1960 1632 2544
1216 1960 1632 2408
1064 2512 1552 2832
0 2000 1824 3816
0 2520 432 3136
0 1368 712 1792
112 1368 712 1792
552 1736 1056 2088
288 3648 872 4000
1424 0 1824 248
368 2000 888 2624
368 2000 872 2368
0 0 1672 1592
0 1008 160 1560
536 816 840 992
0 2208 1824 3816
0 2880 712 3784
328 2208 1824 3816
1408 2832 1824 3784
1504 2096 1824 2520
440 1280 1264 1816
328 2208 1576 3816
328 2208 1296 3816
880 3224 1296 3816
880 3368 1208 3816
328 2208 1280 3368
328 2208 1280 3248
16 1008 496 1576
24 1008 496 1576
24 1008 328 1576
984 3224 1296 3592
1208 2632 1824 2976
0 3024 432 3784
320 0 944 456
16 3024 432 3360
0 2520 288 3000
1216 296 1720 720
1408 2904 1824 3784
1200 3152 1576 3568
328 2208 1280 3008
328 2576 856 2976
112 1368 712 1768
0 3232 344 3784
664 1280 1264 1744
0 0 960 1160
0 552 960 1160
0 680 960 1160
0 680 808 1160
0 680 808 1136
664 1472 1088 1744
720 2208 1280 3008
720 2208 1144 3008
720 2384 1072 3008
160 176 1672 1592
160 176 1536 1592
160 176 1536 1472
1472 768 1824 1256
1472 896 1824 1256
360 176 1048 888
360 176 952 888
360 176 920 888
0 0 496 592
0 0 448 592
1264 3152 1576 3400
360 464 880 888
1376 720 1672 1120
360 464 752 888
160 368 1536 1472
0 680 624 1088
0 0 416 592
0 152 384 592
0 200 384 592
0 360 384 592
320 0 664 456
360 464 720 888
160 856 1472 1472
160 912 1344 1472
160 1080 1344 1472
496 1080 1344 1448
496 1080 920 1424
496 1144 808 1424
1016 368 1536 944
1088 368 1536 928
824 1120 1344 1448
648 1224 984 1592
520 0 944 328
920 1280 1264 1592
0 3232 296 3760
1144 496 1536 928
992 3800 1176 4000
288 3800 568 4000
1136 3784 1336 4000
800 3776 1040 4000
1368 3760 1576 4000
1280 3736 1440 4000
1016 3664 1248 3936
1512 3656 1824 3944
504 3648 872 4000
1416 3640 1616 3856
168 3632 384 4000
1184 3616 1536 3816
880 3512 1176 3816
256 3496 432 3712
48 3496 344 3784
1144 3472 1472 3704
760 3448 992 3704
1408 3424 1824 3784
1120 3408 1296 3592
944 3368 1208 3568
648 3368 832 3560
408 3368 576 3600
232 3344 504 3520
304 3312 744 3840
1360 3304 1536 3528
1200 3280 1384 3568
816 3280 1000 3592
0 3232 296 3520
984 3224 1256 3448
1408 3208 1576 3400
368 3184 576 3384
1264 3152 1520 3368
1520 3136 1800 3504
328 3104 504 3328
224 3096 432 3312
880 3080 1264 3368
520 3080 912 3448
1240 3040 1440 3224
16 3024 296 3360
688 2984 968 3248
1384 2968 1648 3216
0 2912 168 3264
1584 2904 1824 3440
792 2896 992 3120
336 2880 712 3184
1600 2832 1824 3000
1136 2832 1376 3160
136 2816 432 3136
1336 2776 1608 3096
928 2776 1288 3208
328 2744 608 3024
1064 2672 1264 2832
152 2664 384 2976
1512 2656 1824 2920
1208 2632 1544 2976
328 2624 592 2880
720 2592 1072 3008
208 2584 464 2912
864 2576 1064 2792
520 2576 856 2976
0 2560 288 3000
0 2520 176 2776
1224 2512 1552 2712
504 2496 664 2656
1224 2448 1488 2616
32 2424 192 2592
1512 2416 1824 2784
920 2400 1280 2760
792 2384 1032 2648
144 2384 392 2624
224 2368 608 2672
1504 2360 1728 2520
1264 2336 1536 2544
544 2336 888 2624
304 2312 528 2512
1344 2272 1528 2448
1072 2264 1328 2480
112 2240 368 2488
872 2208 1144 2464
1216 2176 1456 2408
1424 2168 1688 2416
88 2104 344 2304
1640 2096 1824 2408
808 2080 1280 2328
0 2080 160 2288
368 2064 768 2368
216 2016 384 2184
1160 2000 1400 2280
672 2000 872 2232
1360 1960 1632 2232
1192 1920 1424 2144
1592 1896 1792 2200
248 1872 464 2296
824 1848 1112 2160
0 1832 352 2128
552 1816 1056 2088
176 1808 712 2144
1320 1760 1584 2048
1464 1728 1640 1928
1000 1704 1328 2152
1504 1680 1824 2112
1360 1656 1544 1816
568 1656 1000 1928
384 1616 568 1792
944 1608 1184 1800
664 1560 912 1744
1528 1544 1728 1704
440 1512 776 1816
1064 1496 1272 1712
864 1472 1088 1688
88 1400 320 1576
920 1392 1168 1592
200 1368 712 1768
1608 1328 1824 1720
0 1288 160 1560
928 1280 1264 1552
1048 1256 1344 1448
648 1232 904 1560
728 1224 984 1592
488 1216 656 1408
1608 1176 1824 1360
160 1152 552 1472
1368 1144 1560 1440
496 1144 808 1320
824 1120 1160 1344
312 1112 496 1296
656 1080 920 1264
1472 1032 1696 1256
1200 1024 1824 1808
1048 1024 1528 1504
920 1008 1080 1208
24 1008 328 1408
472 1000 712 1200
592 928 808 1136
752 912 1224 1160
1592 896 1824 1248
192 896 520 1152
1376 872 1664 1120
1128 856 1472 1072
368 832 624 1088
664 816 840 992
0 816 288 1048
1016 784 1256 944
1512 768 1784 992
744 736 1016 976
1416 720 1672 928
360 696 576 888
0 680 464 952
984 648 1216 832
1288 640 1568 832
1528 584 1824 960
888 576 1048 760
88 552 416 816
680 528 880 816
1168 520 1536 696
1144 496 1456 928
1504 488 1720 720
376 464 720 760
736 448 952 656
1632 440 1808 640
88 424 384 592
336 416 648 640
1088 368 1352 568
0 360 320 584
1216 296 1600 608
1368 216 1712 552
728 208 1224 744
0 200 168 408
544 176 920 528
104 152 368 424
1296 144 1824 608
1032 128 1248 408
584 104 944 328
1440 96 1824 480
936 96 1128 320
416 80 664 456
1176 48 1424 376
1120 48 1328 272
1488 0 1824 248
1112 0 1472 224
888 0 1216 200
680 0 1008 232
320 0 568 240
112 0 416 208
0 1656 1824 4000
0 0 1824 2368
1296 144 1824 640
600 2856 776 3128
0 888 1824 2368
0 896 1824 2368
712 1656 1824 4000
0 2016 1072 4000
936 96 1248 408
64 3376 320 3584
568 1472 1272 1928
0 0 1672 1296
0 2080 1072 4000
0 0 1672 1152
1064 2672 1264 2936
992 3784 1336 4000
696 2160 904 2432
568 1472 1088 1928
680 0 1824 1592
680 0 1824 720
1112 0 1824 480
944 896 1824 2280
264 3080 600 3464
328 3080 600 3328
216 2016 528 2512
944 896 1824 2152
728 584 1824 1592
792 1656 1824 3096
176 1032 496 1296
0 2080 912 4000
48 3496 568 4000
48 3496 432 4000
712 2776 1824 4000
0 0 1016 1152
0 912 1224 2368
800 2776 1824 4000
1360 3208 1592 3528
1320 1760 1664 2072
504 2336 1072 3248
512 704 840 992
0 2080 656 2776
0 2080 608 2776
0 2080 392 2776
32 2104 392 2624
32 2104 368 2592
32 2240 368 2592
0 1480 1112 2368
0 1480 304 1840
264 2168 528 2512
0 2560 912 4000
0 3216 296 4000
520 0 1672 944
792 576 1216 832
0 0 496 760
168 3496 432 4000
0 1512 1112 2368
328 336 648 640
680 0 1720 720
888 0 1720 720
792 576 1048 784
384 1512 912 1816
0 1808 1112 2368
0 1808 1056 2368
0 0 368 760
0 912 1224 1768
496 912 1224 1320
944 1024 1824 2152
800 3664 1280 4000
800 3664 1248 4000
232 3184 576 3600
368 3184 576 3600
1440 0 1824 480
0 1000 904 1768
944 1608 1424 2152
0 552 312 760
0 3232 296 4000
0 1008 320 1576
0 0 368 584
656 912 1224 1264
816 2776 1824 4000
880 3136 1824 4000
816 2776 1824 3592
24 1000 904 1768
1608 1032 1824 1720
1000 1704 1424 2152
0 2080 176 2776
1176 48 1720 720
1368 216 1720 720
112 0 1016 1088
1216 1656 1824 2544
1216 2168 1688 2544
1216 2168 1688 2416
1280 3736 1576 4000
816 2776 1648 3592
816 2776 1520 3592
816 3224 1384 3592
816 3224 1256 3592
728 856 1528 1592
1288 584 1824 1120
1288 584 1824 992
1512 584 1824 992
0 2560 856 3360
440 1512 912 1816
1360 1656 1824 2544
0 152 368 584
0 200 320 584
0 1808 712 2144
0 2560 592 3360
0 2560 592 3136
0 424 520 1152
160 1000 904 1768
880 2776 1520 3368
880 2776 1440 3368
1360 1680 1824 2544
544 2336 1072 3248
888 0 1328 272
792 2080 1824 3096
728 208 1672 944
360 176 1016 1088
1584 2832 1824 3440
592 928 960 1136
0 2080 160 2576
360 464 1016 1088
304 3080 912 4000
880 3136 1824 3944
880 3368 1536 3816
880 3368 1472 3816
1208 2416 1824 3096
112 0 664 456
160 1152 904 1768
792 2080 1552 2760
1016 368 1672 944
1016 496 1536 944
224 2576 856 3312
792 2080 1328 2760
792 2264 1328 2760
792 2384 1280 2760
1608 1176 1824 1720
1120 2512 1552 2720
1360 1680 1824 2408
928 2776 1440 3224
1408 3136 1824 3944
1408 3424 1824 3944
304 3312 872 4000
200 1216 904 1768
1360 1680 1824 2232
1504 1680 1824 2200
360 464 1016 976
0 424 464 952
136 2624 592 3136
376 464 1016 976
1048 856 1528 1504
376 464 880 816
808 2080 1280 2464
368 1816 1056 2368
728 1120 1160 1592
200 1216 744 1768
488 1216 744 1424
544 2336 1072 3008
1208 2632 1608 3096
336 2576 856 3184
0 552 464 952
