0 0 1824 4000
1144 2216 1472 2640
928 1592 1320 1920
640 48 1016 264
1272 0 1608 232
1272 0 1512 232
1144 2280 1472 2640
0 728 1016 2888
24 728 1016 2312
952 976 1824 4000
952 976 1824 2872
1088 2520 1800 2872
1120 2576 1824 4000
1640 280 1824 520
40 2888 1240 3664
696 3304 1240 3480
640 1648 952 1984
696 1648 952 1984
928 1592 1320 1888
1224 2576 1824 2832
0 1808 704 2888
40 728 1016 2312
0 1808 672 2888
1376 2576 1824 2832
1120 2608 1824 4000
0 2320 360 2888
40 728 1016 2112
0 2504 1552 4000
952 976 1824 2600
1120 976 1824 2600
848 2800 1192 3112
1120 1272 1712 2184
1200 2608 1824 4000
280 1808 672 2560
280 2040 672 2560
40 2888 888 3664
1200 3000 1824 4000
1240 976 1824 2600
0 3664 296 3872
40 728 1000 2112
800 104 1176 528
1208 1272 1712 2184
1208 1888 1512 2184
1200 3304 1824 4000
1648 3376 1824 3720
440 2112 1008 2728
0 2504 1472 4000
0 2688 1472 4000
0 2688 1040 3320
0 2688 376 3240
640 48 1016 240
208 2744 1040 3320
40 728 984 2112
40 728 936 2112
1144 2280 1424 2640
0 2720 1472 4000
0 3536 432 4000
40 2888 888 3568
40 2888 880 3568
40 3160 880 3568
40 3160 872 3424
312 2888 792 3296
0 0 1824 2888
0 0 736 2736
504 0 1824 2888
0 960 512 2736
552 0 1824 1640
552 120 1072 960
552 232 1008 960
1448 2608 1824 3176
504 1552 1616 2888
504 2048 1616 2888
504 3320 880 3568
568 0 1824 1640
1096 1592 1320 1776
40 3224 584 3424
40 3224 584 3400
1208 3000 1824 3744
1432 976 1824 2600
0 2768 1472 4000
480 2832 1032 3136
104 3536 432 4000
720 1552 1552 2184
720 1552 1552 2056
1048 1552 1552 1984
80 2320 360 2736
856 2768 1472 3736
0 3344 472 3592
816 0 1824 1640
1608 0 1824 160
208 2768 1040 3320
568 0 1096 192
1432 1960 1824 2600
504 2048 1384 2888
40 728 848 1576
1448 2720 1712 3176
448 2216 1008 2728
504 2376 1208 2888
504 2464 1208 2888
0 0 736 992
0 0 736 952
1480 976 1824 2048
0 960 432 2736
1272 1552 1552 1808
1224 3304 1824 4000
1224 3768 1680 4000
280 2040 672 2480
0 0 400 584
0 0 280 544
0 0 224 384
816 48 1824 1640
0 3088 1440 4000
0 3088 560 3576
0 3264 560 3576
1344 1272 1712 2016
40 2952 376 3240
384 3400 1440 4000
384 3408 1440 4000
704 2464 1208 2888
704 2552 1168 2888
0 320 280 544
1432 3304 1824 3880
1208 3160 1824 3744
0 1152 432 2736
0 1152 432 2424
48 2016 432 2424
416 3408 1440 4000
0 1152 376 2216
704 2552 1104 2808
736 2048 1384 2448
1280 880 1576 1288
1480 976 1824 2016
856 2768 1392 3392
816 48 1824 1440
816 480 1224 1440
816 584 1224 1440
1432 3304 1824 3728
872 48 1824 1136
0 1632 368 2216
432 3552 1440 4000
432 3552 896 3912
1528 1960 1824 2344
1480 976 1824 1776
1576 1296 1824 1776
872 48 1824 920
0 1632 360 2216
1208 3160 1824 3688
896 904 1224 1440
1504 608 1824 1128
1024 48 1824 920
1064 48 1824 576
1104 64 1824 576
1104 64 1648 576
1024 336 1824 920
0 1152 376 1760
0 1152 376 1688
1064 48 1376 472
0 1704 240 2216
992 1208 1392 1640
1104 336 1824 920
1104 520 1568 920
1592 3792 1824 4000
1424 3776 1680 4000
1224 3768 1496 4000
0 3752 224 4000
384 3712 720 4000
640 3696 1440 4000
128 3696 296 3872
592 3688 992 3864
1440 3680 1608 3888
104 3664 376 4000
1576 3648 1824 3880
432 3648 648 3912
232 3616 392 3800
1200 3608 1504 3824
568 3552 896 3824
1304 3520 1592 3744
0 3496 392 3736
816 3480 984 3696
216 3432 472 3592
416 3408 592 3712
952 3400 1272 3904
504 3400 720 3568
632 3392 864 3632
1648 3376 1824 3632
1432 3376 1744 3728
296 3352 560 3576
0 3344 232 3512
880 3336 1192 3576
816 3336 976 3616
1624 3304 1824 3472
1032 3304 1240 3480
1208 3296 1592 3688
0 3264 360 3504
1512 3160 1824 3456
496 3160 872 3424
0 3088 224 3280
1232 3080 1512 3440
80 3056 376 3240
592 3048 1040 3320
912 3032 1472 3736
304 3032 616 3328
1376 3000 1728 3320
416 2992 632 3304
464 2984 792 3296
40 2952 344 3184
1624 2920 1824 3232
848 2912 1032 3112
312 2888 480 3104
856 2864 1152 3224
480 2840 792 3120
1448 2832 1712 3176
1336 2832 1552 3112
736 2832 1032 3136
880 2800 1192 3024
968 2768 1392 3392
208 2768 664 3072
352 2744 824 2920
1512 2720 1680 3016
0 2688 352 3048
0 2680 208 2888
888 2664 1168 2888
1224 2648 1496 2832
1376 2640 1568 2832
1560 2608 1824 2944
784 2608 1104 2808
504 2576 776 2784
704 2552 1008 2800
1176 2544 1496 2768
80 2528 296 2736
280 2504 600 2840
936 2464 1208 2760
296 2384 456 2560
872 2376 1200 2576
0 2336 184 2736
1432 2320 1824 2600
200 2320 360 2712
1160 2312 1424 2640
648 2216 816 2432
736 2152 1040 2448
1296 2144 1616 2520
280 2136 520 2480
440 2112 728 2512
992 2048 1384 2408
432 2040 672 2376
48 2032 320 2368
144 2016 432 2424
1440 2000 1680 2248
1240 1992 1576 2192
1208 1992 1464 2184
1512 1984 1704 2200
736 1960 1256 2184
952 1944 1264 2152
144 1912 368 2128
1232 1888 1512 2064
0 1880 240 2216
416 1808 664 2064
720 1776 1120 2056
1048 1760 1488 1984
696 1752 888 1984
640 1720 832 1912
256 1712 512 2040
0 1704 184 1928
1584 1656 1824 2016
104 1656 264 1896
928 1632 1216 1888
1432 1624 1712 2016
48 1584 208 1760
1272 1552 1552 1784
0 1512 160 1720
128 1464 376 1688
1592 1440 1824 1776
728 1424 1016 1752
1528 1408 1704 1584
1576 1296 1824 1576
1344 1272 1632 1696
312 1248 600 1768
1024 1232 1256 1400
1144 1216 1392 1576
992 1208 1336 1640
344 1168 592 1328
1304 1160 1600 1416
0 1152 216 1584
344 1136 936 2112
1280 1064 1576 1288
896 1016 1224 1440
1512 1000 1768 1240
528 984 984 1272
1480 976 1824 1352
1080 976 1344 1272
1504 920 1824 1128
832 912 1080 1152
984 904 1160 1144
1288 880 1472 1136
1112 856 1336 1136
1264 824 1424 1048
0 808 168 992
1392 736 1576 912
448 656 680 896
1336 624 1568 848
1536 608 1824 992
816 584 1104 1024
1024 544 1232 872
1104 520 1376 920
1304 512 1480 776
624 512 1008 960
816 480 1048 720
1248 336 1824 696
1104 328 1472 576
0 328 192 544
872 320 1160 552
40 320 280 528
1640 280 1824 496
1464 272 1672 488
1080 232 1376 472
552 232 992 696
96 224 272 416
800 216 1104 528
840 120 1072 328
1512 80 1824 408
72 72 280 232
1320 64 1648 384
1064 48 1360 320
736 48 1016 240
1280 32 1512 232
1040 0 1320 240
568 0 1016 192
0 976 1824 4000
0 0 1824 2112
1512 2656 1784 3016
0 2216 1824 4000
0 976 1824 3184
736 976 1824 2720
0 1152 776 3184
592 2928 1472 3864
736 976 1824 2600
208 2720 1192 3424
464 3384 864 3664
0 1152 672 3184
440 2040 776 2512
816 1368 1072 1600
640 1648 952 1912
0 2888 1824 4000
592 3032 1472 3864
696 3320 1024 3696
144 1944 488 2712
144 1944 488 2424
0 0 1240 2112
200 2320 456 2712
464 3384 792 3664
1304 1000 1768 1496
1504 3744 1824 4000
0 2680 352 3184
0 2688 352 3184
0 2856 344 3184
80 2216 1824 3576
0 3160 1824 4000
1384 0 1824 160
1400 0 1824 160
696 3320 1024 3616
0 0 1176 1168
0 0 1016 1168
1208 1888 1680 2248
80 2216 1800 2888
704 2312 1800 2888
1208 3160 1824 3888
0 3304 1824 4000
40 728 1240 2112
696 1424 1240 2056
696 1424 1216 2056
696 1752 1120 2056
208 2720 1072 3424
208 2720 1072 3320
352 2720 1072 2920
464 3400 720 3664
0 1152 672 2736
1592 3744 1824 4000
384 3304 1824 4000
480 2608 1824 3576
1336 2608 1824 3320
640 48 1176 328
640 48 1072 328
0 2888 792 3800
696 3320 976 3616
704 2376 1800 2888
0 1152 512 2736
416 3328 816 3712
0 2888 792 3328
1240 1992 1608 2272
0 3224 560 3800
800 0 1824 1288
800 216 1160 720
800 216 1160 552
952 0 1824 1288
1080 880 1576 1288
736 1904 1824 2600
80 2216 1008 2840
0 0 1016 952
736 48 1072 328
1376 2608 1824 3320
728 1424 1216 1888
816 464 1152 720
952 0 1824 1136
264 3160 872 3424
0 0 280 416
1024 0 1824 1136
1040 0 1472 240
384 3552 896 4000
704 2376 1200 2888
480 2768 1392 3576
880 3304 1240 3576
1048 976 1824 2016
1304 1000 1768 1416
0 0 272 416
0 3664 376 4000
1376 2832 1728 3320
936 2312 1472 2760
0 3344 392 3800
0 3496 392 3800
1200 3376 1824 4000
1200 3608 1824 4000
1224 3648 1824 4000
704 2376 1200 2808
1160 2312 1472 2640
1024 32 1824 1136
1024 32 1824 1128
144 1632 512 2128
1424 3648 1824 4000
480 2768 1392 3392
280 1808 672 2480
0 3224 560 3576
1320 64 1824 488
1528 1904 1824 2344
640 3400 1440 4000
0 808 288 1168
0 808 168 1168
0 3056 376 3280
552 232 1392 1640
1336 3376 1744 3728
280 2216 1008 2840
384 3648 720 4000
144 1712 512 2128
304 2888 792 3328
736 1960 1824 2600
304 2888 616 3328
736 1960 1256 2448
0 1152 376 2736
0 1584 320 2736
0 1152 376 1896
104 1464 376 1896
736 2768 1392 3392
312 1136 936 2112
992 2048 1824 2600
1392 608 1824 1128
280 2504 776 2840
0 1704 320 2736
816 584 1392 1640
0 1704 320 2368
832 912 1392 1640
1320 64 1824 408
816 584 1160 1144
1048 1272 1824 2016
1048 1440 1824 2016
1296 2128 1824 2600
1080 976 1576 1288
40 728 984 1576
1024 32 1824 920
1064 32 1512 576
1080 232 1472 576
1048 1624 1824 2016
1432 2128 1824 2600
1272 1272 1824 1784
832 912 1224 1440
1272 1272 1632 1784
1064 32 1512 320
1024 520 1568 920
1392 736 1592 1032
1048 1624 1712 2016
928 1640 1216 1920
392 3552 672 3904
1576 2920 1824 3248
0 1648 1456 3504
0 2648 1232 3504
0 2680 1232 3504
280 1648 1456 2728
0 2680 352 3240
0 2680 264 3112
0 2776 264 3112
280 1648 1256 2728
280 1648 952 2560
56 2944 352 3240
160 2744 1232 3504
448 2216 1256 2728
1128 2552 1824 4000
1224 2552 1824 3112
1224 2552 1824 2832
1376 2552 1824 2832
1216 2296 1456 2600
880 3336 1192 3584
416 1648 952 2064
160 2744 1048 3304
768 2832 1104 3224
768 2832 1032 3136
1128 2608 1824 4000
0 0 1824 3136
0 0 1008 3136
0 0 1008 1848
1208 2608 1824 4000
0 792 992 3136
320 2504 992 3136
0 792 472 2816
1208 3080 1824 4000
1208 3304 1824 4000
416 1688 880 2064
496 3264 1232 3504
792 3264 1232 3448
280 2032 672 2560
0 2256 416 2816
424 0 1824 1784
448 2216 1008 2648
1128 3696 1352 4000
448 2296 1008 2648
656 976 1824 3032
304 2872 496 3048
424 0 1824 1640
1208 3080 1824 3744
1376 3080 1704 3360
656 976 1824 2448
56 2944 296 3184
1216 2440 1456 2600
0 2768 1512 4000
1440 2608 1824 3168
656 976 1824 2416
320 2544 992 3136
0 2848 1256 4000
688 2088 1824 3032
1512 3304 1824 3880
0 792 472 2480
0 2848 1000 4000
424 0 1184 952
760 0 1824 1640
0 2952 1000 4000
0 1128 472 2480
1320 3160 1824 3456
0 0 392 568
1512 3304 1824 3672
1208 3592 1648 4000
464 3472 1256 4000
0 2952 1000 3848
1120 928 1624 1376
0 1584 168 2192
0 2952 640 3848
1208 3376 1592 3744
432 3376 1000 3712
0 3048 616 3848
1112 976 1824 2000
768 2088 1824 3032
800 0 1824 1272
0 3056 616 3848
0 3432 472 3848
656 1776 1424 2416
320 2544 800 3120
760 656 1312 1640
1344 1912 1824 2344
0 3056 616 3448
0 1584 168 1920
944 0 1248 320
760 656 1224 1440
800 280 1480 720
0 1128 360 1928
984 0 1824 1272
1632 3840 1824 4000
464 3744 1144 4000
320 3736 664 4000
1136 3696 1352 3912
1664 3648 1824 3944
1224 3648 1648 4000
456 3648 672 3904
64 3648 432 4000
1520 3592 1712 3880
1208 3592 1504 3840
560 3488 896 3808
0 3488 392 3848
976 3472 1256 3888
0 3432 472 3840
432 3400 656 3712
1512 3384 1792 3672
1648 3376 1824 3728
1208 3376 1448 3688
592 3376 1000 3704
264 3344 584 3584
824 3336 1072 3608
1632 3304 1824 3472
992 3288 1232 3448
496 3264 880 3504
1320 3256 1592 3456
0 3256 320 3448
192 3184 376 3368
1568 3160 1824 3456
560 3112 944 3304
1376 3088 1624 3320
1504 3080 1704 3360
272 3056 616 3392
136 3056 352 3240
0 3048 224 3280
64 3000 296 3184
504 2976 1048 3304
896 2952 1104 3224
312 2952 640 3304
1592 2920 1824 3232
848 2912 1032 3136
744 2880 992 3136
976 2848 1176 3024
160 2848 336 3104
480 2840 800 3120
1352 2832 1552 3112
1304 2816 1472 3120
0 2776 264 3048
912 2768 1512 3728
456 2752 832 2968
160 2744 576 3008
1440 2656 1728 3168
440 2648 768 2904
1376 2640 1544 2832
1576 2608 1824 2944
688 2552 960 2776
1064 2544 1376 2768
320 2544 752 2936
408 2504 672 2736
768 2464 1240 2872
0 2440 184 2736
448 2416 680 2648
1224 2296 1424 2568
528 2296 1008 2608
920 2272 1256 2552
48 2256 416 2816
504 2240 736 2432
664 2216 848 2448
672 2152 1064 2448
1304 2120 1536 2344
448 2112 688 2376
904 2088 1824 3032
1000 1968 1424 2416
1504 1944 1704 2200
1344 1920 1664 2256
1456 1912 1824 2344
1056 1776 1336 1984
656 1776 1248 2280
712 1752 880 1984
640 1688 880 1992
576 1680 760 2112
0 1672 472 2480
1304 1648 1576 1816
928 1640 1216 1912
832 1552 1208 1784
0 1536 160 1720
1112 1528 1552 1792
48 1464 360 1928
1160 1376 1496 1608
1488 1352 1672 1584
816 1232 1312 1640
1120 1144 1376 1376
0 1128 256 1592
1144 1064 1584 1560
840 1008 1200 1440
1232 976 1824 2000
1512 952 1816 1240
1352 928 1624 1216
1512 920 1824 1120
976 744 1232 928
1360 736 1576 912
760 656 1224 1032
1272 512 1488 848
984 496 1472 1272
800 464 1248 720
1640 288 1824 456
1112 280 1480 568
0 200 392 568
1016 120 1248 320
784 56 1072 336
1136 48 1648 376
1288 0 1824 984
1208 0 1376 168
944 0 1224 232
64 0 288 232
0 0 184 360
0 2608 1824 4000
0 0 1824 3168
440 2576 768 2904
0 0 1008 2888
448 1680 760 2432
320 0 1824 3168
320 976 1824 3168
448 2112 736 2432
0 2744 1232 3448
160 2744 1232 3448
640 3688 1024 3864
0 792 672 2888
1120 920 1824 1376
320 1640 1456 3136
904 976 1824 3168
1224 2552 1824 3168
1224 2552 1824 3120
640 1640 1216 1992
1504 3840 1824 4000
1224 2640 1544 2832
1240 1992 1608 2344
1304 2120 1608 2344
896 2608 1824 4000
808 1640 1216 1912
0 2256 456 2888
904 976 1824 3032
0 792 672 2576
1640 288 1824 552
0 2848 1192 4000
824 3336 1192 3608
320 1776 1456 3136
1336 3376 1608 3600
1208 0 1552 168
320 2504 1032 3136
48 2256 456 2816
0 792 672 2560
0 2848 1144 4000
0 2848 640 3304
824 3336 1160 3608
56 2848 336 3184
448 1776 1456 2872
912 2608 1824 4000
1376 2608 1824 3360
1056 976 1824 2000
912 2768 1824 4000
424 0 1824 1272
64 2848 336 3184
448 2216 1456 2872
448 2216 1376 2872
0 3648 664 4000
760 464 1584 1640
456 2552 960 2968
0 3056 1144 4000
1504 2608 1824 3360
1504 2920 1824 3360
904 1912 1824 3032
0 1128 672 2560
976 0 1824 1272
432 3112 1144 4000
912 2768 1552 3888
432 3264 1144 4000
1208 3384 1824 4000
456 3264 1144 4000
0 3648 432 4000
0 2952 640 3304
0 3048 352 3280
424 0 1648 952
1208 3384 1792 4000
1224 2296 1456 2600
1208 3592 1712 4000
1224 3592 1712 4000
456 3376 1144 4000
768 2464 1376 2872
456 3488 1144 4000
912 2768 1512 3888
456 3648 1144 4000
784 0 1648 568
760 656 1584 1640
656 1776 1424 2448
656 1776 1248 2448
816 1064 1584 1640
784 0 1224 336
976 496 1488 1272
984 496 1488 1272
480 2840 992 3136
1112 48 1648 568
608 1360 1336 2152
608 1360 1008 1904
592 3384 864 3632
0 1936 1608 3064
728 1616 968 1904
616 2576 1824 4000
1168 2576 1824 4000
1552 208 1824 488
760 1632 1336 2152
760 1760 1336 2152
760 1808 1304 2152
0 1936 1456 3064
0 1936 1456 2872
1168 2608 1824 4000
1512 2608 1824 3152
208 2752 936 3064
136 864 400 1048
0 1296 1824 4000
0 0 1824 2368
848 808 1048 1040
600 1096 1072 1712
1408 1000 1824 1440
0 1936 1208 2872
8 1936 1208 2872
392 2104 1208 2720
992 912 1824 1792
1280 1560 1480 1792
8 1936 744 2872
200 1936 744 2872
288 1936 744 2560
392 2104 976 2720
80 64 448 456
696 3168 1112 3360
1168 3080 1824 4000
264 120 1256 2184
264 120 1176 2080
264 1304 848 2080
904 2248 1208 2712
496 120 1176 1384
840 120 1176 328
0 2696 232 3040
1512 2608 1824 3048
336 1936 744 2208
1536 3408 1824 3720
496 136 1152 1384
496 136 1152 1240
496 136 928 768
496 152 880 768
496 152 880 720
0 1968 480 2576
0 2248 1800 4000
0 2760 1256 4000
680 1296 1824 2608
288 2136 680 2560
680 1296 1824 2448
0 3344 336 3664
1224 2808 1544 3160
992 912 1824 1640
904 2352 1208 2712
208 56 760 688
48 2984 360 3240
304 2248 1800 3840
0 2952 1256 4000
392 2160 976 2720
0 0 632 2368
1560 2968 1824 3264
0 592 632 2368
1168 3080 1736 4000
600 1096 992 1488
880 3336 1144 3632
1200 3080 1736 3904
1208 3080 1736 3904
1208 3368 1736 3904
0 2760 344 3280
0 1224 416 2368
0 816 264 1280
64 0 1824 1440
696 0 1824 1440
192 592 632 1320
1488 3160 1824 3512
1064 912 1824 1640
1064 1096 1424 1640
512 2248 1800 3448
904 2352 1800 3448
904 2352 1800 3024
1264 912 1824 1416
512 2248 1616 2888
512 2520 1216 2888
192 616 632 1320
616 3080 1472 3840
1264 736 1584 1048
0 0 352 1024
304 2832 1120 3840
304 2832 1120 3544
304 2872 880 3544
760 1296 1824 2448
1328 1296 1824 2016
1328 1296 1824 1824
0 3184 1256 4000
0 3336 1256 4000
104 3336 1256 4000
456 3336 1256 4000
456 2832 1120 3296
728 2832 1120 3224
0 2208 256 2576
704 2520 1216 2888
704 2560 1216 2888
704 2560 1104 2832
0 1544 416 2368
1456 0 1760 328
192 704 632 1320
192 736 632 1320
1168 3592 1728 4000
1168 3680 1728 4000
0 3664 280 4000
760 1608 1824 2448
1032 1608 1824 2448
1112 1608 1824 2448
456 3464 1256 4000
456 3464 896 4000
0 0 352 808
80 280 352 808
696 48 1824 1440
696 904 1264 1440
0 0 192 360
64 0 1120 208
64 0 760 208
736 0 1120 200
1144 1608 1824 2448
1144 1608 1520 1960
792 3464 1256 4000
840 48 1824 1280
1296 3680 1728 4000
192 840 632 1320
840 48 1824 1272
456 3464 896 3904
1296 1616 1824 2448
1296 1816 1824 2448
1296 1920 1824 2448
0 1544 320 2368
0 1544 304 2216
1328 1296 1824 1696
968 2744 1440 3448
104 3536 496 4000
1296 1920 1824 2344
840 48 1824 1136
840 48 1824 1032
1224 336 1576 936
40 3184 584 3576
1296 1920 1824 2224
848 48 1824 1032
1040 664 1480 1136
968 2912 1440 3448
1040 664 1336 1112
848 96 1824 1032
1112 96 1824 1032
1112 272 1824 1032
1112 272 1784 584
1440 496 1824 1032
1328 1392 1824 1696
1424 3832 1728 4000
1272 3800 1528 4000
488 3792 872 4000
1168 3760 1360 3992
792 3752 1136 4000
88 3752 312 3936
104 3720 496 4000
1296 3680 1496 3888
616 3680 1000 3840
88 3664 280 3880
456 3648 640 3904
1352 3592 1560 3776
232 3576 392 3800
1440 3568 1736 3904
1200 3512 1400 3792
0 3496 336 3664
968 3464 1256 3928
568 3464 896 3808
1536 3448 1792 3720
928 3424 1128 3632
1624 3408 1824 3656
432 3400 656 3840
592 3384 784 3552
1208 3368 1560 3640
0 3344 312 3584
880 3336 1144 3504
496 3312 808 3544
240 3312 584 3576
1488 3304 1760 3512
0 3264 320 3424
40 3184 376 3368
968 3104 1440 3448
1264 3080 1664 3400
824 3080 1472 3712
0 3080 160 3280
152 2984 360 3240
1608 2968 1824 3232
1408 2968 1592 3232
456 2952 848 3296
304 2952 528 3248
1096 2912 1312 3224
752 2904 1120 3224
1560 2888 1752 3152
304 2872 880 3360
472 2848 824 3144
728 2832 1024 3136
1344 2816 1544 3024
1256 2808 1544 3152
208 2768 632 3064
0 2760 344 3104
1072 2744 1352 3008
1592 2696 1824 2992
0 2696 232 3000
896 2656 1216 2888
1296 2640 1600 2824
704 2616 1104 2832
0 2576 232 2776
832 2560 1104 2760
280 2560 744 2856
512 2536 840 2752
896 2520 1128 2744
904 2456 1800 3024
992 2448 1208 2712
24 2408 224 2584
1496 2352 1712 2560
904 2352 1104 2560
392 2352 840 2720
1640 2336 1824 2608
