0 0 2448 3263
1906 1951 2448 2389
1977 1951 2448 2284
1671 1331 2448 1710
1671 1331 2278 1645
1684 1331 2278 1579
470 920 835 1175
1051 1318 1259 1521
52 326 404 554
1684 1331 2219 1579
483 920 835 1175
1977 1951 2448 2245
1977 1951 2448 2173
476 1801 2448 3263
1005 2141 2448 3263
0 0 2448 2558
1266 254 2448 1507
0 0 776 450
0 0 594 450
476 1801 2121 3263
1651 2656 1919 2944
1716 2656 1919 2813
1266 267 2448 1507
561 0 776 254
0 796 522 1605
0 796 489 1605
731 1227 1403 1710
1396 1801 1560 2088
0 1599 2448 3263
0 2232 887 3263
522 1599 2448 3042
815 2173 1834 3042
887 0 1468 476
1821 1331 2219 1507
476 2069 2121 3263
0 2284 574 3263
1684 1390 1886 1579
437 130 953 594
509 130 953 594
2115 2839 2448 3263
0 0 483 287
522 1599 2448 2865
815 2415 1677 3042
0 796 489 1481
561 0 711 254
0 1240 378 1449
933 0 1468 417
731 1246 1403 1710
476 2069 2036 3263
1188 2226 1403 2454
0 130 535 450
202 130 535 300
476 2069 1475 3263
0 1011 470 1481
1018 437 1442 881
0 1631 398 2036
815 2421 1677 3042
2115 2839 2448 3205
182 2232 887 2976
731 1286 1403 1710
1024 1338 1403 1710
117 0 483 267
2160 2839 2448 3205
1005 3074 1618 3263
0 0 2448 1396
1527 2141 2448 3263
1077 2173 1834 2996
476 2395 1246 3263
476 2395 1181 3263
1116 1599 2448 2598
1475 1599 1853 2049
1266 267 2448 1468
2095 953 2448 1468
815 2572 1253 3042
110 1207 443 1481
1266 267 2448 1155
1194 2421 1677 3022
1116 1612 2448 2598
0 763 2271 2558
731 1286 1129 1566
920 2506 2036 3237
2160 2839 2448 3153
1194 2702 1468 3022
522 1795 1527 2865
130 1821 398 2036
137 0 483 228
0 1631 208 2023
1044 2572 1253 2898
776 1938 1194 2232
437 1057 809 1396
0 0 2448 1351
1292 2702 1638 3100
0 1631 208 1951
528 1795 1527 2865
1116 1651 2448 2598
1638 2128 1997 2598
920 2650 1756 3237
2056 1207 2395 1507
248 2232 887 2976
248 2363 698 2976
1880 907 2128 1064
522 2147 874 2474
515 2395 1181 2950
58 2937 424 3263
1671 2141 2448 3263
0 1122 2167 2558
0 1494 319 1710
110 796 489 1090
1475 1599 1853 1925
0 2284 554 3263
1005 3087 1540 3263
1077 2337 1534 2996
110 855 437 1090
815 2774 1240 3042
248 2461 567 2976
248 2461 567 2839
1475 1599 1736 1886
476 2891 665 3263
1638 2506 2036 2722
2160 2878 2448 3153
1116 1651 2448 2565
1116 1710 2141 2565
1116 1860 1951 2565
1116 2036 1769 2565
1116 2049 1769 2565
1116 2245 1651 2565
1266 626 2023 1155
1938 267 2448 1057
1096 2337 1534 2904
1253 2245 1651 2461
2160 2878 2448 3146
1005 3087 1488 3263
1005 3087 1364 3263
117 1122 2167 2284
1253 2258 1560 2454
1527 3061 2095 3263
1344 0 1710 306
0 26 1449 1351
319 26 848 587
1325 0 2448 822
1625 378 2095 665
0 110 1449 1351
0 456 1351 1351
509 130 861 587
1886 2141 2448 3263
1991 2141 2448 2924
2199 2350 2448 2924
1403 2421 1677 2715
1403 2421 1671 2715
1148 2337 1534 2904
528 1958 1455 2865
124 3074 424 3263
1468 1645 1684 1814
1697 3074 2095 3263
528 2075 1090 2865
1155 2337 1534 2820
1703 1710 2141 2232
705 110 1449 587
874 274 1449 587
352 26 848 470
1703 1710 2134 2232
1201 763 2271 1534
1475 998 2271 1240
509 300 809 587
2167 953 2448 1468
2167 1077 2448 1468
1716 998 2271 1240
1716 998 2075 1240
2239 724 2448 1214
1377 0 1710 306
1416 0 1710 306
0 1011 470 1396
0 1971 744 2558
0 2160 744 2558
1991 2141 2448 2578
1201 763 1631 1534
1201 868 1631 1534
1266 1031 1631 1534
1671 2558 2212 3094
1037 1958 1455 2350
1037 1984 1455 2350
1886 2807 2330 3263
1938 2807 2330 3263
731 1292 1129 1566
652 2395 1181 2950
652 2630 933 2950
652 2787 913 2950
365 3002 554 3263
705 110 1109 535
705 124 985 535
705 241 985 535
0 2284 489 3211
0 2284 287 3211
0 2284 287 3094
0 2284 287 2963
835 1370 1129 1566
91 2160 744 2558
163 1122 2167 2056
163 1259 1501 2056
2239 789 2448 1214
528 2232 1024 2865
528 2232 1024 2709
313 2461 567 2839
104 2859 489 3126
1638 2128 1912 2598
1938 267 2376 1057
1625 0 2448 509
1625 0 2304 509
1351 1122 2167 1697
874 1612 1501 2049
776 1938 1194 2186
528 2317 1018 2709
0 456 1175 1168
1938 385 2350 1057
959 1612 1501 2023
1064 1612 1501 1919
567 1370 1096 1899
705 1527 1096 1899
1005 0 1468 339
0 456 600 972
868 913 1351 1351
1977 385 2350 1057
1266 626 1964 1155
2232 3120 2448 3263
1697 3120 1893 3263
0 3113 176 3263
1788 3074 2095 3263
1266 3074 1618 3263
365 3068 554 3263
1527 3061 1801 3263
920 3028 1429 3237
0 3015 130 3211
2160 3009 2350 3146
1886 2937 2075 3185
1586 2924 1762 3094
1292 2918 1436 3100
1938 2911 2232 3263
1024 2911 1240 3042
476 2891 665 3081
2278 2878 2448 3126
620 2865 1083 3263
1168 2859 1423 3074
620 2859 809 3133
202 2859 489 3126
104 2859 332 3113
2212 2846 2363 3035
1077 2846 1292 2996
417 2826 548 2957
1194 2820 1436 3022
2154 2807 2330 3035
26 2793 215 2963
1671 2787 2212 3094
652 2787 855 2950
815 2774 1135 2963
515 2774 691 2944
169 2774 385 2983
1057 2761 1253 2898
1697 2748 1840 2878
1148 2728 1390 2904
1403 2702 1638 2996
248 2702 476 2976
1742 2656 1919 2793
1364 2650 1756 3100
202 2643 352 2780
731 2630 933 2793
528 2624 718 2865
2245 2617 2448 2924
665 2617 842 2839
1462 2598 1625 2735
1096 2591 1240 2735
1044 2572 1253 2833
2180 2565 2330 2774
1880 2558 2147 2865
2102 2506 2337 2833
1716 2506 2036 2715
1403 2506 1586 2715
313 2461 548 2807
887 2454 1227 2820
1233 2428 1370 2578
1116 2428 1272 2565
855 2395 1181 2780
483 2363 698 2709
2199 2350 2415 2702
802 2343 1018 2532
1958 2323 2121 2578
1821 2317 1958 2454
528 2317 874 2709
979 2310 1109 2441
0 2304 156 2461
1638 2297 1873 2598
0 2284 287 2904
2278 2258 2448 2467
522 2252 731 2474
1840 2245 1997 2539
1429 2245 1651 2461
822 2232 1024 2389
626 2232 887 2434
1259 2226 1403 2434
0 2180 137 2350
1475 2173 1834 2461
659 2147 874 2310
1991 2141 2310 2578
2102 2128 2363 2284
1710 2128 1912 2421
1037 2115 1201 2350
1906 2108 2147 2389
2245 2095 2448 2271
2069 2082 2271 2245
835 2075 1090 2337
1096 2069 1475 2474
1318 2049 1769 2317
1064 2049 1272 2206
1560 2036 1729 2199
1853 1997 2160 2291
776 1991 1057 2186
1096 1984 1455 2317
607 1977 802 2128
0 1971 215 2271
1977 1964 2173 2121
1233 1958 1390 2121
1109 1958 1272 2102
2115 1951 2448 2173
992 1938 1194 2088
1494 1906 1664 2069
1703 1899 2004 2232
0 1873 163 2023
117 1867 900 2284
1703 1860 1951 2088
156 1860 398 2036
1579 1840 1801 2049
1951 1821 2141 1984
130 1821 306 1964
1462 1814 1645 1964
1396 1801 1560 1964
1325 1795 1527 2030
0 1795 169 1951
874 1775 1037 2049
1129 1769 1325 2017
1475 1756 1716 1886
1227 1749 1481 1919
1716 1729 1853 1925
959 1729 1181 2023
1827 1710 2134 1899
1481 1677 1684 1814
1938 1651 2448 1997
0 1631 208 1860
705 1618 920 1899
1684 1612 2088 1762
1064 1612 1501 1808
2160 1579 2448 1801
855 1527 1096 1827
731 1527 926 1710
1873 1514 2448 1710
0 1507 137 1710
1135 1501 1377 1703
110 1494 319 1684
1351 1481 1658 1697
1795 1416 2278 1560
0 1410 202 1605
835 1390 1031 1566
979 1370 1129 1566
567 1370 887 1736
169 1370 319 1540
1821 1357 1958 1507
1873 1331 2219 1475
1051 1318 1259 1514
110 1305 404 1481
1122 1292 1364 1429
731 1292 972 1468
933 1286 1077 1423
163 1259 926 2056
332 1253 515 1403
117 1240 378 1416
2056 1227 2239 1429
1214 1227 1383 1357
2154 1207 2395 1507
1292 1175 1631 1534
2239 1168 2448 1468
2095 1142 2245 1279
705 1135 966 1344
1501 1122 2167 1618
607 1122 809 1396
1716 1109 2030 1240
2167 1077 2323 1240
1475 1077 1788 1240
437 1057 672 1351
1370 1031 1534 1207
1266 1031 1396 1253
868 1031 1103 1305
0 1031 235 1338
2010 1024 2271 1175
2239 953 2402 1083
483 953 659 1175
620 920 835 1129
1011 913 1351 1351
176 913 372 1116
1880 907 2017 1064
313 874 522 1214
1201 868 1410 1064
110 861 300 1090
1697 835 1932 1011
2252 802 2448 1214
1051 796 1240 946
2239 789 2389 985
1266 776 1625 1083
430 744 665 894
1847 705 2023 881
430 639 1175 1168
1658 633 1827 783
1442 626 1964 1155
1847 580 2017 763
815 541 1135 731
1977 528 2323 1057
502 528 874 783
169 502 600 822
2226 483 2448 822
1018 463 1442 881
0 456 385 972
1272 437 1429 574
874 437 1037 587
1625 417 2010 665
2030 385 2350 757
1919 378 2095 567
437 365 567 502
215 365 404 554
705 339 959 535
52 326 319 476
2239 319 2448 528
509 306 770 587
2062 300 2252 470
1312 300 1625 496
678 300 809 463
992 274 1449 567
2134 267 2376 437
737 241 985 398
117 241 326 385
0 241 254 450
352 235 665 470
1325 221 1795 822
933 215 1083 417
1246 176 1429 345
202 143 450 300
691 130 861 352
365 130 535 293
789 124 959 332
913 110 1109 267
1664 97 2304 509
1416 97 1671 306
1005 65 1429 339
1344 26 1514 208
443 26 848 326
1925 0 2448 306
1625 0 1958 248
1501 0 1710 182
1096 0 1468 163
731 0 1331 176
561 0 711 189
450 0 594 130
137 0 483 221
0 0 208 287
0 0 2448 1997
0 1259 2448 3263
0 1207 515 1449
1684 1331 2441 1579
1194 2598 1625 3022
1840 1951 2448 2539
0 2141 2448 3263
0 130 450 587
1507 2017 1742 2199
1024 254 2448 1997
1671 1207 2448 1801
1671 1416 2448 1801
2102 2095 2448 2284
815 2761 1540 3263
815 2761 1253 3126
1475 2173 1834 2722
966 1958 1272 2232
0 1259 2160 2598
1795 1416 2448 1801
1873 1514 2448 1801
0 1749 169 1951
1618 2402 1756 2722
0 130 450 450
815 2774 1246 3126
522 1795 2160 2598
0 143 450 450
0 1259 1801 2284
1703 1331 2441 1560
1703 1331 2219 1514
313 874 659 1214
1703 1357 1958 1514
1096 2069 1475 2565
1044 1958 1272 2186
1475 2173 1834 2513
0 1207 443 1449
352 0 2448 894
920 3028 1540 3263
470 946 659 1175
2154 1207 2448 1514
352 0 2448 881
1024 953 2448 1997
0 2160 1560 3263
417 2826 659 3263
417 2826 639 3263
417 2826 574 3100
2212 2441 2448 3035
1951 1814 2167 1984
1168 2141 2448 3263
1266 254 2448 1468
2212 2617 2448 3035
920 3028 1429 3263
0 1305 404 1605
522 1795 2004 2474
522 1795 1534 2474
1168 2421 1919 3100
1697 2656 1919 2878
835 1377 1064 1566
0 1821 306 2023
1259 1860 2004 2461
1168 2421 1756 3100
2134 254 2448 437
1847 705 2088 1064
1847 705 2088 985
2278 2702 2448 3153
2278 2702 2448 3126
1024 1227 1383 1429
0 0 1410 1396
0 0 561 587
0 0 535 476
0 0 535 293
52 267 424 476
0 456 1410 1396
0 855 470 1396
1122 1227 1383 1429
1077 2258 1560 2996
522 2075 1090 2474
1344 0 1579 300
1168 2650 1756 3100
567 1286 1801 2186
0 2160 1253 3263
0 2160 887 3263
0 2180 554 3263
1214 2141 2448 3263
1214 2924 1801 3263
1214 3074 1618 3263
979 1795 1534 2441
1266 319 2448 1468
678 110 1109 594
678 110 1109 587
1318 1860 2004 2461
1919 300 2252 567
1344 26 1514 300
678 110 1109 535
91 2160 887 2976
182 2487 365 2696
476 2232 1253 3263
476 2617 842 3081
1168 2702 1638 3074
979 1795 1527 2441
1233 1795 1527 2121
515 2617 842 2944
1697 2911 2232 3263
1292 953 2448 1997
2056 953 2402 1429
2056 1142 2245 1429
979 1984 1455 2441
528 2232 1253 3263
0 1259 926 2284
0 1494 319 1860
1396 1756 1801 2069
2167 953 2402 1240
1847 705 2036 985
1827 998 2075 1148
1318 1860 2004 2317
1318 1899 2004 2317
659 2075 1090 2337
1638 1997 2160 2598
1475 1756 1801 2069
567 1286 1658 2186
1266 580 2017 1155
1527 2924 1801 3263
2160 3009 2448 3263
2167 3120 2448 3263
528 2232 1181 3263
1077 2728 1390 2996
1886 2911 2232 3263
1671 2141 2448 3094
1938 319 2448 1468
1991 2141 2448 2833
1475 1756 1801 2049
352 0 1795 881
352 0 1468 470
1292 1024 2448 1997
1618 1599 2448 1997
1618 1599 1853 1925
1938 319 2448 1214
2252 724 2448 1214
215 365 561 587
1671 2323 2330 3094
1716 2323 2121 2715
437 796 1410 1396
1938 319 2448 1057
1977 319 2448 1057
607 1938 1194 2186
887 2454 1253 2833
1292 1024 2271 1618
1292 1077 2167 1618
620 2343 1181 3263
1005 0 1468 345
1671 2558 2330 3094
502 221 1795 881
502 306 874 783
620 2395 1181 3263
620 2630 1083 3263
0 913 470 1396
567 1286 1658 2049
1684 1612 2448 1997
0 2793 215 3211
1671 2787 2330 3094
0 3074 424 3263
567 1286 1129 1899
0 2833 130 3211
528 2317 874 2865
1292 1077 2030 1534
1005 65 1429 345
1292 1077 1788 1534
437 796 1396 1396
0 1860 900 2284
1416 0 2448 665
1977 385 2389 1057
91 2160 744 2976
104 2859 489 3179
874 1481 1658 2049
620 2787 1083 3263
1684 1612 2134 1899
437 1057 966 1396
620 2859 1083 3263
352 0 1331 470
202 2859 489 3179
1625 0 2448 665
91 2160 744 2709
443 0 1331 326
248 2461 548 2976
868 796 1396 1351
815 221 1795 881
815 274 1449 881
815 463 1442 881
959 1729 1481 2023
959 1729 1325 2023
868 913 1396 1351
1664 0 2448 509
567 1370 1096 1827
933 1286 1129 1566
0 1867 900 2284
2102 2350 2415 2833
65 2839 404 3263
1906 2030 2160 2389
1958 1723 2167 1938
1599 1338 2448 1756
1625 1338 2448 1710
1625 1338 2226 1586
2160 2702 2448 3263
2160 2702 2448 3198
1697 1383 2448 1710
1867 1383 2448 1710
463 2643 1991 3263
0 868 574 1586
0 0 587 456
1677 1338 2226 1586
1325 972 1880 1279
1592 1031 1880 1279
1592 1031 1880 1240
946 2643 1991 3263
0 0 2448 2369
0 1540 2448 3263
1964 1951 2448 2245
855 1958 1553 2780
946 2650 1886 3263
855 2049 1553 2780
1051 1292 1364 1514
1814 1338 2226 1475
509 215 953 607
946 2650 1716 3263
1272 267 2448 1514
861 2337 1266 2963
1161 1292 1364 1514
1677 1383 1906 1586
528 1540 2448 3263
1057 2715 1455 3087
0 0 522 456
0 0 483 280
0 868 489 1586
933 0 1455 417
0 868 470 1586
0 868 443 1586
0 868 443 1481
0 2160 887 2976
0 0 770 613
52 0 770 522
287 0 770 339
0 45 522 456
0 189 385 456
1175 2715 1455 3022
1077 2337 1612 2996
685 1279 992 1494
2160 2807 2448 3198
450 0 770 287
456 0 770 287
0 868 443 1436
1853 2154 2330 2669
1853 2154 2180 2669
1266 2650 1716 3107
2160 2807 2448 3153
0 0 2239 2369
1005 1997 2448 3263
2239 737 2448 1214
0 868 404 1436
1377 2650 1716 3094
1272 267 2448 1331
1272 267 2448 1155
0 2284 665 3263
0 1423 352 2075
1272 267 2448 1090
2017 796 2448 1331
104 2774 665 3263
1201 0 2448 815
1716 1671 2010 1932
261 613 665 953
326 613 665 953
430 613 665 913
1246 0 2448 815
1325 0 2448 815
528 1540 2448 2865
528 1749 1808 2865
1077 2793 1370 2996
1005 2173 2448 3263
1403 2173 2448 3263
685 1292 959 1494
0 0 1475 2369
567 1024 2239 2232
1246 0 1736 502
1246 176 1625 502
528 1749 1697 2865
430 737 665 913
1403 2173 2023 2754
1253 1540 2448 2474
1090 2337 1612 2846
528 1827 1697 2865
587 1827 1697 2839
0 2160 744 2976
2030 313 2278 626
2069 796 2448 1331
705 97 1135 587
1403 2245 2023 2754
1142 2337 1612 2846
1142 2428 1553 2846
789 1031 1658 1612
1560 2173 1899 2572
1560 2297 1775 2572
189 2839 665 3263
1161 2428 1553 2846
1534 966 1880 1155
1005 3061 1893 3263
1266 3061 1893 3263
1586 2239 2448 3263
1586 2258 2448 3263
0 2284 287 3263
0 2284 235 3263
1684 1540 2448 1997
2239 737 2448 1135
1272 626 2128 1090
1272 626 2023 1090
528 2539 718 2865
1938 267 2448 998
1253 1736 2147 2474
1253 1808 2147 2474
1253 1808 1964 2474
567 1024 2239 1997
567 1116 2199 1997
1155 822 1383 1109
509 215 815 594
1214 2428 1553 2826
1586 2258 2448 3139
2154 2258 2448 2774
1253 2036 1775 2474
1181 1031 1658 1390
1586 2578 2330 3139
789 1148 1383 1612
0 2310 235 3263
2069 796 2395 1331
835 1148 1383 1566
705 97 1135 541
705 124 998 541
554 2141 874 2415
2173 267 2448 522
1344 0 1736 300
1214 2428 1553 2748
509 215 796 567
567 1370 1011 1919
0 2160 744 2833
731 1912 1194 2232
0 0 1253 1051
587 2049 1305 2839
1253 2069 1775 2474
0 2160 744 2598
306 2878 665 3263
855 1116 2199 1997
0 2310 235 3211
0 3100 182 3263
1005 3094 1390 3263
1645 3087 1893 3263
946 3081 1364 3263
1769 3074 2108 3263
1266 3061 1736 3263
1886 3055 2030 3185
306 3055 541 3263
1658 2963 1834 3100
65 2963 404 3263
1266 2918 1462 3107
1057 2911 1253 3087
483 2878 665 3198
1077 2846 1272 2996
189 2839 489 3074
91 2839 280 2996
1175 2820 1416 3022
2160 2807 2330 2957
0 2793 182 3211
842 2787 1037 2957
104 2774 339 2931
463 2722 1403 3263
2180 2696 2337 2833
1383 2696 1645 2950
241 2696 489 2976
1938 2689 2402 3263
1266 2663 1436 2826
1605 2656 1886 2944
1090 2656 1292 2807
1690 2643 1991 2885
1096 2604 1240 2735
150 2598 287 2813
1586 2578 2258 3139
483 2545 613 2709
528 2539 672 2715
2154 2506 2415 2774
1403 2506 1592 2754
313 2500 548 2833
1142 2493 1272 2643
1396 2454 1553 2617
861 2454 1181 2963
1214 2428 1488 2748
2082 2415 2219 2591
1560 2402 1736 2572
483 2363 698 2630
1286 2337 1612 2519
1116 2337 1266 2572
1853 2323 2128 2669
0 2310 235 2957
1638 2297 1775 2506
1103 2297 1286 2474
0 2284 176 2461
2239 2258 2448 2630
587 2258 1109 2839
1494 2245 2023 2728
2017 2239 2363 2532
1377 2239 1671 2428
2075 2232 2330 2363
711 2232 887 2389
554 2193 783 2415
1742 2173 1899 2415
1468 2173 1834 2467
221 2167 744 2598
0 2160 352 2415
1977 2154 2180 2337
711 2141 874 2284
835 2134 1011 2389
2102 2102 2448 2284
1906 2102 2160 2389
855 2056 1455 2780
881 2056 1064 2219
1286 2049 1553 2297
985 2049 1305 2350
1984 2030 2115 2160
1769 1997 2017 2245
1964 1971 2180 2121
1057 1964 1325 2206
2030 1951 2448 2245
731 1919 1024 2232
985 1912 1194 2088
1801 1860 2147 2088
1507 1840 1808 2115
0 1840 221 2075
1227 1827 1697 2134
130 1821 332 1997
1703 1808 1964 2199
1716 1775 1853 1932
1586 1749 1716 1886
1423 1749 1638 1886
1808 1736 1984 1899
1827 1671 2010 1827
1977 1645 2448 1997
705 1645 1011 1919
1455 1631 1782 1880
2160 1579 2448 1710
705 1573 926 1710
855 1566 985 1710
1684 1540 2075 1801
789 1455 979 1612
855 1436 1501 1997
1077 1429 1253 1566
1227 1423 1507 1625
13 1423 352 1951
1716 1383 1906 1514
0 1377 287 1586
567 1370 822 1736
1893 1338 2226 1475
1161 1318 1351 1514
685 1305 835 1494
104 1305 378 1481
1051 1292 1259 1501
744 1292 959 1468
221 1207 443 1351
2056 1201 2448 1514
1233 1181 1383 1357
1338 1161 1658 1390
1631 1148 1782 1279
835 1148 1259 1566
1331 1116 2199 1697
1592 1109 1788 1240
2095 1077 2343 1331
2310 1064 2448 1246
1181 1031 1396 1279
1716 1024 2239 1240
1325 972 1664 1233
450 959 620 1214
1305 926 1579 1090
0 926 404 1436
1155 881 1383 1109
287 874 489 1142
437 868 574 998
117 868 345 1090
1886 815 2128 1064
2069 796 2395 1096
2239 789 2448 1135
430 737 665 881
326 718 489 953
1847 705 2023 855
2206 691 2382 868
1651 633 1827 809
1272 626 1951 1090
470 613 659 789
1853 600 2030 744
1201 424 1436 600
0 417 130 613
1938 411 2448 998
2030 365 2173 626
437 365 685 626
874 359 1070 587
509 359 770 567
705 339 959 541
2258 319 2448 522
2134 313 2278 476
1312 300 1625 502
52 293 332 522
2173 267 2376 443
0 261 1475 2369
2304 254 2448 385
0 254 855 1051
613 215 796 476
933 202 1109 417
0 189 267 456
1246 176 1429 378
705 130 861 391
117 130 398 261
789 124 998 398
953 97 1135 267
365 45 522 293
456 26 665 287
1325 0 2448 796
1370 0 1736 300
1344 0 1514 189
1057 0 1455 332
567 0 1253 326
548 0 770 202
0 1749 2448 3263
1625 1338 2448 1729
1625 1344 2448 1729
567 0 2448 2232
1625 1344 2448 1710
1625 1344 1971 1534
2082 2415 2219 2715
261 711 620 1253
1964 1951 2448 2363
450 0 770 267
1964 1951 2448 2337
0 2056 1612 3263
985 1749 2448 3263
567 0 2448 1697
2291 1064 2448 1325
2310 1064 2448 1325
567 1292 2448 2232
