0 0 3263 2448
2702 0 3153 391
2846 0 3185 404
1514 248 2643 489
1919 489 2598 731
1560 248 2643 489
2572 0 2754 483
2572 0 2748 483
169 241 600 450
1971 829 2369 1351
2056 829 2369 1272
332 829 2095 2004
332 881 2095 2004
378 881 2095 2004
0 391 1468 633
1756 1475 3263 2036
580 1599 1018 2219
580 1599 1018 2128
2702 0 3263 946
2702 0 3263 718
332 1383 744 1573
0 2036 535 2448
0 385 3263 2448
1710 613 3263 1814
1560 306 2643 489
0 0 2598 528
979 0 1233 241
2709 450 3263 946
1756 1475 3263 1964
2957 1749 3263 1964
1710 613 2669 953
1116 1821 1318 1971
718 1175 1077 1364
0 1468 339 1710
0 1468 339 1625
1168 1286 2004 1847
0 476 731 633
0 483 574 633
848 2206 1011 2395
300 0 1233 417
0 104 1821 528
0 228 1742 528
1919 489 2598 691
561 0 2598 417
561 235 1325 417
2128 659 3263 1814
2128 757 3263 1814
0 228 1664 528
933 228 1664 456
0 0 953 437
0 0 953 372
1899 0 2363 215
718 1175 972 1364
1090 0 2598 372
1756 0 2598 365
0 1299 3263 2448
2036 0 2363 195
1710 613 2604 953
1090 0 1873 372
1090 0 1658 254
1090 0 1573 254
1906 0 2598 365
2219 0 2598 176
0 1592 672 2356
0 385 2748 2167
1227 385 2748 665
626 1984 998 2219
744 1984 998 2160
1906 163 2578 365
2128 163 2578 359
1116 228 1664 456
561 248 1214 417
0 78 430 372
2585 985 3263 1814
0 1468 339 1605
443 1299 3263 2448
2128 757 3231 1742
0 437 2056 2167
1579 548 2056 907
2709 548 3263 946
0 437 1788 2167
91 1527 750 2167
0 437 1788 1540
0 339 992 528
1756 0 2337 332
1521 1808 3263 2448
1710 613 2604 933
2585 985 3263 1553
946 796 1292 1148
541 0 1233 365
2193 757 3231 1742
2343 1534 2891 1742
215 1188 587 1377
443 1299 2474 2448
1383 1299 2069 1795
966 959 1253 1148
0 437 1762 1540
0 476 1762 1540
1579 587 1873 907
2193 757 3231 1547
2134 1214 2826 1507
326 1586 750 2167
2585 1534 2891 1742
443 1605 2474 2448
2304 1070 3231 1547
1906 189 2160 365
58 483 574 633
2317 1873 3028 2337
2415 1873 3028 2337
1756 0 2056 332
2585 985 3263 1299
2369 659 3263 1090
2369 659 2728 940
0 476 1762 1468
515 1671 750 2167
496 1605 2474 2448
1090 0 1573 241
2415 2017 2924 2337
2598 2088 2924 2291
228 1005 437 1175
718 1893 1312 2252
718 1951 1135 2252
2343 1547 2767 1684
528 1194 926 1377
659 1605 2474 2448
1188 228 1664 456
522 1259 861 1416
0 476 1729 1468
0 535 156 705
2134 1214 2683 1423
2415 2017 2669 2337
2415 2075 2669 2337
600 907 966 1109
2069 385 2748 665
2069 463 2748 665
1710 613 2604 907
946 796 1292 1037
1129 1853 1710 2278
2049 91 2337 319
2193 757 2793 1272
2193 789 2650 1272
1710 711 2271 907
1834 1808 3263 2448
718 1984 1064 2252
985 1605 2474 2448
985 1605 2421 2448
985 2082 1684 2448
1142 2082 1684 2448
1142 2141 1599 2448
0 476 1729 1286
515 1782 750 2167
2545 1958 3263 2448
2663 1958 3263 2448
2173 613 2604 750
1834 1834 2232 2258
1880 1834 2232 2147
0 339 881 528
0 476 1645 1286
561 881 1645 1286
561 881 1521 1286
561 907 1442 1286
561 907 1410 1286
561 907 1403 1286
1383 1410 1880 1795
2696 744 3263 1090
0 940 698 1468
130 940 698 1246
985 2265 1246 2448
1423 2082 1684 2239
1259 881 1521 1070
0 476 1599 1201
0 744 966 1201
0 476 1599 933
130 1037 691 1246
1756 548 2056 757
1834 1808 2728 2448
561 907 1142 1286
1475 1605 2421 2258
2252 2121 2624 2448
718 2095 998 2252
659 2297 1181 2448
1090 0 1566 221
2252 2121 2572 2448
2252 2121 2539 2369
2252 2121 2539 2350
2715 985 3263 1299
561 907 1142 1233
561 907 1109 1201
607 476 1599 933
561 1037 1077 1201
2461 1070 3231 1547
2741 1305 3231 1547
1951 1808 2728 2448
2696 1958 3263 2448
2461 1070 2820 1436
0 861 855 1201
1677 1605 2421 2023
489 476 1142 718
1951 1886 2585 2448
607 587 1599 933
1129 1893 1710 2278
3048 2317 3224 2448
2428 2317 2572 2448
1096 2317 1246 2448
2950 2310 3100 2448
2663 2310 2872 2448
2545 2310 2715 2448
881 2297 1181 2448
2121 2284 2461 2448
443 2278 718 2448
2748 2265 2957 2448
855 2258 1011 2395
1142 2239 1599 2448
3133 2226 3263 2448
1834 2226 2075 2448
718 2226 868 2363
163 2226 535 2415
2382 2212 2539 2350
1710 2199 1893 2350
2696 2154 3042 2448
2526 2154 2669 2317
3120 2147 3263 2350
1155 2141 1364 2356
496 2134 776 2356
1521 2128 1938 2448
2252 2121 2467 2304
920 2115 1214 2350
2598 2102 2767 2291
802 2095 998 2232
1423 2088 1579 2239
1201 2088 1514 2278
1834 2082 1997 2258
1514 2082 1684 2239
2415 2075 2637 2337
0 2036 339 2448
744 2023 920 2160
1044 2010 1188 2180
802 1984 998 2128
2872 1958 3263 2369
992 1951 1135 2095
1880 1906 2232 2147
1129 1893 1710 2128
1951 1886 2585 2395
2611 1873 3028 2141
548 1873 750 2167
1155 1853 1370 2030
0 1853 221 2069
3035 1834 3263 2036
1906 1834 2088 1964
2957 1814 3179 1964
2382 1808 2728 2043
1312 1801 1501 1964
946 1801 1181 1991
515 1782 659 1964
1723 1762 1997 2082
1703 1742 1873 1945
1475 1729 1919 2258
1292 1716 1573 1880
548 1671 711 1893
1925 1658 2421 2023
1168 1645 1475 1847
587 1618 1018 2128
1677 1605 2043 1821
1383 1592 1769 1795
2585 1586 2891 1742
326 1586 613 1801
2434 1547 2767 1684
2813 1501 3263 1814
1873 1475 2239 1638
1756 1475 3055 1951
0 1468 137 1605
2585 1436 2846 1618
1560 1410 1880 1618
0 1396 169 1540
378 1390 744 1573
45 1390 430 1540
2911 1357 3231 1547
2526 1312 2826 1507
2741 1305 2976 1540
1853 1299 2069 1507
228 1292 528 1468
1410 1286 2004 1690
215 1240 528 1377
2454 1233 2683 1423
1951 1227 2696 1625
2134 1214 2552 1351
2630 1194 2820 1436
450 1188 587 1344
2767 1181 3263 1553
2304 1135 2558 1279
0 1122 208 1272
130 1103 404 1246
907 1096 1142 1233
1103 1090 1403 1246
0 1083 587 1468
2461 1070 2715 1325
561 1064 1051 1201
3107 1057 3263 1279
2467 1057 2624 1194
339 1037 691 1188
757 998 972 1142
2585 992 2813 1286
2715 985 3198 1299
1971 972 2121 1351
600 972 913 1109
966 959 1142 1148
2585 940 2741 1109
489 940 698 1077
378 933 2095 2004
2976 913 3263 1077
894 907 1109 1077
0 894 528 1201
2539 887 2683 1037
1351 887 1521 1070
502 861 855 998
2193 848 2650 1272
2363 835 2545 992
274 835 567 972
1912 796 2278 953
1148 796 1292 1037
2206 789 2448 1161
2578 757 2793 1031
2696 744 3211 1090
2369 744 2637 940
456 744 966 907
1710 731 1997 907
1867 711 2271 881
1468 665 1729 868
2539 659 2728 835
2950 639 3263 946
2115 633 2669 868
607 613 1442 933
0 607 802 881
1579 587 1873 848
1083 587 1599 776
58 567 378 731
2709 548 3028 887
1756 548 2010 698
1971 489 2598 665
352 483 574 633
2487 476 2748 665
972 476 1292 613
587 476 1142 718
2722 450 2924 659
1227 411 2088 659
665 391 1468 548
2545 385 2722 522
0 385 319 528
221 339 881 502
1188 300 1664 456
169 300 580 450
561 267 1044 417
1703 248 1847 378
1116 241 1455 404
1579 235 1742 411
2297 163 2578 345
2408 124 2591 287
1129 110 1403 254
1645 104 1821 248
2918 91 3153 306
2049 91 2219 313
2957 84 3185 404
1886 84 2056 267
0 78 430 326
1573 65 1782 254
1899 26 2069 215
2846 0 3166 189
2702 0 3042 391
2219 0 2532 176
2036 0 2291 195
1756 0 1964 332
1605 0 1873 372
1305 0 1566 221
1090 0 1403 156
985 0 1233 241
541 0 992 365
0 0 953 306
0 594 3263 2448
0 78 600 450
0 0 3263 1710
0 235 2748 1710
0 0 3263 946
0 0 3263 776
926 796 1292 1148
926 796 1292 1037
1122 796 1292 1037
0 1286 3263 2448
0 1586 3263 2448
946 1286 2004 1991
2539 887 2741 1109
2572 0 3263 776
2702 0 3263 776
1096 248 2748 1031
378 594 3263 2036
1756 594 3263 2036
0 235 1664 1710
0 0 2598 411
0 1383 744 1710
0 1383 744 1625
2128 1168 2552 1351
0 235 1664 1540
1090 0 2598 411
0 0 1233 365
1096 306 2748 1031
1808 796 2278 953
2056 594 3263 1286
2056 659 3263 1286
1227 306 2748 1031
1227 306 2748 992
2526 1312 2846 1618
1756 985 3263 2036
0 1586 1573 2448
1710 2199 1893 2395
0 1383 744 1618
0 1390 744 1618
215 1188 926 1377
920 1592 3263 2448
0 235 1664 548
2056 744 3263 1286
0 241 1664 548
0 0 992 365
0 476 1599 1540
548 1618 1018 2167
0 940 855 1540
2989 1749 3263 2036
0 476 1599 1286
1090 979 1579 1161
1096 979 1579 1161
2056 789 2545 1272
1227 411 2748 992
2115 594 2722 868
221 241 1664 548
665 241 1664 548
0 940 718 1540
1756 985 3263 1951
1116 241 1664 456
1560 306 2643 522
0 1077 267 1272
1090 0 2591 372
0 1586 1181 2448
809 868 1253 998
953 1716 1573 2180
953 1716 1573 2141
953 1951 1135 2141
2297 124 2591 345
1090 0 2350 372
2193 744 3263 1286
2193 744 2813 1286
0 940 698 1540
1951 985 3263 1814
2480 1991 2774 2121
1096 1024 1468 1161
1377 228 1742 411
0 1592 1181 2448
2193 757 2813 1286
1116 1716 1573 1997
1168 1716 1573 1964
1292 1716 1573 1964
2206 789 2545 1161
1090 0 2219 372
1227 411 2748 881
920 1592 2043 2448
287 1383 613 1514
1090 0 1782 254
1351 829 1690 992
1605 0 2219 372
1886 84 2219 313
1605 0 1964 372
0 476 1599 1070
1253 881 1521 1070
1253 881 1442 1070
0 1592 672 2448
1227 411 2748 868
2173 476 2748 750
1951 1135 2891 1742
2304 1135 2728 1468
0 861 1403 1286
0 1292 528 1540
0 1390 430 1540
0 861 1109 1201
1227 411 2598 868
548 1671 750 2167
1723 1658 3263 2448
0 476 1599 972
58 483 574 731
58 548 489 731
319 2095 1181 2448
339 940 698 1188
91 1390 744 1618
2545 2245 2957 2448
2545 2310 2872 2448
215 1188 718 1377
3048 2147 3263 2448
2304 1135 2683 1423
319 2278 1181 2448
1129 0 1782 254
1129 0 1573 254
2461 985 3263 1814
1494 829 1690 992
907 1090 1403 1286
1129 110 1573 254
907 1096 1142 1286
2663 2245 2957 2448
496 2095 998 2363
718 2095 998 2363
1951 1227 2891 1742
2434 1534 2891 1742
0 861 959 1201
1723 1762 2232 2258
1723 1762 2232 2147
2715 985 3263 1814
1227 411 2088 868
920 1893 1938 2448
0 607 966 972
443 2278 1181 2448
2715 985 3263 1553
587 476 1599 933
718 2154 913 2363
1834 1658 3263 2448
1383 1592 2043 2258
0 1853 339 2448
600 907 1109 1109
443 2278 926 2448
2741 1305 3263 1814
2415 1873 3263 2448
2415 2036 3042 2448
2415 2036 2767 2337
1142 2128 1938 2448
1468 587 1873 868
1834 1658 2728 2448
0 607 802 972
2415 2036 2741 2337
587 476 1599 776
920 1893 1710 2350
1834 1886 2585 2448
1475 1605 2043 2258
1925 1658 2728 2043
2611 1873 3263 2369
1096 241 2572 522
1749 1481 3055 1951
1951 855 2826 1592
1951 1214 2826 1592
946 1403 1853 1991
992 1403 1853 1991
1109 1403 1853 1899
2702 0 3172 417
1997 855 2683 1364
2761 0 3172 417
0 0 1233 450
0 0 985 450
2865 0 3172 417
1788 1468 3263 2095
2585 1501 3263 2095
1997 1214 2154 1364
2761 0 3133 130
2767 0 3133 130
1788 1468 2846 1684
1096 241 1742 456
1116 241 1742 443
0 235 881 522
0 339 881 522
3028 1834 3263 2095
1958 1494 2846 1684
2676 0 3263 946
815 0 2676 483
1064 0 2676 483
1318 0 2676 483
430 0 3263 1553
815 202 1318 417
1318 0 2604 463
2408 0 2676 483
835 202 1318 417
835 241 1318 417
1318 0 2572 463
2056 665 3263 1553
430 0 2748 940
0 476 3263 2448
0 1338 3263 2448
0 1586 1051 2448
587 0 2748 940
587 0 2748 887
306 1338 3263 2448
430 280 881 450
2128 665 3263 1553
2369 665 2728 940
1566 0 2572 463
1631 150 1873 463
1566 0 2572 365
2128 770 3263 1553
0 476 1827 1723
2304 770 3263 1553
0 476 1827 1710
1566 0 2454 365
1318 208 1814 404
1566 0 2454 352
913 1605 3263 2448
1899 189 2160 365
1566 0 2337 352
1547 332 2572 522
835 248 1201 417
306 1338 2069 2448
306 1338 2004 2448
306 1410 1873 2448
0 1390 326 1710
2337 352 2696 515
2180 150 2454 339
515 1599 750 2173
1762 620 2611 940
0 476 1827 1658
515 1664 750 2173
731 1188 1103 1338
731 1194 1103 1338
2585 829 3263 1534
0 607 1827 1658
2278 0 2604 137
0 607 1599 1658
2252 1991 2963 2337
2415 1991 2963 2337
2415 1991 2774 2337
0 476 789 907
0 1534 319 1710
1566 0 2186 332
306 1566 1801 2448
2304 946 3263 1553
2304 1024 3263 1553
1044 607 1599 868
1344 1605 3263 2448
306 1651 1612 2448
306 2141 966 2448
0 711 1521 1658
2474 1090 3263 1553
744 1651 1612 2265
744 1827 1521 2265
1077 672 1827 1246
2950 2304 3185 2448
1566 0 2062 332
0 711 1521 1573
1116 1651 1612 1997
1116 1716 1612 1997
0 711 1521 1462
2134 1214 2826 1527
1077 946 1579 1246
0 711 1109 1462
0 907 1109 1462
1044 607 1599 776
0 711 992 1357
2474 1090 3185 1547
2474 1090 3002 1547
0 959 528 1357
0 711 992 1220
2474 1090 2807 1436
2545 2310 2722 2448
3048 2304 3185 2448
2663 2278 2957 2448
685 2258 966 2448
2056 2232 2552 2448
2526 2173 2676 2317
306 2141 868 2448
626 2128 783 2284
913 2062 1893 2448
2748 2056 2963 2193
744 2010 998 2265
2448 1977 2585 2121
3055 1964 3263 2095
3028 1834 3263 2030
1912 1834 2121 1997
946 1827 1521 2173
992 1821 1207 1991
2898 1814 3192 1984
946 1801 1175 1991
1116 1795 1325 1997
515 1775 750 2173
613 1769 1051 2226
1292 1716 1612 1880
548 1664 711 1912
1383 1651 1573 1795
0 1586 646 2448
1514 1566 1801 1821
0 1534 267 1710
1109 1521 1658 1899
2585 1501 3263 1867
2291 1494 2846 1684
104 1494 535 1658
1788 1468 2226 1605
3107 1416 3263 1553
1605 1410 1873 1612
1599 1403 1853 1566
0 1390 326 1599
1893 1364 2069 1507
2918 1357 3185 1540
1847 1338 2004 1475
215 1279 691 1573
1951 1259 2696 1592
515 1253 933 1416
2741 1240 3002 1547
2434 1233 2826 1527
1997 1233 2154 1364
2134 1214 2532 1351
2630 1194 2807 1436
920 1194 1103 1331
672 1116 1051 1299
2474 1090 2722 1325
0 1070 391 1357
2304 1024 2624 1279
1181 992 1468 1135
1442 972 1579 1109
0 972 913 1462
169 959 528 1122
887 953 1142 1148
2585 946 2741 1109
1077 946 1449 1246
2715 926 2846 1064
417 907 2121 2049
2976 900 3263 1090
0 894 489 1220
2075 855 2683 1259
2363 835 2545 1044
2585 829 3263 1468
1077 796 1521 1070
2441 789 2650 1031
2056 789 2441 959
2709 783 2839 1031
2611 770 2787 966
2696 718 2957 887
267 711 992 1057
1762 705 2271 940
1462 672 1827 992
2369 665 2715 940
1742 633 2343 809
2108 620 2611 776
2049 594 2722 881
0 580 783 907
0 574 150 724
2676 554 3211 940
0 476 789 731
2722 443 2924 665
587 411 2258 887
600 391 1468 528
1547 365 2480 522
2337 352 2578 502
1697 332 2572 463
1116 313 1742 443
835 254 1096 417
0 235 254 430
1468 208 1814 404
881 202 1077 359
2154 195 2337 352
2317 176 2454 339
1703 150 1873 365
2049 91 2186 274
2944 78 3172 417
1886 78 2062 267
979 71 1233 248
2715 0 3263 946
2865 0 3166 163
2846 0 3133 130
2702 0 3139 398
2193 0 2748 626
2506 0 2676 483
2278 0 2585 137
2219 0 2480 202
1951 0 2284 195
1566 0 1932 332
1064 0 1566 267
985 0 1116 130
0 0 979 326
2186 0 2480 202
0 0 3263 2095
0 0 2696 1710
1749 0 3263 2095
0 0 1116 450
0 907 3263 2448
417 907 2154 2049
0 1566 3263 2448
0 391 1788 1710
430 0 2696 998
1749 0 3263 2030
2049 0 3263 1259
1109 1214 2154 1899
1749 770 3263 2030
587 274 2696 998
430 0 2604 450
1605 1214 2154 1612
1605 1233 2154 1612
2702 0 3231 398
2865 0 3231 163
881 0 2604 443
430 254 1096 450
0 1566 1893 2448
515 1664 1207 2284
515 1664 1207 2226
881 0 2552 443
881 0 2454 443
2709 783 2846 1064
2506 0 2683 483
881 0 2454 404
587 411 2611 998
979 241 1742 443
1547 274 2696 522
1788 1468 2317 1618
1064 0 2454 404
0 391 1788 1462
1547 274 2578 522
1547 274 2572 522
1605 1338 2004 1612
2049 594 2728 1259
0 574 150 809
2193 0 3263 1090
1064 0 2454 365
1697 274 2572 463
2128 770 2826 1527
2128 1024 2826 1527
907 933 1788 1259
613 1769 1207 2226
2056 665 2728 1259
1064 0 2454 339
0 391 1521 1462
0 1253 691 1710
2278 0 2604 215
2585 770 2787 1109
0 476 1521 1462
2134 1024 2826 1527
1749 829 3263 2030
2715 0 3263 1090
0 391 1468 528
1749 1259 3055 1951
1893 1259 2846 1684
0 1253 691 1599
979 287 1742 443
907 946 1579 1259
2448 1977 2774 2121
2056 665 2715 1259
2363 789 2650 1044
1064 0 2389 332
1697 306 2572 463
2474 829 3263 2030
515 796 1521 1416
0 1586 998 2448
0 1279 691 1599
913 1566 1893 2448
881 71 1233 359
1742 561 2611 809
1064 0 2186 332
2474 829 3263 1867
515 1116 1051 1416
2585 829 3263 1867
0 476 1109 1462
1742 561 2369 809
1064 0 1932 332
306 2010 998 2448
2056 665 2715 959
1886 78 2186 274
0 894 1109 1462
587 411 2271 998
1462 672 2271 998
757 907 1109 1142
0 476 992 1122
2056 2036 2963 2448
2056 2036 2957 2448
0 580 992 1122
907 946 1579 1246
0 894 913 1462
2585 1194 3263 1867
946 1566 1801 2173
887 796 1521 1148
2056 2036 2767 2448
946 1716 1612 2173
2630 1194 3002 1547
1893 1259 2696 1592
1462 672 2271 992
907 946 1449 1246
0 580 992 1057
450 2258 966 2448
1932 933 2232 1312
946 1703 1364 1991
1984 1142 2650 1579
1984 1220 2448 1579
0 0 1246 437
855 241 1246 411
2904 1801 3263 2036
953 45 1742 463
953 235 1742 463
0 0 1233 437
3035 1821 3263 2036
2702 0 3263 613
424 1925 972 2278
424 1925 678 2278
424 1984 678 2278
1299 887 2088 1742
0 0 907 437
2715 0 3263 613
835 744 1188 887
0 306 953 522
137 1631 300 1847
515 1116 1207 1547
515 1227 1207 1547
979 0 2643 659
979 0 2643 502
1468 339 2643 502
979 0 2604 385
1710 0 2604 385
2056 0 2363 163
0 0 887 437
0 130 887 437
515 1331 855 1521
0 391 3263 2448
2865 0 3263 613
2343 594 2722 763
2049 0 2604 345
2088 0 2604 332
979 0 2147 332
1057 940 1259 1096
1599 705 1795 907
2115 0 3263 1214
2545 0 3263 946
1716 1057 2141 1540
979 0 2095 332
979 0 1860 254
979 0 1729 254
2715 528 3263 946
2545 0 2924 659
985 0 1729 254
985 0 1690 254
26 0 907 319
620 2030 972 2239
2715 724 3263 946
2989 0 3263 241
881 2226 1338 2448
1299 953 1977 1742
1299 1064 1977 1742
2702 91 3159 398
2715 528 3263 815
2128 1142 2650 1410
1710 91 2082 385
2735 91 3159 385
1351 776 1566 1070
2115 659 2741 1214
2271 659 2741 979
2271 724 2741 979
2545 0 2748 548
1716 1057 2004 1338
750 946 1788 1664
985 946 1788 1664
985 1031 1788 1664
1455 1194 1788 1573
985 0 1566 241
2115 848 2402 1214
1455 1194 1788 1488
0 796 3263 2448
1899 796 3263 1971
1899 1573 3048 1971
0 391 2722 1592
2865 143 3263 613
0 1292 3263 2448
587 1664 718 2062
2859 744 3263 946
1801 1057 2004 1338
0 391 2617 1592
1971 796 3263 1867
0 404 2617 1592
1468 1775 1801 2049
97 2226 940 2448
528 2265 940 2448
2271 1220 2650 1410
2284 796 3263 1867
1788 613 2617 933
0 359 881 522
2291 796 3263 1867
0 1442 3263 2448
0 1442 1253 2147
215 1442 1253 2147
215 1442 835 1938
97 2226 587 2448
326 2226 587 2448
0 1396 339 1592
613 1618 1253 2147
985 1031 1690 1664
0 404 2617 1540
0 437 2617 1540
2774 1527 3263 1867
332 1390 665 1527
672 1292 1534 2017
1899 1573 2519 1769
1155 1031 1690 1364
1958 613 2617 926
2291 796 3263 1723
2291 796 3263 1540
2585 1253 2989 1540
2787 528 3263 815
2500 1390 2833 1723
215 1442 835 1814
1742 633 2154 809
2291 796 3263 1468
2461 1658 3048 1971
0 404 1201 848
0 404 1201 652
0 476 731 652
1299 1423 1605 1742
496 1534 3263 2448
1534 1534 1958 1788
