0 0 1824 4000
0 2792 656 3304
0 1544 384 1968
984 632 1320 912
1304 792 1536 992
0 2792 656 3112
0 2808 536 3112
1560 2920 1824 4000
0 1344 1592 3504
424 2648 1440 3504
1576 1952 1824 2416
1576 1952 1824 2280
944 792 1200 1200
792 3360 1792 4000
696 1840 920 2056
1576 2016 1824 2280
0 464 712 1328
0 568 712 1328
0 1544 384 1880
0 736 712 1328
184 736 712 1304
0 1344 1592 3152
0 520 432 896
0 2064 320 2536
0 2064 320 2424
1104 3288 1304 3472
1560 2920 1824 3360
1648 2920 1824 3240
736 2648 1440 3504
736 2752 1440 3504
0 2328 320 2536
1280 2360 1824 3016
1280 2584 1824 3016
1280 2584 1680 3016
0 2288 824 3152
648 1344 1592 2472
648 1920 1592 2472
648 2048 1392 2472
1280 2672 1592 3016
0 1608 1824 4000
0 2560 616 3040
1280 1920 1592 2304
1280 1920 1592 2264
264 1984 560 2208
24 1544 384 1880
352 1120 600 1312
0 0 1824 2392
424 2856 840 3216
0 2288 752 2768
0 2288 752 2672
0 2288 712 2672
736 2840 1440 3504
736 2840 1336 3504
0 0 1824 1200
0 0 1824 976
224 0 1824 976
1352 2672 1592 2904
1176 1056 1824 1928
24 1544 384 1832
0 1184 608 1760
224 200 1824 2392
1232 1056 1824 1928
936 0 1824 976
0 2560 504 3040
224 0 1736 336
304 2480 824 3152
224 272 1824 2392
0 0 672 640
1560 3072 1808 3360
632 3680 904 4000
632 3680 872 4000
0 2320 1824 4000
0 3048 496 3424
1008 272 1648 784
224 344 1824 2392
872 1344 1360 2056
896 1344 1360 1880
24 600 472 1200
112 88 672 640
648 2208 1128 2472
1008 272 1504 784
1008 272 1504 768
1024 272 1504 768
112 88 672 544
1056 1608 1824 2752
1280 1608 1824 2752
896 200 1128 464
0 2608 304 2800
0 1784 680 2384
872 640 1720 1088
1400 0 1824 976
0 1800 680 2384
928 1480 1200 1712
1024 376 1496 768
0 2576 504 3040
896 1344 1264 1680
1288 1608 1824 2752
0 1800 624 2320
0 1800 488 2224
936 72 1448 328
936 72 1232 312
0 528 176 840
0 1192 600 1760
0 1192 328 1760
792 3440 1792 4000
872 1496 1344 2056
736 2840 1208 3504
528 1760 1144 2392
968 1680 1344 2056
1288 1608 1824 2424
1288 1616 1824 2424
584 1048 936 1400
1552 0 1824 976
1552 168 1824 976
1552 224 1824 976
0 1192 288 1464
160 3784 648 4000
872 656 1536 1088
872 656 1360 1088
0 1920 336 2224
792 3440 1776 4000
928 3440 1776 4000
1120 272 1504 432
528 1760 1144 2288
296 0 1736 336
1064 0 1736 288
224 344 1824 1952
224 1112 1056 1952
1056 2400 1504 2640
416 344 1824 1480
672 344 1056 776
672 440 896 736
528 1760 1032 2288
872 656 1280 1088
112 88 632 544
296 0 1104 336
296 0 848 304
1064 2648 1296 2880
0 2320 1816 4000
744 2320 1544 2992
744 2320 1400 2992
1160 2584 1400 2960
736 0 1104 336
0 208 448 648
224 1248 976 1952
24 600 472 1040
176 600 472 968
968 720 1280 1088
1232 1056 1824 1640
1232 1056 1648 1496
1320 1080 1648 1376
224 1280 976 1952
224 1504 512 1952
744 2320 1312 2992
752 2320 1312 2992
1480 1168 1824 1640
0 248 448 648
0 2792 1816 4000
416 456 1824 1480
416 456 1824 1368
416 456 1824 1352
176 2576 504 2920
1288 1616 1752 2424
528 1760 1032 2232
736 2840 1184 3504
736 2856 1184 3504
736 2856 1184 3400
0 3136 1072 4000
928 3576 1776 4000
416 456 1064 1208
416 456 800 1096
888 2856 1184 3192
0 3136 928 4000
728 3496 928 3752
528 1792 1008 2232
528 1792 904 2232
0 3136 920 4000
296 3504 704 3880
1576 424 1824 976
112 88 520 432
752 2424 1112 2992
752 2472 1112 2992
928 3608 1776 4000
1152 3792 1776 4000
1288 1616 1752 2136
1288 1616 1544 2104
864 2792 1816 3808
960 728 1824 1352
960 1024 1328 1352
0 3368 208 4000
864 2792 1784 3808
96 3136 920 3936
320 1280 976 1880
96 3168 912 3936
1464 1576 1752 1928
96 3168 912 3920
1008 2792 1784 3608
1040 2792 1784 3440
1056 2792 1784 3256
1056 2792 1696 3256
1056 2808 1640 3256
0 3528 208 4000
1248 728 1824 1232
1576 424 1824 824
96 3352 624 3856
1416 728 1824 1232
1040 3104 1696 3440
184 3392 624 3856
1256 0 1736 288
320 1376 856 1880
496 3168 912 3920
496 3168 912 3584
184 3496 488 3856
160 3832 408 4000
1376 3792 1776 4000
792 3784 1072 4000
360 3784 648 4000
368 3744 576 3936
168 3744 384 3952
648 3680 872 3888
272 3664 448 3856
928 3608 1240 4000
1488 3600 1672 3864
1120 3592 1304 3752
1176 3576 1576 3864
296 3568 592 3880
1608 3552 1792 3864
56 3544 248 3856
0 3528 176 3936
520 3504 704 3696
184 3496 488 3784
864 3488 1136 3808
504 3480 848 3920
1072 3472 1280 3696
1384 3440 1544 3640
200 3440 456 3600
824 3400 1072 3576
440 3392 624 3584
0 3368 160 3592
96 3352 392 3688
1008 3320 1504 3608
640 3288 912 3512
224 3256 544 3464
808 3240 1040 3504
928 3232 1144 3456
1512 3224 1816 3608
0 3200 368 3424
736 3192 1000 3400
1040 3176 1424 3400
360 3176 584 3336
496 3168 832 3584
680 3136 920 3296
1360 3104 1696 3440
0 3056 248 3304
928 3048 1096 3280
424 3048 824 3216
144 3048 496 3264
1248 3040 1440 3264
1648 3016 1824 3240
1000 2992 1184 3176
1056 2928 1368 3168
0 2928 392 3112
888 2856 1128 3192
672 2856 840 3096
1024 2848 1264 3024
0 2848 256 3040
1280 2840 1472 3016
792 2840 1024 3160
1552 2832 1784 3144
0 2824 200 3016
1304 2808 1640 3256
136 2808 536 3008
1520 2792 1696 3056
1664 2776 1824 2952
304 2736 824 3152
0 2736 216 2896
1392 2672 1592 2856
752 2640 1112 2992
176 2640 448 2920
72 2608 304 2800
1024 2576 1256 2744
200 2576 504 2752
632 2480 808 2816
752 2472 1112 2728
272 2456 704 2768
488 2432 752 2608
840 2424 1048 2632
1248 2400 1504 2640
1384 2360 1600 2600
1504 2320 1824 2752
976 2320 1312 2520
0 2296 376 2672
288 2288 712 2544
792 2208 1128 2464
640 2200 816 2392
0 2200 320 2424
1280 2184 1504 2464
888 2152 1128 2368
1488 2136 1720 2424
672 2128 896 2288
288 2072 624 2320
1344 2048 1592 2264
1096 2048 1392 2360
8 2040 232 2272
832 2008 1144 2240
640 1992 904 2232
536 1992 696 2192
104 1992 336 2224
352 1984 560 2184
1120 1944 1368 2192
1280 1920 1440 2112
896 1888 1064 2048
968 1864 1344 2056
1384 1832 1752 2136
96 1800 488 2064
1656 1792 1824 1992
528 1792 744 2120
344 1784 656 2072
832 1760 1032 1960
1464 1736 1752 1928
352 1720 512 1952
1016 1680 1264 1936
1288 1616 1528 1952
1576 1608 1824 1864
1080 1584 1360 1880
736 1584 960 1784
1472 1576 1720 1768
392 1552 624 1872
24 1544 280 1792
1376 1520 1536 1728
224 1504 440 1728
872 1496 1056 1840
1592 1448 1824 1616
1648 1384 1824 1560
992 1352 1264 1680
1480 1320 1728 1640
984 1312 1256 1480
0 1312 328 1760
1280 1288 1592 1592
640 1280 976 1664
264 1272 600 1456
520 1248 720 1552
0 1208 168 1464
776 1192 936 1400
8 1192 288 1448
1616 1168 1824 1392
1488 1168 1648 1352
960 1120 1168 1304
816 1112 1056 1384
1320 1080 1520 1376
632 1064 848 1304
0 1064 376 1328
1232 1056 1416 1496
584 1048 840 1352
1104 1024 1328 1352
944 1024 1184 1200
72 1016 280 1200
1456 1008 1664 1232
488 952 712 1304
1248 912 1456 1112
720 912 1064 1208
1624 896 1824 1232
24 832 216 1040
1056 816 1280 1088
952 792 1200 1064
792 792 1128 1096
1608 776 1824 976
544 752 784 992
416 752 784 1096
176 744 424 968
184 736 560 1184
1416 728 1744 1016
1032 696 1320 912
1528 640 1720 856
248 600 472 840
0 600 176 840
1248 584 1448 784
1640 576 1824 824
408 568 576 752
1040 560 1304 768
56 520 432 896
1384 456 1592 728
488 456 800 864
672 440 832 672
1576 424 1824 656
248 400 448 648
1024 376 1496 688
832 344 1056 776
1400 304 1648 488
440 272 632 544
0 248 312 584
1552 224 1824 432
168 216 360 432
0 208 168 368
896 200 1128 408
504 192 672 392
936 96 1200 312
112 88 432 344
1064 72 1232 264
536 72 960 536
184 16 376 264
1640 0 1824 224
1328 0 1736 248
1256 0 1512 288
1064 0 1384 232
944 0 1104 208
736 0 960 336
632 0 848 304
296 0 688 216
0 0 248 264
0 0 1824 2384
0 1496 1824 4000
0 0 1824 2320
0 2672 1824 4000
648 3664 872 3888
0 0 1056 2320
0 1496 1824 3440
640 1496 1824 3440
0 2992 1816 4000
224 0 1824 2304
0 3040 1816 4000
768 3784 1072 4000
680 1840 920 2056
488 456 1824 2304
0 1656 824 3424
352 1120 608 1320
224 0 1824 992
1032 584 1536 992
224 0 1824 824
1024 3040 1440 3264
1168 3040 1440 3264
0 3048 1816 4000
0 1800 824 3424
296 0 1824 824
1032 584 1448 944
1032 584 1448 912
1400 224 1640 432
0 1920 232 2304
0 2560 344 2800
632 1064 936 1400
1024 3472 1304 3848
0 960 344 1200
72 960 344 1200
1072 3472 1304 3752
0 0 1056 1096
0 1656 512 1952
40 1656 512 1952
168 1656 512 1952
248 1656 512 1952
56 432 576 896
1640 2672 1824 4000
640 2128 1824 3440
0 0 1056 896
896 456 1824 2304
896 1264 1360 1880
792 2752 1088 3160
488 456 1744 1384
896 1344 1200 1712
1360 2640 1592 2856
1232 456 1824 2304
1288 456 1720 856
1288 456 1592 840
1640 2672 1824 3240
984 1264 1256 1480
640 2128 904 2560
896 1344 1072 1712
0 2432 824 3424
1232 776 1824 2304
0 0 632 840
0 0 632 544
992 1352 1360 1880
896 72 1504 432
0 600 976 2320
24 600 784 1552
488 952 720 1552
640 1496 1720 3016
1640 0 1824 368
1232 776 1824 2264
640 1496 1368 2240
1648 24 1824 368
1648 2776 1824 3240
1664 2776 1824 3032
952 720 1280 1088
1056 1920 1720 3016
1424 2016 1720 2424
640 1760 1064 2232
504 72 1056 896
504 72 1056 776
1056 1920 1512 3016
1488 3584 1696 3864
0 3048 1096 4000
56 432 536 896
640 2200 904 2560
640 1888 1064 2232
896 200 1504 432
0 1800 712 2672
24 600 784 1184
184 736 784 1184
736 1496 1368 2240
736 1496 1056 1840
0 1064 976 2320
800 1888 1064 2088
1056 2048 1512 3016
952 792 1280 1088
1128 2648 1328 2840
536 72 1056 776
1608 776 1824 1392
1616 896 1824 1392
832 1680 1368 2240
264 1272 976 2320
264 1272 976 2192
1232 1056 1824 2264
0 248 448 840
1056 2048 1512 2960
1160 2584 1512 2960
0 2576 504 2920
0 2640 448 2920
864 3072 1816 4000
0 2736 824 3424
832 1864 1368 2240
1088 216 1504 432
0 1064 440 1792
752 2152 1824 3440
752 504 1008 896
24 744 424 1040
1488 2016 1720 2424
640 2200 888 2472
0 1064 440 1760
0 1064 376 1760
0 3056 368 3424
1056 2048 1504 2640
752 2152 1696 3440
272 2432 752 2768
0 248 448 688
1024 0 1824 824
1024 304 1648 768
1656 1792 1824 2168
792 2152 1312 2632
792 2152 1128 2632
792 2208 1128 2632
728 3048 1096 3752
816 728 1744 1384
816 1024 1184 1384
816 1112 1168 1384
1352 2320 1824 3144
0 2200 712 2672
1056 2184 1504 2640
1248 2184 1504 2640
296 0 1200 336
864 3176 1816 4000
928 3176 1816 3864
928 3176 1504 3608
0 3168 912 4000
736 3048 1096 3504
1352 2320 1824 3056
160 3760 904 4000
360 3760 904 4000
360 3784 768 4000
864 3488 1776 4000
936 0 1200 312
0 1064 376 1464
264 1272 976 2120
488 456 1128 1208
144 2736 824 3336
304 2736 824 3216
1288 1320 1824 2264
1152 3576 1776 4000
1352 2320 1824 2808
1384 2320 1824 2808
504 3288 912 3920
968 1864 1368 2192
736 3192 1040 3504
144 3048 584 3336
344 1784 696 2192
1288 1576 1824 2264
1384 3224 1816 3864
1104 728 1744 1376
1104 912 1664 1376
1104 912 1456 1352
0 3168 832 4000
0 3368 248 4000
0 3368 248 3936
0 3368 176 3936
1088 216 1448 400
296 0 960 336
752 2472 1696 3440
752 2472 1264 3192
888 2648 1264 3192
488 456 1064 1208
928 3176 1424 3456
1288 1576 1752 2264
1152 3576 1576 4000
320 1280 976 2120
1056 2808 1696 3440
1504 2320 1824 2808
1064 0 1824 824
1552 224 1824 824
96 3168 832 3936
1304 2808 1696 3440
272 3568 592 3936
864 3488 1240 4000
1024 2648 1264 3024
1320 1008 1664 1376
96 1800 488 2224
1288 1576 1752 2136
320 1376 856 2120
488 456 800 992
1384 1576 1752 2136
392 1552 744 2120
96 3168 832 3784
1384 1736 1752 2136
1512 3224 1816 3864
96 3352 488 3784
224 3168 832 3584
1232 1056 1592 1592
296 3568 592 3936
1416 2224 1704 2488
1112 3496 1432 3752
56 520 344 904
1024 3712 1320 3880
872 1352 1392 2408
1464 2792 1824 3256
0 0 672 456
0 2256 912 3216
376 592 568 808
872 1352 1392 2368
872 1352 1392 2112
1288 712 1536 920
0 2256 912 3048
872 1352 1376 2056
1576 1944 1824 2416
0 856 560 2272
952 208 1592 992
952 208 1592 952
976 208 1592 944
976 208 1552 944
976 208 1544 944
0 864 560 2272
0 864 560 2080
0 864 560 1888
0 864 560 1328
0 2912 424 3112
0 2272 912 3048
376 1584 744 2192
1032 208 1544 784
1584 1952 1824 2416
1248 472 1544 784
416 2856 840 3216
0 1192 448 1888
0 2272 808 3048
1536 0 1824 368
1608 0 1824 368
376 1584 680 1984
0 2616 312 2808
520 1872 744 2192
1096 2040 1392 2368
0 2272 808 3024
0 2552 616 3024
0 2672 616 3024
624 2320 912 2560
0 2816 768 3304
0 0 624 456
0 0 448 432
0 0 1824 2592
0 864 560 1200
0 1192 448 1768
872 1352 1352 2056
456 1048 840 1528
888 1624 1344 2056
0 2848 768 3304
160 192 1032 944
160 320 440 680
872 1352 1352 1928
896 1352 1352 1928
976 576 1344 944
224 0 648 232
0 0 432 328
896 1352 1104 1728
0 1656 320 1888
0 1720 320 1888
144 2848 768 3256
0 2552 608 2896
0 1400 368 1768
0 1192 448 1600
1648 0 1824 368
88 1192 448 1600
808 1624 1824 2592
1288 1624 1824 2424
808 2160 1496 2592
808 2160 1496 2512
0 0 1824 2448
304 0 648 232
304 0 624 184
1464 1512 1824 1944
1464 1608 1824 1944
0 864 560 1168
48 1552 1144 2448
256 1552 600 2184
856 3248 1072 3560
0 0 1824 1864
576 0 1480 640
384 192 1032 944
384 192 904 656
48 1792 1144 2448
48 1952 688 2384
632 1792 1144 2448
344 1552 504 1952
800 1112 1224 1472
576 0 1248 640
752 2320 1824 4000
0 3104 1184 4000
672 272 1032 944
160 384 440 680
88 1192 312 1600
96 912 560 1152
736 1664 1040 1920
1288 1624 1720 2424
0 2272 808 2760
640 1792 1144 2336
640 1792 872 2312
640 1944 872 2312
672 272 1032 760
0 248 1136 1864
784 736 1136 1240
800 1112 1184 1472
672 272 912 704
0 3104 1000 4000
1056 0 1824 1864
1288 1624 1664 2184
0 3168 960 4000
1032 208 1520 712
880 64 1248 640
896 216 1200 640
0 248 992 1864
0 248 904 1864
0 248 472 1048
264 496 904 1864
264 496 864 1488
1144 2320 1824 4000
1352 2320 1824 3336
1288 1624 1664 2136
0 248 232 904
752 2376 1688 4000
744 1192 992 1680
16 600 472 1048
1056 0 1824 1728
344 496 864 1096
104 3168 960 4000
104 3168 960 3584
1448 984 1824 1672
0 3496 528 3936
768 3136 1688 4000
752 2376 1584 3312
1256 0 1824 1000
104 3168 872 3584
360 3784 656 4000
152 3736 576 4000
928 3608 1344 4000
768 3520 1160 4000
200 3504 864 4000
88 3504 248 3688
0 3504 208 3936
1176 3496 1432 3688
48 3496 528 3824
688 3472 944 3712
200 3440 448 3600
896 3400 1072 3560
448 3392 688 3560
928 3264 1184 3432
856 3248 1040 3472
592 3240 960 3584
1144 3232 1808 4000
104 3200 576 3584
0 3200 400 3568
496 3168 872 3480
1032 3136 1688 3648
720 3104 1000 3352
0 3072 216 3304
144 2992 536 3256
1464 2912 1824 3256
1008 2856 1440 3256
504 2856 840 3216
352 2848 768 3120
0 2848 256 3048
1296 2808 1472 2984
136 2800 544 3000
1520 2792 1704 3024
0 2784 360 3024
1352 2736 1800 3336
736 2680 896 2880
608 2640 784 2816
0 2616 288 2792
160 2552 608 2840
1352 2544 1544 2712
1056 2424 1312 2592
272 2424 808 2760
1392 2320 1824 3056
0 2272 656 2672
112 2256 336 2464
1424 2224 1704 2400
0 2200 328 2424
1168 2176 1496 2512
808 2160 1248 2504
632 2160 888 2448
1448 2136 1720 2424
704 2128 872 2312
296 2072 688 2384
8 2048 200 2272
832 2016 1144 2336
1584 1952 1824 2280
48 1952 408 2240
1576 1944 1752 2152
1120 1944 1392 2112
640 1944 856 2256
768 1904 1008 2152
520 1872 744 2128
1080 1864 1344 2056
256 1840 600 2184
1328 1832 1664 2136
112 1808 320 1968
192 1800 408 2000
664 1792 840 1976
464 1776 664 1984
1464 1752 1824 1944
0 1720 200 1888
1288 1624 1528 1912
888 1624 1240 2024
1632 1608 1824 1864
1472 1608 1672 1800
376 1584 680 1880
344 1552 504 1728
1480 1512 1680 1688
1192 1504 1376 1800
0 1488 248 1768
208 1400 368 1712
104 1376 312 1600
992 1352 1352 1928
904 1352 1104 1728
1512 1320 1824 1672
384 1280 904 1864
1592 1272 1824 1528
960 1264 1184 1472
456 1264 720 1528
744 1192 992 1496
88 1192 304 1416
992 1176 1224 1384
1600 1120 1784 1368
800 1112 1024 1312
640 1072 848 1312
0 1064 408 1328
960 1056 1192 1264
1448 984 1824 1392
96 968 344 1136
264 944 712 1488
784 912 1064 1240
184 912 560 1152
1056 848 1648 1728
16 816 344 1048
952 776 1120 952
1056 752 1272 992
344 752 864 1096
792 736 1136 1072
744 672 912 944
1400 640 1592 800
976 632 1344 944
200 600 472 928
1040 576 1272 752
0 512 160 904
488 496 808 832
1368 472 1544 736
672 440 888 704
160 384 424 568
1032 376 1520 712
1656 368 1824 528
384 352 648 656
992 344 1200 640
792 344 1032 760
1352 304 1824 1000
688 272 912 544
0 248 232 568
896 216 1160 464
168 216 360 408
1088 208 1432 392
536 192 904 552
376 160 624 456
880 64 1248 312
1168 56 1480 368
1648 32 1824 368
184 32 416 264
1648 0 1824 176
1256 0 1824 432
576 0 936 320
304 0 504 184
0 0 160 232
0 0 1824 2896
0 848 1824 4000
752 848 1824 3688
0 2736 1824 4000
0 2784 1824 4000
0 2784 1808 4000
0 0 1272 2896
56 520 568 904
744 536 968 944
184 0 1824 1064
0 2784 360 3384
0 2784 360 3048
0 208 168 440
0 2792 1808 4000
0 1352 1248 2896
608 2640 896 2880
184 0 1824 1000
0 1624 1248 2896
984 3376 1200 3608
0 2984 312 3384
0 0 1272 2128
744 536 944 944
0 0 1032 1768
1576 1864 1824 2152
872 1352 1232 1752
248 528 568 808
168 216 448 472
192 288 448 472
168 496 1272 2128
584 1048 848 1352
896 1352 1232 1752
752 2232 1824 3688
264 496 1272 1880
456 1264 720 1552
752 2320 1824 3688
168 1632 744 2128
248 1656 744 2128
184 0 416 264
304 0 1824 1000
976 496 1592 944
976 600 1592 944
976 600 1528 944
992 848 1824 2744
1024 2488 1344 2744
248 1656 664 1984
248 1656 504 1952
0 3168 1808 4000
0 1808 808 2896
0 2048 808 2896
0 2200 808 2896
992 848 1824 2592
136 2792 1264 3712
136 2792 1264 3560
1056 848 1824 2336
1352 2544 1544 2752
136 2792 1264 3472
136 2792 736 3000
752 2320 1824 3648
992 1352 1704 2592
0 1624 1248 2504
48 1624 1248 2504
976 600 1368 944
0 1808 320 2080
304 0 696 456
304 0 624 456
768 1888 1064 2152
0 3072 216 3384
1376 2048 1592 2336
0 864 560 1768
640 1840 928 2312
0 864 408 1768
576 0 1824 1000
1136 2760 1472 2984
0 0 1032 1048
744 736 1272 1680
144 2848 1264 3472
720 3104 1264 3472
720 3104 1184 3472
856 3248 1184 3472
536 192 1032 760
672 344 1032 760
0 0 672 1048
160 192 672 656
384 192 672 656
0 2200 808 2840
0 2272 808 2840
144 2848 840 3256
1056 848 1824 2280
992 344 1520 752
1032 376 1520 752
304 1360 504 1728
992 1352 1496 2592
0 1064 408 1768
48 1800 888 2448
48 1800 696 2384
48 1800 696 2240
48 1800 408 2240
1056 1864 1496 2592
1080 1864 1392 2368
0 2272 656 2840
576 0 1480 464
152 2848 768 3120
808 1624 1248 2504
256 1840 696 2192
0 0 472 1048
0 0 432 904
