0 0 2448 3263
829 0 1096 176
398 2160 594 2421
0 1527 313 1782
65 2128 261 2408
1919 1455 2434 1814
0 1364 2448 3263
0 0 2448 3068
71 0 2173 1925
1723 933 1991 1573
1782 1971 2232 2441
1782 2004 2232 2441
1331 3055 1736 3263
71 0 2173 1847
1064 2454 1697 3159
1064 2454 1684 3159
776 0 1671 731
1383 2454 1697 2663
1442 2454 1697 2663
1919 1455 2363 1814
0 1527 313 1723
554 1599 1312 2271
78 1795 463 1951
691 678 1286 1325
0 1684 2448 3263
985 1808 2448 3263
985 2167 2448 3263
1932 2820 2448 3263
2049 3015 2448 3263
1109 2454 1684 3159
1207 1364 1690 2186
71 0 2173 1723
2245 3120 2448 3263
0 1684 2075 3263
1775 718 2108 998
0 0 522 1011
0 509 326 1011
1612 0 2448 1527
554 1599 1259 2271
1207 1579 1690 2186
1240 1579 1690 1984
1240 1612 1475 1984
0 776 2448 3068
0 776 2448 2950
633 2049 1573 2552
1096 2167 2448 3263
0 2846 378 3068
1501 2167 1827 2474
1827 0 2448 1527
1096 2317 2448 3263
1096 2317 2408 3263
1096 2317 1938 3263
1514 2317 1938 3166
293 1638 802 1847
1096 2611 1710 3263
1951 868 2448 1527
1906 1808 2448 2859
705 2604 1037 2780
776 0 1645 731
1827 0 2448 1181
1403 1364 1540 1677
1521 1364 2448 2095
1723 1077 1991 1573
71 0 966 907
261 0 966 907
1984 2820 2448 3218
26 1540 313 1723
1906 1808 2448 2800
731 2049 1573 2552
1410 32 1671 274
554 1671 1259 2271
554 1834 1259 2271
0 0 522 567
0 776 1860 2950
861 776 1860 1808
1044 776 1860 1808
1044 894 1860 1808
1423 894 1860 1677
1266 2611 1710 3237
1769 1077 1991 1573
691 744 1286 1325
71 0 600 496
0 0 332 567
0 926 1031 2950
0 926 254 1403
0 1148 189 1403
26 1207 189 1403
574 2735 815 2944
1514 2513 1938 3166
78 13 2173 1723
78 613 998 1723
78 613 998 1671
208 613 998 1671
554 1945 992 2271
0 1318 1031 2950
339 2304 633 2663
1906 1808 2448 2728
1410 1684 2075 2402
1658 1684 2075 2337
1109 2454 1684 3015
1867 796 2147 1168
1684 2448 2408 3263
1684 2448 2284 3263
1795 2448 2160 2800
1795 2448 2128 2689
607 13 2173 1507
1919 1455 2317 1814
776 0 1645 665
0 1468 1031 2950
65 1318 594 1756
1018 731 1357 1077
1612 0 1951 130
1827 0 2448 1090
731 2108 992 2441
1827 0 2448 1057
1521 1403 2448 2095
1521 1462 2448 2095
1521 1462 2199 2095
607 137 1938 1507
1488 1227 1860 1677
78 1011 411 1566
110 1011 306 1253
65 1377 594 1756
1886 0 2448 528
1886 0 2448 404
1906 1873 2448 2728
0 2258 1560 3263
378 2578 744 2780
391 2696 672 2944
1886 1638 2448 2017
1951 1873 2448 2728
691 744 1286 1259
1684 2767 2284 3263
1044 1279 1534 1808
776 0 1357 665
0 45 332 567
0 143 319 567
97 0 600 496
104 2049 698 2950
1096 3100 1403 3263
372 2376 633 2663
0 2258 1396 3263
0 2598 1259 3263
0 2924 456 3263
776 0 1318 665
776 241 1246 665
953 241 1246 580
2193 0 2448 189
1951 1899 2448 2728
607 137 1938 1168
848 2049 1573 2552
261 1429 594 1756
1514 1227 1860 1677
1827 430 2343 1057
554 1945 992 2141
1958 2572 2160 2800
208 613 998 1586
208 613 763 1586
208 613 763 1135
0 1468 1031 2147
607 137 1938 1070
607 385 1938 1070
822 385 1938 1070
0 45 332 391
1423 13 2173 652
221 953 763 1586
718 1227 998 1573
143 2049 698 2950
522 2258 1396 2683
652 2258 1396 2683
0 313 319 567
705 2604 887 2780
580 1468 1031 1951
1521 1488 1893 2095
848 2049 1312 2552
221 1044 763 1586
1886 19 2448 404
1886 19 2278 404
1886 1638 2252 2017
1579 1488 1893 1912
946 0 1318 476
1997 1899 2448 2728
691 822 1286 1259
0 1586 456 1827
1658 1684 2075 2193
1951 868 2421 1507
1207 1756 1618 2186
842 2421 1396 2683
900 2049 1312 2552
1077 385 1938 1070
1658 1762 2030 2193
1077 483 1938 1070
718 137 985 580
143 2049 528 2950
189 2049 528 2950
522 2284 835 2683
261 0 868 907
1964 1749 2252 2017
2121 52 2448 372
97 39 600 496
620 1051 998 1429
404 2598 1259 3263
763 2598 1259 3263
887 2598 1259 3263
1827 580 2343 1057
1534 1227 1860 1501
0 1762 750 2147
39 1847 750 2147
280 1847 750 2108
404 2683 992 3263
887 2598 1259 2996
261 313 835 907
822 548 1142 809
221 1044 711 1586
1227 0 1645 267
1266 2735 1631 3237
1077 489 1938 1070
1194 489 1938 1070
1423 130 2173 652
1423 130 2075 652
1423 137 2075 652
1423 235 2075 652
1292 489 1938 1070
1331 489 1938 894
1423 894 1834 1383
404 2813 992 3263
404 2924 789 3263
1997 1899 2448 2434
235 39 600 496
208 613 567 1135
1331 489 1710 894
718 3133 946 3263
1096 3107 1292 3263
1227 3100 1403 3263
1684 3061 1977 3263
2297 3042 2428 3179
274 3022 437 3192
2049 3015 2271 3263
1188 3009 1331 3159
1932 2996 2141 3263
0 2996 313 3263
1109 2989 1240 3126
509 2970 789 3263
887 2963 1148 3263
763 2963 946 3198
0 2931 254 3068
404 2924 567 3198
228 2924 456 3081
1984 2872 2448 3218
0 2852 182 2989
208 2846 378 3042
1723 2839 1938 3015
2291 2820 2448 3055
528 2813 992 3113
574 2787 711 2944
1749 2767 2284 3133
1266 2767 1547 3237
391 2761 639 2944
2128 2754 2408 2885
1873 2754 2030 2911
1253 2748 1534 2937
1455 2735 1631 2931
470 2696 672 2839
705 2683 966 2898
1958 2669 2160 2800
1109 2663 1449 3015
2199 2643 2337 2800
1090 2643 1259 2780
2095 2624 2226 2859
2284 2617 2448 2846
1540 2611 1710 2754
378 2611 587 2774
1886 2604 2023 2793
887 2598 1194 2996
561 2578 744 2780
1958 2572 2134 2741
0 2539 267 2963
1514 2513 1919 3166
430 2467 633 2663
842 2461 998 2669
1938 2454 2128 2643
1253 2454 1684 2774
1795 2448 1991 2689
600 2448 835 2683
189 2448 470 2950
926 2421 1396 2683
143 2389 339 2572
848 2376 1005 2526
372 2376 561 2545
2186 2363 2448 2728
1906 2363 2049 2500
2284 2356 2448 2611
2036 2337 2245 2532
1534 2317 1925 2611
1338 2317 1560 2506
1214 2317 1370 2461
339 2304 574 2467
2030 2291 2206 2461
1651 2291 1827 2434
522 2284 724 2513
1181 2265 1357 2402
130 2265 261 2408
900 2258 1272 2552
652 2258 913 2656
731 2239 926 2441
1997 2206 2448 2434
1501 2167 1775 2474
2173 2160 2363 2297
1325 2160 1494 2356
398 2160 541 2369
1951 2154 2226 2369
65 2128 202 2408
2049 2121 2232 2252
104 2115 326 2317
796 2108 992 2350
1410 2075 1703 2402
940 2075 1142 2304
633 2062 920 2271
1246 2056 1573 2323
0 2056 182 2669
1070 2049 1312 2304
456 2049 698 2350
215 2049 528 2474
1808 2004 2232 2441
2186 1991 2441 2226
1103 1991 1286 2128
842 1991 1116 2128
737 1977 874 2108
2023 1971 2180 2102
554 1971 770 2141
2212 1899 2448 2212
1729 1893 2075 2337
39 1886 378 2147
1782 1867 1958 2036
1658 1860 1886 2193
1521 1853 1742 2095
280 1853 489 2036
1416 1847 1618 2102
698 1847 900 1977
430 1847 750 2108
966 1834 1259 2036
1964 1821 2180 2017
2193 1808 2389 2056
78 1801 378 1951
1742 1762 2030 1991
0 1762 235 2075
1207 1756 1501 2186
2049 1749 2252 1912
580 1742 1031 1951
1462 1703 1651 1886
2232 1697 2448 1880
1886 1684 2075 1899
874 1671 1155 1919
1155 1664 1312 1893
0 1658 345 1827
1579 1651 1847 1912
1886 1638 2075 1814
430 1638 802 1847
1103 1625 1259 1788
1286 1612 1475 1840
2199 1605 2434 1762
254 1586 456 1788
1455 1579 1690 1801
1919 1553 2291 1814
261 1547 580 1756
150 1540 313 1703
946 1534 1090 1703
855 1527 992 1736
2284 1488 2448 1742
1742 1488 1893 1710
1514 1475 1736 1677
607 1468 972 1808
1840 1462 2199 1729
2069 1455 2317 1664
1044 1449 1325 1808
737 1442 894 1573
202 1436 567 1723
345 1429 594 1684
2056 1403 2206 1547
613 1396 763 1527
861 1377 1122 1631
65 1377 319 1586
2102 1364 2297 1540
1403 1364 1540 1671
378 1364 652 1671
1534 1344 1788 1501
228 1318 372 1488
1488 1312 1645 1455
2278 1305 2448 1527
254 1299 411 1475
1951 1279 2128 1507
1286 1279 1534 1716
26 1272 176 1403
946 1233 1129 1383
1631 1227 1860 1449
718 1227 998 1514
339 1207 711 1586
2271 1181 2448 1338
78 1175 411 1566
0 1148 182 1383
1357 1142 1494 1351
1423 1129 1658 1383
620 1122 900 1429
1037 1096 1233 1325
1769 1077 1991 1494
1958 1070 2095 1246
822 1051 998 1312
221 1044 691 1331
110 1037 254 1253
1338 1031 1514 1168
2232 1024 2448 1181
528 1018 861 1201
940 1011 1390 1507
1468 1005 1690 1161
705 998 900 1142
574 992 744 1122
1318 953 1468 1083
522 953 685 1090
0 926 254 1188
2304 913 2448 1090
1540 894 1834 1364
1867 881 2030 1168
926 881 1286 1259
1964 868 2421 1468
1292 861 1710 1070
1181 842 1357 1077
450 842 763 1018
2004 822 2180 1037
691 822 1064 1168
221 809 378 1005
1932 796 2147 1018
2212 789 2448 979
959 783 1116 953
672 783 815 933
1664 776 1814 972
235 770 567 1135
802 744 1018 926
1018 731 1233 972
1775 718 2108 920
2271 678 2448 868
489 672 835 907
202 672 378 802
1383 665 1710 894
2095 652 2343 1057
208 613 515 783
926 594 1142 809
1827 580 2180 802
1077 561 1292 848
1194 554 1403 913
822 548 1031 763
1560 535 1742 737
1664 528 1938 829
946 502 1201 731
1331 489 1599 874
607 476 848 737
2030 430 2180 639
2134 417 2448 731
1756 404 2075 652
71 398 319 548
1338 385 1468 567
1181 385 1442 541
1573 378 1795 613
744 378 972 580
776 359 1057 665
261 313 731 750
0 313 156 567
71 306 241 456
2199 287 2448 463
443 287 607 443
1096 248 1318 476
953 241 1246 515
1423 235 1945 496
1253 235 1540 463
1886 208 2173 509
2252 202 2448 372
235 195 489 496
52 150 332 391
1860 137 2062 372
718 137 985 424
1762 130 1938 345
2069 110 2278 404
1468 110 1671 274
1638 97 1775 306
1168 58 1357 254
2310 52 2448 189
2121 52 2448 235
97 45 417 339
0 45 293 208
365 39 600 378
1410 32 1625 176
1886 19 2160 228
1684 13 1958 228
2193 0 2448 137
1906 0 2069 150
1612 0 1801 130
1364 0 1645 176
1227 0 1540 267
946 0 1286 313
829 0 1037 176
711 0 966 221
437 0 868 424
78 0 319 156
0 0 1051 3263
202 0 2448 3263
489 0 2448 2611
202 2226 2448 3263
0 0 1031 3263
0 1540 313 1782
78 1436 802 1951
489 476 2075 2611
672 0 2448 2461
672 0 2330 913
1664 0 2448 2461
1037 1631 1312 1893
378 2226 2448 3263
1083 1631 1312 1893
489 476 1710 2271
1064 2872 1383 3159
1064 2872 1331 3159
1064 2872 1240 3126
202 1436 802 1925
0 0 319 156
202 1436 802 1847
1612 0 2239 150
1906 0 2239 150
378 2258 2448 3263
900 894 2075 2611
900 894 1958 2611
2056 1364 2434 1547
711 0 2330 913
496 2226 724 2513
711 0 2278 913
900 894 1925 2611
1429 391 1710 580
1083 1631 1292 1840
1932 2996 2448 3263
1932 2996 2428 3263
1932 2996 2369 3263
1932 2996 2271 3263
1240 1312 1645 1984
1240 1364 1540 1984
0 0 868 1671
2023 1873 2239 2102
1181 2160 1494 2461
1181 2265 1370 2461
1664 718 2180 1573
1286 1142 1494 1396
0 0 868 1651
1383 2454 1710 2989
1906 2337 2448 2859
522 2226 724 2513
1814 1638 2075 1899
1886 1638 2075 1899
378 2578 1037 2780
378 2578 887 2780
1729 0 2448 2461
1442 2454 1710 2989
554 1449 1325 2271
946 1449 1325 1808
2056 1364 2297 1547
0 1318 1031 3263
1664 718 2180 1246
1775 718 2180 1246
1455 2611 1710 2989
489 476 1710 1736
613 1227 998 1736
391 2258 2448 3263
1096 2448 2448 3263
718 1227 998 1736
1867 796 2180 1246
0 2056 633 3263
2271 1181 2448 1527
1462 1703 1742 2095
254 1299 652 1671
0 926 332 1651
0 926 332 1573
0 1272 176 1573
1867 796 2147 1246
0 1318 1031 2474
228 1318 594 1756
2036 2337 2448 2859
0 926 332 1383
189 1011 332 1246
554 1945 1116 2271
1455 2611 1710 2931
1762 933 1991 1573
2030 313 2239 639
2049 1991 2441 2252
228 1318 594 1684
0 926 254 1383
0 0 868 1586
0 1377 1031 2474
208 613 515 809
1729 868 2448 2461
1331 2448 2448 3263
1729 1455 2448 2461
1729 1488 2448 2461
1723 2754 2030 3015
776 248 1383 731
0 2056 470 3263
1521 97 1938 345
1521 97 1775 326
1964 1488 2448 2017
1964 1605 2448 2017
2199 1605 2448 1880
1762 933 1991 1494
456 2049 992 2441
489 476 1710 1631
737 1442 992 1736
489 476 1357 1429
822 548 1357 1077
900 1756 1925 2611
1338 2075 1925 2611
1338 2317 1925 2611
776 248 1318 731
489 476 1286 1429
574 926 842 1122
2036 2337 2448 2728
1886 0 2448 463
2199 202 2448 463
554 1971 1116 2271
1886 2604 2160 2800
78 842 861 1586
1840 868 2421 1729
861 861 1710 1631
940 861 1710 1507
0 0 868 1135
1886 0 2448 235
1886 19 2448 235
1729 1762 2448 2461
1729 1762 2075 2337
0 1468 1031 2474
391 2258 1684 3263
391 2683 1148 3263
78 953 861 1586
78 1018 861 1586
391 2683 992 3263
1018 561 1357 1077
1286 894 1893 2193
1984 2754 2448 3218
2128 2754 2448 3055
391 2696 992 3263
711 0 1671 580
711 0 1286 580
711 0 1286 313
1168 0 1671 567
1168 0 1671 274
1808 1808 2448 2461
1827 417 2448 1090
456 2049 744 2350
1331 2448 2284 3263
1227 0 1671 274
0 1377 456 1827
0 143 156 567
1253 235 1540 567
900 1756 1618 2552
600 2258 1684 3237
718 137 1246 580
1951 1808 2448 2461
600 2258 1396 2996
600 2258 1396 2683
600 2258 998 2683
600 2258 913 2683
633 1991 1116 2271
776 248 1318 665
776 359 1246 665
718 137 1246 515
78 1044 711 1586
1795 2448 2134 2741
1827 417 2448 1057
1423 894 1893 2193
1951 1808 2448 2434
1109 2454 1684 3237
1194 13 2278 913
1423 894 1860 1449
718 2963 1148 3263
763 2963 1148 3263
391 2761 992 3263
1246 1847 1618 2323
620 822 1286 1429
0 2056 470 3068
0 2056 267 3068
1292 861 1710 1168
1455 1344 1893 2193
0 1762 750 2474
104 1847 750 2474
0 1762 489 2147
0 509 567 1135
1997 1808 2448 2434
2193 1808 2448 2212
1109 2663 1547 3237
0 2056 267 2963
1664 13 2278 829
1664 13 2173 829
1684 13 2062 372
1455 1344 1893 1912
1331 2513 2284 3263
1331 3055 1977 3263
1194 235 1945 913
1194 378 1795 913
900 1756 1501 2552
489 476 1018 926
489 476 848 907
1455 1344 1788 1801
1514 1344 1788 1677
1664 208 2173 829
0 2996 437 3263
215 1847 750 2474
235 0 868 750
1756 208 2173 652
1194 489 1742 913
39 1853 489 2147
1514 2513 2284 3166
235 39 731 750
509 2813 992 3263
1194 489 1710 913
1729 2030 2356 2395
2043 3015 2271 3263
2284 3042 2448 3263
58 2062 261 2428
0 1507 313 1782
0 1703 2448 3263
91 0 2180 1899
567 1599 1312 2265
91 0 2180 1840
567 1599 1292 2265
1103 2474 1684 3159
450 1638 672 1834
691 0 1782 1338
567 1631 1292 2265
600 1977 940 2265
1442 770 1840 1370
2284 2297 2448 2611
1442 815 1840 1370
0 0 463 979
0 2088 2448 3263
2062 0 2278 163
0 2088 1671 3263
1240 2474 1684 2924
0 705 1168 3068
985 2102 2448 3263
815 0 1782 796
815 0 1782 672
724 0 2448 2558
1742 992 1991 1573
2284 2297 2448 2519
0 705 1077 3068
0 705 1024 3068
985 2102 2395 3263
985 2102 2284 3263
985 2389 2284 3263
0 2095 1671 3263
91 1142 574 1840
313 1553 574 1840
1501 2102 1925 2474
567 1631 1292 2128
1031 1677 1292 1951
1664 1703 2448 2859
691 678 1272 1338
691 744 1272 1338
117 0 2180 1690
633 2082 940 2265
0 0 463 652
1742 1077 1991 1573
985 2904 1423 3263
0 705 594 1801
1860 2859 2448 3263
1501 2186 1925 2474
1867 796 2147 1175
0 0 417 652
0 0 417 561
548 1253 835 1586
1299 2545 1684 2924
1037 1266 1540 1867
1037 1325 1540 1867
1214 1325 1540 1723
1037 1618 1259 1867
567 1631 1286 2128
567 1631 1266 2128
2284 3120 2448 3263
0 1592 313 1782
724 1468 1736 2558
1116 1468 1736 2278
0 705 594 1788
691 744 1272 1325
691 744 1272 1259
0 1468 1024 3068
0 1468 1024 2989
561 2617 815 2944
1103 2663 1462 3159
1233 1325 1540 1723
2102 2859 2448 3263
815 0 1697 672
815 0 1645 672
2102 2859 2448 3146
143 404 326 652
0 2226 1403 3263
548 1325 835 1586
0 1468 1024 2663
1416 0 2448 2128
724 2043 1364 2558
1664 1703 2448 2369
1664 1703 2448 2226
1416 1240 2448 2128
2049 1383 2448 1547
0 809 594 1788
1299 2095 1671 2643
1886 0 2448 1566
1664 1703 2448 2219
1919 1553 2186 1814
1880 2219 2448 2859
0 809 567 1788
815 0 1645 659
659 2780 946 3198
0 913 567 1788
2134 2735 2395 2885
0 0 332 561
1501 2186 1834 2441
567 1873 1266 2128
718 1873 1266 2082
1416 1240 2448 2088
985 3002 1423 3263
1912 0 2448 1566
117 0 1716 1690
940 528 1716 1507
985 528 1716 1507
117 0 1024 1690
1240 2474 1638 2774
946 0 2180 972
0 2226 1357 3263
1880 2219 2441 2859
1847 2454 2160 2911
1664 1703 2167 2154
705 2780 946 3198
1880 2219 2441 2728
1847 2454 2160 2793
1847 2454 2134 2748
757 744 1272 1259
1416 1240 2252 2088
117 39 502 744
215 0 1024 1690
1847 2454 2128 2722
0 1468 1024 2578
0 1658 809 2578
946 0 1645 398
496 2226 966 2813
215 0 1024 1573
1168 2180 1364 2421
1416 1240 2252 1932
1416 1240 2199 1808
1416 1240 2199 1729
215 0 1024 1527
215 0 966 1527
744 372 1024 783
724 2043 1272 2558
1168 0 1645 248
1416 1240 1938 1729
117 39 502 620
972 0 2180 972
972 215 1932 972
0 2454 1357 3263
652 2454 1357 3263
1912 2219 2441 2728
1684 0 2180 456
705 2480 966 2813
496 2226 887 2735
724 2043 1207 2526
215 300 874 1527
313 300 802 1077
698 1051 1005 1573
117 39 502 411
117 84 443 411
815 254 1240 659
65 1821 809 2578
972 385 1481 972
1912 587 2448 1566
0 2950 757 3263
2173 3113 2317 3263
652 3100 946 3263
985 3068 1227 3263
1188 3015 1331 3159
1860 3002 2141 3263
1201 3002 1423 3263
0 2983 528 3263
1932 2970 2154 3179
378 2950 757 3263
0 2931 169 3068
248 2924 424 3094
2102 2872 2448 3146
2291 2859 2448 3048
528 2807 737 3061
705 2793 946 3198
110 2787 411 3068
1299 2748 1514 2924
1077 2741 1233 2957
2226 2735 2395 2885
1893 2728 2141 2911
411 2696 646 2970
1103 2663 1462 3022
561 2617 770 2833
378 2617 607 2774
1488 2545 1684 2780
528 2539 731 2767
2082 2513 2337 2859
822 2480 966 2722
1919 2454 2128 2722
809 2454 1357 3263
626 2421 887 2735
1286 2389 2284 3263
332 2389 665 2663
2304 2382 2448 2611
2154 2369 2415 2728
1860 2369 2095 2539
1299 2337 1592 2643
1501 2317 1697 2722
2062 2304 2232 2454
1645 2278 1834 2421
130 2271 261 2408
685 2258 900 2656
894 2245 1272 2558
1168 2232 1357 2421
1880 2226 2036 2408
496 2226 750 2467
1912 2219 2441 2552
1762 2193 1893 2376
724 2193 1005 2526
1501 2186 1762 2441
1207 2180 1364 2317
2030 2121 2232 2265
0 2115 424 2989
1410 2095 1671 2408
633 2095 842 2265
776 2082 940 2219
58 2062 202 2428
71 2049 698 2578
802 2043 1207 2317
1116 1991 1286 2128
600 1977 874 2141
567 1971 770 2128
1808 1873 2167 2134
933 1873 1266 2082
2036 1840 2180 2017
65 1821 809 2317
2128 1808 2448 2219
78 1795 398 1951
1631 1782 1775 1964
1958 1749 2252 1932
1664 1703 2062 2154
1808 1703 1951 1834
1031 1703 1194 1951
313 1690 574 1840
2147 1677 2291 1808
1155 1677 1292 1899
0 1658 319 2082
1481 1651 1840 2088
874 1631 1057 1919
1886 1625 2102 1808
1064 1618 1259 1814
0 1618 221 1782
2023 1605 2186 1814
855 1605 992 1775
1919 1553 2075 1749
352 1553 554 1697
1116 1547 1690 2278
874 1521 1077 1703
2186 1488 2448 2056
1729 1488 1938 1729
1514 1468 1736 1677
528 1468 1024 1951
2069 1449 2363 1664
404 1442 626 1690
1044 1429 1325 1808
2049 1403 2271 1547
1873 1403 2199 1703
861 1377 1168 1671
718 1370 920 1573
1233 1325 1455 1723
607 1325 835 1586
221 1318 594 1729
1207 1246 1475 1377
1416 1240 1860 1507
940 1240 1070 1410
0 1194 567 1788
91 1142 404 1573
698 1051 1005 1436
574 1044 815 1227
124 1011 319 1188
783 946 1031 1168
1416 933 1573 1077
2173 920 2343 1070
953 920 1272 1259
0 913 254 1227
985 907 1514 1507
868 887 1064 1044
1867 881 2017 1175
1507 868 1710 1077
1951 861 2448 1566
2297 829 2448 972
1494 802 1703 1064
1207 789 1338 933
