0 0 1824 4000
392 344 1432 824
672 2784 1728 3136
1072 3400 1528 3872
600 344 1432 824
0 16 936 328
840 3240 1824 4000
840 3256 1560 4000
840 3312 1440 4000
840 3456 1248 4000
776 1552 1088 1800
1112 3752 1824 4000
616 528 1824 1784
128 664 344 1280
0 0 1824 1352
0 0 1824 1144
0 208 1120 400
832 2784 1728 2944
0 640 1824 4000
528 2312 1824 3088
0 456 1008 1352
256 456 1008 1352
552 2312 1824 3088
0 2472 536 3056
0 2472 464 3056
0 16 920 288
552 2424 1824 3088
680 0 1824 1144
888 0 1824 1144
888 24 1824 1144
1264 3400 1528 3832
888 56 1824 1144
888 56 1824 1064
1520 56 1824 552
1520 56 1824 384
888 120 1824 1064
552 2424 1824 3048
552 2448 1824 3048
552 2448 1680 3048
552 2448 864 3048
1072 1400 1824 2352
280 528 1008 1352
736 2496 1680 2832
1272 2496 1680 2784
0 2704 256 3056
0 2704 256 3016
0 1008 1824 4000
136 3824 432 4000
560 3632 960 4000
0 640 1184 1952
440 640 1184 1488
888 120 1824 992
888 120 1824 864
280 648 784 1248
1520 2312 1824 2584
1584 936 1808 1144
680 0 1192 272
32 360 824 584
168 2480 536 2744
168 2480 456 2664
0 1600 1040 2120
200 16 920 264
0 520 384 1104
736 2928 1296 3224
856 2928 1296 3224
1120 120 1824 864
0 3544 336 3848
1208 3752 1824 4000
1392 3768 1824 4000
512 640 1184 1464
736 640 1184 1168
1392 2096 1824 2432
1392 2096 1680 2344
1208 2064 1512 2304
1224 320 1824 864
1072 1528 1824 2352
1088 1528 1824 2352
1088 1528 1552 2104
736 640 1184 1152
296 648 784 1128
1320 320 1824 848
0 992 1040 1952
1320 384 1824 848
0 1008 1824 2616
0 736 216 1104
0 2600 1824 4000
0 2728 1824 4000
512 1104 992 1464
0 2064 216 2376
0 2792 1824 4000
432 2344 1032 2616
0 2792 1824 3944
168 3056 448 3296
1360 1800 1824 2352
1360 1888 1824 2352
1560 2120 1824 2352
80 1448 1040 1952
48 1696 1040 2120
408 1760 1040 2120
0 1008 1824 2560
672 1008 1824 2216
0 1960 1696 2560
296 3144 696 3336
264 1112 680 1440
408 1800 1040 2120
80 1448 1040 1808
0 2472 464 3024
1088 1304 1824 2080
672 1008 1392 2216
1472 680 1824 992
0 3776 232 4000
328 1448 1040 1808
816 2864 1824 3664
816 2872 1824 3664
0 2792 1000 3944
672 1008 1392 2032
1128 1528 1552 2032
1088 1304 1824 1888
1392 1560 1824 1888
0 1792 792 2272
48 1888 792 2272
816 3168 1568 3664
304 1960 1696 2560
304 1960 1472 2560
672 1008 1392 1680
936 1008 1392 1432
208 2136 656 2336
928 3168 1200 3368
1088 1304 1680 1736
0 2184 384 2520
312 1960 1472 2560
1496 2872 1824 3280
1504 2872 1824 3192
0 2792 904 3944
384 528 1008 1352
0 2792 904 3728
152 2792 904 3728
496 3112 904 3728
152 2792 688 3192
408 1800 920 2112
0 3240 480 3944
1024 3168 1568 3456
696 1960 1472 2496
432 656 1008 1352
16 3240 480 3944
496 3216 904 3728
312 2240 800 2560
432 792 1008 1352
320 2792 688 3192
920 2080 1472 2496
56 3432 480 3944
1088 1304 1680 1664
1392 1624 1824 1888
496 3216 904 3712
560 3832 864 4000
1568 3800 1824 4000
1472 3768 1824 3976
840 3672 1072 4000
528 3664 704 3864
616 3632 960 3888
840 3624 1072 3896
0 3616 224 3808
0 3600 288 3848
1344 3544 1528 3800
496 3528 688 3728
320 3520 656 4000
1072 3464 1344 3872
1008 3456 1248 4000
56 3440 312 3616
104 3432 480 3944
816 3416 1216 3664
512 3408 904 3712
400 3392 576 3616
864 3344 1088 3512
1152 3312 1440 3592
272 3312 464 3520
1400 3256 1560 3584
1024 3248 1408 3456
1464 3240 1824 3760
400 3240 608 3448
16 3240 384 3520
496 3216 848 3480
1264 3168 1568 3368
720 3152 1032 3528
296 3144 520 3336
1496 3112 1824 3280
1232 3096 1544 3264
0 3072 272 3552
280 3056 448 3216
1504 3032 1824 3192
856 2928 1216 3224
0 2928 232 3176
152 2920 384 3160
416 2912 584 3208
1080 2904 1648 3264
672 2880 1176 3136
656 2880 1144 3088
1552 2872 1824 3088
512 2832 688 3192
72 2824 256 3016
320 2792 624 3112
832 2784 1616 2944
552 2640 864 3048
1272 2600 1464 2784
376 2600 608 2800
736 2584 1384 2832
168 2576 464 3024
304 2560 536 2744
1392 2544 1824 2792
0 2472 328 2872
576 2448 840 2728
696 2440 1032 2680
712 2424 1480 2744
432 2424 656 2616
1520 2312 1824 2488
312 2304 624 2560
1552 2272 1824 2432
120 2256 384 2520
472 2240 800 2496
920 2232 1424 2496
304 2216 640 2400
0 2184 264 2480
1560 2160 1736 2352
208 2160 472 2336
1296 2144 1512 2304
0 2112 160 2376
1392 2096 1560 2280
88 2088 400 2256
1024 2080 1472 2368
1624 2024 1824 2232
984 2016 1200 2216
160 2008 448 2176
696 1960 1120 2424
1088 1904 1424 2104
1360 1888 1656 2280
816 1880 1040 2120
592 1816 920 2112
1568 1808 1824 2080
408 1800 688 2048
0 1792 240 2224
1352 1760 1552 2032
352 1760 600 1920
624 1728 976 1952
872 1712 1080 1904
48 1696 560 1944
1616 1656 1824 1880
1392 1656 1560 1816
968 1648 1192 2032
1392 1624 1696 1888
1272 1568 1544 1736
80 1568 368 1752
856 1552 1088 1800
1128 1528 1464 1984
1072 1528 1264 1824
1624 1424 1824 1784
1088 1400 1360 1592
672 1344 1120 1680
1256 1304 1680 1664
1168 1248 1392 1440
512 1184 960 1464
344 1184 680 1440
1240 1152 1496 1344
936 1120 1240 1432
1080 1008 1392 1344
280 1008 512 1248
912 1000 1120 1168
0 992 496 1672
432 984 936 1352
0 936 216 1168
560 896 784 1128
128 832 296 1280
848 808 1184 1152
640 792 1008 1192
1472 680 1824 960
992 664 1824 1528
472 656 832 928
1648 648 1824 808
296 648 640 1080
736 640 960 896
880 592 1144 776
760 560 1288 944
616 528 1824 1552
384 528 760 816
1224 472 1536 864
256 456 680 824
32 400 376 584
1328 384 1824 848
0 384 440 592
600 376 880 568
720 344 1432 824
888 224 1400 536
1624 208 1824 384
1120 120 1720 552
1520 56 1824 320
776 16 936 272
200 16 920 216
1208 0 1616 248
904 0 1208 280
680 0 1136 272
0 0 1432 944
0 0 1824 3176
0 2312 1824 4000
600 344 1432 944
840 3304 1528 4000
0 0 1120 400
0 0 936 328
0 0 936 288
552 2640 1144 3088
128 456 680 1280
1072 3304 1528 3872
0 360 824 3176
0 384 656 3176
48 0 1824 2616
0 0 920 288
1112 3240 1824 4000
616 0 1824 1784
1608 1424 1824 1784
576 2312 1824 2944
400 3392 688 3728
1088 1672 1424 2160
1088 1672 1424 2104
1072 3312 1528 3872
48 528 1824 2616
280 528 1496 1952
48 1304 1824 2616
576 2312 1824 2832
680 0 1256 280
680 0 1208 280
576 2344 1824 2832
1392 2024 1824 2432
168 2912 696 3520
272 2912 696 3520
272 3144 696 3520
1624 2024 1824 2304
672 2880 1296 3216
832 2784 1824 2944
280 528 1392 1952
1072 3312 1440 3872
0 2704 232 3176
888 0 1824 992
296 528 1392 1952
616 2344 1824 2832
0 3544 360 4000
672 2880 1176 3216
0 384 656 3024
0 384 440 1168
1400 3240 1824 3760
720 2856 1824 3528
376 1368 960 1624
376 1368 696 1624
0 384 440 1104
1072 3400 1416 3872
0 3544 336 4000
0 3600 288 4000
1456 2240 1824 2432
1472 3768 1824 4000
888 56 1824 992
576 2440 1032 2728
1272 1480 1560 1816
744 1304 1824 2352
744 1680 1080 1904
328 1000 1392 1952
0 992 656 3024
72 2088 656 3024
88 2088 656 2520
72 2480 608 3024
968 1304 1824 2352
296 528 1184 1464
72 2560 608 3024
48 1696 1696 2616
48 1696 600 1944
968 1648 1200 2216
712 2424 1824 2832
1072 1304 1824 2352
360 2600 608 2920
720 2864 1824 3528
1272 1480 1560 1736
88 2088 656 2336
0 2792 1216 4000
72 2560 536 3024
1120 56 1824 992
928 2864 1824 3456
48 1888 1696 2616
328 1000 1392 1808
48 1888 1120 2616
312 2240 800 2616
1024 2864 1824 3456
0 992 496 2872
0 2112 328 2872
152 2792 1216 3888
152 2792 808 3232
280 2792 808 3232
400 3216 1216 3888
1120 56 1824 960
920 2080 1696 2504
1024 2080 1512 2368
72 2576 464 3024
1072 1528 1736 2352
280 2792 688 3216
920 2232 1696 2504
1072 1528 1552 2032
736 2544 1824 2832
1352 2544 1824 2832
1360 1888 1736 2352
0 3072 656 4000
0 3072 384 3616
496 3216 1216 3888
0 992 496 2224
0 1600 240 2224
296 528 1008 1464
384 528 960 896
0 2184 328 2872
1080 2864 1824 3280
296 648 1008 1464
0 3072 384 3552
104 3432 656 4000
328 1000 1240 1808
280 2792 624 3216
1120 56 1824 864
912 1000 1240 1432
1080 2864 1648 3264
1256 1304 1824 2080
48 1888 1120 2424
1120 56 1824 848
496 3216 1216 3712
296 648 1008 1352
328 1344 1120 1808
1120 56 1824 552
1392 1624 1824 2080
936 3336 1472 4000
616 528 1824 1632
0 288 1344 704
0 320 1344 704
840 3672 1016 4000
0 0 1824 1304
648 456 1824 1304
0 360 1824 4000
0 0 1824 1280
1104 3232 1824 4000
1304 3232 1824 3776
32 520 512 1256
0 360 824 1168
0 360 824 1016
960 648 1824 1528
0 360 824 592
0 544 1824 4000
232 520 512 1200
0 0 1136 296
0 456 808 1016
0 520 464 1016
640 2424 1824 3040
1104 3720 1824 4000
1152 3768 1824 4000
264 544 1496 1440
288 544 1496 1440
1152 952 1496 1440
0 784 208 1016
136 0 1824 1280
136 112 896 288
592 0 1824 1280
592 0 1208 328
720 552 1824 1304
0 1096 1824 4000
520 1408 1824 2584
1024 0 1824 1280
1440 0 1824 552
264 2112 816 2336
264 2112 696 2336
528 2424 936 2880
552 2424 936 2688
672 2424 1824 2848
288 544 1336 1344
288 544 1208 1344
768 1408 1824 2584
1024 0 1824 1040
776 1408 1824 2584
1424 3248 1824 3776
0 992 496 1760
1584 936 1824 1280
776 1432 1824 2584
776 1528 1824 2584
776 1560 1104 1800
1056 1528 1824 2584
320 3256 576 3616
0 3480 1000 4000
0 3528 1000 4000
136 3528 1000 4000
136 3528 920 4000
640 2664 1696 3040
640 2664 1664 3040
1056 1528 1824 2488
672 2424 1496 2800
296 544 1208 1344
168 360 824 552
504 3528 816 3800
1152 3784 1712 4000
1152 3784 1680 4000
296 544 1008 1344
264 2112 656 2336
264 2112 544 2336
0 2064 216 2384
0 2112 176 2384
0 1096 1824 3944
0 2600 1824 3944
1056 1528 1824 2352
1056 1528 1632 2320
288 984 664 1176
0 2400 600 3016
0 2664 1824 3944
904 2872 1344 3280
0 2400 600 3000
0 1096 1824 2608
344 1096 1824 2608
1520 2872 1824 3120
1056 1536 1632 2320
1056 1536 1544 2072
1200 1128 1496 1440
344 1096 1824 2504
344 1096 1824 2040
904 2872 1344 3232
0 1608 896 2112
0 1608 832 2112
0 1608 576 1952
616 1792 1712 2504
1096 1096 1824 2040
1024 0 1824 984
344 1096 1208 1936
344 1104 1208 1936
1128 1536 1544 2024
1248 1880 1632 2320
0 2088 600 2592
1096 1160 1824 2040
0 1608 440 1952
136 3656 920 4000
0 2920 616 3944
0 2920 616 3840
656 1792 1456 2400
0 2088 504 2592
344 2664 1824 3760
0 2920 616 3568
1096 1160 1824 1888
616 2192 1712 2504
344 2728 1216 3760
656 1880 1456 2400
896 2664 1824 3456
1248 1160 1824 1888
1312 1160 1824 1888
0 2184 504 2592
512 1104 1208 1680
0 2928 616 3568
520 3128 1216 3760
136 3728 832 4000
1312 1528 1824 1888
264 3808 440 3976
136 3736 656 4000
632 3728 832 4000
704 3656 920 3920
0 3576 336 3888
80 3536 440 3944
504 3528 688 3800
0 3456 184 3648
512 3424 888 3696
800 3416 1216 3760
936 3384 1328 4000
272 3344 608 3840
1256 3336 1472 3832
1424 3264 1736 3776
32 3264 384 3560
320 3256 544 3464
1464 3248 1824 3760
424 3232 616 3416
1232 3168 1568 3376
168 3152 408 3424
520 3128 1088 3528
1504 3056 1824 3272
0 2928 456 3568
304 2920 472 3152
696 2904 1088 3152
904 2888 1304 3232
1520 2872 1824 3032
488 2840 912 3192
56 2776 336 3016
344 2728 696 3296
640 2696 1664 3040
712 2664 1256 2872
416 2600 600 2816
1272 2544 1824 2848
0 2480 472 3000
552 2448 720 2688
752 2424 1496 2800
672 2424 1080 2728
168 2400 600 2744
616 2304 1008 2488
1520 2296 1824 2488
432 2280 720 2608
0 2256 504 2592
1464 2240 1808 2408
880 2192 1712 2504
0 2184 288 2480
264 2176 472 2336
1560 2168 1736 2352
1016 2168 1296 2336
0 2168 168 2376
1616 2120 1824 2304
16 2112 176 2384
88 2088 368 2256
1608 1976 1824 2192
976 1952 1456 2272
1056 1912 1400 2072
1248 1880 1632 2280
656 1880 1120 2400
1568 1824 1824 2040
680 1816 896 1984
432 1800 832 2112
944 1792 1144 2008
1352 1760 1544 2024
56 1696 440 1952
904 1616 1104 1800
0 1608 168 1832
1616 1560 1824 1880
776 1560 952 1728
0 1560 384 1760
1128 1536 1424 2000
1312 1528 1784 1888
1072 1528 1264 1840
344 1440 1080 1936
1048 1408 1288 1608
1096 1328 1296 1528
1248 1304 1512 1592
512 1184 1120 1680
1360 1160 1800 1664
1200 1128 1496 1392
952 1104 1208 1384
848 1096 1008 1360
1080 1008 1336 1192
288 1008 480 1176
0 992 496 1680
448 984 664 1160
1152 952 1480 1272
32 832 288 1256
912 808 1208 1168
1400 776 1688 1040
1072 736 1824 1528
1064 656 1824 1304
960 648 1824 1504
728 616 1000 904
720 552 1104 776
256 520 512 824
0 520 464 976
1224 464 1536 800
304 456 808 736
0 400 336 592
1376 392 1824 984
0 384 440 560
592 320 1344 704
944 280 1264 536
1640 208 1824 552
1440 0 1824 312
1024 0 1720 536
1024 0 1192 184
680 0 1136 296
0 112 896 392
424 440 1824 1632
616 456 1824 1632
0 2064 1824 4000
648 456 1824 1504
0 0 1824 2608
840 3336 1472 4000
32 520 512 1280
32 832 384 1280
720 552 1824 1504
0 2088 1824 4000
0 112 896 328
872 3336 1472 4000
0 112 896 304
1104 3248 1824 4000
1192 3232 1632 3440
0 112 896 288
0 520 1824 2608
408 1760 576 1936
0 0 1208 328
904 1616 1200 1912
352 2176 816 2432
352 2216 696 2432
352 2224 600 2432
0 0 1192 296
0 360 824 736
0 2088 1000 4000
848 1008 1824 2584
1520 2296 1824 2584
0 2088 920 4000
848 1008 1824 2352
0 520 1208 2608
416 2168 1824 3760
840 3624 1000 3864
712 1536 1048 1800
0 2776 336 3064
488 2424 1824 3760
944 0 1824 1280
944 0 1824 984
1152 3784 1824 4000
1152 3784 1792 4000
488 2664 1824 3760
680 0 1192 296
16 2088 656 2384
0 2256 920 4000
416 2168 1784 2816
616 2168 1784 2600
0 3456 352 3648
944 1008 1824 2352
1080 1224 1512 1592
552 2424 1824 2880
776 1536 1048 1728
416 2448 720 2816
0 520 1208 1984
952 1008 1824 2352
1056 1832 1400 2072
1560 1976 1824 2352
552 2424 1080 2880
0 520 680 1680
0 936 680 1680
0 1608 1120 2608
0 2168 288 2480
0 2168 168 2416
944 1792 1560 2272
944 280 1312 616
952 1008 1824 2280
288 544 1208 1984
488 2840 1344 3760
0 520 464 984
976 1952 1560 2272
0 3232 920 4000
272 3232 688 3840
272 3344 688 3840
320 3232 616 3464
1096 1304 1512 1592
0 3536 920 4000
952 1008 1824 2040
952 1008 1496 1392
0 3536 832 4000
616 2168 1712 2504
0 992 680 1680
344 1184 1120 1984
752 2424 1824 2848
520 3096 1216 3760
0 1608 832 2272
0 1608 792 2272
1312 1160 1824 2040
1072 1528 1632 2280
1072 1528 1544 2024
0 2256 696 3568
0 2256 600 3000
488 2840 1344 3232
1232 3056 1824 3376
952 1008 1336 1384
0 3536 440 4000
432 1880 1120 2608
0 2728 696 3568
0 3536 440 3944
1312 1528 1824 2040
344 1184 1120 1936
784 3640 1120 4000
904 3640 1120 4000
0 160 976 344
1024 3512 1288 4000
480 376 1400 784
0 160 936 328
352 440 1824 1664
552 512 1824 1664
808 1408 1248 1840
1200 3240 1824 3784
832 808 1336 1384
880 608 1824 1528
1280 784 1824 1528
1488 3272 1824 3744
880 0 1824 1280
1296 784 1824 1528
1432 3240 1824 3784
0 392 1824 4000
1040 3168 1824 4000
1056 3232 1824 4000
1120 3272 1824 4000
1136 3424 1824 4000
1296 936 1824 1528
0 0 1120 296
752 0 1120 296
1208 3776 1824 4000
0 0 912 288
640 2432 1824 3056
928 808 1336 1384
1168 872 1824 1664
1168 872 1736 1424
896 2776 1824 3056
1488 3280 1688 3744
392 1800 784 2120
400 1896 784 2120
952 0 1824 1280
1440 0 1824 528
0 560 352 1024
0 392 968 1592
0 528 1824 4000
0 320 976 496
1512 56 1824 528
0 392 552 1280
192 512 552 1280
952 0 1824 960
640 2432 1824 2832
1152 2856 1496 3104
240 1080 968 1592
1136 3424 1512 3856
0 392 424 584
0 1016 504 1688
1512 2872 1824 3056
800 1912 1824 2248
936 1912 1824 2248
1168 1912 1824 2248
136 3480 968 4000
136 3624 968 4000
400 1896 776 2080
1280 1912 1824 2248
1488 1912 1824 2248
1488 2016 1824 2248
0 1608 1824 4000
120 1664 1032 2040
120 1664 712 1960
264 528 1824 2088
720 2432 1824 2832
120 1664 608 1960
0 392 288 584
808 1536 1248 1840
352 3480 664 3784
0 2040 336 2528
0 1608 1824 2976
0 2280 808 2976
0 2472 328 2952
720 2432 1824 2808
720 2480 1824 2808
0 2608 1824 4000
752 2480 1824 2808
0 1608 1824 2560
168 2096 616 2520
72 2280 808 2976
752 2480 1768 2808
752 2496 1768 2808
952 120 1824 960
952 120 1824 816
1144 120 1736 536
1144 1664 1624 1984
104 560 352 864
264 1336 1824 2088
0 736 224 1024
944 808 1336 1232
264 1440 1824 2088
288 528 1648 1680
0 1608 280 1888
0 1608 216 1888
120 1728 608 1960
1400 3144 1792 3304
0 1808 1824 2560
728 2104 1824 2560
728 2104 1672 2440
728 2104 1672 2424
328 3624 968 4000
952 304 1824 816
520 1544 1824 2088
1152 1560 1824 2088
408 3624 968 4000
632 3624 968 4000
1144 120 1520 416
0 2472 328 2824
368 2608 768 3184
376 2608 768 3184
1624 936 1824 1280
0 1808 1104 2424
168 2096 504 2496
168 2224 504 2496
536 2024 1104 2424
536 2024 904 2424
640 2024 904 2424
0 2888 1824 4000
904 2904 1824 3512
936 2904 1824 3360
288 528 1008 1456
928 1120 1648 1680
928 1120 1528 1680
1080 1120 1528 1640
1080 1120 1528 1368
1152 1872 1640 2088
1136 2904 1824 3360
0 2888 1240 4000
0 2888 1128 4000
0 2912 1128 4000
0 1808 608 2144
0 1880 608 2144
112 1920 608 2144
1424 680 1824 960
1240 1336 1720 1736
520 1544 1208 1920
72 2448 680 2976
72 2728 464 2976
0 2920 1128 4000
120 2448 680 2776
1104 2376 1824 2560
240 1080 752 1592
1496 1560 1824 1968
120 2488 552 2776
0 3168 1128 4000
320 3168 1128 3752
288 528 872 1424
544 1544 1208 1920
0 3424 440 4000
0 3512 440 4000
520 3168 1128 3752
520 3168 896 3728
288 528 816 1344
288 656 816 1344
288 1000 720 1344
288 1008 720 1344
1344 2904 1824 3232
520 3168 896 3600
520 3232 896 3600
1496 1560 1824 1896
0 1240 504 1688
784 3816 976 4000
1472 3808 1824 4000
640 3808 848 4000
904 3792 1064 4000
1264 3776 1824 4000
1208 3776 1680 4000
1024 3728 1216 4000
408 3720 656 4000
0 3656 336 4000
936 3640 1120 3888
632 3624 968 3880
0 3576 336 3856
1440 3568 1824 3784
1032 3512 1288 4000
200 3512 440 3920
624 3488 896 3728
1584 3480 1824 3752
432 3480 664 3784
1136 3464 1296 3784
1232 3424 1512 3856
40 3424 424 3624
824 3416 1128 3752
1200 3328 1448 3544
520 3312 752 3600
1488 3280 1688 3568
1544 3272 1824 3584
1120 3272 1400 3544
264 3248 496 3504
0 3248 248 3648
1432 3240 1640 3608
384 3240 616 3416
680 3232 896 3528
320 3216 712 3544
904 3192 1120 3512
616 3168 776 3328
728 3144 984 3512
1576 3040 1824 3232
936 3016 1288 3280
1136 3008 1576 3360
0 3008 160 3232
0 2928 240 3136
0 2920 448 3400
296 2912 552 3272
1344 2904 1824 3176
464 2880 1368 3272
1544 2872 1824 3056
1312 2856 1496 3104
1152 2856 1392 3016
776 2800 1400 2984
896 2776 1824 2992
368 2752 560 2920
232 2728 464 2976
656 2712 864 3056
456 2704 624 2872
464 2696 768 3184
1576 2640 1824 2832
1008 2624 1456 2792
120 2584 376 2776
1512 2576 1824 2744
1432 2520 1768 2728
720 2520 936 2680
752 2496 1632 2808
216 2488 552 2744
776 2480 1432 2704
640 2472 856 2720
0 2472 288 2720
440 2448 680 2640
1552 2376 1824 2560
288 2320 504 2496
328 2296 616 2520
504 2280 808 2568
880 2248 1312 2440
1624 2192 1824 2416
728 2136 1216 2424
304 2136 584 2304
1152 2104 1672 2400
640 2096 904 2424
