0 0 1824 4000
496 0 1824 744
632 2656 1072 3200
632 2656 1072 3032
632 2656 1072 2992
8 3432 448 4000
432 56 1824 4000
696 0 1472 352
376 600 608 1368
440 800 608 1368
720 0 1528 200
0 0 1264 4000
448 800 608 1056
496 0 1688 744
1384 3168 1824 3944
1384 3224 1824 3944
1384 3400 1824 3944
336 3000 1264 4000
0 0 824 4000
496 0 1672 744
1216 104 1688 488
752 32 1480 200
512 336 1672 744
496 0 1232 624
536 96 1232 624
848 2656 1072 2896
0 1096 824 4000
432 888 1824 4000
0 0 520 1512
536 264 1232 624
432 2872 792 3960
520 56 1824 1208
520 232 1824 1208
552 264 1232 488
448 888 1824 4000
312 2456 528 3232
408 3000 1264 4000
520 512 1824 1208
0 0 360 312
456 2872 792 3872
456 2872 792 3640
1392 2760 1736 2928
744 2584 1824 4000
984 2584 1328 2992
1384 3400 1824 3848
664 3000 1264 4000
520 672 1824 1208
1064 3240 1592 3744
0 232 520 1512
0 232 520 1368
744 2616 1824 4000
512 544 1552 744
664 3000 1152 4000
432 2448 648 3128
1552 2616 1824 2832
648 568 1552 744
744 2744 1824 4000
696 3000 1152 4000
1544 2744 1824 3056
448 888 1824 3136
448 1648 1176 1968
448 1648 1176 1936
520 888 1824 3136
520 2040 1464 2888
80 3432 448 4000
80 3432 448 3904
240 3432 448 3800
248 3432 448 3672
536 2872 792 3640
0 1096 824 3224
520 672 1824 1160
520 672 1824 1048
1368 720 1824 1032
1368 752 1824 1032
0 2880 480 4000
520 2040 1144 2888
1064 3240 1488 3744
0 232 520 1280
984 2648 1328 2992
520 672 1536 1048
544 672 1536 1048
640 2040 1120 2608
640 2040 1120 2552
648 2040 1120 2552
656 2232 1120 2552
560 888 1824 3136
560 888 1824 1816
696 3000 1088 3568
624 1672 1824 3136
744 2824 1824 4000
1416 3592 1824 4000
744 2824 1736 4000
848 2824 1736 4000
0 2944 480 4000
448 1808 824 2512
968 2952 1736 4000
968 2952 1736 3592
968 2952 1736 3448
520 2408 1144 2888
744 3168 1120 3456
624 1888 1072 2128
624 1888 984 2128
992 3432 1328 3800
1072 2336 1464 2592
0 2944 416 4000
0 2944 416 3728
1080 3400 1672 4000
0 1096 624 3224
128 2864 432 3224
1264 2384 1704 2736
448 1808 752 2448
0 1096 624 2984
936 1672 1824 3136
992 2632 1688 3136
992 2744 1608 3136
992 2872 1440 3136
0 3176 416 3728
0 3216 320 3728
656 2232 992 2512
0 1096 624 2928
0 2472 368 2928
672 1216 1352 1816
672 1304 1192 1816
560 888 1824 1696
448 1808 752 2192
936 1672 1824 2656
1448 1672 1824 2096
0 1096 624 2616
936 1736 1824 2656
680 1352 1176 1816
680 1432 1176 1816
536 2984 792 3640
696 3376 1152 4000
696 3376 1104 3784
0 1312 624 2616
1520 3592 1824 3976
1152 3400 1672 3832
0 408 520 1280
0 1872 624 2616
672 1304 1192 1536
0 1872 560 2616
0 2056 440 2616
32 1872 560 2120
0 1312 456 1936
0 408 512 1280
936 1888 1824 2656
1424 2232 1824 2656
560 888 1528 1344
0 600 512 1280
936 1888 1512 2432
936 1888 1512 2376
0 976 440 1280
1288 1080 1824 1696
1288 1080 1824 1544
936 1888 1360 2280
0 600 512 1016
0 600 512 872
0 1392 440 1936
0 1616 432 1936
8 3832 240 4000
1416 3824 1696 4000
408 3784 728 4000
1384 3776 1552 4000
784 3744 1024 4000
984 3728 1152 4000
184 3728 416 4000
1080 3720 1432 4000
0 3720 168 4000
1504 3712 1768 3944
664 3704 896 4000
1584 3696 1824 3976
80 3664 424 3904
240 3624 408 3800
1520 3592 1768 3792
1384 3560 1640 3848
1152 3544 1552 3832
128 3528 312 3688
0 3520 216 3728
160 3512 392 3760
696 3472 1024 3784
1296 3464 1504 3712
776 3464 944 3632
1080 3432 1328 3720
1104 3424 1488 3744
336 3416 528 4000
1624 3400 1824 3800
1456 3400 1672 3600
728 3400 904 3568
0 3400 200 3632
896 3376 1104 3680
1048 3344 1288 3536
464 3304 752 3872
1528 3264 1736 3592
1424 3240 1592 3472
1064 3240 1352 3424
536 3232 736 3640
1576 3224 1824 3528
744 3216 992 3456
0 3216 320 3536
168 3176 416 3440
1648 3168 1824 3360
904 3168 1120 3440
288 3144 480 3448
488 3128 672 3360
1608 3096 1824 3256
968 3040 1480 3448
696 3000 1088 3440
696 2992 952 3200
536 2984 792 3304
992 2976 1200 3136
1344 2952 1736 3320
0 2944 216 3248
128 2936 432 3224
1160 2872 1440 3120
592 2872 776 3064
1544 2856 1824 3056
848 2824 1144 3104
456 2776 648 3128
1504 2760 1736 2928
1336 2744 1608 3008
632 2736 864 2992
984 2720 1224 2992
896 2656 1072 2880
656 2656 896 2824
1128 2648 1328 2904
32 2648 248 2824
1496 2632 1688 2808
528 2632 736 2888
104 2624 368 2928
1320 2592 1616 2904
984 2584 1200 2800
272 2560 440 2824
1120 2480 1280 2688
0 2472 192 2736
1552 2464 1824 2656
1264 2464 1536 2736
312 2456 528 2888
432 2448 608 2864
224 2416 448 2680
520 2408 1144 2664
1464 2384 1704 2696
848 2376 1120 2552
1072 2368 1368 2592
680 2352 936 2512
376 2352 544 2528
608 2328 824 2512
232 2272 416 2488
944 2264 1368 2584
1424 2232 1824 2512
0 2184 440 2616
1584 2176 1824 2472
1296 2176 1512 2376
456 2128 672 2448
952 2120 1264 2432
1144 2088 1360 2280
320 2072 624 2480
80 2056 408 2256
1232 2048 1528 2224
648 2040 1112 2304
0 2016 296 2280
1416 1952 1736 2272
464 1952 688 2192
32 1928 392 2112
1256 1912 1512 2104
936 1888 1312 2176
640 1888 984 2088
256 1872 560 2120
112 1856 312 2024
1448 1840 1824 2096
448 1808 752 2080
1312 1768 1552 1968
1448 1736 1688 1912
1144 1736 1392 1968
720 1720 1176 1936
0 1704 432 1936
1664 1672 1824 1888
448 1648 736 1832
0 1616 416 1800
1224 1584 1560 1744
912 1584 1176 1816
584 1584 752 1800
1368 1528 1824 1696
680 1432 1144 1752
328 1416 640 1784
0 1392 440 1656
1168 1360 1672 1624
880 1312 1192 1536
128 1312 456 1592
672 1304 952 1472
0 1248 168 1512
1408 1232 1824 1544
560 1224 728 1616
856 1216 1352 1408
0 1184 200 1368
176 1096 616 1456
1288 1080 1680 1288
560 1040 1192 1344
112 1024 448 1280
1536 1016 1792 1208
0 1000 288 1280
16 976 440 1144
1656 960 1824 1312
928 888 1528 1288
520 856 1032 1160
1488 832 1824 1032
216 808 520 1040
1368 752 1824 960
968 752 1376 952
0 744 328 1016
1560 720 1824 896
1008 680 1536 904
520 680 776 904
544 672 1128 1048
0 608 264 800
376 600 536 864
144 600 512 872
1120 568 1552 736
512 544 1176 720
1392 512 1728 784
0 408 288 648
608 384 1096 592
1024 344 1656 552
1088 336 1672 592
552 264 784 456
1592 232 1824 744
1216 216 1536 464
1496 104 1688 488
552 96 904 424
576 64 824 272
1664 56 1824 336
760 32 1504 192
1592 0 1824 224
1400 0 1656 240
696 0 1472 304
672 0 888 256
496 0 800 232
48 0 520 696
0 0 280 312
0 1096 1824 4000
672 0 1160 352
0 0 1824 3448
496 0 1824 3448
0 0 880 2112
0 0 680 2112
0 0 608 2112
0 1096 976 4000
8 2232 1824 4000
624 1080 1824 3448
384 0 680 624
440 0 680 624
512 512 1552 744
376 528 608 1368
376 528 608 1056
632 2672 984 3032
632 2736 872 3032
0 0 520 2112
496 0 1824 1344
520 0 1824 1344
464 1952 688 2272
520 2232 1368 3640
520 2232 1144 3640
520 56 1824 1344
8 3000 1824 4000
288 3000 1824 4000
640 1080 1824 3448
496 0 904 456
696 0 1824 552
696 0 1656 552
656 2576 1048 2824
728 1648 936 1824
656 2232 1120 2608
720 0 1528 192
0 1808 824 4000
656 2232 992 2608
624 2008 824 2200
1400 0 1824 488
512 544 1552 736
1024 216 1656 552
288 3144 1824 4000
552 64 904 456
696 1912 1824 3448
1608 3096 1824 3360
144 2384 400 2728
640 1080 1824 2552
696 0 1480 304
1080 3416 1344 3720
176 1096 976 2008
0 1808 824 3632
1496 0 1824 488
552 64 904 424
272 2128 824 3232
456 2128 824 2512
760 1352 1096 1520
272 2448 648 3232
968 1912 1824 3448
520 512 1728 1048
176 1096 776 2008
312 2448 648 3232
376 528 536 864
696 2824 1200 3200
0 1808 752 3632
912 1440 1392 1816
1032 1440 1392 1664
520 2408 1144 3640
328 1416 640 1936
0 1888 392 2112
0 0 520 1936
176 1096 776 1904
176 1096 752 1800
608 56 1824 896
608 232 1672 592
608 336 1672 592
0 0 520 728
520 2408 1144 3304
744 3168 1824 4000
312 2448 648 3128
520 2408 1144 3064
784 232 1448 488
1072 2336 1464 2688
24 3432 448 3904
128 3432 448 3800
1560 56 1824 896
0 3520 216 4000
1104 3240 1592 3744
1280 1632 1824 1816
1512 1632 1824 1808
520 752 1824 1344
1352 960 1824 1312
288 3144 1152 4000
1384 3592 1824 4000
288 3144 752 4000
288 3144 752 3872
448 1648 776 1904
0 1808 752 3536
1456 3264 1736 3600
640 1584 1824 2552
640 1888 1072 2088
224 1808 752 2680
648 1584 1824 2552
1312 1672 1824 2096
1312 1672 1824 1968
0 408 520 1936
0 1184 456 1936
672 1080 1824 1752
1448 1672 1824 1944
1624 1672 1824 1944
744 3168 1552 4000
744 3168 1288 3536
0 2016 440 3536
0 2016 440 3224
992 3464 1552 4000
696 3472 1152 4000
1536 960 1824 1312
968 2584 1736 3448
968 2648 1736 3448
968 2744 1736 3448
648 1584 1560 2552
256 1808 752 2480
752 32 1504 192
0 3176 416 3536
520 672 1376 1048
520 672 1128 1048
48 0 520 728
1264 1912 1824 2808
1264 2392 1560 2736
0 2016 440 3008
560 752 1824 1344
1592 56 1824 744
1416 1912 1824 2808
0 0 280 472
0 1248 456 1936
0 2016 440 2984
648 1584 1560 2376
1080 3464 1552 4000
256 1872 624 2480
1144 1584 1560 2104
1144 1584 1560 1784
648 1720 1512 2376
1416 1912 1824 2656
848 2120 1264 2552
968 2872 1736 3448
1160 2872 1736 3320
1144 1736 1512 2104
696 2824 1144 3200
648 1720 1312 2304
1080 3544 1552 4000
672 1304 1144 1752
0 408 520 1144
560 1224 752 1800
856 1080 1824 1696
856 1216 1560 1536
1416 1912 1824 2512
0 1248 456 1592
0 2016 440 2616
0 2016 408 2280
1416 1952 1824 2512
720 1720 1312 2176
0 2472 192 2984
0 600 520 1144
144 600 520 1040
0 608 440 1144
856 1216 1560 1416
1144 2088 1512 2376
0 744 440 1144
0 1392 440 1800
440 1368 640 1792
656 2584 1048 2832
696 0 1528 216
376 0 1824 1368
488 0 1824 824
376 608 592 1368
0 3432 448 4000
432 560 1824 4000
488 0 1824 760
1568 0 1824 632
376 608 568 1368
376 744 568 1368
1456 3408 1824 3800
488 0 1664 760
1416 0 1688 432
488 0 1552 760
544 216 1552 760
0 984 1264 4000
1456 3488 1824 3800
488 0 832 456
848 216 1536 488
368 2432 584 2872
872 2480 1584 2904
1504 3736 1824 3976
520 560 1824 4000
432 2320 1088 3960
432 2624 928 3960
528 2624 928 3256
168 2944 1264 4000
168 2944 528 4000
168 3168 528 4000
432 2896 752 3960
432 3304 752 3960
0 984 824 3920
408 3072 1264 4000
448 1584 800 1832
72 2968 416 3424
176 3096 416 3424
168 3208 528 4000
584 1264 1824 4000
1600 3096 1824 3360
72 2968 328 3200
488 3072 1264 4000
488 3128 1264 4000
0 984 616 3920
0 416 520 1512
520 560 1824 1544
520 648 1824 1544
520 912 1176 1600
0 2872 224 3920
0 2872 224 3456
1264 2336 1720 2704
1048 2296 1520 2688
848 1312 1064 1520
584 1264 1824 2656
744 1608 1120 1800
0 2936 224 3456
520 2320 1088 2664
0 3400 208 3920
696 3384 1264 4000
744 3384 1264 4000
744 3384 1104 3784
0 984 616 3168
1064 3240 1496 3744
488 3128 944 3632
544 384 1552 760
744 2632 1824 4000
456 1808 824 2496
920 2264 1376 2584
0 1080 616 3168
0 1312 544 3168
0 1392 544 3168
840 2632 1824 4000
1392 2632 1824 3136
840 2760 1776 4000
80 3432 448 3912
144 3432 448 3824
584 1720 1176 2088
584 1720 1176 1936
840 2760 1440 3184
840 2760 1264 3184
0 1184 200 1512
456 1808 752 2432
720 1264 1824 2656
160 1400 448 1616
968 2952 1776 4000
968 2952 1736 3848
968 2952 1736 3440
0 416 520 1280
520 648 1824 1416
848 680 1824 1416
648 2168 928 2496
240 3432 448 3688
1264 3256 1736 3848
0 2456 464 3168
0 2456 440 2808
0 1392 544 2608
0 2184 416 2608
456 1808 752 2208
0 416 512 992
720 1264 1824 2216
456 2448 648 3128
720 1264 1824 2000
0 760 520 1280
944 2056 1824 2656
944 2056 1824 2560
520 648 1064 976
0 1392 544 2480
0 1392 440 2088
0 1392 440 1920
0 1392 440 1816
944 2160 1824 2560
1264 2160 1824 2560
160 816 520 1128
0 2696 464 3168
984 3272 1440 4000
984 3272 1336 3800
720 1264 1704 1736
912 1528 1824 2000
224 1632 544 2480
1064 1528 1824 1920
0 760 288 1280
0 3832 208 4000
136 3792 416 4000
1360 3776 1696 4000
1504 3752 1704 3944
1584 3736 1824 3976
976 3728 1264 4000
80 3728 368 3912
432 3720 664 3960
408 3696 896 4000
1080 3664 1440 4000
144 3640 424 3824
0 3624 184 3920
1504 3592 1776 3824
1456 3560 1640 3792
984 3512 1168 3800
160 3504 392 3760
8 3504 200 3696
1264 3496 1552 3848
280 3496 448 3688
1560 3488 1824 3800
696 3472 976 3704
1296 3464 1504 3624
336 3424 528 4000
720 3400 944 3632
0 3400 208 3720
904 3384 1104 3656
856 3384 1016 3640
1104 3376 1496 3744
464 3304 752 3864
1048 3272 1336 3624
1448 3256 1736 3576
1064 3240 1344 3432
1576 3224 1824 3552
168 3208 408 3440
0 3200 224 3456
240 3192 416 3424
824 3168 1120 3448
320 3168 488 3600
488 3128 728 3568
1600 3096 1824 3256
696 3072 1088 3464
688 2992 944 3200
968 2968 1448 3440
128 2968 328 3136
1368 2952 1736 3320
272 2944 480 3264
0 2936 224 3256
1184 2816 1440 3128
160 2784 464 3168
1392 2776 1824 3136
1544 2760 1736 2928
984 2760 1264 2992
840 2760 1144 3184
1336 2744 1520 2976
528 2704 928 3256
0 2696 288 2976
656 2648 944 2832
1496 2632 1792 2832
536 2624 720 3016
1320 2592 1624 2936
1088 2584 1584 2904
872 2480 1160 2792
1536 2464 1824 2656
1264 2464 1536 2704
136 2456 440 2808
224 2448 448 2648
400 2432 584 2640
520 2408 992 2664
56 2384 264 2608
1048 2360 1360 2688
1376 2336 1720 2608
608 2328 824 2496
88 2328 288 2488
776 2320 1088 2536
680 2320 928 2496
1240 2296 1520 2464
944 2264 1376 2584
1488 2208 1824 2560
944 2208 1264 2432
1584 2184 1824 2344
88 2184 416 2472
648 2168 920 2376
1264 2160 1512 2360
0 2152 176 2352
456 2128 672 2432
1376 2120 1632 2304
816 2104 1120 2336
96 2080 408 2256
1160 2056 1440 2232
280 2048 544 2480
640 2040 1120 2296
464 1984 688 2208
0 1976 296 2208
1064 1912 1760 2216
976 1904 1240 2072
640 1888 928 2088
56 1856 312 2024
744 1824 984 2008
456 1808 752 2112
1448 1800 1824 2072
1224 1768 1552 1968
912 1736 1384 2000
0 1728 336 1920
720 1720 1176 1912
1624 1648 1824 1888
744 1632 1120 1800
224 1632 512 2104
1064 1608 1688 1920
584 1584 800 1832
72 1584 440 1816
1232 1528 1824 1696
1032 1504 1320 1664
304 1488 544 1672
440 1416 640 1792
0 1392 176 1800
720 1376 1240 1736
680 1352 904 1568
136 1312 456 1496
0 1272 168 1512
1088 1264 1704 1624
1408 1200 1824 1544
96 1080 616 1424
296 984 472 1152
160 816 520 1008
848 768 1792 1416
592 752 1064 976
1008 680 1824 1312
1464 664 1824 904
520 648 776 952
584 568 1552 760
1592 560 1824 720
1408 544 1664 752
0 496 512 992
0 416 288 664
544 384 1176 688
888 368 1568 592
1368 296 1680 560
1568 264 1824 632
360 232 520 560
1248 216 1536 464
576 216 904 432
1504 104 1688 432
728 104 896 352
528 96 696 456
792 40 1520 200
1568 0 1824 424
1416 0 1656 240
696 0 1424 216
488 0 832 264
0 0 464 696
696 0 1688 432
0 1488 1824 4000
0 0 1824 2656
360 0 1664 1368
272 2896 592 3264
360 0 1216 1368
520 0 1824 2656
360 0 896 1368
0 0 736 2352
440 1416 736 1832
360 0 832 1368
0 1488 1144 4000
0 0 616 2352
656 2320 1824 4000
360 0 832 1216
208 2352 584 2880
520 912 1824 2656
1320 2592 1624 2976
1456 3224 1824 3800
544 0 1824 1624
0 0 616 2208
520 544 1664 952
520 568 1552 952
584 568 1552 824
208 2432 584 2880
744 1824 1016 2080
544 0 1824 1544
544 200 1568 688
0 1488 752 3536
72 3032 336 3240
376 744 568 1216
1504 3752 1824 4000
744 2320 1824 4000
1560 3224 1824 3800
360 0 832 784
360 96 696 784
360 96 696 648
360 144 648 648
360 144 584 616
904 1504 1320 1720
920 2136 1520 2584
920 2136 1376 2584
0 2128 1144 4000
456 2128 992 3256
456 2128 928 2496
456 2128 824 2496
880 200 1536 464
0 2760 1144 4000
544 272 1568 688
0 2936 408 3536
0 2936 408 3440
944 2136 1312 2432
688 2760 1144 3632
696 3072 1088 3632
0 3128 1104 4000
0 1488 752 3168
0 0 520 2208
240 3128 1104 4000
0 1488 648 3168
544 336 1568 688
0 3200 448 4000
0 1488 544 3168
592 0 1824 1544
1368 0 1824 904
336 3128 1104 4000
96 984 616 1496
96 984 616 1424
520 912 1176 2376
680 1280 1064 1568
680 1280 912 1568
848 336 1568 592
320 3160 752 3864
464 3160 752 3864
776 2320 1824 3440
592 680 1824 1544
592 680 1824 1448
1464 0 1824 904
408 3128 1104 4000
408 3128 976 4000
488 3128 976 3704
0 3200 224 4000
1568 0 1824 720
488 3128 728 3688
744 3256 1824 4000
0 3200 224 3920
0 3200 224 3720
0 1632 544 3168
0 2184 464 3168
0 2224 464 3168
0 1392 448 2208
584 1584 1120 2376
640 1888 1120 2376
648 2104 1120 2376
0 1392 440 2208
1064 1648 1824 2656
520 2408 992 3256
720 1264 1824 2072
592 680 1824 1416
584 1584 840 1936
744 3656 1024 4000
128 3432 448 3824
984 3256 1824 4000
984 3256 1736 4000
984 3272 1552 4000
1504 3592 1824 3976
0 1824 296 2208
976 1768 1552 2072
144 3496 448 3824
0 760 440 1512
0 760 288 1512
1160 2056 1512 2360
776 2320 1264 2992
776 2320 1160 2792
1568 264 1824 720
0 3296 208 3720
0 1000 288 1512
96 1632 544 2480
0 0 520 1008
640 1888 1120 2296
1064 1800 1824 2656
968 2360 1824 3440
1064 1800 1824 2344
0 2224 440 2976
720 1632 1176 1912
0 760 288 1128
0 2456 440 2976
0 2576 288 2976
1064 1912 1824 2344
1488 2208 1824 2656
0 1392 336 1920
688 2760 1144 3200
0 416 520 1008
0 496 520 1008
64 1552 440 1816
968 2584 1824 3440
968 2584 1584 3440
1088 2584 1584 3128
1368 2632 1824 3320
1368 2776 1824 3320
568 352 1456 600
568 352 1368 600
696 0 1528 208
1384 3016 1824 3384
368 808 616 1672
104 2864 344 3136
192 2392 456 2904
192 2720 424 2904
336 0 1824 928
336 0 1688 928
336 0 1384 576
0 3408 432 3968
240 2768 1136 3656
624 2768 1136 3568
496 0 1688 928
496 376 1648 928
872 0 1688 592
240 2984 712 3656
368 808 560 1384
416 1944 1072 2608
416 1944 1000 2608
496 376 1648 832
0 3408 432 3912
544 0 1384 488
992 1368 1256 1552
336 0 584 576
696 0 1488 208
0 2352 192 2600
624 2768 1056 3568
664 2056 1000 2608
664 2056 1000 2488
0 3464 432 3912
872 0 1688 488
496 376 1632 832
624 2768 1056 3408
0 0 624 4000
624 2864 1056 3408
224 2392 456 2776
464 2448 624 2776
704 2864 1056 3168
704 2880 1056 3168
448 64 1824 4000
904 1552 1368 1720
0 0 592 4000
456 2304 1824 4000
928 2304 1824 3088
928 2304 1376 2864
928 2304 1344 2784
928 2512 1328 2784
0 0 536 4000
456 2744 1824 4000
448 64 1824 3176
456 2784 1824 4000
456 2808 1824 4000
0 2184 416 2440
240 3376 472 3656
0 3624 336 4000
752 1336 1040 1496
1432 64 1824 920
1584 64 1824 752
448 680 1824 3176
744 752 1208 928
0 3464 432 3816
80 3464 432 3816
464 2360 1048 3176
464 2472 1008 3176
464 2472 864 3176
704 2808 1824 4000
448 680 1824 2912
680 2576 1112 2776
336 0 496 344
1176 1648 1512 1808
456 3448 752 3752
1216 2264 1696 2600
1216 2264 1568 2600
0 2392 536 4000
464 2488 848 3176
1368 1024 1824 1432
1528 1024 1824 1240
0 2392 456 3352
0 2392 352 2840
1136 1232 1560 1424
0 2824 456 3352
0 2824 320 3352
