0 0 2448 3263
1044 2043 1645 2454
1044 2043 1592 2454
1847 1723 2448 2291
1638 2552 2297 3263
1762 2552 2297 3153
2036 2278 2448 2572
1064 1299 1468 1710
150 2167 522 2754
672 2323 1475 3263
1037 1769 1514 2278
1762 2637 2212 3153
652 1429 835 1651
1403 437 1821 783
332 2820 933 3263
0 3133 287 3263
887 698 2448 3263
1161 698 2239 2115
528 2820 933 3263
887 1161 2448 3263
1194 698 2239 1873
424 1808 770 2134
476 1808 770 2095
1808 2297 2448 3263
1390 1018 1964 1534
1390 1018 1932 1534
1390 1142 1873 1534
1514 1024 1964 1377
705 0 1103 404
718 0 1103 404
796 2363 1194 2820
829 0 1103 398
1801 1161 2448 1880
1801 1168 2448 1880
1801 1168 2448 1677
1971 1521 2448 1880
1971 1586 2448 1880
0 0 2448 1821
0 0 1912 1821
0 835 1631 3263
195 0 398 143
1449 0 2448 1233
1449 0 2448 1103
1449 0 2448 1044
1449 391 2448 1044
1449 483 2363 1044
1449 502 2363 1044
1618 502 2363 1044
1697 502 2363 1044
1808 2310 2448 3263
1808 2598 2448 3263
2017 2598 2448 3263
887 1521 2448 3263
1631 0 2448 842
1827 1573 2448 2128
1827 1573 2448 2082
2173 1775 2448 1977
672 2337 1436 3263
300 365 1494 1122
887 1521 2141 3263
463 1893 1233 2421
463 1893 718 2134
463 1893 685 2134
1501 2004 2141 2911
1286 1331 1775 1847
1286 1331 1775 1834
1801 1168 2206 1645
1801 1318 2134 1645
1631 0 2448 535
848 835 1318 1468
972 835 1318 1442
1449 2043 2049 3263
1586 2924 2049 3263
705 1925 1233 2421
887 1521 2010 3263
1396 1521 2010 2643
1521 1521 2010 2441
1521 1853 1964 2441
1638 1853 1964 2212
672 2461 1377 3263
0 1044 1631 3263
1148 1599 1631 2108
1148 1599 1631 2082
1161 1521 1716 2115
0 1044 1501 3263
2180 809 2448 1103
1873 398 2448 842
613 2611 1064 3074
1501 2212 1977 2911
1566 2212 1977 2807
1716 2212 1977 2807
0 0 130 137
2212 0 2448 189
972 0 1103 326
1814 2004 2141 2434
1383 385 1723 705
0 1044 1436 3263
0 1044 1286 3263
0 1044 1129 3263
1449 2043 1984 2976
972 835 1318 1338
972 1096 1312 1338
998 1096 1312 1338
1742 1521 2010 1925
1631 241 1984 528
1129 2846 1455 3263
280 2108 646 2291
2017 2878 2448 3263
2154 1286 2448 1507
2017 2878 2297 3263
757 1560 1286 2193
672 2741 1116 3263
698 2741 1116 3179
0 2062 1103 3263
235 535 574 822
235 626 430 822
0 1044 1129 2193
0 2395 326 2741
1971 0 2448 332
2030 1521 2448 1788
757 1658 1286 2193
607 2062 1103 2532
332 2160 678 2683
0 2128 215 2428
0 2128 202 2317
0 2715 365 2963
1090 835 1318 1240
411 1573 705 1906
887 2434 1631 3263
763 0 1912 763
998 0 1912 763
1716 2212 1977 2637
0 1044 1044 2193
815 1344 1044 1840
0 2180 913 3263
1090 959 1318 1240
1155 2434 1631 3159
0 0 1011 1821
0 881 672 1821
1005 1932 1436 2382
0 2630 789 3263
0 2630 789 2983
1906 2297 2448 2780
163 2630 789 2983
163 2643 430 2826
0 1181 417 1821
887 2787 1292 3263
0 0 1011 1083
1155 2663 1631 3159
0 1044 1024 2193
287 1044 1024 1912
0 1605 541 2193
0 1808 456 2193
1037 2787 1292 3218
0 1834 456 2193
815 1403 1044 1840
1579 698 2239 1651
0 1181 143 1540
0 1834 450 2193
417 2630 789 2983
1742 1534 1912 1925
998 117 1814 763
998 235 1645 763
998 306 1645 763
1553 2043 1984 2669
1658 2043 1984 2493
208 430 470 646
241 1605 541 1827
0 2715 300 2963
607 1534 868 1912
287 1044 1024 1677
417 2683 789 2983
0 0 1011 548
0 0 1011 345
1893 2004 2141 2434
1893 450 2448 842
1070 2461 1377 2944
0 1893 300 2193
287 1279 861 1677
300 365 1390 1122
280 208 861 548
58 0 1011 345
0 235 424 1083
58 0 613 345
1410 3107 1599 3263
646 3107 822 3263
332 3107 737 3263
887 3100 1155 3263
1227 3068 1488 3263
0 3061 182 3218
2062 3042 2239 3263
528 3035 718 3237
1521 3028 1919 3263
1671 2963 2049 3263
2199 2957 2448 3263
1129 2957 1403 3263
1586 2924 1945 3263
0 2918 182 3120
1037 2891 1292 3218
2017 2878 2297 3205
672 2878 946 3263
1364 2865 1631 3159
1325 2846 1455 3055
698 2846 1083 3179
718 2833 907 3009
1638 2826 2167 3263
1122 2787 1292 2944
1488 2774 1742 2970
1762 2767 2212 3153
1808 2761 2226 3126
84 2748 587 3263
959 2741 1116 3022
417 2722 789 2983
0 2715 156 2963
1070 2696 1240 2944
424 2683 587 2826
1834 2676 2278 3068
1501 2663 1769 2911
1155 2663 1507 3009
1977 2656 2310 2918
913 2650 1155 2820
0 2650 300 2904
287 2643 430 2813
2317 2637 2448 3002
1762 2637 2108 2820
450 2630 672 2787
1742 2611 1886 2807
1449 2604 1645 2976
2180 2598 2421 3211
1886 2552 2297 2957
1566 2519 1847 2780
724 2506 1096 2846
1906 2480 2102 2780
1188 2461 1377 2722
1945 2448 2369 2963
959 2448 1233 2735
1605 2434 1880 2650
1246 2434 1560 2839
0 2395 319 2741
796 2363 1194 2787
1553 2356 1697 2669
1716 2343 1977 2637
1155 2337 1436 2630
2030 2310 2434 2683
1951 2297 2448 2735
1396 2284 1651 2643
2075 2278 2448 2552
1658 2265 1834 2493
953 2226 1312 2637
744 2219 1103 2532
1782 2212 1977 2415
1938 2206 2095 2434
332 2193 554 2434
522 2180 913 2741
2154 2173 2376 2376
2056 2173 2448 2532
150 2167 515 2696
1814 2160 1977 2304
443 2160 678 2683
1481 2154 1645 2369
352 2141 522 2278
450 2128 646 2291
0 2128 163 2304
280 2108 483 2252
881 2088 1227 2395
2075 2075 2323 2252
607 2062 783 2245
1044 2056 1514 2454
1122 2049 1436 2382
1716 2043 1984 2310
1370 2043 1592 2317
848 2043 1233 2376
1997 2036 2167 2180
110 2030 300 2193
1893 2004 2141 2258
1103 1991 1351 2206
235 1991 456 2154
1521 1984 1736 2441
1638 1971 1873 2212
2121 1932 2448 2128
1005 1932 1181 2075
705 1925 1037 2421
1279 1906 1534 2108
509 1899 685 2134
0 1893 163 2134
1834 1873 2043 2069
1658 1853 1964 2108
1188 1847 1501 2121
91 1834 450 2056
1370 1795 1638 2115
150 1775 345 1958
750 1749 887 1932
1893 1742 2069 1906
1161 1742 1592 2082
208 1742 345 1899
0 1742 169 1938
411 1723 659 1906
1742 1716 1912 1925
757 1664 1148 2193
2023 1658 2232 1808
1044 1658 1286 1867
1442 1645 1703 1847
685 1631 868 1912
783 1618 953 1749
1442 1605 1716 1827
300 1605 541 1827
71 1605 306 1821
2147 1599 2448 1788
1148 1599 1631 1964
489 1573 705 1749
992 1560 1129 1729
607 1534 750 1716
1808 1521 2010 1651
1161 1521 1716 2017
861 1494 1044 1840
287 1468 594 1677
652 1429 835 1586
2036 1423 2448 1742
1801 1416 2134 1645
1286 1416 1775 1834
0 1416 417 1821
959 1410 1129 1684
613 1410 763 1560
2128 1403 2448 1677
815 1403 1011 1566
339 1357 554 1514
1292 1331 1762 1703
1801 1318 2075 1534
2049 1312 2448 1612
1064 1312 1468 1710
1083 1299 1253 1455
2154 1286 2395 1436
502 1279 861 1605
1436 1253 1769 1501
2128 1207 2448 1455
985 1181 1272 1442
0 1181 143 1331
1977 1168 2206 1468
2128 1161 2389 1318
1390 1148 1840 1534
1481 1142 1873 1514
398 1135 561 1286
1684 1109 1964 1318
998 1096 1227 1227
848 1057 1161 1468
2141 1051 2448 1364
1103 1051 1279 1240
2173 1044 2448 1233
685 1044 1024 1403
1514 1024 1938 1377
1455 1018 1932 1410
2193 998 2448 1194
1579 959 2147 1651
1090 959 1318 1161
1605 913 2036 1233
2180 907 2448 1103
0 881 672 1455
1612 861 2128 1240
1664 822 2141 1161
1220 809 1364 1011
731 731 1201 1122
1103 724 1253 881
1194 705 1867 1873
1592 698 2239 1214
515 691 946 1312
300 685 430 822
1325 639 1494 959
1618 626 2226 1044
0 626 424 1083
1449 613 1919 881
1710 607 2232 966
0 600 137 783
1383 561 1553 705
1697 554 2330 1044
1403 535 1697 783
261 535 574 678
1795 502 2363 894
1749 483 2317 900
2102 463 2448 691
1971 456 2448 763
1631 437 1821 652
208 437 365 646
2075 404 2448 580
1873 398 2343 737
1736 391 2448 933
1455 385 1723 626
300 365 1390 946
1370 319 1645 548
998 306 1494 763
1631 274 1808 470
163 267 319 456
1305 235 1514 437
0 235 326 718
280 228 450 437
1599 221 1775 385
372 208 861 548
2206 176 2448 332
0 176 163 306
718 137 920 404
580 124 711 267
1488 117 1814 391
829 65 1057 398
274 65 613 306
2212 45 2448 189
2258 0 2448 163
2082 0 2448 300
1971 0 2219 195
1775 0 2448 535
1729 0 1912 215
1599 0 1795 195
1423 0 1703 352
1037 0 1475 443
515 0 1011 254
352 0 554 137
58 0 352 345
0 0 2448 1938
1403 437 2317 966
1403 437 2317 900
1403 437 1919 881
672 2043 1475 3263
672 2088 1475 3263
1103 1795 1638 2382
0 502 2448 3263
0 1044 1312 3263
887 502 2448 3263
1873 319 2448 737
1880 319 2448 691
1762 2761 2226 3153
0 1051 1312 3263
1449 2043 2108 3263
1449 2043 2108 2976
1605 2434 1886 2807
1103 1991 1436 2382
763 130 1070 417
1442 1605 1716 1847
1188 1847 1534 2121
235 378 580 822
1370 1795 1638 2317
1886 2552 2310 2957
0 2108 483 2395
0 2121 326 2395
0 0 1494 1938
613 2219 1312 3074
829 0 2448 1161
1090 809 1364 1161
0 1051 1279 3263
829 0 2448 959
2023 1658 2448 1977
1488 502 2448 3263
1488 2297 2448 3263
1579 502 2448 2637
887 705 1932 3263
913 705 1932 2454
913 1344 1129 1729
1997 2036 2448 2532
2056 2147 2448 2532
1037 0 2448 959
1423 0 1912 352
1599 0 1912 215
887 1971 1919 3263
1005 705 1932 2454
463 1618 953 2134
887 1971 1873 3263
0 0 1494 1312
1488 2448 2448 3263
1638 2448 2448 3263
0 822 861 1938
332 2193 580 2434
1880 319 2448 659
2075 404 2448 659
0 2193 202 2395
463 1880 770 2134
698 2337 1436 3179
1070 2337 1436 2944
195 0 554 137
0 1710 443 1938
0 1710 313 1938
1834 2448 2448 3263
1834 2637 2448 3263
2017 2637 2448 3263
2062 2637 2448 3263
509 1880 770 2134
0 822 861 1821
208 1742 443 1912
1488 2519 1847 2970
1325 385 1723 959
887 1984 1736 3263
959 1410 1129 1729
0 822 672 1821
1638 1971 1873 2284
613 2506 1096 3074
750 1618 953 1932
783 1618 953 1860
0 110 163 306
1037 0 2448 548
163 267 470 646
1579 502 2448 1742
1579 502 2448 1651
1090 835 1318 1161
0 1573 868 3263
0 1573 868 2304
235 1991 646 2291
1801 1168 2206 1534
163 267 365 646
1037 1984 1736 3218
1971 0 2448 300
1658 1416 2448 2637
2199 2637 2448 3263
2180 809 2448 1194
0 2167 789 3263
1005 1312 1592 2454
1044 1312 1592 2082
522 1051 1279 2741
796 1051 1279 1566
796 1051 1279 1468
1037 0 1814 548
0 3061 287 3263
1501 2519 1847 2911
1005 1769 1514 2454
1005 1769 1514 2278
1579 861 2147 1651
0 1723 750 2304
411 1723 750 1906
0 1775 450 2304
241 1573 868 1912
522 1481 1148 2741
71 1279 861 1821
744 2219 1312 2787
744 2219 1194 2787
0 1834 450 2304
1592 502 2448 1455
0 2167 587 3263
130 2754 365 2944
130 2754 326 2911
1801 1416 2448 2291
848 1051 1279 1468
300 306 1494 1312
1658 1716 2141 2637
58 0 1011 548
1161 705 1932 2017
241 1573 705 1827
1658 1716 1964 2108
1592 502 2363 1214
1305 117 1814 548
1305 117 1814 437
1194 705 1932 1873
1716 2004 2141 2637
1716 2206 2095 2637
1827 1573 2448 2291
1044 1312 1468 1867
522 1494 1148 2741
848 1057 1272 1468
1592 554 2330 1214
0 1834 450 2134
2128 1051 2448 1455
705 1494 1148 2421
1037 2663 1631 3218
1037 2663 1507 3218
84 2683 587 3263
0 2167 515 2904
515 0 1011 404
1246 1984 1736 2839
300 306 1494 946
58 0 861 548
274 65 861 548
0 2395 319 2904
1396 1984 1736 2643
705 1664 1148 2421
515 691 1201 1312
522 2062 913 2741
1161 1416 1775 2017
450 2141 678 2709
1272 443 1553 953
1560 2434 1847 2761
1449 2604 2186 3263
620 1410 835 1592
1416 365 2317 783
221 2206 1240 3263
221 2206 541 2474
1410 3015 1938 3263
848 489 2448 2115
731 1697 2448 3263
731 1697 1560 2604
887 1697 2448 3263
1449 535 2317 1044
1449 535 2304 1044
1899 365 2317 580
1638 2807 2186 3263
1742 874 2448 1971
1795 874 2448 1925
1801 874 2448 1762
1142 789 1410 1011
1488 2043 2448 3263
1488 2212 2448 3263
424 2408 1240 3263
1625 0 2448 842
1625 0 2448 678
1625 0 2448 535
731 1847 1560 2604
1416 391 1912 783
0 0 1912 3263
0 1070 1769 3263
0 0 1912 1938
1638 2043 2448 2552
1925 2173 2448 2552
848 489 2448 2049
1024 489 2448 1625
1383 1057 1951 1534
1064 1135 1769 1834
1592 489 2448 1227
0 1070 1618 3263
515 1573 874 2102
1488 2212 2069 2970
1977 874 2448 1612
1977 1057 2448 1612
1756 1697 2448 2532
1756 1697 2448 2389
1756 1697 2448 2376
1756 1697 2448 2284
1762 2415 2448 3263
1795 2415 2448 3263
848 1148 1867 2049
424 2408 1194 3263
1756 1782 2448 2284
1742 1429 2448 1971
1984 0 2448 339
1573 2924 1991 3263
424 2617 1194 3263
424 2617 1194 3198
0 2448 163 2761
1977 1168 2448 1612
515 1860 770 2102
887 1860 2160 3263
235 541 574 815
848 1148 1756 1964
430 1893 1227 3042
522 1906 1227 3042
1742 1429 2010 1716
1605 2212 2069 2859
1024 718 2128 1625
887 1984 1834 3263
1795 2558 2448 3263
1638 1860 2160 2252
137 2780 274 2911
1710 2212 2069 2617
522 2010 1227 3042
522 2010 1155 3042
548 2010 1155 2846
607 2095 1155 2846
0 2239 737 3263
0 1070 1618 2389
0 1070 1135 2389
998 1592 1618 2310
1514 0 1912 300
1860 1697 2448 2154
0 1070 1129 2389
0 1070 1122 2389
0 1605 541 2389
0 1769 496 2389
417 2735 940 3263
65 2774 372 3139
1468 1416 1867 2049
1527 0 1912 300
1690 0 1912 248
0 0 1788 1821
274 1070 1122 1762
489 1462 705 1762
1638 2043 1984 2493
0 1801 496 2389
0 1801 443 2389
0 1834 443 2389
1762 2624 2310 3153
1991 1658 2448 1971
1827 424 2448 842
0 1834 443 2232
274 1070 1122 1664
998 1814 1534 2310
0 0 1788 783
0 0 1703 783
887 2434 1618 3263
998 2434 1618 3218
678 1344 1037 1938
776 1344 1037 1938
1364 1984 1834 2585
815 1344 1037 1938
65 2846 326 3139
1122 2434 1618 3009
776 1605 953 1932
1645 809 2141 1240
0 1834 411 2232
0 2402 737 3263
1618 535 2304 1037
1481 1057 1951 1534
267 0 985 352
1762 3081 1991 3263
52 3081 267 3263
548 3035 789 3263
1475 3015 1938 3263
1129 3015 1403 3263
887 3015 1155 3263
1573 2924 1945 3263
65 2918 202 3139
998 2891 1292 3218
685 2865 953 3263
1227 2846 1455 3055
1051 2826 1240 2963
97 2748 737 3263
1488 2676 1762 2970
1821 2669 2278 3094
1122 2663 1507 3009
2219 2637 2448 3263
1814 2624 2310 2963
815 2624 1194 3081
424 2617 1018 3198
1795 2591 2448 3263
0 2572 163 2761
1906 2558 2323 2944
1566 2519 1847 2761
1938 2493 2369 2898
1605 2487 1886 2859
522 2480 1077 3042
1175 2461 1377 2735
1775 2448 2004 2663
959 2448 1233 2689
1005 2441 1227 2637
1938 2434 2402 2793
1560 2434 1723 2643
1246 2434 1618 2826
711 2421 1155 2846
2004 2415 2389 2735
0 2402 430 2957
705 2317 1207 2787
2017 2297 2448 2715
1710 2291 2023 2617
2069 2284 2448 2578
391 2258 541 2434
1638 2252 1827 2493
0 2239 515 2754
2102 2232 2448 2532
744 2219 1077 2532
1814 2212 2069 2434
1364 2206 1645 2585
221 2206 522 2474
2199 2193 2448 2389
2180 2173 2448 2376
2056 2173 2448 2552
117 2173 254 2350
450 2167 672 2709
1808 2160 1977 2310
0 2134 267 2389
607 2095 783 2513
6 2075 163 2206
1690 2043 1984 2363
2043 2036 2252 2232
829 2023 1344 2454
248 2023 626 2350
548 2010 744 2219
731 1991 1396 2604
1710 1984 2160 2252
1488 1984 1834 2441
998 1919 1527 2310
261 1912 443 2193
430 1893 678 2128
0 1893 319 2232
2069 1873 2448 2154
1638 1860 1964 2121
515 1860 744 2102
1501 1853 1736 2154
1769 1847 2010 2023
763 1847 1560 2448
345 1834 496 2023
91 1834 411 2082
1155 1814 1534 2265
208 1801 411 1932
1468 1769 1782 2049
456 1756 672 1906
1742 1716 1919 1860
1109 1716 1599 2095
1860 1697 2069 1906
926 1697 1514 2265
411 1697 639 1906
1991 1658 2369 1886
1155 1651 1299 1840
0 1638 404 1938
789 1605 953 1860
326 1605 541 1827
78 1605 306 1821
1031 1592 1618 1958
1814 1573 2448 2115
580 1573 874 1932
992 1540 1135 1736
1266 1514 1716 1834
829 1494 1037 1938
678 1481 920 1690
489 1462 665 1742
1795 1455 2448 1925
274 1455 587 1664
2141 1429 2448 1645
1742 1429 2010 1684
1716 1416 1867 1840
966 1410 1129 1684
626 1410 835 1592
2232 1351 2448 1507
815 1344 1018 1566
1801 1318 2448 1762
1064 1312 1756 1964
0 1305 130 1540
1083 1299 1246 1455
724 1292 926 1468
1383 1220 1775 1507
1977 1168 2448 1468
1390 1155 1840 1488
848 1148 1194 1481
1481 1142 1873 1534
365 1070 1122 1599
2141 1057 2448 1351
1560 1057 1951 1403
1645 946 2036 1233
1024 940 1318 1214
2167 874 2448 1220
1605 861 2108 1220
1220 802 1410 1011
1142 789 1305 985
1964 783 2245 972
1168 718 2128 1625
1592 698 2317 1227
267 685 430 815
1449 626 2167 1044
1899 620 2317 900
1618 607 2226 1037
1416 580 1658 783
235 541 574 718
1658 535 2304 979
1756 489 2448 979
2010 476 2448 770
1991 404 2448 678
1899 391 2147 580
1612 391 1912 652
0 306 1462 1821
1272 267 1442 430
1436 221 1788 626
894 215 1057 411
1527 143 1814 300
1690 65 1821 248
267 52 711 352
2219 45 2448 189
2017 0 2448 339
1984 0 2337 267
1775 0 1977 241
1599 0 1795 189
267 0 1703 574
398 0 985 274
0 0 470 783
0 0 143 208
1266 1057 1951 2154
1383 1057 1951 2154
0 424 2448 3263
959 2441 1377 2735
959 2448 1377 2735
1416 365 2448 1044
1416 365 2448 783
1449 2043 2402 3263
0 1148 1240 3263
1899 365 2448 678
0 1148 1207 3263
1468 1416 1867 2154
1573 2415 2402 3263
1573 2434 2402 3263
1573 2558 2323 3263
1573 2624 2310 3263
1573 2807 2186 3263
731 424 2448 3263
1168 424 2448 2115
391 2167 672 2761
1991 365 2448 678
0 0 2448 953
815 2624 1240 3081
731 1135 2448 3263
731 1135 1769 2604
391 2167 672 2709
1742 1429 2448 2115
887 1782 2448 3263
150 1684 750 2193
345 1684 750 2128
776 1527 953 1932
411 1684 750 2128
150 1775 443 2193
1514 0 2448 535
1527 0 2448 535
1488 2036 2448 3263
2043 2036 2448 2552
1742 1534 2448 2115
1749 1534 2448 2115
411 1697 750 2128
411 1697 750 1906
411 1697 672 1906
1514 0 1912 248
1599 0 1912 248
0 2219 1207 3263
1560 2043 1984 2643
2043 2036 2448 2376
0 2774 372 3263
0 1148 1194 2513
966 1410 1135 1736
1488 2212 2448 2970
0 1148 1194 2389
365 940 1318 1599
1168 424 2448 1925
150 1775 411 1958
248 2010 783 2513
0 0 1788 953
319 1605 541 1912
548 2010 783 2513
626 1148 1194 1991
1168 424 2448 1625
0 2774 372 3139
0 2846 326 3139
626 1148 1194 1938
626 1410 920 1690
1272 221 1788 953
0 0 985 783
1168 698 2317 1625
1364 1782 2448 2585
0 1455 874 2389
0 1455 874 1938
424 2219 1207 3198
522 2219 1207 3042
705 2219 1207 2846
705 2219 1207 2787
731 1312 1756 2604
1031 1312 1756 2095
1031 1592 1618 2095
1383 1142 1873 1534
1618 424 2448 1220
0 1455 587 1938
489 1462 874 1932
1618 489 2448 1220
1364 1860 2160 2585
1364 1860 1964 2585
1795 1057 2448 1925
1795 1168 2448 1925
0 1834 411 2389
998 2434 1631 3263
815 1148 1194 1938
815 1148 1194 1566
1618 489 2448 1037
763 1697 1560 2448
998 2663 1631 3263
998 2663 1631 3218
1795 1318 2448 1925
998 2663 1507 3218
0 2239 515 2957
1586 1070 1964 1501
1703 1703 2121 2134
332 2167 678 2761
430 2167 678 2761
613 2278 940 2637
1220 802 1462 1181
855 1782 2448 3263
215 2820 946 3263
985 1782 2448 3263
1227 2199 1449 2454
1077 182 2448 1161
1899 391 2448 678
1899 391 2448 580
0 2167 443 2493
1442 456 2082 1122
587 2820 946 3263
652 1468 835 1651
992 1240 1723 1964
2004 2297 2448 2767
1873 1481 2448 2167
1991 1697 2448 2167
1077 182 2173 1161
1664 2474 2448 3263
1664 2480 2448 3263
1462 2650 1801 3042
1129 2780 1390 3002
1521 3015 1945 3263
2004 2297 2389 2735
1736 802 2448 1958
1096 1782 2448 3263
2049 1749 2448 2134
1351 1240 1671 1579
91 1775 287 2017
1103 1782 2448 3263
1103 1782 2382 3263
208 1684 763 2297
208 1684 737 2297
248 1684 737 2297
1808 1997 2186 2454
2049 802 2448 1958
2049 1031 2448 1958
2049 1031 2448 1801
1142 182 2173 959
1142 228 1977 959
1142 228 1749 959
496 398 665 639
385 881 868 1605
2049 1599 2448 1958
