0 0 2448 3263
1155 1886 1821 2448
0 0 2448 1592
0 1142 2448 3263
0 1194 594 1651
1135 1416 1925 2226
1135 1416 1925 1893
0 0 2448 313
0 254 2448 1592
0 254 2448 476
1971 1645 2448 2369
0 339 2448 1592
0 483 2448 1592
0 483 2448 1540
0 339 2448 639
0 2611 1194 3211
0 483 2212 1540
1024 900 2448 1436
1795 1233 2448 1932
1795 1436 2448 1932
1514 678 2448 868
352 953 835 1175
0 339 2448 633
933 2604 1194 2813
1175 2774 1521 3002
1201 2774 1521 3002
1109 1964 2069 2715
0 2611 1168 3211
1161 900 2448 1436
750 2774 1194 3061
0 1514 391 1645
0 339 2291 620
0 802 907 940
0 339 1847 620
2121 1403 2448 1592
0 483 2167 1540
0 1142 1403 2924
0 2160 1403 2924
0 19 920 163
1468 900 2448 1436
1272 2095 2069 2715
1494 2265 2069 2715
1468 900 2448 1423
1299 2487 1521 2780
1364 2604 1521 2780
0 1142 1383 2389
0 1142 1383 2369
0 809 907 940
1279 0 2448 293
0 1142 1292 2369
1279 0 2284 241
1279 65 1971 241
0 1507 2448 3263
0 2989 567 3263
515 1507 2448 3263
1514 2088 2082 2415
776 1886 933 2154
789 1625 1383 2082
1383 1507 1821 1775
0 1142 1090 2369
0 26 789 163
1468 900 2448 1390
515 1625 2448 3263
2212 2382 2448 2617
2212 2382 2448 2539
2212 2408 2448 2539
1325 1762 1932 2232
1325 1853 1932 2232
1325 1853 1880 2193
0 1736 326 2167
1011 2193 1534 2591
456 985 1991 1540
0 483 2167 1194
117 620 646 796
293 626 646 796
345 626 646 796
0 483 2167 1037
0 483 2167 966
0 1272 1090 2369
0 907 776 1194
0 907 776 1129
972 3022 1299 3263
2180 1416 2448 1592
0 2989 496 3263
150 3035 496 3263
1540 1625 2448 2611
0 2989 261 3263
0 3035 248 3263
515 2467 2448 3263
515 2487 2448 3263
1501 2878 1821 3068
0 2989 261 3179
1070 1090 1991 1540
463 1272 1090 1808
0 254 1775 476
0 907 437 1129
0 1599 985 2369
0 574 2167 966
1201 776 2167 966
0 254 1312 476
483 1272 1090 1808
0 3120 221 3263
1690 274 2448 424
0 574 1383 881
372 1142 920 1449
0 339 1534 607
430 404 1534 607
0 600 1383 881
0 600 920 868
620 2487 2448 3263
1011 2193 1521 2591
0 483 1494 783
809 672 1383 881
1122 2487 2448 3263
1377 2487 2448 3263
0 600 574 855
1514 691 2232 848
1808 691 2232 848
1540 1625 2448 2565
1540 1625 2448 2408
1540 1625 2297 2356
2160 678 2448 868
1403 2487 2448 3263
1540 1625 2297 2284
1436 2487 2448 3263
1436 2487 1821 2957
1507 2624 1821 2957
620 2872 1742 3263
620 2872 1599 3263
620 2872 1494 3263
959 2872 1494 3263
0 1599 835 2369
620 2996 1005 3263
0 1599 835 2147
1599 2585 2448 3263
1769 2585 2448 3263
1795 2585 2448 3263
221 1599 835 2147
65 3120 221 3263
1984 3107 2173 3263
1403 3100 1612 3263
620 3081 829 3263
2010 3061 2239 3263
1122 3061 1299 3263
1599 3055 1827 3263
176 3035 496 3263
972 3022 1168 3263
1449 3002 1612 3133
796 2996 1005 3263
1592 2976 1742 3172
959 2937 1220 3139
1396 2924 1599 3126
1919 2904 2062 3035
1605 2878 1821 3068
1129 2872 1494 3263
2023 2852 2448 3263
1769 2820 2134 3263
1201 2813 1521 3002
750 2787 933 2996
855 2774 1194 3061
2252 2754 2448 2996
1377 2702 1579 2904
1690 2689 1840 2820
0 2656 848 3211
2278 2637 2448 2826
1507 2624 1736 2957
1808 2611 1997 2793
476 2611 1168 2911
933 2604 1194 2741
1795 2585 2252 2983
1122 2578 1396 2911
2049 2558 2448 2878
1436 2487 1814 2709
1299 2487 1442 2624
2284 2467 2448 2604
2265 2408 2448 2539
1814 2376 2069 2715
2088 2356 2271 2565
1925 2343 2160 2611
1344 2337 1521 2591
1377 2330 1534 2480
1697 2271 2017 2415
1494 2265 1945 2696
2108 2258 2448 2408
2036 2193 2297 2356
1011 2193 1351 2428
881 2186 1057 2317
1155 2180 1364 2363
0 2160 1403 2833
561 2134 770 2369
1449 2128 1821 2448
0 2121 443 2637
470 2108 613 2369
1272 2095 1566 2363
1514 2088 2082 2389
711 2069 985 2212
1631 2062 1880 2193
1031 2049 1188 2245
1534 2017 1703 2154
1109 1964 1331 2265
783 1958 933 2154
894 1925 1077 2141
143 1919 600 2265
1155 1886 1560 2265
0 1886 195 2167
613 1880 815 2154
1697 1853 2297 2284
1325 1853 1769 2141
1834 1847 2088 2102
1188 1840 1338 1977
1971 1782 2448 2369
1240 1782 1553 2226
1442 1762 1788 2030
404 1756 809 2147
1227 1749 1429 1893
274 1742 437 1951
0 1736 326 2036
2271 1645 2448 1860
1410 1638 1684 1853
1540 1625 2030 1899
789 1625 1279 2082
763 1618 946 1808
0 1618 385 1756
221 1599 835 1867
992 1521 1292 1880
1658 1507 1821 1671
1383 1507 1710 1775
1135 1416 1925 1756
985 1364 1227 1618
483 1272 1090 1664
1795 1233 2141 1462
1070 1175 1991 1540
1814 1161 2232 1423
1227 1090 1684 1292
352 1031 705 1175
1161 1011 1729 1148
1873 998 2147 1188
456 985 1233 1305
0 972 372 1194
1024 953 1638 1083
2226 920 2448 1096
1468 920 2448 1390
1827 913 2023 1051
326 907 776 1129
0 907 319 1129
1932 900 2337 1109
626 874 1299 1037
2141 809 2448 953
1201 809 1723 966
1521 776 2167 920
2160 737 2448 868
1396 737 1599 874
868 724 1207 881
1880 698 2232 848
1808 691 2062 829
2173 678 2448 842
574 678 920 868
809 672 1383 815
228 672 574 855
398 626 646 796
0 600 332 842
757 587 1494 783
0 483 1044 678
535 404 1534 607
1664 398 2448 580
1148 391 1847 620
0 339 443 528
652 300 1312 443
0 254 665 476
2115 58 2448 202
0 52 2004 313
0 1416 2448 3263
0 0 2448 1729
39 802 907 940
0 0 2448 992
0 600 2448 1729
1037 391 1514 528
1279 2487 1442 2624
1534 1436 2448 3263
541 287 933 437
437 3061 665 3263
0 0 2448 966
1396 496 2448 763
1396 561 2115 691
0 1416 2082 3263
0 1964 1945 3263
0 1416 2082 2389
0 972 2448 1729
97 2780 332 2970
0 600 2448 1423
1024 900 2448 1423
0 0 2448 372
0 600 1782 1305
0 254 2448 966
450 3061 665 3263
1690 1436 2448 3263
65 953 835 1233
1449 496 2448 763
0 2487 1827 3263
1377 2271 1612 2480
1795 1233 2448 1592
352 992 705 1175
0 972 1991 1729
894 1357 1227 1729
1534 2017 1932 2232
1449 600 2212 763
0 972 1991 1664
1586 2226 2017 2415
0 874 1782 1305
0 0 1175 163
0 1964 1945 2911
0 600 985 907
1024 900 2448 1390
1827 900 2448 1305
0 1664 202 1840
1710 496 2448 718
1631 2062 1932 2232
1024 920 2448 1390
894 1364 1227 1729
0 600 365 894
228 672 985 907
228 672 842 894
2023 2193 2297 2363
0 574 789 718
0 874 1684 1305
261 19 1175 163
0 483 2448 966
2128 2441 2448 2630
2212 2441 2448 2617
2212 2441 2343 2617
345 626 2448 966
0 1501 1292 2369
1814 1161 2278 1423
1135 1416 2082 2389
0 0 2284 313
1932 900 2448 1305
2193 1070 2448 1305
574 678 2448 966
1011 1964 1945 2696
261 19 920 163
326 874 1684 1305
1083 678 2448 874
0 254 2448 620
1488 0 2284 176
1083 691 2448 874
1083 737 1599 874
652 274 2448 443
0 483 1494 815
1690 2376 2448 3263
1690 2689 1840 2957
1769 2376 2448 3263
463 1501 933 1658
0 2656 1194 3263
0 2121 1403 2911
0 1521 1292 2369
1109 1964 1945 2696
1932 900 2448 1109
228 672 665 894
326 874 1299 1129
574 678 2245 966
574 678 2167 966
470 1880 1077 2369
470 1880 985 2369
456 985 1684 1305
1514 691 2448 868
1135 1416 2030 2226
1240 1507 1710 2226
1057 776 2167 966
1240 1638 1684 2226
0 1142 1991 1664
1011 2049 1351 2428
1109 1964 1566 2591
470 1880 815 2369
470 2108 770 2369
0 2160 1403 2911
1325 1853 2082 2389
574 678 1207 881
1135 1416 2030 2030
652 300 1775 443
1148 391 2448 620
620 2487 1827 3263
1377 2487 1827 3263
1396 2878 1827 3263
1396 2924 1827 3263
1396 2924 1742 3172
0 2656 848 3263
65 3035 496 3263
1377 2487 1814 2957
0 1142 1090 1664
1109 1964 1566 2363
1449 3002 1827 3263
620 2578 1521 3263
620 2937 1220 3263
1697 1436 2448 2878
1925 2258 2448 2878
1925 2343 2448 2878
0 254 1534 607
1808 691 2448 868
0 1521 1292 2265
0 1618 437 2167
0 1736 437 2167
1442 1507 2030 2030
2252 2637 2448 2996
1377 2624 1736 2957
372 1142 1090 1664
0 254 665 528
620 2996 1168 3263
796 2996 1168 3263
1880 698 2448 868
1122 2578 1521 3263
1129 2813 1521 3263
1697 1436 2448 2369
1795 2376 2448 3263
1808 2376 2069 2793
143 1521 1292 2265
143 1599 835 2265
1769 2820 2239 3263
1697 1782 2448 2369
1697 1847 2297 2284
789 1521 1292 2082
1442 1625 2030 2030
143 1756 809 2265
0 0 2448 2395
0 1246 2448 3263
1488 528 2448 724
430 6 920 137
0 757 1305 1044
0 757 1305 1005
0 783 1305 1005
0 0 2448 1436
0 907 2448 2395
1873 2226 2389 2532
0 0 2448 626
0 0 2448 470
0 0 2448 300
1318 1873 1625 2265
0 2519 1481 3218
809 2519 1481 3198
1331 359 2448 626
770 1925 1612 2369
770 1925 1560 2363
770 1938 1560 2363
1155 1906 1821 2441
0 254 2448 470
300 274 2448 470
1331 359 2448 607
0 339 2448 1436
0 339 2448 992
0 483 2448 992
0 1351 2448 3263
874 1246 1122 1540
770 1958 933 2154
1018 900 2448 1436
1736 920 2141 1168
0 339 1586 620
0 600 280 757
868 1938 1560 2363
0 522 2448 992
0 1351 1364 2885
0 1351 1279 2382
0 1351 926 1997
0 1762 2448 3263
1357 2572 1534 2807
1364 2572 1534 2722
0 1383 1279 2382
0 907 2448 1664
0 483 868 613
1507 678 2448 861
1507 691 1945 842
1357 2676 1521 2807
718 1383 1279 2141
0 339 1521 620
1161 1762 2147 2839
0 907 959 1631
0 1710 842 2382
1344 1762 2147 2408
293 626 633 796
1018 900 2448 1423
489 600 2448 992
0 52 2448 300
1344 1762 2147 2389
626 979 2448 1664
718 1599 953 1932
0 2317 2448 3263
339 274 2448 417
1161 2232 2075 2839
515 2317 2448 3263
613 639 2448 992
0 522 1958 731
1344 1762 2082 2389
515 2408 2448 3263
1344 1762 2075 2389
430 417 1521 620
1814 678 2448 861
796 2408 2448 3263
1175 2408 2448 3263
613 639 2004 874
1070 639 2004 815
1396 639 2004 776
515 3087 848 3263
1175 2493 1827 3002
1070 737 2448 992
1396 2408 2448 3263
2017 2754 2448 3263
620 3087 848 3263
1207 3042 1494 3263
0 3028 567 3263
796 3002 1318 3263
2017 2852 2448 3263
0 2748 874 3218
1175 2669 1814 3002
809 2578 1481 3198
1560 2493 1827 2709
2141 2434 2297 2572
1521 2304 2075 2839
1024 2284 1168 2415
1481 2239 1612 2369
1161 2232 1612 2683
1873 2226 2297 2532
1246 2226 1462 2376
1605 2212 1964 2408
1449 2128 1821 2441
0 2102 1364 2885
1266 2075 1560 2363
1631 2036 1971 2193
1325 2017 1527 2206
1547 1991 2075 2389
1031 1977 1272 2141
868 1938 1331 2284
1155 1906 1547 2239
1318 1873 1560 2141
1155 1840 1338 2043
718 1775 868 1932
1344 1762 1971 2102
1227 1742 1449 1991
1161 1697 1357 1847
1449 1612 1631 1749
802 1599 953 1808
0 1566 868 1997
1161 1442 2448 2395
2121 1403 2448 1664
763 1383 1279 2141
496 1351 926 1690
874 1246 1096 1540
0 1122 959 1631
2232 998 2448 1240
626 979 2160 1631
1951 953 2141 1168
1018 953 2448 1423
352 933 835 1207
1736 920 1991 1051
1821 913 2082 1057
0 907 639 1246
1951 900 2448 1135
2036 802 2448 953
1070 737 2167 992
1547 705 1945 842
607 685 757 815
1814 678 2448 848
613 672 1272 874
1070 665 1462 815
0 652 404 842
1396 639 1677 776
332 626 633 796
489 600 809 757
0 600 137 757
1945 594 2448 724
796 580 1958 731
0 522 894 691
646 417 1521 620
339 274 2356 417
0 254 580 404
215 52 2448 300
0 0 1037 156
0 802 2448 3263
0 0 2448 1051
0 0 2448 1005
0 1383 2448 3263
0 802 2448 2532
1155 1906 1964 2441
946 1925 1272 2212
0 907 2160 1690
0 1383 1638 2885
143 319 1449 502
0 2239 2448 3263
0 522 894 815
1377 2617 1677 2787
1018 802 2448 2532
1161 1403 2448 2532
1018 802 2448 1436
1031 1925 1272 2141
0 254 2448 1005
1070 437 2448 815
1286 437 2056 613
1377 2630 1631 2787
300 372 1449 502
0 1383 1357 2382
1070 548 2448 815
1161 1442 2448 2532
1827 71 2448 208
1064 1011 1814 1155
0 2493 1827 3263
1279 2519 1534 2722
0 979 2160 1690
1396 2239 2448 3263
0 254 2448 639
0 580 2448 1005
0 580 2167 1005
0 600 992 907
0 0 2448 156
0 907 835 1266
0 907 835 1246
1396 2304 2448 3263
0 1938 1638 2885
1325 2017 1625 2265
0 600 633 842
0 600 404 842
868 1938 1638 2683
796 580 2023 731
0 672 2167 1005
0 254 2448 607
221 417 1521 620
1070 594 2448 815
1951 900 2448 1240
0 522 894 757
796 2493 1827 3263
0 254 2356 528
1331 287 2448 607
868 1938 1612 2683
613 672 2167 992
0 2748 874 3263
0 1122 959 1690
0 254 580 528
796 2578 1481 3263
0 1566 868 2382
1148 1867 1840 2448
319 2467 672 2676
874 1253 1031 1527
365 809 972 940
979 476 2448 718
979 476 2448 698
26 2493 280 2722
0 1201 143 1390
0 0 2448 463
0 274 2448 3263
913 979 1390 1122
1188 1638 1690 2121
1188 1638 1690 1984
1370 2611 1534 2780
1560 1383 2363 1697
0 248 2448 463
0 0 2448 319
1188 1769 1423 1984
0 998 920 2128
0 1155 920 2128
0 1155 920 2036
0 998 881 1573
430 2676 926 2996
639 2676 926 2996
698 2676 926 2996
0 998 763 1573
0 1207 496 1573
1148 1886 1840 2448
476 548 900 691
221 998 763 1403
750 2278 1396 2741
750 2350 1396 2741
58 1625 248 2036
0 1103 2448 3263
1964 2421 2265 2604
0 274 2448 1716
1560 1383 2363 1605
1560 1390 2363 1605
1560 1390 2206 1605
1233 1867 1840 2376
959 2350 1396 2741
926 2167 1579 2891
1122 2199 1579 2891
1122 2199 1442 2891
1129 2199 1442 2735
979 476 2448 639
1129 2467 1442 2735
1605 972 2206 1246
1945 306 2448 463
476 548 809 691
783 633 1103 763
332 1175 626 1403
1325 1873 1638 2121
1070 1077 2291 1716
1070 1077 2291 1514
1070 1077 2291 1481
1070 1090 1553 1481
1207 2767 1677 3126
339 2356 626 2578
1808 1899 2082 2265
1579 1762 1880 1932
0 274 2448 1423
0 887 815 1423
0 274 2448 1416
1331 1142 1690 1377
1651 2558 1971 2911
0 992 522 1423
1292 1077 2291 1416
1494 1142 2291 1416
802 1390 1161 1684
1769 1155 2291 1390
1207 2767 1612 3042
1475 1507 1912 1716
0 274 2448 1168
646 1051 1253 1416
2128 1481 2337 1697
2239 2676 2415 2963
646 1051 1253 1390
646 1051 1253 1357
0 2774 1279 3263
228 267 2448 463
228 267 2056 463
228 267 1344 463
1840 274 2448 404
0 274 2448 1122
1984 1808 2448 2428
1808 1403 2206 1605
0 0 2108 319
0 0 2017 319
0 0 1795 293
0 274 2448 972
13 3035 580 3263
228 267 881 463
0 992 522 1246
1233 2702 1645 2924
1383 2702 1645 2924
0 1331 2036 2989
0 1631 1175 2989
0 1631 1175 2480
0 19 1521 293
0 19 1083 293
463 143 1083 293
0 2017 1175 2480
0 1155 920 2017
0 1631 744 2291
0 19 926 248
0 2774 1214 3263
143 2774 1214 3263
456 2774 1214 3263
691 652 2448 1122
561 1331 2036 2696
1109 1958 2036 2696
1279 2199 2036 2696
221 998 763 1214
0 2245 1116 2989
0 2245 1051 2989
0 365 2448 972
0 515 2115 972
0 365 2448 639
0 992 522 1142
1044 652 2448 1122
1501 476 2448 633
1142 1103 2448 3263
1442 2487 1827 2839
0 574 2115 972
561 1331 1475 2108
561 1377 953 1710
515 2774 1214 3263
515 2957 822 3263
0 2017 1077 2480
633 2017 1077 2376
1501 476 2278 607
1984 1808 2448 2408
0 1410 920 2017
0 574 1860 972
2030 1103 2448 1455
1710 58 2448 208
0 274 483 443
0 2245 1051 2944
0 1697 208 2186
620 2774 1214 3263
0 2069 829 2480
0 887 815 1103
0 2376 665 2944
2030 1175 2448 1455
1344 163 2017 319
137 1631 744 2291
1109 1958 1475 2284
920 0 1795 176
1142 1449 2448 3263
372 2069 829 2480
137 1631 659 2291
763 1331 1475 2108
0 19 744 248
1442 2487 1729 2839
0 574 1860 953
1135 365 2448 561
1357 365 2448 561
2030 1175 2448 1416
0 2376 398 2702
763 1540 1475 2108
763 1540 1475 2075
1044 887 2363 1122
0 372 1560 639
13 3035 489 3263
496 2245 1051 2741
496 2395 848 2741
496 2519 783 2741
0 372 1560 587
0 2395 182 2702
1723 1729 2173 2043
698 1051 1253 1357
0 887 463 1103
1507 2493 1827 2709
1964 2637 2186 2813
1853 1729 2173 1932
0 378 1560 587
1527 887 2363 1122
698 1051 1161 1357
620 2774 1142 3263
0 2624 665 2944
0 620 1860 953
1481 2212 2036 2696
137 1631 659 2193
137 1671 659 2193
835 1540 1475 2075
0 378 1240 587
0 620 1684 953
91 620 1684 953
91 633 711 894
1991 946 2448 1168
91 633 496 894
0 2167 385 2389
1436 1449 2448 2650
137 1671 626 2193
1142 2585 2448 3263
1142 2598 2448 3263
2056 2598 2448 2931
0 2624 665 2878
861 2774 1142 3113
0 378 1018 587
0 378 718 548
0 887 463 1037
1436 1449 2448 2598
150 1410 920 2017
0 2683 274 2878
1690 2839 2121 3205
1357 365 2343 561
1658 2428 2036 2696
2102 2598 2448 2807
163 1671 626 2193
163 1671 515 2108
163 1729 483 2108
169 1729 483 2082
378 620 1684 953
378 620 1684 920
378 620 1455 920
378 620 1161 907
613 737 1161 907
13 3035 365 3263
1984 58 2448 208
1142 2702 2265 3263
1547 365 2343 561
2206 2683 2448 3146
2219 2683 2448 3146
1436 1449 2448 2532
1697 2141 2448 2532
372 2134 711 2480
221 1671 515 1860
933 1540 1475 2075
0 417 718 548
1044 1540 1475 1834
1893 652 2448 926
1436 1449 2448 2193
1684 1449 2448 2082
1227 718 1684 881
1873 2226 2448 2532
1984 1919 2448 2408
1436 1618 1971 2193
1808 1449 2448 2082
1808 1449 2448 2062
1945 1782 2434 2062
1984 1782 2434 1964
1808 2702 2265 3263
1912 2702 2265 3263
1912 2702 2265 3166
1808 1449 2448 1821
1808 1494 2448 1821
1573 1906 1971 2193
1690 2839 1964 3205
1756 2839 1964 3205
1436 1618 1814 1984
1161 1566 1475 1834
1984 2226 2448 2506
1984 2226 2271 2480
1827 1540 2448 1821
1142 2872 1808 3263
1044 1540 1357 1795
933 1703 1253 2075
359 1566 920 2017
1142 2872 1592 3263
1984 1919 2343 2265
71 3120 280 3263
2160 3113 2356 3263
1488 3113 1853 3263
326 3113 489 3263
515 3094 678 3263
1808 3087 1997 3263
2265 3081 2448 3263
868 3074 1037 3263
2062 3061 2258 3263
1194 3061 1592 3263
953 3061 1181 3263
365 3035 580 3263
1116 3009 1279 3263
1756 2983 1886 3205
1540 2976 1808 3205
1853 2957 2121 3185
613 2957 822 3263
456 2944 665 3100
2219 2918 2448 3146
1377 2904 1625 3126
0 2904 235 3172
1690 2872 1827 3074
1142 2872 1547 3244
2017 2865 2265 3166
1592 2865 1736 3035
143 2865 515 3139
2206 2852 2389 2983
1044 2852 1214 3120
456 2852 659 2989
1762 2839 1964 3028
620 2826 953 3263
861 2813 1116 3113
2245 2793 2415 2963
1383 2780 1612 3002
985 2774 1142 2911
1207 2767 1468 3042
1573 2754 1710 2898
430 2754 744 2891
1795 2741 1971 2911
2056 2728 2252 2931
0 2709 274 2878
1912 2702 2128 2970
1383 2702 1605 2872
1122 2696 1286 2891
0 2683 137 2813
2239 2676 2389 2833
698 2676 913 2885
1964 2643 2167 2813
1507 2630 1729 2839
829 2624 1116 2754
267 2624 665 2878
815 2617 1155 2859
2265 2598 2448 2761
2102 2598 2337 2807
150 2598 417 2820
91 2591 274 2722
1899 2585 2075 2728
1651 2558 1945 2839
1625 2545 1827 2709
757 2539 894 2689
496 2539 659 2735
574 2519 783 2741
1507 2493 1775 2696
26 2493 280 2643
1442 2487 1599 2709
319 2467 561 2676
1880 2448 2036 2630
2226 2434 2448 2598
1658 2428 1919 2696
750 2402 1044 2650
646 2395 848 2604
0 2395 182 2539
339 2376 476 2578
130 2376 398 2604
1383 2369 1579 2604
959 2356 1207 2741
450 2356 626 2513
1168 2350 1396 2591
1873 2317 2265 2532
1984 2304 2271 2480
2193 2278 2448 2428
0 2252 332 2415
822 2245 1051 2487
1997 2226 2252 2376
300 2219 470 2461
1481 2212 1782 2532
372 2212 594 2434
1279 2199 1521 2369
1188 2199 1403 2539
926 2167 1220 2376
189 2167 385 2350
0 2167 208 2389
2212 2147 2376 2350
1697 2141 2056 2421
561 2134 711 2480
1423 2121 1840 2448
398 2121 541 2265
189 2115 463 2245
1227 2102 1475 2284
613 2069 829 2330
2278 2062 2448 2408
1514 2062 1840 2376
953 2049 1175 2206
