0 0 2448 3263
718 0 2448 861
2010 2291 2278 2722
2010 2291 2265 2630
2030 2291 2265 2630
1077 920 2330 1599
1031 0 2448 417
215 3133 417 3263
2147 2558 2278 2722
0 143 2448 3263
985 143 2134 535
0 254 2448 3263
0 0 1051 378
0 0 1051 319
450 0 1051 143
1507 731 1840 894
241 124 907 378
842 2793 1403 3263
2108 2617 2395 2865
1259 0 2448 235
241 124 822 378
241 124 822 326
1240 143 2134 535
1351 195 2134 535
750 254 2448 2591
750 254 2448 2578
972 1423 2297 2578
1175 776 1455 972
1488 261 2134 535
1488 261 2134 502
1880 1795 2297 2069
750 254 2448 2493
1775 2017 2448 2493
1860 2017 2448 2493
1860 2069 2141 2493
0 443 2448 3263
182 2206 378 2578
182 2206 365 2578
1977 2017 2448 2448
1488 261 2115 483
1488 261 1951 483
1612 261 1951 483
750 254 2448 2265
750 254 2448 1155
1618 1031 2448 2265
1618 1031 2448 2206
750 254 1638 933
1449 0 2448 137
1716 2265 1853 2591
0 443 1338 2088
0 1240 718 2088
750 254 1638 855
0 1220 2448 3263
1795 646 2395 842
1951 646 2395 842
874 1984 1703 2630
0 443 1338 1383
0 463 1338 1383
1775 2023 1925 2356
1671 1031 2448 2206
274 2493 711 3179
274 2493 672 3179
0 463 1325 1383
0 567 1325 1383
907 3094 1077 3263
2108 2637 2245 2865
1259 0 2291 228
920 2186 2448 3263
0 659 535 1286
998 2186 2448 3263
2017 2232 2448 2787
2017 2232 2448 2728
1455 731 2448 1155
1671 1031 2448 2010
1220 522 1573 672
1671 1207 2448 2010
0 1220 1233 3263
809 2278 966 2624
1860 2069 2141 2454
274 2572 665 3179
274 2572 665 3081
254 835 685 1109
998 2186 2219 3263
509 2578 992 3205
1436 2519 2219 3263
1436 2604 2219 3263
378 1788 802 2297
1351 1991 1703 2630
1436 2669 2004 3263
998 2186 1599 3263
104 567 1325 1383
300 2761 665 3081
998 2186 1534 3048
998 2467 1534 3048
1840 1207 2448 2010
1840 1299 2448 2010
1031 2186 1364 2813
1344 2774 1599 3263
0 1893 633 3263
0 2526 561 3263
711 2578 992 3205
2017 2232 2291 2598
509 2872 829 3126
998 2467 1534 3035
1507 2741 2004 3263
1847 731 2448 1155
1677 2741 2004 3263
541 1220 1233 2944
561 1220 1233 2062
561 1220 1233 1964
561 1220 1233 1932
744 2578 992 3002
0 1893 633 2689
1782 2735 2448 3263
541 2004 1005 2944
607 1220 1233 1651
874 1984 1481 2591
1351 1991 1599 2630
639 2004 1005 2330
907 3113 1051 3263
2128 3015 2330 3263
711 3002 946 3205
483 3002 933 3263
1684 2957 1860 3263
509 2911 691 3126
1344 2898 1599 3263
1507 2878 1769 3263
665 2872 829 3048
300 2839 509 3081
1122 2820 1331 3022
744 2820 913 3002
1782 2800 2212 3263
1044 2787 1227 3048
0 2787 208 3192
496 2761 665 3009
1677 2741 2004 2970
2186 2735 2448 3263
2108 2728 2245 2865
1312 2689 1534 2839
1436 2669 1716 2950
1605 2663 1795 2826
2206 2617 2395 2793
1912 2604 2219 3055
848 2578 992 2852
2310 2572 2448 2787
274 2572 620 2904
1938 2519 2167 2735
998 2467 1449 3035
1011 2415 1142 2637
1716 2395 1853 2591
2304 2376 2448 2526
1031 2376 1364 2813
809 2376 966 2624
2206 2363 2448 2728
2095 2337 2265 2630
1344 2304 1984 2826
2115 2291 2291 2598
182 2265 359 2578
2017 2232 2271 2415
228 2206 365 2350
2147 2199 2448 2448
541 2193 920 2944
1410 2180 1586 2630
731 2180 874 2369
1860 2154 2010 2454
319 2141 633 2689
1899 2134 2049 2408
1135 2134 1481 2591
822 2108 979 2330
2304 2088 2448 2265
2232 2069 2402 2271
1873 2069 2141 2284
1527 2049 1703 2389
1977 2017 2252 2265
2219 2010 2369 2167
639 2004 1005 2252
1351 1991 1599 2291
874 1984 1181 2572
2226 1906 2448 2206
2115 1906 2297 2049
0 1893 489 2656
1840 1873 2036 2069
280 1873 417 2108
757 1808 1090 2062
378 1801 802 2297
1880 1795 2121 2069
548 1788 750 2049
783 1756 940 1964
1925 1716 2199 1951
940 1664 1155 1893
1671 1605 1977 1840
561 1566 1005 1932
1749 1481 2004 1638
972 1423 2075 2578
0 1370 450 2088
607 1292 1018 1651
0 1240 718 1860
920 1220 1233 1560
1853 1207 2154 1410
1220 1057 1377 1207
2186 1031 2448 1462
2023 953 2265 1155
254 907 535 1109
489 835 685 979
1455 822 2062 1044
1175 776 1383 926
1507 763 1658 894
1847 731 2448 1096
1625 731 1840 887
1331 731 1534 933
104 705 1325 1383
0 685 535 1286
0 659 261 900
2108 646 2317 802
437 567 933 744
1220 522 1370 672
456 483 698 613
822 476 1638 855
319 463 574 600
2128 443 2337 580
1044 332 1331 463
1612 261 1925 391
750 254 1207 600
0 241 874 718
985 182 1658 489
626 182 907 352
437 124 822 326
1605 97 2291 228
2017 78 2448 208
1801 0 2448 137
1370 0 1997 163
0 0 757 319
2030 2291 2278 2722
0 1031 2448 3263
0 0 2448 1638
0 1194 1292 3263
0 0 2448 861
0 659 2448 1638
300 1031 2448 3263
972 1031 2448 2826
300 2467 2448 3263
2043 1912 2199 2154
2219 2010 2402 2271
1370 0 2448 208
594 0 1051 143
0 659 1338 1383
2017 646 2317 815
1077 672 2448 1638
1129 979 1338 1161
1612 261 2115 483
972 1423 2075 2826
0 0 1729 855
241 130 574 313
241 130 574 267
0 659 1325 1383
319 443 933 744
437 443 933 744
437 548 933 744
0 1220 1233 2193
483 2467 2448 3263
1031 2787 1383 3074
1031 2787 1331 3074
1031 2787 1227 3074
1671 1031 2448 2800
0 1220 1233 2088
1331 672 2448 1155
1605 97 2448 235
1449 0 2448 208
0 1664 1181 3263
0 1801 802 3263
221 1873 417 2193
1860 2017 2448 2800
1860 2017 2448 2787
1860 2069 2291 2735
985 182 1729 489
2167 2565 2395 2793
731 2180 940 2389
1455 672 2448 1155
300 2839 580 3179
541 1664 1181 2944
1860 2069 2291 2598
1077 920 2330 1638
1312 2604 2448 3263
0 2787 208 3263
1899 2134 2167 2735
0 0 1638 855
0 0 907 352
437 124 907 352
1977 2017 2448 2787
2206 2363 2448 2787
1749 1481 2167 1638
1938 2350 2167 2735
1873 2069 2291 2598
0 1240 1018 2088
1031 1991 1984 2826
1527 2049 1703 2558
483 2467 1599 3263
483 3002 946 3263
1736 0 2448 137
1840 1031 2448 2206
496 2467 1599 3263
496 2761 829 3126
0 241 1638 855
496 2761 691 3126
744 2467 1599 3263
1312 2669 1716 2950
842 2467 1599 3263
1671 1605 2199 2069
1455 731 2448 1096
1880 1716 2199 2069
1031 2134 1984 2826
0 2141 633 3263
1507 2604 2448 3263
541 1808 1181 2944
639 1808 1181 2572
1840 1031 2448 2010
274 2141 633 2904
1782 2604 2448 3263
561 1292 1018 1932
1135 2134 1586 2630
0 1801 802 2656
1031 2304 1984 2826
639 1808 1090 2252
842 2793 1599 3263
1782 2604 2219 3263
0 0 2448 1651
979 319 1331 463
1188 1011 1370 1318
0 763 2448 3263
1161 0 2448 417
0 815 2448 3263
1880 2043 2408 2807
1880 2088 2408 2807
1880 2088 2271 2683
1899 2134 2082 2506
456 1977 2448 3263
1488 332 2108 502
1259 0 2448 293
1246 815 2448 1155
1455 848 2448 1155
2017 855 2448 1155
1762 1893 2448 2793
1964 2010 2448 2793
2075 2141 2448 2793
1821 718 2415 848
1938 2519 2219 2865
1762 1893 2448 2376
0 1031 2448 2656
1762 1893 2421 2376
1906 1893 2421 2271
1906 1958 2421 2271
1906 1958 2252 2173
1605 97 2448 293
2108 2219 2448 2793
1051 2767 1638 3263
300 130 718 359
0 2265 829 3263
1051 2767 1494 3159
789 1514 1436 1906
1449 1540 1605 1697
789 1514 1344 1906
1762 1951 1958 2376
1618 1031 2448 2128
1305 1984 1788 2454
274 2519 829 3237
0 1233 2088 2656
789 1651 1344 1906
1331 3113 1638 3263
1357 2983 1494 3159
489 2813 829 3237
1051 2767 1383 3074
2017 2696 2219 2865
2206 2656 2408 2807
855 2637 992 2891
1938 2519 2219 2800
274 2519 711 3009
2134 2467 2317 2702
2056 2448 2278 2722
522 2441 672 2611
940 2415 1103 2715
1938 2369 2082 2506
1658 2265 1788 2454
0 2265 561 3263
1867 2199 2004 2376
1912 2147 2043 2356
2075 2141 2448 2448
2258 2082 2448 2265
2232 2069 2421 2271
1880 2043 2128 2219
2219 2010 2363 2167
1964 2010 2448 2441
1305 1984 1703 2363
2049 1971 2252 2173
1762 1951 1925 2134
2049 1893 2186 2030
535 1788 770 1971
0 1710 2088 2656
1449 1697 1618 1912
789 1664 1161 1906
1155 1651 1344 1808
972 1514 1103 1677
1618 1507 1886 1840
0 1233 1736 2102
1769 1031 2448 2128
1188 1011 1370 1207
2017 920 2278 1155
2017 855 2448 1083
1455 848 2075 1057
1246 815 1599 992
215 770 470 972
1507 763 1723 920
411 476 672 652
705 411 933 672
1631 332 2108 502
979 319 1246 463
404 215 718 359
1951 163 2448 293
1253 143 1723 313
2023 65 2448 208
1462 0 2448 137
1370 0 1932 137
0 1233 2448 3263
0 1977 2448 3263
1246 763 2448 2865
1246 815 2448 2865
887 2415 1103 2715
1455 848 2448 2865
2049 1945 2421 2271
2147 1945 2369 2167
2049 1971 2421 2271
1880 2043 2448 2448
1762 1951 2448 2865
1906 1958 2448 2441
1259 0 2448 208
1259 0 2154 156
1880 2088 2448 2865
1370 0 2154 156
1880 2088 2448 2793
1455 848 2448 2265
1938 2350 2219 2865
1462 0 2448 208
1331 2983 1638 3263
1938 2350 2219 2800
1455 848 2278 1155
0 2265 711 3263
1051 2767 1468 3074
1821 2088 2310 2735
1867 2088 2310 2735
1880 2088 2310 2735
306 235 894 541
1103 39 1997 280
1103 39 1906 254
306 235 894 502
306 235 848 502
979 1057 1468 1507
0 0 2448 711
0 32 2448 3263
0 372 365 724
0 417 365 724
0 0 1194 241
992 0 2448 711
992 110 1677 613
306 235 848 470
1840 1553 2448 2448
1925 1729 2448 2448
345 639 1710 2010
665 698 1710 2010
0 0 998 241
58 822 261 1011
665 731 1305 959
992 110 1605 613
1475 620 2304 1011
1651 620 2304 1011
1951 724 2304 1011
979 1057 1468 1370
1951 724 2212 953
1951 724 2186 953
0 2852 248 3192
1018 0 2448 711
1599 208 2448 711
1716 398 2258 711
13 0 998 241
1168 698 1710 2010
345 639 979 1135
1220 2441 1775 3263
1233 894 1710 2010
1240 894 1481 1122
0 509 215 678
992 110 1605 404
1096 110 1605 404
1096 110 1481 306
822 1756 1116 1925
1977 1729 2448 2448
1599 208 2448 502
1716 248 2448 502
483 509 920 731
1977 1912 2448 2448
1977 1958 2448 2448
1096 1083 1468 1370
130 0 998 241
1977 2010 2448 2448
345 835 894 1135
2088 319 2448 502
1018 0 2448 417
1410 0 2448 254
0 32 2448 1586
0 822 2448 3263
1618 985 1847 1227
0 117 2448 1586
626 2102 913 2369
52 1697 443 2062
1599 208 1853 365
815 32 1194 365
1801 0 2448 189
345 835 894 1090
1220 2696 1762 3263
1220 2696 1638 3263
1227 2800 1638 3263
1396 2075 1703 2363
1396 2075 1605 2337
0 117 541 319
1684 2323 2448 3263
1684 2617 2448 3263
1684 2741 2448 3263
1684 2839 2108 3263
182 1697 443 1958
0 156 2448 1586
1018 359 2448 1586
1018 502 2271 1077
1057 580 2271 1077
1299 620 2271 1077
626 2102 913 2304
874 32 1194 248
2095 2323 2448 2807
345 0 998 241
0 156 1416 1534
0 274 456 450
815 2199 1266 2741
1005 241 1416 391
1096 110 1481 267
1018 0 2448 319
1227 2833 1638 3263
1534 809 2271 1077
1253 359 2448 1586
1906 933 2448 1586
2245 933 2448 1188
1906 946 2448 1586
0 913 2448 3263
398 1220 718 1801
398 1220 718 1729
398 1357 659 1729
398 1357 659 1599
998 365 1553 613
1253 359 2448 972
1253 359 2448 802
1253 359 1867 691
1253 359 1756 691
1253 359 1736 691
1253 443 1736 691
815 2199 1266 2735
815 2199 1266 2663
874 2199 1266 2663
1011 2356 1266 2663
1873 2741 2448 3263
1233 1064 1710 2010
541 2493 672 2748
1736 1253 1886 1468
1018 0 1958 208
2069 652 2448 972
0 156 1122 1534
0 293 1122 1534
248 293 1122 744
248 293 1090 718
456 293 1090 613
2167 2376 2448 2807
1684 3081 2108 3263
737 822 1325 1756
274 2010 607 2669
287 2010 607 2669
287 2010 528 2669
0 672 672 1534
0 672 672 1423
1840 476 2448 802
1253 476 1703 691
2160 2617 2415 3068
1227 2898 1638 3263
1090 2395 1266 2663
0 672 672 1403
0 678 672 1403
287 2010 528 2617
319 2245 528 2617
0 678 580 1403
52 678 580 1403
202 737 580 1403
874 2199 1155 2630
1279 502 1703 691
1906 946 2448 1462
1840 620 2199 770
398 1357 659 1501
1873 2741 2408 3263
2088 2741 2408 3263
1390 913 2448 1997
1599 1396 1945 1840
1664 1566 1945 1840
1664 1566 1893 1840
1664 1566 1880 1840
554 1651 848 2069
554 1795 789 2069
1906 946 2376 1390
1906 946 2330 1292
202 776 561 1403
202 776 535 1403
1566 1077 2448 1997
737 913 1325 1756
1344 2898 1638 3263
1370 2898 1599 3211
0 953 2212 3263
1312 1769 2212 3153
1436 2395 2212 3153
0 953 1625 3263
737 913 1325 1697
737 913 1325 1625
737 913 1325 1207
881 913 1325 1122
757 1090 1109 1625
0 1494 378 2669
0 1494 378 2637
0 2317 267 2637
319 2317 528 2617
2095 2323 2363 2513
1788 881 2271 1077
1566 1161 2448 1997
1756 1188 2448 1997
202 776 535 1070
1840 1220 2448 1997
1840 1279 2448 1997
1840 1364 2448 1997
0 2232 1390 3263
483 2604 1390 3263
483 2604 959 3263
483 2931 959 3263
483 3002 959 3263
483 3113 874 3263
0 985 274 1351
1312 1769 2121 2709
1312 2317 1749 2709
1312 2317 1671 2709
1410 2317 1671 2630
0 1494 378 2363
1553 1769 2121 2448
757 1090 1077 1625
855 2820 1390 3263
1840 1220 2088 1351
1436 2421 2212 3153
1436 2689 1840 3153
0 2232 920 3263
1932 1364 2448 1997
0 998 176 1351
1729 2421 2212 2970
1951 2676 2173 2970
1416 39 2448 254
1416 39 2278 221
0 953 1625 3068
535 156 913 332
0 1494 300 2363
97 953 842 1847
0 1299 1625 3068
796 2265 1547 3009
796 2474 1279 3009
796 2643 1279 3009
0 1494 300 2186
417 2395 626 2813
933 2820 1390 3263
163 2232 920 3263
776 1299 1507 2036
776 1625 1305 2036
97 953 842 1795
97 1429 372 1618
1932 1364 2448 1912
1729 2421 2212 2898
1729 2421 2010 2898
1729 2532 1919 2898
1201 2265 1547 2931
1201 2265 1547 2807
261 953 842 1795
261 1547 496 1795
1253 2265 1547 2519
1553 1769 1964 2448
306 2232 920 3263
535 2232 920 2709
1436 2689 1840 3126
1873 2748 2186 3055
1605 1769 1964 2448
1031 1299 1507 1860
1906 946 2193 1292
1631 1860 1964 2448
776 1625 1070 1834
0 1769 1625 3068
607 1769 1625 2454
744 1769 1625 2454
744 1814 1625 2454
1051 1899 1625 2454
1122 1899 1625 2454
1122 1958 1370 2454
1122 2134 1312 2454
0 1880 705 3068
1932 1364 2310 1795
2069 1364 2310 1795
254 1880 705 2206
926 1697 1305 2036
313 953 842 1612
855 2643 1279 2944
306 2669 750 3263
972 2643 1279 2944
424 1442 835 1847
313 1103 842 1612
456 1109 842 1514
345 1880 705 2206
1906 2454 2212 2774
1011 2820 1390 3263
744 1814 1168 2350
744 1814 1168 2167
744 1814 1168 2062
0 1599 300 2186
757 1090 1077 1455
757 1090 1018 1455
0 1906 339 3068
306 2669 750 3218
489 2669 750 3218
0 2004 339 3068
0 2004 339 2878
58 2004 300 2337
0 1599 261 2186
0 2278 339 2878
1031 1344 1442 1860
345 1880 620 2199
0 1599 261 1977
1168 1540 1442 1860
489 2669 750 3146
1305 1899 1625 2291
2128 3120 2297 3263
1344 3113 1638 3263
672 3113 874 3263
1899 3100 2108 3263
861 3094 1083 3263
1684 3081 1958 3263
0 3081 385 3263
1527 3068 1762 3263
1436 3022 1599 3211
2180 3015 2408 3263
2010 3009 2219 3263
1011 3009 1299 3263
1227 3002 1403 3263
815 3002 959 3146
359 2989 554 3263
0 2963 176 3192
509 2937 705 3218
163 2931 339 3139
2219 2924 2415 3068
1507 2924 1671 3153
1370 2898 1540 3081
1540 2891 1840 3126
306 2865 489 3087
78 2852 248 3022
1808 2839 2102 3146
855 2839 1194 3087
1919 2833 2186 3055
1690 2826 1840 3028
1109 2820 1390 3081
2043 2793 2173 2970
156 2793 385 3048
274 2754 476 2924
2088 2741 2232 3061
1742 2735 1919 2898
489 2735 711 3146
2258 2715 2448 2963
1436 2689 1742 2931
1951 2676 2147 2813
855 2676 992 2859
1024 2643 1279 2898
972 2643 1135 2944
2160 2617 2310 3015
718 2604 933 2957
313 2604 587 3015
2049 2585 2212 2774
0 2585 319 2878
1312 2578 1501 2709
470 2578 626 2813
1729 2532 1919 2820
319 2532 509 2669
541 2493 672 2650
1201 2487 1475 2807
1005 2467 1155 2741
91 2467 267 2637
1906 2454 2134 2722
1364 2441 1775 2918
1827 2421 2010 2767
1410 2421 1579 2630
554 2415 920 2709
1716 2395 1860 2617
417 2395 580 2604
2252 2376 2448 2807
1011 2356 1207 2617
594 2350 757 2539
2095 2323 2323 2513
1462 2317 1671 2519
0 2317 215 2519
874 2310 1116 2630
718 2310 894 2467
1253 2297 1449 2519
1142 2278 1312 2454
176 2278 339 2656
1821 2258 1991 2487
326 2245 496 2441
2108 2239 2271 2415
2017 2232 2310 2735
535 2232 789 2500
2193 2173 2448 2448
1240 2173 1410 2408
1867 2147 2095 2572
104 2147 235 2363
1899 2134 2115 2506
1122 2134 1279 2323
874 2134 1005 2323
0 2128 163 2363
626 2102 842 2304
372 2095 665 2317
2245 2088 2448 2265
1880 2088 2160 2323
1436 2075 1605 2337
940 2075 1096 2350
522 2043 705 2206
1631 2023 1932 2448
2219 2010 2363 2173
1977 2010 2252 2258
287 2010 470 2284
770 2004 998 2167
58 2004 287 2180
1305 1984 1514 2212
1155 1958 1370 2226
1051 1958 1188 2219
0 1958 150 2186
607 1945 829 2180
254 1912 385 2115
1573 1906 1814 2278
156 1906 300 2056
1436 1899 1625 2291
411 1893 620 2199
345 1880 548 2069
1775 1860 1964 2088
979 1860 1168 2036
1553 1827 1697 2088
52 1827 202 2062
2258 1814 2448 1997
2043 1814 2193 1951
744 1814 1018 2062
385 1801 600 1932
1840 1795 2121 2108
554 1795 744 2043
182 1788 411 1958
1605 1769 1821 2010
1390 1769 1553 2030
822 1756 953 1906
1925 1749 2186 2030
1129 1742 1305 2036
2115 1729 2337 2049
1233 1723 1449 2010
1775 1716 1925 1899
424 1703 613 1847
926 1697 1155 1867
1664 1684 1834 1840
156 1684 300 1886
1168 1677 1344 1860
1808 1658 1945 1808
639 1651 848 1932
776 1625 966 1834
19 1599 261 1775
0 1599 169 1977
2278 1592 2448 1912
261 1592 430 1729
966 1573 1188 1756
1671 1566 1880 1710
2265 1553 2395 1782
1840 1553 2082 1827
130 1553 280 1684
470 1540 646 1729
2160 1534 2310 1795
2030 1534 2258 1834
815 1534 1018 1697
0 1494 189 1697
2297 1468 2448 1631
665 1449 802 1625
522 1442 835 1814
398 1436 567 1599
97 1436 254 1573
228 1429 372 1618
1932 1416 2128 1599
789 1416 1051 1625
1599 1396 1886 1664
1325 1383 1540 1651
215 1383 345 1514
2069 1364 2212 1586
1840 1364 1977 1579
1031 1344 1259 1729
0 1338 182 1534
2121 1305 2448 1586
1214 1299 1507 1586
1867 1279 2154 1501
979 1279 1109 1553
1070 1246 1201 1410
600 1233 842 1514
1168 1201 1312 1507
1756 1188 1958 1344
2186 1181 2376 1390
2108 1168 2265 1377
757 1168 887 1377
1566 1161 1814 1423
1096 1109 1325 1266
456 1109 815 1383
2010 1103 2193 1292
313 1103 515 1612
32 1096 300 1455
770 1090 1018 1455
1279 1083 1468 1370
1925 1077 2069 1279
1586 1077 1756 1259
1364 1064 1710 1906
979 1057 1357 1325
2108 1044 2330 1207
2258 1031 2448 1188
1795 1018 1971 1246
1462 1011 1599 1240
0 998 176 1181
228 992 430 1403
1618 985 1847 1135
117 985 274 1116
737 959 940 1207
404 953 763 1344
352 953 561 1135
1906 946 2134 1135
672 940 855 1135
345 940 535 1090
2245 933 2448 1090
2023 926 2271 1077
881 920 1253 1122
1390 913 1664 1116
1109 913 1325 1083
1292 894 1481 1122
78 881 261 1011
1455 848 1638 992
522 835 894 1031
0 829 169 1083
848 822 1031 966
1534 809 1938 1057
2069 796 2376 972
1977 796 2141 953
202 776 483 1070
169 770 365 953
496 757 672 913
1599 737 1788 868
424 737 580 933
900 731 1305 959
248 731 443 861
1168 698 1442 907
52 678 541 861
0 672 235 868
2297 652 2448 953
522 639 979 848
1840 620 2049 770
1651 620 2030 913
1299 620 1664 933
1057 580 1370 776
110 580 365 724
248 522 600 718
483 509 907 731
1488 502 1703 691
1018 502 1168 672
822 483 1070 678
2108 476 2448 802
1475 443 1736 587
456 443 835 613
0 417 326 607
998 411 1318 613
1716 398 2258 665
267 398 509 554
1168 365 1553 528
1553 345 1919 483
450 332 848 470
2088 319 2421 470
815 293 1090 522
2219 261 2448 417
1716 248 2258 411
1005 248 1207 391
1109 241 1416 391
306 235 652 398
1488 221 1677 398
1396 221 1605 404
815 215 1194 365
1599 208 1853 339
1867 189 2448 319
