0 0 2448 3263
0 1351 280 1690
326 117 1416 274
326 117 900 274
0 254 1188 1207
0 254 1188 613
0 254 783 613
0 254 783 600
672 378 1175 1207
672 378 1096 1207
306 1253 548 1710
306 1253 548 1618
940 2219 1997 3139
0 2219 241 2526
0 0 2448 306
0 176 2448 3263
0 1116 2448 3263
1416 3042 1631 3263
1129 2350 1579 2598
0 1142 2448 3263
104 1808 613 2128
0 1736 130 1971
0 176 2448 1997
91 437 359 639
0 450 1344 1997
672 378 1031 1064
672 502 1031 1064
1573 2075 1997 2611
404 176 2448 1573
52 2976 633 3263
280 2983 633 3263
0 58 1246 306
2173 1599 2448 1756
750 0 2448 143
1801 2082 2062 2337
1801 2082 2062 2304
0 58 946 306
0 91 352 306
2030 0 2448 130
489 1272 913 1867
1175 2350 1579 2565
953 744 2448 1573
0 450 1344 1991
411 1142 1344 1710
1161 2271 1997 3139
1305 2271 1997 3139
404 176 2448 1096
1129 2448 1573 2598
940 2219 1279 2663
979 1142 2448 3263
1305 2702 1664 3028
404 176 2030 391
0 1494 1403 3263
52 2976 391 3263
509 835 757 1181
509 907 757 1181
737 248 2448 1096
737 359 2448 1096
750 0 2343 143
953 744 2448 1344
0 1945 1403 3263
0 2454 1403 3263
208 2865 450 3035
1253 2793 1579 3263
0 450 776 1991
509 907 757 1175
221 1527 757 1886
221 1553 757 1886
221 1742 489 1886
541 470 855 829
1070 248 2448 685
1253 2793 1507 3263
0 1945 744 2754
0 2030 744 2754
0 2030 744 2663
0 2030 744 2656
124 2030 744 2643
124 2115 470 2643
953 744 2441 1272
1233 2572 1769 2911
541 470 855 776
691 470 855 711
1514 705 2448 1096
0 2937 143 3263
0 2937 143 3231
0 450 776 1951
0 450 776 1860
0 450 776 1736
208 2865 450 3009
1233 2572 1697 2826
489 1403 913 1867
378 1553 757 1769
1919 1788 2448 2291
0 1945 182 2389
2010 1168 2448 1344
1410 1142 2023 1331
1423 2728 1899 3263
215 2030 744 2245
0 450 776 1494
1286 1697 1488 2160
979 1142 2356 1782
979 1142 2356 1769
979 1142 2284 1769
0 450 776 1312
979 1142 1991 1579
1188 1142 1991 1429
450 1494 1194 2722
737 359 1762 920
953 744 2239 1272
0 2937 143 3159
953 744 2239 1233
1919 1886 2448 2291
1142 1579 2448 3263
737 359 1762 861
215 2030 672 2212
378 2030 672 2167
1964 1338 2448 1573
0 450 763 1312
953 809 2239 1233
1070 293 2448 685
1070 300 2448 685
404 195 1860 391
1142 1579 2062 2297
1142 1579 2062 2239
1129 809 2239 1233
1736 2545 2088 2839
1129 809 2239 1161
1266 1253 2284 1769
0 502 594 1312
0 548 208 744
0 567 594 1312
1638 2095 2448 3263
1742 2095 2448 3263
1821 2787 2193 3100
737 359 1514 809
1266 1370 2239 1769
1142 1579 1932 2239
1129 809 1984 1161
1867 1253 2284 1455
737 359 1514 737
737 359 1396 665
1742 2095 2448 2833
1886 2095 2448 2833
1488 887 1984 1122
1886 2160 2448 2833
1331 1762 1932 2239
2036 2748 2448 3263
2134 2748 2448 3263
1129 809 1899 1161
1534 1579 2448 2010
0 567 594 1083
0 567 587 966
0 567 398 966
182 985 567 1312
91 567 398 966
1514 705 2448 998
1638 3126 1932 3263
1867 3061 2219 3263
1958 3028 2128 3231
1481 2989 1612 3146
1821 2983 1964 3192
2134 2970 2448 3263
13 2937 143 3159
535 2904 672 3055
907 2878 1403 3263
1964 2820 2193 3100
2147 2807 2363 3192
1253 2793 1507 3139
1821 2787 2056 3009
2036 2780 2232 2931
1064 2767 1214 2918
1390 2741 1664 3028
2180 2709 2356 2846
1051 2591 1272 2826
1396 2572 1697 2826
1233 2572 1423 2761
1736 2545 2088 2787
509 2532 652 2683
1932 2506 2128 2696
1991 2493 2448 2833
1742 2480 1977 2676
1338 2467 1573 2598
0 2461 215 2656
1540 2454 1997 3139
0 2454 1142 3263
1129 2448 1442 2591
1129 2363 1312 2526
124 2323 470 2643
0 2317 241 2526
1161 2297 1436 2428
1305 2271 1723 2578
940 2219 1259 2565
19 2219 221 2389
1351 2173 1553 2382
1886 2160 2421 2650
1847 2147 2023 2337
1801 2128 2062 2304
1455 2115 1697 2297
221 2115 802 2585
150 2115 300 2369
0 2108 182 2389
1906 2095 2193 2356
1299 2082 1429 2245
215 2082 391 2212
509 2030 672 2167
1618 2010 1932 2232
0 1997 150 2291
1827 1991 2062 2154
0 1945 182 2167
1286 1938 1488 2160
124 1834 430 1991
163 1808 613 2128
2265 1788 2448 1919
1331 1762 1821 2239
1951 1697 2448 1925
1286 1697 1423 1984
998 1690 1377 2376
450 1690 750 2036
1383 1664 1729 1880
143 1631 424 1860
0 1605 228 1951
378 1599 672 1769
1534 1579 2102 2010
1142 1579 1410 1795
913 1566 1181 1762
1795 1540 2239 1769
404 1527 620 1697
306 1521 443 1710
496 1494 1194 2722
97 1462 352 1736
71 1455 280 1690
489 1449 678 1605
241 1429 372 1618
326 1416 548 1618
0 1410 156 1664
580 1403 913 1867
1266 1370 2082 1742
0 1351 215 1553
2102 1338 2448 1573
1410 1299 1991 1429
19 1279 398 1494
411 1266 678 1468
306 1253 496 1442
0 1227 241 1357
979 1214 1429 1579
2010 1168 2448 1325
378 1168 580 1318
1410 1142 2023 1312
1188 1142 1618 1325
450 1142 1344 1710
1507 1077 2010 1233
91 1031 261 1240
182 1011 463 1312
1860 985 2239 1129
293 985 567 1214
1488 972 1919 1122
822 933 1096 1207
1129 920 1592 1161
450 913 678 1116
600 907 757 1083
953 900 1390 1227
97 887 594 1083
0 868 137 1096
71 848 248 1018
985 822 1494 953
1697 809 2448 998
1351 809 1899 992
306 796 587 946
829 770 1031 1064
163 770 398 966
522 757 776 946
652 750 920 1214
1077 744 1579 900
1514 705 2448 881
0 705 143 835
352 672 535 881
1122 665 1423 809
411 659 685 809
940 639 1396 920
541 620 724 776
385 580 561 724
91 567 398 959
926 561 1161 757
672 502 972 835
235 502 437 711
913 489 1396 665
1436 456 2448 685
385 456 587 613
130 456 359 639
502 450 763 659
894 378 1416 548
731 378 959 639
737 359 1057 496
1449 352 2448 541
1070 300 1677 626
1573 293 2448 430
391 254 1188 391
404 195 1697 391
0 91 352 254
2278 0 2448 130
750 0 2036 143
0 0 2448 2167
0 1494 2448 3263
0 0 2448 1325
829 770 1090 1064
0 254 2448 2167
0 58 2448 1325
0 254 1429 2167
0 1736 293 2167
0 1827 293 2167
97 1429 372 1736
1129 2363 1579 2598
0 254 1429 2128
0 1997 1664 3263
0 1827 189 2167
0 1873 189 2167
1188 1057 2448 2030
326 117 2030 391
326 117 1188 391
691 535 855 711
404 163 2448 1325
1188 1116 2448 2030
926 561 1312 757
1214 2702 1664 3146
1214 2702 1664 3028
0 1997 1455 3263
0 1997 300 2389
0 2108 300 2389
0 2108 221 2389
0 2030 1455 3263
0 2030 1403 3263
0 0 2448 143
1188 1142 2448 2030
0 254 972 1396
1129 2448 1579 2598
496 1494 2448 3263
926 561 1188 757
0 254 972 1318
1253 1697 2448 3263
1801 2128 2062 2337
0 2813 143 3159
737 359 2004 953
1188 1142 2448 2010
737 359 2004 920
385 208 1188 391
0 900 1429 2128
0 1227 672 1991
1181 2793 1455 3263
1462 2885 1612 3146
2036 2709 2356 2931
0 2030 1142 3263
0 58 946 254
0 1227 548 1991
0 1227 548 1951
0 1253 548 1951
0 1279 398 1951
652 502 972 1214
0 254 848 1318
404 163 2448 685
496 1494 1821 2826
163 900 1429 2128
822 900 1429 1579
1279 2918 1455 3263
0 2115 1142 3263
1246 163 2448 332
0 254 783 1318
163 1142 1344 2128
411 1266 678 1605
0 1227 241 1553
1142 1579 1821 2826
1129 639 2448 1325
1945 1116 2448 1325
1129 639 2448 1272
907 2767 1403 3263
0 1455 280 1951
215 2043 528 2212
1253 2728 1964 3263
1253 2728 1932 3263
1612 189 2448 332
1423 2728 1932 3263
522 757 776 1083
940 587 1762 920
1188 1142 2448 1573
496 1494 1377 2826
940 2219 1351 2826
1253 2793 1631 3263
1410 1142 2448 1573
940 639 1762 920
1122 665 1762 861
1266 1370 2239 2010
0 822 182 1181
0 868 137 1181
1514 639 2448 1096
1109 587 1586 737
404 195 2448 685
894 293 2448 685
450 1142 1344 2036
1142 1579 1821 2578
1540 1697 2448 3263
1540 1991 2128 3231
1129 809 2239 1272
0 502 678 1318
940 2219 1279 2826
0 254 783 809
1305 2115 1723 2578
1051 2545 1279 2826
411 620 724 809
1912 1338 2448 1573
0 502 678 1312
0 502 678 1116
97 796 678 1116
1867 1697 2448 3263
1540 1991 2062 3139
0 2317 241 2656
894 300 2448 685
894 378 1423 548
953 900 1429 1579
0 502 561 966
235 502 561 724
1867 2160 2448 3263
1867 2820 2219 3263
97 887 678 1116
1449 293 2448 541
1573 1991 2062 2611
496 1494 1377 2722
1142 1579 1821 2239
1351 809 2239 1233
1351 809 1984 992
0 254 783 659
1573 2010 1997 2611
1906 1697 2448 2356
1540 2454 2036 3139
450 1403 913 2036
91 985 567 1312
91 1011 463 1312
1886 2160 2448 3263
1383 1579 2102 2010
1410 1142 2284 1429
1410 1142 2023 1429
1488 972 2239 1233
1488 972 2010 1233
2134 2807 2448 3263
1919 1697 2448 2291
124 2115 802 2643
822 822 1175 1129
822 835 1090 1129
45 1429 372 1690
45 1449 372 1690
78 1455 372 1690
0 372 2448 3263
0 0 2448 2656
0 130 313 306
0 130 313 280
920 2291 1684 3263
920 2317 1684 3263
0 0 2448 2010
332 117 2448 2010
332 117 2448 985
0 496 2448 3263
920 430 2448 2010
0 104 848 2656
0 221 848 2656
1129 1214 2167 2010
1220 1253 2167 2010
0 1991 182 2389
0 221 848 2624
920 430 2448 1716
0 0 2448 169
750 0 2448 137
0 293 848 2624
0 496 776 2624
0 496 776 2258
104 1259 770 2258
0 496 776 2049
104 1449 770 2258
920 2689 1684 3263
45 1631 319 1860
104 1449 770 2219
1194 2369 1442 2565
104 1521 770 2219
104 1553 770 2219
104 1612 672 2219
0 2865 633 3263
920 744 2448 1716
1214 2689 1684 3263
104 1671 483 2128
84 2239 476 2656
0 2102 306 2624
920 430 2167 920
920 430 2004 920
104 1769 483 2128
1214 2689 1651 3263
0 293 848 724
437 450 848 724
920 430 1899 920
920 430 1880 920
0 496 776 1514
1840 2043 2036 2382
1703 2500 2448 3263
1742 2500 2448 3263
920 796 2448 1716
0 2885 143 3231
0 496 776 1488
1742 2545 2448 3263
0 1442 202 2049
1246 2793 1638 3263
1077 744 1527 966
920 881 2448 1716
1214 2689 1651 3068
940 430 1880 920
0 502 776 1488
306 1057 776 1214
1246 2793 1507 3263
1011 796 2448 1272
940 430 1736 920
940 430 1618 920
920 2787 1403 3263
940 430 1618 757
940 502 1618 757
1742 2545 2193 3113
0 502 737 1488
437 450 763 665
946 561 1618 757
0 502 594 1488
0 1246 456 1488
0 502 594 1357
319 1612 672 2219
953 678 1442 920
1011 796 2369 1272
737 306 2448 985
0 502 548 1357
0 907 443 1357
1742 2545 2173 2839
1011 796 2180 1227
1899 2624 2448 3263
91 502 548 1031
1312 3015 1455 3263
1416 2989 1638 3263
0 2989 633 3263
1801 2983 1984 3205
920 2937 1403 3263
0 2885 143 3146
1462 2872 1651 3068
208 2865 463 3022
1964 2820 2193 3113
1899 2807 2448 3263
1246 2793 1507 3107
1024 2787 1272 3042
2245 2748 2448 3015
1116 2722 1253 2852
1214 2689 1501 3022
1991 2676 2258 2931
2212 2624 2389 2846
1742 2545 2173 2787
966 2317 1423 2767
1161 2291 1468 2428
0 2219 241 2624
985 2193 1142 2350
2310 2173 2448 2434
1840 2147 2036 2382
0 2128 169 2389
1455 2115 1723 2304
163 2102 306 2343
208 2043 424 2212
1286 2023 1436 2284
0 1991 182 2258
104 1893 404 2128
554 1880 705 2010
319 1808 639 2219
306 1769 483 1951
0 1756 202 2049
1227 1690 1423 1984
182 1671 483 1867
45 1638 254 1860
306 1625 476 1762
411 1612 672 1899
913 1566 1194 1762
313 1521 567 1697
221 1488 372 1671
78 1455 280 1690
470 1449 678 1605
0 1442 156 1847
235 1416 509 1645
1168 1390 2448 3263
1077 1377 1227 1521
0 1331 300 1514
489 1259 691 1494
1357 1253 1991 1436
385 1253 541 1468
0 1253 306 1416
182 1246 456 1488
267 1161 580 1338
1410 1122 2448 1716
417 1057 776 1188
261 1018 417 1207
0 1005 443 1357
0 998 137 1181
359 992 528 1135
0 907 267 1077
920 881 1540 1325
1618 874 1991 1005
1377 835 1527 966
822 835 959 1129
202 809 548 1031
1077 744 1501 900
496 731 815 1116
953 718 1383 920
1566 705 2448 985
1122 678 1442 815
352 672 483 835
0 626 169 835
417 620 737 802
1044 613 1618 744
946 561 1188 757
378 561 594 724
940 502 1396 672
91 502 522 940
0 496 1442 3263
920 489 1207 802
437 456 600 594
548 450 763 665
992 430 1462 574
711 372 953 587
737 306 2448 731
0 293 809 613
332 117 1814 391
91 104 352 306
0 104 2448 3263
0 104 1442 3263
404 45 2448 202
913 1390 2448 3263
221 1429 372 1671
0 104 815 2735
894 822 2448 2010
920 1390 2448 3263
0 104 815 2656
0 0 2448 1227
0 293 815 2656
0 104 489 339
221 1625 476 1762
920 881 2448 2010
711 372 1312 802
920 489 1312 802
946 561 1312 757
163 2023 339 2343
0 0 2448 391
0 91 326 306
313 0 2448 391
737 274 2448 1227
235 1416 607 1697
920 2317 1651 3263
737 306 2448 1227
2056 946 2448 1181
2141 946 2448 1096
1161 2291 1566 2487
711 372 953 724
0 293 815 1605
235 985 528 1214
235 985 528 1135
235 1416 567 1697
0 130 313 261
0 293 815 1494
0 293 815 1468
313 65 2448 391
0 1246 770 2656
0 1246 483 2049
332 117 2448 391
920 2317 1638 3263
737 306 2448 1064
940 430 2180 1227
940 430 2004 920
0 1553 770 2656
0 293 815 1357
920 881 2167 2010
0 1246 483 1867
0 1246 456 1860
0 1246 456 1847
0 1331 300 1847
920 2317 1501 3263
966 2317 1501 3022
0 1991 476 2656
208 1553 770 2219
0 293 815 1116
489 731 815 1116
208 1612 672 2219
1357 1122 2448 1716
940 430 1618 744
940 430 1462 672
0 293 809 1031
0 2219 476 2656
1991 2624 2389 2931
0 502 548 1031
0 293 809 802
417 450 763 802
0 0 1233 261
1129 2337 1586 2598
0 1403 163 1658
0 97 319 261
182 117 1207 489
326 117 900 306
182 261 1207 489
0 313 1436 3263
0 0 2448 319
1507 3094 1775 3263
202 2669 757 3153
267 2669 757 3068
443 2128 1436 3028
0 313 972 3263
267 2865 711 3068
280 163 2448 3263
280 1175 2448 3263
587 3035 926 3263
385 163 2448 1423
1945 1977 2167 2160
313 1338 509 1612
1129 2356 1579 2598
907 2154 1436 2676
1455 2062 1880 2585
972 2904 1455 3263
972 2996 1253 3263
443 2128 1266 3028
443 2128 1266 2878
443 2128 887 2683
678 163 2448 1423
1194 2356 1579 2598
306 0 2448 163
907 2206 1377 2676
972 2206 1377 2532
1560 1286 2141 1423
0 313 907 3263
2265 2363 2448 2585
0 313 809 2389
1129 2356 1325 2552
0 1220 907 3263
678 163 2448 1338
887 163 2448 1338
822 926 1018 1272
0 313 763 2389
1514 2062 1880 2585
0 1403 907 3263
1070 1860 1383 2193
659 2839 815 3094
1553 2062 1769 2369
887 169 2448 1338
1083 1109 1501 1312
496 2865 711 3061
0 1442 300 2389
0 1442 300 2206
1912 1286 2141 1423
1299 0 2448 137
483 463 972 1233
483 463 972 1116
1677 3087 2043 3263
1677 3087 1932 3263
711 1175 2448 3263
1769 1814 2448 3263
711 1175 2448 2500
443 2128 809 2493
280 2376 2160 3263
0 313 763 1507
1220 2454 1579 2598
137 2989 646 3263
1769 2898 1997 3139
0 1442 300 1971
1853 2676 2186 2839
0 2075 587 3263
1684 1664 1991 1919
483 463 972 1018
829 1181 1383 1579
829 1181 1364 1579
829 1181 1227 1547
933 1181 1227 1540
1070 1599 1449 1912
1860 711 2448 848
280 2376 731 2950
280 2376 731 2793
280 2376 691 2793
437 2696 646 2911
0 1442 300 1840
0 2075 587 3120
0 2075 587 2833
0 2075 587 2650
0 2075 535 2650
1697 1664 1991 1893
711 1618 1468 2382
711 1618 1396 2382
711 1618 1344 2382
711 1827 1344 2382
731 1893 1344 2382
1925 1024 2448 1181
424 2376 691 2793
0 450 763 1507
1377 1175 2448 2500
887 829 1501 1161
940 548 1521 789
1377 1201 2448 2500
1514 2271 1880 2585
796 1279 1605 1716
280 2402 554 2617
0 2506 404 3120
0 2578 365 3120
0 2578 365 2996
685 2480 2160 3263
685 2480 2121 3263
1142 2480 2121 3263
1788 313 2448 470
1788 1175 2369 1331
1246 169 2141 385
731 2030 1344 2382
2030 1201 2448 1410
1377 1305 2448 2500
2056 1383 2448 1573
1971 1547 2448 1690
685 2565 1227 3263
750 2715 1227 3263
0 313 659 835
319 1403 907 2121
796 2715 1227 3263
796 2722 1227 3263
1534 2761 1899 3205
887 195 2448 1338
731 2030 1109 2382
1925 1814 2448 3263
796 2813 1227 3263
796 2813 1109 3263
796 1377 1605 1716
339 2676 522 2950
1534 2826 1899 3205
887 195 2448 1331
796 2813 1109 3166
907 633 2448 1331
907 705 2448 1331
1233 2480 2121 3263
1246 2722 1612 3263
887 195 2448 685
1299 0 2448 130
0 313 659 737
0 450 737 1507
711 1827 887 2271
1919 1638 2448 2056
1377 1305 2271 2500
1795 1579 2271 1873
1925 1945 2448 3263
0 313 580 737
887 437 1566 652
1266 195 2448 685
1266 195 1971 430
1266 195 1971 378
1410 378 2448 685
1410 378 2448 678
1925 1945 2448 3126
1925 2030 2448 3126
1925 2082 2448 3126
1377 1305 2128 2500
1377 1912 1971 2500
1553 1912 1971 2500
1403 1305 2128 2010
907 724 2448 1331
1410 1586 2030 2010
1410 1664 2030 2010
1814 1638 2271 1873
319 1403 907 1958
319 1631 789 1958
1494 1821 2030 2010
1299 0 2350 130
1925 2297 2448 3126
39 450 737 809
2082 509 2448 646
0 763 535 1507
0 770 535 1507
750 0 1455 130
1344 2872 1612 3263
1233 2480 2121 3042
1233 2480 1834 2826
1390 2480 1834 2826
1377 2023 1677 2239
2010 2297 2448 3126
2010 2297 2448 2891
1331 195 1971 378
2010 2297 2382 2891
2062 2552 2382 2891
483 1403 907 1847
907 750 1684 979
1292 959 1658 1148
1246 724 2448 1331
1710 2010 1971 2500
1410 1664 1658 1945
1449 378 2448 678
1449 378 2448 574
1246 724 2448 1246
1246 724 2448 1135
1246 724 2448 1070
1534 776 2448 1070
1534 776 2448 1005
1449 378 2141 574
91 450 737 809
287 450 737 757
515 450 737 757
2102 2702 2448 3126
1403 1305 2128 1612
1436 1370 2128 1612
1436 1377 1769 1612
1481 1383 1769 1612
1919 1684 2448 2056
2102 2904 2448 3126
0 985 535 1507
0 1005 443 1507
861 1403 1605 1716
306 2989 646 3263
2134 3120 2415 3263
1991 3113 2186 3263
1605 3094 1775 3263
972 3094 1233 3263
1677 3087 1860 3244
137 3081 352 3263
0 3068 137 3263
2049 3055 2245 3198
306 3035 476 3263
1599 2996 1899 3205
802 2989 1051 3263
398 2989 646 3263
1410 2983 1612 3263
202 2976 417 3153
0 2976 189 3263
2304 2944 2448 3126
966 2944 1227 3159
2102 2904 2402 3113
1181 2904 1455 3263
1769 2898 1984 3061
267 2885 594 3068
1142 2878 1299 3028
1344 2872 1501 3107
496 2865 678 3009
26 2865 280 3120
659 2839 815 3074
156 2839 352 3022
1534 2826 1827 3068
796 2813 1109 3094
1507 2807 1775 2944
2023 2780 2193 2937
1024 2767 1259 3028
1736 2761 1899 2924
0 2761 345 2996
1390 2741 1612 3042
1827 2728 2121 3042
1064 2728 1194 2898
339 2728 476 2950
1246 2722 1455 2989
861 2722 1024 2878
1853 2709 2049 2839
1423 2709 1729 2846
2206 2696 2382 2846
437 2696 626 2911
2128 2676 2258 2891
2010 2676 2186 2813
626 2669 757 2878
1233 2578 1423 2767
137 2578 365 2826
424 2572 691 2793
1390 2565 1631 2780
685 2565 829 2872
2062 2552 2382 2748
1782 2552 2088 2780
2252 2506 2448 2748
241 2506 404 2767
789 2500 1266 2878
0 2500 215 2833
1527 2480 1834 2826
1769 2474 1977 2676
672 2467 887 2683
1338 2454 1579 2598
541 2408 731 2624
907 2402 1279 2676
372 2402 554 2617
2141 2395 2343 2598
456 2376 620 2624
2265 2363 2421 2585
1821 2363 1977 2519
1194 2356 1547 2539
1416 2337 1586 2480
1919 2317 2088 2532
776 2317 998 2539
0 2304 398 2650
2010 2297 2245 2676
1618 2297 1880 2585
972 2297 1181 2532
1514 2271 1684 2532
672 2271 809 2493
359 2245 587 2454
280 2219 489 2402
19 2219 228 2389
1168 2206 1377 2415
1403 2173 1566 2395
731 2173 1051 2382
2199 2160 2448 2434
2082 2160 2284 2291
1840 2147 2030 2363
1736 2128 1932 2500
443 2128 770 2461
0 2128 182 2389
