0 0 4000 1824
0 0 3912 1824
1072 0 4000 1824
1848 0 4000 1824
1072 80 2520 248
1072 80 2352 240
1584 416 2376 1056
1584 496 2368 1056
1584 680 2312 1056
0 288 3912 1824
2376 1336 2544 1608
976 360 1712 768
3120 1608 3416 1792
2504 280 4000 1824
0 288 1448 1824
0 0 3536 656
0 0 3536 600
656 528 3912 1824
1848 0 4000 432
1752 1216 1960 1560
1808 1608 2184 1824
560 576 1080 840
3816 776 4000 1072
1848 0 4000 344
2504 280 4000 1128
1752 1296 1960 1560
992 360 1712 768
1120 424 1712 768
0 288 1104 1824
0 176 2056 600
2656 0 4000 344
2656 584 4000 1824
3152 1208 3912 1824
3080 0 4000 344
1248 264 2992 656
1584 680 2312 1016
1584 680 2208 1016
3736 160 4000 432
1096 792 1584 1096
1408 264 2992 656
1032 1408 1448 1744
1840 1624 2184 1824
1584 680 2208 992
1496 1656 1712 1824
656 528 3472 1824
1920 840 3472 1824
2656 720 4000 1824
2720 720 3392 1264
2808 760 3392 1264
2904 760 3392 1120
2904 760 3392 1088
1584 680 2088 992
2504 288 4000 1128
656 528 2680 1824
2184 1440 2632 1824
656 528 2680 1568
1216 568 2680 1568
2296 1568 2632 1824
2656 936 4000 1824
2896 936 4000 1824
1104 1112 2320 1824
1104 1112 2224 1824
1176 832 1584 1096
656 528 1848 1496
2504 376 3608 936
0 448 1104 1824
0 464 328 1016
0 464 320 728
3152 936 4000 1824
1632 1192 2224 1712
1896 1192 2224 1528
0 848 792 1824
3472 1208 3912 1824
1632 1312 2080 1712
1632 1312 1912 1712
1104 1112 1880 1824
0 1288 792 1824
3152 936 4000 1736
176 448 1104 1824
3152 1056 3520 1408
656 528 1848 1472
888 528 1848 1472
0 0 3536 240
3240 288 4000 1128
0 176 1112 600
3432 936 4000 1736
2952 1328 3472 1784
0 1288 784 1824
344 1432 784 1824
344 1432 720 1824
176 448 1072 1552
1920 840 3160 1824
1920 1176 2552 1824
2336 840 3160 1824
416 760 1072 1552
416 904 992 1552
2336 840 2776 1608
2336 840 2776 1400
1920 1344 2400 1824
0 1288 440 1824
0 1288 440 1720
704 1480 1104 1824
1360 1112 1880 1824
0 848 736 1488
888 544 1680 1472
0 0 1720 224
1840 1664 2000 1824
1104 1664 1488 1824
2296 1656 2504 1824
3152 1648 3632 1824
1920 1624 2184 1824
712 1624 1008 1824
240 1624 464 1824
3216 1608 3416 1792
1808 1608 1976 1824
3800 1576 4000 1768
344 1576 720 1824
2136 1544 2400 1824
1712 1528 1912 1712
704 1480 1104 1680
2936 1472 3112 1640
3472 1464 3760 1824
0 1464 352 1824
568 1456 784 1752
2184 1440 2432 1664
408 1432 664 1656
2496 1416 3160 1824
2952 1400 3360 1784
264 1360 440 1720
1920 1344 2304 1760
3096 1328 3472 1544
1632 1312 1824 1552
3256 1304 3672 1672
1896 1296 2120 1528
0 1288 272 1520
2464 1280 2728 1608
624 1272 992 1552
1360 1240 1880 1824
648 1232 952 1400
3568 1208 3912 1536
952 1208 1368 1472
3152 1192 3384 1408
2656 1192 3168 1512
2216 1176 2552 1488
2544 1168 2776 1400
848 1144 1104 1344
1608 1112 1856 1440
2896 1104 3168 1392
3176 1056 3520 1392
3608 1048 4000 1736
3000 1040 3232 1256
2720 1040 2880 1256
2808 1024 3088 1264
656 1024 1080 1256
720 1000 904 1160
2672 968 2832 1136
0 944 384 1416
3432 936 3936 1344
1176 936 1344 1096
3136 920 3376 1120
2904 912 3168 1088
416 904 824 1536
1528 872 1760 1088
2248 864 2416 1120
3816 856 4000 1072
176 848 736 1488
2336 840 2768 1288
1200 832 1584 1032
0 832 160 1024
1792 824 2000 1056
1096 792 1376 960
1584 784 1768 992
3832 776 4000 936
3072 760 3392 1080
416 760 1072 1072
3280 720 3736 1128
2720 720 3016 1088
0 688 328 1016
2096 680 2312 880
1624 680 2088 928
560 664 872 840
3648 624 3992 1040
3120 584 3496 840
1264 584 1560 768
712 576 1080 808
888 544 1680 1240
2504 536 2904 800
1496 528 1848 760
1800 512 1976 680
1824 496 2368 768
0 464 320 656
176 448 872 880
1120 424 1712 640
2768 376 3608 936
992 360 1360 528
1248 344 1512 512
72 304 1112 600
3240 288 4000 888
0 288 200 520
2952 280 3424 496
1960 280 2992 656
1408 264 2304 640
656 208 2056 376
3080 176 3920 344
0 176 864 408
3736 160 4000 400
3184 0 4000 264
1656 0 3536 240
1264 0 1720 208
0 0 1336 224
0 280 4000 1824
0 0 4000 728
0 360 2680 1824
2336 280 4000 1824
0 1112 2664 1824
1976 680 2312 880
3808 600 4000 1072
3816 624 4000 1072
0 1112 2632 1824
976 1664 1208 1824
0 360 2680 1568
2672 968 2880 1256
888 360 2680 1568
0 1432 248 1696
0 448 1104 1552
1720 824 2000 1056
2336 624 4000 1824
2504 280 4000 1088
2768 1392 3112 1672
2768 1392 3112 1640
3672 1576 4000 1824
0 176 3160 728
656 208 3160 656
2080 1176 2632 1824
2296 1336 2632 1824
888 360 2368 1240
2080 1176 2552 1504
2296 1656 2576 1824
2080 1176 2552 1488
0 0 4000 400
656 208 3160 392
3072 624 4000 1824
648 1144 1104 1400
2336 840 3360 1824
2904 912 3232 1256
0 1112 2432 1824
1360 1112 2432 1824
1496 496 2368 1088
0 176 1112 728
888 360 1712 1240
0 176 1112 656
0 1208 1488 1824
0 448 1080 1552
656 208 2744 392
1496 496 2368 992
2504 376 3608 1088
1496 496 2368 928
3080 0 4000 400
3096 920 3520 1544
344 1208 1488 1824
344 1408 1488 1824
3184 0 4000 400
3136 920 3520 1408
1360 1112 2224 1824
1816 1192 2224 1560
0 760 1080 1552
656 1000 1080 1256
2952 280 4000 888
0 448 1080 1016
3136 920 3520 1392
1624 496 2368 928
0 760 1072 1552
1920 1344 2432 1824
0 1288 664 1824
2464 1024 3360 1824
2808 1024 3168 1392
3072 624 3992 1128
2464 1192 3360 1824
2464 1192 3168 1824
344 1408 1448 1824
992 360 1712 640
3256 936 4000 1824
0 1360 664 1824
704 1408 1448 1824
656 208 2744 376
0 448 872 1016
3280 624 3992 1128
2504 536 3016 1088
2136 1440 2432 1824
264 1360 664 1720
2496 1192 3168 1824
3472 1048 4000 1824
3256 936 3936 1672
288 104 3304 456
288 104 3160 456
528 104 3160 456
0 0 4000 1064
0 528 3936 1824
1816 1624 2080 1824
2520 760 2760 1032
184 1624 520 1824
3168 304 3424 496
3456 600 4000 1824
0 528 3112 1824
2440 720 3936 1824
528 208 3160 456
3488 600 4000 1824
696 208 3160 456
184 1624 440 1824
200 752 544 952
0 528 3072 1824
0 752 1928 1824
0 1376 168 1688
1976 680 2312 920
2720 720 3936 1824
656 528 3072 1824
3648 600 4000 1064
0 472 376 736
0 0 4000 888
3488 1016 4000 1824
1648 1248 1928 1552
2904 744 3384 1120
1648 1336 1928 1552
2680 1376 3112 1688
2680 1376 3112 1648
1808 960 3072 1824
0 752 1120 1824
0 816 1120 1824
400 1432 1120 1824
400 1432 1000 1824
1808 1136 3072 1824
656 528 2768 1504
0 816 1008 1824
1808 1192 2664 1824
1920 1192 2664 1824
0 816 1008 1552
144 816 1008 1552
888 1656 1120 1824
2336 1648 2664 1824
1816 1648 1984 1824
2736 1624 2936 1824
240 1624 440 1824
3120 1608 3624 1824
704 1608 1000 1824
2368 1520 2632 1688
2912 1472 3112 1648
2440 1440 3160 1824
400 1432 768 1824
2680 1376 2968 1544
0 1376 168 1544
0 1360 440 1824
1768 1352 1928 1544
1648 1336 1816 1552
576 1232 1008 1552
1808 1224 2120 1648
688 1224 1928 1824
3552 1216 3848 1496
1920 1192 2552 1824
2464 1136 3072 1608
2688 960 2872 1184
2904 928 3080 1088
3824 856 4000 1064
0 832 400 1472
1792 824 2008 1064
144 816 952 1512
1096 792 1392 952
600 752 1056 1088
200 752 432 952
3016 744 3384 1120
2720 720 3936 1784
2088 680 2312 920
3648 600 4000 968
1496 528 1992 1080
0 528 376 736
0 472 192 656
696 208 3160 376
0 176 3624 1064
1680 0 4000 888
0 0 1792 224
0 528 4000 1824
0 528 2768 1824
1920 600 4000 1824
0 0 3304 456
0 752 2120 1824
0 0 3160 456
0 1224 2120 1824
2720 600 4000 1824
0 752 1056 1512
888 1656 1208 1824
0 0 2544 224
1920 960 3624 1824
1920 960 3160 1824
1496 528 2008 1080
0 1360 504 1824
2720 720 4000 1824
400 1224 2120 1824
3456 600 4000 968
2904 744 3472 1120
1920 1136 3160 1824
2336 1520 2664 1824
400 1224 1928 1824
400 1232 1008 1824
0 816 952 1512
2440 1136 3160 1824
0 568 872 1056
3016 1008 3216 1256
2648 536 2960 912
152 88 2744 480
152 200 2744 480
2680 536 2960 784
2136 960 2384 1336
3120 320 3944 928
3120 656 3408 928
1096 1280 2032 1824
3288 320 3944 792
152 208 1728 480
392 208 1728 480
392 208 1728 408
392 208 1568 408
3544 1560 4000 1824
0 0 2288 1824
928 0 4000 1824
3344 1216 3832 1712
3344 1216 3832 1560
3456 1216 3832 1448
3288 320 3944 672
3288 456 3624 672
3296 456 3624 632
64 520 664 712
64 520 544 712
96 520 544 712
928 0 4000 760
3080 0 4000 168
208 520 544 688
1224 280 4000 1824
1096 1280 2024 1824
2880 1400 3264 1656
1456 264 2288 496
872 728 1536 960
1456 264 2000 496
1096 1416 2024 1824
3768 416 4000 760
1768 736 2184 1264
120 1440 760 1824
928 0 4000 432
928 0 4000 360
1376 0 4000 360
1376 0 2240 208
1376 0 2160 208
1952 384 2688 808
1952 384 2688 728
2152 0 4000 360
1672 1280 1888 1552
0 0 1960 1824
1312 776 1800 1072
1312 872 1624 1072
3544 1560 3848 1824
1952 304 2288 480
1688 0 2160 208
1976 440 4000 1824
296 696 600 1056
0 0 1280 528
0 176 520 528
2152 0 4000 296
2352 0 4000 296
120 1440 696 1824
0 0 1280 224
1808 736 2184 1112
0 344 1960 1824
688 1024 1080 1264
0 0 1056 224
3024 440 4000 1392
3136 440 4000 1392
1952 384 2688 720
1976 656 4000 1824
624 1248 1512 1824
0 344 1960 1560
992 728 1536 960
0 1432 352 1824
1224 280 3424 1624
1808 280 3424 1240
2352 0 4000 256
2352 0 3304 240
1976 656 3832 1824
3280 1408 3832 1824
3464 1408 3832 1704
1808 280 3424 1120
1808 392 2200 808
3608 1048 4000 1624
888 504 1368 688
3136 584 4000 1392
624 1256 1488 1824
2352 72 3128 232
1224 872 2408 1624
1632 1128 2408 1552
3232 40 4000 256
0 344 1344 656
0 344 960 616
0 344 816 616
1232 1432 2024 1824
1576 1432 2024 1824
2096 280 3424 1120
3136 784 4000 1392
2728 280 3424 552
1976 656 3448 1824
1976 976 3448 1824
1984 976 3448 1824
1984 1280 3448 1824
1984 1280 3416 1824
3024 1192 3312 1512
2096 296 3008 1120
2096 464 3008 1120
2096 544 3008 1120
2096 608 3008 1120
2328 608 3008 1088
0 0 864 224
224 0 864 224
1784 1192 2408 1552
0 352 1960 1560
800 352 1960 1200
2304 976 3168 1680
2696 1152 3168 1680
1984 1280 3168 1824
2496 1552 3168 1824
2496 1552 2992 1824
616 352 1344 656
2136 464 2688 720
0 672 1368 1560
312 800 952 1272
312 904 952 1272
2328 1552 2736 1824
0 672 1368 1544
0 744 376 1544
0 744 376 1376
88 744 376 1096
264 672 1368 1544
1056 352 1960 1200
1056 352 1960 1000
1272 352 1960 1000
3104 1576 3416 1824
2864 472 3376 768
2328 608 2680 1080
2328 608 2616 1080
0 344 664 616
1896 1192 2408 1552
3136 848 3664 1392
1224 872 1776 1624
1336 872 1776 1624
1368 400 1960 1000
1368 672 1960 1000
1496 400 1848 768
2616 672 3008 1088
2304 976 2920 1424
0 1024 184 1376
1984 1280 2736 1824
1984 1416 2544 1824
264 672 1328 1544
480 672 1328 1400
480 672 1328 1272
864 944 1328 1272
3520 784 4000 1344
624 1256 1368 1552
264 1128 928 1544
2336 976 2920 1424
1272 352 1736 768
2336 976 2808 1424
480 672 1072 1016
2472 1656 2736 1824
2904 1648 3168 1824
3280 1640 3632 1824
696 1640 1000 1824
120 1632 432 1824
456 1624 720 1824
3104 1608 3416 1824
3544 1576 3760 1824
3112 1576 3344 1792
2496 1552 2904 1824
2328 1552 2552 1824
0 1552 288 1824
1984 1544 2416 1824
1688 1520 2024 1824
832 1504 1488 1824
224 1504 400 1728
704 1488 920 1672
3464 1464 3728 1704
2696 1464 3024 1680
1232 1464 1656 1824
72 1464 352 1656
3384 1456 3576 1712
368 1440 696 1688
1576 1432 1952 1824
0 1432 160 1696
1976 1424 2200 1672
2136 1416 2544 1688
1096 1416 1352 1624
2880 1400 3200 1656
3608 1376 4000 1624
1336 1360 1768 1624
3344 1352 3568 1560
3024 1328 3272 1512
3208 1320 3448 1664
1784 1312 1960 1528
624 1304 984 1528
0 1288 184 1544
2384 1280 2736 1680
264 1280 552 1544
888 1256 1368 1552
1896 1248 2112 1552
1328 1248 1512 1416
3632 1216 3816 1376
512 1216 840 1560
3152 1192 3312 1376
1952 1192 2408 1504
2784 1152 3168 1472
896 1152 1248 1400
2720 1144 2920 1400
136 1144 368 1456
2208 1128 2384 1336
1632 1128 1960 1360
384 1128 928 1384
864 1112 1160 1272
96 1096 320 1320
1224 1088 1432 1320
688 1088 976 1264
3048 1080 3216 1256
2544 1080 2808 1424
2848 1056 3080 1280
3776 1048 4000 1440
2744 1040 2968 1200
0 1024 184 1256
3016 1008 3176 1168
1912 1008 2240 1240
1768 1008 1960 1264
184 1008 592 1168
1256 992 1544 1160
2336 976 2576 1328
2136 960 2344 1280
312 952 680 1272
3520 944 3936 1344
864 944 1328 1232
3696 936 3944 1096
2520 928 2736 1224
3136 920 3560 1392
640 904 952 1160
560 904 728 1072
1088 896 1368 1080
296 888 552 1056
96 888 376 1096
1672 880 1864 1200
3024 872 3376 1080
1344 872 1776 1440
1312 872 1536 1048
3360 848 3664 1104
1800 840 2000 1008
2712 832 3008 1088
1808 800 2184 1112
416 800 752 976
3440 792 3712 1016
2352 792 2616 1080
3696 784 4000 968
1496 776 1800 960
872 760 1104 960
664 760 1072 1016
88 744 368 968
992 736 1328 936
1368 728 1680 1000
1200 728 1536 960
2456 712 2680 944
3688 704 4000 872
336 696 600 904
2616 672 2928 1048
1624 672 1960 896
480 672 816 840
2096 664 2448 1120
3120 656 3408 840
2968 656 3240 1088
2328 608 2568 792
800 608 1080 808
1056 592 1384 784
0 592 240 1056
3280 584 3960 936
3328 584 3496 792
2680 568 2904 784
184 568 872 808
2136 560 2360 720
2336 552 2680 728
2568 544 2776 760
2864 528 3104 768
1848 520 2200 808
1800 520 1968 680
1064 504 1368 680
3064 472 3376 736
616 472 1064 656
2608 464 2952 624
1240 464 1408 632
3576 440 3880 648
3768 416 4000 632
0 408 488 616
1496 400 1848 648
1808 392 2024 584
1952 384 2336 576
2256 360 2688 536
664 360 960 536
1272 352 1736 640
976 352 1344 544
376 352 816 568
3368 320 3944 576
2080 320 2288 480
2728 304 2992 512
2544 296 2792 488
0 296 224 528
2768 280 3424 552
2176 280 2728 480
1456 264 1888 496
3344 176 3888 360
0 176 520 368
2352 72 2856 232
3584 40 4000 256
2152 24 2624 216
3608 0 4000 160
3080 0 3672 168
2984 0 3304 240
1688 0 2008 208
1376 0 1784 184
728 0 1056 160
248 0 864 224
0 264 4000 1824
0 0 4000 624
0 296 2112 1824
800 264 4000 1824
1328 520 4000 1824
800 264 4000 1096
2760 1632 2992 1824
0 296 1544 1624
2384 672 4000 1824
0 1248 2112 1824
3288 560 3496 792
1328 520 2904 1824
2136 376 4000 1096
800 264 2336 1072
3296 376 3592 560
2248 0 4000 624
2136 416 4000 1096
0 0 3888 480
0 0 2624 408
392 176 3888 480
3048 1080 3312 1376
0 296 1344 1072
392 176 3888 440
392 176 3888 408
392 176 3888 360
800 264 2336 960
0 592 1544 1624
0 1400 2032 1824
0 1400 1952 1824
0 1432 272 1696
3552 1216 3832 1536
3632 1216 3832 1432
1328 520 2200 1624
0 1400 1656 1824
624 1400 792 1736
2904 848 4000 1824
448 0 1056 160
296 696 752 1072
416 800 752 1072
0 296 1344 808
800 264 1888 960
2136 544 2904 784
1688 0 2624 216
2152 0 2624 216
0 1024 320 1320
0 0 1784 408
1800 384 2336 680
1800 392 2024 680
2248 0 4000 600
384 896 1544 1624
3704 1560 4000 1736
2248 280 4000 600
3368 280 4000 576
688 896 1544 1624
1952 280 2728 480
2136 544 2776 760
1688 664 2904 1824
0 1440 1656 1824
2864 416 4000 1096
2384 672 3560 1680
2696 872 3560 1680
0 1440 696 1824
0 1464 432 1824
864 896 1544 1624
1808 664 2736 1504
3360 848 4000 1712
2136 552 2680 728
2792 0 4000 288
1688 1416 2904 1824
1688 1416 2736 1824
0 296 960 808
2864 416 4000 1088
3576 416 4000 648
0 136 696 408
0 136 520 368
864 896 1432 1624
800 352 1848 960
1056 352 1848 784
1056 352 1736 784
1056 504 1384 784
1808 664 2616 1504
1912 1008 2552 1504
2248 280 3424 600
0 344 960 808
456 1464 1656 1824
456 1488 1488 1824
1336 520 2200 1624
1336 872 1960 1624
1632 1128 1960 1528
0 592 1072 1560
0 1504 432 1824
800 608 1536 960
3384 944 4000 1712
2792 0 4000 256
3688 704 4000 1096
3688 704 4000 968
0 592 1072 1272
0 592 376 1096
2864 472 3960 1088
0 344 872 808
2256 280 3424 552
2256 296 2992 536
2256 296 2792 536
2904 1576 4000 1824
2904 1576 3760 1824
2904 1576 3632 1824
224 0 1784 224
224 0 1376 224
624 0 1376 224
3456 944 4000 1704
3464 1376 4000 1704
864 896 1432 1552
2384 672 3008 1680
2456 672 3008 1088
1688 1416 2544 1824
1688 1424 2200 1824
272 344 816 568
1256 0 1784 184
800 608 1328 936
2904 1576 3416 1824
696 1488 1488 1824
1672 880 1960 1264
864 896 1432 1400
864 944 1432 1400
2904 1608 3416 1824
3080 0 4000 256
2696 1144 3272 1680
3024 1328 3272 1624
2792 0 3304 240
1952 1192 2552 1504
2696 1144 3200 1680
2696 1152 3200 1680
2784 1152 3200 1656
0 1136 984 1560
2864 528 3960 1088
3456 944 4000 1448
1368 520 2200 1000
2456 672 2928 1048
184 672 1072 1272
480 672 1072 1160
3520 944 4000 1440
1984 1544 2736 1824
184 952 680 1272
896 1088 1432 1400
0 592 368 1056
1496 672 1960 960
1808 664 2616 1328
3232 0 4000 256
2384 1080 2808 1680
0 1136 840 1560
0 1136 368 1544
2864 528 3408 1088
3024 872 3560 1664
3024 872 3560 1392
0 1136 184 1544
2968 656 3408 1088
696 1504 1488 1824
3280 584 3960 1016
120 1504 432 1824
264 1216 840 1560
2096 664 2616 1328
2336 792 2616 1328
