0 0 1824 4000
0 1384 408 2192
0 1240 360 2152
0 0 744 688
816 2704 1824 3496
0 280 952 1848
496 808 952 1336
632 808 952 1336
656 0 840 456
904 2056 1208 2640
904 2112 1208 2640
904 2112 1208 2544
632 1032 952 1336
248 0 1824 4000
0 280 728 1848
0 280 728 1712
0 280 728 1616
0 280 712 1616
720 1080 952 1336
768 728 1288 2344
768 728 1224 2344
0 0 1232 4000
304 0 1232 1128
880 608 1232 1024
1120 3456 1432 3920
1016 3072 1200 3312
0 280 648 1616
0 280 648 1216
304 0 1024 1128
816 2752 1824 3496
768 904 1224 2344
768 904 1224 2288
1008 1504 1360 1936
0 920 1000 4000
592 1672 816 1928
888 0 1352 704
1056 2848 1440 3112
1128 2856 1440 3112
816 2752 1688 3496
0 280 648 1152
0 0 288 336
888 0 1264 704
0 1176 744 4000
1112 0 1352 640
0 1176 744 3672
496 3344 744 3808
248 1888 1824 4000
720 3016 1824 4000
816 2752 1536 3496
816 2752 1536 3328
248 1888 1048 4000
920 0 1824 3256
0 280 376 1152
640 1672 816 1912
792 3016 1824 4000
920 632 1824 3256
304 0 904 1096
352 0 904 1096
904 2400 1104 2640
1008 3192 1416 3656
936 2552 1272 2752
352 0 904 1024
1192 2440 1536 2688
1360 2464 1536 2632
888 0 1264 680
832 2688 1120 3048
832 2816 1008 3048
720 3096 1272 3968
496 920 1000 2112
792 920 1000 1448
1136 3016 1824 4000
1136 3072 1824 4000
0 2024 744 3672
320 2024 744 2496
1072 632 1824 1832
1008 1728 1560 2280
1008 1728 1472 2280
1008 1728 1448 2208
1008 1728 1448 2088
1136 3136 1824 4000
1520 1680 1760 1976
880 664 1080 1024
920 1560 1824 3256
920 1680 1824 3256
1240 0 1824 1120
216 2096 480 2360
920 3472 1264 3800
1064 1560 1504 2040
0 2392 672 4000
240 2392 672 3120
720 3128 1272 3968
720 3336 1272 3968
1192 2440 1480 2688
1112 632 1824 1584
1184 632 1824 1584
1032 1728 1312 1976
816 3184 1072 3496
672 200 888 1096
88 3768 336 4000
1208 3456 1432 3712
1072 1424 1824 1832
1072 1424 1824 1792
1112 952 1424 1400
1224 2656 1824 3256
1224 2864 1608 3256
0 2136 200 2440
840 2752 1536 3328
1008 2752 1536 3328
1256 3136 1824 4000
1184 720 1824 1584
1320 720 1696 1064
496 1288 864 2112
920 1680 1824 2992
1040 2864 1536 3328
1112 968 1368 1400
0 2176 384 3672
1304 2216 1600 2544
720 3528 1272 3968
1184 840 1824 1584
0 3064 512 4000
112 3064 512 3840
176 3064 512 3632
1008 2216 1288 2536
920 1984 1824 2992
1248 960 1824 1584
1248 1144 1824 1584
1352 1232 1824 1584
1416 1320 1824 1584
1256 3256 1824 4000
1368 3256 1824 4000
944 1984 1824 2992
1072 1424 1624 1736
1392 3256 1824 3768
1392 3336 1824 3768
1544 3336 1824 3760
1240 184 1824 1120
1368 3656 1824 4000
976 1984 1824 2992
1512 1984 1824 2464
976 2408 1824 2992
1240 184 1824 992
976 2408 1824 2808
1304 2408 1824 2808
0 3216 240 3672
1240 368 1824 992
1240 568 1824 992
1368 656 1824 992
0 2176 384 3264
1136 3808 1456 4000
744 3800 1000 4000
1552 3784 1824 4000
104 3768 336 3936
256 3760 536 4000
1488 3736 1760 3944
1256 3680 1472 3920
1120 3680 1288 3920
960 3672 1272 3968
1368 3656 1648 4000
1000 3576 1264 3800
1368 3560 1528 3792
720 3528 1024 3848
0 3520 216 4000
112 3488 320 3840
920 3472 1120 3688
1168 3456 1368 3656
672 3440 904 4000
1592 3408 1824 3760
1392 3392 1680 3768
0 3344 216 3672
1544 3336 1824 3512
744 3336 992 3608
872 3288 1072 3496
248 3288 744 4000
1008 3264 1288 3656
1400 3256 1584 3568
376 3216 592 3560
0 3216 240 3480
1552 3192 1728 3368
1056 3192 1416 3424
176 3184 440 3632
1664 3176 1824 3408
888 3144 1104 3360
1392 3136 1656 3376
1512 3072 1712 3240
240 3064 512 3272
1224 3040 1464 3256
816 3008 1152 3200
1416 2960 1688 3200
952 2944 1112 3104
1376 2864 1608 3136
1040 2864 1536 3280
840 2864 1064 3120
1256 2856 1440 3096
1056 2848 1240 3016
1648 2840 1824 3248
1008 2752 1248 2944
1344 2744 1616 2928
1120 2696 1416 2992
872 2688 1120 2904
1504 2656 1824 3048
936 2552 1144 2744
1256 2520 1480 2688
976 2504 1384 2712
1304 2488 1664 2808
232 2472 400 2768
1544 2408 1824 2720
936 2400 1104 2560
240 2400 672 3120
344 2392 616 2640
0 2368 312 3264
1304 2320 1568 2544
1024 2320 1288 2536
1504 2296 1736 2456
1312 2216 1600 2376
1600 2200 1824 2464
1184 2200 1480 2488
944 2176 1240 2568
88 2176 384 2824
0 2136 200 2432
304 2096 480 2360
384 2024 744 2424
1512 1984 1824 2312
1352 1984 1552 2176
1144 1984 1424 2192
328 1912 584 2248
440 1888 1048 3536
1008 1872 1448 2088
496 1864 680 2112
808 1856 1024 2288
656 1816 816 1992
1216 1800 1504 2040
1128 1768 1312 1976
1032 1728 1248 1968
640 1688 816 1912
1520 1680 1752 1840
1344 1680 1728 2112
1200 1648 1400 1832
0 1640 288 2192
1528 1616 1824 1792
1064 1560 1264 1856
1200 1552 1464 1712
1360 1504 1624 1736
1056 1504 1360 1728
1560 1488 1824 1736
720 1448 912 1800
1072 1424 1456 1600
0 1384 408 2176
1528 1328 1760 1504
1656 1320 1824 1528
0 1320 360 2152
528 1288 864 1888
0 1240 360 1896
1352 1232 1744 1456
1112 1200 1288 1488
32 1176 736 2264
1248 1144 1584 1400
1648 1136 1824 1328
0 1112 240 1488
496 1104 752 1288
1520 1096 1768 1256
0 1040 392 1712
0 1040 360 1576
632 1032 808 1336
1112 968 1368 1264
1376 960 1552 1160
1640 936 1824 1120
792 920 1000 1280
584 912 760 1152
768 904 1224 1992
1184 840 1440 1032
1080 792 1288 1088
888 784 1048 1024
848 752 1024 1128
1320 720 1632 1016
1552 712 1824 992
440 672 664 1088
880 664 1080 872
400 664 704 1376
1368 656 1744 904
352 656 600 1024
1184 632 1432 864
0 616 224 1448
1040 608 1232 928
304 472 648 904
896 456 1064 680
400 400 712 872
904 376 1144 704
1256 368 1824 744
0 280 376 744
1112 200 1304 640
1264 184 1536 528
1296 0 1824 520
888 0 1264 664
504 0 904 720
272 0 744 568
0 0 312 688
72 0 264 280
0 0 1368 2152
632 1032 824 1336
816 0 1824 3496
0 0 1368 2112
0 1104 1824 4000
0 3064 1824 4000
0 1104 1208 3672
848 2040 1208 2544
848 2040 1128 2544
0 1104 1048 3672
0 1176 1048 3672
848 2040 1128 2344
0 0 1024 1712
496 0 1368 2112
232 2392 616 2768
1072 0 1824 2112
816 1504 1824 3496
816 1560 1824 3496
832 1560 1824 3256
0 0 1024 1448
0 0 744 1448
1040 0 1352 1088
376 1448 1048 3560
400 0 840 872
304 0 904 1104
440 1448 1048 3536
872 1560 1824 3256
1056 2848 1320 3112
0 496 728 1712
0 672 664 1712
1296 2320 1568 2632
1296 2320 1568 2544
0 960 456 1712
792 920 1000 1312
0 664 704 2152
1256 3560 1528 3920
1008 1504 1448 2088
504 0 904 1096
672 456 880 1096
1120 3584 1424 3920
1024 2136 1560 2536
1608 1816 1824 2048
1008 1768 1448 2088
104 3136 1824 4000
720 3136 1824 4000
440 1608 1048 3536
104 3288 904 4000
768 0 1368 1992
816 2840 1824 3496
1304 2840 1824 3328
1416 2840 1824 3248
640 1608 840 1992
640 1688 816 1992
440 1856 1048 3536
1032 1560 1504 2040
872 1984 1824 3256
872 2552 1248 2904
920 2552 1248 2824
296 664 704 1616
1272 952 1552 1160
0 280 376 1448
816 2864 1536 3496
944 1984 1824 3256
1448 2296 1736 2536
32 1176 736 2360
216 1912 584 2360
816 2864 1536 3280
792 3808 1456 4000
1224 2744 1616 3256
976 3808 1456 4000
944 1984 1824 3096
1552 3664 1824 4000
1368 3176 1824 4000
1040 0 1352 928
1040 200 1304 928
944 2176 1824 3096
944 2176 1824 3048
1184 0 1824 1120
1072 960 1824 2112
1168 1080 1504 1400
720 3136 1656 3968
1008 3136 1656 3656
1056 3136 1656 3424
1400 1328 1760 1504
880 0 1264 872
1152 1984 1824 2464
240 2024 744 3120
768 784 1368 1992
768 784 1224 1992
0 2136 384 3672
1064 1936 1424 2192
1496 960 1824 1144
104 3288 744 4000
1072 1096 1824 2112
1072 1096 1824 1736
1152 1984 1552 2280
944 2176 1664 2992
1544 3176 1824 3760
1544 3176 1824 3512
976 2488 1664 2992
1248 1096 1824 1400
1120 2488 1664 2992
1072 1232 1824 1736
944 2176 1392 2584
1184 2136 1560 2488
304 1912 584 2360
1368 3392 1680 4000
1072 1424 1824 1736
1544 2408 1824 2800
1248 1096 1768 1400
1184 632 1440 1032
1240 0 1824 1016
1240 568 1824 1016
1320 656 1824 1016
0 2176 384 3480
1344 1680 1752 2112
1072 1424 1704 1600
1320 656 1744 1016
112 3184 440 3840
1256 0 1824 744
1264 0 1824 528
272 0 840 840
0 600 728 2184
0 600 728 2152
0 608 312 1488
0 0 904 1896
488 616 1520 3312
488 616 1216 3312
696 3440 1128 3736
1088 2608 1328 3112
1088 2608 1312 2984
1088 2608 1280 2784
1544 3344 1824 3720
0 608 312 1448
0 1032 400 1896
744 0 1824 4000
272 0 744 840
0 1184 424 2152
1008 1504 1632 1968
744 3600 1488 4000
0 664 1488 4000
0 664 1096 4000
816 0 1824 4000
304 2912 1488 4000
744 3680 1288 4000
800 3680 1288 4000
0 1040 856 4000
816 248 1824 4000
1232 2968 1672 3256
0 0 904 1216
0 0 408 752
488 664 1096 2112
304 0 904 1216
616 2912 1488 4000
0 1040 856 3672
0 0 408 352
488 800 1152 3312
376 0 904 1216
888 0 1824 744
376 480 728 1216
816 2200 1824 4000
0 1040 808 3672
0 1040 808 3480
816 2224 1824 4000
664 2912 1488 4000
664 3072 1488 4000
664 3192 1488 4000
896 3192 1488 3624
864 2688 1064 2904
944 2264 1336 2568
712 3072 1120 3664
744 3072 1120 3608
88 3008 584 4000
872 248 1824 2744
872 1688 1824 2744
872 1720 1824 2744
872 1720 1408 2744
872 2088 1144 2744
1072 248 1824 1760
1072 720 1824 1760
1072 720 1824 1752
664 3528 1272 4000
664 3528 952 4000
488 944 1024 2112
496 944 1024 2112
1312 1792 1824 2680
1312 2176 1608 2680
1320 2488 1608 2680
872 2088 1080 2728
88 3296 464 4000
816 2224 1824 3472
1360 2320 1608 2632
960 1720 1408 2488
768 800 1152 2296
1080 1560 1664 2280
1120 1680 1664 2280
1064 3256 1824 4000
0 3408 216 3672
896 3264 1488 3624
1112 720 1824 1752
1112 720 1288 1264
1016 3192 1416 3512
1496 2960 1824 3400
1496 3072 1824 3400
1064 3256 1704 4000
960 1720 1360 2488
1400 2736 1776 3128
1040 2216 1360 2488
1512 3072 1824 3400
960 1720 1312 2304
496 1080 968 2112
304 576 480 1080
1232 248 1824 1144
1168 960 1392 1272
88 3720 344 4000
896 3264 1296 3624
1232 368 1824 1144
1456 1792 1824 2296
0 3048 512 4000
1064 3456 1648 4000
1168 3456 1648 4000
1408 3256 1704 3584
952 2224 1824 3240
952 2464 1608 2888
1232 368 1824 1080
816 2656 1768 3472
816 2656 1520 3392
1488 2224 1824 3240
1488 2224 1824 2832
1544 2456 1824 2832
1392 3192 1768 3472
1120 1696 1664 2280
672 216 880 1104
1248 3664 1648 4000
952 2464 1608 2800
240 2392 672 3088
1352 1680 1552 2056
248 3296 464 3880
1184 840 1824 1752
1200 1192 1824 1752
1256 504 1824 1080
960 1864 1312 2304
816 2744 1520 3392
1256 504 1824 992
824 2656 1240 3088
1184 840 1824 1320
1184 840 1736 1320
1200 1328 1824 1752
1448 1328 1824 1752
0 3184 464 4000
1248 840 1736 1320
1136 3824 1312 4000
744 3808 976 4000
1256 3784 1464 4000
976 3752 1144 3976
664 3744 824 4000
1552 3736 1744 4000
104 3720 344 4000
1248 3680 1496 3936
1128 3680 1288 3904
1368 3664 1648 4000
768 3624 960 3840
896 3616 1272 3968
1280 3600 1488 3792
1064 3568 1288 3800
1600 3528 1824 3776
664 3528 952 3856
1488 3504 1704 3768
0 3496 304 4000
920 3480 1128 3712
248 3480 416 3880
1168 3464 1360 3648
1168 3456 1528 3728
696 3440 984 3736
1248 3408 1488 3584
0 3408 216 3600
792 3392 968 3552
1256 3352 1472 3536
1544 3344 1824 3624
1016 3344 1184 3512
744 3320 1120 3608
304 3296 736 4000
896 3280 1072 3496
1032 3264 1296 3624
1408 3256 1584 3584
1120 3208 1296 3400
1536 3200 1768 3472
1392 3192 1584 3456
1024 3192 1416 3424
160 3184 464 3632
1664 3176 1824 3400
1496 3136 1656 3328
888 3128 1104 3360
1512 3072 1760 3248
240 3048 512 3224
1232 3040 1464 3256
1416 2968 1672 3240
1120 2920 1328 3112
952 2896 1128 3104
1376 2872 1600 3136
1400 2864 1640 3128
1288 2848 1448 3032
824 2816 1064 3088
1008 2800 1272 2992
1648 2792 1824 3240
1408 2760 1624 2936
1128 2752 1312 2984
1504 2736 1776 3048
1216 2688 1440 2888
1560 2656 1824 2832
920 2656 1240 2888
1304 2592 1608 2800
936 2576 1144 2744
1664 2544 1824 2720
872 2504 1048 2728
1416 2488 1608 2664
1320 2488 1488 2680
952 2464 1384 2704
1544 2456 1736 2664
1192 2424 1392 2584
240 2424 672 3088
1360 2408 1536 2632
344 2392 672 2592
968 2376 1336 2568
920 2344 1104 2552
1376 2320 1608 2512
944 2264 1232 2464
1488 2224 1824 2536
1184 2216 1360 2488
1040 2216 1240 2400
1656 2200 1824 2368
1312 2176 1560 2512
888 2088 1080 2632
1232 1984 1408 2256
456 1968 744 2408
808 1952 992 2296
960 1936 1312 2304
488 1928 984 3312
1120 1920 1664 2280
664 1888 856 2320
976 1864 1280 2176
1608 1816 1824 2032
496 1784 736 2112
1032 1720 1312 2000
1128 1696 1424 1952
1352 1680 1552 1880
1240 1608 1632 1808
1168 1592 1344 1776
1080 1560 1264 1856
1008 1504 1304 1968
680 1496 856 1712
664 1480 880 1992
1200 1424 1504 1712
752 1408 912 1840
1448 1336 1824 1752
1656 1328 1824 1568
1104 1200 1336 1488
1208 1192 1640 1464
1248 1104 1592 1320
0 1096 360 1848
1520 1088 1824 1296
528 1080 968 1888
0 1048 400 1896
0 1032 352 1616
0 1008 312 1488
1176 960 1392 1208
0 960 648 2184
792 944 1024 1280
584 936 760 1152
1640 920 1824 1080
600 912 760 1112
1248 840 1736 1152
768 800 1152 1960
1112 792 1288 1264
832 664 1096 1016
1208 632 1520 880
0 608 296 1448
400 600 728 1328
1264 576 1824 992
304 576 480 1040
400 480 728 1080
384 464 712 912
896 416 1152 696
304 392 720 840
1232 368 1448 616
1320 248 1520 440
672 216 880 992
0 192 280 688
0 168 376 752
1048 0 1824 744
712 0 904 696
648 0 840 480
272 0 744 584
96 0 264 280
72 0 248 256
0 0 312 336
0 912 760 2184
0 0 1288 4000
0 736 312 1488
616 0 1824 4000
0 968 984 4000
0 0 1288 2632
616 1560 1824 4000
0 1040 984 4000
888 0 1824 2664
528 616 1288 2632
0 0 904 2152
616 2840 1120 4000
0 0 904 1448
304 0 840 840
768 1560 1824 4000
1376 2872 1784 3240
1416 2960 1784 3240
0 1784 984 4000
496 2616 672 2968
1008 1504 1824 2664
640 616 1288 2632
888 0 1824 1880
616 2912 1120 4000
616 2912 984 4000
640 2912 984 4000
664 2912 984 4000
696 2912 984 3736
712 3160 1120 3664
1488 3384 1704 3768
1032 3264 1488 3624
744 3160 1120 3608
920 1560 1824 3400
768 2504 1824 4000
816 2504 1824 3624
400 0 904 1104
400 0 904 1080
304 576 480 1216
640 1480 880 1992
1008 1504 1824 2536
768 3192 1824 4000
768 616 1288 2632
800 3192 1824 4000
896 3480 1272 3968
104 3008 584 4000
768 616 1288 2296
0 168 376 1448
1288 2144 1552 2344
960 1560 1408 2488
960 1560 1408 2400
1304 1768 1504 2056
920 2232 1824 3400
920 2344 1392 2744
920 2344 1384 2744
1072 504 1824 1880
1632 1616 1824 1808
952 2232 1824 3400
1496 3072 1760 3328
1120 1608 1824 2536
920 2344 1384 2704
248 3008 584 3880
376 3008 584 3648
800 3784 1464 4000
1304 3192 1824 3624
1304 3192 1768 3472
240 1784 984 4000
1024 3192 1824 4000
1072 1200 1288 1568
768 616 1288 1960
1648 2792 1824 3400
1120 1696 1824 2536
1104 504 1824 1880
1104 1112 1336 1488
800 3824 1312 4000
328 600 728 1472
816 2504 1520 3392
824 2504 1240 3088
952 2232 1824 3128
1320 2232 1624 2680
1024 3192 1584 3728
888 0 1824 880
952 2472 1824 3128
1560 2472 1824 2832
952 2592 1776 3128
952 2592 1776 3112
1064 3528 1824 4000
1064 3568 1744 4000
960 1560 1408 2304
1024 3192 1584 3584
1360 2232 1624 2632
960 1560 1312 2304
1064 3568 1648 4000
888 0 1264 696
936 2512 1232 2744
1256 3256 1584 3584
952 2592 1608 3112
1120 2592 1608 3112
1216 2592 1608 3032
1216 2688 1448 3032
304 1928 984 4000
1064 3568 1488 3800
1048 0 1824 880
1072 616 1288 1264
1176 504 1824 1880
1200 1192 1824 1880
1592 2472 1824 2792
1640 2472 1824 2720
1176 504 1824 1320
1032 1560 1312 2000
240 1784 744 3088
344 1784 744 2592
456 1784 744 2408
768 664 1152 1960
1352 1328 1824 1880
488 1784 736 2112
1176 840 1824 1320
1120 1792 1824 2536
1200 1192 1640 1712
1264 576 1824 1080
1456 1792 1824 2536
1352 1336 1824 1880
1448 1336 1824 1840
1176 840 1736 1320
1176 840 1736 1208
0 0 192 712
0 616 352 2184
0 616 352 1880
0 1032 352 1880
0 1216 312 1880
488 456 992 1288
320 456 728 1016
304 0 1024 656
320 0 1024 656
728 0 1024 656
656 1992 992 2608
1280 1064 1824 1328
320 80 736 544
480 2568 840 4000
544 2664 840 4000
480 2568 816 3040
784 0 1024 656
0 1248 312 1880
880 2152 1288 2664
792 1216 1376 2128
384 1392 904 2112
592 1392 904 1792
648 0 1824 4000
0 0 1264 4000
40 0 680 1232
40 0 680 1152
40 0 680 1040
40 0 680 872
40 128 680 872
0 616 232 1496
272 128 680 872
1040 0 1352 1264
104 280 304 856
1080 0 1352 928
72 128 792 1880
72 480 720 1880
72 1032 504 1880
304 2704 728 4000
304 2896 728 4000
304 3048 728 4000
72 1176 424 1880
1336 2464 1536 2632
888 0 1264 688
0 208 1096 4000
736 1952 976 2312
0 3712 320 4000
304 3224 656 4000
304 3504 656 4000
736 2040 944 2312
352 480 720 1208
648 2328 1824 4000
648 2336 1824 4000
664 2816 1824 4000
1168 3168 1824 4000
904 0 1264 656
904 0 1264 552
904 0 1264 376
1168 3688 1472 4000
392 480 720 1120
672 3376 1272 4000
1280 1064 1824 1272
904 0 1264 296
0 208 1096 3920
752 208 1096 1312
960 0 1824 2520
752 208 1096 1016
648 2336 1824 3248
0 1048 944 3920
384 1640 704 2112
696 2816 1824 4000
744 3672 1288 4000
856 296 1096 1016
0 1048 944 3848
904 2336 1824 3248
488 1736 824 2408
72 1856 360 2088
264 2472 576 2880
312 2592 576 2880
1168 3240 1824 4000
1392 3240 1728 3608
904 2336 1824 3104
1168 3456 1824 4000
488 2024 760 2408
960 952 1824 2520
760 3376 1272 3968
760 3576 1272 3968
784 3376 1120 3752
696 2816 1824 3896
960 968 1824 2520
960 1096 1824 2520
1200 0 1824 1184
960 1128 1824 2520
728 2816 1824 3896
728 2864 1696 3896
184 2792 536 3112
0 1048 944 3592
1392 3240 1728 3512
1064 2840 1440 3096
1272 952 1824 1224
184 2912 536 3112
728 2864 1536 3896
0 1048 944 3304
184 3176 472 3848
184 3280 440 3848
904 2336 1824 2992
928 2336 1256 2728
904 2480 1824 2992
232 1976 624 2648
1168 3456 1720 4000
960 1136 1824 2520
960 1168 1824 2520
960 1312 1824 2520
1248 0 1824 1184
1536 3328 1824 3904
928 2336 1152 2728
0 1048 816 3304
1120 0 1352 648
560 1072 944 1480
0 1048 816 2624
960 1312 1824 2432
232 1976 624 2424
0 2480 344 3304
0 2576 344 3304
0 2576 344 3168
0 2576 344 3056
0 2664 344 3056
1000 2480 1824 2992
1000 2576 1680 2992
1000 2584 1600 2992
1000 2584 1456 2992
1248 0 1824 1128
0 1048 816 2576
0 1864 488 2576
1352 3544 1720 4000
176 1048 816 1992
728 3008 984 3720
960 1568 1400 2432
960 1808 1400 2432
960 1808 1400 2296
728 3008 904 3608
1544 2480 1824 2864
960 1808 1320 2296
1632 2816 1824 3248
1584 2544 1824 2864
816 2864 1536 3896
840 2864 1536 3896
960 1880 1256 2296
1240 1312 1824 2376
840 2928 1504 3896
840 2928 1488 3672
840 2928 1320 3672
1144 2328 1824 2784
1224 2328 1824 2784
1240 1312 1824 2360
312 1048 816 1784
1240 1424 1824 2360
1464 1616 1824 2360
1248 264 1824 1128
1248 264 1824 992
1296 0 1824 440
1296 0 1824 400
1440 0 1824 400
1248 264 1824 920
0 1984 392 2576
1248 264 1824 872
1464 1728 1824 2360
1464 1728 1824 2296
1256 264 1824 616
1288 3840 1504 4000
96 3800 320 4000
744 3776 1216 4000
1440 3728 1720 4000
1256 3688 1472 3912
1272 3608 1504 3896
1064 3608 1264 3800
760 3600 976 3840
672 3592 928 4000
928 3576 1272 3968
384 3576 544 3848
184 3576 344 3848
1352 3544 1568 3784
1584 3536 1776 3760
752 3528 984 3720
920 3472 1120 3752
