0 0 1824 4000
1264 3064 1824 3432
1288 0 1776 976
0 2088 832 2792
440 2728 1584 3864
488 2728 1584 3600
488 2728 1312 3400
1456 0 1776 976
1368 0 1824 1792
432 3592 1080 4000
536 2728 1312 3400
736 2040 1376 2552
1288 0 1728 896
440 3224 1336 3864
440 3224 904 3560
696 2728 1312 3312
432 3592 1016 4000
0 2088 760 2720
0 2336 1824 4000
720 2512 1824 3624
1200 3128 1600 3624
0 0 1824 3168
1368 488 1824 1792
1368 488 1824 1760
736 2040 1184 2280
864 2040 1184 2280
0 184 296 616
0 3728 464 4000
0 3800 464 4000
720 2512 1824 3392
1072 3152 1584 3600
0 3048 1824 4000
0 3288 1824 4000
0 3048 448 3352
0 3456 760 4000
96 3288 1824 4000
536 3056 1072 3400
720 3176 1072 3400
0 3456 304 3680
0 2336 768 3336
784 3288 1824 4000
312 208 568 664
392 208 568 664
832 3288 1824 4000
136 2632 768 3056
280 2200 512 2400
160 3288 1312 3896
160 3288 800 3552
0 2336 728 3336
832 1456 1016 1640
800 2512 1448 3000
0 3144 448 3352
0 2336 568 3120
0 3576 760 4000
992 320 1200 616
856 1136 1016 1416
1568 2552 1776 3072
408 1320 824 1544
0 336 336 1008
776 720 1120 1088
1568 2552 1776 2832
0 3728 288 3960
112 3352 648 3808
0 1600 1720 3064
0 1600 472 2280
0 1600 368 2280
0 456 336 1008
448 712 712 1080
488 3368 1336 3864
376 2000 1720 3064
376 2016 1720 3064
376 2016 1720 2936
1048 2192 1720 2936
1104 2000 1552 2320
0 0 968 672
32 0 968 672
32 0 968 576
560 384 944 704
376 2016 1168 2648
32 0 792 576
0 1784 368 2280
376 2016 1168 2640
0 1952 288 2240
440 3552 1184 4000
376 2040 1168 2640
1048 2192 1720 2824
1120 2192 1720 2800
1368 1600 1824 3168
1464 1616 1824 3168
1464 2144 1824 3168
1464 2208 1824 3168
1648 2720 1824 3168
1664 2784 1824 3168
1104 2000 1392 2320
848 3288 1824 4000
536 3440 1312 3896
32 0 624 576
32 0 568 576
1504 1616 1824 2224
0 0 1688 2368
1072 520 1656 1608
1392 1320 1656 1608
1072 520 1504 1400
1072 520 1464 1400
1072 520 1432 1400
112 1784 368 2280
112 2400 544 2768
1464 2208 1824 2736
1464 2208 1824 2592
376 2040 904 2600
320 1288 1688 2368
32 0 416 576
432 2040 904 2600
536 2040 904 2600
1184 520 1432 1008
1464 2208 1824 2568
1504 1616 1824 2096
1504 1616 1824 2024
320 1288 1688 2160
1536 2208 1824 2536
320 1288 1632 2160
792 2312 1168 2640
632 3688 1184 4000
0 0 1472 1832
232 0 1472 776
232 0 1472 608
624 0 1472 608
232 64 776 464
320 1296 1632 2160
0 488 1264 1832
128 128 416 576
280 640 544 1064
624 0 1320 608
392 488 1264 1560
560 488 1264 1560
608 488 1264 1560
608 488 1120 1560
632 1016 1080 1560
632 1016 1080 1424
320 1296 1544 2160
320 1392 1544 2160
568 2040 888 2416
872 720 1120 1088
1072 936 1344 1400
1048 2440 1384 2824
328 1648 872 1952
0 744 624 1832
0 744 624 1744
0 744 264 1104
632 1016 1080 1328
408 1392 1544 2160
408 1392 1544 2128
552 1424 1544 2128
552 1424 1520 2128
552 1552 1312 2128
552 1552 1120 1976
624 0 1112 608
608 488 1120 1056
0 984 624 1744
800 3816 1080 4000
176 3808 464 4000
792 3800 1080 3960
0 3800 296 4000
840 3792 1184 4000
496 3744 920 4000
376 3744 712 4000
0 3744 160 3944
1440 3736 1720 3912
136 3728 568 4000
336 3720 760 4000
632 3688 984 3864
0 3632 288 3792
0 3576 456 3840
880 3560 1336 3864
440 3552 696 3720
248 3544 648 3808
752 3536 1312 3896
784 3512 1536 4000
536 3440 960 3656
848 3416 1720 4000
488 3368 896 3592
112 3352 344 3608
384 3344 800 3552
1160 3336 1584 3600
440 3296 840 3520
960 3288 1824 3856
160 3288 672 3520
96 3288 1320 4000
0 3272 160 3496
480 3224 904 3560
744 3184 1072 3400
720 3176 944 3376
1368 3160 1824 3720
1072 3152 1560 3576
0 3144 448 3320
1344 3136 1824 3432
1200 3128 1464 3392
1264 3064 1824 3408
536 3056 832 3352
0 3048 432 3280
288 3016 728 3336
1664 3000 1824 3168
488 3000 976 3288
992 2968 1312 3312
0 2936 408 3184
584 2824 1192 3336
1456 2768 1656 3064
696 2728 1072 3000
1288 2712 1504 2936
0 2696 568 3120
528 2640 768 3056
720 2632 1824 3392
136 2632 632 2936
1368 2616 1720 2800
672 2568 832 2792
1264 2536 1480 2720
1416 2528 1608 2696
800 2512 1272 2896
224 2504 544 2768
1048 2472 1216 2744
952 2472 1136 2648
1096 2440 1384 2824
112 2400 344 2616
1464 2352 1704 2568
856 2344 1168 2640
1536 2336 1752 2536
0 2336 280 2816
536 2280 904 2600
0 2272 368 2528
192 2224 776 2592
1592 2208 1824 2480
1120 2192 1544 2624
648 2192 888 2416
824 2176 1376 2552
0 2176 760 2720
1144 2144 1376 2320
432 2144 608 2432
1312 2096 1552 2280
0 2088 752 2600
864 2080 1144 2280
376 2064 584 2248
1624 2048 1824 2224
1528 2048 1688 2368
248 2048 456 2232
568 2040 784 2360
168 2024 368 2280
536 2016 704 2208
1104 2000 1392 2216
96 1952 288 2240
320 1912 560 2080
888 1896 1128 2104
536 1880 920 2160
1344 1824 1632 2144
112 1784 368 2072
1184 1736 1512 2040
952 1728 1312 2128
328 1728 696 1952
0 1712 200 2096
1640 1680 1824 2024
1376 1672 1544 1880
552 1664 1016 1976
504 1648 872 1872
1504 1616 1728 1912
1368 1600 1568 1840
0 1600 200 1904
600 1576 768 1736
144 1568 352 1832
680 1552 1120 1744
392 1552 552 1808
1072 1424 1520 1824
408 1392 640 1784
600 1384 824 1544
0 1344 240 1744
1576 1320 1824 1792
1456 1320 1656 1608
408 1320 752 1504
680 1304 1032 1560
1048 1296 1328 1688
680 1272 840 1440
144 1272 392 1504
856 1256 1016 1416
1072 1224 1328 1400
736 1136 896 1424
1296 1120 1504 1352
360 1104 528 1264
32 984 624 1728
392 968 728 1336
1152 936 1344 1296
1288 928 1464 1192
760 888 1048 1168
1008 824 1264 1280
456 824 712 1080
608 800 816 1056
776 768 944 992
0 768 264 1104
872 752 1096 1088
0 744 256 984
448 712 704 944
1368 656 1824 1760
1048 656 1216 848
560 648 760 840
304 648 544 952
280 640 488 1064
1184 616 1360 920
1072 568 1240 800
168 544 336 1008
1248 520 1432 1008
1088 504 1352 776
264 504 512 672
1408 488 1824 1256
712 488 1120 896
0 456 296 680
1456 448 1712 888
992 432 1200 616
616 384 944 672
1216 312 1384 480
520 280 776 464
456 280 720 536
144 272 416 576
1288 256 1448 648
392 208 568 576
128 128 416 408
624 120 920 464
232 64 656 376
1448 0 1728 896
1184 0 1472 456
1000 0 1320 528
896 0 1112 608
736 0 968 368
552 0 792 216
32 0 312 280
0 0 272 184
1336 0 1824 1256
1456 0 1784 976
1408 0 1824 1256
0 0 1824 3392
0 2056 1824 4000
992 2968 1600 3624
536 3440 1536 4000
288 2568 976 3336
528 2568 832 3056
288 3000 976 3336
0 2056 752 2600
248 1560 1824 3392
248 1560 1824 3168
0 3728 712 4000
0 0 1824 2280
0 0 1360 2280
624 0 1824 1840
0 2176 1824 4000
96 2824 1824 4000
440 2824 1824 4000
96 3288 1464 4000
408 1160 840 1784
624 0 1824 1824
776 568 1240 1088
1216 256 1448 648
0 2176 760 3496
0 2176 760 3352
0 2336 632 3352
536 2824 1824 4000
584 2824 1192 3400
536 3056 1824 4000
248 2016 704 2432
248 2040 608 2432
248 2048 608 2432
536 1560 1824 3168
824 2080 1376 2552
0 2936 448 3352
0 2936 448 3320
136 3728 712 4000
536 1616 1824 3168
536 3056 1824 3856
832 3160 1824 3856
1416 2520 1720 2704
776 656 1216 1088
1456 2768 1744 3072
0 0 944 1232
440 3224 1720 4000
408 1392 768 1784
288 0 792 216
0 456 336 1232
0 544 336 1232
480 3224 1720 4000
248 3544 1016 4000
1072 656 1824 1824
1072 1200 1408 1496
600 1160 840 1544
0 744 264 1232
0 0 944 1064
0 0 944 840
1648 2568 1824 3168
0 488 1360 2280
0 0 312 280
624 0 1728 1008
1184 0 1728 896
0 968 1128 2280
128 64 944 840
608 488 1360 1688
536 1616 1824 2936
0 1568 632 2280
0 1568 560 2280
0 1568 560 2240
536 3056 944 3376
0 2336 632 3120
624 0 1432 1008
624 0 1352 776
960 3160 1824 3856
864 1616 1824 2936
864 1616 1824 2480
1376 1616 1824 2480
1464 1616 1824 2480
632 1160 840 1440
1048 1824 1824 2936
1048 2440 1504 2936
1504 1616 1824 2480
1528 1680 1824 2480
1528 1880 1824 2480
864 1728 1512 2320
1072 928 1520 1824
1072 1120 1520 1824
608 488 1344 1688
608 488 1344 1560
1008 824 1344 1296
1072 1336 1520 1824
536 2040 1168 2640
568 2040 1168 2640
128 64 656 576
0 2400 632 3120
0 968 1128 2160
328 1512 1128 2160
1120 1824 1824 2800
1120 1824 1720 2800
1312 1824 1632 2280
112 2400 632 2936
96 1568 560 2240
96 1784 560 2240
96 1784 368 2240
456 280 944 840
560 384 944 840
144 1568 360 1912
328 1552 696 1952
992 1288 1328 1688
504 1512 1128 2160
600 1512 1120 1744
864 1728 1512 2128
1528 1880 1688 2368
0 968 728 1744
1536 2336 1824 2592
864 1728 1312 2128
1120 2192 1704 2624
504 1648 1128 2160
504 1648 1016 1976
440 3552 984 3864
632 888 1080 1560
632 888 1080 1424
632 888 1080 1328
536 1880 1128 2160
1456 0 1808 976
1256 0 1824 1768
0 2320 432 2648
712 2776 1616 3624
704 2560 1824 3392
1416 0 1824 1768
1456 0 1768 968
1216 16 1416 464
0 2064 776 2800
0 2176 776 2800
0 2064 768 2624
0 2376 1824 4000
0 2376 1288 3400
568 2568 1288 3336
0 3032 1824 4000
1072 3160 1584 3600
0 3456 1040 4000
0 3728 760 4000
0 3728 528 4000
240 3320 1456 3968
976 0 1248 400
1416 488 1824 1768
312 184 728 744
392 184 728 744
392 184 728 576
280 944 520 1160
800 2080 1384 2552
0 3264 392 3648
0 2376 1032 3400
64 3032 1824 4000
64 3032 1528 4000
280 2168 512 2400
152 1560 472 1912
1360 3144 1824 3464
0 32 416 608
136 2632 1032 3400
488 2856 1032 3400
0 0 1824 2744
0 2376 568 3160
64 3280 1528 4000
456 3208 1824 4000
576 1024 800 1288
1064 2144 1824 3168
240 3320 840 3600
1064 2192 1824 3168
0 336 368 1008
0 336 288 1008
744 0 1456 896
744 432 1288 896
1064 2192 1824 2952
1064 2192 1736 2952
96 2528 544 2816
1008 536 1336 1280
376 1880 1168 2744
1064 2192 1616 2952
1064 2192 1616 2832
352 0 968 304
352 0 968 184
352 0 872 184
0 0 1824 2704
488 0 872 184
888 1904 1136 2096
0 0 1680 2448
376 1272 872 1776
1064 0 1456 488
1080 1280 1824 2704
56 32 416 608
1312 1280 1824 2704
1392 1280 1824 2704
1392 1280 1824 2368
1568 2056 1824 2368
744 488 1064 896
1568 2208 1824 2704
176 2528 544 2768
560 1272 872 1640
1096 536 1336 912
1120 2192 1616 2800
1096 536 1336 800
800 2280 1168 2744
232 0 1680 2376
704 1464 1680 2376
784 1464 1680 2376
136 2632 624 2936
840 2344 1168 2744
0 496 944 2448
264 496 536 1032
1064 2440 1384 2832
0 744 944 2448
0 744 816 2448
0 744 728 1928
0 1600 816 2448
1568 2336 1768 2704
784 1568 1680 2376
784 1568 1376 2120
1392 1280 1824 2096
128 112 416 608
232 0 1576 1576
536 504 1576 1576
536 504 808 856
784 1568 1312 2120
560 520 1576 1576
664 520 1576 1576
1312 2016 1632 2568
1424 2136 1632 2568
0 872 728 1928
664 520 1480 1576
664 1024 1120 1560
680 1024 1120 1560
344 1600 816 1968
680 1024 1080 1560
232 0 1080 672
0 744 256 1112
48 872 728 1728
0 1680 640 2448
432 3792 760 4000
0 3728 296 3944
192 3656 496 3824
800 3536 1456 3968
776 3536 1528 4000
344 3488 1184 4000
120 3392 328 3648
440 3384 840 3600
440 3352 1584 4000
848 3280 1824 4000
64 3280 1288 4000
1072 3272 1568 3600
0 3272 160 3488
0 3264 392 3544
1440 3232 1824 3752
456 3208 928 3544
728 3176 1008 3384
1360 3160 1640 3352
1080 3160 1584 3600
1368 3144 1824 3464
1200 3120 1616 3624
536 3056 1032 3400
176 3032 736 3344
0 2968 448 3320
0 2936 336 3112
488 2856 824 3208
712 2776 1376 3160
1464 2768 1648 3064
720 2736 1824 3408
568 2720 1288 3336
1160 2712 1496 2992
0 2696 568 3160
136 2632 600 2888
1384 2624 1616 2800
632 2568 1072 2968
312 2544 544 2768
1568 2536 1728 2704
176 2528 400 2736
952 2472 1128 2744
1168 2440 1384 2832
0 2376 432 2800
840 2344 1168 2640
1568 2336 1768 2568
1456 2328 1632 2568
0 2320 432 2568
1312 2288 1608 2608
0 2264 376 2520
536 2256 704 2448
1600 2208 1824 2480
1120 2192 1520 2696
800 2176 1384 2552
1136 2144 1336 2320
1424 2136 1584 2360
96 2128 768 2624
864 2080 1160 2280
1568 2056 1824 2280
1080 2024 1368 2208
1312 2016 1552 2304
904 1904 1136 2096
376 1880 936 2624
1616 1848 1824 2048
704 1800 936 2160
1312 1792 1680 2376
152 1784 536 2136
928 1752 1312 2120
624 1752 992 1936
504 1688 816 1872
1016 1680 1216 1864
1104 1632 1376 1800
344 1600 696 1968
784 1568 1112 1816
952 1560 1120 1760
152 1560 352 1912
1488 1544 1672 1704
1200 1504 1416 1784
1344 1464 1568 1856
0 1416 208 1928
376 1400 768 1776
600 1384 872 1640
408 1320 648 1504
1040 1296 1216 1456
1392 1280 1824 2000
560 1272 840 1440
48 1272 408 1696
680 1256 1080 1560
664 1144 896 1424
368 1104 544 1304
880 1064 1120 1328
736 1024 992 1328
576 1024 776 1216
0 1000 216 1248
1312 928 1576 1352
104 872 728 1728
448 816 720 1080
560 800 808 1104
1008 776 1264 1280
760 768 1080 1168
0 768 224 1112
0 744 256 1040
440 728 704 912
16 664 288 1008
744 648 904 896
280 640 512 1032
1432 632 1824 1768
536 616 808 856
1040 576 1208 872
160 576 368 944
1176 536 1336 776
904 536 1152 936
944 520 1480 1576
560 504 800 704
264 496 536 944
1416 488 1824 1200
768 488 1064 832
1456 456 1648 808
976 432 1288 624
0 336 240 696
456 280 728 536
128 272 416 608
1256 232 1448 648
984 216 1160 416
392 184 584 576
736 144 904 368
128 112 416 408
56 32 312 280
1456 0 1728 896
1224 0 1456 488
1064 0 1312 472
1008 0 1248 400
976 0 1176 336
648 0 1080 672
600 0 872 168
488 0 768 184
232 0 920 464
0 0 272 176
712 2736 1824 3624
1416 0 1824 1200
712 2776 1824 3624
0 2064 1824 4000
0 2064 1072 2968
0 2176 1072 2968
0 0 1824 1784
712 2776 1824 3464
40 1232 200 1456
240 3320 1528 4000
488 2856 1008 3384
976 0 1248 416
312 184 624 744
0 576 1824 3392
704 1280 1824 3392
0 576 1136 2624
408 1320 648 1616
312 184 584 576
0 0 1728 1784
976 0 1728 896
0 0 1576 1784
976 336 1352 624
976 432 1304 624
1616 1848 1824 2104
1096 560 1336 912
0 2968 1824 4000
0 2968 1040 4000
0 2968 736 3544
0 744 1136 2624
536 2720 1288 3400
320 1016 544 1304
16 576 368 1008
856 1456 1016 1640
0 2376 624 3160
0 2968 448 3544
800 1280 1824 3168
0 768 1136 2624
0 3336 1040 4000
0 3336 384 3672
120 3392 384 3672
952 1472 1232 1864
952 1560 1232 1864
952 1560 1232 1760
0 2376 600 3160
440 3384 1528 4000
1416 2560 1768 2896
1416 2560 1736 2832
1224 0 1728 896
1224 0 1456 648
0 0 1312 1032
440 520 1576 1784
448 520 1576 1784
800 2080 1824 3168
448 520 1576 1576
0 80 296 696
928 1280 1824 2736
0 768 1136 2256
800 2280 1824 3168
800 2280 1616 2832
376 1384 1136 2256
704 1800 1136 2256
1464 2768 1824 3168
704 1800 936 2256
1464 2768 1736 3072
1080 1736 1368 2208
928 1280 1824 2376
376 1384 1112 1936
0 0 1312 896
448 192 1064 896
0 1560 936 2624
0 0 1312 672
0 184 296 696
1136 2016 1824 2736
1568 2536 1824 2736
456 280 1064 896
600 1384 1112 1936
624 1568 1112 1936
456 280 808 856
128 112 536 1032
1184 1736 1352 2048
232 0 1312 672
1064 2440 1616 2832
1664 2888 1824 3168
1392 1280 1824 2280
1136 2016 1824 2608
1136 2016 1768 2608
864 2080 1520 2696
0 768 1080 1968
1136 2016 1632 2608
1312 2016 1632 2608
1312 2136 1632 2608
928 1464 1680 2376
800 2280 1168 2640
0 768 816 1968
448 768 1264 1280
560 1024 1080 1560
448 768 1080 1168
664 1024 1080 1560
0 2544 600 3160
152 1560 536 2136
0 1680 936 2624
928 1464 1568 2120
1104 1464 1568 1856
0 768 408 1928
136 2544 600 2888
560 768 1080 1168
944 520 1576 1576
0 768 224 1928
0 1000 216 1928
0 1000 216 1456
104 872 816 1968
1408 120 1688 1024
1448 0 1824 1016
808 3416 1288 3760
1448 496 1824 1384
1432 0 1728 632
1568 0 1728 632
1432 0 1712 312
0 3728 304 4000
544 2800 1336 3336
0 2152 776 2720
1448 256 1736 920
728 3144 1728 3904
0 2960 464 3336
1488 1216 1824 1936
1488 1216 1824 1848
896 3144 1728 3904
1280 3328 1728 3904
0 3088 464 3336
1160 216 1440 696
600 2800 1336 3336
1336 816 1824 1440
1336 816 1632 1352
0 2304 1512 4000
0 2304 1464 4000
408 3152 1464 4000
0 2304 872 3360
0 3280 1080 4000
680 2424 1824 4000
1080 2944 1824 4000
1080 2944 1824 3856
1080 2944 1824 3752
1080 3136 1640 3600
0 0 1824 3104
432 2136 680 2480
376 3808 784 4000
408 3152 880 3576
1184 2944 1824 3752
1256 216 1440 696
0 3280 656 4000
0 3280 656 3840
0 3280 656 3808
48 3280 656 3736
680 2424 1696 3192
0 2168 776 2720
144 3736 464 4000
680 2072 1440 2600
0 2832 536 3152
0 3040 192 3208
0 2744 872 3360
0 680 232 1056
0 2304 328 2800
0 2152 768 2600
0 144 616 1032
0 192 616 1032
0 192 616 944
0 192 616 728
0 192 536 656
184 192 536 656
0 488 304 776
176 2552 648 2880
200 192 536 656
0 2744 632 3056
1080 3152 1576 3600
656 0 1440 664
656 0 1256 664
656 0 1160 664
512 1416 768 1784
520 1848 920 2256
640 1848 920 2256
1184 2944 1824 3408
1376 1216 1728 2016
432 3424 1464 4000
432 3424 1176 4000
704 1848 920 2256
280 2168 512 2392
0 296 368 648
656 0 1024 664
792 1696 1824 3104
824 1696 1336 2248
824 1696 1312 2248
792 2088 1824 3104
1304 2960 1824 3408
824 1728 1312 2248
0 0 1824 2560
680 2072 1240 2440
1376 1296 1728 2016
1376 1296 1568 1848
1232 0 1440 368
880 1840 1312 2248
792 2128 1824 3104
1512 2136 1824 2456
240 1616 496 1920
0 0 968 832
0 0 968 704
0 0 968 576
0 320 1824 2560
0 1880 808 2560
312 2048 808 2560
440 2048 808 2560
0 320 1824 2248
600 952 1248 1440
576 2184 808 2560
880 1920 1264 2248
1080 3152 1528 3472
600 952 1248 1296
736 952 1248 1296
656 0 1024 616
800 0 1024 616
504 1304 968 1872
504 1416 872 1872
600 1416 872 1672
472 320 1256 1072
472 464 1208 1072
712 464 1208 832
504 1640 848 1872
1280 2128 1608 2648
0 2744 624 2936
0 424 1824 2248
1504 1568 1728 2016
1280 2128 1552 2432
792 2344 1824 3104
1392 2424 1824 3104
0 504 1824 2248
720 504 1504 1192
1168 816 1504 1192
792 2344 1432 2832
720 504 1360 1176
0 960 1824 2248
792 2344 1384 2832
832 504 1360 1176
976 504 1360 848
64 424 480 1184
112 424 480 1184
1488 2424 1824 3104
1488 2512 1824 3104
648 3600 1176 4000
0 1000 232 1400
0 0 968 472
1304 1832 1824 2248
1304 1904 1752 2248
328 1496 552 1952
0 960 1536 2168
0 976 736 2048
0 1104 472 2048
0 1104 472 1904
792 2344 1224 2728
0 1104 472 1728
288 960 1536 2168
352 960 1536 2168
120 1104 472 1728
632 960 1536 2032
1096 960 1488 1800
1096 1192 1488 1800
632 1136 1536 2032
0 0 712 472
352 1832 824 2168
632 1264 1536 2032
0 1880 336 2280
776 1264 1536 2032
776 1264 1360 1848
984 1264 1360 1848
376 3816 536 4000
440 3808 784 4000
144 3808 440 4000
0 3800 184 4000
192 3736 464 4000
0 3728 304 3952
1160 3712 1712 4000
1040 3704 1464 4000
1568 3656 1824 3856
784 3624 1176 4000
648 3600 1000 3864
0 3592 472 3840
304 3544 1080 4000
776 3512 1512 4000
808 3504 1288 3760
1280 3464 1688 3904
0 3456 480 3808
432 3424 960 3760
832 3416 1064 3576
1608 3400 1776 3680
1184 3384 1456 3648
