0 0 3263 2448
1605 1808 2558 1997
1161 0 3263 476
0 0 2258 1899
0 45 3263 2448
104 1847 1592 2128
1396 1462 1984 1867
1396 1566 1880 1867
1475 1462 1984 1808
698 1782 1475 1971
1377 45 3263 2448
1599 1462 1984 1808
1775 267 3263 2448
0 953 2663 2448
0 1886 2663 2448
1834 1207 2480 1853
1377 45 3094 2448
1377 45 1971 796
1912 646 3094 2448
0 0 319 940
0 163 208 940
1377 261 1880 763
1423 261 1749 639
0 953 1573 2056
1873 757 2102 1116
1599 1560 1899 1808
1462 45 1971 796
0 0 319 163
287 1834 874 2023
2598 1729 3263 2448
2872 1814 3263 2448
2872 1847 3263 2448
0 1893 2663 2448
1775 267 3263 1782
1775 267 3263 1769
946 1782 1475 1951
443 1867 874 2010
1618 1462 1984 1769
2643 1494 3263 1782
0 1096 1573 2056
1377 267 1880 763
0 1096 1560 2056
1912 646 2944 1925
1912 646 2683 1801
1912 646 2683 1534
2036 1840 3094 2448
0 1919 2389 2448
0 2069 1377 2448
0 2069 718 2448
2095 1893 2663 2252
2239 1893 2663 2252
0 2121 548 2448
2780 1494 3263 1762
0 2121 502 2448
372 1847 1592 2108
587 2075 1377 2448
1018 1919 2389 2448
1018 1919 2141 2448
1259 1919 2141 2448
2082 1011 2637 1801
2461 1919 2663 2252
2010 2075 2317 2448
300 0 1645 815
587 2075 1161 2448
2010 2154 2317 2448
2617 1840 3094 2448
2617 1840 3028 2448
1259 1945 2095 2448
2617 1977 2859 2245
2082 1011 2415 1527
0 1605 496 2056
2036 2141 2787 2448
1377 1945 2095 2448
150 2317 359 2448
907 2232 1161 2415
345 2206 639 2448
2754 2193 2891 2323
2010 2193 2252 2448
1096 2186 1396 2448
0 2180 169 2317
2115 2141 2787 2448
352 2134 548 2337
2624 2128 2780 2382
2265 2115 2421 2284
972 2108 1377 2323
587 2075 1044 2448
365 2069 718 2212
1377 2062 2062 2448
718 2056 1051 2297
2461 2017 2663 2252
0 2004 365 2212
1018 1991 1625 2356
2617 1977 2807 2167
1971 1964 2389 2252
1971 1945 2239 2115
1429 1945 2095 2317
1912 1919 2141 2056
372 1919 1514 2108
2239 1893 2611 2193
1494 1886 1716 2043
3113 1880 3263 2075
443 1867 691 2010
2872 1847 3263 2395
1286 1847 1592 2010
2624 1840 3028 2448
287 1834 502 2023
1605 1827 2461 1997
698 1808 1018 1971
2480 1788 2944 1925
946 1782 1318 1951
2598 1729 3263 1860
1736 1664 1984 1873
78 1618 496 2036
0 1605 221 2056
1396 1592 1547 1749
1168 1592 1318 1729
1455 1566 1880 1867
2780 1547 3022 1762
2350 1507 2637 1801
1762 1501 1984 1769
2924 1494 3263 1756
1579 1481 1769 1651
1475 1475 1651 1677
2467 1410 2839 1769
2474 1396 2611 1540
913 1364 1736 1899
1834 1312 2480 1853
1377 1305 1573 1436
169 1246 378 1442
2186 1227 2415 1527
2885 1168 3263 1560
1090 1122 1312 1344
0 1096 1560 1906
372 1083 750 1344
2082 1011 2271 1286
1370 953 1553 1142
2069 868 2199 1077
1873 757 2017 959
2004 731 2683 1534
1912 646 2102 1011
1501 626 1880 763
1736 476 1867 659
1775 267 3263 1599
1416 267 1631 411
1377 267 1612 665
1423 261 1749 633
0 241 208 940
300 78 1645 815
1573 71 1736 424
0 26 189 163
1383 0 3263 476
352 0 1573 169
0 0 2258 1645
163 0 319 130
0 953 3263 2448
0 0 3263 1945
1462 45 3263 1945
0 0 3263 1645
1462 45 2102 1116
1775 267 3263 1945
0 953 1736 2448
300 0 3263 815
587 1207 3263 2448
1455 1207 2558 1997
1605 1207 2558 1997
587 1840 3263 2448
2598 1729 3263 1906
1912 646 2944 1945
1455 1462 1984 1867
0 1083 1736 2448
300 78 1821 815
300 78 1749 815
0 1566 1592 2448
372 1788 1592 2108
0 1566 718 2448
1912 646 2637 1801
1912 1912 2258 2056
1455 1475 1984 1867
1455 1501 1984 1867
0 1083 1736 1971
0 1083 750 1442
163 1083 750 1442
0 1096 1736 1971
2617 1840 3263 2448
1599 1501 1984 1808
0 1566 691 2448
2004 731 3263 1769
352 0 3263 476
587 1893 2787 2448
169 1083 750 1442
352 2069 718 2337
2624 1840 3263 2448
1266 1788 1592 2010
0 1605 691 2448
0 1605 691 2212
1971 1893 2787 2448
698 1364 1736 1971
1912 646 2199 1077
2115 2017 2787 2448
1971 1893 2611 2252
0 1605 691 2056
2467 1168 3263 1769
587 1945 2095 2448
907 2186 1579 2448
913 1364 1736 1951
1018 1945 2095 2448
2115 2128 2787 2448
587 2056 1051 2448
1096 2186 1579 2448
2780 1168 3263 1762
0 1605 502 2056
1018 1945 2095 2356
0 0 2572 2056
1161 0 3263 1762
0 176 3263 2448
0 1703 3263 2448
1403 1462 1984 1867
1416 176 2839 1801
1494 496 2252 1396
1494 496 2252 1344
2506 1703 3263 1938
2565 1703 3263 1906
0 1880 3263 2448
1618 1814 2558 1997
1403 1475 1984 1867
1625 1534 1932 1736
0 1880 2656 2448
1494 496 2075 1018
0 1135 737 1560
502 1880 2656 2448
0 2017 580 2448
1958 2193 2232 2448
2043 1886 3263 2448
0 2141 548 2448
2043 2141 2787 2448
2545 1886 3263 2448
0 1377 2572 2056
2617 1951 3263 2448
326 2206 633 2448
2709 2193 3263 2448
1984 2193 2232 2415
2656 2173 2787 2369
2461 2167 2683 2317
0 2160 417 2448
319 2141 548 2350
2212 2121 2395 2271
2173 2082 2323 2239
104 2017 580 2160
2617 1951 2970 2278
2545 1886 2813 2017
502 1886 2656 2448
1521 1880 1716 2043
372 1873 1592 2108
2754 1840 3263 2408
1618 1834 2310 1997
2258 1814 2558 1945
2506 1788 2937 1938
2565 1703 3263 1860
1645 1631 1893 1775
1723 1599 1932 1736
2924 1592 3263 1756
1403 1592 1880 1867
1540 1521 1782 1808
1396 1501 1547 1677
1742 1475 1984 1749
1462 1475 1651 1671
1618 1462 1886 1631
2297 1423 2474 1703
1690 1416 2572 1906
0 1377 1769 2056
0 1227 365 1560
365 1135 737 1527
2075 1011 2252 1344
1880 757 2075 1018
1782 528 2839 1801
1494 496 1893 770
1442 496 1618 639
1697 280 3263 1762
1416 176 1840 639
1396 176 1645 417
1455 58 1651 280
1344 26 1736 372
1161 0 3263 763
0 0 2382 1867
1396 58 1651 417
0 1377 3263 2448
0 0 3263 2017
1161 0 3263 2017
1880 757 2252 1396
1880 757 2252 1344
1697 280 3263 2017
1161 0 3263 770
1344 26 1893 770
1416 176 1893 770
2565 1592 3263 1906
0 1840 3263 2448
2565 1592 3263 1860
0 1873 1592 2448
0 2017 678 2448
1782 528 2937 2017
502 1840 3263 2448
1462 1462 1984 1808
1462 1475 1984 1808
1462 1475 1932 1808
2212 2088 2461 2271
1540 1521 1932 1808
2506 1788 2937 2017
2043 1840 3263 2448
0 2102 678 2448
326 2102 678 2448
2115 1840 3263 2448
1018 1749 1305 1945
1201 1318 2330 2004
1612 1814 2330 1977
372 0 2415 345
731 0 2415 345
0 2206 326 2448
0 2206 306 2448
1201 1318 1762 2004
1201 1423 1762 2004
731 0 1625 345
731 0 1612 345
313 1631 541 1906
0 1579 267 1899
2004 1631 3263 1906
2271 1631 3263 1906
2271 1723 3263 1906
1227 0 3263 1808
1227 0 3263 1801
1638 1286 2173 1671
731 0 1560 345
802 150 1227 345
1325 1814 1592 1997
1194 0 2415 293
2963 1161 3263 1481
2780 1631 3263 1762
1201 1553 1762 2004
1638 1331 2173 1671
2004 1658 2513 1840
2004 1658 2389 1840
1468 1455 1977 1808
450 1338 698 1573
528 1338 698 1573
2519 1723 3263 1893
1090 1233 1286 1383
326 365 842 724
326 430 672 724
430 430 672 659
430 470 665 659
430 489 580 659
0 1579 267 1729
313 1631 535 1886
443 1534 3263 2448
443 1651 3263 2448
2807 0 3263 189
2004 1710 2239 1840
1227 91 2643 1801
443 1697 3263 2448
0 0 2075 2448
300 182 509 365
1684 0 3263 1788
443 1814 3263 2448
1194 0 2415 156
1684 65 3263 1788
163 940 509 1259
163 1051 509 1259
1201 1612 1762 2004
535 1024 848 1214
535 1024 848 1175
535 1024 737 1161
0 97 2075 2448
1018 137 1599 613
1181 137 1599 378
2245 65 2513 306
476 1814 3263 2448
0 0 848 600
1468 1501 1938 1808
1475 1566 1938 1808
1684 78 3263 1788
587 1814 3263 2448
0 97 2075 2062
0 1919 574 2448
0 2017 574 2448
972 835 1299 1142
1142 1938 1977 2186
0 0 848 456
293 0 848 143
293 0 672 143
0 2121 561 2448
143 2121 561 2448
522 685 796 953
522 685 757 887
443 2010 757 2219
652 1605 1175 1971
143 2121 561 2337
966 1175 1201 1462
724 1605 1175 1971
0 822 208 1266
1873 1064 2643 1801
1873 1064 2330 1364
1964 1279 2643 1801
2212 1299 2643 1801
0 0 430 456
724 1684 992 1971
2330 1880 2728 2017
1586 1455 1977 1703
731 0 1560 156
731 0 1481 156
1227 91 2428 1286
1227 91 1984 894
0 65 176 456
1181 574 1468 881
1201 613 1468 881
1834 835 2075 1090
2519 1742 3263 1893
2232 1299 2643 1801
1971 829 2428 1286
1971 829 2297 1227
1971 829 2219 1227
2232 1299 2630 1782
2160 1984 2650 2317
2323 1984 2650 2258
0 97 2004 2062
411 554 770 776
1971 829 2154 1116
1971 848 2115 1116
1227 91 1971 796
1814 1377 2173 1671
1416 91 1971 796
2297 1299 2487 1534
587 1893 2813 2448
1449 91 1971 796
1514 91 1971 796
476 1899 1514 2082
0 1227 522 1651
0 1286 385 1651
0 1383 385 1651
2859 665 3172 894
2859 665 3100 881
1312 1938 1977 2154
45 97 718 646
45 97 587 646
45 176 587 646
2532 2121 2813 2382
2859 737 3048 881
0 169 2004 2062
300 881 881 1658
300 881 881 1560
300 881 855 1560
300 881 580 1103
352 881 580 1103
2558 1814 3263 2448
45 176 509 646
45 176 430 574
972 835 1292 1142
2918 97 3263 567
3015 97 3263 567
3035 97 3263 567
1612 1847 2095 1977
1560 979 2004 1410
0 150 176 456
587 1893 2604 2448
587 1945 2604 2448
45 470 509 646
476 1938 1207 2082
1560 985 2004 1410
1710 985 2004 1410
1710 985 1951 1331
496 554 770 776
2715 359 2963 496
1971 731 2611 1129
2062 829 2611 1129
2115 829 2611 1129
0 1227 522 1468
3087 691 3263 985
0 169 1951 2062
0 587 659 1220
894 267 1951 1547
920 522 1951 1547
920 652 1951 1547
1240 652 1951 1103
1240 652 1736 1103
0 587 548 1220
372 1090 855 1560
894 267 1175 691
894 391 1175 691
920 913 1801 1547
920 1031 1194 1259
1684 84 3263 1788
2454 84 3022 430
2454 84 2807 280
1684 241 3263 1788
1011 535 1272 802
45 261 430 574
45 261 319 574
3035 345 3263 567
0 2017 574 2167
587 1945 2578 2448
587 1964 2578 2448
1736 78 2389 313
2539 900 2918 1096
0 169 1246 2062
1122 913 1801 1547
587 2017 2095 2448
2036 208 2552 528
463 169 1246 1716
2558 1814 3263 2408
463 169 1142 1716
737 1233 1142 1716
737 1351 1129 1716
2585 110 3022 430
0 1259 822 2062
39 1259 822 2030
267 1259 822 2010
267 1259 711 1932
267 1259 646 1788
2748 1814 3263 2408
737 1351 1064 1716
2735 1161 2996 1429
2735 1207 2996 1429
39 620 548 1220
39 620 548 1142
39 620 548 979
463 169 1051 1396
1880 1964 2578 2448
1880 2036 2578 2448
1880 2180 2578 2448
1240 802 1573 1103
2650 437 3263 789
3061 535 3263 750
1880 2193 2389 2448
39 1625 476 2030
39 1625 424 1932
130 1710 424 1932
587 2017 1899 2448
587 2017 1853 2448
587 2017 1684 2448
587 2049 1586 2448
587 2049 1475 2448
587 2062 1423 2448
587 2062 1279 2448
587 2062 1188 2448
587 2062 1077 2448
1122 1037 1801 1547
626 2062 966 2310
267 1259 639 1710
1122 1037 1801 1481
1684 241 3126 1540
2278 959 2852 1540
587 2199 1077 2448
39 620 548 959
2650 437 3139 789
2558 1932 2937 2297
2278 959 2793 1540
541 169 1051 1396
1684 241 3126 1344
1684 267 2180 796
1867 267 2180 796
1122 1037 1801 1364
2278 959 2793 1390
2304 959 2722 1253
718 2199 1077 2448
1971 241 3126 1344
2800 744 3126 1344
2800 881 3126 1344
1312 1958 1860 2154
1971 241 2918 953
554 241 1051 1396
652 241 1005 711
2859 1880 3263 2408
1971 241 2813 940
2748 1814 3263 2023
2748 1840 3028 2023
2800 881 3126 1135
2558 1932 2937 2154
2467 1279 3263 1788
2467 1279 3094 1788
2467 1279 2989 1788
2467 1370 2989 1788
1971 241 2683 940
2212 600 2448 940
2539 900 2833 1096
2212 600 2408 842
1971 241 2683 933
2278 1096 2793 1390
2859 1971 3211 2408
1122 1037 1664 1364
554 678 1051 1396
554 678 1037 1096
1122 1037 1540 1364
2904 2095 3211 2408
554 750 1037 1096
3042 1880 3263 2219
1971 241 2683 809
2271 241 2683 750
2474 1534 2846 1788
2304 972 2715 1253
1971 483 2297 809
2271 241 2650 731
1501 2284 1873 2448
1227 2278 1416 2448
1880 2271 2173 2448
1064 2271 1331 2448
1011 2258 1188 2415
3002 2252 3211 2408
1357 2252 1664 2448
345 2252 607 2448
907 2232 1070 2363
587 2232 861 2448
1821 2226 1958 2363
476 2206 639 2350
52 2206 306 2448
718 2199 966 2448
2669 2193 3094 2448
1977 2193 2389 2448
2532 2186 2813 2382
2317 2186 2474 2337
1612 2186 1853 2395
2323 2180 2578 2421
241 2180 372 2350
0 2160 195 2337
143 2134 443 2304
2735 2128 2865 2297
1840 2128 2062 2323
1410 2128 1586 2317
2532 2121 2722 2317
2160 2121 2434 2317
352 2121 561 2337
2408 2108 2558 2258
1259 2108 1423 2317
2904 2095 3205 2297
998 2088 1279 2310
626 2088 763 2291
2839 2082 3009 2232
2617 2069 2807 2219
1658 2062 1899 2323
698 2062 966 2310
1292 2049 1475 2297
2036 2036 2323 2252
861 2036 1083 2297
1481 2017 1684 2284
443 2010 757 2160
1142 1991 1481 2186
2323 1984 2650 2180
1847 1984 1984 2121
2859 1971 3081 2115
1312 1971 1625 2154
2173 1964 2441 2206
2728 1958 2937 2128
2350 1958 2532 2088
1599 1958 1860 2134
1723 1938 1977 2095
3042 1932 3263 2219
2558 1932 2865 2154
84 1919 417 2049
1919 1912 2193 2115
1135 1899 1514 2030
2891 1886 3022 2023
221 1867 476 2030
443 1847 822 2010
2748 1840 3028 1984
763 1834 940 1971
2963 1814 3263 2004
842 1808 1090 1964
1044 1775 1305 1945
0 1769 189 2062
2519 1756 3015 1893
1331 1742 1762 2004
502 1742 711 1932
130 1716 339 1932
2004 1710 2141 1840
267 1710 424 1880
1201 1697 1370 1919
724 1684 992 1847
345 1664 535 1886
2186 1658 2389 1827
1116 1651 1286 1827
515 1625 646 1788
39 1625 332 1795
1201 1612 1573 1801
946 1605 1175 1860
789 1592 946 1723
1403 1586 1880 1867
2474 1579 2846 1788
1579 1566 1938 1808
920 1566 1129 1703
600 1560 783 1821
1279 1553 1462 1697
2480 1534 2826 1756
2702 1527 3022 1684
2232 1507 2630 1782
2996 1501 3263 1684
2937 1494 3074 1638
1769 1494 1977 1703
665 1494 822 1658
2212 1488 2356 1638
737 1468 1064 1716
267 1462 633 1710
0 1462 143 1651
1586 1455 1827 1645
1762 1442 2278 1867
3028 1429 3263 1573
1938 1429 2173 1671
1253 1423 1507 1605
1018 1410 1246 1697
110 1383 385 1645
58 1383 248 1521
2219 1377 2415 1534
1814 1377 2062 1553
554 1377 698 1573
450 1377 580 1534
2885 1370 3094 1540
2467 1370 2989 1599
933 1364 1077 1494
2265 1357 2415 1507
796 1351 985 1527
1762 1338 1906 1494
1638 1331 1840 1507
718 1331 900 1527
1494 1318 1703 1566
1155 1312 1357 1547
1057 1312 1201 1462
2474 1299 2637 1540
2963 1279 3263 1481
2611 1279 2754 1455
1964 1279 2265 1481
1377 1279 1586 1481
2735 1266 2898 1423
1827 1266 2004 1410
339 1259 639 1540
221 1259 522 1442
887 1233 1142 1436
0 1227 483 1468
2317 1214 2539 1429
2859 1207 2996 1429
561 1201 855 1560
1396 1194 1664 1357
2474 1188 2793 1390
1710 1181 1873 1331
966 1175 1168 1377
3061 1161 3263 1436
2748 1161 2885 1357
2206 1129 2428 1286
1560 1129 1801 1299
652 1129 881 1351
1873 1109 2330 1364
1024 1109 1194 1259
2833 1103 2976 1240
2643 1103 2852 1246
2278 1096 2532 1279
372 1090 580 1246
2918 1083 3120 1344
1246 1083 1540 1364
1436 1064 1645 1279
3042 1051 3198 1220
1122 1037 1455 1312
920 1031 1090 1181
2088 1024 2219 1227
535 1024 705 1155
1083 1011 1292 1142
789 1005 1051 1396
1560 998 1827 1175
1749 985 1951 1286
2434 972 2715 1253
2304 972 2474 1142
2487 959 2722 1109
3074 946 3263 1188
1899 946 2075 1090
208 940 365 1135
84 940 261 1142
554 920 868 1096
1442 913 1690 1103
2800 907 3028 1135
2115 907 2474 1129
2186 894 2343 1037
2918 881 3126 1122
1096 855 1299 1031
1971 848 2115 1064
1638 848 1951 1044
2062 835 2212 1024
1834 835 2030 985
972 835 1188 1096
2415 829 2611 985
2004 829 2154 1031
1240 829 1488 1103
0 822 182 1188
411 809 659 979
1410 802 1573 972
776 802 907 972
2252 796 2448 940
1540 796 1703 953
2598 776 2918 953
2683 763 2820 913
39 763 274 959
221 757 437 979
848 750 1037 1024
2878 744 3113 926
1057 737 1233 946
1971 731 2291 926
2323 711 2572 855
2617 705 2780 861
3087 691 3263 920
2493 691 2676 933
2212 691 2408 842
1201 691 1468 881
522 685 750 835
1631 678 1984 894
698 678 900 881
933 672 1083 874
1370 652 1736 848
496 626 665 776
176 620 548 848
2441 613 2683 750
1286 613 1423 744
2167 607 2297 744
0 587 287 835
1181 574 1312 711
600 554 770 711
3061 548 3263 750
940 548 1083 691
3133 535 3263 705
1011 535 1272 737
1808 528 1971 796
1573 522 1847 744
1971 509 2212 809
2408 502 2598 646
1867 502 2108 796
842 496 998 776
2102 483 2297 757
1227 483 1631 691
2284 476 2487 731
208 470 509 646
1808 443 1971 626
652 443 933 711
2650 437 3139 744
2624 437 2813 659
0 437 150 600
3107 430 3263 567
2598 391 2748 528
894 391 1175 580
2454 378 2702 626
2715 365 2924 496
3035 345 3263 515
2937 332 3113 483
398 306 587 443
1018 300 1468 613
1416 287 1553 561
1684 274 1945 496
463 274 822 528
1893 267 2180 554
0 267 176 456
45 261 274 496
2271 241 2650 574
763 241 1005 476
2128 235 2552 528
1181 221 1344 378
1305 215 1612 391
319 215 509 365
221 215 430 424
2036 208 2258 411
1494 176 1690 463
398 176 718 306
2918 143 3068 345
1259 137 1599 267
2461 130 2643 280
2245 124 2493 306
2650 110 3022 385
3087 97 3263 437
2944 91 3179 319
1514 91 1840 574
1964 78 2389 293
1547 65 2036 293
1194 0 1853 156
731 0 1220 156
293 0 561 143
0 483 3263 2448
0 483 2095 2297
0 0 3263 1867
0 1723 3263 2448
1403 65 3263 1867
0 0 3263 776
1305 215 1638 626
1612 1723 3263 2017
0 1814 3263 2448
1403 1109 2643 1867
1742 0 3263 248
1305 215 1612 561
0 496 1370 2062
0 0 1853 776
2369 0 3263 248
450 1377 698 1573
163 1070 424 1259
1514 65 3263 1788
2278 91 3263 1788
2558 1886 2787 2017
1514 65 2715 1253
1403 1455 1977 1867
1494 1109 2643 1867
372 0 848 163
84 1899 417 2049
2480 2186 2813 2382
887 483 2095 2297
1612 1723 3263 1977
580 789 907 972
580 789 796 953
887 483 2095 1605
1018 1534 1984 2297
1116 1534 1286 1827
0 1880 2728 2448
0 1083 208 1266
1638 1109 2643 1867
2219 1357 2415 1534
2160 2121 2474 2337
0 0 1690 776
1468 143 1690 463
1018 1553 1984 2297
0 0 1599 776
1403 1566 1938 1867
411 489 580 776
541 1057 848 1214
2389 1814 3263 2448
1018 1553 1984 2212
855 2317 1077 2448
476 1893 1592 2082
1018 1553 1984 2186
1083 1553 1984 2186
1083 1612 1984 2186
1083 1612 1977 2186
221 182 587 443
221 215 587 443
0 437 319 639
2754 665 3172 894
1736 78 2715 1253
2082 1880 2728 2036
2780 1631 3179 1762
2780 1631 2996 1762
0 1383 1370 2062
1514 65 2291 1024
1083 1938 1977 2186
0 437 319 600
2395 0 3263 248
2395 84 2807 248
2722 926 2918 1096
1971 848 2219 1227
1638 1109 2630 1867
0 496 1051 1560
208 757 548 1135
208 757 437 1135
0 1912 2722 2448
0 2010 763 2448
0 2088 763 2448
1031 0 1853 156
2735 2082 3009 2297
2754 665 3100 868
652 1592 1031 1906
1638 1266 2389 1867
2408 91 3263 1573
0 587 1051 1560
2278 1096 3263 1788
1514 91 2291 1024
345 2088 763 2448
3035 345 3263 705
3094 887 3263 1057
587 1912 2722 2448
496 430 770 776
887 678 1951 1605
887 1175 1423 1547
887 1175 1201 1494
887 1175 1168 1494
0 2160 372 2448
1840 1964 2722 2448
1612 1801 2604 1977
0 2160 306 2448
1181 483 2095 1279
0 0 1599 737
0 0 672 496
652 1592 992 1906
652 1684 992 1906
1873 1109 2630 1782
300 940 705 1246
372 940 705 1246
372 940 580 1246
587 1912 2193 2448
933 548 1083 874
920 678 1951 1605
0 1410 1370 2062
946 235 1214 450
1155 1246 1423 1547
1834 835 2095 1155
1899 946 2095 1155
1181 483 1984 1279
1181 483 1984 1103
1181 574 1423 744
1893 78 2715 1253
2167 600 2408 842
1762 1266 2389 1867
1762 1266 2004 1494
84 940 313 1220
0 1410 1305 2062
0 0 430 496
