0 0 3263 2448
855 0 3263 430
913 450 3263 678
0 110 1742 509
0 110 1742 463
1599 1383 1912 1638
2480 2095 2924 2343
1664 1090 2480 1351
1664 1090 2376 1351
659 1390 1742 1801
2813 1011 3185 1227
0 802 1142 1201
0 822 1142 1201
0 842 1142 1201
2128 926 2676 1057
2128 926 2650 1057
0 1135 894 1586
0 946 1142 1201
0 946 822 1201
248 1651 385 1834
0 1135 894 1527
0 594 3263 2448
0 0 3263 920
0 411 3263 920
319 411 2350 541
391 1416 3263 2448
0 470 3263 920
1246 691 1612 920
0 1847 306 2147
0 0 2656 417
1155 874 2004 1481
1344 874 2004 1481
1344 946 2004 1481
1396 946 1697 1155
0 1847 306 2128
966 1272 1494 1436
966 1272 1370 1416
378 1181 894 1396
1782 1005 2493 1227
1984 1005 2493 1227
2095 1018 2493 1227
1331 1018 1625 1188
913 483 3263 678
1344 1142 2004 1481
2147 483 3263 678
0 470 3263 874
0 1135 515 1527
1788 1377 1984 1873
1566 1207 2004 1481
659 1481 1742 1801
0 594 3263 1514
2924 940 3263 1135
391 1880 3263 2448
391 1880 2591 2448
1586 1383 1814 1553
0 646 456 829
822 1481 1742 1801
280 594 3263 1514
718 0 2656 417
718 0 2095 359
2650 1416 3263 2421
574 1240 894 1396
0 842 633 985
718 0 1814 345
0 1246 3263 2448
894 1312 3263 2232
0 1246 1697 2448
2382 2108 3263 2448
705 966 1142 1109
0 470 3263 776
0 1135 515 1494
0 1135 424 1494
1181 1312 3263 2232
1945 1312 2709 1658
306 1233 515 1449
1991 1703 2624 2004
391 1880 2043 2448
391 1997 1201 2448
2134 2186 2585 2448
1116 1880 2043 2448
2650 1475 3263 2421
2767 1475 3263 2421
0 2304 189 2448
1077 2291 1625 2448
2134 2186 2539 2448
2180 2186 2539 2448
1181 1325 3263 2232
1181 1573 2924 2232
1181 1605 2924 2232
391 1997 1175 2421
959 1481 1742 1769
2767 1566 3263 2421
0 1070 398 1207
1801 731 3263 1096
2291 1749 2624 1938
1005 1357 1462 1651
1899 1325 3263 1827
2108 1325 3263 1827
2513 685 3218 874
698 2206 972 2448
0 2128 378 2389
0 2128 378 2356
424 1997 1175 2421
424 1997 1175 2402
711 1997 1175 2402
711 1997 1175 2265
0 2128 254 2356
97 2128 254 2356
1658 672 2415 861
848 2147 1057 2402
2350 2278 2585 2448
1116 1925 2043 2448
280 594 1938 1514
0 509 3263 776
0 509 2911 776
2297 1749 2624 1938
2369 796 3263 1096
1540 1664 2924 2232
0 1246 1697 2239
0 535 1847 776
0 1246 1070 2199
757 1997 1005 2128
2552 1442 2904 1631
2807 1566 3263 2421
1175 1481 1742 1710
926 1880 1697 2239
1540 1710 2924 2232
1540 1710 2147 2088
0 535 1703 757
2408 2271 3263 2448
110 1873 639 2199
110 1886 639 2199
711 2043 1175 2265
300 1031 1775 1514
1305 1925 2043 2448
1305 1925 1795 2186
2382 2108 2767 2389
0 1246 1070 2173
0 1246 1070 1886
1396 2141 2043 2448
1821 1769 2924 2232
280 594 1938 1077
280 594 1455 1077
391 1246 1070 1716
2807 1566 3263 2102
580 1246 1070 1625
2767 2017 3126 2323
1560 2141 2043 2343
1181 1605 1860 1880
417 1716 1064 2173
926 1880 1697 2193
757 2310 953 2448
0 2304 156 2448
1077 2291 1442 2421
2735 2271 2950 2402
2408 2271 2709 2448
404 2271 639 2421
1867 2239 2160 2448
2180 2226 2539 2448
848 2226 1057 2402
698 2206 972 2369
163 2193 541 2448
1396 2186 1886 2448
2637 2173 2924 2343
1116 2173 1442 2337
2669 2160 2865 2304
1560 2160 1795 2310
202 2160 378 2323
2454 2154 2767 2389
926 2147 1201 2448
0 2147 156 2323
1749 2141 2043 2343
424 2134 776 2337
97 2128 241 2258
2382 2108 2539 2258
2480 2095 2683 2226
2767 2088 3107 2323
711 2075 985 2265
2017 2069 2591 2408
946 2043 1175 2186
2918 2017 3126 2239
1599 1997 1795 2186
757 1997 940 2128
3028 1991 3263 2421
1821 1964 2291 2232
0 1964 202 2128
1305 1925 1638 2128
1233 1919 1383 2062
110 1893 470 2199
332 1886 639 2141
1553 1880 1729 2023
926 1880 1370 2167
587 1867 998 2173
0 1847 306 1997
1540 1795 2043 2088
58 1795 509 1932
2474 1788 2624 1938
2023 1769 2924 2173
1390 1762 1638 1951
894 1723 1436 2004
1540 1716 1762 1847
417 1716 1064 1958
1827 1710 2147 1945
1991 1703 2376 2004
2650 1697 3015 1847
359 1671 646 1860
1971 1664 2232 1834
1710 1664 1847 1834
1181 1658 1723 1880
2807 1625 3263 2102
587 1579 1024 1762
2108 1573 2709 1827
1175 1573 1462 1710
2989 1566 3263 1736
940 1566 1227 1703
326 1566 567 1729
1899 1501 2500 1690
1005 1494 1233 1651
0 1494 417 1886
1227 1481 1742 1677
2976 1475 3263 1625
711 1462 998 1625
2604 1442 2904 1631
0 1436 202 1612
959 1416 1129 1560
391 1416 829 1716
1338 1390 1540 1521
1775 1383 1912 1599
1586 1383 1801 1514
124 1377 306 1527
1031 1357 1462 1560
2565 1325 3263 1756
2506 1325 2924 1481
2167 1318 2532 1475
0 1312 156 1449
306 1299 463 1449
456 1292 626 1436
966 1272 1188 1416
1410 1259 1775 1514
580 1246 1070 1494
574 1240 796 1396
1651 1233 2004 1481
359 1233 515 1396
0 1233 339 1494
378 1181 607 1396
1344 1142 1658 1279
91 1135 424 1351
1514 1103 1742 1233
1664 1090 2376 1331
13 1070 398 1201
2813 1051 3035 1227
300 1031 1416 1338
2095 1018 2493 1168
1390 1018 1625 1155
1155 998 1547 1175
0 998 359 1175
3081 985 3263 1135
600 985 972 1161
2239 972 3263 1377
776 966 1142 1109
1612 926 2226 1155
2487 907 3002 1096
842 881 1455 1077
1599 874 1925 1011
528 822 992 985
2369 796 3263 946
1246 783 1605 920
1410 744 1938 985
1801 731 2650 953
2702 711 3218 874
0 705 424 894
1383 691 1612 822
2513 685 2963 842
215 678 456 829
1867 672 2415 861
776 639 1194 776
280 594 1383 926
0 535 1481 731
2558 522 3263 678
1455 509 2911 665
0 110 1742 430
1011 0 3263 339
842 0 1540 261
0 0 1455 313
0 678 3263 2448
0 0 3263 1227
0 0 3263 450
0 398 3263 1227
0 0 2656 450
0 398 3263 1096
0 0 2656 430
0 470 3263 1096
0 398 3263 541
0 887 3263 2448
0 1312 3263 2448
1155 887 3263 2193
0 678 1618 1801
0 678 1618 1762
0 489 3263 1096
0 678 1586 1762
718 0 2134 359
0 1312 2291 2448
404 1991 3263 2448
842 0 1762 300
248 1566 567 1834
372 822 992 985
0 110 2656 430
0 678 1462 1762
0 2147 359 2448
0 2147 163 2343
0 1964 235 2147
1155 887 3263 1599
1161 1299 1494 1436
1827 1312 3263 2193
0 2291 359 2448
84 2291 359 2448
248 1566 567 1782
2532 2062 2865 2304
1658 1383 1912 1599
913 489 3263 678
0 678 633 985
1155 887 3263 1514
1396 887 2650 1161
1396 887 2226 1161
0 1135 894 1494
1827 1312 3263 2173
1971 1573 2258 1834
515 1991 3263 2448
2212 2095 2924 2389
2212 2186 2402 2330
509 639 1194 776
0 1312 829 2448
2382 2095 2924 2389
0 705 633 985
0 535 3263 1096
0 1416 829 2448
0 2102 254 2356
659 1664 1279 1801
1612 887 2226 1161
515 2297 953 2448
300 1292 626 1494
0 1312 202 1612
417 1481 2291 2369
1175 1481 1899 1880
0 1135 607 1494
0 705 633 966
1612 926 2226 1161
417 1716 2291 2369
842 685 3263 1096
842 731 3263 1096
1096 737 1605 920
0 946 1462 1762
587 1272 1462 1762
2931 985 3263 1135
2291 1788 2624 1938
0 535 2415 926
1514 646 2415 861
1514 646 2121 776
926 1991 3263 2448
1181 1521 1899 1880
0 535 1703 926
58 1795 639 2448
58 1795 509 1997
1155 972 3263 1514
1155 998 2004 1514
1155 998 1775 1514
913 489 2911 665
110 1886 639 2448
110 1893 541 2448
1664 972 3263 1377
842 731 3263 1077
1827 1573 3263 2173
926 2069 2709 2448
1272 2154 1795 2310
1344 1142 1775 1514
2180 2226 2709 2448
0 1416 829 1886
1899 1312 3263 1756
1155 998 1625 1175
946 2043 1259 2239
1390 1762 2291 2232
1664 2239 2160 2448
91 1135 607 1396
1991 1573 3263 2173
0 946 1416 1494
1540 1795 2291 2232
711 1272 1462 1625
959 1272 1462 1560
926 2069 2591 2448
926 2147 1442 2448
842 731 2650 1077
300 1031 1416 1494
2689 1991 3263 2448
842 744 1938 1077
2506 1325 3263 1756
417 1716 1697 2369
110 1893 470 2323
966 1272 1462 1560
1899 1312 2709 1690
1991 1625 3263 2173
2402 2271 2709 2448
417 1716 1697 2193
1396 2069 2591 2448
1749 2069 2591 2408
424 1867 998 2369
698 2075 985 2369
2767 1991 3263 2421
424 1867 998 2337
1991 1703 2924 2173
926 1880 1638 2167
0 0 1906 463
0 1827 306 2128
463 966 1142 1175
463 972 770 1175
652 1488 1801 1795
652 1488 1742 1795
0 470 3263 2448
2480 2095 2950 2402
0 646 633 985
2193 1044 2434 1207
0 0 3263 574
639 0 3263 574
1671 881 2676 1057
1671 881 2245 1057
639 0 3263 515
1664 1631 2199 2043
1919 881 2245 1057
1279 1272 2108 1468
1175 1135 1403 1299
2937 1005 3263 1161
718 0 3263 424
0 1135 535 1527
0 946 3263 2448
1279 1272 1912 1468
2957 1377 3263 1631
2937 1005 3263 1135
1664 1782 2199 2043
874 633 1827 776
319 1220 894 1475
365 1220 894 1436
0 470 3263 1227
332 757 966 900
1175 1488 1742 1703
2128 1507 2506 1671
1893 1305 3263 2180
2807 2017 3263 2421
0 1246 3107 2448
1286 2278 1566 2448
920 1357 1925 2004
2206 2186 2402 2330
2957 1377 3263 1521
652 1638 1299 1795
1305 2154 1945 2448
0 946 3263 1658
0 470 3263 887
1847 1651 2441 2023
1351 1383 1814 1527
2480 2095 2924 2356
1847 1664 2441 2023
476 685 3263 1227
744 685 3263 1227
0 1064 254 1207
0 946 2656 1658
332 757 822 887
0 1246 2767 2448
698 2043 1403 2448
940 1481 1351 1703
1893 1383 3263 2180
417 757 822 887
2852 933 3263 1122
744 685 3263 1096
2108 1383 3263 2180
1018 1481 1351 1658
1175 998 1625 1227
228 1566 541 1827
2454 705 3263 1096
1305 2154 1925 2448
0 1547 2767 2448
1175 998 1625 1214
208 1547 2767 2448
208 1547 1370 2245
208 1547 1142 2147
1272 1808 2767 2448
1272 1808 2493 2408
208 1671 1142 2147
1272 1925 2493 2408
1834 2108 2767 2448
2689 2297 3263 2448
1357 2291 1566 2448
1286 2278 1449 2448
1834 2239 2167 2448
2709 2219 2924 2356
1769 2193 1945 2376
2258 2186 2402 2323
2689 2173 2865 2304
1560 2160 1795 2330
802 2128 1403 2448
848 2115 1096 2337
2141 2108 2767 2448
0 2108 215 2291
2480 2095 2728 2291
698 2043 1077 2376
2918 2017 3263 2421
2480 1997 3107 2343
1586 1951 2493 2408
1220 1932 1383 2062
1272 1925 1769 2193
1005 1899 1370 2245
1860 1873 2199 2043
0 1867 1005 2448
1553 1808 1925 2088
2304 1788 2532 1938
1664 1782 1991 1958
411 1749 1142 2075
1847 1723 2441 2023
208 1671 646 2147
1893 1664 2232 1827
881 1638 1299 1795
1671 1625 1847 1867
1175 1573 1370 1703
940 1566 1201 1703
313 1566 541 1762
594 1547 1070 1762
920 1521 1906 2004
1227 1488 1742 1677
2976 1475 3263 1631
1351 1390 1553 1521
1488 1383 1814 1527
2957 1377 3205 1521
1795 1370 1984 1880
1775 1357 1925 1540
2232 1305 2931 1481
319 1305 476 1475
1455 1272 1912 1468
0 1246 1436 1853
365 1220 796 1436
359 1181 535 1390
0 1135 424 1527
1338 1083 1618 1227
13 1064 254 1194
463 1044 691 1175
1351 1018 2656 1658
1383 1018 1625 1155
3087 1005 3263 1135
1175 998 1547 1214
1612 979 2180 1161
2878 972 3061 1122
2239 953 3263 1423
0 946 1416 1423
1919 881 2167 1011
2454 842 2937 1096
254 842 633 972
2513 705 3263 933
1514 691 1964 822
744 685 2650 1077
0 646 404 900
0 574 1423 887
0 470 3263 731
1011 0 3263 332
855 0 3263 424
718 0 1618 306
0 0 3263 1423
0 953 3263 2448
1664 1370 2199 2043
0 470 3263 1423
0 0 3263 515
0 0 3263 463
802 953 3263 2448
0 1064 1436 2448
306 757 1051 966
332 757 1051 966
0 1135 1436 2448
802 1305 3263 2448
1351 953 3263 2180
0 646 2676 1423
463 972 829 1175
2878 972 3263 1161
2878 972 3263 1135
0 1246 1436 2448
1893 1618 2258 1827
1984 926 2676 1057
332 757 1044 966
0 646 2180 1423
0 887 2180 1423
0 946 1625 1423
1396 887 2180 1161
802 1997 3263 2448
881 1305 2493 2408
1612 887 2180 1161
920 1521 2493 2408
881 1305 1814 1795
1279 1305 1814 1527
2846 894 3263 1044
3100 744 3263 894
881 1488 1742 1795
1893 1651 2258 1827
0 1135 476 1527
0 574 2180 887
1351 953 3263 1658
0 1671 1142 2448
1455 1272 1925 1540
802 2108 2767 2448
2304 1788 2624 1938
594 1534 1233 1762
1553 1723 2493 2408
1090 633 2180 822
1090 633 1964 822
2232 953 3263 1521
920 1521 1906 2245
2232 953 3263 1481
2480 1997 3263 2448
2689 2017 3263 2448
208 1671 1142 2376
802 2128 2167 2448
1586 1723 2493 2408
1005 1899 1769 2245
802 2128 1925 2448
1788 1351 2408 2082
0 1116 940 1534
1645 489 2258 633
0 417 3263 2448
2108 926 2676 1057
0 1853 306 2154
0 0 3263 424
0 763 1175 1161
0 763 1083 979
0 0 574 235
2741 672 3263 815
267 417 1853 580
639 417 1853 580
483 1886 659 2088
0 502 3263 2448
0 1155 3263 2448
0 802 1083 979
391 19 770 202
0 502 3263 1991
2689 1534 2859 1710
1410 822 2043 979
1410 842 1919 979
1357 1266 1605 1468
1292 887 2180 1155
0 822 1083 979
97 0 574 208
0 470 1272 607
515 0 3263 424
0 946 855 1227
0 946 829 1201
195 1312 424 1501
607 0 3263 424
0 169 574 345
1410 1220 2454 1991
1410 1220 2454 1867
1827 1220 2454 1867
1873 1220 2454 1762
0 842 718 979
0 502 3263 1475
0 1116 855 1534
0 1116 855 1462
1410 1227 1938 1690
424 1331 1834 1795
652 1331 1834 1795
1873 1449 2441 1762
620 0 3263 424
1853 1155 3263 2448
0 502 3263 1449
1286 502 3263 900
0 567 3263 1449
0 567 3250 1449
0 567 3146 1449
0 1383 2748 2448
1292 887 2082 1155
1292 894 2082 1155
1318 502 3263 900
496 966 1175 1161
1540 1331 1834 1553
652 1383 1579 1795
659 0 3263 424
685 0 3263 424
1011 0 3263 424
1912 1220 2454 1481
1325 2317 1514 2448
652 1442 1579 1795
900 1442 1579 1762
1070 0 3263 424
0 1116 424 1462
0 946 829 1181
1325 502 3263 900
0 1390 2748 2448
1070 0 3263 411
0 1514 189 1762
1873 1449 2356 1756
2141 528 3263 900
2141 646 3263 900
2467 665 3263 900
2500 705 3263 900
0 567 3146 1423
561 567 1468 763
1853 1312 3263 2448
1573 1618 1925 1991
1573 1618 1860 1951
2212 528 3263 678
2212 528 3263 665
913 809 1416 966
496 966 1064 1161
1377 0 3263 411
1377 261 2415 411
1377 261 2147 411
1070 110 1716 293
0 574 3146 1423
1325 502 2343 796
1840 0 3263 359
1840 0 3263 339
2774 1155 3146 1351
1325 502 2343 698
1703 522 2343 698
2343 2069 3100 2448
868 1514 1227 1690
65 1932 332 2154
0 574 2924 1188
2297 926 2924 1188
52 718 424 887
1044 1834 1697 2186
1044 1840 1697 2186
1194 1840 1697 2186
1194 1840 1651 2095
2075 0 3263 339
2075 0 3263 280
2075 0 3263 215
2369 0 3263 215
2643 0 3263 215
1410 1377 1919 1690
1853 1762 2696 2088
2500 705 3263 868
0 574 2676 946
254 620 2676 946
574 685 2676 946
711 685 2676 946
1246 685 2676 946
1155 998 1579 1188
698 2173 1403 2448
698 2199 1383 2448
698 2199 1037 2448
2134 1312 3263 2448
0 2043 698 2448
0 2115 639 2448
0 2180 620 2448
84 2271 620 2448
1305 711 2676 946
195 2271 620 2448
1305 711 2630 946
1305 711 2376 946
0 1690 332 1853
1377 2134 2748 2448
1377 2134 2330 2448
1462 2134 2330 2448
1664 2134 2330 2448
1664 2193 2330 2448
1880 2193 2330 2448
1925 2199 2330 2448
1299 137 1716 293
659 894 3146 1423
2121 998 3146 1318
2382 163 3263 339
2382 163 2944 313
659 894 2284 1423
1716 1090 2284 1292
2663 2199 3100 2448
1899 1449 2356 1697
985 2265 1383 2448
2363 998 3146 1318
2363 998 3009 1318
1775 1377 1919 1534
659 894 1756 1423
0 1390 2467 2415
0 1684 2467 2415
2030 2199 2330 2448
2239 2199 2748 2448
868 894 1756 1423
1005 940 1756 1423
1155 998 1579 1161
1991 1762 2696 2088
0 1390 1364 1788
39 1390 1364 1756
208 1390 1364 1756
208 1390 1364 1736
319 1390 1364 1736
450 1390 1364 1736
580 1390 1364 1736
1272 1977 1521 2193
319 1416 724 1586
1194 1840 1540 2062
1305 750 2193 946
2147 1312 3263 2448
2343 1312 3263 2448
2343 1312 2865 2017
2343 1312 2800 1840
0 2180 261 2448
2676 1449 3263 2448
2676 1573 3263 2448
0 998 404 1181
2683 1697 3028 1899
2147 1690 2500 1964
0 2108 450 2297
182 1684 2467 2415
1860 1938 2467 2232
2676 1716 3263 2448
2754 1716 3263 2448
182 1684 1932 2415
1553 1919 1932 2180
1690 1958 1932 2180
1991 1827 2696 2088
182 1684 1638 2415
522 1919 1370 2415
522 1919 1175 2415
2676 1938 3094 2317
2676 1938 2859 2219
2239 2226 2748 2448
182 1684 1638 2154
2199 1834 2696 2088
2983 1716 3263 2448
182 1749 1410 2154
2239 2245 2748 2448
522 1919 1109 2415
522 1919 985 2415
580 1586 1031 1736
182 1749 1410 2115
678 1390 1364 1631
2983 1971 3263 2448
1005 1044 1756 1423
2983 1971 3263 2337
2343 1312 2800 1658
2408 1416 2800 1658
678 1416 1096 1631
1214 1684 1638 1951
1305 750 1938 920
522 1919 985 2356
639 1919 985 2271
639 1984 985 2271
587 1756 1410 2115
587 1756 1410 2004
1925 2317 2082 2448
195 2317 528 2448
3094 2304 3263 2448
2239 2291 2474 2448
1664 2291 1958 2448
1501 2291 1821 2448
1122 2284 1383 2448
84 2278 372 2448
985 2265 1175 2448
574 2258 770 2415
2434 2245 2748 2448
815 2226 1037 2448
293 2212 470 2350
2983 2206 3113 2337
2663 2199 2983 2408
698 2199 972 2376
1880 2193 2088 2343
1377 2180 1566 2356
0 2180 261 2356
1116 2173 1403 2310
1462 2167 1795 2421
522 2147 731 2356
176 2128 450 2297
385 2115 639 2265
0 2108 228 2284
2389 2095 2598 2278
1984 2088 2206 2343
685 2088 985 2271
2147 2082 2467 2232
2689 2069 2859 2219
2343 2069 2813 2297
953 2069 1175 2304
2807 2049 3094 2317
1690 2049 1932 2180
1129 2049 1370 2180
2918 2043 3126 2199
1416 2043 1697 2186
541 2043 698 2173
3074 2023 3263 2337
208 2004 541 2154
639 1984 809 2180
1305 1977 1521 2154
0 1958 228 2154
1507 1951 1651 2095
515 1951 659 2088
2676 1938 2826 2102
1860 1938 2343 2232
176 1932 332 2095
1194 1919 1383 2062
907 1899 1168 2115
332 1880 561 2108
0 1880 195 2030
1788 1867 2408 2082
2754 1860 3126 2102
1658 1853 1925 1991
0 1853 306 1984
1312 1840 1540 1997
2415 1834 2696 2088
1991 1827 2350 2030
913 1827 1044 1971
2539 1795 2865 2017
1586 1795 1795 1951
587 1795 940 1951
2173 1788 2402 1964
2056 1762 2245 1932
1853 1762 2108 1938
2839 1756 3028 1899
842 1756 1410 2004
2996 1749 3159 1906
182 1749 724 2030
1416 1742 1638 1951
1827 1729 1977 1867
1096 1723 1305 1880
3042 1716 3263 2069
2382 1703 2565 1886
2683 1697 2885 1847
2147 1690 2500 1873
91 1690 332 1840
1214 1684 1462 1840
1971 1658 2232 1814
2963 1625 3094 1775
1573 1618 1860 1847
0 1605 150 1762
2807 1592 3022 1756
580 1586 861 1736
3009 1573 3263 1769
306 1566 509 1756
2382 1560 2748 1840
946 1553 1142 1690
235 1534 443 1697
39 1527 313 1729
1899 1521 2199 1697
1410 1521 1899 1690
2134 1514 2500 1671
411 1507 574 1638
2408 1488 2663 1658
678 1462 1005 1631
1377 1455 1742 1625
2767 1449 3081 1625
1031 1442 1579 1749
2291 1436 2519 1573
450 1429 809 1710
2434 1416 2800 1625
959 1416 1096 1553
1070 1390 1364 1560
1599 1377 1834 1553
1795 1351 1991 1873
2506 1338 2793 1468
1540 1331 1762 1494
3042 1325 3263 1501
2343 1312 2532 1455
1912 1312 2376 1481
241 1312 424 1475
313 1305 483 1455
1416 1266 1605 1468
907 1266 1370 1449
1677 1227 1938 1396
45 1227 287 1534
248 1214 398 1357
1782 1181 2062 1331
287 1181 855 1410
2774 1155 2983 1351
659 1155 1077 1312
1716 1142 1997 1272
1175 1142 1756 1292
3028 1129 3263 1377
97 1129 424 1286
0 1116 182 1462
2363 1109 2800 1292
1919 1090 2284 1292
881 1083 1103 1220
1697 1064 2010 1194
1005 1044 1475 1423
496 1024 972 1161
169 1018 404 1181
1377 1011 1579 1161
1984 1005 2350 1148
3074 998 3263 1142
2526 998 3009 1318
2297 998 2833 1188
1155 998 1494 1142
0 998 241 1181
2931 992 3192 1122
678 966 1064 1096
0 946 829 1116
1122 940 1423 1070
2604 926 2924 1064
2108 926 2650 1057
1292 926 1788 1155
868 894 1220 1064
1925 796 2193 946
1507 750 1938 894
52 718 378 887
2310 711 2630 842
1938 711 2376 861
2500 705 3048 868
0 698 287 894
1246 685 1612 855
1534 652 2167 796
561 626 998 763
