0 0 2448 3263
1246 2395 1671 2624
1742 522 2062 724
1037 476 1592 783
1096 476 1592 705
241 1175 1370 2552
359 1175 1370 2500
359 1638 1103 2500
1364 920 1566 1122
2160 2226 2448 2983
2160 2395 2448 2983
2265 2395 2448 2552
208 2800 580 3263
0 607 1279 1142
0 607 1279 1051
528 1175 1370 2108
528 1175 1331 2108
1742 522 2062 685
1638 0 2448 463
0 887 1279 1051
2239 522 2448 1037
2239 522 2448 940
2239 522 2448 848
0 0 1919 678
776 2513 1194 2963
0 0 1919 554
783 215 1690 678
528 1338 1051 2108
528 1488 972 2108
1037 639 1305 783
235 920 1553 1560
0 0 1638 554
0 0 1527 554
0 0 1527 398
0 0 1266 398
0 0 1077 287
254 150 1266 398
528 1677 848 2108
1951 959 2448 1351
1951 959 2284 1351
0 1018 567 1566
1880 0 2448 391
2160 2545 2448 2983
235 920 1299 1560
620 920 1299 1051
0 0 1057 287
0 1077 2448 3263
0 1077 2415 3263
0 1077 1716 3263
104 1344 1716 3263
783 235 1370 678
1057 1416 2415 3263
0 0 2448 2408
985 2506 1716 3263
985 2539 1488 3042
985 2611 1351 2944
1782 2617 2448 3263
1938 2617 2448 3263
2056 2617 2448 3263
104 1344 1553 3263
1259 215 1690 345
0 1077 992 3263
345 2800 580 3263
1638 0 2323 463
1925 0 2323 228
1057 1416 2389 3263
1011 946 1553 1259
0 0 2448 1077
1880 176 2448 391
176 1272 443 1410
306 319 907 705
979 1710 1488 2624
783 280 1357 678
665 522 2448 2408
0 607 652 992
1057 1416 2317 3263
1188 0 1638 189
1573 1475 2448 2408
1481 0 1919 182
1129 920 1723 1645
1129 920 1664 1259
665 522 2448 1867
1938 3087 2180 3263
1194 1233 1723 1645
0 2389 561 3263
1011 979 1553 1259
0 0 2408 1077
235 966 1194 1560
19 2989 424 3263
1116 2539 1488 3042
594 1272 953 1560
235 966 1194 1390
235 966 1194 1142
110 1344 1553 3263
352 319 907 705
1168 0 2408 1077
0 2715 274 3263
1834 2173 2389 2408
1834 2173 2226 2408
1834 2173 2206 2408
1279 2415 1671 2624
1168 574 1507 842
1168 620 1442 842
1272 0 2408 1077
1272 0 2115 515
1331 0 2115 352
1664 0 2115 352
1468 254 2408 1077
0 1077 992 2454
1964 306 2448 907
979 1710 1416 2624
1410 2506 1716 3263
0 496 1364 946
1573 1475 2448 2271
1573 1475 2448 2088
1690 1475 2448 1964
1194 1233 1723 1612
1272 261 1782 515
359 1860 946 2500
1788 2023 2082 2284
665 724 1449 972
678 724 1449 972
1769 2369 2108 2558
0 1018 411 1390
1964 306 2448 881
1964 306 2448 770
0 1168 894 2454
0 1168 861 2454
332 1494 855 2297
208 2813 417 3179
0 1168 861 2434
1468 332 1938 652
2173 2232 2389 2408
0 496 1220 946
770 1344 1325 2252
659 966 1194 1142
39 1024 411 1390
1318 522 2448 1867
985 724 1449 926
1540 254 2408 1077
1070 2611 1351 2924
0 496 404 711
1801 1220 2448 1436
1233 920 1664 1220
2134 306 2448 567
1468 522 1775 744
1318 691 2448 1867
0 1122 567 1566
770 1344 1325 2023
1057 2219 1383 2754
1207 1416 2317 3263
39 2989 424 3263
78 2989 424 3263
110 2160 1553 3263
313 2160 1181 2846
313 2310 959 2846
489 2310 959 2846
678 842 1057 972
352 541 1220 946
1534 2441 2317 3263
0 1168 770 2434
835 1344 1325 2023
1690 1475 2448 1808
2193 2617 2448 3198
430 1494 855 2095
110 2454 1553 3263
365 2591 1553 3263
365 2643 678 2846
1390 855 2448 1867
1468 424 1723 652
2193 2617 2448 3113
2193 2741 2448 3113
1801 1279 2448 1436
0 2865 215 3263
0 3028 215 3263
0 1227 731 2434
0 1338 678 2434
202 1338 528 1658
489 2591 1553 3263
0 1429 678 2434
1938 1286 2448 1436
1468 855 2448 1867
1207 1416 1951 2552
1207 1834 1951 2552
1057 2506 1312 2754
1468 959 2448 1867
1468 959 2448 1769
1468 959 2036 1769
1468 959 1997 1390
2180 1893 2448 2310
2180 1893 2448 2297
1723 1742 2448 2271
1867 1762 2448 2271
907 1729 1168 2252
489 2650 1553 3263
489 2754 1279 3263
124 3048 424 3263
1410 2539 1671 3263
1442 2539 1671 3048
868 2160 1181 2630
887 2160 1181 2630
0 1534 567 2434
228 1553 567 1919
280 1553 567 1919
561 2310 959 2846
1723 1742 2095 2088
0 1534 489 2434
365 541 1220 946
2049 1977 2245 2271
1867 1762 2448 2049
0 1534 365 2434
1605 2441 2317 3107
1612 1299 2036 1769
574 2754 1279 3263
953 1344 1325 2023
1573 2650 1795 3074
0 2389 561 2911
65 1024 411 1390
1207 1912 1951 2552
1723 1762 2049 2088
574 2754 966 3263
0 607 652 972
1096 1710 1416 2395
32 1586 365 2434
32 1586 365 2134
32 1586 365 2128
1109 2650 1553 3263
1540 254 2408 1018
940 3133 1077 3263
672 3120 966 3263
261 3113 424 3263
1977 3087 2180 3263
1938 3087 2069 3224
0 3087 163 3263
1782 3081 1997 3263
489 3068 698 3263
385 3068 541 3263
124 3048 319 3263
1534 3042 1821 3263
1410 3042 1612 3263
887 2983 1018 3218
1109 2970 1468 3263
417 2937 672 3146
2056 2924 2448 3263
248 2924 398 3068
2284 2904 2448 3113
1573 2904 1762 3074
933 2904 1279 3263
0 2865 202 3055
1703 2859 1977 3185
2043 2826 2193 3015
1847 2800 2167 3107
345 2800 580 3218
2160 2780 2291 2983
574 2754 953 3179
2193 2741 2448 2989
97 2715 274 3028
985 2709 1116 2944
1116 2702 1318 3042
1070 2696 1214 2924
1612 2650 1795 2957
1246 2650 1553 3081
124 2650 561 2911
365 2643 594 2820
1860 2624 2043 2813
1057 2624 1207 2754
2232 2617 2448 2911
776 2617 1077 2963
1370 2591 1514 2813
0 2565 143 2944
2206 2545 2448 2826
1442 2539 1671 2898
1272 2539 1488 2748
998 2513 1194 2683
1096 2506 1312 2676
2245 2500 2415 2637
1279 2487 1494 2624
313 2467 594 2676
110 2454 378 2754
887 2448 1024 2630
1605 2441 2317 3087
2265 2421 2448 2552
241 2415 391 2552
1906 2395 2108 2558
1246 2395 1527 2565
0 2389 287 2715
561 2382 959 2846
2121 2376 2389 2558
979 2363 1246 2624
672 2310 959 2637
2095 2271 2226 2402
1494 2258 1880 2552
1272 2258 1579 2519
1018 2258 1161 2428
0 2245 228 2408
2173 2232 2323 2408
1175 2219 1383 2539
868 2206 1024 2356
1834 2193 2173 2408
1142 2160 1279 2395
894 2160 1181 2558
2049 2082 2199 2271
0 2075 130 2271
52 2069 352 2434
332 2043 554 2297
1912 2023 2082 2284
913 1997 1168 2252
2056 1977 2245 2212
32 1964 274 2134
1847 1925 2049 2088
1207 1912 1951 2382
1194 1912 1383 2075
2212 1893 2448 2297
352 1893 489 2088
1573 1886 1762 2088
300 1867 463 2017
1351 1834 1586 2102
528 1808 802 2108
483 1782 711 2095
32 1782 365 2128
1932 1762 2448 2049
1723 1762 1977 1964
1697 1756 1899 1964
1951 1742 2095 1873
907 1729 1083 2154
1096 1710 1416 2199
953 1697 1253 2023
1677 1690 1925 1867
228 1684 424 1919
2167 1677 2448 1886
613 1677 848 1977
522 1638 1103 2239
124 1586 293 1873
280 1579 522 1919
352 1553 567 1756
1612 1534 1742 1769
678 1534 1031 1912
0 1534 169 1840
1690 1527 2062 1808
1527 1514 1703 1814
430 1494 855 1991
633 1488 972 1840
835 1481 1201 1782
1977 1475 2448 1788
2284 1462 2415 1645
52 1455 254 1605
1207 1436 1370 1788
554 1436 894 1749
1429 1429 1579 1645
770 1429 1031 1710
385 1429 678 1612
1292 1416 1716 1938
770 1410 1116 1723
202 1383 502 1658
463 1370 620 1501
1951 1364 2448 1684
1142 1344 1325 1736
757 1338 1051 1671
0 1318 372 1566
2291 1299 2448 1436
1612 1299 2036 1671
1938 1286 2356 1429
685 1286 874 1462
1801 1279 2023 1423
1742 1272 1991 1436
718 1272 953 1507
1272 1266 1723 1612
600 1233 861 1514
430 1227 731 1410
2043 1220 2232 1364
2154 1207 2448 1338
744 1194 1018 1351
972 1175 1331 1494
894 1135 1077 1390
1129 1129 1579 1259
1011 1129 1416 1259
306 1122 567 1370
476 1103 672 1338
0 1083 137 1442
567 1077 992 1253
1736 1070 1951 1272
2102 1044 2448 1240
1827 1031 2069 1259
65 1024 359 1390
1951 1011 2232 1351
992 992 1194 1135
1410 979 1664 1220
1364 979 1534 1122
1090 979 1553 1214
659 966 1129 1142
2271 920 2448 1064
1233 920 1501 1155
620 920 1129 1051
221 887 1279 1031
2271 855 2448 1037
1501 855 1782 1083
1951 829 2350 1077
1214 724 1449 926
1318 691 1592 913
1168 691 1351 842
417 652 554 789
1037 639 1259 783
365 626 750 946
1227 620 1442 776
208 620 652 972
0 607 287 940
1540 587 2219 1018
1808 574 1977 724
1964 554 2323 770
1991 554 2167 711
855 554 1024 718
953 548 1364 744
639 541 1220 894
2239 522 2448 809
1821 522 2062 685
1540 522 1775 652
2173 496 2350 626
52 496 404 652
1566 463 1703 620
476 463 907 705
345 456 541 594
1233 424 1396 574
306 352 509 535
0 352 352 594
1534 339 1769 470
1723 332 1938 502
548 326 926 554
352 319 815 567
2239 306 2448 476
1272 287 1677 515
783 280 1357 639
1540 254 2408 737
0 248 574 391
1880 235 2226 391
1638 182 2226 463
2167 176 2448 313
1664 137 2043 352
1331 78 1749 280
261 52 757 274
0 39 398 254
1925 13 2323 228
600 6 1077 208
2271 0 2448 182
2069 0 2428 221
1762 0 2115 150
1481 0 1853 182
1246 0 1638 189
1188 0 1344 137
933 0 1325 182
91 0 1057 254
124 0 489 163
0 0 372 195
0 0 2448 2108
0 855 2448 3263
1246 2376 1671 2565
1246 2395 1671 2565
0 0 2448 1560
528 1338 1201 2108
0 1024 1553 3263
2075 2173 2226 2402
972 855 2448 3263
2043 2545 2448 3015
52 456 541 652
78 2813 417 3179
855 476 1592 783
855 476 1592 744
1442 261 1782 483
1527 261 1782 470
1501 1514 1899 2088
2160 920 2448 1129
2088 2173 2226 2402
0 946 176 1096
0 1024 992 2454
476 1103 770 1338
1096 2167 2448 3263
0 463 1775 1560
972 855 2448 2552
0 1638 1553 3263
953 476 1592 744
2239 2226 2448 2500
0 1024 861 2454
1096 2193 2448 3263
0 0 1370 750
0 0 1370 594
19 3094 208 3244
1821 2193 2448 2558
1821 2356 2448 2558
2121 2376 2448 2558
1527 1514 1899 2088
1573 1756 1899 2088
0 881 613 1024
2239 2226 2448 2421
0 587 156 750
0 0 1370 398
1096 2369 2448 3263
1096 2487 1716 2748
1096 2487 1494 2676
665 463 1775 972
678 463 1775 972
215 1031 992 1253
0 352 509 594
1410 2369 2448 3263
855 554 1116 718
0 561 1664 1560
1011 979 1664 1344
1175 1207 2448 2552
261 0 2448 1077
1318 0 2448 1077
1808 522 2062 724
0 1024 861 2434
1272 2506 1716 2748
1011 979 1553 1344
2173 2193 2369 2408
0 2382 1553 3263
972 855 2448 1736
1168 463 1775 842
1168 522 1775 842
1168 574 1586 842
992 855 1586 1155
2141 522 2448 907
2141 763 2448 907
678 796 1351 972
992 920 1501 1155
1534 2369 2448 3263
0 561 1449 1560
594 1135 1077 1560
1468 0 2323 652
1534 2441 2448 3263
972 855 2232 1736
1429 1429 1592 1677
0 561 1449 1142
352 561 750 946
0 607 1449 1142
221 724 1449 1142
359 1638 1416 2637
110 2382 1553 3263
1318 176 2448 1077
1468 182 2226 652
0 150 1370 398
620 920 1129 1142
985 2624 1214 3081
261 0 1853 894
352 319 1220 894
1612 1207 2448 2297
261 0 1853 639
783 215 1690 639
633 1338 1051 1840
1612 1299 2448 2297
1175 1416 2082 2552
985 2696 1214 3081
985 2696 1214 2944
1847 1919 2088 2167
1964 502 2323 770
783 235 1677 639
783 280 1677 639
1057 920 1501 1155
0 2389 287 3263
678 1481 1201 1912
0 1024 861 1514
0 1383 678 2434
300 1494 855 2454
300 1782 711 2454
332 1782 711 2297
2049 1977 2284 2271
0 150 1266 398
221 724 1449 1031
1018 2160 1279 2428
0 2715 274 3146
783 280 1396 639
124 2754 678 3263
345 2754 678 3218
0 1024 731 1442
463 1233 861 1514
1801 1207 2448 1436
1664 0 2323 352
261 0 1853 280
868 1697 1416 2630
2134 176 2448 567
2167 176 2448 476
0 1383 567 2434
1723 1742 2095 1964
1612 1534 1925 1867
0 2715 274 3055
2043 1044 2448 1364
972 1175 1331 1736
1318 254 2408 1077
261 0 1749 280
1246 0 1749 280
1175 1416 1951 2552
1292 1416 1716 2102
65 1024 731 1410
887 1697 1416 2630
894 1697 1416 2558
261 0 1325 274
261 6 1077 274
1573 2441 2317 3107
672 2591 1553 3263
672 2983 1018 3263
359 1638 1103 2637
1272 855 2232 1612
1272 855 1997 1612
0 1534 169 2271
1175 1912 1951 2552
65 1024 567 1390
1977 2617 2448 3263
894 1697 1253 2558
1534 2859 1977 3263
894 1729 1181 2558
894 1997 1181 2558
110 2382 1077 3263
0 1586 365 2434
933 2591 1553 3263
52 1383 567 1919
1272 959 1997 1612
1272 1214 1958 1612
1977 2924 2448 3263
476 463 1220 894
110 2454 594 2911
124 2643 594 2911
933 2904 1468 3263
417 2382 1077 3263
417 2937 698 3263
1932 1364 2448 2297
1827 1011 2232 1351
0 1782 365 2434
1207 1912 1951 2519
887 2363 1246 2630
32 1782 365 2434
110 2454 594 2754
1540 587 2350 1077
52 1383 522 1919
0 1775 130 2271
1246 2591 1553 3081
2193 2617 2448 2989
561 2382 1077 3179
561 2382 959 3179
202 1383 522 1919
1612 1299 2062 1808
1932 1762 2448 2297
1951 1364 2448 1788
345 1638 1103 2558
2278 894 2448 1037
933 0 1507 254
261 52 757 280
1475 0 1919 182
966 117 1507 254
2049 2173 2226 2395
0 822 2448 3263
1977 2297 2448 3263
2128 2297 2448 3139
2271 2297 2448 2539
966 117 1449 254
0 0 2448 1521
633 1175 1468 1834
750 1175 1468 1729
757 1175 1468 1729
0 2389 711 3263
0 998 1579 2467
567 998 1579 1292
359 822 2448 3263
0 1083 169 1442
698 998 1579 1259
1762 0 2115 235
1977 2565 2448 3263
0 1175 894 2467
1057 1423 2448 3263
1037 998 1579 1259
1168 998 1579 1259
359 2206 1423 3263
522 2206 1423 3263
0 1175 874 2434
613 822 2448 3263
613 822 2448 2252
1057 1475 2448 3263
992 822 2448 1886
1299 822 2448 1886
1344 1416 1729 1814
1344 1416 1690 1723
1057 1540 2415 3263
783 215 1697 678
2167 744 2448 1064
2239 829 2448 1064
1566 1475 2448 2415
1168 1070 1429 1201
0 2565 424 3263
0 2793 424 3263
1912 0 2323 235
1945 0 2323 143
992 842 1880 1220
1057 842 1880 1220
1364 953 1534 1129
0 2793 378 3263
287 1436 894 2467
887 1690 1716 3263
359 2415 626 2800
0 0 2448 1070
1057 2258 2415 3263
1808 3009 2075 3263
815 215 1697 678
1057 2258 2389 3263
613 1436 1338 2252
613 1527 1044 2017
848 1436 1338 2252
848 1481 1253 2252
1684 2278 2389 2565
1005 39 1808 868
1005 39 1808 737
1272 39 1808 587
815 228 1390 678
815 228 1390 652
1135 842 1880 1220
1135 874 1736 1220
1638 1037 2448 1436
0 1175 855 2434
1057 2258 2317 3263
1057 2284 2317 3263
1272 254 1808 587
235 966 1155 1155
1566 1475 2448 2317
1057 2376 1697 2761
1299 979 2448 1886
1566 1475 2448 2310
470 2415 626 2800
1090 450 1801 868
1090 580 1560 868
0 496 580 750
1057 2376 1462 2761
0 1233 855 2434
1449 3048 1612 3263
0 0 1201 567
235 1867 515 2186
0 0 1018 417
1292 874 1736 1220
887 1690 1671 3263
887 1690 1560 3263
1638 1037 2350 1436
0 1383 574 2434
235 1867 463 2186
1801 1762 2199 2206
1801 1762 2082 2167
0 2859 261 3263
124 2624 711 3263
0 1964 352 2434
887 1690 1305 2839
887 1690 1305 2630
1788 3087 2010 3263
1919 3074 2075 3263
1977 3048 2180 3263
385 3022 711 3263
39 3022 424 3263
1808 3009 2010 3172
2043 2872 2173 3015
0 2859 261 3087
176 2793 378 3009
254 2787 404 3074
1612 2650 1795 2833
124 2624 672 3113
2108 2565 2448 3263
1429 2539 1671 3074
1070 2526 1560 3263
1057 2506 1462 2761
2219 2500 2415 2774
985 2487 1214 2839
359 2487 548 2676
2128 2480 2448 3139
470 2415 626 2650
1253 2402 1534 2558
0 2389 372 2748
1462 2376 1697 2526
1175 2376 1344 2565
1769 2337 2115 2506
1534 2284 2317 3263
2128 2265 2317 2415
979 2252 1188 2624
1827 2193 2141 2402
2154 2121 2317 2317
391 2102 554 2356
0 2069 352 2434
887 2043 1286 2630
235 1977 411 2186
32 1964 293 2134
1853 1925 2082 2167
1991 1919 2199 2206
1501 1906 1684 2062
352 1893 515 2088
306 1867 463 2017
1194 1795 1416 2075
287 1775 724 2467
1801 1762 1977 2075
1566 1716 2049 2075
554 1716 776 2075
1096 1690 1305 2180
613 1690 881 2017
698 1677 855 1867
979 1651 1142 1886
1527 1645 1716 1925
1194 1540 2154 2519
802 1527 1044 1788
456 1501 789 1827
633 1488 966 1834
848 1481 1253 2154
509 1481 718 1612
0 1481 176 1638
1867 1475 2448 2310
398 1436 894 1984
404 1429 580 1599
1344 1416 1645 1723
0 1383 574 2108
763 1338 1057 1716
0 1331 496 1566
770 1325 946 1507
352 1305 567 1455
2291 1299 2448 1429
1592 1299 2448 1886
1938 1292 2350 1429
711 1286 874 1488
463 1233 855 1521
2154 1201 2448 1338
750 1188 1051 1370
757 1175 1331 1729
1168 1116 1579 1259
515 1103 672 1338
0 1083 143 1442
567 1077 992 1292
1638 1037 2167 1436
0 1024 639 1521
1214 1018 1527 1194
0 1011 182 1142
1259 998 1560 1214
1292 985 1586 1220
1299 979 1997 1560
1364 972 1527 1129
659 966 1155 1155
1370 953 1534 1122
1749 940 2036 1096
2239 887 2448 1064
1449 874 1736 1083
613 835 750 972
1925 822 2448 1279
2167 744 2448 926
1201 724 1436 874
1090 607 1442 868
0 607 665 992
1331 580 1560 744
1749 535 1919 724
809 535 1024 698
1795 522 2049 718
1005 515 1396 737
52 496 580 750
1573 470 1769 626
1396 450 1801 652
1227 417 1390 567
489 411 1207 946
189 385 509 528
783 326 940 548
1272 293 1677 587
750 293 1018 476
815 274 1338 652
0 221 587 417
1266 215 1697 417
261 65 561 261
287 52 757 280
254 52 600 261
0 45 359 254
1442 39 1801 274
130 39 398 182
0 39 235 195
600 32 966 208
2271 0 2448 176
1475 0 1886 182
1188 0 1592 195
339 0 1201 567
84 0 1018 267
0 0 372 169
750 293 1018 548
554 1338 1057 2075
0 0 2448 1259
0 737 2448 3263
1214 998 1560 1214
515 737 2448 3263
0 1024 1462 3263
515 2206 2448 3263
1214 1436 1364 1788
1194 737 2448 2611
1462 2376 1716 2611
1194 737 2448 2565
809 476 1592 737
522 2206 2448 3263
809 535 1083 698
1005 476 1592 737
235 920 1586 1259
235 920 1579 1259
659 920 1579 1259
698 1083 1579 1259
0 1024 1051 3263
0 0 1018 750
0 0 1018 594
1697 0 2323 248
1037 1116 1579 1259
1762 0 2323 235
1194 1299 2448 2565
1684 2193 2448 2565
1684 2193 2389 2565
2128 2265 2448 2539
966 117 1449 319
0 1188 1051 3263
287 1188 1051 2467
287 1436 966 2467
659 920 1534 1201
992 1070 1429 1201
659 920 1534 1155
1194 737 2448 1560
1194 1299 2448 2519
0 0 1886 992
345 1175 1462 2839
985 2376 1462 2839
1227 215 1697 587
1227 293 1677 587
2167 737 2448 940
1057 920 1534 1122
966 163 1449 319
0 1024 992 1886
2128 2265 2448 2434
2278 2278 2448 2434
1762 0 2323 150
1194 822 2448 1560
1331 437 1847 744
345 1175 1416 2650
0 1024 992 1612
594 1188 1051 1553
411 1501 789 1886
1795 522 2049 724
1938 1201 2448 1429
594 1325 946 1553
1396 437 1847 652
522 2206 1671 3263
1534 2284 2448 3263
0 1305 711 3263
0 1024 992 1521
0 1305 574 2434
0 411 1442 992
757 1175 1416 2630
2167 737 2448 926
287 0 1886 652
339 0 1886 652
339 0 1886 567
1344 1299 2448 2310
1592 1299 2448 2310
345 1638 1103 2650
887 1690 1416 2630
287 32 966 280
933 0 1886 274
933 0 1801 274
1188 0 1801 274
1299 822 2448 1560
1853 1919 2199 2206
463 1077 992 1521
522 2206 1560 3263
1938 1292 2448 1429
489 411 1442 946
39 3022 711 3263
757 1175 1331 2154
0 2389 672 3113
1638 822 2448 1436
685 208 1481 587
1475 0 2232 248
2115 2428 2448 2650
0 913 985 1051
0 750 678 985
274 750 678 979
855 940 1566 1266
855 940 1566 1259
1475 0 2232 195
1579 332 1932 496
1579 332 1932 463
0 913 907 1051
1475 0 1932 195
1475 0 1932 150
156 2787 450 3263
0 339 352 587
0 0 2448 1364
0 594 652 940
0 920 2448 3263
972 1403 2448 3263
868 202 1795 672
998 319 1259 600
972 1403 2323 3263
0 32 411 254
254 58 757 267
972 1403 2297 3263
0 1018 1429 2565
1586 2774 2180 3100
0 1018 1070 2519
0 1018 1070 2467
0 1018 515 1442
933 0 1325 176
345 1175 1429 2565
1612 2010 2186 2343
1612 2069 2186 2343
1964 2552 2323 2898
