0 0 2448 3263
913 1958 1292 2232
19 13 522 202
0 0 2448 1201
221 13 522 202
0 691 2448 3263
0 724 443 920
45 724 443 887
1494 1488 1677 1631
0 0 300 202
0 0 300 137
607 1880 1103 2389
1259 2813 1442 3015
1005 2676 1214 2839
176 737 443 887
691 1880 1103 2389
319 2683 515 2937
1338 2493 1521 2787
1318 848 1716 1272
1534 2787 2258 3263
1534 2787 2193 3263
1037 1677 1449 2023
1808 163 2075 378
763 2722 972 2937
691 1880 992 2389
750 1880 992 2389
1769 2787 2193 3263
1769 2846 2147 3263
1769 2846 2075 3263
1534 2937 1840 3263
750 1991 972 2389
848 2950 1305 3263
561 2474 776 2702
0 691 2448 2408
698 2983 926 3146
0 691 2448 2337
750 1991 972 2265
1612 3009 1840 3263
0 1494 2448 3263
104 2976 261 3224
874 0 1788 274
874 0 1788 241
874 0 1788 215
1011 0 1788 215
1266 1977 2062 2558
1266 1977 2030 2558
1083 2950 1305 3172
1240 0 1788 215
1403 2180 2030 2558
1788 1005 2448 1416
1462 0 1788 215
1403 2180 1925 2545
1318 848 1671 1272
1214 2434 1893 2865
1214 2467 1658 2865
1214 2676 1645 2865
1279 2676 1645 2859
1266 1977 1586 2258
359 2774 685 3068
731 2343 1018 2787
502 1416 1181 2043
600 1416 1181 2043
1383 2676 1645 2859
718 802 926 1024
1240 0 1534 189
1481 319 2186 613
0 0 802 861
776 2049 972 2265
2056 1475 2448 1867
2167 1475 2448 1867
163 2558 424 2898
1403 2180 1827 2545
633 0 1135 522
633 0 1116 522
633 0 992 522
359 2780 685 3068
1775 0 2448 208
332 2121 724 2500
332 2121 607 2500
1775 0 2186 208
1775 0 2043 202
0 84 2448 1201
352 84 2448 1201
489 84 2448 1201
600 1455 1181 2043
613 1455 1181 2043
1436 2467 1658 2715
352 757 691 946
274 691 2448 2337
411 2780 685 3068
2167 567 2448 802
332 2121 600 2363
750 0 992 522
731 496 1051 757
2167 567 2448 737
0 829 450 1175
1403 2180 1684 2421
0 940 502 2128
1658 2180 1906 2376
0 940 483 2128
1938 2846 2147 3074
1775 0 2017 202
0 1077 483 2128
0 1664 189 1977
2297 1977 2448 2408
2304 1977 2448 2337
1592 1853 2448 3263
1991 163 2448 489
2088 241 2448 489
1899 1853 2448 2696
1148 691 2448 2310
1527 691 1821 933
0 137 802 861
1148 698 2448 2310
1716 855 2252 1175
1716 926 2252 1175
1827 926 2252 1175
1951 1867 2448 2696
783 0 992 345
2154 326 2448 561
163 2696 424 2898
848 1416 1142 1840
1481 352 1919 613
2167 1605 2448 1867
0 1494 2095 3263
1977 567 2448 1051
1977 567 2448 1031
1977 567 2271 874
802 1077 1096 1253
489 84 2239 1201
489 398 926 894
1951 1867 2448 2604
1951 1867 2323 2545
1951 2023 2323 2545
1951 2102 2323 2545
763 2173 2095 3263
763 2813 1175 3192
763 2891 1024 3192
861 2173 2095 3263
1377 2715 2095 3126
861 2173 1658 3263
1155 2291 1618 2728
1364 2291 1618 2552
1037 1749 1416 2023
2167 672 2448 1031
861 2173 1455 3002
626 84 2239 1201
1592 2487 2448 3263
868 2212 1135 2611
1977 2193 2323 2545
1148 2937 1658 3263
0 1494 959 3263
0 2598 450 3153
0 2696 450 3153
0 2787 450 3153
0 2787 450 3055
332 1494 894 2271
966 2173 1455 3002
966 2173 1455 2715
91 2787 450 3009
274 796 2036 2337
0 1077 443 2128
1423 2715 2095 3126
2193 672 2448 998
0 1077 443 1847
0 1077 411 1703
1057 2565 1325 3002
1977 2271 2323 2545
274 796 1677 1723
1318 1612 2036 2337
1521 1370 1997 1958
1521 1560 1997 1958
1521 1560 1925 1958
1631 1618 1925 1958
0 1873 959 3263
1246 2937 1658 3263
489 398 835 822
1318 1612 1560 1925
332 1494 789 2186
424 2232 822 2454
306 796 1677 1723
0 1873 783 2735
1148 698 2017 1344
1442 698 2017 1344
1566 698 2017 1344
1566 940 1880 1344
1090 84 1827 567
1788 1005 2448 1357
1592 2487 2448 3153
352 1024 1677 1723
626 313 2239 1201
626 665 1312 1201
842 313 2239 881
1788 1070 2448 1357
1148 796 1501 1109
300 2369 783 2728
300 2395 574 2728
1423 2761 1893 3126
0 2558 959 3263
966 332 2239 881
1142 437 2239 881
1840 437 2239 718
0 1873 691 2735
0 861 287 1175
1710 1175 2448 2310
2095 1175 2448 1651
1142 509 1893 881
352 1037 1677 1723
0 1925 691 2735
195 1925 691 2252
332 1494 724 1991
0 1984 424 2735
0 2062 424 2735
0 2062 424 2715
1090 84 1618 567
1090 84 1618 502
456 2558 959 3263
456 2558 861 3139
1031 1259 1677 1723
0 3015 646 3263
1586 1064 1880 1344
0 1077 411 1638
456 2558 861 3009
0 1109 411 1638
215 3015 646 3263
1710 1266 2448 2310
1710 1266 2226 1886
1710 1266 2226 1658
1710 1266 2226 1592
352 1037 1299 1579
1325 1827 2036 2337
0 2062 424 2513
0 2062 326 2474
1697 2487 2448 3153
1697 2487 2448 2885
1292 509 1893 881
306 796 822 1318
352 1148 1299 1579
1207 1259 1677 1651
456 2630 809 3009
1514 1932 2036 2337
1690 1938 2036 2337
2102 1736 2448 2310
306 848 678 1318
900 1161 1299 1396
626 711 1129 1201
0 2121 326 2474
352 1148 1011 1579
1573 3120 1742 3263
1259 3113 1416 3263
215 3107 489 3263
2226 3094 2448 3263
659 3081 959 3263
2043 3074 2408 3263
515 3028 685 3244
848 3015 1116 3263
398 3015 646 3263
0 3015 261 3263
1612 3009 1775 3218
1475 3009 1658 3263
698 2989 848 3146
1769 2983 2075 3263
1148 2983 1325 3263
110 2976 261 3146
235 2963 385 3153
998 2950 1142 3146
1377 2937 1573 3100
1246 2937 1521 3263
887 2937 1024 3192
639 2937 776 3139
2239 2918 2448 3133
411 2918 587 3055
0 2904 150 3055
763 2891 959 3048
91 2878 274 3009
1938 2872 2075 3074
1586 2833 1893 3126
1853 2826 2036 2963
1259 2813 1429 3015
920 2813 1175 2976
809 2807 972 2937
221 2787 450 3002
528 2780 685 3068
2004 2774 2389 3153
1664 2761 1834 2891
1423 2761 1736 2976
1214 2735 1377 2865
1122 2728 1292 3002
763 2722 920 2911
1782 2715 2095 2872
267 2715 424 2846
554 2702 809 3009
163 2696 339 2898
0 2696 163 2950
1514 2683 1645 2820
1383 2676 1586 2859
1057 2676 1214 2839
861 2669 1083 2852
456 2630 646 2859
58 2598 208 2878
1494 2585 1651 2715
1338 2585 1521 2787
1057 2565 1325 2787
802 2558 1005 2787
620 2558 861 2833
1592 2552 1795 2793
2173 2532 2448 2885
2121 2513 2310 2696
359 2513 541 2728
78 2506 248 2637
1697 2487 2219 2813
646 2474 776 2604
1436 2467 1658 2611
0 2454 137 2715
966 2448 1168 2715
156 2448 385 2735
1651 2434 1893 2663
300 2395 574 2552
1364 2389 1618 2552
2239 2382 2448 2604
430 2369 783 2643
1860 2363 2030 2558
2128 2356 2323 2545
731 2343 1018 2604
339 2317 607 2500
1155 2297 1481 2728
1488 2291 1684 2421
1579 2278 1827 2545
1977 2271 2297 2519
868 2271 1135 2611
1912 2265 2062 2487
580 2265 822 2454
424 2232 594 2382
0 2226 176 2474
887 2212 1051 2421
1547 2206 1677 2343
208 2206 424 2513
2017 2193 2232 2343
2128 2180 2271 2323
1749 2180 1906 2376
1658 2180 1847 2337
1403 2180 1573 2343
1024 2173 1455 2532
332 2167 515 2363
378 2121 600 2278
117 2121 326 2467
913 2108 1103 2337
1951 2102 2121 2245
1410 2095 1553 2232
1181 2095 1364 2232
920 2095 1090 2239
235 2082 411 2245
0 2062 176 2330
776 2049 959 2199
1964 2023 2115 2160
659 2023 894 2271
913 1997 1109 2128
2102 1991 2421 2310
463 1991 691 2252
156 1984 287 2160
2304 1977 2448 2180
1266 1977 1521 2258
1821 1971 2036 2337
998 1958 1292 2232
1951 1951 2082 2088
1690 1938 1938 2245
1514 1932 1769 2258
509 1925 789 2186
195 1925 489 2154
1103 1899 1286 2095
796 1880 992 2088
287 1873 509 2088
1958 1867 2134 2036
2102 1834 2337 2056
1325 1827 1742 2082
1201 1808 1416 2023
0 1788 359 2128
0 1769 189 1977
1037 1749 1233 1945
2219 1736 2448 2069
1534 1736 1664 1951
1383 1703 1560 1925
1684 1697 1925 1958
332 1690 600 1991
1181 1677 1449 1867
1795 1645 1938 1847
1631 1618 1762 1853
1318 1612 1475 1769
2219 1605 2448 1769
241 1605 443 1847
1964 1599 2226 1886
1442 1599 1645 1814
2056 1573 2258 1736
979 1573 1142 1840
1521 1560 1697 1749
613 1560 1181 2043
1710 1540 1906 1729
293 1527 470 1658
0 1521 326 1703
411 1494 724 1867
2278 1475 2448 1631
150 1475 293 1605
639 1455 985 1645
2167 1449 2337 1651
1775 1442 2199 1658
1031 1442 1344 1723
1964 1429 2226 1592
848 1416 1129 1631
1207 1390 1527 1651
2310 1377 2448 1547
1586 1370 1814 1625
1129 1318 1344 1534
1279 1312 1462 1468
352 1299 724 1579
169 1286 365 1423
1893 1279 2173 1416
1638 1279 1782 1416
979 1272 1135 1449
1710 1266 2095 1507
1325 1259 1677 1527
2167 1227 2350 1377
372 1227 502 1383
1997 1188 2226 1338
1064 1181 1299 1370
2095 1175 2448 1481
900 1161 1116 1396
1194 1148 1370 1351
522 1148 1011 1534
1586 1122 1769 1344
1370 1116 1618 1312
802 1116 966 1253
1318 1109 1514 1272
404 1090 678 1318
1534 1083 1716 1246
1788 1077 2343 1357
953 1077 1096 1233
0 1077 202 1331
2212 1070 2448 1240
1703 1064 1880 1279
1044 1037 1279 1214
274 1031 502 1246
1220 1024 1507 1181
1827 992 2075 1148
626 972 972 1201
124 972 287 1175
1566 940 1801 1122
0 940 130 1103
2004 926 2252 1175
1148 926 1383 1103
241 920 404 1129
2271 900 2448 1051
0 861 261 1109
1958 855 2173 1057
1423 848 1671 1129
306 848 626 1148
770 842 926 1024
1031 835 1272 1044
221 829 450 1037
2167 815 2330 1031
1631 815 1769 1011
1442 796 1677 985
1188 796 1501 1109
600 796 822 1096
2291 789 2448 998
385 757 691 946
0 757 176 920
45 724 254 868
835 711 1129 1161
2056 705 2271 874
1703 698 2017 998
1527 691 1756 861
2193 672 2402 953
979 665 1312 868
1449 652 1651 796
776 646 926 894
1292 613 1658 881
489 600 802 822
2167 574 2330 737
2304 567 2448 718
1977 567 2226 724
1142 522 1364 698
1064 522 1266 750
0 515 385 776
1468 509 1893 770
1344 509 1573 685
2232 502 2448 698
842 496 979 646
731 496 946 711
1272 489 1462 646
1873 476 2062 718
1840 437 2239 620
2154 430 2382 561
1625 430 1762 567
594 398 835 685
1481 378 1769 580
1684 352 1919 613
1116 352 1292 548
966 332 1188 600
2199 326 2448 509
750 326 966 522
1912 319 2186 496
1827 319 1964 450
1318 313 1586 567
842 313 1051 554
2088 280 2310 489
705 267 933 430
2297 241 2448 470
985 241 1135 417
1821 228 2075 378
1455 221 1827 411
0 208 378 574
920 189 1116 332
633 169 874 365
1991 163 2330 345
1808 163 1938 332
0 156 150 345
783 143 992 345
202 137 802 861
1325 124 1618 359
2219 117 2448 287
920 97 1142 241
1697 91 1853 280
1090 84 1416 502
1984 78 2186 208
1599 78 1769 208
783 78 920 221
992 13 1148 156
267 13 522 163
19 13 352 169
2075 0 2448 189
1847 0 2017 143
1775 0 1938 202
1462 0 1671 215
1240 0 1488 176
1011 0 1286 176
789 0 979 156
639 0 861 150
463 0 737 182
0 0 176 137
0 1364 2448 3263
0 0 2448 1951
326 2911 509 3172
1945 718 2108 900
913 1899 1292 2239
913 1958 1292 2239
0 0 1299 1736
731 0 2448 1951
1024 1475 2448 3263
0 0 1299 1703
1410 2062 1586 2232
0 1364 1775 3263
0 1364 1560 2513
985 202 1214 417
0 2271 1775 3263
1214 2735 1442 2918
0 1390 1560 2513
979 815 2448 1951
1573 3009 1775 3263
502 587 711 731
1808 163 1991 332
0 2271 1658 3263
731 0 2448 1161
1821 0 2134 450
1821 228 2075 450
998 2950 1305 3172
1279 2180 2448 3263
378 2121 724 2304
1853 2826 2036 3022
1129 815 2448 1951
19 0 1148 345
19 0 1142 345
1488 2206 1684 2421
750 1991 894 2154
1658 2180 1925 2461
19 0 992 345
19 0 737 261
1272 378 1769 685
1272 489 1573 685
1886 0 2134 228
1886 32 2088 228
1279 2278 2448 3263
672 0 992 345
19 0 737 182
1024 1475 2448 2728
2154 326 2448 737
718 802 874 1018
1318 848 2030 1272
1566 920 2030 1122
1716 920 2030 1103
0 137 1299 1703
1279 2585 1521 2826
502 1821 1103 2421
607 1880 1103 2421
776 1880 1103 2421
776 1880 992 2199
0 757 1299 1703
293 1351 483 1521
1893 1188 2350 1416
319 2774 587 3055
802 2108 1103 2421
802 2154 1051 2421
802 2212 1051 2421
731 332 2448 1161
319 2774 535 2957
731 496 1103 1024
731 496 1051 1024
731 496 1051 894
502 1821 750 1997
78 2389 248 2637
163 2271 1175 3192
698 2807 1024 3192
1449 652 1821 933
1710 1677 2082 2088
1710 1677 1997 2010
163 2271 1175 3009
1442 1599 1664 1951
0 137 874 1096
0 156 163 345
1383 2278 2448 3263
1736 2715 2193 3263
1782 2715 2193 3042
1024 1808 2062 2728
19 13 522 169
300 2271 1175 3009
1736 2983 2075 3263
0 848 1299 1703
0 1527 894 2513
1024 1808 2036 2728
1129 815 2448 1749
1964 1429 2258 1736
763 2807 1024 3192
750 0 2448 718
1697 0 2017 280
1697 0 1938 280
835 332 2448 1161
1631 1475 2448 2558
2082 2082 2271 2323
835 332 2017 1161
411 1390 1560 2043
45 724 443 868
1984 0 2448 489
1984 0 2448 345
1984 78 2448 345
750 0 2239 718
1991 117 2448 345
2154 326 2448 698
1370 2467 1658 2715
1631 1540 2036 1958
1631 1540 1938 1958
0 2448 1658 3263
0 2448 685 3263
97 1527 600 1991
776 646 1051 894
1827 567 2448 1148
1958 567 2448 1057
2193 672 2448 1051
1011 0 1671 215
1240 0 1671 215
1782 2715 2193 2891
300 2271 1168 3009
763 2271 1168 2911
868 2271 1168 2715
639 2565 1658 3263
1383 0 1671 215
1860 1475 2448 2558
1860 2193 2323 2558
1860 2271 2323 2558
1129 926 2448 1749
1148 926 1507 1351
1710 1540 1938 1847
1442 796 1769 1011
124 757 691 1175
124 920 404 1175
639 2813 1658 3263
0 1788 894 2513
2226 2918 2448 3263
1181 1977 1521 2258
763 2669 1083 2911
750 84 2239 718
750 84 1827 567
750 84 1827 554
750 189 1116 554
1893 1227 2350 1416
1684 319 2239 718
1148 926 1507 1181
300 2343 1018 3009
241 1527 600 1991
0 861 502 1703
0 861 411 1703
1977 567 2271 900
1534 815 2448 1357
1534 1064 1880 1344
332 2167 822 2454
1129 1116 2448 1749
1860 2271 2297 2558
750 313 1051 554
639 2937 1658 3263
763 2807 972 3048
1383 2552 1893 3126
463 1925 894 2271
1129 1312 1462 1534
430 2343 1018 3009
966 332 1364 750
221 757 691 1037
1684 352 2239 718
509 1925 894 2271
1579 2278 2448 3263
1579 2278 2448 2885
1951 1475 2448 2310
1951 2023 2121 2245
0 1788 509 2513
0 1788 489 2513
0 2448 646 3263
0 2904 646 3263
0 2448 450 3153
411 1416 1344 2043
0 137 835 1096
1534 1064 1880 1279
306 848 1299 1579
241 1605 600 1991
1788 815 2448 1357
2004 815 2448 1175
2167 815 2448 1122
0 2448 385 3153
0 2448 385 3146
0 2448 385 2950
0 2454 208 2950
1325 1116 2448 1749
1325 1116 1814 1749
554 2558 861 3009
1938 2774 2408 3263
966 332 1364 698
1684 352 2239 620
2121 2382 2448 2696
1116 352 1364 698
835 509 2017 1161
274 1031 502 1383
1207 1390 1560 1925
1188 509 2017 1109
1292 509 2017 998
1958 1475 2448 2310
659 2937 1658 3263
848 2937 1658 3263
848 2937 1521 3263
1148 2937 1521 3263
1090 84 1827 502
1325 124 1827 411
202 137 835 1096
411 1442 1344 2043
1521 1370 1814 1749
430 2343 1018 2787
1423 2552 1893 3126
91 2878 274 3146
0 861 411 1638
430 2343 1018 2643
2004 2774 2408 3263
2102 1475 2448 2310
2219 1475 2448 1769
979 1442 1344 1945
1201 1808 2036 2343
1403 1932 2036 2343
0 1788 489 2474
0 1788 489 2245
0 1788 489 2154
1207 1390 1527 1769
848 3015 1259 3263
489 398 835 1096
489 600 822 1096
0 208 385 776
1201 1808 1742 2082
1958 1599 2226 2036
1579 2278 1893 2663
1710 1175 2448 1658
639 1416 1129 1645
835 665 1312 1161
0 2454 208 2878
1024 2173 1481 2728
2102 1736 2448 2069
979 1442 1344 1840
352 972 1299 1579
1325 1116 1677 1527
0 3015 489 3263
900 1037 1299 1396
411 1494 1181 2043
1514 1932 1938 2258
1044 1037 1299 1370
352 972 1011 1579
1710 1266 2199 1658
881 1906 1292 2245
0 0 659 208
0 809 2448 3263
2180 2891 2356 3120
0 0 2448 1370
724 2212 926 2428
913 1906 1292 2245
757 2212 926 2428
1214 2572 1651 2859
1018 2448 1227 2839
1018 2448 1168 2800
1272 2572 1651 2859
1272 2572 1573 2859
1762 91 2115 300
2095 430 2382 698
2095 430 2291 600
0 1501 2448 3263
1945 32 2239 189
0 809 2448 2683
0 809 1906 2643
835 848 2448 2683
1436 0 2448 221
1527 0 2448 221
52 2585 274 2891
1867 972 2186 1109
1018 2448 1168 2722
966 470 1155 613
0 0 913 920
0 58 913 920
620 0 1547 437
874 0 1547 300
874 0 1494 163
0 91 2448 1370
1031 868 1272 1051
1749 926 2448 1364
620 0 1142 437
2193 776 2448 1077
796 2493 1051 2787
796 2545 992 2787
1436 0 1638 195
0 143 913 920
1253 84 1547 300
1142 443 1494 607
1703 868 2043 1044
620 78 1096 437
672 78 1096 437
672 169 1096 437
672 169 933 437
0 1501 1612 3263
887 2154 1612 2741
907 2154 1612 2741
71 2585 274 2891
1109 91 1971 607
2023 1494 2448 2683
835 848 2448 2056
0 809 1742 2258
0 117 2448 1370
2056 117 2448 665
0 1501 1455 3263
0 1501 992 2715
2199 359 2448 665
522 1821 992 2304
522 1821 894 2304
1168 848 1710 1351
1083 1945 2448 3263
1083 2350 2448 3263
1847 0 2448 221
1135 91 1971 607
0 1501 796 2715
0 2350 1455 3263
0 1501 796 2669
2056 117 2448 470
2245 117 2448 470
2082 1553 2448 2683
2082 1553 2448 2408
672 2918 959 3263
2082 1553 2448 2382
2082 1977 2448 2382
835 940 2448 2056
1566 940 2128 1279
0 365 2448 1370
835 1090 2448 2056
1083 2676 2448 3263
2121 1553 2448 2023
0 365 2036 1370
626 365 2036 1370
842 365 1586 1011
0 535 926 1240
0 535 926 1161
1677 1945 2304 2545
522 1821 894 2271
1677 979 2128 1279
1592 2350 2448 3153
0 613 926 1161
1292 2676 2448 3263
2226 2833 2448 3263
0 809 1148 1886
842 372 1462 1011
0 613 796 1161
221 613 796 1161
1840 437 2448 1051
2128 1977 2448 2382
0 2350 1018 3263
515 2350 1018 3224
515 2891 822 3224
1749 1011 2448 1364
0 1501 796 2539
1971 665 2448 1051
0 1671 796 2539
2056 665 2448 985
0 2572 705 3263
1292 2676 2337 3263
842 483 1462 1011
626 509 2036 1370
1423 509 2036 1011
0 1077 1148 1886
0 1762 796 2539
0 1925 796 2539
0 2624 705 3263
0 2774 646 3263
0 2774 489 3263
796 2676 1455 3263
796 2676 1259 3263
626 633 1547 1370
0 1671 345 2128
515 1449 1742 2258
835 1090 2337 2056
0 143 835 920
1423 646 2036 1011
0 1984 796 2539
594 2350 1018 3009
0 1984 646 2532
1468 1494 2337 2056
672 3120 894 3263
215 3107 345 3263
228 3074 489 3263
515 3061 685 3224
1083 2950 1338 3263
842 2931 1259 3263
763 2918 959 3153
306 2918 646 3263
248 2911 509 3153
639 2891 822 3139
2265 2833 2448 3126
261 2787 450 3009
522 2774 672 3068
0 2774 326 3263
1103 2767 1455 3002
1997 2754 2297 3042
1749 2722 2337 3263
1057 2709 1227 2839
0 2696 143 3048
1292 2676 1919 3263
796 2676 1155 3028
1272 2669 1423 2859
71 2643 274 2891
594 2624 894 3009
411 2624 705 2957
313 2591 528 2846
802 2578 992 2787
1344 2572 1573 2748
163 2572 411 2898
868 2493 1051 2761
359 2454 737 2650
1018 2448 1168 2715
78 2441 385 2669
1364 2389 1612 2624
2258 2356 2448 2683
620 2350 1018 2754
757 2297 926 2428
887 2226 1083 2415
1912 2193 2304 2545
2128 2180 2350 2382
300 2160 796 2539
907 2154 1553 2741
933 2154 1122 2343
913 2095 1083 2232
0 2095 417 2532
548 2088 724 2304
1951 2030 2121 2245
737 1991 992 2297
156 1984 646 2278
2310 1977 2448 2180
2160 1977 2448 2323
1024 1951 1292 2245
1677 1945 2030 2382
1403 1938 1906 2643
195 1925 489 2147
913 1906 1181 2147
2239 1899 2408 2069
522 1821 855 2186
32 1808 326 2128
287 1762 626 2088
1423 1742 1710 1951
1586 1736 1716 1880
0 1671 345 1977
1860 1651 2337 2056
2121 1605 2448 2023
169 1586 443 1880
0 1501 241 1756
2023 1494 2199 1658
1468 1494 2004 2004
124 1481 293 1618
515 1475 1233 2049
1031 1449 1742 2258
169 1259 398 1481
2232 1253 2402 1383
2095 1188 2226 1331
2095 1161 2448 1514
1547 1161 2448 1847
1749 1109 2258 1364
1677 1103 1880 1279
