0 0 3263 2448
868 1488 1423 1671
254 567 802 1181
2911 1286 3263 2043
822 0 1494 1677
0 359 221 561
1775 1449 2696 2095
1579 0 3263 567
822 1188 1116 1540
959 0 1494 1677
959 0 1481 1677
1645 1057 2722 1514
1697 1070 2722 1514
1697 1070 2278 1436
1697 1070 2069 1436
2800 835 3263 1103
0 0 1964 2017
0 0 1064 1560
2376 1801 2513 2069
1925 1175 2722 1514
1148 0 1357 815
300 770 1964 2017
300 1403 1664 2017
1925 1175 2722 1501
1925 1175 2565 1501
0 0 1064 1429
1925 1233 2232 1501
1925 1266 2232 1501
1259 770 1964 1599
1840 1109 2128 1246
1090 1423 1481 1677
1090 1423 1481 1631
0 0 1057 1259
0 0 1037 1259
2141 1175 2565 1501
1181 0 1494 378
959 0 1305 1507
2395 1207 2722 1396
0 0 1005 913
0 0 1005 894
0 0 1005 770
0 1161 443 1462
0 1161 424 1462
2069 1266 2232 1501
1272 0 3263 1671
2284 1207 3113 1671
2284 1214 3113 1671
0 476 424 913
0 992 3263 2448
1272 0 3263 1403
1011 0 1305 1507
1011 0 1240 1507
1090 522 1233 815
1148 0 1299 815
1011 0 1188 1057
2558 1214 3113 1671
2558 1227 2722 1553
2278 992 3263 1403
2637 992 3263 1403
0 737 731 1148
254 567 770 1057
1272 0 3263 1266
52 737 731 1148
1762 1364 2095 1573
1762 1364 1945 1566
2278 1011 2904 1214
1005 2128 1207 2376
2839 1991 3055 2376
1148 235 1299 815
2839 1991 3055 2304
580 1821 913 2134
1168 822 1305 1488
1037 0 1188 626
1148 235 1299 802
1011 254 1181 1057
2918 287 3263 620
2963 287 3263 620
2963 287 3218 620
1390 2036 1625 2291
0 1161 287 1462
1044 822 1240 1507
1044 1044 1240 1507
300 1403 1037 1925
169 2102 528 2330
1024 541 1181 1057
3015 992 3263 1194
2043 2265 2199 2448
2637 1031 3263 1403
1272 0 3263 1116
1788 829 2245 1109
1083 1051 1240 1507
1762 1436 1945 1566
483 842 1037 1259
2944 1756 3263 2448
1259 1044 1834 1599
2950 1756 3263 2448
1272 0 2741 1116
0 992 2996 2448
0 992 1194 2448
261 1769 1194 2448
0 496 287 913
2624 1214 3113 1671
2337 110 3263 1031
2578 372 3126 776
724 1383 2996 2448
724 1625 2996 2448
0 992 796 2448
0 992 365 1181
1742 1945 1991 2141
685 1769 1161 2154
2558 580 3263 1031
2337 110 2891 652
2415 110 2891 652
659 235 1037 868
659 235 1024 659
2337 306 2565 626
2807 1031 3263 1403
2643 2258 2931 2448
1788 855 2036 1090
685 1801 998 2154
1344 724 1769 1116
0 998 796 2448
0 1566 567 2448
2356 1011 2904 1214
0 998 796 1756
1272 0 2741 1083
1272 228 2741 1083
1710 228 2741 1083
1834 607 2604 1083
2017 1625 2996 2448
2075 1625 2996 2448
2075 1625 2944 2448
1710 228 2741 1018
0 1677 567 2448
0 1677 483 2448
0 1677 437 2448
1834 607 2330 1051
280 998 580 1344
724 1886 2095 2448
829 1886 2095 2448
0 1677 437 2350
1272 248 1932 1037
2402 1625 2944 2448
1710 228 2500 835
2075 1886 2552 2448
1259 1083 1638 1599
829 2062 2095 2448
829 2108 1912 2448
2271 541 2741 1018
829 2108 1762 2448
2872 1031 3263 1403
2402 1899 2800 2448
1051 2108 1762 2448
1051 2108 1618 2448
0 1292 796 1756
0 1312 580 1756
2487 1899 2800 2448
0 1677 437 2180
1051 2212 1618 2448
3133 2310 3263 2448
1631 2297 1912 2448
829 2297 1077 2448
2774 2278 2931 2448
2643 2258 2872 2448
1651 2252 1873 2408
163 2252 483 2448
1370 2232 1618 2448
1051 2212 1383 2448
1005 2212 1142 2376
2115 2199 2441 2448
0 2147 267 2448
2487 2141 2722 2448
2402 2128 2578 2448
2741 2115 2898 2363
1573 2108 1762 2448
1194 2108 1468 2421
189 2102 528 2317
97 2069 293 2239
2663 2062 2813 2415
1873 2062 2095 2448
737 2010 887 2154
2918 1991 3055 2291
0 1991 176 2350
1827 1945 1991 2141
2474 1925 2696 2088
2643 1899 2800 2239
143 1899 306 2062
2075 1886 2552 2382
1142 1886 1605 2212
580 1886 848 2134
26 1880 437 2180
32 1867 195 2010
2787 1847 2996 2239
1142 1840 1312 2062
672 1821 913 1951
261 1814 1194 2448
2376 1801 2513 2010
685 1801 998 2108
959 1769 1161 1951
2911 1690 3159 2043
0 1677 345 2010
2604 1625 2944 1938
920 1586 1122 1736
796 1586 985 1834
391 1579 548 1742
920 1521 1664 2017
1775 1468 2696 2095
2023 1449 2317 1631
1279 1423 1481 1599
417 1410 574 1547
3133 1403 3263 1703
2624 1403 2878 1671
685 1390 848 1560
1507 1383 1919 2369
0 1364 580 1756
2284 1318 2591 1547
39 1312 359 1488
822 1305 1064 1494
0 1305 195 1462
430 1292 796 1560
2983 1286 3263 1847
926 1286 1064 1462
2395 1266 2585 1396
2258 1246 2506 1449
1259 1246 1638 1599
261 1246 437 1377
2558 1227 2689 1553
1795 1227 2004 1436
1083 1227 1240 1507
1991 1220 2180 1423
2689 1214 3113 1671
2643 1207 2800 1455
665 1207 1064 1429
208 1201 424 1429
2141 1175 2395 1501
0 1161 287 1318
1658 1155 1834 1325
372 1155 580 1344
150 1155 398 1292
2807 1122 2944 1305
2891 1116 3263 1403
1951 1109 2128 1246
1449 1096 1631 1266
1279 1083 1514 1357
2278 1077 2415 1207
1697 1070 2069 1233
809 1064 1057 1279
2637 1051 2852 1253
2356 1051 2735 1214
1455 1044 1834 1436
646 1044 802 1181
2872 1031 3139 1207
1168 1031 1305 1488
2643 1011 2904 1201
280 998 509 1168
0 992 169 1181
2128 985 2330 1181
483 979 881 1259
0 868 332 1077
2297 855 2604 1083
1853 855 2036 1031
254 848 731 1148
907 842 1057 1246
665 842 1037 1109
561 842 783 1051
2800 835 3263 1037
1984 829 2245 1109
2115 822 2330 1051
1344 822 1671 1116
365 796 770 1057
1579 770 1964 1096
2558 763 3263 1031
52 737 424 907
1586 724 1769 913
1233 646 1370 1227
1286 626 1671 1037
718 613 1037 868
2428 607 2741 829
1834 607 2173 855
1638 607 1782 744
2950 600 3126 776
2624 580 2989 783
3009 574 3263 776
254 567 600 835
110 567 274 718
2271 541 2689 1018
1024 541 1181 868
2128 522 2337 652
0 522 287 913
0 496 208 685
456 483 815 894
195 476 424 731
763 463 1024 659
1370 424 1664 776
2970 411 3218 620
2500 411 2709 652
2578 372 2957 691
0 359 202 528
2337 306 2565 463
1710 306 2500 835
2630 293 2813 496
176 287 724 770
1808 274 1945 463
1272 248 1932 711
483 241 678 385
1148 235 1299 554
659 235 1018 548
1958 228 2304 528
1181 221 1377 378
2030 130 2356 378
2415 110 2891 463
2846 58 3028 274
1292 0 1631 345
1279 0 1494 228
0 0 1005 515
926 0 1377 1540
0 0 1481 2448
2069 1266 2363 1514
920 0 3263 2448
926 0 1370 1540
1259 0 3263 1631
920 1083 3263 2448
0 0 1312 2448
868 1423 1481 1736
926 0 1305 1540
1762 985 2800 1631
959 0 1305 1540
1762 1096 2800 1631
130 365 424 731
1762 1364 1893 1566
1938 1096 2800 1631
1259 0 3263 1599
1938 1175 2800 1631
0 1201 1312 2448
0 1246 1312 2448
2918 496 3126 776
1233 548 1370 1227
2604 1083 3263 2448
868 1553 1122 1736
685 1305 1064 1560
940 1423 1481 1677
0 0 1064 1488
0 1292 1312 2448
1279 0 3263 1253
1279 0 3263 567
1710 110 3263 1253
2585 293 2813 496
881 842 1057 1246
0 1292 1194 2448
261 1246 443 1436
1991 1175 2800 1553
940 1488 1423 1677
940 1488 1423 1631
1259 248 2245 1599
2141 1175 2800 1553
2604 1116 3263 2448
1011 0 1188 1286
1011 254 1181 1286
1697 1011 2069 1436
1938 1449 2317 1631
0 359 274 718
1083 822 1305 1507
1083 822 1279 1507
2258 1201 2800 1553
0 359 208 685
2258 1201 2565 1449
450 2271 594 2448
2284 1207 2800 1553
920 1383 2800 2448
1742 1468 2800 2448
143 1834 391 2062
2558 1207 2800 1553
1775 1468 2800 2448
2474 1925 2696 2180
2278 411 3263 1253
2278 855 2735 1214
2278 855 2604 1207
920 1383 2095 2448
2558 411 3263 1253
0 522 1064 1488
483 979 1064 1429
3133 2160 3263 2448
1272 248 2245 1116
1586 607 1782 913
672 1586 1161 2154
2774 2278 2950 2448
1631 2252 1912 2448
2558 574 3263 1253
2637 1011 3139 1253
2637 1011 2904 1253
0 0 1037 1109
1279 0 1631 345
724 2297 1077 2448
672 1586 1161 2108
672 1586 998 2108
672 1586 985 1951
1710 110 2989 1051
1710 130 2500 1051
2017 1938 2441 2448
2604 1625 3263 2448
2558 574 3263 1037
2624 1116 3263 1847
0 522 731 1488
0 737 731 1488
0 992 580 1488
150 1155 580 1344
1710 130 2500 855
2271 110 2989 1018
2643 2062 2898 2448
456 463 1037 1109
0 992 359 1488
2643 2062 2872 2448
2415 110 2989 783
1710 228 2500 855
0 1677 1194 2448
2500 411 2989 783
1344 770 2245 1116
1579 770 2245 1109
0 1677 528 2448
1579 770 2036 1096
2558 763 3263 1037
0 1991 483 2448
2891 1116 3263 1847
0 1161 359 1488
0 737 731 1168
456 483 1037 1109
2271 437 2741 1018
0 848 731 1168
2415 110 2957 691
0 1292 1037 1925
2075 1886 2800 2448
1507 1383 2095 2448
920 1521 1762 2448
0 2147 483 2448
456 483 1037 894
1272 248 1932 776
2604 1625 3055 2291
1051 1886 1762 2448
2075 1886 2722 2448
2402 2128 2722 2448
1710 306 2500 855
0 848 731 1148
2604 1625 2996 2239
809 1044 1103 1279
0 339 665 861
430 842 802 1181
574 0 1449 1729
574 979 1122 1540
1534 1396 3055 2448
1697 920 3028 1501
1795 920 3028 1501
913 0 1449 1729
1795 1116 2532 1501
1795 1116 2363 1501
913 0 1370 1507
2226 1227 2787 1612
2226 1227 2722 1612
0 339 372 744
913 1468 1449 1729
2128 920 3028 1377
2643 1201 2833 1377
1214 0 3263 1357
1259 0 3263 1357
1534 1410 3055 2448
2128 920 3028 1305
0 0 1051 1194
130 0 1051 1194
913 0 1370 1501
2284 1227 2722 1592
0 267 3263 2448
1122 1423 1481 1631
1795 1220 2232 1501
1618 267 3263 1292
913 0 1344 1501
3015 907 3263 1116
574 979 1064 1494
130 0 1037 1168
1259 0 3263 1129
0 822 3263 2448
2676 1031 3263 2448
2676 1031 3263 1925
2676 1240 3263 1925
0 822 2735 2448
1449 1148 2735 1631
0 0 1005 548
130 0 1037 1083
0 822 2199 2448
1618 267 3263 1122
1011 0 1344 1501
1618 287 3263 1122
0 1246 2199 2448
0 1246 1932 2448
0 822 985 2010
1618 287 3263 1083
1011 0 1344 1057
1011 0 1181 1057
1651 1201 2735 1631
1651 1201 2722 1631
1011 78 1181 1057
1037 802 1181 1057
1037 0 1168 535
1449 1148 1899 1455
1103 0 1344 678
1651 1227 2585 1631
1566 1938 2199 2448
1618 293 3263 1083
202 718 724 1168
1175 809 1305 1501
1618 306 3263 1083
1103 0 1344 522
0 900 985 2010
613 1272 855 1560
2891 1031 3263 1403
1651 1364 2402 1631
2572 293 2891 574
2709 1756 3263 2448
2950 287 3263 776
0 1305 359 1488
1279 1083 1723 1357
0 900 502 1181
0 900 502 1161
1736 1416 2402 1631
2891 1031 3231 1403
1690 1938 2199 2448
1690 1938 2160 2448
0 1155 985 2010
2709 2108 2950 2448
835 2291 1077 2448
2709 2278 2950 2448
437 2271 607 2448
1566 2265 1729 2448
0 2219 280 2448
2036 2199 2199 2448
2741 2108 2898 2363
97 2082 274 2239
1103 2062 1286 2304
953 2043 1090 2199
1814 1945 2049 2141
685 1808 998 2082
2780 1801 2944 1945
2904 1756 3263 2448
293 1716 437 1932
2069 1658 3055 2448
913 1586 1292 1729
2043 1449 2402 1631
2604 1442 2944 1938
1344 1423 1481 1612
1736 1416 2095 1579
1534 1410 2696 2121
900 1403 1031 1540
659 1403 855 1560
1991 1312 2147 1488
861 1305 1064 1494
613 1272 802 1410
0 1266 985 2010
1096 1259 1227 1475
2284 1227 2722 1547
2206 1227 2585 1507
1795 1227 2043 1475
2010 1220 2232 1501
2643 1214 2793 1377
2702 1201 2833 1364
2350 1201 2532 1338
208 1201 476 1494
1658 1155 1821 1325
215 1155 659 1377
2891 1148 3231 1403
2141 1116 2363 1436
1951 1109 2128 1292
1383 1090 1723 1266
3022 1083 3185 1279
1279 1083 1605 1357
2030 1077 2245 1214
1697 1070 2069 1318
913 1057 1142 1416
2898 1031 3139 1207
313 1011 502 1161
594 992 802 1181
574 979 959 1462
2128 946 2944 1305
3133 907 3263 1037
0 900 365 1161
887 868 1051 1194
705 855 1037 1083
430 842 783 1057
2004 815 2356 1070
2415 783 2591 920
202 763 724 1168
287 718 437 900
456 652 763 861
0 652 391 887
1286 580 1782 1129
254 561 665 861
0 496 215 685
1148 443 1279 678
1214 417 1351 639
2572 378 2728 574
2585 293 2891 496
1142 117 1344 522
1259 0 3263 868
130 0 1037 985
0 0 1370 2010
0 998 3263 2448
1259 0 3263 1475
913 0 1370 1540
0 0 1064 2010
1534 998 3263 2448
913 0 1344 1540
868 1423 1481 1729
868 1468 1449 1729
1645 998 2793 1612
1951 1109 2793 1612
1991 1116 2793 1612
1645 998 2304 1142
2010 1116 2793 1612
1645 1005 1853 1142
110 1011 502 1494
150 1011 502 1494
150 1142 476 1494
2807 907 3263 1116
2807 920 3172 1116
2010 1116 2793 1547
1011 0 1344 1540
1534 1031 3263 2448
913 1468 1449 1645
868 1553 1292 1729
2010 1116 2735 1547
2604 1031 3263 2448
2010 1116 2722 1547
0 992 1064 2010
0 992 985 2010
0 0 1057 1462
0 0 1037 1462
1279 306 3263 1475
1279 580 2069 1475
1024 0 1344 1501
1024 0 1305 1501
1024 0 1181 1057
0 359 221 685
861 1305 1064 1540
1024 0 1175 868
1090 809 1305 1501
1090 809 1279 1266
2793 287 3263 796
3022 1031 3263 1344
3022 1031 3263 1279
1618 306 3263 1403
1090 809 1279 1109
2604 1240 3263 2448
1024 0 1168 868
2141 1116 2722 1547
2206 1227 2722 1547
0 561 1037 1462
1697 1070 2069 1475
1279 580 1899 1455
1566 1658 3055 2448
1566 1938 2160 2448
254 561 763 861
1279 580 1782 1357
0 652 1037 1462
2004 815 3231 1403
0 0 1037 985
0 763 1037 1462
202 763 1037 1462
574 855 1037 1462
202 763 724 1377
2004 815 2944 1305
2604 1240 3263 1938
1625 1051 2500 1475
0 352 1090 1468
0 352 633 953
861 1436 1449 1847
2108 620 2304 815
0 0 1370 1507
1005 0 1370 1507
1037 0 1370 1507
0 496 241 802
1625 1051 2389 1468
0 352 600 835
437 842 1090 1468
1292 117 1547 365
861 1436 1449 1684
1716 1077 2389 1468
1037 0 1312 1507
0 0 1051 1188
2748 0 3263 430
874 1586 1325 1847
0 685 3263 2448
1259 0 3263 2082
0 770 3263 2448
1756 1077 2389 1468
2102 1181 2500 1475
0 685 940 1625
1795 1077 2389 1468
1037 0 1207 554
437 842 1057 1279
678 1005 1057 1279
0 0 1037 1064
1161 235 1299 802
1064 515 1312 1507
456 652 835 1005
1064 515 1253 1507
2043 2219 2441 2448
2043 2219 2232 2448
2075 2219 2232 2448
1547 1867 1906 2121
1638 1867 1906 2088
1148 822 1279 1442
1148 822 1279 1259
1991 1201 2800 1553
2095 1201 2800 1553
1834 1077 2389 1246
2010 1077 2389 1220
1064 796 1253 1507
2206 1201 2800 1553
0 352 404 835
0 979 3263 2448
1488 2265 1671 2448
2852 770 3263 1011
2957 770 3263 1011
2408 2082 2611 2310
0 2121 182 2428
0 2121 176 2317
0 352 221 567
1259 0 3263 1579
1860 2056 2108 2343
293 1677 652 2271
293 1677 652 2173
365 1690 652 2173
411 1853 646 2173
2552 554 2996 959
0 150 313 522
2363 456 2578 626
1938 483 2154 665
365 1690 652 2036
0 1638 235 2010
672 1729 985 1951
2206 1207 2800 1553
2206 1286 2591 1547
1390 2049 1534 2258
2219 1344 3179 2082
2793 979 3263 1534
1259 1103 1625 1579
515 476 815 672
1658 1155 1932 1449
0 1090 3263 2448
2395 1945 2696 2252
3042 2160 3263 2448
1064 822 1240 1507
1077 822 1240 1507
1077 1051 1240 1507
1279 0 3263 1488
0 2199 398 2448
1279 0 3224 1488
2572 411 2813 809
0 0 1037 979
2415 874 2643 1011
1142 1840 1429 2199
1142 1886 1429 2199
1932 0 2924 496
1618 815 2088 1116
1553 1429 2310 1958
1886 1429 2310 1958
1860 2056 2088 2343
169 2199 398 2350
2036 0 2924 496
2108 0 2924 496
2278 0 2924 496
2278 0 2467 313
2878 789 3185 998
2663 1527 2904 1945
1410 0 1801 443
2572 411 2780 809
2761 2258 2950 2448
0 0 1018 829
97 0 1018 829
2793 979 3263 1403
2219 1403 3055 2082
2650 1403 3055 2082
2989 789 3185 972
1886 1429 2310 1716
1292 0 3224 1488
1064 1684 1403 2075
339 1344 659 1697
776 861 1037 1064
2787 1514 3055 2082
2852 1684 3055 2082
672 1729 913 1951
1553 1436 1951 1808
0 1638 235 1925
2852 1684 3055 1938
0 1638 176 1808
1259 1246 1625 1579
1259 1246 1612 1579
339 1344 659 1645
339 1410 620 1645
2356 1051 2735 1207
2467 1051 2735 1207
2807 1286 3100 1488
0 731 940 1625
0 868 940 1625
0 868 796 1625
1279 528 1658 1233
1148 2291 1416 2448
97 0 1018 672
2350 835 3028 1488
2350 835 3028 1253
1083 1684 1403 1977
574 0 1005 228
1618 815 1958 1096
1292 0 3224 1194
0 1161 287 1625
1410 0 1658 443
2441 0 2924 496
2441 0 2891 496
3028 208 3263 600
1410 0 1631 274
1344 1351 1612 1579
2350 835 3028 1077
2350 835 2937 1077
1638 430 2088 744
2441 0 2891 463
97 0 953 672
0 868 796 1462
0 868 561 1462
0 868 352 1181
2219 1494 2761 1886
2395 613 2669 835
1286 528 1658 1103
1286 646 1566 1103
1286 646 1534 1103
0 1351 1175 2448
998 2030 1175 2448
1051 1090 3263 2448
1756 1534 2134 2056
1756 1586 2134 2056
770 470 1037 979
0 1351 1161 2448
97 0 718 672
1997 842 2415 1194
1756 1749 1991 2056
1292 0 3224 1077
2075 58 3224 776
2115 58 3224 776
2441 0 2872 463
2115 58 3224 633
1279 1103 1507 1357
1292 0 2467 1077
1292 267 1801 659
1292 267 1801 548
2245 1449 3263 2448
2115 58 3224 613
2402 1449 3263 2448
2493 1449 3263 2448
1051 1090 2513 2448
1051 1494 2513 2448
1455 0 2467 1077
1051 1586 2513 2448
1997 842 2310 1155
2885 39 3263 430
1383 1090 1814 1599
0 1351 548 1977
2519 1449 3263 2448
1690 2239 2069 2448
770 633 1037 979
2519 1566 3263 2448
2519 1867 2989 2448
2337 143 3224 613
2474 143 3224 613
1631 2023 1991 2448
1455 163 2467 1077
1455 163 1925 972
1455 163 1925 835
2519 1867 2963 2448
2624 1867 2963 2363
2624 1867 2963 2121
1690 2271 1938 2448
0 1390 1161 2448
0 1775 1161 2448
182 1161 561 1462
221 0 718 672
221 248 718 672
0 1351 548 1873
2519 1977 2852 2448
2624 1977 2767 2408
0 1795 1161 2448
0 1867 724 2448
0 1867 567 2448
2663 1527 2904 1814
2813 143 3224 613
0 1351 548 1782
0 1351 483 1756
1697 287 2467 1077
0 1867 502 2448
0 1867 456 2212
0 1867 450 2212
0 1867 248 2212
1468 724 1769 972
1631 163 1925 711
2872 979 3263 1403
1449 1188 1814 1599
1449 1188 1814 1455
2474 202 2859 613
1716 430 2088 711
535 1390 1031 1899
1051 1599 2128 2448
672 1795 1161 2265
2075 1586 2513 2154
2872 1031 3172 1403
1958 287 2461 829
548 1403 1031 1899
672 1853 1161 2265
1958 287 2330 646
1958 287 2252 515
2813 143 3068 613
1631 332 1925 711
221 326 718 672
1259 1599 2128 2448
1279 1651 2128 2448
1279 1808 2128 2448
1279 1808 2062 2448
1279 2062 1625 2448
1279 2180 1592 2448
1390 1651 1906 2115
2976 1566 3263 2199
3002 1566 3263 2199
3002 1566 3263 2010
1612 1808 2062 2199
1697 620 2467 1077
97 2102 502 2448
2154 1586 2513 2004
1279 2180 1592 2382
1964 646 2467 1077
561 1403 1031 1899
1370 2297 1540 2448
2519 2291 2852 2448
1272 2291 1416 2448
437 2284 567 2448
0 2284 182 2428
274 2271 502 2448
2761 2258 2918 2448
97 2252 359 2448
1873 2239 2069 2448
554 2232 855 2448
2193 2219 2441 2448
496 2212 724 2448
1631 2199 1880 2448
1416 2186 1592 2382
1279 2180 1468 2369
2904 2173 3048 2376
2944 2167 3153 2448
3042 2160 3205 2337
0 2160 176 2317
724 2154 1011 2448
2552 2141 2722 2337
2245 2141 2434 2395
763 2141 933 2323
137 2141 365 2297
489 2134 626 2317
2408 2128 2539 2310
1051 2115 1325 2448
1547 2108 1821 2337
261 2102 502 2363
874 2075 1083 2369
1475 2062 1625 2239
1860 2056 2049 2317
2395 2030 2545 2252
1782 2023 1991 2252
1299 2023 1514 2212
574 2023 737 2271
2839 2010 2989 2297
672 2010 940 2265
1612 2004 1873 2199
169 1997 456 2199
2049 1991 2258 2376
0 1991 195 2212
2624 1977 2761 2239
881 1971 1096 2245
424 1971 646 2173
3120 1951 3263 2199
2304 1951 2474 2232
2480 1945 2696 2088
1638 1932 1788 2088
143 1919 274 2062
2787 1912 2963 2121
1547 1912 1716 2121
1142 1912 1416 2199
2075 1906 2219 2154
1958 1906 2128 2095
2976 1893 3153 2193
143 1886 450 2167
32 1873 182 2004
2624 1867 2839 2102
1742 1867 1906 2017
541 1867 776 2160
515 1867 672 2043
26 1867 248 2075
835 1853 1161 2102
411 1853 600 2115
1756 1840 1984 2056
