0 0 3024 4032
459 3161 741 3540
1096 1306 1612 2177
1628 1338 2032 2145
1628 1467 2024 2145
1943 2145 2596 3427
1612 2403 1975 3161
1612 2403 1975 3153
1096 1306 1612 2169
1096 1370 1564 2169
2024 2145 2596 3427
8 3330 249 3652
2024 2330 2596 3427
532 1145 782 1548
2798 1330 3024 1886
2024 2330 2596 3394
2257 2330 2596 3386
1080 2128 1870 3306
387 1128 604 1572
1636 2403 1975 3136
1628 1467 1959 2104
1443 1395 1685 1677
2193 56 2749 524
1128 2128 1870 3306
1137 2459 1636 3306
1137 2459 1580 3306
1128 2128 1870 2556
1128 2274 1395 2499
1282 1306 1612 2136
362 3080 637 3556
362 3080 612 3556
2024 2459 2419 3394
387 1128 580 1572
1628 1475 1959 2104
2136 2459 2370 2782
0 1532 532 3249
0 2870 314 3249
0 1532 532 3120
0 1959 532 3120
0 2153 532 3120
0 2153 532 2959
2193 112 2749 524
1943 685 2677 1645
2274 2330 2596 3386
2338 2330 2596 2733
1387 2128 1870 2556
346 0 2104 2282
1282 1306 1548 1951
2193 112 2725 499
2201 112 2725 427
2201 112 2725 403
72 2491 435 2919
2193 241 2580 499
2257 2548 2435 3378
1943 709 2677 1645
1943 709 2677 1612
1951 709 2677 1459
1137 2515 1443 3306
2032 685 2427 1080
2056 0 3024 1419
2056 0 3024 1016
1838 104 2104 419
346 0 1999 2282
0 2161 411 2959
1395 2459 1580 3282
758 2169 1120 2653
2572 2749 2733 3144
2572 2749 2733 3007
2056 0 3024 790
798 1395 1435 2765
2749 895 3024 1419
2790 1072 3024 1419
0 620 330 919
540 2403 782 2596
2790 1233 3024 1419
64 2153 532 2741
1951 1064 2580 1459
1491 2128 1870 2435
1491 2128 1749 2435
2217 0 3024 790
798 1395 1435 2532
1548 88 1790 330
2032 685 2427 1040
701 0 1064 451
0 0 862 2274
2217 1483 2467 1693
2217 96 3024 790
2459 96 3024 790
2459 427 2911 669
0 2120 3024 4032
887 0 3024 3540
1362 1524 2403 3112
2491 709 2677 1169
0 1532 274 2153
0 1645 209 2153
1491 3314 1709 3749
983 3040 1153 3273
919 2322 1120 2653
2524 2306 2935 2677
0 620 201 919
1999 1766 2403 2290
2104 1766 2403 2233
2104 1886 2265 2233
0 2161 411 2943
72 2491 435 2822
1693 1475 1959 2104
0 0 862 2145
1193 2515 1443 3265
1362 1524 2241 3112
1362 1524 1927 2370
346 169 1999 2282
346 895 1169 2282
435 895 1161 1741
499 169 1999 1241
499 758 1201 1241
701 758 1201 1241
64 2153 419 2475
0 0 846 2145
524 169 1999 967
0 2161 411 2709
1016 661 2153 1604
0 1169 346 1774
2701 96 3024 790
499 806 878 1145
2596 1427 2943 1782
1362 2016 1927 2370
911 1919 1153 2330
80 0 846 2145
258 0 790 483
2257 0 2959 395
346 1314 1169 2282
669 169 1999 967
878 169 1999 967
1016 661 1919 1604
0 0 499 766
346 1435 1048 2282
346 1653 1048 2282
346 1653 1048 2241
346 1653 895 2040
2669 1499 2943 1782
1548 2177 2241 3112
2822 2959 3024 3201
1951 1072 2507 1459
0 2120 1024 3798
2838 3128 3024 3564
1491 3443 1709 3749
0 2669 3024 4032
2628 3338 3024 3644
887 0 1822 548
1016 661 1814 1387
1725 3370 1983 3765
1725 3370 1943 3693
1290 1209 1701 1524
749 2669 1153 3386
0 2838 3024 4032
1766 3467 1943 3693
983 169 1999 967
1306 169 1999 967
1483 169 1999 967
814 758 1201 1241
1717 0 3024 3540
1717 0 2903 1830
2153 1354 2757 1830
499 854 878 1145
346 1653 749 1878
1862 1596 3024 3540
1862 1645 3024 3540
1483 169 1999 870
1483 169 1999 677
0 0 459 766
1540 169 1999 677
1540 169 1999 661
1266 2838 1983 3644
80 483 846 2145
80 483 677 2145
80 483 669 2145
0 2983 3024 4032
1233 0 1822 451
2161 1645 3024 3540
2265 3249 2669 3540
2265 3249 2572 3540
1096 3499 1370 3806
1604 3298 1838 3644
862 2669 1153 3386
2161 1645 3024 3459
983 193 1467 806
983 427 1467 806
1499 1524 1685 2080
40 2120 1024 3491
40 2798 637 3491
40 2991 443 3491
1266 2838 1983 3507
1717 0 2903 1596
2435 1008 2903 1596
145 483 669 2040
0 3572 475 4032
0 3669 467 4032
0 3669 330 4032
0 3370 427 3798
1661 249 1999 661
330 2983 3024 4032
1540 3257 3024 4032
1701 3257 3024 4032
1717 0 2878 1185
1717 0 2411 1185
1717 0 2233 1185
2330 1645 3024 3459
2330 2145 3024 3459
2330 2564 2935 3459
1717 532 2112 1185
1806 3257 3024 4032
2330 3032 2935 3459
887 0 1322 548
1806 3257 2677 3927
2241 3564 2604 4032
862 2669 1153 3153
2620 2145 3024 3096
330 2983 1669 4032
2403 2564 2685 3169
153 483 669 1822
161 483 669 1516
2370 548 2878 1048
282 2120 1024 3177
620 2983 1669 4032
645 3354 1669 4032
645 3564 1669 4032
645 3725 1419 4032
1016 661 1548 1185
1806 3257 2395 3927
1717 741 2088 1185
1749 0 2233 564
2451 1645 3024 2274
282 2120 1024 3088
645 3854 1257 4032
1016 661 1467 1185
1943 3370 2395 3927
427 2354 1024 3088
927 3854 1257 4032
645 3854 1008 4032
64 3846 330 4032
1911 3822 2322 4032
1701 3822 1951 4032
249 3814 467 4032
1274 3790 1475 4032
2241 3765 2604 4032
2540 3749 2701 4032
1016 3725 1419 4032
137 3717 306 3886
2467 3693 2628 3919
0 3669 185 3967
959 3620 1153 3790
1943 3588 2395 3927
2620 3572 3024 4032
249 3572 475 3846
2265 3564 2548 3773
1330 3564 1669 4032
2757 3556 3024 3733
1540 3532 2104 4032
1491 3532 1709 3749
1177 3515 1370 3773
330 3499 1056 4032
0 3483 249 3798
2532 3451 2717 3725
2338 3443 2677 3894
2628 3411 2846 3596
798 3411 1048 3604
2362 3378 2572 3540
2048 3370 2274 3806
137 3370 427 3636
1249 3354 1580 3701
2701 3338 3024 3644
2120 3338 2378 3773
8 3330 209 3652
1604 3298 1838 3515
1403 3282 1604 3483
419 3265 612 3556
1806 3257 2104 3661
435 3257 637 3507
2838 3249 3024 3564
2265 3249 2475 3435
1266 3249 1532 3507
580 3169 741 3443
0 3169 177 3483
459 3161 709 3540
2330 3120 2935 3459
362 3080 572 3403
749 3056 951 3233
2636 3032 2935 3290
612 3024 838 3217
282 3015 443 3241
620 2983 1378 3644
580 2927 766 3177
1233 2903 1419 3298
0 2870 314 3185
1459 2838 1983 3411
0 2822 209 3120
862 2798 1104 3153
314 2798 637 3249
2403 2782 2685 3169
443 2709 782 3048
0 2685 258 2943
927 2669 1153 3056
322 2644 499 2814
2274 2620 2499 3386
1943 2596 2282 3354
2467 2564 2653 2846
2024 2556 2419 3394
2257 2548 2435 3217
2145 2524 2370 2782
1193 2515 1387 3225
72 2507 395 2822
1612 2475 1927 3153
2136 2459 2314 2653
1395 2459 1580 2725
1137 2459 1419 2644
2620 2443 3024 3096
1636 2403 1919 3128
32 2354 411 2709
2193 2346 2507 2628
1387 2346 1572 2556
2338 2330 2596 2604
1548 2322 1814 2733
919 2322 1112 2604
2524 2306 2814 2677
1201 2274 1395 2467
1128 2274 1314 2499
104 2209 322 2483
2596 2185 2765 2427
1798 2177 2241 3112
758 2169 1080 2572
241 2169 516 2532
0 2161 241 2564
64 2153 403 2370
2749 2145 3024 2814
2153 2145 2330 2403
2338 2136 2636 2370
1580 2128 1749 2435
282 2120 838 2483
911 2088 1153 2330
1636 2048 1927 2322
1362 2016 1717 2370
395 2007 717 2274
0 1959 209 2370
201 1935 451 2249
2757 1919 2951 2120
983 1919 1153 2112
1048 1886 1435 2532
637 1886 846 2145
701 1878 1048 2241
2451 1846 2951 2274
80 1846 274 2145
322 1814 677 2120
2161 1782 2540 2395
1693 1782 1878 2104
2201 1766 2403 2088
145 1741 628 2040
637 1669 895 2040
459 1653 749 1878
2725 1645 3024 1991
1862 1645 2362 2161
0 1645 209 1967
2306 1636 2725 1959
1991 1596 2225 1798
2669 1588 2838 1782
96 1532 274 1717
1499 1524 1685 1806
2669 1499 2943 1717
2217 1483 2378 1685
1757 1475 1959 2032
1693 1467 1862 1846
1120 1467 1354 2177
1112 1459 1306 1838
435 1459 741 1741
661 1435 919 1790
2274 1403 2757 1830
798 1395 1225 2040
153 1362 524 1822
2153 1354 2338 1685
2798 1330 3024 1693
1330 1322 1548 1951
1403 1314 1701 1524
919 1314 1169 1499
685 1314 951 1540
1943 1290 2201 1612
1128 1282 1338 1451
1290 1209 1564 1403
1886 1169 2153 1411
2435 1161 2903 1596
1951 1145 2507 1459
532 1145 749 1548
1080 1137 1274 1387
387 1128 580 1540
1604 1112 1919 1604
2193 1072 2362 1266
2346 1064 2580 1362
1991 1016 2274 1201
2532 1008 2814 1290
1024 1008 1201 1241
2515 959 2677 1169
1161 935 1814 1387
1128 927 1467 1185
2064 911 2298 1080
2225 903 2403 1080
499 903 725 1145
2749 895 3024 1225
661 895 1161 1475
645 854 878 1104
1733 838 2088 1185
0 790 403 1314
814 758 1161 1088
161 758 620 1516
1717 741 2064 991
1564 741 1749 975
40 741 201 919
2233 733 2540 1064
1274 733 1548 1072
2354 717 2564 991
2032 685 2378 991
1016 661 1306 975
129 661 330 862
782 628 1040 830
620 620 846 822
1516 604 1798 870
2564 596 2878 1048
1322 588 1564 749
1177 580 1354 749
2370 548 2653 758
2798 532 3024 1016
1895 532 2112 766
1717 524 1999 846
1193 491 1467 677
2798 483 2959 790
395 483 669 983
0 483 249 766
2459 467 2757 669
2217 443 2628 669
1483 443 1749 612
2717 427 2911 612
983 427 1330 806
241 427 524 830
524 411 782 620
669 354 983 661
2338 338 2580 499
2040 330 2411 758
1661 330 1878 580
1556 330 1790 499
1814 249 1999 661
2193 241 2515 499
1306 241 1620 596
2298 233 2540 427
1838 225 2048 419
1927 209 2193 564
1193 193 1395 564
2507 169 2749 524
1540 169 1854 411
2201 137 2459 403
725 129 1064 451
2257 112 2725 395
1266 112 1475 290
2701 96 3024 604
1548 88 1725 330
983 40 1322 548
2491 0 2959 395
1749 0 2233 338
1403 0 1822 451
1233 0 1564 177
887 0 1120 217
701 0 935 217
524 0 790 395
258 0 693 483
0 0 459 661
1628 1475 2024 2145
1693 1475 2024 2145
1112 1459 1354 2177
0 1886 3024 4032
0 0 3024 3596
1636 0 3024 3596
2161 2548 2540 3427
0 0 2233 2241
1612 2403 1927 3153
2161 2548 2435 3427
1693 0 3024 3596
1096 1322 1685 2169
1814 0 3024 3596
1096 1370 1685 2169
1943 2459 2419 3394
2338 169 2749 524
1862 0 3024 3596
2217 1483 2725 1959
1822 104 2104 419
0 2822 3024 4032
1693 1338 2032 1846
0 1886 2265 3556
2338 338 2653 499
0 1886 2265 3386
1193 2515 1443 3298
2757 3556 3024 4007
1282 1193 1653 1483
0 1886 2241 3386
201 1886 2241 3386
362 3080 741 3556
362 3080 709 3556
2007 645 2628 1145
2007 685 2628 1145
919 2265 1580 3282
1943 2556 2419 3394
919 2265 1443 2765
919 2322 1145 2765
1128 2265 1443 2499
2274 2564 2540 3386
0 0 2233 1604
0 483 1274 2241
2757 3556 3024 3894
1443 1395 1685 2136
1443 1395 1685 2080
2032 685 2628 1145
1177 330 1806 749
1177 491 1564 749
1491 3443 1709 3790
878 193 1120 717
1862 0 3024 2403
201 1886 1749 3386
0 1959 532 2959
0 2161 532 2959
72 2451 532 2822
1177 491 1467 749
1387 2048 2241 3112
322 2451 532 2814
129 661 330 975
1290 1193 1653 1403
878 346 1088 717
2056 0 2725 499
2153 1588 3024 3596
2153 2145 2596 2628
2153 2145 2507 2628
2265 3564 2548 3806
2830 1072 3024 1378
2265 1588 3024 3596
2056 0 2725 427
2265 1645 3024 3596
2193 137 2515 499
2120 0 2725 427
1177 2838 3024 4032
1491 2048 2241 3112
878 427 1056 717
2798 467 3024 1016
2330 1645 3024 3596
2628 3403 2894 3596
1483 330 1806 677
1483 443 1806 677
2032 685 2540 1064
1266 2838 3024 4032
2330 1645 3024 3564
983 0 2233 1604
1524 741 1790 1088
0 0 1564 1145
2298 709 2628 1145
0 2822 1943 4032
0 2822 314 3483
0 2822 314 3249
1540 88 1854 411
1524 741 1749 975
2354 709 2628 999
1491 2177 2241 3112
2330 1645 3024 3540
2822 2959 3024 3564
2838 3015 3024 3564
2120 0 2725 395
0 2983 1943 4032
1403 3282 1943 3693
1556 3314 1943 3693
1612 3370 1943 3693
2040 0 3024 1830
758 1886 1749 2572
1540 2177 2241 3112
532 1048 766 1548
201 1935 1153 3386
0 483 1225 2241
1862 959 2814 2403
2515 959 2814 1290
201 1935 758 2282
2274 0 3024 1830
2596 1330 3024 1717
2669 1330 3024 1717
669 0 1120 217
669 0 935 217
435 895 1201 1741
282 2120 1153 3386
0 2983 1580 4032
1862 1016 2636 2403
612 3411 1048 3612
2040 330 2757 758
532 556 846 822
1862 1064 2636 2403
1362 2016 1749 2435
185 3572 580 3846
185 3572 475 3846
395 2007 758 2282
758 1886 1435 2572
225 1693 475 1862
983 427 1919 1604
1991 1016 2362 1266
1862 1064 2636 2395
1266 2838 1983 3515
0 1395 1225 2241
0 1645 274 2145
2217 443 2757 669
1330 3257 3024 4032
645 3765 1257 4032
2540 3338 3024 4032
1306 0 2233 1185
0 2991 467 4032
0 0 1564 766
499 354 1306 1145
2362 3265 2572 3540
1330 3257 2717 4032
2338 3443 2717 3894
0 3370 467 4032
64 3717 467 4032
0 483 919 1878
145 1395 1225 2241
64 3814 467 4032
282 2120 1024 3249
314 2798 838 3249
1193 112 1475 564
0 0 1564 661
2540 3572 3024 4032
1330 3257 2604 4032
1330 3257 2395 4032
1862 1064 2580 2161
2491 0 3024 612
1862 1290 2403 2161
322 1395 1225 2241
0 790 919 1878
330 2983 1580 4032
580 2927 838 3217
1306 0 2233 596
669 354 1306 1088
1862 1290 2362 2161
1862 1354 2362 2161
620 2983 1580 3701
2330 2782 2935 3459
1717 209 2193 1185
2451 1645 3024 3096
459 1435 919 1878
2274 548 3024 1830
669 354 1161 1088
2370 548 3024 1225
1306 0 1822 596
983 427 1814 1387
2161 1782 2636 2395
1943 3338 2395 3927
2524 2145 3024 3096
0 0 1322 661
322 1395 1225 2120
1717 524 2112 1185
782 628 1161 1088
1330 3532 2104 4032
2491 0 3024 604
2524 2145 3024 2814
2274 1161 2903 1830
322 1669 895 2120
330 3499 1419 4032
1016 3499 1419 4032
0 0 693 661
524 0 1322 548
0 790 524 1822
725 40 1322 548
983 427 1548 1185
0 790 403 1774
1128 733 1548 1185
266 32 427 274
1088 1427 1556 2169
0 3330 249 3652
1096 1427 1556 2169
1612 2403 1975 3225
1943 2572 2427 3419
1378 1540 1556 2104
1717 2403 1975 3144
1628 1467 1951 2104
1951 2572 2395 3386
2330 1645 2741 1999
1612 2403 1927 3161
1612 2475 1927 3161
419 3161 709 3548
419 3209 685 3548
2790 467 3024 1016
2201 64 2749 524
346 1128 604 1612
387 1128 604 1612
2072 1628 2725 3386
2072 1628 2725 2653
612 1661 1653 3306
1895 637 2556 1145
1096 1282 1612 2128
1096 1427 1491 2169
0 2153 532 3257
0 2153 532 3185
2774 1064 3024 1886
1096 1282 1491 1669
1096 1290 1354 1451
1128 2459 1580 3306
2072 1628 2725 2628
2072 1645 2507 2628
2072 1766 2507 2628
2153 2136 2507 2628
2798 0 3024 193
2274 2338 2596 3386
612 1661 1653 2765
1128 2265 1653 2588
2774 1064 3024 1693
2862 1064 3024 1378
1128 2265 1580 2588
1177 1427 1491 2120
2201 64 2741 524
612 1661 1435 2765
628 1661 1435 2765
628 1661 1411 2765
2201 120 2693 524
1895 637 2491 1145
1895 645 2491 1145
1895 661 2475 1145
2007 661 2475 1145
2007 661 2459 1080
628 1661 1411 2653
2153 2136 2378 2411
1169 2459 1580 3306
0 2209 435 2959
0 2249 435 2959
1895 693 2088 870
1645 1467 1951 2104
2774 1298 3024 1693
0 2483 435 2959
0 1193 241 1475
1161 491 1636 903
0 2483 435 2943
758 2161 1128 2653
919 2233 1128 2653
2007 749 2459 1080
0 2209 3024 4032
64 2153 532 2814
604 483 1145 862
2161 2346 2507 2628
0 2483 435 2822
1161 491 1564 903
758 2161 1032 2564
0 0 3024 3394
0 0 2378 2362
1169 2515 1459 3306
604 483 1072 862
1161 491 1467 903
0 2483 387 2822
2459 443 2959 790
1314 0 3024 3394
1314 782 2564 3112
1370 2459 1580 3249
1169 2532 1443 3306
862 2596 1161 3386
2128 0 3024 3394
0 2854 306 3370
0 0 1306 2362
862 2701 1161 3386
903 2701 1161 3386
0 0 1306 2306
2378 2733 2725 3249
1266 3249 2128 3749
1266 3249 1943 3749
1314 1507 2249 3112
1266 3249 1798 3749
1322 3249 1798 3749
0 1628 306 2362
258 0 2378 1330
0 2378 3024 4032
0 2378 1580 4032
903 2701 1161 3354
1314 2024 2249 3112
2128 0 3024 1919
0 0 443 1903
927 3088 3024 4032
1451 3088 3024 4032
2257 1540 3024 3394
2193 3249 3024 4032
927 3564 1749 4032
1128 185 2346 1330
1467 185 2346 1088
1395 782 2564 2161
32 2378 1580 4032
2193 3314 3024 4032
2193 3548 3024 4032
2483 3749 2701 3919
2193 3693 2588 4032
1008 3564 1749 4032
1693 3556 2161 4032
2540 3548 3024 4032
0 3475 306 4032
1499 3378 1798 3749
0 3330 209 3652
2265 3314 2846 3822
2733 3249 3024 3822
1322 3249 1645 3507
419 3209 637 3548
64 3128 1580 4032
1451 3088 2564 4032
903 3064 1128 3354
1169 2935 1330 3306
64 2862 322 3185
0 2854 193 3370
862 2830 1064 3144
2378 2782 2717 3249
72 2725 258 2919
951 2701 1161 3265
129 2693 370 2943
0 2685 233 2959
354 2661 572 2886
2274 2580 2483 3386
1943 2580 2427 3419
2072 2572 2395 3386
1951 2572 2346 3386
0 2540 217 2749
1201 2532 1443 3298
919 2491 1096 2653
72 2483 387 2822
1024 2475 1193 2765
2120 2467 2395 2653
1137 2467 1419 2644
1370 2459 1580 2927
32 2378 991 3669
2161 2362 2507 2628
2265 2346 2491 2524
2386 2338 2596 2757
2338 2330 2532 2564
1387 2314 1580 2588
209 2314 411 2612
1491 2274 1653 2451
1120 2257 1435 2459
919 2233 1128 2540
451 2209 838 2459
104 2209 330 2483
822 2201 1024 2564
758 2161 1032 2338
241 2161 532 2814
32 2161 379 2661
64 2153 435 2451
2185 2136 2378 2411
1685 2112 2249 3112
1314 2024 1854 2596
2862 1927 3024 2201
88 1886 306 2145
951 1854 1249 2145
2257 1846 3024 3394
2072 1766 2443 2233
628 1661 1411 2491
2330 1645 2725 1943
2274 1645 2435 1830
2265 1628 2725 1830
0 1628 241 2362
2669 1540 3024 2120
1459 1507 1669 2088
1645 1467 1919 2104
1096 1435 1387 2169
2814 1322 3024 1693
1338 1314 1612 2128
653 1306 967 1540
1096 1290 1322 1451
1209 1282 1491 1669
435 1233 1209 2024
524 1120 782 1548
2862 1064 3024 1257
1395 1016 1685 1693
1556 782 2564 2161
2007 749 2443 1080
1128 733 1709 1330
2790 661 3024 1016
0 661 443 1903
2161 645 2491 895
1467 637 1798 1088
1443 556 1636 758
1322 532 1564 749
0 516 322 975
2193 499 3024 1919
1161 491 1467 814
661 483 1072 862
2790 459 2959 790
96 459 1306 2306
2459 443 2806 661
241 419 524 822
2225 298 2572 516
1548 185 2346 846
2354 64 2741 427
2128 0 3024 612
645 0 935 217
258 0 2378 717
0 0 435 766
1330 1540 1604 2169
1620 1467 2024 2185
0 2330 3024 4032
0 0 3024 3733
0 0 1612 3733
0 3088 3024 4032
258 0 3024 3394
0 0 1443 3733
1943 2330 2596 3419
258 0 2741 1088
1128 0 3024 3394
1096 1282 1612 2169
2274 1645 2741 1999
1645 1467 2024 2145
2274 1645 2725 1943
64 2153 435 2741
64 2153 435 2612
258 0 2693 1088
1943 2338 2596 3419
72 2661 572 2943
1943 2572 2483 3419
1128 491 2564 3144
2072 0 3024 3394
1096 1314 1612 2169
1943 2580 2483 3419
1177 1314 1612 2128
129 2661 572 2943
1128 2515 1459 3306
395 1128 604 1612
258 0 2411 1088
395 1128 596 1612
2120 2136 2507 2653
0 0 1411 2491
0 2128 1443 3733
1128 491 2564 2161
919 2233 1443 2765
919 2467 1419 2765
2161 2136 2507 2628
0 2128 1161 3733
1314 1507 2290 3144
1024 2467 1419 2765
2007 749 2475 1145
2185 2136 2491 2524
1314 1507 2249 3144
258 0 2378 1088
612 2128 1056 2604
612 2128 1032 2338
0 0 524 2362
0 2161 1161 3733
1766 3467 2128 3709
1862 3548 2128 3709
2128 0 3024 2201
2790 459 3024 1016
2790 459 3024 790
0 2161 1161 3669
0 2161 387 3370
0 2483 387 3370
0 2685 322 3370
64 2862 322 3257
32 2161 1161 3669
1314 2024 2249 3144
0 0 443 2362
822 2201 1056 2604
1201 2515 1459 3298
0 2685 233 3370
0 3128 1645 4032
96 459 1411 2491
2588 1064 3024 2201
1266 3249 1645 3507
2588 1169 3024 2201
0 0 443 2145
2588 1169 3024 2120
2669 1169 3024 2120
2814 1169 3024 1693
1008 3088 3024 4032
0 3128 1580 4032
32 2209 1161 3669
2072 1766 3024 3394
862 2701 1161 3354
435 1233 1411 2491
32 2209 991 3669
1008 3088 2564 4032
1128 491 1709 1693
1008 3378 2161 4032
1128 733 1709 1693
2128 0 3024 661
2193 3314 2846 4032
1499 3378 2161 4032
0 0 435 975
1620 1338 2040 2153
1620 2395 1975 3161
1693 2395 1975 3153
1112 1290 1612 2177
830 2265 1588 3306
1951 2128 2596 3411
1620 2475 1919 3161
387 1128 782 1564
387 1128 596 1564
1620 1459 1935 2145
2007 2128 2596 3411
2153 2128 2596 3386
241 411 524 830
0 3330 225 3701
2185 2330 2596 3386
1854 1338 2040 2153
1169 1290 1612 2177
1112 1411 1548 2169
