0 0 2364 4208
0 117 791 2036
622 0 2364 1708
1447 1969 2364 3341
0 1977 2036 4208
370 3896 597 4140
0 1506 1725 2583
353 2322 2364 4208
1035 2322 2364 3408
353 2895 2364 4208
0 0 2364 3231
168 715 2364 3231
1969 1455 2364 2078
1035 2322 1725 3055
1868 0 2364 732
1876 0 2364 732
168 757 2364 3231
0 0 1035 1152
0 1944 1725 2583
521 3055 2364 4208
0 1506 412 2104
521 3055 2204 4208
353 2895 782 3349
168 757 2364 2524
100 294 1035 1152
521 3055 2137 4208
1035 2322 1700 3055
151 1944 1725 2583
824 1792 2188 3231
1910 513 2137 732
1035 2373 1700 3055
1599 3307 2137 4208
2028 3299 2364 3837
521 3055 1868 3972
1161 2322 1565 2625
1035 2373 1700 2911
850 3635 2011 4157
1144 3635 2011 4157
1439 2827 2364 3408
1472 3635 2011 4157
1641 3307 2137 4022
1035 2440 1700 2911
1136 2440 1700 2911
1354 2440 1700 2911
1801 3012 2364 3408
1599 3846 1960 4208
1632 3829 1960 4157
1742 3778 2120 4022
1708 3677 2364 4208
850 3660 1169 3921
2104 3644 2364 3837
799 3644 1346 3972
1472 3635 2011 3972
530 3400 749 3837
1641 3307 2137 4006
2028 3299 2364 3711
2003 3181 2204 3374
1758 3172 2061 3458
1927 3088 2272 3366
530 3063 698 3282
521 3055 1868 3921
1371 2928 1918 3113
353 2903 648 3349
504 2895 782 3214
1439 2827 1851 3055
1144 2718 1548 3055
1001 2634 1287 2979
1136 2541 1498 2886
1035 2482 1245 2768
471 2415 908 2794
2053 2381 2364 3341
1068 2373 1262 2566
1186 2322 1565 2625
1161 2322 1338 2575
1312 2280 1725 2583
1514 2137 2179 2583
1312 2003 2188 3231
1447 1969 2255 2449
151 1944 1422 2575
0 1944 378 2162
2104 1843 2364 2078
824 1792 1338 2449
917 1733 2120 2457
757 1683 1455 2095
1439 1657 1716 2003
934 1540 1371 1935
168 1506 749 2280
92 1506 412 1944
1969 1455 2364 1927
1001 993 1439 1346
100 875 454 1152
193 757 2364 2524
875 715 1447 1346
1927 521 2104 715
1750 378 1927 555
345 294 1035 976
774 252 959 420
1868 42 2061 244
2146 0 2364 210
1876 0 2364 698
0 0 883 555
0 0 690 547
1371 2432 2364 3408
757 1683 2255 2583
0 1506 2364 4208
0 1977 2364 4208
1371 2827 2364 3408
0 0 2364 3341
168 757 2364 3341
757 1683 2179 2583
757 1683 2120 2457
0 0 2364 2078
1506 3172 2364 4208
1506 3181 2364 4208
622 0 2364 2078
1136 2322 1700 3055
1708 3299 2364 4208
0 0 1035 2036
1506 3181 2204 4208
1136 2322 1565 3055
1868 0 2364 698
353 2895 2011 4157
353 2895 1868 3921
824 1792 2364 3341
0 0 883 2036
1506 3307 2137 4208
1136 2541 1548 3055
471 2415 908 2844
1708 3644 2364 4208
850 3660 1489 4006
0 0 2364 3408
816 1784 2364 3341
0 0 2364 2558
0 1977 2061 4208
252 0 2364 1927
345 0 2364 1927
0 1927 2364 3408
1001 2322 2364 3408
0 1927 1725 2558
1001 2322 1725 3055
1001 2339 1725 3055
1001 2339 1725 2920
1506 2911 2364 3408
1506 2911 2364 3391
370 3896 555 4140
1599 3837 1952 4208
984 3795 1346 3989
1969 3719 2171 4022
993 3694 1506 3947
1439 3635 2011 4115
1641 3307 2137 3980
1758 3223 2061 3458
1927 3088 2364 3408
521 3063 698 3290
521 3055 2120 4208
378 3012 648 3416
1657 2979 2364 3391
597 2895 782 3198
690 2423 883 2844
1001 2373 1262 2752
1094 2339 1725 2920
1152 2322 1565 2625
833 2272 1725 2558
403 2146 1035 2575
1590 2061 2255 2449
0 1927 976 2482
2104 1868 2364 2078
1725 1237 2053 1733
1405 1203 1632 1413
605 908 807 1102
875 723 1439 1354
1910 446 2154 723
1750 378 1927 547
252 252 984 1136
0 117 2364 2558
2087 0 2364 454
1876 0 2078 260
378 0 883 294
0 0 706 563
0 1927 1725 2575
0 1784 2364 4208
1641 3181 2204 3980
0 0 2364 1927
378 3012 2364 4208
1094 2322 1725 3055
1094 2339 1725 3055
0 0 883 563
816 2238 1077 2592
1455 3248 2011 3517
1439 3105 1910 3307
244 3728 757 4208
892 0 1489 294
1270 269 1826 1144
1523 3997 1834 4208
1615 420 1868 715
1455 2440 1792 2911
1455 2440 1792 2836
0 2853 1009 3307
0 2853 942 3265
0 2853 807 3265
218 2853 807 3265
16 1969 2364 3602
715 2449 2364 3602
816 2575 2364 3602
816 2575 2364 3517
16 1969 883 2684
1270 698 1826 1144
1523 765 1826 1144
0 850 336 1195
959 3357 2364 4208
1548 3357 2364 4208
1548 3357 2171 3761
1935 2255 2364 2642
892 2701 2364 3517
1287 2920 2364 3517
1599 3357 2171 3745
1043 3198 1472 3602
1043 3198 1472 3467
1582 3433 2364 4208
1582 3610 2364 4208
269 109 967 976
1582 3610 2364 4157
1674 3610 2364 4157
1674 3610 2364 4081
16 1969 690 2348
1969 841 2364 1691
2003 1245 2364 1691
218 2903 471 3265
2112 378 2364 757
2003 1363 2364 1691
269 109 807 976
420 109 807 799
2129 1742 2364 2204
1439 2920 2364 3517
1439 2920 2364 3425
1439 2920 2095 3408
0 0 2364 3357
0 0 2364 2524
908 1203 2364 2524
908 1203 2238 2129
0 2078 2104 4208
0 0 2364 2398
1245 92 1742 521
1245 168 1742 521
1152 0 1615 286
0 227 2364 3357
0 1119 951 2482
0 1119 496 1859
109 1388 496 1859
1826 3433 2364 3703
0 1405 951 2482
117 1826 951 2482
488 1826 951 2482
269 513 580 976
269 513 580 942
1683 2238 2364 3122
1683 2238 2053 3038
1683 2238 1960 3038
1893 3610 2364 3972
690 2019 951 2482
1994 2432 2364 3122
0 2575 2104 4208
547 2575 1203 3332
547 2575 1060 3046
0 227 1716 2911
0 227 1716 2491
1068 1918 1716 2491
1127 2558 2364 3357
0 2895 2104 4208
0 2078 715 3139
1388 1641 2364 2524
1388 1641 2322 2474
1986 3888 2364 4157
2053 3888 2364 4149
892 185 1531 934
925 185 1346 706
605 3627 816 3837
0 227 1161 2390
1052 2356 1624 2911
1052 2381 1624 2911
1969 841 2364 1397
1388 1641 2255 2440
462 1548 656 1927
0 2895 1918 4208
0 2895 1742 4208
193 2895 1742 4208
0 2364 302 2760
1052 2381 1556 2911
1119 2482 1556 2911
387 1178 1161 2390
555 1354 1161 2390
387 1178 656 1599
706 3677 993 4157
1186 1203 2238 2129
1186 1203 2045 1994
1186 1203 1826 1750
193 2970 1742 4208
193 3122 1742 4208
0 227 605 1523
0 3282 605 4208
1540 0 2364 1178
850 1750 1161 2390
1641 2558 2364 3357
193 3122 1371 4208
269 3130 1371 4208
269 3248 1371 4208
0 1405 227 2129
1540 0 2364 1127
917 1784 1161 2390
1472 1683 2255 2440
1119 2482 1472 2878
0 227 605 1329
555 1354 925 2238
908 1371 1363 1927
0 3282 530 4208
1674 3686 2120 4081
555 1354 883 2045
555 1354 799 1716
0 0 2272 2398
260 774 2272 2398
260 774 1952 2398
648 774 1952 2398
648 774 1371 1599
648 1043 934 1599
690 1178 934 1599
942 782 2272 1935
765 1413 1952 2398
0 0 1211 967
269 3290 1371 4208
850 3795 1371 4208
967 3879 1371 4208
1641 2558 2339 3357
1641 2558 2045 3122
1413 269 1809 732
942 782 2137 1599
1657 774 2095 1178
1657 774 1977 1178
269 3290 959 3812
260 917 782 1296
1624 3862 1918 4191
1237 1203 1826 1750
1657 774 1944 1178
875 3534 1195 3787
2061 2457 2364 3122
1152 0 1615 260
782 774 1371 1523
917 1565 1952 2398
850 1750 1018 2364
1068 1918 1548 2491
1195 1952 1548 2381
412 1060 782 1296
1927 0 2364 446
1952 2844 2339 3357
765 1413 967 1784
1540 0 2364 917
1582 0 2188 732
1472 1683 2188 2398
1607 1784 2188 2398
1649 1784 2188 2398
1733 1893 2188 2398
1001 1413 1363 1927
1969 841 2314 1186
1641 1102 2137 1422
0 3282 336 4064
1817 1405 2272 1935
1195 1952 1422 2381
1540 614 2364 917
1767 1624 2045 1994
807 951 1371 1523
1742 0 2188 732
1801 2684 2045 3122
1742 0 2036 353
892 496 1531 934
1758 311 2188 732
2087 967 2364 1397
0 0 1035 547
673 269 1035 547
496 530 1211 967
1001 1413 1321 1876
942 782 1977 1599
0 0 934 437
1338 3879 1742 4208
1279 3307 1657 3804
925 185 1346 488
0 227 605 984
1363 1952 1952 2398
1716 4031 2104 4208
1455 1455 1826 1750
1052 1548 1321 1876
185 0 934 437
530 3290 959 3812
2095 2499 2364 3122
2171 2533 2364 3122
656 3206 1262 3669
656 3206 1052 3534
0 2272 715 3139
1354 875 1977 1599
185 0 706 437
807 951 1371 1363
84 227 605 774
942 185 1346 488
0 2381 715 3139
0 3282 336 4048
732 2693 1060 3046
0 3972 201 4208
664 3820 984 4208
0 2457 715 3139
0 2457 622 3139
210 2457 622 2726
0 2600 361 3139
0 3282 336 3745
319 2659 715 2945
2036 4031 2364 4208
1876 4031 2104 4208
706 4014 984 4208
1548 3997 1834 4208
336 3980 605 4208
100 3972 530 4208
1708 3963 1918 4191
2053 3896 2263 4149
2120 3888 2364 4123
1338 3888 1582 4208
1455 3879 1742 4081
1052 3879 1371 4208
462 3879 757 4208
0 3854 244 4064
850 3795 1169 4048
1481 3745 1716 3921
1843 3728 2120 4081
959 3728 1548 3997
244 3728 563 4031
0 3694 302 4048
1674 3686 1969 3963
706 3677 917 4014
2137 3652 2364 3972
959 3618 1195 3787
1893 3610 2221 3888
244 3610 513 3888
765 3585 959 3812
0 3585 176 3753
429 3543 732 3930
875 3534 1068 3719
1279 3526 1506 3804
1548 3467 1859 3761
2129 3433 2364 3703
1136 3433 1304 3795
269 3433 547 3703
1253 3416 1472 3602
92 3416 336 3745
0 3408 176 3602
1599 3391 1944 3745
1876 3357 2171 3610
690 3357 1018 3618
1363 3307 1657 3677
1026 3307 1262 3669
2095 3299 2364 3517
530 3290 791 3660
0 3282 294 3458
1455 3248 1918 3458
1195 3248 1472 3467
412 3248 605 3543
656 3206 883 3534
1043 3198 1413 3425
1834 3172 2364 3425
0 3139 311 3341
193 3122 479 3501
1691 3105 2095 3408
2146 3080 2339 3357
681 3055 866 3324
521 3055 765 3341
925 3046 1203 3332
446 3046 664 3341
807 3038 1009 3307
218 3012 395 3265
353 2970 639 3206
33 2962 286 3139
1287 2945 1632 3315
1439 2920 2003 3181
858 2869 1060 3046
951 2861 1388 3290
471 2853 807 3088
1952 2844 2188 3248
193 2810 361 3021
1868 2785 2045 3122
437 2777 715 2945
1127 2735 1700 3071
892 2701 1439 3156
732 2693 959 3004
1801 2684 1977 3088
1363 2684 1556 2911
25 2667 235 2869
319 2659 639 2945
0 2600 361 2962
547 2575 807 2878
1119 2566 1472 2878
1641 2558 1843 3038
1321 2550 1514 2760
210 2499 403 2693
1186 2482 1388 2752
286 2457 622 2726
50 2457 302 2760
1455 2449 1691 2836
715 2449 1237 2752
816 2415 1077 2592
2061 2381 2364 2642
1052 2381 1279 2718
1228 2356 1455 2524
403 2305 622 2499
193 2272 547 2524
513 2263 883 2684
1935 2255 2120 2499
1683 2238 1859 2558
900 2238 1077 2524
294 2204 479 2406
1498 2162 1716 2465
0 2154 227 2474
1649 2129 1952 2398
0 2078 395 2423
1321 2061 1548 2322
16 1969 488 2221
1363 1952 1700 2230
1195 1952 1363 2381
2129 1935 2364 2204
1876 1927 2188 2398
1068 1918 1296 2491
1733 1893 1910 2255
984 1876 1161 2390
1935 1843 2238 2129
117 1834 664 2204
488 1826 782 2322
1649 1784 1834 2179
185 1750 504 2036
1767 1733 2045 1994
479 1708 664 2011
1472 1683 1666 2112
715 1657 883 2045
1657 1641 1885 1851
0 1632 227 2129
1960 1624 2272 1935
1472 1599 1725 1784
799 1599 967 1784
1203 1590 1430 1944
917 1565 1447 2061
1052 1548 1270 1876
185 1506 496 1859
1548 1472 1826 1750
2129 1430 2364 1691
1817 1405 2154 1683
1186 1405 1531 1607
0 1405 176 1775
109 1388 462 1767
176 1287 471 1523
387 1270 605 1599
749 1262 934 1599
1026 1253 1321 1464
2036 1245 2364 1506
1228 1237 1413 1413
883 1237 1262 1523
1733 1228 1952 1413
1237 1203 1784 1565
0 1119 361 1447
1817 1110 2137 1422
1641 1102 1868 1329
2087 1085 2364 1397
1371 1077 1977 1599
959 1077 1371 1363
412 1060 774 1237
109 1060 328 1312
648 1043 892 1245
951 1018 1228 1228
1262 993 1439 1237
126 967 336 1144
260 959 479 1329
807 951 1102 1253
1523 942 1750 1144
2120 925 2314 1186
673 925 934 1119
260 917 673 1110
1657 908 1859 1178
1851 883 2087 1127
1354 875 1590 1186
513 858 841 1060
0 850 168 1195
1969 841 2171 1136
1237 807 1615 984
353 807 521 976
2137 782 2364 984
942 782 1397 1144
1758 774 1944 993
782 774 1060 1035
1540 765 1826 993
1986 723 2364 917
496 706 850 967
892 664 1388 934
0 631 319 984
1540 614 2112 908
2036 572 2204 774
1758 530 2078 732
723 530 1211 807
269 530 521 942
1918 513 2137 715
1615 513 1859 715
395 513 580 791
1312 496 1498 664
1220 496 1531 791
2162 462 2364 757
715 462 967 681
0 446 176 749
2112 378 2364 656
1413 370 1657 732
1834 361 2019 597
412 361 605 664
420 319 807 799
1918 311 2188 614
1523 286 1742 513
0 286 345 563
1582 269 1809 631
673 269 841 454
84 227 462 774
976 185 1346 412
412 176 648 437
0 176 336 353
1245 168 1607 521
454 109 782 328
0 92 277 260
1152 58 1380 244
1885 42 2061 227
1582 25 1944 471
2104 16 2364 353
1742 0 1994 294
1363 0 1615 260
892 0 1279 294
648 0 934 353
185 0 706 345
0 1178 2364 4208
0 0 2364 2204
0 2078 2364 4208
0 1178 2364 3357
1253 2314 1792 2911
1270 2440 1792 2911
1363 2440 1792 2911
1758 361 2019 597
1127 2003 2364 3357
0 1178 2364 2524
908 1371 2364 2524
1001 1413 2364 2524
1296 92 1472 286
0 2078 883 4208
0 1178 1363 2524
0 1178 1296 2524
1304 2003 2364 3357
1001 1413 2255 2440
1455 2449 1716 2911
513 2263 2364 4208
690 2920 2364 4208
0 0 1397 1775
185 1178 1296 2524
648 0 2364 2204
648 993 2238 2129
690 993 2238 2129
513 2263 2011 3669
690 3307 2364 4208
1304 2003 1548 2322
0 1220 605 2129
0 1388 462 2129
117 2272 547 2541
513 2263 1439 3669
185 1178 1018 2364
1439 2920 2364 3703
917 1565 2364 2642
681 3038 1085 3559
807 3038 1085 3559
1716 3888 2364 4208
1716 4031 2364 4208
1043 2945 2011 3602
387 1220 605 1599
16 1834 690 2348
16 1834 664 2221
690 1657 1296 2524
185 1178 967 2322
917 1565 2120 2499
690 1077 2238 2129
1498 2162 2364 3357
2061 2457 2364 3357
2095 2499 2364 3357
1321 1455 1683 1683
1548 3467 1859 3871
446 3046 799 4031
656 1354 967 1784
715 2356 1514 2878
715 2449 1514 2878
715 2449 1472 2878
892 0 2364 2204
1607 1784 2255 2440
1649 1784 2255 2440
0 0 1397 1253
715 1657 1296 2524
715 1657 1077 2524
1388 1641 1666 2112
1043 2945 1918 3602
1043 2945 1918 3467
1195 2945 1918 3467
0 109 967 1775
892 0 2364 1178
2171 2533 2364 3357
185 1178 934 2322
462 1178 934 1927
690 3627 1742 4208
690 3627 1102 4208
1052 2356 1455 2718
1354 765 2364 2204
917 1784 1296 2491
984 1876 1296 2491
1548 3728 2120 4208
1548 3963 1918 4208
732 2575 1439 3669
706 3677 1102 4208
1354 765 2364 2045
1809 993 2095 1161
0 109 967 1523
1498 2162 2095 3122
1801 2322 2095 3122
1801 2322 2095 3038
1144 0 2364 757
1001 1413 1430 1944
1733 1893 2255 2440
690 3307 2364 3997
0 0 1035 563
1195 2945 1632 3467
547 1178 934 1666
690 1077 1531 1607
1691 3105 2364 3517
690 3357 1548 3997
875 3526 1548 3997
648 0 1035 547
732 2693 1439 3669
732 2693 1439 3332
732 2693 1203 3332
1363 3307 2364 3972
0 2078 883 3534
0 2078 807 3265
0 2078 622 3206
0 2078 403 3206
0 2154 403 3206
0 2457 403 3206
0 2499 403 3206
446 3046 791 3837
807 3038 1052 3400
0 2154 227 2550
260 176 1397 1253
850 176 1296 706
1363 0 2364 757
850 176 1203 563
850 176 1195 488
850 176 1052 395
850 3745 1742 4208
631 1178 934 1599
185 1506 782 2322
1052 3745 1742 4208
1354 765 1977 1599
959 3526 1548 3997
0 3122 757 4208
1144 0 1489 244
0 2600 361 3206
690 1077 1371 1523
883 1077 1371 1523
1801 2322 2053 3038
260 530 1397 1253
1540 765 1944 993
715 1657 925 2238
1733 782 2364 2045
446 3046 791 3660
1363 3307 2171 3745
185 1506 664 2036
185 1506 504 2036
1809 2322 2053 2861
521 3055 883 3534
193 2457 807 3265
218 2457 807 3265
260 530 1211 1253
673 774 1102 1253
513 2263 883 2878
100 3972 605 4208
1001 1413 1270 1876
648 0 934 454
1498 2162 1859 2558
294 2204 622 2499
1237 1203 2238 2129
0 3122 732 4031
286 2457 715 2945
1834 3172 2364 3517
1582 0 2364 757
892 0 1742 521
1472 1472 2238 2129
1472 1472 1885 1851
0 3122 732 3930
0 3122 605 3888
2137 782 2364 1169
673 925 1102 1253
892 370 2364 1178
1523 883 2087 1178
1523 908 1859 1178
1052 3879 1742 4208
260 530 1211 1110
260 530 850 1110
260 530 673 1110
0 227 471 1523
1733 841 2364 2045
193 3122 605 3888
193 3122 547 3888
858 2869 1203 3332
1767 1733 2238 2129
0 3416 336 4048
1582 0 2364 631
1817 1405 2364 2045
2129 1430 2364 2045
1733 841 2364 1422
193 3122 547 3703
1052 3879 1582 4208
1817 841 2364 1422
892 370 2364 984
1817 841 2314 1422
395 109 967 799
395 319 967 799
420 319 967 799
244 2853 807 3088
1413 370 2364 917
1918 0 2364 614
0 0 387 353
0 0 387 260
286 2457 639 2945
1413 370 2112 908
1548 1472 1885 1851
0 227 462 1447
0 850 361 1447
892 0 1346 412
1582 25 1944 631
0 227 462 984
0 967 361 1447
109 967 336 1312
892 496 1615 984
892 664 1615 984
1817 841 2171 1422
0 1918 1077 2878
0 1969 1077 2878
1472 1599 1885 1851
816 2583 2364 3534
0 1969 883 2878
521 2878 942 3324
816 2583 1615 3315
892 0 1312 446
521 412 807 799
816 2583 1472 3315
1952 3905 2364 4157
0 2954 244 3206
185 1548 774 2036
807 1918 1077 2524
462 1548 774 2036
462 1548 656 2003
1716 4039 2364 4208
0 1969 883 2684
429 3551 791 4199
1144 58 1346 361
1439 3105 2171 3576
521 2878 866 3324
429 3551 791 4022
1439 3139 2171 3576
1439 3223 2171 3576
1716 4039 2036 4208
1439 2920 2364 3534
1834 3097 2364 3534
1834 3097 2364 3416
1649 1472 2364 2204
1363 0 2045 631
1969 370 2364 1296
429 3551 732 3930
0 1750 2364 4208
850 1750 1960 2785
0 2154 2364 4208
0 2356 2364 4208
900 3400 2221 4191
900 3400 2129 4191
1548 3400 2129 4191
1725 3728 2129 4191
16 1969 597 2348
1009 538 1354 942
1009 538 1354 807
16 1969 488 2213
0 0 2364 2482
0 109 1363 2482
387 1178 1363 1927
555 1262 1363 1927
555 1363 799 1716
1969 622 2322 1296
0 109 951 2482
0 850 370 1338
917 1784 1960 2785
917 1784 1859 2558
0 1178 951 2482
1127 2432 2364 3357
1085 3248 1472 3585
1649 1472 2238 2129
1649 1472 2045 1994
0 109 782 1523
1775 3526 2221 3778
109 1178 555 1767
1195 3290 1472 3585
0 2356 1986 4208
715 2356 1624 2911
2120 3652 2364 3972
715 3677 993 4174
0 1624 951 2482
0 2457 1986 4208
1144 0 1784 589
1582 3677 1969 3972
917 1784 1716 2491
749 1262 1363 1927
0 2457 1742 4208
1329 3745 1742 4208
0 2457 1657 4208
0 2457 1531 4208
0 2457 547 4208
0 2457 395 3332
286 2457 1657 3804
260 0 2364 2398
951 0 2364 1851
1952 1674 2364 2204
286 2457 1304 3787
286 2457 1304 3669
286 2457 1262 3669
286 2457 1018 3324
286 2457 1018 3055
117 1834 951 2482
117 1834 833 2373
488 1843 833 2373
244 3475 538 4031
244 3475 530 4031
631 774 1952 2398
0 3315 547 4208
446 3038 1531 4208
0 109 782 1380
286 2457 807 3055
446 3038 1371 4208
504 3383 1371 4208
1144 0 1784 345
1969 723 2322 1296
0 2154 622 3543
0 2154 622 2575
1211 0 2364 1498
1758 0 2364 732
765 3585 1371 4208
850 3812 1371 4208
951 824 2364 1851
951 824 2364 1750
631 858 1952 2398
917 1725 1952 2398
631 858 1826 1750
1927 0 2364 387
1211 412 2364 1498
1211 479 2364 1498
1413 479 2364 1498
1186 1952 1548 2381
1969 807 2322 1296
1455 3745 1742 4081
1279 0 1784 345
1279 0 1615 345
0 2457 252 2836
0 109 782 1228
0 109 782 1144
0 109 782 984
0 4031 210 4208
1363 1944 1952 2398
1472 1683 2078 2331
951 824 2162 1725
951 824 2137 1683
850 3812 1161 4107
1523 917 1851 1178
0 109 782 908
412 1018 782 1296
648 858 1826 1750
648 858 1439 1599
648 858 1329 1523
1009 3425 1304 3787
1607 1784 2078 2331
1607 1784 1918 2255
1649 1784 1918 2255
1733 1893 1918 2255
648 858 1329 1363
1801 2718 2045 3122
614 3862 984 4208
951 824 1977 1599
1548 3804 1986 4208
1548 3862 1927 4208
218 109 782 908
1481 614 2364 1498
1363 252 2036 631
993 824 1977 1599
1245 824 1977 1599
1245 824 1784 1270
1245 824 1784 1186
