0 0 2985 5312
1593 1328 2018 1752
1752 3091 2645 5099
1752 3091 2560 4674
0 1922 1784 3495
478 1296 1508 2199
478 1476 1487 2199
478 1529 1455 2199
53 0 2964 1625
0 2167 1540 3495
892 2167 1540 2932
2464 4196 2794 4770
2464 4281 2794 4770
53 0 2156 1625
84 0 2156 1487
0 2411 1285 3495
478 1636 1328 2199
2177 4600 2645 5099
1104 3782 1529 4122
53 1147 467 1625
0 1806 2985 5312
1338 1806 2985 3197
1752 3304 2560 4674
1752 3304 2560 4164
0 0 2985 3112
488 1742 1434 3112
892 2369 1423 2932
1338 2124 2910 3197
0 2475 2985 5312
0 3389 1742 5312
1636 3930 2061 5025
988 2167 1540 2624
0 0 2985 2868
0 0 488 1582
0 223 2985 2868
0 223 2730 2868
1497 1625 2305 2507
0 2804 488 3792
722 1742 1434 2847
722 1742 1243 2847
0 0 488 1211
95 2411 1285 3495
1126 2167 1540 2624
0 3431 1742 5312
1837 329 2985 1901
1604 1625 2305 2390
1338 2124 2517 3197
223 0 2156 1487
1497 1922 2305 2507
1742 3930 2061 5025
754 223 2730 2018
2177 1508 2730 1976
488 2656 871 3112
339 2475 2985 5312
1837 509 2985 1901
0 3431 1731 5312
223 0 1636 1487
0 711 478 1211
382 2475 2985 5312
382 2879 2156 4440
2252 2050 2985 2762
1837 573 2985 1901
95 2411 977 3495
95 2411 871 3495
0 1115 924 2868
339 3240 605 3877
1444 2475 2985 5312
754 223 2602 2018
382 2879 1997 3877
382 2953 1997 3877
1561 2634 1965 3059
0 1179 860 2868
0 1179 828 2868
0 1179 828 2571
0 1179 828 2273
1869 2475 2985 4600
1869 2475 2985 4153
1444 4079 2985 5312
1625 4079 2985 5312
1136 223 2602 2018
1243 223 2602 2018
1561 1922 2305 2507
2358 4015 2985 4600
1253 223 2602 1264
1508 223 2602 1126
0 1944 318 2868
0 3537 1731 5312
1200 4536 1689 5312
2061 3304 2560 4164
1094 3474 2156 4440
403 1179 828 1901
1869 2571 2985 4153
1094 3474 2156 4430
0 3537 1328 5312
2050 4079 2985 5312
1094 3474 2156 4153
1869 2571 2794 4153
1094 3474 1986 3930
2252 3314 2794 4153
2432 4855 2645 5099
1497 4727 1742 5312
743 4706 1274 5312
1274 4685 1689 5312
2177 4600 2464 4897
1752 4568 1997 5025
1625 4557 2326 5312
1444 4536 1795 4908
1200 4536 1476 4950
2464 4462 2698 4770
2496 4281 2794 4536
2135 4238 2985 5312
1200 4238 1731 4770
2050 4079 2666 4610
2358 4068 2751 4292
1922 4037 2454 4674
2656 4015 2985 4600
563 3984 903 5078
1742 3930 2061 4600
0 3930 1051 5312
1423 3888 1859 4430
1189 3835 1614 4440
1582 3792 1922 4100
1232 3782 1529 4015
2103 3750 2560 4164
0 3739 297 4260
127 3686 446 4037
1869 3654 2156 4153
2464 3612 2794 4153
2709 3590 2985 4281
424 3537 1328 4887
1094 3527 1508 3930
0 3527 254 3930
339 3505 563 3877
1487 3474 1986 3899
796 3463 1009 3824
658 3431 956 3739
382 3399 828 3877
2422 3389 2740 3697
1752 3325 2167 3718
2252 3314 2613 3930
2061 3304 2401 3930
361 3240 605 3612
191 3080 488 3378
286 3017 520 3325
2124 2953 2985 3675
743 2953 1997 3845
2677 2921 2921 3314
424 2921 796 3495
764 2825 1285 3282
0 2804 393 3792
488 2794 711 3091
616 2656 871 3112
1338 2645 1625 3197
1561 2634 1827 3017
1869 2571 2262 3420
1158 2528 1423 2900
2252 2517 2496 2762
2730 2475 2985 3431
95 2411 871 3080
1412 2379 1763 2751
892 2369 1349 2932
265 2369 509 2592
2156 2358 2910 3102
1211 2347 1466 2624
0 2284 318 2868
1561 2220 2146 2507
0 2209 223 2592
1126 2167 1540 2486
722 2156 988 2847
1593 2124 2517 2953
414 2082 786 2571
1497 2071 1784 2411
1009 2071 1476 2305
223 2071 467 2464
2294 2050 2985 2730
63 1944 286 2305
1359 1922 1784 2273
1604 1869 2188 2390
2167 1806 2985 2284
1051 1806 1434 2092
796 1742 1243 2390
478 1667 1147 2199
2177 1646 2730 1976
1051 1636 1328 1933
2039 1625 2305 2050
1200 1529 1455 1816
2273 1508 2549 1806
0 1508 605 2273
1593 1349 2018 1752
1328 1349 1806 1976
53 1349 467 1625
403 1338 807 1901
1721 1328 1954 1572
1232 1296 1508 1614
2029 1264 2486 1561
531 1179 828 1604
169 1147 414 1359
754 1115 1296 1699
626 1115 924 1423
1243 1019 2390 2018
1657 892 1986 1200
2634 871 2985 1646
1253 818 1604 1264
1604 775 1848 1041
318 722 1051 1487
74 711 478 1211
1147 690 1381 966
84 669 297 977
1338 626 1561 945
414 616 828 892
1837 509 2050 966
1508 478 1837 1051
138 446 371 658
2401 329 2985 754
2262 329 2953 849
1625 223 2602 1126
2719 0 2985 339
1912 0 2964 520
1126 0 2156 499
223 0 1636 1253
0 0 488 892
0 0 2985 4281
0 3431 2985 5312
0 0 2985 2018
0 711 2985 4281
31 1211 467 1625
0 3463 2985 5312
1200 1476 1487 1816
892 1625 2985 4281
892 2273 1466 3112
1412 1625 2985 4281
892 2273 1423 3112
892 2337 1423 3112
1158 2528 1423 3112
1412 1806 2985 4281
2039 1625 2305 2252
0 0 2985 1253
1136 223 2985 2018
0 669 414 1582
148 1147 414 1497
0 711 1997 4260
0 3474 2985 5312
1625 4015 2985 5312
892 2337 1349 2932
0 711 1784 2868
0 3474 2156 5312
0 669 297 1582
0 2082 1997 4260
1752 3091 2167 3718
1147 223 2985 2018
191 2879 520 3378
0 669 297 1179
2677 2921 2921 3410
2496 4196 2794 4536
191 2879 488 3378
658 1636 1784 2486
796 1636 1784 2486
0 3389 563 4260
0 3389 446 4260
0 3389 446 4037
796 1742 1784 2486
1126 0 2985 754
1009 1837 1784 2486
1009 1922 1784 2486
1009 3782 1614 4440
1412 1806 2985 3102
1009 3782 1529 4313
0 711 1296 2868
0 2082 1997 3877
0 1497 1147 2868
424 2634 1997 3845
2029 1264 2730 1976
1147 223 2602 1264
1126 1922 1784 2486
0 1497 605 2868
1625 4037 2985 5312
1869 2475 2985 4281
1869 2571 2985 4281
1094 3474 2156 5312
1274 4536 1795 5312
1869 2571 2985 4164
1412 1869 2188 2751
1412 2220 2146 2751
424 2794 1997 3845
1126 0 2964 520
1094 3474 2156 4770
74 711 1296 1901
318 722 1296 1901
0 0 1636 1253
1922 4037 2698 4770
1922 4037 2666 4674
0 2082 988 3877
0 2411 956 3877
361 3240 956 3877
382 3399 956 3877
414 2082 988 3112
403 1115 1296 1901
1243 573 2985 2018
0 1508 605 2868
1200 3474 2156 4770
1423 3474 2156 4600
414 2082 988 2847
796 1742 1434 2390
563 3984 1274 5312
424 2794 1285 3495
1423 3654 2156 4600
1147 478 1837 1264
0 2411 871 3792
1625 4238 2985 5312
1444 4536 1795 5312
0 1508 605 2592
0 1508 605 2464
2124 2953 2985 4153
0 3527 446 4037
1253 478 1837 1264
424 2825 1285 3495
1593 1806 2985 3102
1593 2124 2910 3102
1742 3654 2156 4600
775 1837 1444 2284
1444 573 2018 1041
456 1657 913 2114
881 2337 1243 2889
0 1104 446 1625
95 1837 1784 3888
95 1933 1784 3888
95 2071 1646 3888
95 2071 1593 3888
945 2071 1593 3165
1211 1370 1519 1625
1752 3165 2549 4674
2422 3389 2985 4292
0 0 2985 3091
1412 1806 2985 3091
2422 3389 2932 4122
945 2071 1593 2932
0 0 2985 2857
95 2411 1285 3888
0 0 2156 1487
2305 201 2879 849
1891 3304 2549 4674
1752 3165 2167 3792
1179 4504 1466 5312
0 0 488 1232
106 0 2156 1487
945 2358 1455 2932
1412 2124 2985 3091
95 2411 1285 3484
988 2199 1487 2443
0 2634 2007 5312
0 2794 2007 5312
1147 0 2985 2401
0 733 467 1232
2050 1508 2772 2252
1264 2475 2985 5312
1264 3452 2985 5312
0 1094 1444 2857
0 1094 1444 2656
1158 1561 1763 2082
276 2794 1285 3484
764 2794 1285 3282
0 1094 1444 2475
1444 3452 2156 5025
1444 3930 2071 5025
1094 3569 1763 4366
1147 0 2985 1264
1593 3452 2156 4153
1264 4058 2985 5312
1444 4536 1986 5025
1179 4504 1466 4950
616 4302 913 4918
2050 4132 2666 4685
1891 4058 2454 4674
2252 3994 2825 4525
0 3973 297 4260
1667 3930 2071 4717
1211 3845 1763 4366
1582 3792 1922 4122
1827 3675 2156 4153
2709 3622 2985 4292
2624 3590 2932 4122
1094 3569 1508 4122
2284 3527 2772 4153
0 3505 1816 5312
1593 3452 1933 3888
626 3452 1019 3877
1752 3325 2167 3792
2018 3304 2549 4164
424 3250 849 3888
2177 2953 2517 3176
276 2942 796 3484
1806 2900 2061 3240
191 2889 488 3378
828 2825 1285 3282
0 2804 499 4026
796 2794 2007 3899
764 2794 977 3229
1572 2634 1869 3017
1094 2592 1349 2932
1869 2571 2985 3856
1306 2517 1625 3208
881 2507 1189 2889
2677 2475 2985 3442
488 2401 903 3112
1412 2390 1646 2698
945 2358 1455 2751
892 2337 1243 2592
1497 2284 1933 2507
0 2209 318 2857
1136 2199 1487 2443
1359 2071 1593 2549
265 2018 998 2656
1359 1933 1784 2273
775 1837 1253 2284
1158 1806 1434 2082
2050 1774 2316 2252
456 1721 733 2082
478 1667 1243 2199
520 1657 913 2114
1115 1646 1328 1922
1338 1561 1763 1912
2177 1508 2772 1976
1243 1391 1487 1604
53 1381 446 1625
1721 1328 1986 1582
0 1285 849 2475
0 1104 424 1593
552 1094 1444 1816
1614 775 2018 1041
74 733 467 1232
116 701 509 1009
1147 690 1731 1264
1285 658 2985 2401
1444 573 1689 988
1338 563 1561 945
1806 456 2071 743
2305 329 2602 849
2411 201 2879 563
223 95 499 467
1434 0 2985 1115
1136 0 2156 499
106 0 1636 1487
1019 2029 1646 2698
1359 2071 1646 2698
0 0 2985 4026
0 0 2985 2401
0 669 1243 4026
0 669 1232 4026
0 3389 2985 5312
0 669 998 4026
116 679 733 1009
478 679 733 924
0 733 998 4026
478 658 2985 2401
191 1806 2985 4292
1412 1806 2985 4292
191 2082 2167 3899
0 0 2985 1487
1264 3389 2985 5312
191 2401 2167 3899
945 2082 1487 2932
0 3452 2156 5312
1009 2082 1487 2443
871 0 2156 499
1264 3994 2985 5312
191 2517 2167 3899
1752 2709 2167 3792
1774 2709 2124 3410
1774 2709 2061 3240
478 1094 2018 2284
191 2517 2007 3899
0 1285 998 4026
191 2634 2007 3899
478 1094 1763 2284
0 733 467 1593
191 2889 1019 3888
0 0 1636 1487
1338 1837 1784 2273
1891 4058 2698 4770
1891 4058 2666 4685
1094 3452 2156 5025
1094 3569 1922 4366
276 2634 2007 3899
361 3250 1019 3888
1869 2475 2985 4292
552 1094 1763 2284
775 1806 1434 2284
1869 2475 2985 4164
796 2634 2007 3899
1444 3675 2156 5025
552 1094 1763 1912
0 2411 871 4026
0 1285 998 2656
424 3250 1019 3888
1667 3675 2156 4717
2018 3304 2772 4164
1009 1774 1476 2294
871 2337 1423 2985
871 2337 1349 2985
148 988 446 1328
786 1009 1721 1752
1232 1381 1487 1614
711 828 1168 1179
446 1721 849 2156
1806 0 2985 584
1806 0 2985 552
1806 0 2475 552
1806 74 2294 552
1317 2294 1954 2804
2124 2624 2985 3527
881 2337 1306 2804
2454 626 2836 945
1328 467 1837 903
1328 584 1572 903
0 2358 446 3027
552 690 796 913
1009 1009 1721 1752
0 0 2284 871
0 0 1721 871
0 0 1721 648
0 0 892 648
0 0 679 424
0 106 679 424
223 138 679 424
0 191 2985 5312
616 1625 1944 2815
616 1625 1795 2815
616 1625 1497 2815
616 1625 1349 2581
1083 2167 1497 2815
63 2358 446 2910
722 0 1721 616
988 0 1721 563
0 3973 456 4653
2061 1784 2496 2347
2061 2029 2496 2347
722 106 1221 616
1253 2645 1806 3250
1253 2687 1806 3250
1253 2687 1646 3250
1497 4430 2422 5312
1497 4759 2199 5312
1774 3314 2029 3686
2411 1614 2847 1901
1508 0 2284 605
1370 594 2624 1582
1370 594 2624 1264
1370 722 2624 1264
1370 722 2539 1264
1370 807 2539 1264
1370 881 2146 1264
1370 881 1954 1264
1572 881 1954 1253
393 4663 1317 5312
393 4685 1317 5312
0 637 828 1774
0 637 828 1370
276 839 828 1285
0 1115 796 1774
1497 4908 2146 5312
733 1625 1349 2284
733 1625 1189 2284
1232 0 1721 488
63 2358 446 2762
0 637 711 1370
0 637 711 1179
127 5099 626 5312
1614 4908 2146 5312
42 4685 382 4972
0 743 499 1179
733 1625 1179 2284
2464 1614 2847 1880
1880 594 2422 966
0 371 1625 2857
1604 1848 1944 2146
594 371 1625 1179
2124 2698 2985 3527
2124 2698 2921 3240
1667 4940 2146 5312
1232 4260 1752 4674
0 2613 2985 5312
0 2645 2985 5312
1115 3229 2985 5312
2050 4663 2730 5312
2050 4876 2337 5312
913 371 1625 1179
1136 191 2985 3240
2507 2124 2985 2454
2507 2124 2985 2347
0 1104 1274 2857
0 2645 2910 5312
0 4334 361 5312
0 4334 361 5120
0 4334 265 5120
1136 191 2985 1359
2560 945 2932 1349
1551 1158 2146 1582
1551 1158 1986 1455
2156 4663 2730 5312
212 2613 1296 4228
1115 3378 2985 5312
1211 3378 2985 5312
1402 3378 2985 5312
1444 3378 2985 5312
1614 3378 2985 5312
1784 4207 2762 4812
1306 998 2985 3240
0 1306 1009 2857
0 1328 764 2857
371 5099 626 5312
2273 2985 2910 3622
2411 2985 2910 3622
1211 191 2985 1359
1211 191 2985 1189
2124 191 2985 913
1009 1232 1710 1752
733 1104 1274 1572
2156 4663 2613 5312
1306 998 2985 2401
913 701 1349 1179
1211 446 2284 1189
1497 446 2284 1019
1551 446 2284 1019
1551 626 2007 1019
0 2645 2347 5312
1625 1338 2092 1752
393 4685 1232 5152
1508 998 2985 2401
212 2613 1296 3877
0 2868 297 3484
0 2868 265 3314
2730 4355 2985 5312
1721 1827 2985 3240
1721 2316 2114 3240
1752 2762 2114 3240
1976 1827 2985 2995
0 1328 733 2857
0 1806 701 2857
0 2103 701 2857
0 2177 467 2857
1976 2262 2985 2995
2305 2262 2985 2995
733 1104 1147 1572
212 2613 1296 3845
212 2613 1296 3654
223 3824 552 4228
2124 4079 2783 4462
2730 4993 2985 5312
0 3335 467 4037
212 2613 1296 3580
212 2613 711 3378
212 2613 711 3197
1816 998 2985 1976
1816 998 2836 1774
2220 1338 2836 1774
1614 3378 2985 4568
1614 3378 2985 4302
2634 3601 2985 4207
2507 2326 2985 2995
2220 1487 2836 1774
1614 3378 2740 4302
1614 3378 2740 4281
1880 3378 2740 4281
1880 3527 2730 4281
2114 3814 2730 4281
95 2645 2347 5312
1158 2645 2347 3378
1540 2645 2347 3367
2411 2985 2624 3389
2507 2326 2985 2857
2507 2326 2847 2857
95 3208 1869 5312
1126 3484 1752 3973
1434 3484 1752 3877
1158 3027 1604 3378
393 2401 892 2847
1880 2645 2347 3367
1880 2645 2347 3335
1880 2645 2241 3335
573 4706 1232 5152
393 2825 1296 3580
0 1328 733 2199
0 1561 424 2199
2114 3814 2581 4196
0 2177 467 2496
1508 1657 2305 2401
1508 1933 2071 2401
148 3208 1869 5312
1221 4557 1529 5312
1508 1986 2061 2401
1816 998 2517 1423
2262 1827 2985 2347
148 3208 1869 5163
1816 998 2369 1423
1041 3941 1806 4504
1115 3941 1806 4504
1317 3941 1806 4504
1317 3941 1806 4398
148 4493 679 5163
148 4493 605 5163
371 3208 1869 4738
371 3208 1657 4738
1115 3240 1657 3644
2156 4674 2613 5312
371 3208 1221 4738
424 3208 1221 4738
796 3208 1221 4153
796 3208 1221 3877
881 3208 1221 3877
2124 4079 2687 4462
424 3495 1062 4738
424 3729 1062 4738
424 3729 860 4738
424 4132 722 4738
2103 5099 2337 5312
2613 5088 2825 5312
1497 5078 1721 5312
945 5067 1179 5312
2454 5003 2730 5312
0 4993 350 5312
1922 4940 2146 5312
541 4929 998 5312
1614 4908 1965 5237
1264 4908 1529 5312
2241 4897 2613 5312
2050 4876 2294 5205
446 4791 679 5003
308 4780 605 5163
1933 4759 2199 5067
1009 4759 1317 5312
743 4738 1232 5152
573 4706 892 5057
2156 4674 2517 5035
1423 4674 1795 5152
1349 4674 1667 4950
2401 4642 2879 5078
1221 4557 1476 4961
2528 4547 2815 4812
1444 4547 1784 4759
148 4493 499 4844
1933 4430 2422 4802
424 4408 722 4738
1731 4398 2114 5025
934 4345 1285 4844
2273 4334 2762 4812
0 4334 265 4855
637 4313 1009 4887
1232 4260 1604 4674
1328 4238 1763 4504
903 4238 1158 4536
648 4228 871 4462
1784 4207 2347 4685
2305 4185 2687 4462
371 4132 594 4547
2124 4079 2358 4387
2358 4058 2730 4281
796 4026 1062 4387
1317 4005 1582 4334
95 4005 424 4387
1115 3994 1476 4462
0 3973 329 4536
1561 3941 1806 4398
223 3941 552 4228
2273 3899 2581 4196
849 3867 1094 4153
2634 3814 2985 4207
2114 3814 2411 4132
1402 3814 1678 4058
1933 3792 2209 4302
1614 3782 2039 4217
1211 3771 1508 4058
2475 3729 2751 4090
435 3729 860 4270
1126 3612 1551 3973
2730 3601 2985 4015
2294 3537 2528 3760
1434 3537 1689 3877
1880 3527 2624 3973
648 3527 956 3845
881 3505 1168 3877
509 3495 807 3867
0 3389 276 4037
2401 3378 2740 3750
1784 3346 2029 3686
339 3335 669 3877
159 3335 467 3792
1306 3304 1657 3590
796 3282 1115 3548
2560 3261 2910 3622
1115 3240 1359 3644
1986 3229 2464 3633
1582 3208 1869 3612
988 3208 1221 3590
2135 3187 2358 3420
0 3165 297 3484
2411 3112 2624 3389
265 3102 541 3378
2273 3091 2517 3474
2656 3070 2985 3527
393 3059 892 3580
1540 3038 1965 3335
1158 3027 1444 3346
1901 2995 2114 3240
414 2995 733 3240
679 2985 988 3261
2114 2910 2347 3219
1625 2889 1891 3102
1997 2857 2241 3335
828 2825 1296 3304
2432 2804 2921 3240
1752 2762 1965 3059
1529 2751 1806 3017
2124 2698 2528 3165
1338 2687 1646 3250
871 2687 1349 2985
212 2666 509 3197
1880 2645 2177 3038
2262 2624 2592 2995
74 2624 318 2910
414 2613 711 3049
2762 2549 2985 2995
616 2496 881 2847
881 2454 1200 2804
393 2401 892 2804
0 2401 223 2857
2751 2369 2985 2719
63 2358 393 2677
1317 2347 1784 2804
2507 2337 2847 2857
945 2337 1306 2571
1976 2326 2486 2751
1721 2316 2061 2847
2305 2262 2709 2656
1976 2177 2326 2507
1508 2177 1827 2401
233 2177 467 2475
0 2177 254 2496
1083 2167 1497 2613
616 2156 1232 2581
276 2103 701 2592
1009 2082 1476 2294
53 2039 286 2358
2061 2029 2294 2262
1667 1986 2061 2358
2029 1976 2284 2241
871 1944 1179 2262
1349 1901 1795 2390
446 1880 658 2114
2262 1859 2709 2347
2581 1827 2985 2231
0 1806 233 2199
2061 1784 2326 2071
1104 1774 1402 2092
191 1763 424 2199
934 1721 1189 2061
456 1721 849 2156
1306 1678 1625 1954
1551 1667 1774 1901
1731 1657 2305 2039
1104 1646 1349 1965
2464 1625 2836 1880
733 1625 1136 2284
499 1593 764 1933
2751 1572 2985 1976
0 1561 371 1933
2220 1519 2560 1774
2018 1497 2390 1752
2517 1487 2836 1752
1625 1423 2092 1752
1338 1412 1710 1742
371 1328 733 1784
2071 1317 2379 1604
2432 1306 2847 1614
722 1306 1009 1689
2687 1243 2985 1614
1912 1232 2156 1497
1009 1232 1391 1752
1689 1158 1986 1455
913 1126 1147 1572
0 1126 456 1774
286 1115 796 1508
733 1104 1051 1370
2560 1073 2804 1349
2029 1030 2369 1423
2199 1019 2517 1370
1253 1009 1721 1487
1816 998 2103 1274
276 988 637 1285
1572 977 1795 1211
1062 913 1349 1179
860 892 1168 1179
1721 881 1954 1253
0 860 371 1179
488 839 828 1189
1211 828 1604 1189
711 828 1030 1136
2050 807 2539 1115
1551 743 1763 988
2432 733 2932 1179
913 701 1221 945
1136 690 1391 945
106 637 711 945
2454 626 2825 903
1667 626 2007 1019
1497 605 1742 849
2029 594 2422 860
1328 584 1540 807
594 584 966 924
0 488 371 871
818 478 1200 775
1497 467 1837 722
393 467 679 711
2401 446 2804 690
1806 446 2284 711
2294 414 2528 818
2571 403 2985 913
722 403 1009 616
1073 371 1625 818
0 371 350 637
1806 318 2124 552
2698 297 2985 584
318 254 892 648
988 233 1296 563
2124 191 2634 658
2602 180 2942 446
329 138 679 424
786 106 1221 446
0 106 361 361
1508 84 1986 605
1232 84 1689 488
1912 74 2294 446
2454 0 2985 361
1689 0 2284 212
956 0 1466 329
573 0 892 297
329 0 669 223
0 2687 2985 5312
0 0 2985 3973
0 74 2985 3973
1551 1667 1901 2018
0 467 1497 3378
913 74 2985 3973
2114 2698 2528 3420
0 0 2985 871
1774 3314 2092 3686
1243 2528 1497 2815
1922 4940 2422 5312
871 2687 1412 3112
1115 1614 2985 3973
1274 3527 1689 3877
223 3824 648 4228
1784 3346 2092 3686
0 2687 2114 4887
509 4132 871 4493
849 3824 1147 4153
0 3378 2985 5312
1317 4005 1678 4334
1922 4940 2337 5312
913 74 2985 2347
2443 945 2932 1381
2411 1625 2836 1901
0 2571 733 3378
74 2571 733 3378
74 2571 541 3378
1115 1678 2985 3973
1880 1710 2443 2262
1880 1784 2326 2262
446 1593 764 2114
2443 988 2804 1381
2475 988 2804 1349
74 2571 446 2910
0 4334 2050 5312
0 4334 1965 5312
1508 2177 1954 2486
0 467 1497 3197
1880 1933 2294 2262
0 0 2985 648
913 74 2390 1752
276 743 637 1285
212 1306 1497 3197
1880 1933 2284 2241
0 467 1200 2857
2528 4185 2985 5195
2114 2698 2528 3219
0 4685 382 5120
1731 180 2985 2347
1009 690 2390 1752
1009 690 2092 1752
1115 2645 2517 3973
2528 4185 2985 5057
2613 5088 2985 5312
913 74 2294 1253
0 467 1200 2262
1306 1678 2985 3527
1009 690 1986 1752
0 2825 1508 4887
0 4727 382 5120
1158 2687 2114 3378
2560 3261 2985 3622
0 478 1200 2262
