0 0 3120 4160
1073 1181 1805 1980
1073 1181 1772 1980
291 1164 507 1480
2554 1248 2787 1497
282 249 565 931
482 3352 690 3536
0 366 332 748
1206 2304 1688 2812
1206 2421 1664 2812
665 382 1239 931
665 440 1239 931
1738 2912 2662 3644
1073 1181 1730 1980
1838 3635 2454 4160
1838 3768 2404 4160
2695 2620 2887 2870
0 1139 723 1622
282 249 557 931
282 249 490 848
357 1131 1547 2254
357 1131 1472 2254
465 1131 1472 2254
465 1131 1422 2096
740 1131 1422 2096
807 1397 1422 2096
740 1131 1173 1514
515 2080 1198 2545
332 1173 507 1480
515 2080 1198 2446
0 1755 257 2171
0 1755 166 2038
1872 2912 2662 3644
1872 2912 2637 3644
2387 0 2803 890
665 440 998 865
2670 3619 3120 3935
1530 3793 1705 4076
2670 3619 3120 3877
2837 3619 3120 3877
599 549 1164 1272
624 549 1164 1272
624 549 1164 1131
790 549 1089 898
590 3744 873 4068
1605 1264 2146 2387
1664 1264 2146 2387
1664 1505 2146 2387
715 2104 1198 2446
715 2104 1064 2446
1872 3020 2637 3644
1372 815 1780 1272
1422 840 1780 1272
832 3577 1597 4151
2845 2346 3120 2595
981 3577 1597 4151
1971 3020 2637 3585
282 249 490 765
2138 3103 2487 3328
1830 1505 2146 2046
1156 3577 1597 4151
1664 1788 1996 2387
1664 1788 1996 2238
1381 2512 1664 2812
1181 2970 1489 3303
1148 432 1472 707
149 1322 723 1622
391 1414 723 1622
208 3594 723 4126
648 2479 898 3011
624 698 1164 1131
673 698 1164 1131
2030 1738 3120 2562
2030 1930 2853 2562
2030 1930 2845 2562
2030 1930 2803 2446
2030 1930 2579 2296
2030 1930 2520 2296
2113 1930 2520 2296
2213 1930 2520 2213
740 1131 1173 1472
1456 948 1780 1272
1456 948 1697 1214
465 1730 1281 2080
465 1755 1231 2080
782 0 3120 4160
0 0 2088 4160
1688 3186 2629 4043
1331 3793 1589 4151
1331 3810 1555 4151
648 2479 832 3011
208 3594 515 3935
965 1730 1281 1913
2570 2995 2778 3328
1805 8 2238 1164
1838 8 2238 1123
1838 8 2238 998
1921 8 2196 881
1921 299 2188 881
1921 299 2188 624
0 2362 232 3236
0 2662 232 3236
1946 1314 2587 2005
1597 99 1996 981
1655 374 1996 981
1664 374 1996 923
1664 374 1996 865
1664 374 1921 773
0 2362 224 2978
133 3144 582 3877
232 2629 782 3111
232 2803 782 3111
1597 99 1797 599
1963 1356 2587 2005
1688 3186 2629 4018
1730 3286 2629 4018
1847 3303 2629 4018
465 1763 990 2071
690 1763 990 2071
1838 574 2238 998
0 0 1847 1896
1664 1788 1955 2229
0 1356 2088 4160
1422 2728 1713 3095
1422 2728 1664 2953
0 0 1847 1888
357 1655 873 1963
1872 3303 2629 4018
1896 3303 2629 4018
133 3203 582 3877
224 3203 582 3752
1938 8 2196 357
715 2104 1064 2329
1381 3228 1755 3694
1439 3228 1730 3527
1439 3228 1680 3527
0 0 906 1040
0 440 1847 1888
0 440 1605 1888
1040 440 1605 1322
1256 532 1605 1322
1256 532 1605 1148
1256 648 1580 1148
0 582 1356 1888
1896 3411 2629 4018
1896 3411 2446 3960
1896 3411 2437 3960
1896 3411 2429 3960
1896 3411 2288 3960
2171 865 2629 1480
2171 865 2629 1381
2196 1248 2587 1480
2679 582 3120 1547
2737 1339 3078 1505
2387 133 2745 890
2279 2870 3120 4160
0 0 815 1040
782 0 3120 3261
341 2196 840 2662
565 2196 840 2604
1963 1356 2537 2005
0 1356 1855 3070
141 2462 740 3070
266 2462 740 2828
0 2903 224 3236
2113 0 2778 840
2113 0 2778 732
2229 0 2778 715
2279 2928 3120 4160
2279 3045 3120 4160
2279 3286 3120 4160
0 2446 2088 4160
0 1356 1855 2679
2229 0 2537 715
2421 174 2745 890
2820 582 3120 1547
1963 1356 2387 2005
1963 1356 2387 1980
1996 3719 2288 3960
141 1539 465 1896
0 0 698 1040
0 1356 1855 2645
1813 2412 2437 3120
0 2504 2088 4160
1372 3003 1988 3261
1522 3003 1988 3236
2512 174 2745 757
2529 232 2745 757
1813 2412 2429 3120
1813 2512 2279 3120
1888 2512 2279 3120
1888 2570 2279 3120
1888 2570 2221 2912
2113 224 2421 732
2853 582 3120 1264
2171 865 2604 1281
1664 374 1921 615
2471 1639 3120 2005
2496 1639 3120 2005
0 2504 1614 4160
973 3960 1447 4160
2862 582 3120 1264
2862 782 3120 1264
1447 3211 2088 4160
1447 3402 2088 4160
2895 199 3120 557
0 0 698 640
0 0 698 582
2387 0 2778 257
1322 1788 1855 2421
1322 2171 1797 2421
2096 1730 2412 1996
141 1539 465 1780
1406 2171 1797 2387
1896 3411 2138 3727
1963 1356 2304 1980
2013 1514 2304 1980
2612 1639 3120 2005
2612 1639 3120 1996
0 582 1156 1888
366 440 690 1040
923 3211 1614 3885
1447 1788 1855 2271
1447 1788 1813 2246
2637 1738 3120 2221
1480 1921 3120 3261
1480 1930 2204 3186
1547 1930 2204 3186
1672 1930 2204 3186
0 2504 1530 4160
1447 3569 2088 4160
2612 1705 3036 1996
782 0 3120 2121
782 0 2404 1073
1530 582 1805 1073
2279 3294 3120 4160
0 2612 1530 4160
1655 0 3120 2121
2030 1921 3120 3261
0 582 1156 1805
0 582 1023 1572
0 1356 1555 2645
923 3211 1505 3885
923 3211 1372 3885
1672 2038 2196 3186
782 0 2404 815
1447 3569 1996 4160
2354 224 2604 873
2371 224 2604 807
2412 224 2604 807
0 2612 1497 4160
0 2612 1497 3494
324 2612 1497 3369
324 2612 1406 3369
324 3028 790 3369
0 1788 1555 2645
782 0 2296 815
2013 0 2404 332
2013 58 2346 332
1064 2279 1555 2645
0 582 565 1131
0 1788 1431 2512
0 1788 798 2512
0 1863 798 2512
1813 2038 2196 2687
782 0 2296 657
782 0 1672 657
782 0 1530 599
782 0 1456 574
1015 166 1456 574
457 2803 782 3111
2030 2129 3120 3261
2387 2129 3120 2837
2487 3294 3120 4160
1980 2179 2146 2529
2030 2163 2862 3261
0 2995 540 3494
0 3028 407 3494
1655 490 3120 2121
923 3211 1372 3777
432 3045 790 3369
2487 3402 3120 4160
2487 3818 3120 4160
2487 3835 3120 4160
2620 0 3120 715
2620 0 3120 557
2537 3835 3120 4160
58 956 1023 1572
158 956 1023 1572
1530 582 1805 956
923 0 1522 357
1015 0 1522 357
2030 2238 2862 3261
2113 2246 2862 3261
0 2953 1231 4160
1655 607 3120 2121
2013 607 3053 1347
2254 632 3053 1347
2254 632 3053 1289
2279 707 3053 1289
2279 798 3053 1289
2471 931 3020 1289
2471 931 2803 1189
33 0 698 565
141 0 698 565
0 1356 341 1880
1738 49 2055 815
1480 2487 1872 2887
0 3169 357 3494
1447 3569 1905 4160
2479 2129 3120 2837
765 1131 1173 1381
707 1938 1431 2412
1655 881 3120 2121
1655 881 2321 1514
1397 149 1672 657
1672 2620 2055 3186
0 3045 1181 4160
1672 2620 2055 2986
2129 1347 3120 2121
2129 1347 2845 2121
2129 1397 2845 2121
2279 798 3053 1056
158 956 765 1539
2712 3835 3120 4160
216 0 698 565
2487 490 3120 940
1946 906 2196 1189
2670 707 2995 956
2712 0 3120 557
1614 3569 1905 4160
1614 3569 1905 4043
2620 3402 3120 3868
2620 3511 2995 3868
2712 0 3120 407
374 1480 823 1888
232 1106 765 1539
1738 49 2055 507
91 1863 707 2146
782 0 1239 507
0 898 216 1281
2113 2421 2862 3261
2113 2620 2862 3261
374 1572 657 1888
532 3045 1181 3910
807 3045 1181 3694
0 582 349 940
0 3727 1056 4160
91 3735 1056 4160
2379 1397 2845 1988
2362 2620 2862 3261
2362 2704 2862 3261
2113 2812 2545 3186
0 2046 798 2512
158 956 715 1472
2362 2704 2862 3236
490 0 698 432
2479 2129 3120 2662
2695 2271 3120 2662
0 2046 798 2471
116 2046 798 2354
657 2612 1406 3120
2279 3985 2595 4160
1805 3976 1996 4160
1256 3960 1447 4160
973 3960 1364 4160
1447 3943 1755 4160
91 3943 732 4160
2487 3935 2687 4160
2537 3927 2870 4160
1614 3877 1797 4043
2288 3868 2504 4126
1705 3868 1905 4160
291 3868 723 4126
1913 3852 2154 4051
2778 3835 3120 4085
2570 3835 2812 4001
981 3818 1206 4051
1530 3793 1705 4018
2030 3777 2288 3960
2021 3768 2404 4160
1838 3768 2038 4085
141 3760 341 3993
973 3752 1156 3960
590 3744 873 4043
657 3735 1056 4160
0 3727 208 4068
931 3694 1098 3885
133 3694 324 3877
1189 3669 1364 3902
2238 3635 2454 3868
1872 3635 2055 3910
507 3635 798 3810
2620 3627 2887 3868
208 3594 416 3860
1181 3585 1514 3935
1106 3585 1289 3860
973 3585 1248 3777
1530 3577 1747 3885
1156 3577 1597 3985
1630 3569 1905 3968
341 3544 607 3902
224 3519 449 3752
2670 3511 2995 3727
2154 3511 2437 3752
532 3511 965 3910
1381 3486 1755 3694
0 3486 232 3702
74 3477 307 3960
2396 3419 2629 4018
2129 3411 2429 3727
2795 3402 3120 3660
1639 3402 1830 3669
1239 3377 1431 3644
1331 3352 1614 3660
133 3319 357 3494
1930 3303 2096 3569
807 3303 1148 3694
515 3303 923 3644
2795 3294 2986 3536
2903 3286 3078 3552
1730 3286 1938 3477
1489 3286 1680 3527
1073 3253 1248 3461
0 3253 274 3536
1738 3219 1938 3436
1331 3219 1505 3452
2654 3211 2878 3602
1572 3211 1763 3402
923 3211 1372 3694
249 3203 582 3585
0 3169 307 3361
2595 3144 2778 3328
1123 3144 1306 3344
2138 3103 2487 3269
673 3078 898 3469
2096 3070 2304 3269
2903 3045 3120 3303
815 3045 1181 3377
457 3045 790 3278
324 3028 532 3269
83 3028 407 3228
2462 3020 2670 3261
2762 3011 2978 3361
1672 3003 1988 3236
1372 3003 1589 3261
2570 2995 2745 3253
1181 2970 1397 3303
748 2970 998 3153
1688 2953 1996 3186
915 2953 1231 3153
2862 2928 3120 3153
2446 2912 2629 3161
2346 2903 2545 3153
574 2903 782 3111
0 2903 224 3203
2005 2887 2279 3120
2920 2870 3120 3061
1813 2870 1996 3053
1322 2862 1530 3061
2454 2820 2862 3236
1064 2820 1264 2986
2113 2812 2479 3186
2055 2803 2279 3020
457 2803 707 3103
1422 2770 1655 2953
2737 2753 3003 3078
1214 2745 1497 3103
282 2728 565 2945
2362 2704 2720 2970
2121 2695 2354 2920
1639 2687 1872 2887
657 2687 1106 3120
1888 2679 2188 2912
490 2670 690 2845
1830 2620 2055 2870
965 2612 1406 3078
2812 2604 3120 2837
266 2545 565 2828
0 2520 224 2978
1422 2512 1664 2753
1630 2504 1946 2828
141 2504 374 3070
1480 2487 1680 2728
648 2479 832 2762
823 2462 1056 2679
557 2462 740 2795
782 2446 1040 2778
2695 2429 3120 2662
2387 2429 2853 2704
2279 2421 2529 2795
1206 2421 1564 2745
2063 2412 2429 2895
1064 2404 1322 2645
931 2387 1106 2562
2479 2371 2662 2595
0 2362 191 2870
1547 2337 1805 2545
341 2337 657 2662
1813 2329 1996 2687
1098 2288 1347 2471
1156 2279 1555 2554
2695 2271 2953 2504
2321 2246 2579 2537
2030 2238 2396 2570
0 2238 648 2471
2870 2204 3120 2396
565 2196 757 2487
2163 2163 2471 2346
748 2154 1015 2446
2479 2129 3020 2396
2421 2129 2803 2446
915 2113 1198 2437
782 2104 1064 2271
399 2104 798 2288
1664 2046 1955 2229
116 2046 590 2354
1888 2038 2196 2429
0 2038 199 2271
2479 2013 2828 2204
2637 1996 2986 2221
1064 1996 1431 2412
1447 1946 1747 2246
707 1938 1322 2371
2337 1930 2520 2113
2129 1930 2462 2121
2945 1921 3120 2304
349 1913 707 2146
1322 1880 1547 2188
0 1872 166 2038
91 1863 416 2113
2496 1805 2720 1971
2612 1797 2928 1996
1697 1788 1913 2096
1572 1788 1813 2146
199 1788 374 2005
890 1755 1231 2080
357 1747 873 1963
2837 1738 3120 2188
2238 1730 2412 1996
2770 1705 3036 1905
2379 1639 2845 1988
690 1639 1081 1805
0 1639 341 1880
2038 1630 2387 1855
374 1572 657 1772
1896 1564 2146 2046
1023 1547 1422 2096
141 1539 449 1780
2030 1514 2304 1763
673 1497 1156 1805
557 1480 823 1705
2737 1456 3120 1639
532 1414 723 1622
2496 1397 2770 1705
807 1397 1106 1572
1963 1356 2171 1589
0 1356 224 1713
2154 1347 2612 1614
149 1322 482 1572
1605 1281 1813 1530
2554 1264 2737 1497
2196 1264 2404 1431
2346 1248 2587 1480
58 1248 249 1456
1264 1231 1772 1971
232 1231 657 1539
532 1223 1023 1572
1073 1214 1322 1630
2679 1206 2920 1431
2412 1206 2629 1381
1223 1198 1389 1406
1522 1189 1847 1381
1098 1181 1730 1980
0 1139 183 1464
482 1106 765 1356
2820 1098 3120 1547
2529 1073 2728 1289
931 1073 1139 1289
773 1064 965 1281
2595 1048 3020 1289
2229 1031 2396 1223
1497 1023 1697 1214
2728 998 2928 1189
1098 981 1356 1389
665 981 948 1272
158 981 549 1472
1946 956 2129 1189
432 956 715 1397
2570 948 2803 1189
1331 948 1572 1322
0 915 216 1281
0 898 216 1064
648 890 915 1131
1655 881 2321 1480
341 873 565 1131
624 848 832 1040
2953 840 3120 1264
1422 840 1605 1056
940 840 1164 1131
2279 798 2712 998
2862 782 3120 1015
1056 765 1297 1048
1530 748 1805 956
307 748 557 931
1256 740 1422 1148
465 723 665 1040
2853 715 3036 915
2421 715 2604 890
2787 707 2995 956
2670 707 2920 923
673 698 973 1073
1838 665 2204 998
1372 648 1580 906
2487 640 2878 940
1763 640 1996 865
0 640 191 848
2013 607 2288 948
1688 607 1888 773
2337 599 2520 840
1555 582 1772 773
1980 549 2171 881
790 549 998 807
1439 532 1605 798
457 524 773 823
1780 507 2013 815
2728 490 3120 840
665 490 973 865
881 474 1114 640
873 474 1239 931
2346 465 2537 715
424 457 632 640
1040 440 1389 881
690 440 998 682
366 440 690 815
1173 432 1472 707
2837 391 3045 557
2188 357 2421 732
1921 357 2188 624
1206 349 1456 574
0 349 266 582
282 341 457 765
1505 332 1672 532
840 249 1239 507
1822 232 2055 507
1356 232 1530 599
158 232 324 432
2412 224 2595 474
2171 216 2337 615
1713 216 1930 399
1597 208 1772 599
2936 199 3120 557
1015 166 1281 391
1397 149 1647 657
1505 141 1722 382
2387 133 2579 341
2013 108 2229 332
532 108 698 432
332 108 507 341
732 58 906 449
1738 49 2005 241
1938 24 2154 357
2820 0 3120 407
2712 0 3020 374
2620 0 2845 299
2554 0 2803 224
2562 0 2778 191
2387 0 2579 257
2229 0 2437 482
2171 0 2404 191
923 0 1131 208
782 0 1114 357
624 0 815 391
490 0 698 216
216 0 632 565
0 0 208 382
1098 1181 1913 1980
1788 1772 2030 2113
1872 3635 2154 4051
0 0 3120 2387
1098 1181 1772 1980
0 1480 3120 4160
0 2970 2978 4160
1722 1264 1913 1872
282 249 599 1131
2387 0 2803 341
1813 1572 3120 4160
282 249 565 1131
2096 3070 2487 3328
1813 1605 3120 4160
1073 1198 1389 1630
0 0 1647 2271
1422 0 3120 2387
599 790 832 1040
291 1164 457 1480
1073 3577 1705 4151
1156 3577 1705 4151
0 1480 2196 3702
291 3744 873 4126
1772 3436 2088 4160
740 1372 1422 2096
740 1372 1123 1572
1772 3436 1955 3777
141 74 366 324
1838 3768 2088 4160
748 2953 1231 3153
2537 2995 2978 3910
2179 1023 2396 1223
624 0 1089 898
1256 815 1572 1322
1805 0 3120 1164
624 0 998 865
624 0 973 865
282 341 457 848
2030 3727 2288 3960
624 0 906 499
2637 1738 3120 2304
0 2129 1040 3203
624 0 815 499
2121 216 2421 840
0 2970 2629 4160
133 3519 449 3877
2279 1073 3078 1505
2279 1206 3078 1505
307 748 565 1131
1156 3577 1705 4018
232 2878 540 3144
232 2936 540 3144
2096 3070 2321 3328
2121 357 2421 840
2570 2995 2978 3602
1697 3111 2629 4160
1697 3219 1938 3644
1697 3286 1938 3644
1572 1505 1996 2387
1572 1505 1996 2238
1256 948 1572 1322
0 2970 1996 4160
74 3319 357 3960
1422 33 1688 216
291 3852 723 4126
1572 1505 1955 2229
1572 1788 1955 2229
399 3544 798 3810
0 1480 1547 2679
1322 1880 1547 2254
1872 3111 2629 4160
0 1480 1431 2679
0 1946 2196 3702
0 1322 482 1722
149 1322 482 1722
2845 2063 3120 2595
2845 2204 3120 2595
2421 2129 2845 2562
1813 1763 2579 3186
2096 1763 2462 2121
2096 1763 2279 2005
1422 0 3120 2088
2346 1206 3078 1505
2346 1206 2737 1497
1422 0 3120 1763
1813 2080 2579 3186
2113 2080 2396 2296
1938 8 2196 440
1813 2179 2579 3186
1888 2179 2579 3186
1888 2246 2579 3186
2005 2246 2579 3186
1331 3352 1830 3694
1331 3352 1755 3694
1605 1281 1813 1605
0 2312 1040 3203
1863 1356 2587 2088
2662 1206 2920 1431
1747 507 2013 923
366 440 1297 1289
2021 3768 2504 4160
1422 2512 1872 2895
0 0 274 399
2595 3011 2978 3602
1971 1605 3120 4160
0 2362 1040 3203
931 3694 1156 3960
1872 3111 2629 4018
2013 607 2662 1431
1456 923 1747 1214
1123 2970 1763 3527
1123 2970 1680 3527
1805 940 2055 1164
1971 1605 3120 3585
2496 1639 3120 2046
2529 1639 3120 2046
2529 1705 3036 2046
1530 2687 1872 2895
1838 0 3120 998
457 524 1297 1289
673 698 1297 1289
931 765 1297 1289
565 2129 840 2487
1863 1356 2587 2046
2038 1530 2587 1855
1896 3411 2429 3727
2013 607 2662 1347
1123 2970 1505 3452
2412 1206 2737 1497
0 3211 1996 4160
0 0 208 399
1921 0 3120 881
1980 0 3120 881
1980 224 2238 881
2154 3419 2629 4018
1872 3111 2096 3644
0 2362 1040 3111
0 2446 1040 3111
141 2446 1040 3111
2013 0 3120 873
1181 2970 1505 3452
1971 3644 2221 3868
782 0 1647 1389
2229 0 3120 873
0 1480 1322 2662
782 0 1647 931
0 3211 1431 4160
1863 1356 2171 2046
2812 2604 3120 2936
1572 1788 1913 2146
1256 3569 1996 4160
0 2612 1996 3702
432 3078 898 3469
2254 632 3120 1639
2279 707 3120 1639
2670 707 3120 1639
2720 1456 3120 1639
2229 0 3120 807
2013 2080 2520 2570
2670 707 3120 1547
2820 840 3120 1547
782 0 1647 881
0 0 1173 2271
748 1996 1431 2679
1763 507 2013 865
0 1788 416 2271
0 1946 257 2271
1064 1946 2196 3095
2670 707 3120 1015
2113 2246 2579 3186
2121 2246 2579 2920
2279 2246 2579 2795
1256 3943 1755 4160
1422 0 2770 1763
1422 0 2296 1056
2529 1797 2928 2046
1530 3569 1996 4160
2229 0 3120 748
2371 0 3120 748
2371 174 2637 549
2604 0 3120 748
266 2446 1040 3111
266 2446 1040 3103
282 2670 707 3103
457 2670 707 3103
1913 3303 2096 3644
0 0 1173 1888
0 0 715 1472
1064 2038 2196 3095
2013 2163 2471 2570
2654 3011 2978 3602
823 2462 1206 2679
1505 141 1722 532
1522 881 2770 1763
1422 2770 1713 3095
0 2005 257 2271
2238 1605 3120 3078
2238 1605 3120 2662
0 3669 732 4160
0 3727 732 4160
748 1996 1431 2562
2387 2371 3003 3078
940 765 1297 1131
0 1480 1322 2512
1048 1813 1306 1980
1530 3569 1905 4160
2620 3045 3120 3960
2371 224 2595 549
2279 3835 3120 4160
1971 2620 2862 3585
2346 2828 2579 3153
1863 1356 2171 1672
2837 291 3045 557
1422 374 1921 1056
0 956 715 1472
0 1139 249 1464
0 890 1173 1888
0 1414 723 1888
0 1539 657 1888
1406 1946 1855 2545
1406 2129 1855 2545
1406 2171 1805 2545
1547 2229 1805 2545
1098 532 1605 1389
0 0 698 1281
0 232 349 1281
1522 881 2612 1763
1522 881 2321 1514
1064 2038 2196 2986
1206 2038 2196 2986
91 1788 416 2113
1372 532 1605 906
2604 0 2845 748
2604 232 2845 748
2604 316 2845 748
1322 2862 1996 3261
1322 2862 1988 3261
1372 3003 1713 3261
2787 707 3120 1015
1530 3569 1905 3968
2387 2371 2887 2778
266 2446 1040 3003
266 2462 898 3003
0 1539 657 1880
1064 2263 1580 2645
532 3211 1431 4160
923 3211 1431 4051
981 3585 1364 4051
1106 3585 1364 3902
0 1480 1081 2512
2487 590 3020 940
2620 3045 3120 3868
923 3211 1431 3777
1422 582 1805 1056
1422 748 1805 1056
2238 1639 3120 2662
2238 1639 2845 1996
2362 2620 2862 3236
782 0 1647 707
1431 0 2296 507
232 890 1173 1572
232 1106 1173 1572
532 1131 1173 1572
782 0 1647 657
782 0 1131 357
2013 607 2604 1281
2337 1930 3120 2662
1480 2038 2196 2986
1480 2296 2055 2986
1672 2329 2055 2986
1480 2296 1946 2828
532 3511 1056 4160
1630 0 2296 507
1630 0 2296 399
2387 2429 2887 2778
648 2479 898 3003
840 166 1472 707
840 166 1456 574
840 166 1281 507
0 366 349 1281
915 1996 1431 2562
0 366 349 1064
0 1480 1081 2471
349 1480 1081 2146
357 1480 1081 1963
0 2612 1497 3702
0 3028 1181 3702
324 3028 790 3278
557 1480 1081 1921
1015 0 1647 657
2030 1347 2612 1763
1813 2329 2055 2870
2795 3045 3120 3660
2903 3045 3120 3552
2030 2163 2471 2570
0 366 349 940
2595 998 3020 1289
2662 316 2845 715
657 2612 1497 3120
0 3045 1181 3702
0 3169 582 3702
0 1539 449 1880
2362 2620 2720 2970
1522 881 2321 1480
0 3169 307 3702
2479 2013 3120 2662
2479 2013 3020 2504
1480 2487 1946 2828
349 1913 848 2146
690 1639 1081 1921
1713 49 2005 399
515 3045 1181 3694
2487 3927 2870 4160
915 1996 1431 2437
2479 2013 3020 2396
0 3253 274 3702
2179 216 2362 632
1023 1031 1805 2096
1023 1031 1805 2063
1023 1031 1755 2063
1023 1031 1572 2063
599 432 1023 1139
1048 1031 1572 1896
216 1406 599 1614
