0 0 2985 5312
1264 0 1848 467
743 1731 1412 2337
1243 2772 1625 3059
499 0 945 254
2677 1306 2985 1912
1933 276 2985 1243
573 2029 913 2252
2432 2358 2985 2740
2475 3845 2847 4387
0 0 1476 1126
0 0 1306 1126
1508 1636 1986 2050
1423 53 1646 520
563 2772 796 3176
1933 276 2910 1243
1933 276 2730 1243
106 0 573 361
106 0 339 244
424 3282 679 3814
1710 4929 2007 5312
1359 679 1954 1232
0 2804 701 3527
1922 4440 2443 5025
1922 4440 2443 4844
2209 2783 2602 3027
2432 2358 2985 2698
1699 4026 1997 4345
180 4122 1338 5312
180 4122 1030 5312
180 4122 998 5131
690 4313 998 5131
1604 2974 2018 3410
1604 2974 2018 3367
0 488 594 966
0 552 594 966
2698 4855 2985 5248
0 690 350 966
711 4940 1030 5312
0 648 2985 5312
2262 4387 2985 4823
2262 4451 2985 4823
2262 4451 2900 4823
159 3442 1211 4047
159 3612 945 4047
478 3622 945 4037
892 4387 1338 4897
1636 2369 1859 2719
520 0 2985 2347
520 0 2985 1752
956 796 2347 1752
1051 796 2347 1752
1699 4037 1976 4302
1582 722 2985 2347
2007 722 2985 2347
2007 1168 2645 1901
860 1487 1540 1891
180 4122 892 5120
244 4122 658 4557
244 4122 541 4493
0 2804 382 3261
0 648 1636 2634
956 945 1636 1359
1147 1126 1636 1359
159 3612 679 4047
520 0 2985 988
520 0 2294 988
0 1710 2985 5312
0 2602 701 3112
0 2602 701 3102
2177 722 2985 2347
0 648 1221 2634
1519 159 2294 892
1519 159 2135 818
998 3697 1306 3962
1104 3219 1869 3782
1274 3219 1869 3675
1519 159 2082 786
796 2942 1476 3463
796 3027 1476 3463
796 3027 1402 3463
977 1487 1540 1891
2486 1742 2985 2347
2592 1742 2985 2347
0 648 1062 2634
2177 722 2985 2167
2613 722 2985 1508
520 0 2252 988
2347 2772 2985 3474
2347 3091 2985 3474
254 0 573 361
818 2326 2273 3102
1168 2326 2273 3102
1519 159 1997 711
159 3697 573 4047
2613 722 2985 1370
0 3697 871 5312
95 1710 2985 5312
977 1487 1338 1827
509 4122 892 4887
0 3505 456 3750
2177 1158 2825 2167
2656 2772 2985 3250
1519 159 1880 658
0 648 1062 2560
435 1030 796 1529
1136 4918 1444 5280
1211 4918 1444 5280
0 3771 871 5312
0 648 1062 2422
977 4387 1338 4897
1582 1423 2252 1944
1880 1423 2252 1944
0 3845 871 5312
722 3920 1126 4249
0 807 1062 2422
1912 2815 2475 3229
1986 2889 2475 3229
881 2953 2985 5312
2273 2953 2613 3282
1168 2326 1678 2709
95 1710 2985 3750
881 3017 2985 5312
956 1710 2985 2549
0 3952 871 5312
0 3952 764 5312
1232 2369 2273 3102
2592 2188 2985 2496
95 2050 2985 3750
1636 0 2985 648
1710 0 2985 648
637 4122 892 4578
138 648 669 1136
159 648 669 1136
1540 924 1784 1211
956 1816 2209 2432
1901 1710 2985 2549
1901 1710 2910 2549
2220 1976 2910 2549
2220 1976 2910 2475
1901 1710 2305 2241
0 3952 722 4982
0 2602 701 2974
1944 1922 2305 2241
881 0 2252 988
1614 361 2252 988
743 988 1030 1328
828 2783 1774 3314
1264 2985 1774 3314
1466 3420 2486 3994
1466 3548 2486 3994
0 3952 626 4982
0 3952 626 4918
0 4132 520 4918
1317 1721 1529 2039
2273 1976 2910 2475
138 3952 626 4292
95 2751 1508 3750
95 2815 1508 3750
95 2910 1508 3750
95 2910 1508 3675
95 2910 1317 3675
95 2910 1136 3675
509 2910 1136 3675
509 2910 1062 3675
520 2910 1062 3675
605 2910 903 3240
956 1816 1976 2432
956 1891 1976 2432
1466 3601 2486 3994
1466 3601 2188 3994
0 4802 764 5312
0 807 1041 2422
0 1328 1041 2422
1604 3017 2985 4122
2262 138 2985 648
956 1891 1976 2369
0 1328 711 2422
1232 2369 2029 3102
1232 2560 2029 3102
191 2050 2985 3293
191 2050 2007 2794
956 1891 1699 2369
1189 1891 1699 2262
1604 3017 2985 4015
1604 3017 2369 3590
0 807 541 1455
0 4228 520 4918
881 3665 2985 5312
0 1328 594 2422
0 1869 594 2422
1965 3091 2985 4015
796 1009 1030 1328
924 4398 1763 5312
1136 4398 1614 5014
2294 4632 2985 5312
881 3665 2825 5312
2114 3920 2825 4685
1922 2262 2985 3293
1922 2262 2772 3293
1922 2262 2719 3006
0 1328 499 2061
191 2050 1880 2794
1922 2262 2602 2751
1965 3102 2985 4015
1763 2432 2411 2932
1763 2432 2188 2932
0 4802 754 5312
881 3665 2496 5312
988 3665 2220 4398
988 3665 1891 4323
1317 3856 2220 4398
0 1944 244 2422
881 4143 2496 5312
1030 4143 2496 5312
988 3665 1646 4323
988 3665 1646 4217
191 2050 1551 2794
382 2146 1551 2794
1359 4143 2496 5312
1359 4143 1912 4525
552 2146 1551 2794
552 2156 1189 2592
552 2156 1136 2592
1391 4238 2496 5312
1561 4238 2496 5312
1965 3102 2985 3877
1965 3102 2592 3750
924 4663 1763 5312
924 4897 1763 5312
1540 4143 1912 4493
191 2050 478 2571
1593 4653 2496 5312
2061 4908 2496 5312
2124 4940 2496 5312
924 4908 1646 5312
924 4929 1646 5312
1094 4929 1646 5312
1944 4323 2422 4727
2029 2581 2719 3006
2061 4334 2422 4727
1561 4238 2156 4961
626 2146 1551 2794
871 2146 1551 2772
520 3219 1062 3675
0 1444 286 2061
2539 4632 2985 5312
1965 3304 2592 3750
1593 4653 2199 5195
1094 5035 1466 5312
2124 5025 2464 5312
924 4961 1189 5312
584 4950 871 5269
2592 4929 2847 5312
1784 4929 2007 5280
1402 4929 1646 5312
1551 4897 1763 5312
116 4897 754 5312
0 4802 297 5312
1880 4791 2199 5195
2071 4738 2347 5025
1391 4717 1614 5014
2294 4663 2656 5046
1009 4663 1391 5003
1593 4653 1933 5035
1083 4653 1338 4897
2539 4632 2985 5120
1922 4632 2443 4844
180 4610 637 5120
403 4557 637 4780
2549 4504 2900 4823
2262 4451 2549 4748
1136 4440 1412 4791
1561 4419 1806 4738
1306 4398 1614 5014
509 4398 764 4887
2432 4387 2645 4674
977 4387 1221 4706
276 4387 520 4706
2135 4355 2422 4632
2061 4334 2379 4727
1359 4260 1582 4525
1752 4238 2156 4961
0 4228 361 4918
0 4228 223 4504
881 4217 1115 4515
1667 4185 1912 4493
1540 4143 1763 4472
637 4122 892 4408
244 4122 478 4493
2252 4111 2517 4430
1168 4079 1391 4323
329 4058 584 4292
509 4026 722 4419
2337 3973 2613 4355
1317 3941 1986 4355
2156 3930 2825 4610
2114 3920 2634 4685
722 3920 1051 4175
531 3909 839 4345
988 3877 1466 4217
2719 3867 2985 4621
1912 3856 2220 4398
2475 3845 2783 4387
0 3845 223 4281
2188 3835 2634 4122
2581 3792 2879 4015
1625 3771 1891 4058
1752 3750 2188 3994
478 3718 775 4037
998 3697 1306 3909
159 3697 499 4047
0 3697 276 3962
1168 3665 1646 4058
701 3622 945 3973
828 3612 1115 3930
1933 3601 2486 3899
1466 3601 1901 3930
1710 3548 2018 3771
2156 3516 2539 3750
0 3505 297 3750
871 3495 1296 3750
1274 3463 1572 3675
743 3442 1211 3665
594 3442 860 3675
1965 3431 2401 3750
2422 3410 2985 3877
2634 3325 2985 3590
2294 3304 2592 3622
934 3304 1317 3559
796 3240 1083 3463
95 3229 531 3675
1370 3219 1869 3644
520 3219 1062 3527
2347 3197 2985 3474
0 3187 286 3644
53 3176 701 3527
2156 3102 2539 3335
1965 3080 2369 3590
106 3049 382 3261
871 3027 1402 3378
1604 3017 2029 3484
1391 3006 1774 3314
648 2985 903 3240
1604 2974 1869 3367
2369 2953 2613 3282
2507 2942 2772 3293
1126 2942 1423 3250
605 2910 828 3187
2188 2900 2475 3197
1986 2889 2241 3229
2719 2857 2985 3155
254 2815 605 3134
0 2804 254 3250
828 2783 1381 3070
2656 2772 2910 3250
1243 2772 1455 3059
669 2751 892 2974
2581 2666 2985 2900
2337 2656 2719 3006
1232 2645 2029 3102
180 2645 701 2953
1859 2624 2188 2932
0 2602 212 2974
2029 2581 2390 2825
871 2549 1551 2772
382 2528 679 2751
0 2486 467 2762
1179 2475 1444 2709
2188 2464 2602 2751
626 2454 998 2794
1763 2432 2050 2921
1976 2422 2273 2634
1593 2369 2007 2804
1636 2369 1859 2656
2432 2358 2974 2687
0 2347 212 2581
1168 2326 1678 2592
2613 2305 2985 2539
191 2305 478 2571
1922 2262 2262 2496
552 2252 1136 2592
1391 2146 1880 2443
1073 2146 1551 2624
2273 2103 2571 2316
1604 2061 1976 2273
414 2061 626 2560
191 2050 456 2347
573 2039 786 2252
1189 2029 1476 2252
1763 2018 2209 2294
2294 1976 2910 2475
956 1976 1285 2369
786 1954 1147 2241
2592 1933 2985 2347
2050 1922 2305 2241
1158 1912 1370 2167
1391 1891 1699 2262
169 1869 594 2167
2486 1806 2709 2199
881 1806 1264 2039
616 1784 977 2071
531 1774 786 2018
2624 1742 2985 2167
244 1721 711 1986
2177 1710 2422 2146
1901 1710 2284 2007
1986 1699 2252 1944
1721 1657 1986 1922
1508 1636 1880 2050
244 1625 488 1869
1232 1519 1540 1891
1582 1508 1976 1806
977 1487 1243 1827
637 1487 1041 1806
2677 1466 2985 1912
350 1444 626 1837
1880 1423 2135 1827
84 1328 499 1731
2677 1306 2942 1614
488 1306 913 1869
956 1274 1434 1721
2751 1264 2985 1508
2007 1264 2486 1901
509 1253 828 1604
849 1211 1062 1540
2018 1179 2337 1455
1051 1179 1444 1455
2294 1168 2645 1519
2252 1158 2825 2167
966 1136 1221 1423
435 1041 669 1529
956 945 1412 1243
233 945 541 1455
2613 818 2985 1370
0 807 329 1455
1264 796 2347 1752
509 796 1083 1126
0 754 350 966
913 743 1370 1104
382 743 669 1136
1646 679 1965 998
159 648 446 977
2220 573 2730 1243
1614 573 1859 786
2677 552 2985 924
127 552 594 839
1370 531 1689 977
2624 499 2910 775
1136 499 1476 998
2071 488 2294 892
339 488 594 722
1731 361 2252 988
1933 276 2316 605
818 233 1147 658
2262 169 2677 584
2326 138 2985 648
1710 0 2932 509
1317 0 1848 233
881 0 1625 616
499 0 839 254
0 0 1306 977
0 0 2985 2634
520 0 945 361
818 4058 1083 5078
0 552 594 934
0 0 2985 2581
0 1891 2985 5312
1051 1051 1466 1455
0 1891 2985 4355
0 3282 2985 5312
2294 1147 2815 1519
0 552 594 839
2114 2740 2411 3059
818 2549 1551 3059
1243 2772 1497 3059
1710 3548 2029 3771
0 2602 701 3962
818 0 2985 1508
818 0 2985 1243
478 4122 892 5131
244 679 2985 2549
0 0 1370 2581
1168 1519 1540 2039
1232 1519 1540 2039
478 4122 892 5099
478 4238 828 5099
1423 53 2294 892
1667 4037 1976 4493
424 3282 733 3867
488 3601 733 3867
2656 2772 2985 3335
1243 3197 1572 3675
1253 3197 1572 3675
1253 3197 1529 3516
818 233 1391 658
0 3622 2985 5312
0 0 1306 2581
2613 499 2985 1508
2124 1306 2985 2549
1710 4908 2252 5312
509 4238 828 5099
1136 4260 1614 5280
0 2602 297 3962
0 1891 2602 3250
1126 2942 1466 3250
1784 4908 2252 5312
1784 4929 2082 5312
0 1891 2602 3176
0 1891 2602 3102
509 4238 828 4887
1136 4260 1614 5014
1306 4260 1614 5014
456 1954 764 2252
244 679 2825 2241
0 3622 1051 5312
95 2624 2985 4355
1604 2815 2475 3612
1604 2815 2475 3484
1604 2815 2241 3484
1604 2889 2241 3484
1604 3017 2039 3484
0 3845 626 4504
0 3867 626 4504
1423 53 2082 786
1423 53 1997 711
956 679 1954 1423
956 679 1954 1359
1359 679 1954 1359
424 3399 679 3814
2124 1742 2985 2549
2273 1742 2985 2549
244 796 2825 2241
2273 1806 2709 2316
254 2751 892 3176
1168 2326 1678 2719
0 2602 297 3750
2294 1742 2985 2549
106 0 839 361
254 0 839 361
2124 2167 2401 2475
563 2029 913 2358
509 743 1370 1296
254 0 839 254
956 1912 1476 2432
818 2549 1551 2921
0 3952 626 4504
2592 1742 2985 2369
0 3909 1051 5312
1051 1126 1455 1455
881 0 2985 1243
244 796 2825 2167
244 1625 1051 2071
1317 0 2985 1243
1721 1423 2305 2241
796 3240 1136 3505
350 1009 1062 1869
435 1009 1030 1604
881 3845 2985 5312
881 4217 1391 5088
924 4323 1391 5088
924 4387 1391 5088
0 3909 871 5312
276 3909 839 4706
276 4164 541 4706
2294 1976 2985 2549
1317 0 2985 924
1731 276 2730 1243
1136 499 1689 998
1179 2443 1657 2719
1179 2475 1466 2719
1317 0 2985 648
244 1721 1051 2071
509 1009 1030 1604
0 4058 871 5312
509 796 1083 1296
892 2624 2985 4355
1667 4079 1912 4493
1721 1423 2252 1944
509 3909 839 4419
531 1763 1051 2071
531 1774 977 2071
31 3952 626 4292
924 3845 2985 5312
2114 3845 2985 5312
2114 3920 2985 5312
2114 3920 2985 5248
2262 4451 2985 5248
956 1912 1476 2369
1158 1912 1476 2252
892 3601 2634 4355
0 648 669 2581
1965 2624 2985 4015
1965 2624 2985 3877
1965 2656 2985 3877
1965 2836 2985 3877
0 2602 286 3644
95 2783 1901 4058
106 2825 658 3261
892 3877 1986 4355
892 3877 1466 4323
2581 2624 2985 2900
2294 1976 2910 2549
509 1126 977 1604
924 3856 2656 5312
2071 4663 2656 5312
2114 3920 2900 4823
350 1211 1062 1869
0 743 669 2581
0 743 669 2560
637 796 2825 2167
637 1274 1434 2039
881 1274 1434 2039
956 1274 1434 1827
0 2804 286 3644
924 3856 2422 5312
924 4663 1391 5088
244 4058 584 4493
605 2910 1094 3240
0 2050 679 2762
350 1306 913 1869
2029 393 2294 892
2337 3845 2985 4621
871 3495 1466 3782
2124 4663 2656 5312
180 1891 2602 3102
1232 2146 2602 3102
1391 2146 2602 2825
1646 2220 2602 2825
1264 796 2825 2167
637 1391 1041 1806
1965 2942 2985 3877
1264 796 2347 2050
254 2772 701 3176
1508 1636 1954 2050
1752 3601 2634 4122
1519 159 1784 648
924 4143 2422 5312
892 3877 1466 4313
0 743 669 2167
0 1869 594 2167
881 4217 1115 4738
1168 2974 1901 4058
1168 3219 1901 4058
1752 3750 2634 4122
0 743 669 2061
95 2783 1402 3675
1763 2422 2273 2921
924 4143 2199 5312
1540 4143 2199 5312
1540 4143 1806 4738
180 1891 2209 2953
0 743 669 1731
1922 2262 2602 2825
1965 2942 2772 3750
106 2825 382 3261
0 4228 871 5312
116 4897 871 5312
191 2050 679 2751
2007 1158 2825 2167
1370 3219 1869 3675
2156 2942 2772 3335
2369 2942 2772 3293
2029 2464 2602 2825
1073 1891 2209 2624
2156 3410 2985 3877
0 743 669 1455
2262 4451 2985 5120
1232 2369 2188 3102
180 2252 1136 2953
180 2454 998 2953
191 2305 679 2751
520 2783 1402 3675
1168 3601 1901 4058
159 3559 499 4047
520 3219 1211 3675
1391 1891 2209 2294
1604 2018 2209 2294
2475 3845 2985 4621
924 4961 1466 5312
1232 2624 2188 3102
1965 3080 2401 3750
828 2783 1402 3559
1391 2974 1869 3367
84 1189 499 1731
1710 0 2932 584
0 4228 361 5312
1551 4238 2199 5312
594 3442 1211 3675
828 2783 1402 3378
1551 4653 2199 5312
903 1731 1412 2252
977 424 1551 1051
95 3229 594 4068
478 1253 1073 1869
520 1253 1073 1869
0 0 1349 1529
0 0 1253 1529
0 0 1253 1136
297 648 541 934
95 3229 594 3814
2061 3835 2549 4270
1104 4897 1774 5312
1232 2432 2039 3463
1232 2475 2039 3463
1232 2475 2039 3304
1200 3803 1412 4058
520 0 934 265
1370 679 1976 1232
1423 690 1901 1232
116 0 2985 2347
1381 849 2985 2347
1381 849 2985 2167
0 435 2985 5312
860 1158 1954 2188
998 1158 1954 2188
998 1158 1572 1859
998 1158 1561 1721
2592 1997 2985 2347
2666 2804 2985 3335
116 0 2985 1444
403 0 2985 1444
764 0 2985 1444
764 0 2294 1200
1391 1678 1954 2188
2103 84 2985 1444
2103 84 2985 1221
180 3612 1104 5099
180 4536 764 5099
180 4610 637 5099
2103 84 2985 648
818 2783 1423 3250
2369 1126 2985 1444
1051 1158 1561 1721
1051 1243 1561 1721
1338 0 2985 499
403 828 1030 1529
403 828 1030 1296
2358 2167 2985 3027
2358 2167 2985 2698
2677 3697 2985 4632
2677 3835 2985 4632
478 3612 1104 5088
764 0 2284 1200
764 0 2284 1115
1221 3463 1731 4058
1466 3601 1731 4058
0 435 2953 3250
786 871 1636 1381
849 871 1636 1381
2358 2305 2985 2698
1104 1115 1636 1370
116 0 563 308
478 3845 966 5088
1540 924 1784 1179
0 1976 2985 5312
2347 3123 2985 3548
2687 4536 2985 5248
764 0 1784 839
764 0 1699 839
871 0 1699 839
0 435 594 1104
0 2050 2985 5312
0 3187 1136 5312
0 3644 764 5312
0 3845 764 5312
138 3973 722 4419
350 4026 722 4419
0 871 2953 3250
191 2039 626 2560
191 2039 488 2411
1976 3856 2762 4823
2092 3920 2762 4823
2677 2804 2985 3123
764 233 1296 648
733 1508 2953 3250
2624 733 2985 1296
594 3845 966 5088
594 4015 945 5088
733 1508 1349 2103
0 2294 796 3017
0 871 1041 2422
1158 1657 2953 3250
1158 1721 2953 3250
1158 1721 2953 2751
2709 4536 2985 4982
0 871 924 2422
244 1614 924 2029
0 871 903 2422
0 2050 2985 4600
711 4037 2985 5312
0 2464 1593 4313
0 2751 1593 4313
0 871 764 2422
0 871 764 2273
0 1019 764 2273
2050 2581 2804 3250
1158 1721 2326 2539
711 4037 2879 5312
1795 1657 2422 2146
0 2751 1593 4015
0 2411 796 3017
0 2751 828 3272
0 3187 1136 3750
892 3973 1466 4313
2050 1922 2953 2751
435 2050 2985 4600
435 2050 1551 2783
807 2719 2985 4600
1200 3888 2220 4557
1625 2369 2411 2932
2050 2581 2719 3006
1168 1922 2326 2539
1381 1922 2326 2539
1519 1922 2199 2316
1646 1922 2199 2316
1646 2018 2188 2316
637 2751 1593 4015
807 2719 1699 3314
1359 2815 2985 4600
0 1593 764 2273
0 435 350 966
711 4377 1636 5312
881 4377 1094 4918
2656 3442 2985 3771
435 2050 1189 2560
637 2751 1593 3984
435 2050 1083 2560
711 4408 1636 5312
1423 4037 2879 5312
1572 4238 2879 5312
1625 2369 2188 2932
2061 4451 2879 5312
2071 4451 2879 5312
711 4632 1636 5312
0 4260 764 5312
1572 4238 2443 5312
1540 5014 1752 5312
711 4940 1179 5312
1104 4929 1646 5312
116 4897 764 5312
2687 4855 2985 5248
881 4695 1094 4918
2539 4663 2879 5312
860 4632 1636 5280
2709 4536 2985 4865
2071 4451 2666 5312
1572 4419 2071 5312
1083 4408 1614 5014
2422 4387 2656 4685
977 4387 1221 4717
0 4260 637 5312
594 4249 828 5088
1752 4238 2443 4982
892 4238 1370 4472
2262 4153 2517 4430
308 4111 541 4440
892 4090 1317 4313
350 4058 584 4270
1423 4037 1976 4493
637 4015 945 4653
2156 3930 2656 4483
1200 3888 2220 4398
605 3845 966 4175
0 3845 371 4504
2677 3835 2985 4589
2061 3835 2422 4175
2231 3792 2825 4600
478 3697 764 3973
148 3697 552 4068
0 3644 456 3952
892 3612 1104 3952
488 3516 1019 3877
1221 3463 1582 3675
934 3463 1593 3984
2656 3442 2953 3675
21 3442 478 3750
2294 3304 2592 3739
1264 3229 1529 3463
95 3229 594 3569
488 3219 1136 3665
0 3187 690 3750
2560 2942 2804 3250
1158 2942 1423 3250
584 2910 828 3176
2666 2815 2985 3335
1359 2815 2985 4037
2677 2804 2932 3080
818 2783 1381 3070
637 2751 1519 3559
0 2751 658 3272
807 2719 1497 3197
2571 2613 2985 3027
1859 2602 2188 2932
690 2464 1551 2783
509 2464 849 2794
1625 2369 2039 2868
2358 2305 2985 2571
95 2294 467 2581
2337 2273 2772 2549
552 2209 1083 2560
233 2177 488 2411
1381 2146 2326 2539
0 2135 244 2422
2592 2103 2985 2347
1646 2061 2114 2316
435 2050 818 2401
1519 2039 1806 2284
191 2039 435 2305
1763 2018 2188 2231
722 2018 1009 2358
1168 1986 1551 2294
966 1976 1593 2719
2188 1933 2953 2751
2050 1922 2475 2241
903 1880 1168 2188
2475 1806 2709 2209
2177 1731 2422 2146
1158 1721 1657 2135
1444 1678 1954 2124
42 1678 764 2273
1795 1657 2284 2007
424 1614 924 2029
1359 1519 1572 1859
1561 1508 2018 1752
1880 1455 2188 1742
669 1391 1041 1880
860 1381 1073 1625
520 1317 881 1869
1051 1264 1444 1721
796 1253 1073 1614
509 1253 903 1593
1264 1243 1561 1636
2305 1200 2985 2167
2294 1158 2666 1519
2698 1136 2985 1444
84 1019 626 1731
648 988 1030 1296
849 871 1529 1381
0 871 308 1561
1381 849 2496 1901
403 828 881 1158
244 828 594 1104
913 807 1232 1115
1721 796 2156 1200
977 733 1370 1051
913 733 1349 1062
1370 679 1976 1062
1721 669 1997 988
2677 594 2985 903
2241 573 2730 1221
329 552 1126 1136
1423 531 1689 839
2602 499 2985 1104
0 435 339 881
1136 424 1551 1009
1487 361 2284 1115
1784 308 1997 711
764 233 1051 584
1466 127 1784 648
2241 84 2985 648
403 74 934 382
1710 0 2985 499
1338 0 1933 223
1317 0 1774 244
871 0 1699 616
520 0 839 233
223 0 563 308
0 0 1253 1019
2209 605 2762 1285
0 0 2985 2751
1561 1508 2018 1837
0 1976 2985 4525
0 3612 2985 5312
1338 0 2985 1444
403 0 1296 648
478 3697 764 4026
0 0 1699 2560
722 690 2985 2751
297 552 1126 1136
1338 0 2985 1296
478 1317 881 1869
1338 0 2985 1221
403 74 1296 648
478 3612 1104 5099
0 3792 2985 5312
1965 4865 2262 5312
1965 4865 2252 5312
722 1115 1657 2358
722 1243 1657 2358
499 4026 722 4419
1466 127 2294 1200
1487 361 2294 1200
1487 361 2284 1200
1051 1115 1636 1370
1328 2432 1657 2730
796 1253 1073 1699
1158 1243 1657 2135
1158 1519 1657 2135
722 1731 1412 2358
