0 0 2985 5312
286 4844 743 5120
892 0 2209 658
892 0 2209 605
1604 3675 2985 4143
1604 3675 2411 4143
1891 3675 2411 4143
541 4865 828 5312
1158 3559 1742 4164
169 1412 626 1710
1115 3208 1561 3814
1168 3208 1561 3814
1083 1158 1328 1423
1593 2666 2486 3357
1593 2719 2379 3357
1593 2868 2379 3357
1593 3017 2124 3357
0 5025 701 5312
0 382 2985 5312
2103 4791 2496 5142
2103 4791 2422 5142
180 3899 1497 4802
254 3899 1497 4802
2677 881 2985 1476
0 0 1922 828
0 0 1136 828
0 0 977 828
0 371 509 828
42 371 509 616
1816 1338 2146 1795
1359 1253 1784 1689
1381 1285 1784 1689
1965 0 2985 1009
998 212 1922 605
1041 212 1922 605
1221 212 1922 605
743 5099 1274 5312
63 0 977 679
1604 3686 2061 3962
1965 0 2985 701
807 3824 2985 5312
1912 3824 2985 4993
2486 531 2985 1009
1944 1253 2985 2347
1944 1253 2985 2177
1593 3080 2039 3357
1667 3080 2039 3357
223 2719 956 3049
0 648 722 1221
0 648 446 1221
1126 1604 1487 1997
1508 4015 1965 4377
169 1412 626 1625
254 3941 1328 4802
63 0 966 679
63 0 945 563
1901 541 2624 1529
1944 1391 2985 2177
1976 3824 2985 4993
2687 4865 2985 5312
807 4292 2985 5312
0 3208 924 4153
0 3208 796 3867
0 3208 701 3867
0 3208 626 3867
0 3314 626 3867
828 1976 2985 3845
1540 4292 2985 5312
1540 4398 2347 5312
329 2241 669 2496
0 1593 563 3431
0 1604 478 3431
658 3867 924 4153
775 3707 2571 4738
2252 3824 2985 4547
467 1667 1848 2666
467 2092 1370 2634
1051 1667 1848 2666
0 2921 467 3431
2539 1253 2836 1699
1997 1030 2539 1529
1551 1976 2985 3845
0 1604 478 2942
945 3707 2571 4738
945 3707 2571 4717
637 254 966 679
743 254 966 679
2464 2698 2985 3442
2464 2698 2762 3442
945 3707 2571 4685
828 2656 1678 3474
849 1497 1221 1859
1051 520 1540 977
0 2921 467 3304
0 2921 467 3134
2082 3261 2985 3729
2188 4292 2985 5312
0 4377 2252 5312
308 4377 2252 5312
1944 1412 2825 2177
1551 1976 2985 3697
1168 3208 1540 3814
2188 5067 2709 5312
0 1604 478 2932
0 2305 286 2932
1551 1976 2985 3675
0 1604 478 2486
1264 552 1540 977
860 2656 1678 3346
860 2772 1678 3346
127 2061 424 2486
2029 3112 2507 3474
393 4377 2252 5312
1976 4292 2645 4993
2422 3824 2985 4547
0 382 2985 4908
0 3760 956 4908
1561 1976 2985 3675
1561 3219 2188 3675
1561 3240 2188 3675
414 4377 2252 5312
701 977 1030 1529
2050 1816 2900 2347
0 382 2985 4207
1944 1976 2985 3378
1986 1976 2985 3070
2220 1976 2985 3070
2475 1976 2985 3070
0 3760 679 4908
0 382 2985 2018
2082 3357 2985 3729
2401 3357 2985 3729
414 4377 2061 5312
414 4377 1795 5312
414 4377 977 4950
531 4377 934 4855
0 4717 329 5184
0 1604 478 2411
0 1604 361 2411
53 1604 361 2135
2369 4292 2985 5227
1381 435 2188 1094
1657 435 2188 924
1179 1667 1848 2666
2560 3261 2985 3665
2624 3389 2985 3665
0 3835 679 4908
0 4217 541 4908
0 4217 541 4632
1976 4292 2507 4993
1551 3123 1859 3420
754 4706 1795 5312
1062 4706 1795 5312
1179 4706 1795 5312
1243 4706 1795 5312
860 2772 1657 3346
860 3006 1572 3346
2602 1976 2985 3070
2602 2252 2985 3070
1243 2772 1657 3144
1763 3782 2571 4674
1944 3782 2571 4674
1944 3782 2486 4674
1243 4706 1731 5312
945 3707 1901 4685
286 913 669 1147
541 4377 934 4812
2050 1859 2900 2347
0 1466 2103 4207
0 1466 1625 4207
169 1466 1476 2740
169 1487 1476 2740
754 4791 1221 5280
0 382 2985 2007
0 2507 1625 4207
0 2507 1572 4207
212 2507 1274 2942
467 2507 1274 2857
945 3707 1901 4632
1306 3707 1837 4292
84 382 1126 1041
637 414 1126 1041
2602 2411 2985 3070
616 1795 1158 2507
1551 1667 2103 3176
2369 4568 2985 5227
2369 4738 2985 5227
945 4175 1901 4632
945 4175 1699 4632
1051 520 1306 966
1359 4706 1731 5312
1444 4833 1731 5312
754 4791 1221 5237
2220 1412 2825 1933
0 669 2985 2007
0 934 988 1784
84 382 722 807
2316 1582 2825 1933
881 1795 1158 2241
775 669 2985 2007
1901 669 2985 1848
2039 669 2985 1848
2326 669 2985 1742
2337 669 2985 1540
1551 1667 2103 2995
1572 1667 2103 2995
1572 2358 2103 2995
1572 2432 2039 2995
0 2539 1572 4207
74 2539 1572 4207
1678 2539 2039 2995
446 2539 1572 4207
775 2539 1572 3187
966 2539 1572 3134
74 4217 488 4547
509 2507 1274 2857
637 2507 1274 2857
775 2719 1104 3187
796 2719 1104 3187
1774 2358 2103 2762
775 701 2316 2007
74 2995 648 3474
2316 3803 2571 4185
2549 3824 2985 4228
0 934 924 1689
2401 669 2985 1359
446 2889 1359 4207
2486 4292 2985 4929
2624 4292 2985 4780
84 382 435 796
775 701 2316 1922
775 701 2316 1529
775 701 2177 1529
467 3187 1359 4207
616 3187 1359 4207
775 3272 1359 4207
1657 1667 2103 2390
1657 1667 2103 2326
0 934 924 1593
0 934 786 1519
84 934 786 1519
1094 2539 1572 3134
775 754 2177 1529
1434 1328 1922 1922
2401 669 2985 1189
775 754 1126 1529
1062 775 2177 1412
616 3187 1094 3909
2401 669 2985 1073
1158 775 2177 1412
1221 966 2177 1412
2231 1859 2900 2347
1572 966 2177 1349
2039 1328 2337 1848
892 5099 1274 5312
2188 5067 2677 5312
1816 5046 2252 5312
531 5025 743 5312
0 5025 531 5312
796 4950 1094 5237
244 4908 573 5142
2687 4865 2985 5269
0 4844 329 5184
1859 4812 2092 5131
2369 4802 2762 5227
2209 4791 2422 5142
754 4791 1221 5088
1572 4759 2061 5312
2687 4738 2985 4982
1497 4706 1742 5025
414 4695 977 4950
2390 4610 2645 4823
1976 4600 2507 4993
2709 4568 2964 4876
807 4557 1689 4929
0 4504 286 4908
1912 4493 2188 4727
2486 4408 2836 4929
541 4377 934 4706
2624 4334 2985 4780
1721 4334 2082 4717
1179 4323 1434 4642
775 4323 1041 4738
2209 4292 2422 4632
191 4292 488 4547
2050 4260 2316 4674
254 4260 892 4802
191 4260 541 4632
2252 4249 2507 4525
0 4217 350 4600
1561 4207 1901 4547
1317 4196 1699 4632
1859 4185 2114 4462
945 4175 1508 4568
1593 4153 1965 4377
509 4143 722 4387
658 4090 956 4334
1306 4079 1742 4292
2422 4037 2677 4547
2613 4015 2889 4228
722 3952 956 4217
690 3941 1328 4430
2337 3909 2571 4185
1189 3899 1497 4185
1763 3888 2146 4175
0 3888 594 4313
1158 3877 1497 4164
212 3877 467 4090
53 3856 403 4122
393 3835 679 4281
2549 3824 2985 4079
1030 3814 1285 4122
1944 3782 2486 4334
1837 3760 2167 3994
0 3760 467 4015
1444 3707 1837 4122
1742 3686 2061 3962
1891 3675 2411 3952
1189 3644 1625 3941
1370 3559 1742 3899
0 3559 573 3867
520 3527 796 3867
1742 3431 2124 3697
2082 3410 2645 3622
1264 3399 1561 3803
467 3389 679 3665
1561 3367 1891 3665
2401 3357 2687 3580
0 3357 254 3622
223 3314 626 3867
871 3272 1359 4207
679 3272 1094 3909
2560 3261 2942 3537
1827 3240 2188 3675
1412 3240 1689 3569
1168 3208 1476 3814
828 3208 1115 3474
2029 3197 2401 3474
2464 3187 2677 3442
616 3187 924 3697
2613 3134 2900 3346
1667 3123 1986 3357
2284 3112 2507 3452
191 3102 509 3474
860 3017 1423 3346
1338 3006 1572 3250
74 2995 648 3431
1944 2974 2560 3378
1243 2889 1614 3144
446 2889 934 3463
1806 2868 2379 3123
2602 2847 2985 3367
796 2794 1104 3187
223 2762 786 3049
966 2719 1211 3102
2496 2698 2762 3240
1742 2698 2039 2995
212 2687 584 2942
0 2677 393 2942
2114 2666 2486 3059
2432 2645 2730 2995
637 2592 1274 2857
2698 2571 2921 2964
63 2560 308 2815
1774 2549 2103 2762
2220 2454 2687 2730
1062 2454 1434 2698
2602 2411 2985 2772
169 2369 669 2740
1784 2358 2050 2624
2209 2337 2592 2687
1901 2305 2146 2549
0 2305 286 2581
2209 2273 2454 2486
2007 2273 2316 2730
2698 2252 2985 2496
382 2241 669 2496
2475 2188 2836 2602
616 2177 934 2507
1986 2071 2475 2390
1349 2071 1848 2666
2231 2007 2496 2220
2772 1976 2985 2326
605 1880 860 2167
2050 1869 2517 2146
2284 1859 2900 2347
1784 1816 2103 2326
1667 1816 1976 2390
881 1795 1158 2103
456 1795 711 2103
1944 1774 2337 2177
180 1752 945 2496
2772 1667 2985 1912
1179 1667 1689 2294
212 1646 478 2177
1200 1604 1487 1997
2517 1582 2825 1933
1869 1561 2146 1795
2061 1540 2284 1848
1434 1519 1710 1922
988 1497 1221 1816
839 1497 1094 1752
435 1487 1476 2528
297 1487 626 1710
382 1466 669 1954
0 1455 329 1689
648 1423 988 1784
2326 1412 2751 1742
2220 1412 2443 1837
169 1412 435 1625
552 1391 1189 2018
1381 1381 1699 1689
2039 1328 2337 1678
1646 1328 1922 1795
1901 1232 2167 1604
1062 1200 1423 1667
1115 1200 1328 1423
2209 1179 2539 1529
584 1147 924 1593
2337 1126 2624 1540
2677 1094 2985 1476
1752 1094 1997 1444
84 1083 446 1519
1572 1041 1816 1349
1997 1030 2486 1519
2528 1019 2836 1359
2422 977 2719 1189
1221 977 1593 1412
701 977 924 1306
1784 966 2177 1328
2039 934 2316 1317
276 934 786 1466
2730 881 2985 1189
881 849 1126 1529
1540 818 1795 1104
1158 775 1434 1115
403 764 722 1030
775 754 1051 1094
1073 701 1306 966
2730 669 2985 1073
2486 626 2719 924
1381 573 1922 1094
637 573 1126 1041
1264 552 1476 881
1901 541 2624 1104
414 541 722 807
2592 531 2985 1009
1880 520 2103 796
84 520 339 796
1455 509 1699 754
2209 499 2528 743
1412 414 1625 648
839 414 1083 679
393 403 669 616
138 382 435 775
223 371 605 616
1041 339 1423 552
1296 212 1922 605
2061 0 2985 701
1965 0 2581 679
520 0 945 563
63 0 605 435
0 0 286 371
2262 3718 2985 4026
0 0 2985 3134
0 669 2985 5312
0 1487 1922 5312
945 669 2985 5312
1816 4493 2188 4738
1657 4642 1880 5099
2581 1816 2985 2039
924 63 1136 488
2379 4610 2645 4982
1742 669 2985 3994
42 0 2985 1009
998 339 1423 552
42 371 605 616
945 2656 2985 5312
2730 3845 2985 4440
2581 1816 2900 2039
2475 5003 2985 5312
2687 5003 2985 5312
1243 2656 1678 3165
1243 2656 1657 3144
63 0 2985 1009
0 0 2719 3134
0 0 1328 2932
0 0 1221 2932
53 1604 424 2486
53 1997 424 2486
637 520 2719 3134
53 1997 350 2432
605 3899 1922 4812
605 3941 1328 4812
605 4323 1211 4812
775 4323 1211 4738
658 3867 1019 4175
0 1487 1763 5312
0 2719 1763 5312
0 3888 594 5067
0 4217 382 5067
0 1487 1497 3867
191 3102 701 3569
1965 2698 2762 3474
2029 2698 2762 3474
2029 3102 2592 3474
2454 2698 2762 3240
945 3899 1922 4568
945 3952 1922 4568
0 1487 1497 3304
945 4015 1922 4568
945 4079 1742 4568
244 4748 573 5142
1274 1986 1497 2486
945 2698 2985 5312
1062 2698 2985 5312
1062 4207 2422 5312
892 0 2985 1009
1806 669 2985 3537
1051 1689 1317 2220
1062 4398 2422 5312
1189 3006 1763 3941
1551 3080 1763 3346
1189 3006 1689 3941
1189 3399 1625 3941
1901 669 2985 3537
0 1636 286 2932
2114 2645 2730 3059
0 2719 1689 5312
0 0 1221 2177
286 4557 1689 5312
0 0 1189 2177
520 4950 743 5312
1806 2645 2379 3144
414 4557 1689 5312
743 4791 1274 5312
1742 3357 2985 3994
2050 1869 2517 2220
1901 934 2836 1699
1901 934 2486 1604
1317 2698 2985 5312
0 0 1189 2103
0 254 1189 2103
0 2719 1476 5312
658 3952 956 4334
0 3261 573 3867
0 1487 1476 3304
945 4292 1434 4685
945 4292 1285 4685
945 4292 1158 4621
63 1487 1476 2815
1901 934 2316 1604
1742 3357 2985 3962
1891 3357 2985 3952
2082 3357 2985 3760
0 4260 934 5312
393 4642 690 4855
1062 4812 1306 5280
0 3357 573 3867
0 3484 573 3867
0 2507 1274 3304
0 2507 1274 2942
0 2666 956 2942
0 2666 818 2942
0 2677 584 2942
0 350 1189 2103
892 0 2985 924
191 3102 520 3569
1243 4398 2422 5312
1243 4706 2092 5312
1944 669 2985 3537
743 254 1083 679
1094 1328 2592 3134
0 4260 892 5312
1243 4706 2061 5312
0 2762 860 3304
1540 4398 2422 5312
2124 4791 2422 5142
1806 2868 2379 3144
1338 3006 1689 3569
159 2762 860 3049
159 2762 786 3049
2220 3782 2571 4185
2220 3782 2475 4122
1551 2517 1880 2942
637 520 2719 1689
2337 1126 2836 1699
1880 0 2581 796
0 4217 350 5067
0 4217 350 4908
0 4695 531 5312
2177 2188 2836 2783
2220 2188 2836 2730
414 4557 1689 4950
0 2719 1476 4632
0 3187 1094 4632
0 3314 796 4632
0 3760 467 4122
53 3856 467 4122
637 520 2624 1689
74 2719 1476 4207
382 1466 711 2103
1976 3824 2985 5312
1976 4037 2985 5312
1976 4249 2985 5312
2209 4249 2507 4632
637 520 2624 1667
1976 4292 2985 5312
180 1487 1476 2634
0 350 1189 2018
403 350 786 1030
403 541 722 1030
1976 4568 2985 5312
1317 2698 2560 4717
1444 2698 2560 4175
1561 2698 2560 3845
467 1795 1370 2634
2560 1976 2985 3537
1774 2273 2592 2762
1784 2273 2592 2730
1944 669 2985 2390
1444 3707 2188 4175
0 371 669 828
1784 2273 2316 2730
0 648 1189 2018
63 2369 669 2815
1317 3782 2486 4717
1317 4153 1965 4632
2560 2252 2985 3537
2560 2411 2985 3537
1062 818 1997 1667
1986 669 2985 2390
2220 669 2985 1933
2220 1412 2751 1837
74 3314 796 4632
2188 4568 2985 5312
2369 4568 2985 5269
2401 669 2985 1912
2401 669 2985 1710
2401 669 2985 1593
0 648 988 1784
0 1200 223 1519
180 1487 1476 2528
1561 2698 2560 3697
1646 2698 2560 3675
1561 3367 2124 3697
74 3389 796 4632
1444 3707 2146 4175
2220 1412 2496 1837
701 754 1126 1529
1646 2698 2560 3378
1221 818 1997 1444
1221 818 1816 1412
1221 977 1816 1412
2358 4037 2677 4738
1094 1328 2337 3134
1646 1328 2337 2390
1869 1328 2337 1848
2369 4738 2985 5269
191 3389 796 4632
1359 4706 1614 5312
2401 669 2985 1476
637 520 2624 1328
637 520 1243 1041
74 2889 1476 4207
775 3017 1476 4207
0 4844 531 5312
1986 1859 2900 2390
84 382 669 796
1646 2698 2039 3357
276 934 988 1784
350 1147 988 1784
1646 1328 2103 2390
1721 3782 2486 4717
1073 531 2624 1328
1073 531 1922 1115
1721 4185 2316 4717
0 648 446 1519
1646 1328 1976 2390
393 3389 796 4281
393 3527 796 4281
2560 2719 2985 3537
2602 2719 2985 3367
1094 1519 1848 3134
1179 1519 1710 2294
1200 1519 1710 1997
1073 531 1476 1115
1073 552 1476 1115
892 0 2209 924
350 1147 924 1593
1859 4185 2316 4674
2560 3134 2942 3537
860 3017 1476 4207
1073 701 1434 1115
860 3017 1476 3814
1784 541 2624 1328
1094 2071 1848 3134
2401 849 2836 1359
1646 2698 2039 3176
1646 1328 1922 2071
74 2889 934 3463
1158 3304 1529 3803
1200 3304 1529 3803
1848 3760 2199 4270
2316 4876 2985 5312
1880 3686 2985 3930
1582 2666 2985 3952
1731 2666 2985 3824
1731 2666 2985 3760
0 4982 701 5312
828 3017 1551 3590
531 0 2985 1073
531 0 2985 701
1827 4355 2602 5227
1848 3899 2188 4270
0 350 2985 5312
1232 1944 1508 2369
1232 1944 1508 2231
2018 488 2985 1073
2634 807 2985 1126
0 0 1274 849
0 0 1274 669
2061 3197 2985 3760
403 4132 648 4642
276 1317 626 1572
2007 1816 2900 2369
0 4982 637 5312
1827 4355 2602 5014
1359 1253 1742 1593
1179 3410 1763 4185
1179 3410 1763 3920
0 3314 796 4005
1667 3760 2167 4175
1179 3569 1551 3899
733 3707 1083 4068
2284 488 2985 1073
244 0 1274 669
191 2666 956 3059
191 2666 881 3059
191 2666 775 3059
244 127 1274 669
244 127 1274 648
1710 3760 2167 4175
0 3771 2985 5312
350 127 1274 626
350 127 1115 626
350 265 934 499
2114 3197 2985 3760
2156 3197 2985 3760
2167 3771 2432 4196
0 350 2985 4632
0 350 2719 4632
0 1487 1476 2942
1423 3038 1933 3569
0 3782 2985 5312
2018 1019 2985 2985
2018 1699 2985 2985
2018 1859 2985 2985
648 892 1328 1774
648 892 1264 1774
350 276 786 488
828 3017 1402 3431
2071 4780 2422 5227
0 3824 2985 5312
563 4164 1657 4823
796 4164 1657 4632
1657 1625 2071 2379
1859 3782 2985 4653
1859 3782 2985 4525
2071 1859 2985 2985
2071 2103 2985 2985
2135 2220 2985 2985
488 414 1349 1232
191 3824 2985 5312
488 414 1232 1232
488 414 1126 1232
488 414 1126 1030
1243 626 2719 3675
1721 626 2719 1795
1721 626 2677 1795
616 414 1126 1030
2209 2220 2985 2985
1243 1551 2411 3675
1243 1551 2411 3335
1243 2241 2177 3335
0 350 2167 4632
0 350 2167 2932
0 414 818 2932
0 1816 1572 4632
0 3739 679 4632
2273 3782 2985 4525
0 1816 1572 4387
1561 2847 2135 3675
1561 2847 2124 3675
2528 3197 2985 3675
0 3739 648 4632
0 3856 648 4632
478 350 2167 2284
1062 350 2167 2284
1827 1551 2411 2305
1391 2241 1859 2857
1062 775 1370 1296
1073 350 2167 2284
1073 956 1901 2284
1126 1328 1901 2284
0 1412 446 2932
2220 2220 2985 2985
0 1816 1508 4387
0 2719 1243 4387
0 2783 1243 4387
775 2783 1104 3197
0 1412 435 2496
0 2889 1243 4387
467 3134 1243 4387
0 414 818 1572
1306 350 2167 1497
0 414 807 1572
2061 1168 2539 1795
2007 1816 2900 2337
2231 1816 2900 2337
2432 2220 2985 2985
0 2889 934 3675
0 2889 934 3569
1816 5078 2252 5312
403 5014 743 5312
0 4982 403 5312
2687 4876 2985 5312
1444 4833 1806 5312
2146 4780 2422 5227
1009 4780 1243 5131
1179 4738 1423 5312
0 4589 329 5195
1827 4472 2517 5014
0 4451 393 4717
977 4430 1349 4685
775 4408 1009 4706
563 4387 945 4823
2358 4355 2602 4802
2209 4323 2422 4653
2454 4292 2985 4982
2007 4260 2316 4663
1869 4228 2114 4483
0 4196 531 4632
956 4175 1657 4632
796 4164 1232 4493
2273 4068 2985 4525
1306 4026 2985 5312
1944 3899 2188 4217
1444 3899 1699 4122
1200 3877 1508 4185
1168 3877 1497 4153
1710 3856 2146 4175
0 3856 648 4334
2560 3835 2985 4302
191 3824 1721 5312
1030 3814 1296 4132
849 3814 1115 4228
1412 3803 1625 4090
2326 3782 2985 4185
2167 3782 2401 4196
1869 3760 2167 3994
0 3739 478 4132
733 3707 1083 4026
2039 3686 2985 3930
1721 3686 2039 4058
1179 3686 1497 3899
1582 3644 1806 3952
1264 3559 1519 3803
1370 3410 1763 3920
2539 3389 2985 3675
467 3389 733 3665
1561 3367 1944 3675
2156 3357 2985 3760
0 3314 796 3930
1200 3304 1529 3739
0 3272 308 3675
1561 3229 1774 3580
828 3208 1115 3431
2528 3197 2900 3516
1423 3155 1678 3569
541 3134 1243 4387
1328 3070 1551 3590
191 3070 520 3474
1582 3038 1933 3420
860 3017 1402 3346
584 2910 796 3123
1795 2847 2124 3431
796 2783 1104 3197
860 2719 1211 3027
1731 2666 2985 3697
212 2666 775 2995
1253 2645 1689 2995
1274 2475 1572 2836
2432 2443 2687 2985
1604 2432 1859 2857
2039 2369 2326 2740
0 2337 446 2932
2220 2316 2581 2730
1243 2305 2177 3335
531 2284 818 2517
2209 2273 2836 2602
1391 2241 1859 2624
2624 2220 2985 2794
308 2199 669 2496
563 2114 775 2337
2071 2103 2486 2475
1965 2071 2411 2305
1306 2071 1529 2486
1232 1944 1497 2188
2007 1880 2517 2146
2762 1859 2985 2326
2231 1859 2879 2337
584 1837 1019 2177
2549 1816 2900 2050
1540 1816 1784 2316
499 1816 1508 3197
308 1710 945 2358
2571 1689 2889 1933
2273 1689 2581 1912
212 1646 520 2305
1657 1625 2071 2305
0 1614 382 2496
1827 1551 2337 2177
2082 1540 2369 1774
775 1497 1221 1859
478 1487 1083 2124
297 1487 626 1742
648 1412 966 1774
350 1412 818 1965
0 1412 435 2050
1126 1391 1710 2284
2061 1359 2539 1795
1646 1328 1901 1795
552 1274 818 1529
1359 1253 1625 1487
2677 1189 2985 1604
1731 1094 2092 1444
276 1041 807 1434
2273 1019 2985 1933
1073 956 1636 1721
658 934 924 1232
308 913 669 1189
701 892 1264 1636
2719 881 2985 1126
371 818 722 1030
1158 775 1370 1115
1667 743 1954 1009
775 733 998 1094
1721 626 2677 1604
2687 605 2985 1073
2284 488 2985 786
1412 414 1646 669
0 414 701 1572
244 403 690 648
42 371 541 605
1381 350 2167 1497
1221 223 1572 605
722 127 1115 626
0 0 552 414
0 1816 2985 5312
1837 3452 2985 3930
2061 3452 2316 3697
775 3070 1763 4706
1009 4738 1434 5312
1540 1816 1891 2390
1412 414 1699 743
1412 414 1699 679
796 3070 1763 4493
1837 3686 2985 3930
1009 339 1423 552
0 3134 2985 5312
350 5014 743 5312
1848 3899 2507 4366
488 0 2985 2326
2018 488 2985 839
382 5014 743 5312
0 0 1476 3134
0 127 1476 3134
722 127 1115 669
0 276 1476 3134
0 276 1328 2932
0 1487 1476 3134
2018 488 2985 786
0 276 786 775
1328 3070 1763 3920
0 1487 1476 3059
0 371 690 775
42 371 690 648
0 414 1328 2932
1062 934 1328 1412
956 3686 2985 5312
0 1816 2985 3952
796 3877 1508 4493
1561 1816 2985 3952
1561 2103 2985 3952
1848 3899 2507 4334
1795 1816 2900 2379
0 414 1264 2932
0 3134 1721 5312
212 2666 881 2995
