0 0 2985 5312
1370 1965 1774 2284
403 0 1466 2231
1572 4398 2103 5110
1710 3102 2241 4015
1774 3357 2241 4015
945 0 2985 3675
1636 3527 2018 4100
754 0 2018 2241
754 0 1381 1051
0 0 966 3335
0 1009 2985 5312
509 1009 2985 5312
1529 2209 2921 5025
169 0 892 2188
1997 2772 2337 3410
0 2900 1476 5312
871 0 2018 2241
871 0 1646 1487
2050 2316 2985 4058
2103 2496 2985 4058
2209 2634 2985 4058
2316 2804 2985 4058
2464 3080 2985 4058
2634 3346 2985 3973
2305 3410 2677 3994
1646 1455 2018 2241
2613 3569 2985 5205
2687 4281 2985 5205
2687 4281 2985 4950
509 1009 2794 5312
871 1009 2092 3325
0 3314 701 5248
1338 1731 2092 2910
1381 1731 2092 2762
1232 5014 1476 5312
2613 3569 2985 4345
0 2900 1296 5312
265 2900 1296 5312
265 2900 1200 4143
871 1009 1869 3325
1827 5035 2177 5312
509 2039 2794 5312
509 3197 2794 5312
2613 3569 2985 4302
2613 3707 2985 4302
1551 4207 2794 5312
786 2039 1933 3909
1211 1009 1869 2177
509 3197 1806 5312
1551 4334 2794 5312
1806 4334 2794 5312
786 2039 1636 3909
286 4100 1296 5312
169 0 892 1997
1423 3208 1933 3729
786 2039 1211 3144
0 4887 679 5312
1423 3208 1933 3633
286 4100 1062 5312
509 3197 1572 4791
2156 0 2687 626
1211 3920 1806 5312
1710 1731 2092 2496
1094 3080 1636 3909
286 4355 1062 5312
520 403 892 903
106 4887 679 5312
786 2039 1158 3134
1211 3920 1806 5195
509 3197 1529 4791
1551 4642 1922 5312
509 3442 1529 4791
169 0 871 1997
1232 3920 1806 4770
1423 5099 1721 5312
637 5057 860 5312
1848 5035 2177 5312
2273 4929 2528 5142
106 4887 594 5312
2687 4823 2985 5205
945 4791 1296 5312
1614 4738 1922 5312
541 4717 1062 5312
1551 4642 1763 4876
1211 4621 1699 5195
669 4600 1221 4918
0 4419 393 5248
2687 4398 2985 4950
1572 4398 1997 5110
286 4355 1030 5067
1391 4334 1636 4770
2719 4281 2985 4578
2486 4058 2804 4462
2709 3952 2953 4345
1232 3920 1806 4547
1285 3824 1572 4175
871 3750 1189 4196
1636 3654 2018 4100
637 3654 1529 4791
1540 3569 1763 3824
1954 3548 2241 4015
1667 3527 1954 3835
2656 3474 2985 4058
945 3442 1296 3899
509 3442 1009 4068
2305 3410 2549 3888
1519 3367 1933 3633
1774 3357 2124 3824
1147 3314 1636 3909
0 3314 701 4642
1423 3208 1774 3463
679 3197 1041 3665
1710 3102 2007 3474
2464 3080 2751 3612
1094 3080 1391 3548
0 2995 361 3601
2103 2964 2337 3410
265 2900 1200 4026
1540 2857 1806 3293
1338 2592 1689 2910
786 2358 1158 3134
573 2294 796 2517
1795 2284 2666 3845
1381 2209 1784 2762
2050 2188 2262 2666
1412 2071 1774 2284
1370 1965 1636 2199
1721 1912 2092 2496
871 1721 1678 3325
0 1710 966 3335
0 1636 233 1901
1497 1572 1869 2177
1359 1561 1593 1986
393 1041 828 1997
1211 1009 1689 1636
1370 913 1646 1487
563 520 892 903
520 403 807 637
2156 0 2624 509
871 0 1519 1232
169 0 871 1338
0 0 531 1859
0 0 2092 5312
945 0 2985 5312
0 1561 2092 5312
1529 2188 2985 5312
0 0 1869 2284
0 0 1869 2231
2050 2188 2985 3973
1529 2209 2985 5312
2050 2188 2772 3760
2050 2188 2751 3612
1636 3357 2124 4100
0 1710 1200 5312
2050 2188 2517 3080
2209 2634 2517 3080
2613 3920 2985 4578
286 1561 2092 5312
786 1561 2092 3835
2613 3920 2953 4345
0 0 1466 2231
286 3080 1997 5312
754 0 1869 2177
1795 2284 2985 4302
1519 3367 1954 3835
1540 3527 1954 3835
0 3314 828 5312
0 3314 701 5312
1232 5014 1721 5312
786 1561 2092 3474
1806 4334 2985 5312
1094 3080 1997 5312
1317 5067 1721 5312
786 1721 2092 3474
871 1721 2092 3474
871 1721 2007 3474
1540 2857 2007 3474
286 3442 1699 5312
509 3442 1529 4918
1094 3080 1636 4175
1381 1912 2092 2762
0 0 871 1997
0 1710 1200 4026
286 4355 1699 5312
0 2900 1200 4026
2687 4398 2985 5205
1232 3920 1997 5312
499 3814 828 4621
1232 3920 1997 5110
541 4621 1699 5312
541 4717 1296 5312
509 3442 1296 4068
1381 1933 1710 2188
0 0 2847 5312
318 0 2847 5312
0 0 2177 5312
754 0 2985 5312
754 0 1604 1986
754 0 1604 1774
871 0 2985 5312
871 0 2985 3909
0 0 2039 5312
1243 3909 1806 4770
2549 3442 2985 5312
881 0 2985 3909
0 0 966 5248
1529 3357 2039 3888
0 276 2039 5312
0 2432 2039 5312
2549 3686 2985 5312
159 2432 2039 5312
871 0 2645 3431
371 276 1083 2634
701 1997 1083 2634
1317 4589 2039 5312
2613 3686 2985 5312
159 2432 1593 5312
1561 1455 2645 3431
0 4408 679 5312
0 4600 679 5312
0 4961 679 5312
871 0 1933 2082
1402 4589 2039 5312
1561 1455 2061 2401
871 3675 1200 4196
2613 3686 2985 4961
871 0 1774 1752
95 4961 679 5312
371 276 881 2061
435 276 881 2061
446 276 881 1158
159 5067 541 5312
95 4961 563 5312
637 4929 860 5312
2687 4823 2985 5312
1944 4642 2156 4940
648 4610 966 4855
138 4600 414 5078
2613 4026 2985 4961
626 4026 839 4398
1243 3909 1806 4557
871 3814 1200 4196
2613 3686 2985 4302
1689 3559 1922 3824
2730 3484 2985 4005
2592 3442 2825 3792
1529 3378 1944 3824
1646 3357 2039 3888
945 3346 1168 3580
2082 2942 2337 3389
1423 2581 1710 2900
318 2432 1593 5312
1954 2135 2645 3431
1444 2050 1774 2284
1381 1976 1636 2188
977 1721 2847 5312
1731 1561 2050 2241
1466 1115 1774 1752
435 1041 828 2061
520 541 881 1158
446 276 807 637
871 0 1508 1189
318 0 1476 2432
871 0 2985 4047
881 0 2985 4047
21 1721 2985 5312
0 0 2061 5312
0 0 966 5312
2592 3442 2985 4047
2592 3442 2985 4005
318 0 2061 2634
977 1721 2985 5312
21 2432 2177 5312
1381 1976 1774 2284
21 2432 1593 5312
1168 3909 2177 5312
1168 3909 1806 4770
318 0 2061 2432
1317 4578 2177 5312
1731 1561 2645 3431
1349 4578 2177 5312
21 4408 563 5312
95 4408 563 5312
1402 4589 2177 5312
1168 3909 1806 4557
754 0 2061 2401
435 541 881 2061
138 4408 488 5078
2613 4026 2985 5312
903 1009 1328 1497
2613 4334 2964 5035
2220 5003 2889 5312
871 0 2985 4015
2188 3314 2486 3845
1073 0 2985 3314
0 31 350 690
0 31 350 563
0 3229 679 4483
361 4621 945 5205
637 1551 1051 2188
2677 3474 2985 4015
637 1551 1051 1997
1168 0 2985 3314
456 4621 945 5205
1232 2910 1954 3835
339 0 1200 1062
403 0 1200 1062
871 0 2900 3601
0 1296 446 1997
573 403 1200 1062
648 403 1200 1062
648 403 1094 1030
1211 0 2985 3314
0 3335 679 4483
871 3824 1402 4695
871 3824 1115 4196
254 1944 998 3017
1030 1774 2241 4323
1030 1774 2241 4217
0 3644 679 4483
424 3984 679 4483
1030 1774 2241 4015
1030 2762 1359 3442
892 4430 2347 5312
892 4451 2347 5312
892 4642 2252 5312
1614 4642 2252 5312
254 1944 775 2549
403 0 956 488
1328 3187 1954 3835
1168 1774 2241 4015
1168 1774 2146 3495
1402 1774 2146 3049
637 2273 998 3017
956 4005 1402 4695
1412 0 2985 3314
892 4738 1742 5312
892 4738 1444 5312
892 4791 1444 5312
892 4791 1317 5312
1168 2571 2018 3495
0 3644 541 4483
0 1540 2985 5312
0 0 1837 2177
690 903 1073 1434
1402 5088 1742 5312
0 0 743 743
871 0 1901 1816
0 3930 276 4483
0 212 1837 2177
860 212 1434 1104
1795 2050 2985 4950
1795 2050 2985 4366
1795 2050 2825 4122
1827 1444 2900 3601
2316 2475 2900 3601
1912 3123 2677 4355
0 499 1837 2177
1359 1285 1837 2177
956 4005 1264 4695
2124 1976 2475 2571
63 3644 541 4185
1795 2050 2677 3505
1912 3123 2677 4217
0 499 1540 1859
0 499 871 1859
1795 2252 2677 3505
1795 2252 2273 3187
2347 2740 2900 3601
2347 2740 2772 3304
2347 2740 2592 3250
2411 796 2687 1094
2071 2656 2677 3505
1328 3187 1954 3697
1710 4685 2252 5290
0 2879 1051 5312
0 4037 594 5312
1147 414 1901 1816
1147 414 1561 1030
1880 2454 2273 3187
2401 3399 2825 4122
1827 1444 2379 2794
1285 2751 2018 3495
690 1540 1604 2411
0 499 871 1466
839 1540 1604 2411
0 499 701 1466
2539 2029 2985 2730
2539 2029 2889 2507
1402 1774 1965 2730
839 1540 1232 2411
839 1806 1211 2411
1710 4685 2103 5290
626 1009 1540 1848
180 0 743 743
180 0 605 743
0 1551 2985 5312
0 4037 509 5312
223 212 605 743
1997 4653 2985 5312
0 4111 509 5312
180 4111 509 4865
934 1009 1540 1848
2177 0 2985 881
2422 0 2985 881
2422 0 2985 531
1412 0 2018 1232
1412 308 2018 1232
1944 1710 2379 2794
1646 0 2985 3314
2188 531 2581 1019
2740 3792 2985 4366
1136 1721 1604 2401
0 4217 254 4961
0 1551 2879 5205
0 1551 775 3112
223 1551 775 2369
0 4823 488 5312
233 4993 594 5312
2071 2656 2454 3335
1444 956 1901 1816
0 1837 594 3112
2698 350 2985 775
1912 3123 2549 4058
2007 3474 2549 4058
0 1837 594 3038
0 2050 594 3038
0 594 701 1466
84 711 701 1466
84 733 701 1466
467 2347 2879 5205
1646 0 1922 616
467 2347 1699 5205
1997 4653 2804 5312
1062 3282 2879 4865
1466 3612 2879 4865
1497 3909 2879 4865
1986 4026 2879 4823
1731 0 2985 3314
1731 0 2985 2124
2199 903 2985 2124
2199 934 2879 2124
2146 4026 2879 4823
2199 1189 2528 2124
2199 1455 2475 2124
1731 0 2624 2007
1731 0 2624 1561
1912 3123 2316 3548
2390 1285 2985 3314
2390 1434 2985 3314
2390 1434 2985 2974
2401 2156 2900 2974
531 3431 1041 4483
1731 0 2624 1221
690 3984 1041 4483
339 4270 1051 5312
0 2879 828 4270
393 1551 775 2146
0 2879 690 3856
0 2879 690 3750
2146 4068 2634 4759
2146 4068 2560 4578
1497 3909 2092 4865
1189 1009 1540 1444
1444 956 1891 1699
1041 4090 1699 5205
2369 4653 2804 5216
1731 0 2517 1221
1731 0 2517 924
1912 0 2517 924
1912 0 2517 679
1147 4090 1667 4748
1243 4090 1667 4748
1497 3909 1933 4865
1062 3282 1508 3920
2390 1434 2985 2209
0 2316 594 3038
393 1551 775 2039
1041 4578 1699 5205
467 2347 1434 4238
1179 4642 1699 5205
1179 4642 1657 5099
711 4345 1051 5312
2443 1434 2985 1976
690 4122 1041 4483
1912 0 2517 478
467 2347 1381 4122
818 2347 1253 3484
871 2666 1253 3484
467 2401 1381 4122
467 2401 1051 3559
541 2847 1051 3559
807 3505 1381 4122
807 3505 1189 4122
2347 5003 2889 5312
2231 5003 2486 5216
1179 5003 1444 5312
382 4993 594 5312
1381 4940 1699 5205
2560 4918 2804 5216
1997 4918 2454 5312
1806 4855 2018 5290
2772 4823 2985 5205
2039 4823 2252 5088
63 4823 488 5205
1179 4738 1582 5099
956 4738 1200 4982
2613 4717 2964 5035
722 4706 1041 5312
1710 4685 2103 4982
456 4685 934 5205
2369 4653 2677 5099
361 4653 690 4972
1614 4642 1944 5312
1402 4642 1657 5025
1041 4578 1434 4908
2209 4547 2464 4982
0 4536 254 4961
1859 4451 2347 4940
180 4440 509 4865
1540 4398 1933 4865
1147 4366 1466 4717
711 4345 1051 4791
2645 4334 2910 4727
1349 4334 1667 4748
2401 4323 2634 4759
1986 4281 2294 4589
2146 4270 2560 4578
339 4270 786 4823
0 4217 254 4738
1848 4164 2092 4536
424 4164 679 4483
786 4143 1041 4483
201 4111 467 4515
1243 4090 1593 4387
2167 4068 2464 4355
2411 4047 2677 4355
2560 4026 2879 4823
956 4005 1264 4483
446 3984 679 4270
2039 3930 2316 4153
10 3930 276 4281
1497 3909 1922 4547
1168 3888 1434 4238
2740 3867 2985 4366
2220 3845 2677 4217
478 3803 828 4270
212 3771 541 4185
0 3760 244 4079
2262 3665 2549 4058
1136 3654 1381 4068
63 3644 414 3899
807 3622 1019 3909
1466 3612 2018 4132
350 3590 563 3856
1551 3569 1774 3792
2560 3527 2825 4122
1667 3527 1944 3835
956 3505 1189 4122
2677 3474 2985 3771
2007 3474 2379 3952
531 3431 1009 4005
2401 3399 2751 3845
1816 3389 2241 4015
2188 3357 2486 3845
1062 3357 1508 3920
0 3335 265 3686
2050 3314 2273 3633
1328 3314 1954 3697
0 3229 233 3452
180 3208 690 3750
1476 3187 1763 3442
2539 3155 2900 3601
1912 3123 2316 3484
1667 3102 2018 3495
2326 3049 2677 3505
520 3049 764 3293
881 2985 1253 3484
2539 2932 2772 3304
1880 2910 2188 3187
1232 2910 1667 3335
658 2910 1051 3559
2146 2889 2454 3335
0 2879 584 3357
541 2847 818 3176
1657 2772 1976 3144
2592 2762 2985 3314
1030 2762 1306 3102
1285 2751 1742 3187
0 2698 318 3112
871 2666 1158 3080
2071 2656 2358 3017
2645 2645 2985 3144
1784 2645 2146 3049
244 2581 594 3038
1168 2571 1519 2900
1572 2560 1827 2889
637 2507 998 3017
2316 2475 2592 2889
2454 2464 2900 2974
1912 2454 2273 3049
1423 2411 1710 2794
467 2401 701 2942
2762 2390 2985 2730
818 2347 1073 2772
0 2316 424 2836
637 2273 892 2624
1954 2252 2241 2751
1795 2252 2029 2517
956 2220 1444 2772
2539 2209 2889 2507
1678 2209 1965 2730
2114 2177 2379 2794
945 2167 1158 2411
2401 2156 2634 2464
106 2082 339 2454
690 2071 977 2401
1444 2050 1752 2273
0 2050 223 2454
2560 2029 2825 2262
2124 1976 2369 2358
1370 1944 1667 2209
254 1944 775 2496
679 1869 956 2188
2581 1848 2836 2135
212 1837 456 2103
0 1837 276 2167
2390 1827 2740 2209
839 1806 1211 2241
1402 1774 1922 2592
393 1774 743 2039
1391 1752 1604 1976
2262 1731 2475 2124
1136 1721 1519 2401
0 1721 446 1997
1944 1710 2167 2411
637 1625 881 1997
1529 1572 1837 2177
786 1551 1051 1901
435 1551 775 1859
881 1540 1232 1901
2199 1455 2464 2018
1827 1444 2082 2273
2443 1434 2953 1869
626 1349 977 1646
934 1296 1529 1848
0 1296 286 1816
2454 1285 2857 1582
1359 1285 1678 1763
95 1274 690 1859
903 1253 1243 1497
2220 1189 2528 1625
1317 1083 1540 1444
1625 1073 1891 1699
84 1062 584 1466
531 1041 818 1349
1189 1009 1466 1306
945 1009 1328 1402
1763 988 2124 1561
690 988 1073 1434
1444 956 1721 1455
2347 934 2879 1370
2411 881 2687 1094
0 871 254 1349
2092 807 2401 1466
573 796 881 1062
1806 786 2018 1232
988 754 1200 1062
84 733 701 1221
2645 722 2910 1147
2007 711 2294 1221
297 711 509 956
2284 626 2581 1019
382 594 871 1073
0 594 414 881
2188 531 2464 839
807 531 1094 1030
1976 520 2199 924
1062 509 1434 1104
2719 478 2932 711
1731 456 2071 881
2443 414 2953 881
1147 414 1487 945
648 403 977 648
414 393 743 722
2146 382 2390 679
0 350 212 690
1997 329 2231 563
1412 308 1837 1179
276 276 605 743
2390 233 2624 605
860 212 1147 679
223 212 467 488
0 212 350 563
1869 201 2135 541
2167 148 2517 478
1731 148 1965 563
1211 127 1497 679
807 21 1030 297
2656 0 2985 403
2422 0 2857 531
2177 0 2517 318
1912 0 2252 361
1434 0 1699 403
1073 0 1285 286
871 0 1221 563
180 0 456 329
0 0 244 265
1147 0 2985 5312
0 0 1944 5312
2273 3049 2677 3548
1370 1944 1752 2273
1147 1296 2985 5312
1412 0 2985 3516
0 0 1901 2411
0 0 1901 2401
0 1721 1944 5312
1147 2740 2985 5312
0 1721 1508 4483
0 3335 1944 5312
1232 1296 2592 3792
0 4876 265 5312
754 0 1455 563
871 0 1455 563
637 1625 956 2188
424 2953 764 3293
276 3984 679 4292
180 0 584 329
1731 4844 2156 5312
1147 3357 2985 5312
1232 1296 2592 3697
1827 1296 2379 2794
1381 4940 1742 5312
1051 3282 1274 3644
297 2369 626 2709
1232 1774 2592 3697
1806 4855 2156 5312
1625 0 1922 233
807 21 1901 2401
871 754 1837 2401
871 754 1604 2401
0 0 1232 2241
807 21 1901 1816
1147 127 1901 1816
2560 4717 2964 5216
2560 4918 2868 5216
2146 2740 2985 4366
1412 0 2953 2124
1795 1976 2592 3187
2390 0 2985 3516
871 0 1285 563
1827 1976 2592 3017
2656 0 2985 1572
2656 0 2985 977
2050 4430 2454 4674
2401 3399 2985 4366
1168 0 1455 276
0 1721 998 3856
1710 3357 2985 5312
2188 3357 2677 4217
2188 3357 2549 4058
1710 3930 2985 5312
2146 2740 2985 4015
807 21 1434 1104
1232 1774 2316 3697
63 4547 1944 5312
233 4993 754 5312
0 0 977 743
0 0 467 690
0 0 467 563
0 0 350 563
2390 1519 2985 3516
212 2071 1508 4483
0 531 1232 2241
212 2847 1381 4483
1954 1976 2592 3017
2029 3930 2316 4323
2762 2199 2985 2730
2124 1976 2592 2889
1710 4026 2985 5312
2390 1827 2985 3516
871 754 1529 2401
871 754 1200 1104
0 3335 1179 4972
0 3335 414 4079
0 3644 414 4079
531 796 881 1349
2698 350 2985 977
690 2071 1508 3920
956 2177 1444 3102
1412 3187 1763 3463
2146 2740 2900 3601
2146 2740 2772 3335
2146 2740 2592 3335
1848 4026 2985 5312
2316 2305 2592 2889
276 0 977 743
1232 1774 2146 3697
63 4578 1944 5312
106 1986 605 2454
106 2018 424 2454
1731 0 2953 2124
934 1009 1529 2401
1412 0 1965 1179
1412 0 1837 1179
1976 233 2953 2124
1976 233 2624 924
1976 329 2464 924
1678 2209 2146 3049
1200 127 1497 679
1997 329 2464 839
1731 0 2953 1561
1848 4026 2889 5312
0 3930 1179 4972
2645 4260 2985 4727
690 2071 1359 3484
690 2071 1158 3080
2050 807 2953 2124
1848 4164 2294 4589
881 2985 1359 3484
1232 2560 2018 3697
1572 2560 1976 3144
276 276 743 743
2390 1827 2985 3314
1317 1083 1837 2177
0 3335 265 3856
690 2071 1073 2772
1232 2751 2018 3697
0 3930 1051 4972
0 3930 509 4961
1859 4026 2889 5312
212 2910 1381 4483
212 3771 956 4302
339 4164 1051 4972
339 4164 1051 4823
1147 3389 2379 4865
1816 3389 2379 4217
212 3771 828 4270
1816 3389 2379 4015
63 4642 1944 5312
63 4685 1582 5312
403 0 977 648
1147 3527 2018 4865
1147 3888 1933 4865
1147 3888 1922 4748
2167 4026 2879 4823
1466 3527 2018 4132
2092 807 2953 2124
2262 1593 2634 2124
1859 4270 2889 5312
1402 4642 1944 5312
1954 2252 2358 3017
0 1721 998 3038
0 1721 743 2167
1168 3888 1922 4748
956 2177 1444 2772
1317 1083 1678 1763
1731 0 2953 1370
531 2910 1381 4483
0 1721 456 2167
0 1837 456 2167
435 1349 1232 2241
435 1349 977 1859
2411 4026 2879 4823
0 531 1094 1859
382 531 1094 1434
382 531 1094 1073
839 1540 1232 2241
244 1944 998 3038
63 4685 1317 5312
1232 2751 2018 3495
1763 711 2294 1561
339 4270 1051 4823
1859 4270 2677 5312
1901 4270 2677 5312
1901 4791 2454 5312
467 2401 998 3017
2390 1827 2900 2974
1731 0 2517 881
1869 0 2517 541
1869 0 2252 541
2146 382 2464 839
1168 3888 1922 4547
1243 3909 1922 4547
0 871 690 1859
0 1274 690 1859
531 2910 1381 4122
2092 807 2953 1869
2347 0 2953 1370
934 1009 1529 1848
0 594 701 1221
0 2316 690 3856
180 3208 690 3856
1827 1444 2167 2411
63 4685 934 5205
722 4706 1317 5312
0 3930 276 4961
0 3930 276 4738
0 2316 584 3357
2146 4270 2677 5099
0 4047 254 4738
0 2316 424 3112
2347 414 2953 1370
2443 414 2953 1147
2220 1189 2953 1869
2390 1827 2740 2464
2592 2645 2985 3314
531 2910 1189 4122
531 3431 1189 4122
2146 4270 2634 4759
871 0 2985 3314
1816 1391 2985 4015
2677 3484 2985 4015
1168 0 1487 563
1168 0 1402 563
1434 0 2985 3314
1816 1391 2900 3601
1944 1710 2900 3601
1944 1710 2369 2581
871 0 1497 711
2316 2475 2783 2974
1444 0 2985 3314
2177 0 2985 1019
2390 0 2985 1019
2422 0 2953 881
1232 616 1901 1816
1232 616 1795 1699
1232 616 1731 1455
1359 722 1731 1455
2177 2411 2900 3601
2177 2411 2772 3304
1444 0 2985 3144
1444 0 2985 2719
2401 2156 2687 2549
2411 1827 2836 2135
2337 1986 2985 2719
2177 2411 2592 3250
1444 0 2985 2358
2337 1986 2825 2369
1625 0 2985 2358
2719 2199 2985 2719
2029 1359 2985 2358
2135 1189 2528 2018
1912 0 2624 605
1912 0 2507 605
1625 0 2857 1582
1625 0 2613 1359
1625 0 2581 1253
1646 74 2581 1253
1444 201 1997 1179
1444 201 1837 1179
2114 1434 2985 2358
2177 2411 2549 3017
1901 212 2581 1253
1912 0 2507 478
1901 212 2464 1253
1901 212 2464 839
1976 329 2464 839
2677 3484 2985 3771
2592 2740 2985 3314
2666 2645 2985 3144
2549 2475 2783 2974
2316 2475 2592 2815
2177 2411 2443 2889
2114 2177 2369 2581
2560 2029 2825 2273
2337 1986 2581 2369
2549 1827 2783 2050
2114 1731 2475 2358
2135 1391 2464 2018
1816 1391 2082 2273
2029 1359 2252 2018
2496 1041 2879 1370
1625 988 2124 1487
1497 956 1731 1455
2347 934 2613 1359
1816 818 2092 1232
1572 818 1837 1179
2092 807 2401 1253
2390 796 2687 1019
2039 711 2294 1179
2284 626 2581 934
1232 616 1487 945
2146 531 2464 839
1731 456 1997 913
2156 382 2390 605
1976 329 2231 701
1901 212 2135 541
1444 201 1806 892
2167 148 2507 478
1147 127 1497 711
1646 74 1965 616
1912 0 2252 350
1434 0 1667 233
0 0 2985 4483
0 0 1508 4483
0 3229 2985 5312
0 3314 2985 5312
807 0 2985 4366
