0 0 1834 3263
1201 2454 1488 2637
1161 1951 1423 2160
470 1860 718 2467
561 1860 718 2467
0 2232 267 2441
646 2604 1305 3185
737 2604 1305 3185
737 2604 1305 3028
802 1723 1057 1880
254 1410 705 1971
345 1410 705 1971
1481 0 1814 248
0 1429 182 1612
1605 1246 1834 1488
1527 0 1814 248
776 0 1455 313
776 0 1455 221
32 1697 496 2271
32 2030 385 2271
652 972 1834 1690
1090 972 1834 1690
1090 1318 1246 1677
0 665 254 926
1142 972 1834 1690
724 2154 1834 3081
182 2389 639 3263
241 2389 639 3263
378 874 1155 1795
378 874 1155 1690
378 874 1155 1592
378 920 1155 1592
535 1266 1090 1592
254 2428 639 3263
365 2428 580 2696
698 1207 1142 1690
1357 352 1834 953
32 2030 385 2258
137 1697 496 2186
1142 972 1671 1690
254 2617 639 3263
698 1207 1109 1573
848 1227 1109 1573
920 1338 1109 1573
319 2617 639 3263
724 2154 1834 2696
724 2154 1834 2637
724 2173 1834 2637
724 2173 1677 2572
829 2173 1677 2572
378 920 1155 1331
319 2885 639 3263
319 2885 580 3263
1142 1201 1534 1690
874 2173 1677 2572
1024 2173 1677 2428
1331 0 1834 600
1331 0 1834 496
1429 0 1834 496
1494 0 1834 496
1514 0 1834 470
1586 0 1834 470
1612 0 1834 352
0 1893 1834 3263
672 1893 979 2506
378 920 1155 1299
0 2017 1834 3263
776 0 1233 189
0 0 1834 2356
1233 339 1762 770
1233 424 1762 770
1233 489 1664 770
1233 489 1566 770
1403 489 1566 750
1051 3107 1286 3263
378 985 1090 1299
489 985 1090 1299
489 985 926 1201
1155 1547 1834 2323
13 2963 313 3263
672 1893 979 2382
698 2160 979 2382
1383 1547 1834 2323
1383 1599 1834 2323
1383 1697 1834 2323
1436 1925 1834 2323
1436 1925 1834 2186
1011 2265 1834 2637
1011 2317 1599 2637
887 2395 1834 3263
13 2963 306 3263
319 2885 548 3263
1331 0 1677 359
1383 1697 1834 1925
1540 1155 1834 1312
907 2395 1834 3263
1142 2395 1834 3263
541 920 1155 1240
907 2957 1253 3244
940 2957 1253 3192
0 150 221 463
1645 2395 1834 2728
1024 2199 1677 2428
0 0 1834 1566
0 848 541 1449
0 1018 541 1449
0 1188 391 1449
1579 600 1834 1246
0 1207 1834 2356
0 2017 1514 3263
0 2017 1175 3263
0 2017 1122 3263
1416 1599 1716 1795
1142 3055 1383 3263
822 2709 1390 3055
0 0 1697 1566
248 757 639 1168
829 2709 1390 3055
1331 0 1553 359
1220 2043 1468 2226
0 2017 1024 3263
0 2043 1024 3263
372 2141 1024 3263
372 2141 633 2513
0 2043 548 3061
0 2141 548 3061
0 1214 1658 2356
313 1834 515 2030
1227 2395 1834 3263
1383 1207 1834 1697
385 2291 1024 3263
385 2369 1024 3263
391 2369 1024 3263
1579 600 1834 1220
737 2369 1024 2813
391 2467 907 3263
391 2467 894 3081
391 2467 894 3002
391 2480 776 3002
404 2480 776 3002
404 2565 750 3002
404 2709 750 3002
0 0 1573 607
1155 45 1573 496
1272 267 1573 496
874 2297 1161 2572
926 2617 1631 3081
926 2780 1318 3081
750 2428 1024 2813
1135 1455 1383 1867
1051 2709 1390 2924
1051 2780 1266 2924
1227 2395 1762 3263
802 2480 1024 2813
0 2193 541 3061
0 0 1207 607
0 0 1194 607
0 0 1194 391
842 130 1194 391
1579 691 1834 1220
0 0 946 287
802 2643 1005 2813
1129 2598 1514 2780
0 150 1697 1566
1227 2696 1645 3263
1286 2696 1645 3263
1286 2859 1618 3263
1090 985 1449 1566
1090 1051 1449 1566
1272 267 1442 496
0 2304 541 3061
0 2304 398 3061
52 2304 398 2558
1645 2395 1801 2728
0 2376 352 3061
0 2382 352 3061
0 150 1697 1227
221 150 1697 1227
1116 483 1697 1227
1161 685 1697 1227
1161 757 1697 1227
1292 757 1697 1227
1318 776 1697 1227
1318 789 1690 1227
1318 809 1690 1227
1090 1051 1331 1566
561 1377 1658 2356
620 1605 1658 2356
0 2474 352 3061
0 2591 352 3061
1253 1455 1383 1742
91 2304 398 2558
221 150 1299 1181
0 2630 352 3061
0 156 430 580
0 332 385 580
0 2715 352 3061
0 2715 352 2983
0 2715 352 2976
1175 1051 1331 1566
620 1645 1658 2356
750 1703 1658 2356
0 1214 607 2265
652 1103 1122 1436
156 1631 554 1867
137 2741 352 2976
195 2741 352 2924
1423 2395 1762 2826
1292 2617 1631 2957
1605 1246 1834 1449
1638 691 1834 1220
1011 2330 1449 2637
750 1703 1553 2356
750 1703 1344 2356
1423 2395 1742 2643
744 2604 1305 3028
182 1703 554 1867
221 150 1070 894
535 463 1044 829
567 287 1299 1181
711 287 1299 1096
979 450 1299 1096
711 287 1246 633
254 2043 463 2232
1286 2885 1605 3263
0 1553 293 2265
0 1671 293 2265
0 1834 293 2265
1155 45 1449 437
221 150 966 894
567 620 1155 1181
881 1703 1344 2356
0 372 385 580
620 1645 959 2049
933 1703 1344 2252
711 300 1181 633
711 300 1155 633
711 476 946 633
0 868 313 1436
0 868 313 1390
39 1214 607 1684
1357 509 1736 953
1586 2709 1834 3263
1383 1253 1834 1697
933 1867 1344 2252
933 1867 1194 2252
39 1214 607 1658
0 998 313 1390
110 1024 313 1390
1116 1788 1553 2043
221 150 959 894
1540 2532 1762 2826
567 639 1155 1181
770 639 1155 1181
933 1867 1122 2252
0 1964 293 2265
1116 2017 1344 2186
1318 809 1690 1109
1383 1253 1834 1658
248 926 489 1168
39 1312 548 1658
1449 1253 1834 1618
0 0 835 274
0 0 815 274
1586 2852 1834 3263
567 639 900 959
567 639 868 926
567 705 848 926
287 522 587 894
221 150 959 613
352 1214 607 1468
221 215 959 613
221 215 874 535
0 0 620 274
1566 3107 1729 3263
1116 3107 1286 3263
907 3074 1083 3244
1344 3055 1560 3263
1142 3055 1383 3218
940 3055 1194 3192
1586 3035 1834 3263
613 3035 907 3263
809 3028 1005 3205
1481 3015 1612 3263
1286 3015 1488 3263
13 2963 300 3263
1037 2957 1253 3120
319 2957 548 3263
1566 2944 1716 3107
548 2924 731 3074
1344 2885 1605 3028
332 2885 509 3139
646 2878 802 3074
829 2865 1077 3055
1227 2859 1377 3100
1599 2852 1834 3211
926 2852 1161 3081
561 2833 750 3002
1135 2787 1266 2918
1148 2780 1318 3081
385 2767 528 2931
0 2715 248 2865
1631 2709 1834 2996
1292 2709 1468 2957
1175 2709 1390 2898
744 2709 1201 3028
404 2709 691 2898
652 2669 783 2872
802 2650 953 2813
1338 2637 1514 2780
150 2630 313 2780
1462 2617 1631 2891
1031 2604 1305 2774
737 2604 874 2931
1129 2598 1364 2741
391 2585 548 2787
535 2565 705 2761
1592 2558 1762 2826
1037 2558 1175 2702
920 2558 1122 2715
1664 2519 1801 2728
365 2513 522 2696
476 2487 678 2656
182 2487 359 2630
802 2480 1024 2669
626 2480 776 2715
0 2474 208 2669
685 2467 894 2630
1423 2461 1612 2643
1259 2461 1488 2637
750 2428 940 2578
417 2428 580 2572
1671 2395 1834 2585
1645 2395 1775 2565
1579 2395 1742 2572
900 2389 1161 2572
241 2389 522 2780
189 2382 319 2578
0 2376 156 2591
737 2369 907 2558
1299 2350 1449 2611
1011 2330 1357 2637
385 2323 541 2474
1390 2317 1599 2585
261 2317 398 2526
91 2304 293 2558
874 2297 1135 2474
541 2291 705 2500
1292 2278 1449 2408
1553 2265 1834 2487
561 2245 718 2467
372 2245 626 2513
724 2239 887 2506
1370 2199 1677 2376
1024 2199 1507 2428
52 2193 411 2356
881 2186 1135 2356
1383 2173 1677 2310
698 2160 979 2291
1658 2154 1788 2330
293 2141 548 2284
1449 2128 1716 2350
1697 2121 1834 2323
953 2102 1090 2252
254 2069 417 2232
0 2062 156 2265
750 2056 979 2232
1631 2043 1834 2173
306 2043 463 2206
45 2030 385 2232
0 2030 130 2160
1116 2017 1338 2186
489 2017 620 2199
1664 1964 1834 2102
0 1964 293 2167
1436 1958 1651 2186
1501 1925 1834 2128
1220 1899 1553 2043
672 1893 842 2193
900 1880 1031 2082
933 1867 1122 2180
580 1860 718 2271
470 1860 652 2160
189 1847 391 2095
313 1840 515 2030
0 1834 280 2017
796 1827 1096 2173
235 1814 496 2186
1116 1788 1403 1977
1507 1782 1658 1925
750 1775 907 1938
646 1769 868 2049
802 1723 1018 1853
1383 1710 1553 1880
1155 1703 1449 1906
979 1703 1109 1906
65 1703 254 1867
1501 1697 1834 1925
137 1697 398 1867
0 1671 169 1840
620 1645 959 1814
1135 1605 1286 1867
848 1605 1142 1795
0 1553 274 1723
1599 1547 1834 1716
920 1540 1142 1690
1090 1534 1246 1677
1351 1501 1534 1801
1527 1488 1677 1697
620 1481 933 1677
1540 1442 1834 1618
39 1423 202 1566
757 1403 913 1579
1383 1383 1612 1658
698 1383 861 1566
561 1377 744 1651
920 1338 1083 1514
345 1325 476 1468
1096 1318 1227 1566
0 1318 287 1449
169 1312 548 1658
1449 1253 1645 1468
848 1227 1057 1481
1259 1214 1449 1468
926 1214 1122 1436
352 1214 607 1396
1527 1207 1749 1423
698 1207 972 1442
235 1188 391 1403
1175 1175 1331 1566
0 1175 248 1436
1540 1155 1834 1299
789 1122 1090 1299
378 1116 763 1266
652 1103 953 1305
0 1103 169 1325
1325 1096 1501 1370
1090 1064 1233 1305
1436 1037 1566 1227
489 1024 665 1161
189 1018 541 1286
1579 1005 1834 1246
0 998 150 1155
1227 985 1357 1370
489 985 802 1201
763 979 1155 1240
339 979 489 1168
1560 972 1762 1161
1514 972 1671 1214
1024 972 1161 1227
1396 959 1547 1135
248 926 430 1109
541 920 829 1090
848 894 1051 1031
1579 874 1795 1031
78 868 235 1077
1161 848 1318 1037
150 848 352 1057
0 822 189 1031
1410 809 1690 1077
1318 809 1560 1109
1449 789 1579 966
1083 783 1299 1096
248 783 378 913
567 763 848 926
1292 757 1449 1057
398 757 639 1018
789 731 972 946
0 711 235 926
620 705 789 861
287 705 502 894
1233 698 1403 855
1638 691 1834 913
228 672 359 829
0 665 254 868
1233 620 1468 770
926 620 1083 789
1357 613 1612 953
1403 607 1540 750
1605 554 1808 815
274 541 476 685
535 522 724 829
287 522 587 881
1566 509 1736 815
711 489 894 633
1116 483 1292 698
665 463 1044 691
979 450 1253 855
0 437 176 580
946 430 1181 567
1612 424 1762 580
0 385 509 829
724 372 972 567
91 372 385 548
1703 352 1834 698
1494 352 1677 496
1233 345 1534 705
1579 339 1716 496
0 332 254 509
685 326 998 607
522 326 959 613
861 300 1155 509
221 300 561 470
1070 287 1246 489
1070 280 1207 411
1390 274 1573 483
1279 267 1442 430
489 267 691 430
1586 261 1834 470
1155 215 1331 437
443 215 874 535
1612 208 1834 352
698 202 966 437
894 176 1194 391
13 156 430 424
476 150 783 300
1253 45 1449 411
1201 45 1416 182
385 45 815 189
665 19 835 156
1690 0 1834 130
1684 0 1834 235
1560 0 1814 248
1383 0 1553 261
1161 0 1455 221
789 0 1083 143
313 1840 652 2160
0 0 1834 2474
0 1860 1834 3263
0 0 1416 966
665 1403 913 1579
0 665 1834 2474
515 1103 1122 1436
398 0 1834 1984
750 1605 1155 1984
254 2617 417 3263
398 0 1834 1690
1514 124 1834 378
1514 143 1834 378
881 2017 1468 2356
1612 143 1834 352
476 2924 639 3263
0 2317 150 2545
0 1188 391 1612
0 2043 1834 3263
535 1103 1122 1436
483 0 1834 1690
1064 352 1834 1690
1116 352 1834 1690
1553 2709 1834 3263
483 0 1834 1468
489 894 1155 1299
489 1860 953 2931
489 1860 718 2467
541 2291 953 2931
626 2480 953 2931
652 2604 953 2931
652 2604 874 2931
0 665 1246 2382
1064 874 1331 1566
1116 620 1468 855
750 1605 1142 1938
881 2043 1468 2356
881 2160 1246 2356
489 920 1155 1299
541 2291 705 2513
1579 2395 1801 2728
776 0 1233 241
0 1566 561 2343
0 1671 496 2343
646 2239 1834 3263
646 2265 1834 3263
685 2265 1834 3263
685 2278 1834 3263
0 2043 1286 3263
0 2963 313 3263
1142 352 1834 1690
685 2278 1762 3263
489 979 1155 1299
235 1188 391 1442
646 2617 1631 3185
744 2617 1631 3185
874 1005 1834 2474
1540 1005 1834 1299
789 0 1155 143
874 1201 1834 2474
829 2617 1631 3081
1292 352 1834 1227
1116 620 1292 855
0 1671 385 2343
0 2030 385 2343
1253 1455 1716 1801
0 665 1090 1592
189 1018 1090 1592
0 665 763 1436
182 2317 541 2780
1090 874 1331 1566
1351 1501 1716 1801
228 672 476 913
1279 0 1834 600
1383 0 1834 261
809 2957 1286 3263
940 2957 1286 3263
1481 0 1834 248
489 1860 718 2271
1566 2709 1834 3263
228 672 476 829
0 1207 1246 2382
698 45 1416 437
0 2043 907 3263
319 2245 907 3263
365 2245 626 2513
1527 1201 1834 1449
1540 1201 1834 1449
182 2323 541 2780
241 2323 541 2780
1233 620 1468 855
1560 691 1834 1220
1383 0 1677 261
685 2278 1762 2898
809 3028 1109 3263
189 1814 496 2186
156 1566 561 1958
0 2043 633 3061
0 2043 633 2748
52 2043 633 2356
52 2043 548 2356
52 2141 548 2356
1279 228 1834 600
1279 228 1703 483
1279 228 1703 430
1292 352 1834 1109
750 1723 1018 1938
0 1207 1246 2252
698 1207 1246 1677
1090 1462 1246 1677
685 2278 1762 2826
685 2278 1357 2761
685 2278 1024 2761
685 2369 1024 2761
685 2428 1024 2761
0 0 946 966
874 1253 1834 2474
0 1214 1142 2252
672 1703 1122 2252
0 235 385 580
0 287 385 580
319 2428 907 3263
894 45 1416 391
874 2173 1677 2474
483 45 1566 1468
0 0 946 300
0 1214 1142 2049
489 979 1155 1240
1070 1253 1834 2350
1494 261 1834 600
1494 339 1716 600
1240 959 1547 1468
1259 959 1547 1468
672 1867 1122 2252
685 2467 1024 2761
1560 0 1834 248
1579 691 1834 1031
1292 352 1834 1057
1357 352 1834 966
0 2304 319 2748
0 2591 241 2748
1207 2461 1762 2826
1423 2461 1762 2826
332 2428 907 3263
1161 45 1416 313
0 1214 1142 1814
365 2428 907 3263
509 2813 907 3263
365 2428 705 2931
548 2924 907 3263
685 2467 1024 2669
1436 1958 1834 2350
1449 2121 1834 2350
1658 2121 1834 2330
0 150 874 966
483 45 1566 1181
483 300 1318 1181
567 450 1318 1181
385 2585 548 2931
1325 959 1547 1370
1207 2611 1527 2780
1070 1253 1834 2186
1116 1253 1834 1977
1383 1253 1834 1925
1383 1253 1834 1742
1599 1547 1834 1742
1070 45 1566 705
1116 1605 1449 1977
0 150 874 894
365 2428 705 2898
365 2428 705 2761
365 2428 678 2696
1070 1782 1834 2186
1494 352 1677 600
1357 509 1736 966
156 1566 554 1867
0 156 874 894
0 2304 319 2669
1116 45 1566 705
900 2330 1357 2702
900 2330 1357 2637
796 1742 1096 2173
620 1481 1142 1814
620 1481 1037 1677
1318 776 1697 1109
1116 1782 1834 2186
0 848 763 1436
0 848 352 1436
848 1227 1083 1514
1116 1899 1834 2186
567 620 1318 1181
672 1893 979 2232
744 2598 1364 3028
1116 345 1566 705
248 926 763 1266
378 1024 763 1266
1560 894 1834 1220
483 300 1181 633
483 300 1155 633
483 326 998 633
91 2304 319 2578
1338 2970 1560 3263
483 326 998 613
0 0 835 300
0 1214 744 1723
0 1312 548 1723
1116 1703 1449 1977
1148 2617 1631 3081
398 522 724 1018
137 2826 332 2976
0 156 874 829
352 1214 744 1710
1299 2265 1834 2611
1116 1899 1553 2186
770 620 1318 1181
0 998 313 1436
0 1103 248 1436
561 1377 744 1710
1449 1253 1834 1697
13 156 691 470
1116 1951 1390 2186
770 620 1299 1181
770 639 1299 1181
1390 2265 1834 2585
1090 1064 1331 1566
620 639 868 861
620 1540 1142 1814
13 156 561 470
1116 345 1534 705
522 326 998 613
567 763 900 959
0 1671 254 1867
0 215 874 829
437 1860 652 2212
176 1723 561 2186
1494 1899 1834 2108
1599 1325 1834 1553
1599 1325 1834 1488
1240 339 1697 705
1286 2878 1808 3172
705 1207 1129 1573
0 2970 313 3263
26 2970 313 3263
842 2160 1684 2545
1527 2369 1834 2572
1645 2369 1834 2565
372 1501 776 2506
372 1501 731 2506
1233 724 1449 920
372 1501 731 2265
900 2408 1142 2545
711 1207 1129 1573
0 2030 306 2173
0 2030 202 2173
541 757 1325 1795
541 757 1325 1599
541 757 1325 1566
652 770 1325 1566
1064 770 1325 1566
776 0 1834 1103
1579 607 1834 1103
1579 809 1834 1103
541 757 1161 1240
1579 809 1834 1057
110 959 1122 1729
796 3035 1103 3263
1579 809 1834 1024
326 2284 1494 3263
744 2284 1018 2572
326 2526 1494 3263
776 0 1834 946
254 1697 561 2010
1161 1018 1834 2193
1390 1018 1834 1658
1390 1018 1834 1553
1462 1018 1834 1423
1514 1018 1834 1423
1514 1018 1834 1318
326 2565 1494 3263
326 2604 1494 3263
744 2604 1494 3126
776 0 1834 607
776 0 1834 470
822 2735 1403 3126
776 0 1684 437
776 0 1684 430
776 0 1553 430
1560 1018 1834 1246
1592 1018 1834 1220
652 1103 1129 1449
313 1729 561 2010
313 1834 561 2010
326 2611 953 3263
372 2754 953 3263
822 2807 1175 3022
711 1207 1077 1527
744 2604 1494 2963
0 0 1801 3263
639 1893 1279 2506
770 1971 1279 2252
1051 2017 1279 2186
1527 1207 1834 1423
639 1893 979 2506
711 757 1083 1077
802 2023 1834 3263
1037 2735 1403 3126
1364 345 1834 946
1364 424 1814 946
1161 1481 1834 2193
1161 1579 1834 2193
1181 1579 1834 1925
0 0 1801 2356
1031 2023 1834 3263
1051 2023 1834 3263
1051 2271 1834 3263
1116 2271 1834 2898
0 1860 822 3263
1253 1534 1586 1775
0 1860 548 2356
0 2010 548 2356
639 1893 979 2487
1207 2278 1834 2898
678 1893 979 2487
685 1893 979 2487
1051 2369 1834 3263
1051 2650 1834 3263
1051 2650 1612 3263
1051 2702 1612 3263
1051 2787 1612 3263
0 2043 822 3263
0 2043 783 3263
313 1834 515 2010
776 0 1553 391
1051 2787 1586 3263
0 2304 541 3263
1181 2983 1586 3263
718 2167 972 2487
0 0 1194 848
1462 3028 1834 3263
1462 3028 1756 3263
744 2676 1312 2963
0 267 1801 2356
0 535 718 1442
652 1103 1116 1390
548 2957 953 3263
117 535 718 1103
0 2304 463 3263
215 535 718 1096
0 65 345 248
372 2754 607 3263
1064 874 1325 1566
0 1181 1742 2356
1175 1051 1325 1566
1377 2369 1834 2833
0 711 313 1442
0 711 306 1442
0 306 385 587
261 215 580 463
261 215 580 411
1161 1788 1664 2193
404 2043 783 2715
0 2474 463 3263
0 2474 372 3263
1161 1906 1664 2193
1521 2408 1834 2833
1194 0 1553 391
567 267 1801 1723
926 267 1801 1723
567 1410 1742 2356
567 1410 1116 1912
567 1410 815 1697
926 267 1801 1109
926 352 1801 1109
926 476 1801 1109
1175 685 1801 1109
567 280 1253 1220
1135 842 1671 1723
1142 842 1671 1638
1148 842 1396 1501
770 1971 1246 2252
633 1703 1742 2356
1148 842 1364 1364
1305 691 1801 1109
626 1618 1116 1912
1305 783 1729 1109
1436 783 1729 966
0 1181 639 2017
0 1312 639 2017
0 1312 554 2017
926 476 1618 868
0 332 385 587
0 2304 398 2565
0 2754 372 3263
633 1769 1742 2356
881 2043 1742 2356
0 711 248 1442
150 1083 306 1390
802 2428 1122 2807
1051 2787 1468 3263
633 1769 1410 2180
1116 2271 1521 2669
215 535 509 926
215 607 509 926
1364 509 1729 946
900 1775 1410 2180
0 1312 554 1886
567 483 1161 1220
1051 3107 1299 3263
1462 3100 1671 3263
1338 3055 1560 3263
705 3055 953 3263
1651 3048 1834 3218
1181 3042 1501 3263
796 3035 1064 3211
1553 3028 1756 3263
554 3022 842 3263
26 2970 248 3263
548 2957 737 3133
665 2918 855 3185
815 2911 1194 3159
0 2885 372 3263
1566 2878 1808 3172
1286 2878 1605 3113
319 2878 535 3263
1449 2859 1703 3002
1631 2852 1834 3048
940 2852 1168 3087
1168 2787 1468 3139
372 2754 535 2983
0 2754 228 2911
1083 2735 1403 3074
744 2722 1201 2963
1573 2676 1834 2996
1037 2676 1312 2807
626 2669 822 2970
1279 2650 1521 2833
1455 2624 1618 2898
326 2611 528 3068
744 2604 881 2839
1031 2565 1194 2722
443 2565 731 3009
802 2539 1122 2807
691 2526 894 2780
1671 2519 1801 2735
489 2493 678 2715
0 2474 241 2826
855 2428 1011 2715
1116 2421 1344 2669
946 2408 1142 2545
241 2395 594 2839
124 2382 345 2846
1377 2369 1756 2683
985 2350 1227 2598
1024 2330 1351 2591
705 2330 835 2506
0 2330 156 2565
385 2323 541 2480
117 2304 398 2558
744 2297 894 2572
1207 2278 1834 2689
1331 2271 1521 2461
404 2245 783 2715
1534 2239 1716 2376
881 2186 1253 2356
718 2167 972 2402
842 2160 1684 2474
561 2147 711 2506
1631 2102 1788 2297
953 2102 1246 2252
313 2049 456 2199
1220 2043 1742 2304
404 2043 633 2265
130 2030 306 2167
0 2030 182 2173
