0 0 2985 5312
1476 1593 2082 2220
1051 2146 1328 2656
0 648 1083 1922
2305 1497 2985 2560
0 4557 775 5312
1636 0 1848 531
2475 2900 2985 3548
1147 584 1869 1752
1328 679 1869 1338
1349 3644 1561 4143
1285 1497 2422 2985
1891 2284 2241 2985
616 4419 1051 5312
616 4419 956 5312
446 1880 775 2539
1869 0 2985 1359
1285 1497 2422 2900
1614 1508 2422 2900
1582 860 1869 1338
0 0 1551 1891
1317 2921 2985 5312
0 1752 1232 3442
0 1752 764 3229
0 1752 764 2039
1784 3325 2985 5312
924 871 1232 1891
956 3282 1264 4334
2156 1285 2985 1752
0 2794 1232 3442
0 1179 2985 5312
159 0 2985 3006
159 0 2985 1487
159 0 1710 998
159 0 1689 998
1476 2188 2985 3367
2135 3325 2985 5312
0 1179 2868 5312
0 4068 2868 5312
0 4090 2868 5312
1476 2316 2985 3367
1593 2316 2985 3367
1306 180 2985 1487
1784 223 2985 1487
807 4504 1423 5312
159 0 1211 998
0 1179 2560 4695
1338 2018 1827 2751
0 2889 1232 3442
0 3123 966 3442
0 3123 690 3442
2029 2316 2985 3367
2029 2634 2624 3367
159 0 860 998
0 1179 2209 4695
403 1179 1179 1986
0 1189 2209 4695
0 1976 2209 4695
2475 2316 2985 3049
0 4090 2560 5312
0 4090 1901 5312
1136 4547 1784 5312
1136 4547 1721 5312
1136 4547 1721 5163
1795 3049 2560 4462
1795 3102 2560 4462
0 4759 509 5312
2135 3325 2985 4493
1614 1551 2092 1848
0 2677 1997 4695
0 4090 1901 4897
478 4090 1901 4791
743 4090 1901 4791
956 4164 1901 4791
1381 4164 1901 4791
2092 1444 2613 3006
2645 116 2985 1158
1317 2921 1901 4504
403 1179 1147 1944
403 1614 1062 1944
0 0 1551 1147
0 403 1551 1147
733 1179 1147 1869
733 1179 1094 1678
807 4504 1349 5312
807 4504 1211 5312
456 1189 1551 3282
2177 4143 2985 5312
371 4068 754 4398
2252 4270 2868 5312
2284 4270 2868 5312
1614 2018 1827 2656
573 1189 1551 3208
573 1912 1519 3208
2156 1285 2985 1614
2156 1285 2815 1614
1243 3707 1625 4536
1306 180 2103 1019
0 4302 764 4897
1243 4015 1625 4536
1795 3102 2549 4462
2050 3102 2549 3516
2241 3197 2549 3516
1869 0 2985 573
339 403 1551 1147
339 403 1551 1073
339 573 1051 1073
573 1912 1402 3208
0 2677 1614 4695
2092 1444 2528 2921
2188 1519 2528 2921
1795 3165 2294 4462
828 563 1147 1147
1126 1189 1551 1922
2464 4833 2740 5312
1795 3208 2294 4462
1795 3208 2294 4408
1381 1976 2209 2974
1795 3569 2294 4408
1880 3569 2294 4408
1731 1976 2209 2974
1317 2942 1721 4355
0 4759 297 5312
0 4302 764 4844
573 1912 1402 3144
1508 2921 1901 4504
2379 4143 2985 5312
1126 1189 1338 1922
1487 180 2103 839
796 403 1551 679
1147 5067 1423 5312
1370 5025 1646 5312
2475 4908 2740 5312
84 4865 509 5312
1540 4855 1763 5227
1200 4695 1412 5003
1466 4578 1901 4791
1019 4578 1349 4833
276 4557 775 5312
1944 4536 2177 4748
1625 4536 2560 5312
871 4504 1211 5312
807 4504 1019 4982
796 4430 1051 4642
956 4366 1540 4738
2124 4323 2390 4632
0 4302 701 4844
2284 4270 2868 5205
1784 4249 2167 4557
1243 4228 1625 4536
2177 4207 2549 4525
2379 4185 2985 5312
1381 4164 1816 4674
2762 4143 2985 4727
743 4090 1285 4430
371 4068 605 4398
1274 4015 1551 4483
1827 3867 2071 4462
2135 3697 2507 4493
1880 3569 2294 4111
2241 3325 2985 4260
2305 3272 2549 3516
1869 3208 2284 3771
1582 3187 1901 4504
0 3123 393 3442
2050 3102 2305 3516
2146 3049 2401 3335
2103 2953 2624 3367
0 2942 1508 4695
1508 2900 1997 3952
637 2900 956 3208
839 2889 1232 3272
1593 2815 2231 3112
233 2794 531 3367
2273 2783 2613 3006
1891 2687 2156 2985
1158 2677 1614 3059
2029 2634 2432 3049
1381 2581 1784 2889
2549 2464 2985 3049
2560 2422 2836 2836
2475 2316 2730 2953
1997 2284 2241 2921
2528 2188 2762 2507
2401 2188 2645 2624
1051 2146 1274 2656
1976 2082 2209 2475
1338 2050 1806 2751
1359 2018 1721 2507
0 1997 446 3272
2294 1986 2528 2921
1731 1976 2103 2974
456 1933 690 3282
1094 1922 1519 2411
573 1912 1296 3144
520 1880 775 2539
0 1795 424 2039
74 1752 764 1965
1614 1636 1891 1848
860 1625 1179 1986
1476 1593 2082 2167
1816 1508 2422 2900
1285 1497 1731 1891
2167 1455 2507 1752
1274 1423 1551 1859
2273 1402 2815 1614
1689 1391 2135 1614
924 1200 1136 1646
733 1179 966 1572
1582 1009 1869 1338
1338 988 1582 1285
1784 945 2135 1455
1582 860 1816 1211
1328 679 1806 1221
1073 658 1306 1657
0 648 1083 1869
711 616 1051 1073
1306 594 1869 1019
1147 584 1859 1752
339 573 775 966
828 563 1147 871
1827 509 2146 977
1699 446 2103 839
1349 403 1710 669
796 403 1391 626
605 254 828 637
1880 223 2985 1487
2231 180 2486 637
1487 180 1816 594
2581 169 2985 1359
2645 116 2985 988
2135 10 2401 371
1944 0 2985 573
1869 0 2326 424
1752 0 2061 563
839 0 1689 541
796 0 1211 594
180 0 860 903
159 0 382 998
0 0 265 945
1285 1859 1827 2464
0 0 2985 3633
233 1891 1232 3633
0 0 2985 2146
0 1285 2985 5312
1816 1444 2528 2921
0 3282 2985 5312
0 4090 2985 5312
2581 116 2985 1359
0 1667 424 2039
233 2794 1232 3633
0 1285 2985 4695
711 563 1306 1891
1636 0 2061 563
0 1625 1285 2146
0 1625 1179 2146
1476 1285 2985 4493
1795 1285 2985 4493
2156 1285 2539 1752
435 1625 1179 2146
0 892 435 1126
1795 1381 2985 4493
435 1827 977 2146
828 563 1306 1891
2071 3197 2347 3612
754 1625 1179 1986
1051 658 1306 1891
1476 2762 2231 3112
0 1593 2241 4695
2124 4323 2432 4791
892 1200 1136 1678
339 2889 1232 3633
339 3165 966 3633
520 1593 2241 3952
0 0 2985 1922
1179 0 2985 1922
1179 1391 2135 1922
0 1752 764 2050
0 1997 1561 4695
0 2942 1561 4695
1285 1391 2135 1891
361 1891 690 3282
1784 0 2985 1487
1795 3102 2114 3686
1837 3102 2114 3399
0 4419 1019 5312
743 4090 2868 5312
1529 4855 1784 5280
1051 658 1306 1657
0 0 1869 1869
0 573 1147 1869
0 648 1147 1869
1338 2018 1816 2751
350 3165 966 3410
159 0 1869 1752
796 0 1869 1752
754 0 1211 594
0 4196 945 4844
1179 1423 1551 1922
743 4090 1540 5312
871 4366 1540 5312
743 4090 1412 4483
1795 2634 2985 4493
1795 2900 2985 4493
2305 1381 2985 3049
2305 1381 2985 2836
0 1997 446 3442
1274 3644 1561 4483
573 1593 2241 3952
1381 1593 2241 2974
2666 1381 2985 1795
1784 509 2146 1455
2029 3697 2507 4493
573 1912 1997 3952
1136 4270 2868 5312
871 4504 1423 5312
616 4419 1019 5312
1795 2900 2985 4462
1136 4536 2740 5312
1136 4536 2560 5312
839 0 1869 1752
839 0 1710 679
478 4196 945 4472
1306 446 2103 1019
1795 3208 2985 4462
1073 403 1710 679
2401 2188 2730 2953
2103 2900 2985 3548
1827 3208 2985 4462
573 1912 1614 3208
1338 2050 1816 2751
1094 1922 1614 3059
1158 2326 1614 3059
871 4504 1349 5312
573 1912 1296 3208
2305 1497 2985 2836
1476 1593 2241 2974
1731 1976 2241 2974
1827 3208 2294 4462
1827 3569 2294 4462
0 637 1083 1912
2581 180 2985 1338
1466 0 1848 520
233 1933 573 3367
1285 1561 2241 2985
1285 1604 2241 2985
435 1816 977 2146
1667 1391 2135 1614
1667 1391 2135 1604
2252 1476 2985 2624
148 0 1742 1019
1381 3633 1625 4536
1381 3633 1593 4249
1136 1837 1636 2507
1508 2847 2613 3463
1508 2847 2486 3463
2252 1476 2985 2571
637 0 1742 531
1582 2932 2985 5312
2220 3335 2985 5312
1296 669 1880 1391
637 0 1211 350
0 2953 1508 4706
0 2964 1508 4706
1806 2634 2156 2974
2220 3335 2985 4706
754 1264 1147 1944
0 2964 1508 4695
945 3272 1285 4313
0 2964 1508 4685
148 0 903 1019
1073 0 2985 1922
1073 0 2942 1922
1073 180 2942 1922
0 2964 2868 5312
1444 2964 1901 4557
1444 2964 1901 4504
0 0 2985 3559
0 0 1551 2092
0 0 1551 2082
0 0 1551 1986
0 1317 2985 3559
382 1891 1827 3282
849 2847 1434 3240
754 1274 1147 1944
796 1274 1147 1869
0 3760 2868 5312
1073 180 2942 1912
541 1891 1827 3197
1083 669 1306 1922
541 1891 1678 3197
0 4547 775 5312
2284 4185 2985 5312
807 4483 1412 5312
0 0 1551 1859
1784 3962 2443 4632
1306 2018 1827 2751
2379 3197 2985 3782
1073 254 2942 1912
2549 212 2783 743
1136 4547 1731 5312
563 1317 2985 3559
563 2857 1614 3463
159 0 903 1019
2124 1476 2432 2730
0 4090 2443 5312
1689 4504 2443 4802
1349 180 2103 977
0 4090 1816 5312
0 1752 1285 2082
1296 1317 2985 3559
2177 1317 2985 3559
2177 1423 2985 3559
2231 2783 2985 3559
2422 1317 2985 1614
1306 2039 1806 2751
1391 2039 1806 2656
1582 2932 2390 4419
711 0 1211 350
382 1891 669 3282
0 4090 1434 5312
1784 3070 2390 4419
0 4313 1434 5312
1296 1476 2454 3017
1529 4281 2868 5312
1784 3070 2390 4398
1752 0 2039 563
616 4366 1434 5312
1614 4281 2868 5312
0 393 1551 1147
0 478 1551 1147
0 531 1136 1147
0 764 690 1126
775 4366 1434 4855
807 4483 1296 5312
1795 3070 2390 4153
807 4483 1211 5312
807 4483 1211 5280
1806 3070 2390 4153
1880 3134 2390 4153
2539 3197 2985 3782
1614 4281 2836 5312
1806 3070 2220 3463
541 1891 1678 3165
1349 509 2103 977
339 531 1136 1147
2475 4833 2740 5312
1147 5078 1412 5312
903 4950 1211 5312
2528 4918 2868 5312
2517 4908 2740 5312
1529 4855 1763 5227
2369 4780 2602 5216
1614 4621 2571 5312
1019 4589 1296 4833
807 4525 1019 5067
1848 4504 2443 4802
839 4483 1211 5280
403 4462 722 4706
106 4462 478 4780
775 4430 1051 4855
616 4398 956 5312
956 4366 1434 4717
2135 4313 2401 4632
0 4313 701 4833
2273 4281 2836 5195
1370 4260 1816 4685
106 4249 393 4695
2177 4217 2443 4493
2103 4175 2347 4493
361 4111 605 4398
934 4090 1285 4408
1030 4068 1306 4313
339 4068 616 4281
2029 4037 2252 4419
1784 3962 2188 4632
2156 3888 2390 4153
1412 3877 1625 4536
1381 3782 1593 4249
1221 3760 1614 4536
1795 3686 2007 4111
2124 3633 2369 3930
2687 3463 2985 3782
2061 3378 2347 3612
2220 3335 2985 4260
2379 3208 2656 3633
2539 3197 2879 3580
1880 3134 2337 4111
0 3123 679 3474
1827 3070 2220 3389
1444 3038 1721 4387
1529 2964 1901 4504
563 2942 1328 3463
1582 2932 1965 4037
849 2889 1232 3240
658 2879 1158 3272
1508 2857 1997 3091
1243 2857 1614 3229
1689 2847 2486 3463
1540 2762 2071 3017
1933 2687 2156 2974
1806 2634 2039 2964
1094 2358 1678 2889
1030 2114 1328 2411
1306 2092 1784 2751
1391 2039 1774 2347
0 2007 446 3272
541 1891 1306 3165
541 1891 754 2124
488 1869 733 2146
1136 1837 1519 2507
807 1827 1285 2082
435 1816 977 2029
0 1752 860 2061
754 1721 1062 1944
945 1625 1243 1986
1508 1604 2241 2985
1869 1561 2092 1827
1296 1519 1912 1869
1891 1476 2454 3017
2177 1423 2985 2964
1689 1402 2114 1614
2422 1391 2985 1614
2645 1317 2985 1572
796 1274 1030 1689
913 1264 1126 1678
2432 1126 2942 1519
1487 1115 1880 1391
1593 1009 1869 1338
1349 977 1582 1285
0 903 424 1126
1572 860 1816 1211
1317 679 1806 1221
1296 669 1551 1296
711 626 1232 1859
1349 594 1922 977
339 584 775 934
711 531 1136 1147
1572 520 1784 733
1731 509 2103 839
509 424 828 786
1349 414 1667 658
849 403 1349 616
1073 254 2921 1912
1359 180 1848 594
2103 159 2592 478
2645 116 2985 892
1869 0 2422 414
1816 0 2039 509
1752 0 1986 563
1572 0 1848 520
839 0 1742 531
828 0 1211 350
180 0 903 903
159 0 393 1019
0 0 254 945
382 1816 977 3282
1296 1848 1827 2454
0 2836 488 3293
1667 1391 2432 2730
2581 116 2985 1338
0 0 2985 3197
0 0 690 1126
0 2857 2985 5312
1243 2857 1912 4557
1243 2857 1901 4557
0 3962 2985 5312
0 1285 2985 4833
0 4462 478 4897
1540 1285 2985 4419
0 1625 1784 4833
488 424 2241 3197
1296 1848 1774 2146
1370 1848 1774 2146
2103 1444 2432 2730
0 0 2985 1912
1349 860 1880 1391
945 3272 1306 4313
658 2719 1784 3272
1540 1423 2985 4419
488 531 2241 3197
1466 0 2039 563
1487 860 1880 1391
2146 1285 2985 1614
658 2847 1434 3272
488 1869 754 2146
0 0 393 1019
0 1625 1614 4833
2273 2879 2900 3091
541 531 2241 3197
711 531 1306 1922
796 1264 1126 1689
2199 1699 2432 2730
2199 1306 2985 1614
0 1933 1614 4833
0 1625 1285 2092
2284 4143 2985 5312
0 2942 1614 4833
711 626 1306 1922
1359 0 2985 924
0 0 2942 1912
1869 0 2985 924
541 1519 2241 3197
0 3962 2868 5312
0 2964 1614 4833
1381 3739 1593 4249
0 1752 1285 2092
839 3962 2868 5312
0 1933 573 3367
0 4398 1211 5312
0 2964 1614 4685
1806 1423 2985 3017
541 1519 2241 3165
541 1604 2241 3165
0 2942 1328 3633
339 4068 616 4398
1540 2762 2985 4419
1359 180 2103 839
1572 509 2103 839
1540 2762 2486 3463
616 4398 1211 5312
1891 1423 2985 3017
839 4366 1434 5280
0 0 1742 1912
1317 594 1922 1221
180 0 1742 934
1136 3962 2868 5312
1582 2783 2985 4419
1795 2783 2985 4419
180 0 1742 903
0 637 1147 1912
0 4196 966 4833
0 2942 1328 3474
1083 414 1667 679
1136 4547 2868 5312
934 3760 1614 4536
0 4196 701 4833
616 4398 1019 5312
1582 2932 2220 4037
541 1837 1784 3165
1136 1837 1784 2751
1784 3962 2443 4802
1614 4621 2868 5312
2475 4833 2868 5312
1880 2783 2985 4419
1880 3134 2985 4419
2029 3633 2390 4419
2231 2783 2985 3782
2029 3888 2390 4419
1880 3134 2985 4260
839 4483 1296 5280
106 0 594 531
2146 0 2411 403
2709 4228 2985 5312
1519 233 2475 775
0 1551 276 2061
1158 892 1508 1848
1221 1264 1508 1848
807 2666 2985 5057
159 1901 637 3250
499 0 1041 520
1742 127 2985 1508
1051 2007 1742 2613
1062 2007 1742 2571
1742 648 2305 1423
0 4578 563 5312
807 4408 1689 5057
2241 127 2985 1508
2422 3027 2900 3580
2305 1434 2985 2252
2496 127 2985 1508
1572 0 1965 541
1158 892 1497 1370
2422 3027 2900 3431
839 2666 2985 4695
839 2762 2985 4695
839 2762 2432 4695
1519 520 2156 775
361 1901 637 3250
2188 4026 2985 4632
1264 2762 2432 4695
1264 2762 2432 4568
1423 2762 2432 4355
0 0 1253 1572
0 0 1062 1487
0 0 616 1041
42 616 1062 1487
414 616 1062 1328
1423 2762 2432 3155
1423 2762 2432 3059
2188 4026 2985 4483
2316 4026 2985 4292
0 2156 2889 5312
563 2985 1253 3845
637 2985 1253 3346
637 3112 1030 3346
0 0 2985 4462
0 3856 2889 5312
318 3856 913 4451
2135 180 2815 1041
2337 1434 2985 2252
2358 1434 2985 2092
2507 127 2985 1466
414 892 881 1328
0 0 318 1041
0 95 318 1041
0 2156 1593 4493
2379 180 2815 860
648 0 1795 541
871 0 1795 541
0 2284 1593 4493
0 4270 2889 5312
0 2762 1593 4493
0 2900 1593 4493
0 2942 1593 4493
1689 2656 2985 4462
2188 2656 2985 3590
1689 2942 2985 4462
0 3208 1593 4493
2379 286 2815 860
0 0 2985 3272
2645 2156 2985 2507
2188 2656 2985 3197
0 4270 913 5312
371 1019 1519 1986
626 1019 1519 1986
1296 0 1795 541
1062 2007 1636 2422
786 4270 2889 5312
881 4270 2889 5312
871 0 1349 520
212 0 2985 1009
722 1019 1519 1986
0 531 2985 3272
1094 531 2071 1806
1381 594 2071 1806
1402 594 2071 1540
1582 860 2071 1540
0 2284 467 3059
0 2316 467 3059
0 1179 2985 3272
2188 2719 2985 3197
881 4578 1200 5057
1880 0 2252 435
1529 4419 2177 4695
2135 509 2549 1041
2135 690 2549 1041
63 1306 2985 3272
924 4270 2889 5312
63 1306 2985 2092
63 1561 1965 2092
63 1593 1721 2092
435 1519 2974 3272
435 1519 2815 3272
435 1519 2602 3272
265 159 839 775
0 3389 1593 4493
435 1795 2390 3272
1136 2942 1487 3537
626 1073 1030 1529
2050 1519 2602 3006
1094 531 1593 1126
2188 1519 2602 3006
2220 1859 2602 3006
1094 531 1529 913
1115 4270 2889 5312
1434 4270 2889 5312
0 3389 1561 4493
648 3601 1561 4493
1104 3601 1561 4493
1104 3601 1561 4451
648 3633 1381 4334
2231 2177 2602 3006
435 1795 2390 2985
63 1742 1721 2092
0 3389 743 4217
0 3675 722 4217
988 552 1253 1572
0 1179 552 1604
531 2124 988 3272
531 2124 860 2825
679 1837 1721 2092
722 1795 2390 2985
1636 4270 2889 5312
563 3282 998 3845
743 1795 2390 2985
191 3675 722 4058
839 4302 1678 4674
743 1795 2390 2932
1062 1795 2390 2932
1136 3601 1561 4132
1434 1795 2390 2932
499 1508 881 1837
924 4929 1285 5312
924 4950 1211 5312
871 148 1274 520
871 201 1211 520
0 4270 786 4972
584 616 1062 1158
2634 3399 2985 3814
1508 2974 1859 4515
1508 2974 1721 3994
1636 4727 2889 5312
1689 2942 2719 4462
1689 3505 2220 4462
1689 3505 2082 4462
1742 3739 2082 4462
191 3675 722 3984
106 4270 786 4972
1636 4727 2762 5312
1997 4770 2762 5312
648 3814 1381 4334
2050 1540 2411 2900
1434 1795 2390 2921
1689 2942 2719 4249
1689 2942 2719 4132
212 180 1912 1009
2231 2177 2549 3006
1444 2921 1721 4355
2698 2974 2985 3590
2517 5035 2889 5312
2347 4770 2762 5312
1689 2942 2719 4047
1689 2942 2656 4047
1689 2942 2294 3962
1837 3091 2294 3962
648 3814 1147 4334
733 3824 1147 4334
435 1848 1019 2358
1827 4270 2794 4972
2305 3357 2656 3739
1816 1795 2390 2921
1880 0 2985 552
1721 1306 2985 1604
1434 2007 1827 2730
2114 1306 2985 1572
945 5088 1211 5312
2517 5067 2730 5312
1423 5067 1869 5312
2124 5057 2517 5312
1211 4972 1487 5195
2347 4940 2624 5312
1019 4929 1285 5195
1434 4897 1710 5184
0 4887 265 5312
1859 4855 2071 5110
403 4844 839 5312
1997 4833 2379 5312
2411 4770 2762 5152
892 4738 1200 5057
1636 4727 1997 5131
1370 4685 1859 4993
467 4663 722 5120
1763 4653 2018 4918
31 4578 563 5312
1827 4547 2602 4972
786 4515 1211 4855
0 4483 308 4844
339 4462 764 4972
1115 4419 1689 5057
679 4419 913 5312
807 4408 1391 4717
956 4345 1678 4674
839 4302 1391 4515
2390 4270 2794 4876
106 4270 786 4748
2124 4238 2517 4632
1986 4217 2220 4451
2188 4185 2740 4483
2762 4164 2985 4632
2135 4164 2358 4483
0 4132 339 4504
1104 4111 1455 4451
1816 4079 2082 4462
1264 4068 1763 4568
318 4058 679 4398
945 4037 1381 4323
733 4026 1009 4334
1837 3930 2209 4249
2188 3909 2634 4260
520 3856 913 4451
382 3845 616 4058
818 3824 1147 4196
2581 3814 2879 4037
1051 3814 1306 4217
0 3782 488 4217
1253 3750 1561 4132
1742 3739 2029 4302
2709 3707 2985 3984
191 3707 499 3984
2146 3697 2379 3930
1869 3675 2103 3962
478 3675 722 3941
849 3633 1168 3899
573 3633 903 3845
0 3622 233 3899
1136 3601 1391 3930
2687 3569 2985 3814
1689 3505 2007 3909
1285 3505 1540 3920
2305 3495 2656 3739
318 3452 541 3771
0 3410 382 3771
2634 3399 2879 3782
223 3389 743 3718
2241 3378 2656 4047
2528 3335 2762 3580
1721 3325 1933 3622
2124 3293 2337 3548
1158 3282 1391 3697
563 3282 998 3686
871 3272 1211 3729
2698 3229 2985 3590
0 3208 711 3442
116 3123 679 3357
0 3112 393 3389
2188 3091 2443 3431
1837 3091 2294 3718
1604 3091 1912 3559
2422 3049 2751 3431
95 3049 499 3293
2549 3027 2900 3261
1497 3027 1721 4355
2039 2995 2560 3325
1136 2995 1381 3325
913 2985 1253 3346
2709 2974 2985 3304
1689 2942 2039 3208
1147 2942 1487 3537
924 2889 1466 3240
1508 2879 2071 3155
722 2868 998 3176
0 2794 276 3059
2018 2772 2432 3059
1827 2762 2082 2985
1423 2762 2039 3017
223 2762 478 3144
2751 2719 2985 3197
541 2709 988 3272
1136 2666 1593 2953
2369 2656 2985 2995
2496 2645 2815 2857
966 2645 1221 2985
743 2560 1232 2910
0 2560 233 2910
2231 2443 2549 3006
563 2443 860 2825
1667 2411 2135 2932
2677 2401 2985 2698
1954 2337 2390 2921
1434 2337 1795 2730
1774 2316 2103 2560
106 2316 467 2900
2443 2305 2974 2868
1062 2284 1721 2825
2645 2273 2889 2507
722 2167 1147 2645
0 2156 212 2422
531 2124 818 2549
1062 2061 1391 2422
1370 2050 1742 2571
159 2050 403 2411
361 2029 573 3250
1572 2007 1827 2443
1285 2007 1636 2326
2539 1986 2985 2401
934 1965 1306 2326
2305 1891 2549 2177
0 1880 446 2231
690 1859 1019 2358
435 1848 786 2220
1816 1795 2220 2411
1774 1795 2082 2114
2337 1752 2645 2252
63 1742 966 1954
2571 1721 2815 2146
0 1689 276 2061
127 1593 424 1816
1391 1561 1965 2050
2050 1540 2273 2422
1774 1519 2103 1869
658 1508 881 1837
499 1508 743 1742
2358 1455 2730 1869
2507 1434 2985 2092
2135 1434 2560 1976
1381 1412 1742 1806
318 1412 711 1795
1721 1391 2262 1604
722 1328 1009 1742
2114 1306 2634 1519
0 1274 552 1604
1221 1264 1466 1848
626 1264 860 1529
371 1253 701 1551
1412 1200 1678 1540
1582 1094 1837 1540
1221 1094 1497 1370
573 1083 881 1328
743 1073 1030 1370
