0 0 2985 5312
499 2305 828 3102
733 3240 1243 3505
0 2007 403 2284
1381 775 2528 1136
998 1742 1699 2454
2517 3824 2985 4302
2539 1349 2762 1774
998 1752 1699 2454
913 4292 1699 5078
0 3080 254 3856
2517 3835 2985 4302
2517 3835 2985 4238
913 4292 1508 5057
1423 1158 2252 1636
892 0 1689 563
1009 1752 1699 2454
2539 4823 2985 5248
0 3176 212 3856
1051 3718 1423 4249
892 0 1689 286
1232 1030 2071 1529
0 2262 839 4143
2656 95 2985 637
2656 95 2985 478
0 5014 988 5312
0 5014 669 5312
807 1519 2039 2719
807 1752 2039 2719
988 1922 2039 2719
807 1752 1019 2613
0 3580 435 4738
0 2262 839 4090
478 3080 839 4090
0 2262 573 3474
1423 1158 2231 1572
0 1264 350 2167
446 1211 871 1784
648 1211 871 1784
2454 1338 2985 2401
786 4068 1094 4578
1232 1030 1837 1529
63 0 913 669
0 2719 573 3474
0 2719 361 3187
2507 2103 2804 2634
2517 1678 2985 2401
1253 3176 1965 4345
63 0 913 616
1051 1752 1699 2454
1593 1922 2571 5312
1625 1922 2571 4950
2039 478 2581 690
2517 1678 2985 2092
180 2804 573 3474
180 2942 573 3474
1253 4748 1699 5078
966 679 1391 1094
1104 201 1944 849
1104 201 1827 849
1625 1922 2316 4950
1625 3782 2284 4950
1625 3782 2146 4929
1104 201 1604 669
1763 4366 2730 5312
1763 4600 2730 5312
2146 4600 2730 5312
2146 4823 2730 5312
2146 4897 2677 5312
1721 2613 1986 3059
913 4430 1508 5057
849 1519 1689 2199
2454 4366 2719 4823
1763 4950 2316 5312
934 1519 1689 2124
1009 1519 1689 1976
1051 1837 1699 2454
74 0 913 456
1752 1922 2316 4228
1508 0 2985 1859
0 1551 552 3208
116 1551 552 3208
116 1806 552 3208
116 2273 467 3208
233 1806 552 3091
233 1848 541 3091
1837 2262 2188 2921
807 1752 1019 2464
0 1338 2294 5312
573 2496 1381 3867
0 0 2985 5258
2007 1625 2985 5258
286 1551 531 1997
2007 1880 2985 5258
0 4175 488 5142
0 4175 478 5142
0 4175 339 5131
0 4175 318 5131
0 4175 318 4717
116 2273 456 2995
1763 4950 2177 5312
573 2496 956 3867
573 2496 945 2985
573 2624 881 2985
265 1848 541 3091
21 1338 2294 5312
945 1338 2294 3675
1009 1519 1636 1848
0 0 2528 2656
0 0 2443 2656
1869 1126 2347 1497
1997 913 2443 1147
2050 913 2443 1147
21 3134 1806 5312
63 74 467 616
0 0 2199 2656
0 924 286 1391
371 0 1253 573
371 0 1253 254
541 0 1253 233
0 4493 265 5131
0 4695 265 5131
945 3112 1168 3431
1752 1519 2146 1954
1328 1030 1837 1529
42 3187 1806 5312
106 3208 1806 5312
339 4504 1051 5312
116 2273 446 2794
116 2401 446 2794
1508 0 2985 1009
1508 0 2571 849
1508 0 2517 849
1508 0 2401 849
0 1126 265 1391
106 3208 1752 5312
1381 4950 1710 5312
1073 881 2199 1285
1083 881 2199 1285
2262 1880 2794 2592
1338 1338 2294 2432
1338 1338 2294 2156
988 1922 1869 2719
988 2209 1636 2719
690 4855 1434 5312
0 0 1476 2656
393 1083 764 1604
945 2231 2135 3675
1338 1338 1986 2156
1338 1381 1986 2156
1529 1381 1986 2156
1604 1466 1986 2156
382 988 669 1434
2177 1094 2528 1752
2177 1094 2528 1657
2007 2401 2985 5258
2316 0 2985 1009
1487 934 2199 1285
127 1519 350 2167
106 3208 1752 5078
106 3293 701 4153
2039 2401 2985 5258
2337 4483 2634 5258
318 3208 1752 5078
2039 2401 2985 4887
701 2847 913 3389
1752 2475 2209 4228
616 2953 956 3867
0 0 1476 2443
318 1359 903 2443
318 1359 881 2443
318 1359 701 2401
2337 4865 2634 5258
1508 0 2294 584
1901 0 2294 584
2422 4865 2634 5258
2273 1880 2794 2401
1253 1572 1636 1795
1232 1837 1699 2454
1625 3782 1944 4323
1922 1625 2294 2061
2316 0 2804 1009
106 3293 690 4100
0 0 1476 1731
1444 1922 1869 2528
0 0 1476 1689
0 0 1476 1434
733 743 1338 1434
733 977 1338 1434
733 977 1338 1381
733 977 1083 1381
1349 2879 1646 3357
2709 2401 2985 3219
2709 2401 2985 2942
0 0 1476 1104
0 0 1211 1104
1051 3718 1264 4185
1508 0 2061 563
754 1264 1019 1731
2039 2847 2985 4887
2443 626 2985 1859
520 223 1211 913
1604 1466 1976 2007
1062 509 1476 871
393 3208 1752 5078
1296 4143 1699 4887
1083 881 1859 1232
690 4855 1317 5237
0 0 711 1104
1774 435 2401 849
0 84 711 1104
1296 4238 1699 4887
2114 2847 2985 4887
2114 2900 2985 4887
2114 3240 2985 4887
2114 3495 2985 4887
2114 3601 2985 4887
2114 3782 2985 4887
2114 3792 2985 4887
2114 3792 2549 4483
106 3293 594 4100
159 3505 594 4100
2273 1880 2794 2358
1752 2836 2177 4228
2422 0 2804 977
2507 626 2985 1859
1604 0 2061 563
2039 4281 2347 4780
393 4525 1136 5078
393 4557 1136 5078
2507 626 2985 1625
2507 626 2985 1540
2602 626 2985 1540
2613 626 2985 1540
446 3208 1752 4568
584 3208 1752 4525
2146 2900 2709 3410
0 244 711 1104
658 3208 1752 4525
658 3399 1752 4525
754 3399 1752 4164
318 3665 594 4100
0 244 467 871
0 244 308 733
1721 1646 1986 2156
605 4557 1136 5078
945 2432 1986 3675
1147 2432 1986 3675
393 4578 818 5003
1189 2432 1986 3675
1189 2432 1933 3675
1296 2432 1933 3675
2273 1880 2560 2358
1551 2783 1933 3675
1104 3601 1752 4079
1391 3601 1752 4079
1115 3420 1614 3824
1296 2432 1859 2942
2432 4122 2985 4887
2581 4185 2985 4887
1412 5099 1710 5312
881 5067 1434 5312
2401 5003 2677 5312
2422 4993 2634 5258
2719 4982 2985 5312
2730 4972 2985 5248
1912 4950 2177 5312
1381 4950 1699 5258
403 4918 722 5184
2146 4897 2422 5312
690 4876 1317 5237
42 4855 265 5131
2496 4823 2730 5312
733 4770 1136 5078
1391 4748 1699 4961
414 4727 818 5003
0 4695 244 5078
913 4663 1508 5057
393 4578 626 4844
924 4568 1179 4876
605 4557 1019 4855
1466 4515 1699 4887
2624 4504 2985 4887
382 4504 775 4812
2347 4483 2581 4961
2050 4408 2347 4780
1030 4345 1402 4833
2177 4302 2528 4557
573 4292 818 4547
446 4292 722 4568
2039 4281 2337 4493
1721 4270 2146 5088
0 4270 212 4706
1296 4238 1699 4653
2581 4185 2985 4589
1752 4185 2146 4929
0 4175 244 4430
318 4143 679 4515
2432 4122 2719 4451
1466 4100 1689 4377
2698 4090 2985 4302
786 4068 1062 4493
1041 4058 1359 4408
1391 4037 1678 4334
2114 4026 2347 4408
658 4026 945 4525
2677 4015 2985 4238
254 4005 722 4228
1593 3952 1976 5312
456 3899 701 4153
1296 3856 1519 4068
2517 3835 2985 4175
2613 3824 2857 4079
318 3824 563 4100
2146 3792 2549 4483
2443 3782 2719 4100
1317 3750 1561 4015
2103 3718 2560 4143
1051 3718 1264 4090
956 3675 1189 4270
520 3675 818 4143
329 3665 594 3973
2156 3644 2486 3920
1721 3644 1997 3877
1104 3612 1412 3973
2390 3601 2762 3888
1466 3601 1752 3984
1582 3569 1965 4345
743 3559 956 3867
2379 3516 2698 3729
594 3505 839 4090
159 3505 520 3899
2124 3495 2507 3707
2581 3474 2985 3803
1349 3420 1614 3697
1115 3420 1540 3824
754 3399 1306 4164
0 3346 212 3856
308 3335 690 3729
2602 3325 2857 3644
2401 3314 2677 3612
1774 3314 1997 3612
106 3293 339 3559
2719 3282 2985 3516
2135 3261 2517 3559
2337 3240 2762 3505
1211 3208 1487 3505
42 3187 318 3442
1253 3176 1816 3601
1551 3144 1901 3675
478 3080 701 3665
1710 3070 1986 3346
1359 3059 1582 3357
1041 3059 1264 3282
2719 3038 2985 3314
2146 2974 2592 3410
1211 2953 1508 3325
616 2953 828 3729
180 2942 520 3474
2486 2900 2709 3229
2284 2900 2528 3112
254 2889 467 3208
1349 2879 1646 3240
2560 2847 2804 3272
1189 2847 1455 3080
1752 2836 2177 4100
2751 2825 2985 3219
1636 2783 1933 3176
945 2740 1243 3187
1721 2709 1986 3059
1806 2677 2114 3102
138 2656 456 2995
573 2645 881 2985
2475 2581 2794 2868
818 2581 1381 3431
1062 2549 1423 2825
2177 2507 2571 2974
2709 2496 2985 2942
616 2496 828 2772
1296 2486 1614 2857
116 2454 435 2794
2199 2443 2581 2772
1338 2432 1859 2942
1837 2411 2167 2921
1497 2401 1784 2677
233 2401 446 2613
1561 2369 1880 2719
2262 2316 2571 2592
1019 2305 1636 2687
658 2305 945 2656
1859 2231 2082 2496
1774 2231 2135 2687
1030 2231 1423 2454
2602 2209 2910 2645
1444 2188 1827 2528
1051 2167 1497 2422
0 2124 297 2656
1827 2050 2039 2294
233 2029 509 2262
1444 2007 1699 2454
0 2007 403 2241
2496 1986 2794 2220
1646 1922 1869 2294
1965 1912 2262 2432
2273 1880 2539 2337
265 1848 541 2539
1232 1837 1689 2337
998 1837 1444 2220
2613 1816 2825 2039
2018 1816 2252 2050
1009 1806 1402 2167
265 1806 552 2156
2528 1784 2900 2262
594 1763 881 2443
478 1763 701 2401
1285 1752 1667 1986
286 1742 531 1997
849 1667 1147 2199
1944 1657 2294 2061
2305 1625 2645 2018
1922 1625 2252 1869
584 1582 796 2050
1381 1572 1636 1795
446 1572 679 1965
2571 1519 2985 1859
2549 1519 2762 1774
1752 1519 2146 1816
1009 1519 1508 1848
1604 1466 1859 2007
2007 1391 2252 1636
1763 1370 2316 1721
1423 1264 1859 1508
1083 1264 1402 1625
393 1264 690 1604
0 1264 233 2092
2549 1243 2985 1625
892 1243 1104 1689
658 1211 871 1582
1869 1200 2294 1497
1721 1158 2231 1572
138 1147 435 1689
2124 1126 2347 1423
2486 1115 2719 1497
2252 1094 2528 1540
733 1094 1019 1381
998 1051 1338 1274
1328 1030 1604 1529
2613 998 2985 1540
1487 988 1848 1285
382 988 658 1434
2602 934 2889 1221
1763 934 2199 1189
265 934 594 1274
2050 924 2379 1147
1083 924 1412 1232
0 924 286 1200
2220 913 2443 1136
2294 892 2528 1136
1264 881 1859 1189
573 818 881 1104
0 764 265 1051
966 754 1391 1094
2443 690 2687 1083
265 690 711 1104
2698 626 2985 1019
0 616 467 871
2209 605 2422 860
1189 584 1476 860
2316 573 2677 1009
297 541 690 881
2007 520 2401 849
1062 509 1338 871
1412 446 1827 849
1774 435 2050 754
520 435 892 913
0 424 297 733
2454 393 2783 977
2719 350 2985 733
63 350 467 616
563 339 796 775
1200 329 1476 637
488 297 860 669
2092 286 2305 563
254 286 563 796
0 244 308 478
892 223 1211 796
1370 201 1604 669
1104 201 1402 541
733 191 1062 573
1901 116 2241 584
0 84 254 361
212 74 456 350
509 31 796 244
2709 0 2932 339
2422 0 2804 456
2146 0 2517 573
1933 0 2294 223
1784 0 2061 318
1604 0 1912 563
764 0 1253 233
371 0 584 254
212 0 456 223
0 0 297 286
254 4005 722 4419
1423 1136 2422 4228
573 2316 828 2879
1030 1837 1869 2454
0 2942 839 4090
0 0 2985 3867
2454 1338 2889 1848
0 1880 2985 5312
1253 3952 2284 5312
1423 1136 2316 1721
1721 1136 2316 1721
0 0 1402 3867
1721 1158 2316 1721
2454 1338 2762 1848
2496 4823 2985 5312
733 2581 1381 3505
733 2581 1381 3495
934 1774 1402 2188
998 1806 1402 2188
0 0 1158 3867
1593 3952 2284 5312
2528 1784 2985 2401
212 0 2985 3675
212 0 2985 2305
807 509 2443 3675
1253 3176 1997 4345
1752 1880 2985 5312
1370 201 1721 818
1370 201 1614 669
254 2305 669 3208
1721 4270 2284 5088
127 1519 446 2167
1381 711 2422 1115
0 3134 1944 5312
1752 1487 2422 4228
2007 286 2581 690
1869 913 2443 1636
1869 1126 2347 1636
807 509 2379 3675
1051 1837 1869 2454
2177 4302 2719 4823
0 3580 488 5131
998 1710 1689 2422
998 1710 1689 2220
1381 711 2422 977
2007 286 2305 605
1965 3771 2231 4440
254 2305 648 3208
212 0 1784 913
1412 0 2985 2305
2177 573 2677 2018
2177 1094 2645 2018
2656 0 2985 637
2656 0 2985 478
0 2772 212 3102
414 2305 648 3208
2305 1211 2645 2018
2294 573 2677 1136
2517 3729 2985 4238
1763 1880 2985 5312
1763 4897 2634 5312
1763 4897 2422 5312
212 0 1784 286
371 0 1784 286
892 0 1784 286
2751 2337 2985 2666
1752 1519 2294 2061
0 4175 488 5131
0 4504 1710 5312
945 1338 2262 3675
998 1752 1667 2220
116 1264 1158 3867
807 509 2379 1848
807 509 2379 1296
0 0 1147 2199
0 0 297 361
0 3134 1944 4887
0 3134 339 4132
0 3134 339 3856
0 3187 339 3856
159 3208 1944 4887
1019 2188 1827 2825
807 509 2379 1285
318 1264 1158 3867
945 3059 1264 3431
318 1264 1158 3389
1009 1264 1508 1848
180 2942 839 4090
1891 1625 2294 2061
1752 1487 2422 4100
0 3293 339 3856
116 1742 552 2995
116 1848 541 2995
233 1848 541 2539
339 4504 1710 5312
1306 4100 1689 4377
2007 1880 2985 5312
2337 3240 2985 3718
2337 3240 2985 3516
807 881 2379 1285
807 881 1859 1274
998 881 1859 1274
1869 1200 2294 1636
2539 4823 2985 5088
1625 3782 1944 4398
0 74 1147 2199
318 1264 1158 2825
488 191 1476 913
573 2624 913 3389
265 1742 552 2156
0 4270 339 5131
509 0 1253 244
318 1359 1158 2825
945 2209 1158 2783
0 4493 339 5131
1487 924 2379 1285
1806 2411 2167 2921
2007 4026 2677 5312
2103 1880 2985 4887
116 2401 456 2995
116 2454 456 2995
966 509 1476 1094
520 191 1476 913
520 339 892 913
1019 2188 1827 2687
159 3208 1752 4887
2177 4302 2602 4791
318 1359 945 2825
2177 4302 2602 4632
0 4270 223 4897
318 1359 945 2656
2401 3314 2857 3644
2007 4281 2677 5312
2007 4281 2581 4961
2007 4281 2422 4961
2039 4281 2422 4961
0 4493 244 5078
1338 1338 2039 2294
414 4557 1710 5312
966 584 1476 1094
414 4557 1699 5312
733 191 1476 796
1338 1444 1986 2156
1338 1444 1636 1795
849 1243 1147 2199
977 509 1338 871
1412 0 2401 849
1901 116 2401 849
892 201 1476 796
2156 1487 2422 2634
2337 4865 2677 5312
2401 4865 2677 5312
0 74 1019 1689
786 3208 1752 4887
1752 2475 2209 4100
63 286 563 796
2146 0 2985 2305
2486 626 2985 2305
2517 1519 2985 2305
2517 1678 2985 2305
2177 1880 2804 2974
573 818 1019 1381
0 74 764 1689
2486 626 2985 1752
786 3208 1752 4876
1115 3208 1752 4334
945 1912 2262 3675
945 2740 1646 3474
594 1487 945 2656
2146 0 2804 1168
786 3612 1434 4876
786 3612 1412 4876
786 3612 1412 4833
786 4068 1402 4833
2071 4026 2347 4408
956 3612 1412 4408
956 3675 1359 4408
1412 0 2061 849
1412 393 2050 849
1412 435 2050 849
159 3335 1306 4568
2146 0 2783 1168
2443 393 2783 1168
2602 626 2985 1221
892 201 1402 796
1147 1912 2262 3675
1774 1912 2262 2687
2103 2209 2985 4887
2124 2209 2985 3888
945 2740 1646 3325
1041 3718 1359 4408
956 3675 1221 4270
2124 2209 2985 3803
2379 3474 2985 3803
2199 2316 2581 2772
159 3399 1306 4568
1614 934 2199 1211
2602 998 2985 1540
1115 3208 1752 4079
318 1359 796 2401
2146 0 2571 573
414 4557 1434 5312
414 4557 1317 5237
924 4323 1402 4833
1296 3856 1678 4334
0 74 764 1497
594 1763 945 2656
2103 3718 2985 4887
2443 690 2687 1168
1359 3059 1646 3474
1604 1466 1891 2050
159 3505 945 4568
318 3665 945 4568
318 3824 945 4568
318 3824 701 4153
2124 2209 2985 3707
0 690 764 1497
0 690 711 1104
1115 3208 1752 3984
1115 3420 1752 3984
2177 2061 2804 2974
1147 2432 2114 3675
1508 2677 2114 3675
945 2740 1508 3325
2486 1115 2985 1752
2539 1243 2985 1752
1508 2783 1997 3675
2560 2209 2985 3272
2560 2209 2985 2942
2602 2209 2985 2942
1551 2783 1997 3675
414 4557 1136 5078
265 934 658 1434
2390 2061 2804 2868
318 4026 945 4568
0 74 467 871
318 4143 818 4568
2124 2932 2592 3707
446 4292 818 4568
2103 3718 2719 4483
2475 2103 2804 2868
1147 2432 1859 3080
1147 2432 1859 2995
1147 2486 1614 2995
2135 2932 2592 3559
2146 2932 2592 3410
414 4727 1136 5078
2432 4122 2985 4589
2103 3718 2560 4483
1338 4260 1752 5312
690 4674 1317 5237
0 3134 350 4621
988 1593 1742 2571
988 1593 1742 2464
988 1742 1742 2464
2007 2528 2262 4100
1731 4270 2146 5110
297 435 892 913
478 1763 722 3059
0 1264 446 2305
0 1264 361 2177
1030 2220 1423 2454
1179 371 2401 1147
1179 371 2401 977
1402 371 2401 977
541 0 1667 531
1848 0 2199 318
2539 0 2921 382
2124 3792 2985 4302
2486 4610 2985 5173
2496 4823 2985 5173
541 0 1667 414
541 0 1667 308
541 0 1667 265
892 0 1667 265
478 1763 722 2188
0 5014 584 5312
2124 3792 2634 4260
0 3527 318 4748
2050 924 2358 1147
84 2496 1136 3877
2071 605 2422 860
1721 1997 2241 2964
1837 1997 2241 2964
2571 3038 2985 3537
2730 3070 2985 3537
1731 4780 2656 5312
1731 4780 2284 5312
1731 4950 2146 5312
2730 3070 2985 3516
1338 4663 1699 5142
2124 3792 2549 4260
2273 690 2836 1848
2464 690 2836 1752
573 446 903 1041
1009 1752 1667 2177
541 2496 945 3155
1423 1742 1742 2464
2273 892 2560 1848
913 4323 1434 4823
913 4323 1412 4823
2571 3038 2985 3527
626 977 2262 2687
786 977 2262 2687
945 977 2262 2687
1859 1806 2262 2103
945 977 2220 1731
1221 977 2220 1636
1221 977 2220 1625
1221 977 2220 1593
1221 977 2220 1540
1752 350 2092 849
212 4812 966 5312
297 4812 966 5312
0 1264 350 2177
2146 4908 2656 5312
2464 690 2836 1444
1402 1030 2220 1540
1752 350 2050 754
1179 573 1689 871
1402 1030 1986 1519
1232 2730 2146 4908
1232 2783 2146 4908
988 1349 2262 2687
1136 1349 2262 2687
0 2209 860 4451
913 4323 1211 4610
786 1561 1285 2220
1349 1349 2262 2528
1221 977 1848 1497
1030 3750 1455 4483
1296 3877 1678 4334
2560 1678 2985 2337
2560 1678 2985 2092
1328 977 1848 1497
84 2910 1136 3877
0 1115 435 2039
0 1115 435 1848
0 1115 435 1667
0 3527 223 4281
2687 1891 2985 2337
1062 0 2985 5312
1062 0 2985 1859
0 2209 860 4281
0 2209 796 4281
0 2209 796 4090
116 2401 456 3049
1763 934 2985 5312
1944 3580 2985 5312
541 2496 881 3155
584 2496 881 2985
84 3293 796 4090
308 3346 796 4090
1763 934 2985 4090
1763 1285 2985 4090
1763 1285 2645 2082
1944 3792 2985 5312
0 1115 435 1455
2124 1901 2985 4090
1519 0 2985 1859
0 2209 531 3484
1041 3750 1455 4483
0 0 2156 5312
1763 934 2347 1582
0 0 1582 2656
424 1264 945 2656
1062 159 1710 871
1062 159 1689 871
1944 4068 2985 5312
1965 4068 2985 5312
0 2209 467 3484
0 2209 403 3484
934 1561 1285 2124
212 3569 722 4281
0 2209 2156 5312
1604 0 2985 1859
1604 0 2868 1083
1604 0 2656 722
424 1264 945 2581
424 1264 754 1965
318 2209 2156 5312
318 3612 1710 5312
318 3612 1699 5312
2177 1901 2794 2974
393 4568 1136 5078
0 0 1158 1126
0 0 1158 414
711 2209 2156 4323
0 520 1582 2656
329 4143 818 4472
1604 0 2443 722
393 4568 924 5046
2124 2209 2985 4090
0 4270 393 5131
148 520 1582 2560
148 520 1582 1646
2007 4090 2985 5312
276 520 1582 1646
2517 0 2985 1859
2549 0 2985 1859
2039 350 2868 1083
0 74 1094 1126
2549 0 2985 1806
2124 2209 2985 4015
2613 0 2985 1572
2613 456 2985 1572
881 5057 1710 5312
2507 3729 2985 4090
2124 2528 2985 4015
2124 3304 2762 4015
711 2209 2156 4015
2613 913 2985 1572
2007 4398 2730 5312
1572 3367 2146 4908
1349 1349 2262 2294
2124 3527 2762 4015
2220 3527 2762 3888
711 2231 2156 4015
711 2231 2071 4015
1349 3059 1901 3686
924 3612 1699 5088
191 1338 552 2560
711 2454 2039 4015
711 2454 1806 4015
711 2454 1806 3420
711 2486 1593 3420
2146 4090 2985 4929
2146 4090 2719 4632
1083 3612 1699 4887
276 520 1338 1646
0 74 913 1126
0 74 563 1126
2146 2528 2985 3410
1104 3176 1795 4015
2273 1901 2794 2454
2358 1976 2794 2454
276 520 1158 1243
584 1051 1338 1646
1104 3431 1795 4015
2581 4238 2985 4929
1731 4993 2146 5312
2687 4865 2985 5312
2539 4833 2985 5173
860 4833 1136 5078
297 4812 722 5184
690 4770 1317 5237
169 4674 393 5131
1412 4663 1699 4961
2486 4610 2783 4823
393 4578 924 5046
924 4547 1689 5088
2666 4483 2985 4929
1455 4483 1699 4887
2156 4462 2730 5312
2007 4398 2379 4802
998 4334 1211 4578
1009 4323 1412 4823
2177 4302 2475 4642
0 4270 265 5120
2581 4238 2985 4674
2443 4238 2719 4547
552 4207 818 4472
0 4185 318 4748
1306 4143 1699 4887
329 4143 616 4472
2454 4111 2762 4334
2146 4090 2602 4632
1965 4068 2209 4462
0 4047 223 4281
318 4037 1051 5312
881 4026 1402 4504
2698 3994 2985 4302
1041 3952 1455 4483
2379 3930 2634 4164
403 3899 786 4153
1593 3888 1806 4525
1391 3877 1678 4334
1296 3877 1519 4132
2517 3835 2985 4185
329 3814 552 4090
2507 3803 2847 4090
2124 3792 2549 4122
223 3665 722 4281
74 3633 350 4621
1083 3612 1423 4207
2050 3580 2369 3909
2124 3569 2592 4015
1572 3569 2146 4908
212 3569 520 3792
1359 3516 1795 3952
754 3442 1030 3665
1104 3431 1604 4015
2347 3410 2985 3835
743 3378 1168 4323
1752 3367 2050 4090
1423 3325 1901 3686
2379 3304 2666 3612
