0 0 2985 5312
1561 2517 2092 2953
1561 2517 2092 2889
0 1136 244 1582
0 0 244 414
1561 2517 1965 2889
0 2284 849 4037
478 733 2581 3952
1062 2624 2422 3952
478 733 2581 3027
478 807 2581 3027
1041 1827 1551 2305
478 807 2581 2804
478 807 1891 2751
1317 4430 1614 4727
478 807 1806 2751
573 807 1806 2751
0 2284 828 4037
573 807 1752 2751
0 0 2985 1912
0 1434 2985 5312
1487 4302 2379 5312
1487 4302 2316 5312
1487 4387 2316 5312
0 265 1136 1763
0 478 701 1763
0 669 701 1763
478 2305 828 2656
0 2624 828 4037
467 2995 775 3442
0 669 616 1614
1306 945 2581 2804
1614 956 2092 1444
2039 4387 2316 4908
488 3601 998 4079
127 669 616 1614
0 2730 828 4037
169 265 1136 1009
1136 3452 1657 3888
1019 1444 2985 5312
1912 1444 2985 5312
467 2995 722 3442
1019 3442 2634 4780
0 1434 1795 5312
0 1434 1189 3771
0 1434 945 2900
0 1434 828 2794
509 371 1136 1009
573 903 1752 2751
0 2974 1795 5312
0 2974 1795 4929
0 4334 1678 5312
1912 1444 2985 3442
1912 1859 2985 3442
1986 2634 2496 3442
1912 1859 2985 2857
871 1508 1391 2061
573 1094 1752 2751
1986 2677 2422 3442
1019 3601 2549 4780
1019 3782 1965 4780
1614 956 1976 1444
1912 1859 2868 2772
1880 0 2985 1912
573 1094 1561 2751
1243 1827 1551 2305
2114 2645 2985 5312
116 2730 701 3601
1912 3601 2549 4589
0 3399 828 4037
2677 2273 2985 2857
0 4334 1551 5312
573 1094 1328 2751
297 4833 520 5046
1083 4706 1678 5312
892 4504 1551 5120
1317 4430 1540 4727
1487 4419 2273 5312
0 4334 1243 5312
1912 3984 2486 4589
1019 3962 1402 4632
2114 3952 2985 5312
2762 3920 2985 4462
1901 3856 2114 4122
488 3835 743 4079
1370 3782 1965 4780
1136 3612 1359 3888
2050 3601 2549 4196
0 3601 1795 4929
552 3601 998 3973
371 3516 828 3824
1328 3452 1657 3867
2401 3442 2634 3697
0 3399 435 4037
0 3399 276 3803
1869 3378 2422 3952
499 3219 722 3442
0 3112 254 3654
1986 3059 2422 3442
584 3049 849 3314
881 2974 1136 3782
191 2964 626 3601
116 2730 701 3197
2007 2677 2358 3165
2284 2645 2985 4292
2241 2634 2496 3006
1062 2624 2061 3877
297 2624 605 2985
541 2613 945 2900
1869 2571 2092 2879
1561 2560 1965 2889
1126 2549 1572 3027
552 2464 1189 3771
1126 2411 1561 2751
478 2326 754 2656
0 2284 361 3038
2677 2273 2985 2762
1211 2092 1752 2581
616 2029 1328 2751
1636 1986 2284 2804
1912 1912 2231 2305
1041 1901 1306 2114
2103 1859 2868 2772
1466 1859 1721 2156
1243 1827 1466 2209
2262 1816 2549 2135
0 1731 371 2422
871 1667 1391 2061
1136 1508 1359 1795
828 1497 1200 1901
2401 1444 2985 2337
382 1402 701 1763
1253 1317 1604 1572
1041 1274 1338 1636
573 1094 1115 2167
2177 1051 2390 1285
127 1041 616 1614
2316 998 2581 1359
1699 956 1976 1381
1306 945 2581 2188
2316 934 2985 1912
0 913 254 1296
733 903 1051 1306
988 807 1551 1476
509 733 796 1455
212 669 435 1126
1986 648 2284 903
169 478 679 1147
509 446 1136 1009
860 318 1497 860
169 265 541 563
1763 254 2029 690
2411 0 2634 223
1880 0 2985 1232
0 0 2082 1115
0 934 2985 5312
1306 934 2985 5312
0 2464 2634 5312
0 2464 2422 5312
0 0 2985 3282
0 0 2985 1476
0 478 2092 3282
0 478 1891 3282
1561 2560 2092 2900
1306 934 2985 3006
1487 2645 2985 5312
0 2464 2422 4037
0 669 435 1296
1986 4387 2316 4908
1561 2560 1965 2900
0 478 945 3282
0 3601 2114 5312
0 478 828 3282
2677 2177 2985 2857
573 1094 1891 3027
1763 0 2985 1359
1763 0 2985 1232
1041 1827 1721 2305
1136 1317 1604 1795
0 478 828 3038
0 1880 361 3038
0 3601 1965 5312
1126 2411 1891 3027
1986 4387 2316 4685
0 478 828 2794
1636 1912 2496 3006
0 2464 1189 4037
1636 1912 2284 2804
0 0 2082 1476
0 3601 1965 5120
1912 2645 2985 4589
0 3399 998 4037
1306 934 2985 2772
1986 2645 2985 4292
0 2464 1189 3782
509 318 1551 1476
1062 2624 2358 3877
0 2730 701 3654
2103 934 2985 2772
1126 2411 1572 3027
892 3782 1965 5120
509 318 1497 1455
371 3516 998 3973
552 2464 1189 3782
2103 1816 2868 2772
616 2029 1752 2751
1487 3952 2985 5312
509 446 1136 1455
127 478 679 1614
892 3962 1551 5120
2316 934 2985 2337
573 1094 1391 2167
828 1497 1391 2061
1551 2517 1944 2910
0 945 2985 5312
0 0 2985 4759
0 0 2985 4037
0 0 2985 1954
0 435 2231 4037
0 435 1774 4037
924 2624 2539 4759
924 2645 2539 4759
1211 3739 2305 4759
0 435 966 4037
924 2645 2539 3962
924 2645 2401 3962
1986 4387 2316 4897
520 828 1774 2964
1625 1912 2231 2411
1211 4164 1848 4759
1582 839 2241 1508
1582 839 2177 1444
1922 2656 2369 3208
446 265 1359 1009
988 828 1604 1572
446 371 1359 1009
520 903 1774 2964
573 903 1115 2029
520 1859 1774 2964
2039 4387 2316 4897
1604 4217 1848 4472
1211 4164 1784 4759
1009 3962 1232 4419
1667 3739 2305 4632
563 3027 849 3314
934 2953 1158 3187
1540 2624 1976 2964
701 2624 945 2910
1636 2507 1965 2879
106 2050 350 2422
1625 1986 1922 2411
1912 1912 2231 2337
1041 1901 1338 2209
520 1880 1774 2964
1466 1859 1721 2177
1253 1827 1551 2305
828 1487 1455 2061
371 1349 711 1678
1041 1274 1349 1636
2124 1232 2454 1731
573 1158 1115 2029
2358 998 2581 1328
0 913 254 1328
1614 839 2177 1391
988 828 1551 1508
0 435 966 2932
764 265 1158 584
169 265 382 573
0 265 2985 5312
0 265 2539 4759
924 2571 2539 4759
0 265 2231 4037
446 265 2231 2964
924 2571 2464 4759
924 2571 2401 4759
924 2645 2401 4759
446 265 1944 2964
1466 2464 1944 2910
924 2645 2401 4632
1041 1827 2231 2411
1466 1859 2231 2411
446 265 1774 2964
446 265 1551 1508
1466 1859 1922 2411
520 1158 1774 2964
573 1158 1455 2061
1561 2528 1965 2910
1986 892 2401 1497
1816 1476 2061 1806
276 1965 648 2316
1997 3165 2454 3495
0 488 478 1328
0 594 254 1328
860 1806 1338 2294
0 3272 446 3814
2422 5035 2985 5312
2422 0 2985 648
0 2135 339 2624
0 2284 339 2624
159 488 478 1115
212 669 435 1115
0 4610 701 5312
0 0 2209 1880
0 0 2209 1211
1274 3686 1593 4387
1104 4727 2390 5312
1763 4727 2390 5312
1763 4727 2252 5312
1763 4727 2135 5312
0 0 2209 966
2114 3165 2454 3474
1051 1667 2602 3006
1104 1667 2602 3006
701 913 1083 1508
722 913 1083 1508
180 1073 584 1880
0 0 2209 786
1104 1667 2369 3006
1763 4908 2061 5312
180 1073 584 1667
2422 169 2985 648
1104 1667 2369 2804
1158 1667 2369 2804
531 393 1487 966
1412 1667 2369 2804
0 2071 2985 5312
2475 169 2985 648
1699 3739 2316 4632
531 478 934 966
1104 4940 1891 5312
573 2868 1126 3771
711 3080 1126 3771
0 0 2985 3601
0 0 2092 786
0 0 1604 690
1412 0 2092 786
0 0 2985 3208
53 541 722 1551
53 541 722 1359
0 2156 2985 5312
563 4663 1094 4972
1455 53 2177 1338
1646 53 2177 1041
1646 53 2167 658
1646 53 2029 658
2496 4270 2783 4727
1455 722 2177 1338
244 2730 733 3601
254 2730 733 3601
254 2730 733 3442
350 2730 733 3420
350 2730 733 3144
0 0 1381 690
0 0 1381 573
159 0 1381 573
1412 1667 2092 2804
1412 1667 2071 2645
1412 1667 2071 2581
1444 1667 2071 2581
0 4727 701 5312
0 4727 552 5312
1976 1667 2369 2018
63 2156 563 2942
2401 2071 2985 2698
2061 0 2985 1136
2061 297 2985 1136
2061 297 2602 1136
2061 594 2602 1136
860 3909 1094 4302
2177 0 2656 403
2284 0 2656 393
223 0 1381 573
0 4727 382 5312
2464 2071 2985 2698
276 541 722 1147
2496 382 2985 913
254 2156 563 2942
1444 1667 1795 2156
1444 1710 2071 2581
1019 63 1381 520
0 2347 2985 5312
1699 3739 2316 4419
711 3304 1126 3771
1455 722 1954 1338
1168 3378 1636 4058
1168 3389 1636 4058
1168 3601 1476 4058
0 531 2985 3208
0 1328 552 2411
74 1646 552 2156
74 1646 435 2103
488 531 2985 3208
488 531 1742 3208
488 1147 1572 3208
563 2369 1572 3208
701 2369 1572 3208
701 2411 1243 3208
743 531 1742 1986
743 531 1646 1986
764 531 1625 1168
903 531 1625 1168
743 892 1646 1986
1444 3229 2262 4377
1168 2369 1572 2910
0 4047 563 4993
2496 382 2964 892
1412 0 2092 520
1412 0 1774 520
223 0 1030 573
0 1328 403 2411
1444 3229 2061 4377
1444 3229 2050 4377
1444 3569 1954 4377
1497 3569 1954 4377
1497 3782 1954 4377
1497 3994 1922 4377
743 892 1593 1986
743 892 1593 1816
488 1147 1211 2486
0 1806 403 2411
0 1806 350 2411
0 4387 563 4993
0 4387 563 4780
1328 796 2985 2507
1328 1370 1837 1806
1636 796 2985 2507
2496 796 2985 1253
488 1391 1211 2486
488 1540 1211 2486
1636 1009 2985 2507
743 892 1476 1816
1869 3739 2316 4323
1997 2347 2932 2974
1997 2411 2932 2974
2146 2411 2932 2974
2305 2411 2932 2974
2305 2411 2762 2974
1912 3888 2316 4323
0 2560 2985 5312
2039 3399 2985 5312
2039 4292 2985 5312
2199 4621 2985 5312
2464 4621 2985 5280
329 4079 1731 5312
2411 3399 2985 4865
1636 1837 2486 2507
2039 4292 2517 4897
2082 1009 2985 2284
2135 1009 2985 2284
2252 1009 2985 2284
2401 1274 2985 2284
2698 3399 2932 3877
2411 3633 2985 4865
329 4632 860 5312
2443 1274 2985 2284
2411 3633 2985 4589
446 4079 1731 5312
1147 4207 1731 4717
0 2560 2985 5110
286 0 1030 509
1221 2698 1795 3261
2199 4823 2645 5312
329 4685 860 5312
1402 4430 2146 5110
2411 3633 2985 4472
2666 1274 2985 2284
2698 1540 2985 2284
0 2560 2985 4610
743 892 1476 1742
2539 3633 2985 4430
446 4079 1551 5312
446 4079 1551 4993
446 4079 1189 4685
0 2560 956 4217
0 2815 956 4217
0 2815 563 3665
1508 4430 2146 5035
1636 1147 2241 1710
0 3112 956 4217
1030 4440 1551 4993
361 2624 2985 4610
1976 3367 2592 4610
1976 3367 2549 4610
2029 3367 2549 4185
2029 3367 2549 3899
1976 4015 2486 4610
1636 1901 2369 2507
1636 1954 2369 2507
541 1540 1211 2486
0 2815 382 3559
0 3612 786 4217
446 4079 1009 4685
1508 4430 2146 4950
361 2624 2985 4462
1604 2624 2985 3686
2602 2624 2985 3367
1604 2666 2825 3686
1827 2666 2825 3686
1997 2666 2825 3686
2539 3654 2985 4430
541 1540 966 2486
361 2942 1922 4462
361 3601 966 4377
1997 2666 2528 3261
871 2942 1922 4462
871 2942 1752 4462
871 2942 1455 4462
871 3187 1381 4462
584 4079 1009 4685
743 1083 1476 1742
871 3580 1381 4462
2401 2868 2825 3686
2645 5067 2985 5312
2422 5035 2677 5312
2199 4982 2549 5312
1763 4950 2061 5312
1104 4950 1540 5312
1487 4940 1891 5312
435 4918 701 5312
74 4918 382 5312
2486 4908 2794 5173
934 4887 1296 5312
2124 4855 2390 5184
711 4855 1083 5312
1933 4844 2252 5312
2316 4823 2645 5152
563 4823 860 5312
138 4759 371 4993
1869 4727 2135 5014
1625 4717 1859 5035
563 4717 966 4940
2613 4695 2985 5280
329 4685 563 5067
1402 4674 1678 5110
456 4632 775 4887
2464 4621 2783 4929
0 4610 212 4950
180 4578 403 4844
743 4557 1051 4802
2039 4547 2347 4897
2241 4504 2528 4876
1030 4504 1317 4993
1901 4440 2146 4791
1211 4440 1551 4950
308 4440 563 4695
1508 4430 2018 4950
0 4387 308 4780
1710 4355 1933 4632
446 4323 711 4674
605 4313 818 4685
2199 4292 2517 4632
1391 4292 1731 4589
903 4249 1189 4663
2698 4238 2985 4589
2411 4238 2656 4472
233 4238 520 4547
754 4228 1009 4685
1147 4207 1434 4717
1976 4196 2284 4610
1699 4122 1965 4419
1912 4090 2146 4323
1381 4090 1593 4387
584 4079 913 4398
1561 4047 1922 4377
0 4047 403 4568
2549 4026 2889 4430
860 4026 1083 4302
2156 4015 2486 4302
1019 3973 1381 4462
1997 3888 2316 4196
180 3877 446 4207
361 3824 743 4377
1710 3782 1954 4122
1168 3750 1391 4058
1869 3739 2146 3962
1444 3739 1774 4111
2284 3729 2549 4185
1274 3686 1508 4207
0 3675 276 4217
2539 3654 2985 4302
2560 3633 2772 4015
201 3612 786 3994
626 3601 966 4143
871 3580 1232 4228
1699 3569 1912 3888
191 3537 446 3792
711 3442 966 3771
2029 3420 2422 3899
2018 3420 2262 3697
2719 3399 2932 3697
1402 3389 1636 3867
1243 3378 1466 3771
2284 3367 2549 3633
0 3272 276 3814
2114 3261 2337 3474
2772 3250 2985 3463
223 3240 563 3665
1561 3219 1922 3803
1041 3187 1338 3750
1423 3176 1752 3590
2241 3165 2454 3410
488 3112 956 3739
0 3112 297 3559
2401 3102 2825 3686
254 3102 573 3442
488 3070 733 3420
1986 3059 2369 3325
1604 3038 1901 3378
2666 2953 2985 3367
244 2953 499 3219
1200 2942 1455 3431
1827 2921 2050 3314
1529 2921 1795 3261
2401 2868 2730 3346
573 2868 1019 3229
1062 2825 1328 3219
31 2815 382 3208
2294 2804 2528 3261
1572 2772 1976 3123
350 2762 626 3144
509 2730 733 2974
1221 2698 1572 3049
1997 2666 2358 3208
2305 2645 2687 2974
2602 2624 2985 3112
701 2613 924 2879
435 2592 733 2857
1880 2571 2092 2804
1561 2528 1965 2868
254 2475 541 2942
2698 2464 2932 2794
2146 2464 2432 2794
1168 2464 1497 2889
63 2432 382 2889
1997 2422 2241 2794
775 2411 1243 3208
1774 2379 2029 2645
1211 2369 1572 2910
563 2369 956 2740
478 2326 754 2581
1933 2220 2177 2475
2719 2199 2985 2698
1051 2199 1444 2486
286 2156 563 2602
1444 2135 1848 2581
849 2114 1211 2432
403 2092 648 2316
2146 2082 2602 2740
2464 2071 2815 2432
191 2071 403 2358
95 2050 350 2411
1986 2029 2369 2284
2496 2018 2730 2241
775 1986 1019 2262
956 1976 1338 2294
541 1965 966 2486
276 1965 520 2231
1636 1954 2114 2507
1136 1944 1444 2273
1444 1933 1699 2156
1986 1901 2316 2135
2241 1837 2486 2146
860 1806 1158 2082
2698 1784 2985 2284
2443 1763 2910 2135
1158 1742 1582 2273
1412 1731 1678 1986
1625 1710 2071 2156
1104 1678 1349 1976
1572 1667 1795 2039
796 1667 1232 1986
488 1657 743 2156
74 1646 414 2103
2613 1636 2825 1954
2082 1582 2432 1859
1189 1519 1434 1763
2326 1476 2581 1752
95 1434 456 1689
2401 1412 2698 2071
1381 1412 1593 1667
1115 1402 1519 1689
743 1391 1189 1742
594 1391 839 1774
2135 1349 2369 1646
0 1328 265 1837
1986 1317 2241 1710
127 1285 414 1551
2666 1274 2985 1689
2517 1189 2825 1497
722 1189 1083 1508
1636 1147 2071 1593
509 1147 786 1444
1264 1104 1593 1466
988 1083 1476 1508
1986 1073 2326 1497
1710 1073 1922 1370
180 1073 584 1508
53 1062 403 1359
1455 1030 1689 1317
1094 1019 1359 1328
2252 1009 2645 1519
2496 913 2825 1253
775 913 1009 1306
1933 903 2177 1200
276 903 679 1147
2092 892 2401 1211
913 892 1221 1147
573 892 786 1211
212 892 435 1115
1540 871 1752 1126
2687 796 2985 1168
2528 764 2794 1051
2061 733 2602 1136
764 733 1062 1030
1646 722 1954 1338
1158 711 1625 1168
1476 690 1742 924
0 626 254 1328
2103 594 2602 828
297 541 722 1019
903 531 1232 934
159 488 478 754
552 478 934 913
1827 467 2177 1041
2496 435 2932 892
0 414 254 690
881 393 1487 881
1412 361 1731 786
1954 318 2167 584
2124 297 2560 637
223 265 669 573
722 233 1030 509
1030 212 1338 520
2475 169 2985 563
1412 169 1774 520
2284 95 2656 393
0 95 350 488
1019 63 1381 339
733 63 966 276
1657 53 2029 467
796 53 1073 265
2602 0 2985 318
2103 0 2358 223
1774 0 2092 361
1434 0 1774 223
1168 0 1604 371
286 0 786 509
159 0 478 286
0 0 2985 3219
0 1009 2985 5312
1561 1009 2985 5312
0 0 2985 1508
2613 1529 2879 1965
1561 2220 2177 3006
1774 2220 2177 3006
1774 2220 2177 2804
0 1944 2369 5312
0 1944 1922 4568
1625 1009 2985 5312
0 361 2369 3219
0 541 1211 3219
594 361 2369 2581
1625 1009 2985 4632
1976 1784 2985 5312
159 0 2985 1508
286 0 2985 1508
0 3059 2369 5312
0 541 733 3219
743 3059 2369 4993
95 892 1211 2942
0 4238 2252 5312
1030 212 1497 520
95 1147 1211 2942
1625 1009 2985 2241
0 541 733 3049
478 722 733 966
552 0 1189 276
1699 1837 2825 4632
2496 2347 2762 2687
1381 4047 1922 4387
223 2953 733 3665
1636 1009 2985 2241
1636 1009 2985 2135
2517 1136 2985 1497
223 2953 573 3665
573 892 903 1211
424 3070 733 3601
0 95 669 1328
1158 361 1869 1806
563 1944 1922 3867
0 2613 1391 4568
509 2613 924 2974
0 541 722 3049
0 541 722 2411
254 2326 754 2942
254 2358 733 2942
1158 361 1837 1806
1774 2379 2092 2804
733 0 1189 276
2624 4270 2868 4780
0 2379 382 3049
1699 4090 2146 4632
2443 0 2985 318
1827 1837 2825 4196
1997 1837 2825 4196
1625 1667 2369 2156
244 5078 531 5312
733 0 1051 276
74 4238 2252 5312
233 4238 818 4685
233 4238 711 4674
74 4430 2252 5312
2018 3261 2549 3899
0 265 669 1328
0 541 722 2358
1487 4844 2252 5312
775 1944 1922 3867
0 541 722 2103
1976 3654 2985 5312
74 4430 2146 5312
2464 1784 2985 3877
2464 1784 2985 3463
1997 2082 2825 4196
2316 4823 2794 5173
0 4610 212 5312
95 1147 1211 2602
509 1147 786 1710
1274 3059 2369 4270
2082 1540 2432 1859
95 1540 1211 2602
1646 0 2985 1338
2496 764 2985 1253
1710 4302 2050 4632
594 1391 2369 2581
1699 4090 2146 4419
743 3909 1731 4993
1168 2369 1593 2910
743 4026 1731 4993
74 4430 2018 5312
2464 1784 2985 3367
0 2762 1391 4568
0 414 254 1328
775 1976 1338 2294
1636 1073 2241 1721
1636 1147 2241 1721
1986 1009 2985 2135
0 2762 786 4217
1976 4015 2985 5312
0 4387 403 4993
2496 764 2825 1253
2103 95 2985 892
1412 1667 1795 2156
2539 3654 2985 4589
1646 0 2602 1338
1646 318 2602 1338
594 1391 1519 1774
1657 0 2358 605
0 4387 371 4993
2061 0 2358 371
276 1540 1211 2602
1041 2698 1922 3867
0 3112 1391 4568
1402 4430 2018 5131
2411 4238 2677 4663
1487 4940 2061 5312
1976 4015 2783 5312
74 4440 1540 5312
2666 1274 2985 1869
127 1073 584 1551
1444 3059 2369 4270
1444 3229 2146 4270
2124 95 2985 892
286 0 1774 1508
722 733 1476 1508
488 3112 1073 3771
711 3293 1073 3771
1200 2698 1922 3867
1158 361 1731 1466
0 2762 626 3792
796 1667 2369 2581
1657 0 2092 605
764 733 1062 1306
743 4207 1731 4993
308 4440 1540 5312
1646 467 2602 1338
286 0 1774 934
881 0 1774 881
1019 0 1774 520
1168 0 1774 520
0 3580 1391 4568
1444 3739 2146 4270
1986 1009 2910 2135
0 1062 414 2103
1827 467 2602 1211
1986 1009 2698 2071
1402 4430 2018 5110
2018 3367 2549 3899
1997 3729 2549 4196
1200 2698 1922 3803
1221 2698 1922 3803
0 1328 414 2103
2124 4855 2549 5312
1986 1009 2645 1752
1997 2082 2825 4015
2390 3102 2825 4015
2061 733 2602 1211
743 4207 1551 4993
743 4249 1189 4802
223 3102 573 3665
775 1944 1444 3208
254 2475 733 2942
2390 3580 2772 4015
722 892 1476 1508
1986 1009 2645 1519
2284 95 2985 892
2475 169 2985 892
2602 1784 2985 3367
2602 1784 2985 3112
1976 4015 2783 4929
1976 4015 2528 4897
1051 1944 1444 2486
1412 1731 1699 2156
329 4632 1540 5312
1158 1742 2369 2581
1625 1667 2156 2156
1158 361 1731 1168
1041 2825 1338 3750
1976 4015 2517 4897
286 0 1232 934
552 478 1232 934
1976 4015 2486 4897
1976 4196 2347 4897
1986 1901 2369 2284
796 1667 1349 1986
1402 4674 1859 5110
563 4717 1540 5312
1158 1742 2114 2581
1158 1742 1848 2581
2698 1784 2985 2698
1444 3739 1954 4270
1444 3739 1774 4270
1657 53 2029 605
1030 4207 1551 4993
0 3580 1381 4568
711 4855 1540 5312
934 4887 1540 5312
1997 2082 2730 3346
913 892 1476 1508
1328 1189 1837 1806
488 1540 966 2486
1200 2942 1752 3590
276 1965 563 2602
2146 2082 2730 3346
2305 2645 2730 3346
180 3580 1381 4462
361 3580 1381 4462
1561 3038 1922 3803
2018 3420 2422 3899
329 4632 775 5067
0 2815 446 3792
584 3580 1381 4462
913 892 1359 1328
626 3580 1381 4462
435 4823 860 5312
594 1391 1189 1774
