0 0 2985 5312
764 2252 2061 3750
764 2326 2061 3750
159 4674 1540 5312
977 4674 1540 5312
1253 2284 1667 3123
2114 4908 2985 5312
2390 4908 2985 5312
0 0 605 265
403 1296 2571 2762
0 1667 520 2135
849 2932 1200 3792
2656 201 2985 892
1200 2209 2740 3272
1806 2337 2740 3272
1200 2209 1837 3112
1200 2209 1763 3080
1200 2262 1540 3080
0 4323 1200 5312
0 4323 1200 5163
1189 4334 1752 5312
1264 4334 1752 5312
1296 4610 1752 5312
1328 4802 1752 5312
1009 2868 2985 5312
1529 3527 2985 4387
0 0 2985 4748
1221 1689 1614 2188
1221 1827 1614 2188
0 4515 1051 5312
0 4621 1041 5312
0 4653 966 5312
1009 3431 2985 5312
1476 3431 2985 4217
1476 3495 2985 4217
1009 3739 2985 5312
0 2995 308 3877
0 3346 308 3877
1891 435 2985 3080
1646 2868 2985 3824
403 1296 1976 2762
0 0 2985 1604
1009 3835 2985 5312
1009 3877 2985 5312
2082 3835 2825 4228
0 754 2942 4748
637 3304 2252 4748
637 3304 2252 4387
2188 1667 2942 3176
0 754 2347 4748
191 3261 1657 4026
754 4270 1274 4748
2294 4122 2985 4993
2486 371 2985 1243
0 4653 786 5312
31 0 2985 1604
1009 0 1487 308
605 0 1742 1094
626 0 1742 1094
2634 2358 2942 3176
0 4653 786 5227
0 4770 669 5227
1019 0 2985 1232
1689 0 2985 828
1019 0 1912 1232
0 1774 1126 4748
0 2390 1126 4748
0 3197 966 4748
2188 1667 2815 2624
1731 0 2985 828
2082 3835 2825 4196
1009 3877 2985 5269
0 754 2347 1922
1168 754 2347 1827
0 3559 966 4748
1774 754 2347 1827
0 1083 1508 1922
1253 2316 1667 3123
0 1774 658 2549
1774 977 2209 1529
1009 3877 2985 4791
0 1083 881 1901
0 3814 966 4748
0 3867 966 4748
1019 3399 1657 3920
605 0 1306 499
1731 0 2985 616
1009 4047 2167 4791
0 4090 924 4748
1731 3877 2985 4653
1200 2262 1540 3038
1731 4196 2464 4653
2273 3877 2985 4345
2273 3973 2932 4345
1009 4047 1848 4791
0 5099 456 5312
1487 5035 1752 5312
977 5035 1540 5312
2390 5025 2698 5312
1306 5014 1604 5312
2592 4950 2985 5312
2358 4908 2900 5152
0 4865 478 5227
1487 4855 2167 5312
159 4823 1115 5312
1328 4802 1561 5035
318 4770 669 5184
1041 4674 1328 5163
637 4663 966 5046
499 4653 786 4972
1296 4610 1561 4897
1189 4600 1434 5067
1476 4557 1848 4791
95 4525 488 4748
764 4515 1051 4738
1795 4472 2167 4770
1328 4451 2092 5046
0 4323 1189 5046
1731 4313 2061 4653
1848 4228 2740 5269
1986 4196 2464 4440
329 4164 924 4685
1540 4143 1986 4557
2401 4122 2985 4993
2273 4111 2687 4345
0 4090 679 4748
1009 4047 1721 4653
2560 3973 2932 4323
138 3909 435 4387
499 3867 966 4132
2082 3845 2719 4196
2571 3835 2825 4079
169 3814 563 4153
1529 3760 2560 4387
1795 3622 2326 3941
169 3559 552 4058
0 3548 414 4270
2496 3527 2985 3856
0 3452 308 3877
1019 3399 1444 3920
1667 3357 2124 3633
191 3261 1094 4026
849 3229 1115 3792
21 3197 903 3633
1944 3027 2985 3824
966 2932 1200 3420
1646 2868 2411 3548
1200 2815 1423 3080
1200 2740 1434 3038
711 2645 924 2857
1253 2549 1582 3123
1806 2517 2740 3272
509 2390 1126 3293
2634 2358 2910 3059
1806 2337 2634 2868
2571 2326 2815 2624
1476 2262 1837 3112
1243 2262 1540 2879
1051 2252 1444 2507
0 2220 807 3527
1455 2103 1976 2762
1752 2082 2039 2656
1370 1912 1614 2188
1221 1827 1444 2039
0 1816 435 2135
1264 1689 1476 1944
2422 1667 2985 3080
2188 1667 2815 2411
0 1667 520 2007
1306 1370 2571 2762
1774 1296 2209 1529
403 1296 1508 2549
116 1264 881 1901
127 1264 531 1487
775 1168 1508 1922
0 1083 424 1699
860 1073 1158 1285
520 945 998 1211
2772 892 2985 1243
1019 860 1391 1232
1168 839 2071 1689
1837 754 2347 1827
786 658 1073 881
31 488 1115 1604
1891 435 2985 1763
1689 382 2326 743
2486 371 2836 934
2656 201 2889 881
637 180 1306 499
1859 169 2730 828
626 127 1742 1094
0 53 605 807
2677 0 2985 297
1731 0 2709 616
1370 0 1912 1019
1232 0 1657 212
1009 0 1338 308
605 0 998 350
0 0 2985 4387
0 2103 2985 5312
2656 201 2985 1243
0 2995 552 4058
977 4674 1752 5312
977 5014 1752 5312
1168 435 2985 4387
1030 4674 1328 5163
1168 435 2985 3941
0 0 2985 3527
0 0 2985 1827
2656 201 2985 1136
0 3197 2985 5312
637 2103 2252 4387
977 5014 1604 5312
1476 3495 2985 4387
0 860 1614 3527
1806 2326 2815 2868
966 2932 1264 3729
116 860 1391 1901
1200 42 1487 265
1328 4802 2985 5312
2114 4950 2985 5312
2390 4950 2985 5312
116 966 1158 1901
0 1083 1614 3527
637 2262 2252 4387
1328 4802 2167 5312
0 0 711 807
1455 2103 1976 3112
1200 2262 1657 3080
637 2326 2252 4387
1986 977 2252 1423
116 1073 1158 1901
1168 839 2910 3059
0 3197 1444 5312
0 0 648 807
605 0 2985 1019
1370 0 2985 1019
1689 0 2985 934
0 3452 563 4387
605 0 1657 499
0 4323 1189 5312
0 4515 1115 5312
1646 435 2985 3941
0 1083 1508 3527
1646 2517 2985 3941
0 1083 520 2135
0 3197 1444 4748
1689 0 2985 892
0 0 605 807
1009 3845 2985 5269
1009 4047 1986 5067
1328 3845 2985 5269
2188 1667 2910 3059
605 0 1338 499
0 3452 563 4153
0 3548 966 4748
1837 3845 2719 4334
1381 4366 1848 4791
0 1168 1508 3527
0 4663 1115 5312
1328 3877 2985 5269
0 1774 1126 3527
403 1168 1508 2549
21 3197 1444 4026
191 3261 1444 4026
1009 4047 1721 5067
31 127 1742 1604
0 1083 520 2007
0 1774 807 3527
0 4663 966 5312
0 3548 924 4748
1731 3877 2985 5269
1646 2517 2740 3548
95 4164 924 4748
1795 3027 2985 3941
0 4770 669 5312
1689 169 2730 828
1168 839 2571 2762
2560 3877 2985 4323
1009 4047 1721 4748
1731 4111 2985 5269
0 3548 679 4748
1731 4111 2687 4653
1328 4451 2167 5046
1848 4122 2985 5269
998 4717 1614 5312
0 1211 2985 5312
0 2018 2985 5312
1200 2209 1774 3123
1200 2273 1667 3123
0 0 2985 3431
1168 828 2613 2868
0 1211 2985 4547
95 1211 2985 4547
998 5025 1614 5312
860 4823 1200 5163
1476 2262 2347 3622
2071 4908 2985 5312
0 3495 2985 5312
1859 286 2985 2964
0 4504 1051 5312
0 0 1774 2007
0 0 1774 1614
106 4876 1115 5312
1019 0 2985 3431
1848 2464 2709 3431
1848 2517 2709 3431
1019 0 2985 3219
0 2018 1423 4748
1869 21 2751 701
1147 4217 1561 5078
31 116 1774 1614
1009 3495 2985 5312
1200 2273 1561 3123
1338 3495 2985 5312
1338 3877 2985 5312
1243 0 2985 1051
0 0 1306 807
1147 4217 1487 5078
0 2305 1423 4748
1019 393 2985 3219
1837 669 2985 3219
1019 0 1466 308
1243 0 2719 701
1019 393 1933 1869
1837 669 2985 3102
0 2889 1423 4748
0 3452 988 4748
1019 393 1933 1200
1009 4047 1774 4748
1338 4047 2985 5312
74 2889 1423 3930
1338 5088 1604 5312
31 5057 361 5312
1487 5035 1827 5312
998 5035 1540 5312
1296 5025 1614 5312
106 4993 786 5312
2602 4972 2985 5312
201 4876 1115 5312
2273 4855 2985 5205
1041 4717 1338 5163
424 4674 658 4929
499 4653 743 4972
1296 4610 1561 5078
1189 4525 1487 5078
0 4302 1189 5057
1455 4217 1678 4462
1147 4217 1455 4748
1742 4196 2358 4770
2273 4111 2730 4334
1009 4047 1710 4653
0 4047 658 4748
2634 3909 2857 4238
2762 3877 2985 4153
0 3548 414 4377
1476 3495 2985 4706
0 3452 988 4185
1710 3325 2029 3622
966 3314 1423 3930
191 3240 1094 4037
74 2889 1158 3633
1200 2772 1444 3123
1848 2517 2709 3293
2539 2337 2815 2624
95 2337 2985 4547
499 2305 966 2942
1349 2294 1667 3112
1264 2273 1561 2836
1476 2262 2347 3452
1444 2209 1774 2422
1551 2103 1976 2762
1359 1922 1986 2539
0 1795 977 3527
2146 1742 2985 3102
2422 1667 2985 2964
212 1625 531 1901
244 1211 1646 2549
1019 871 1391 1200
0 754 1168 2007
2687 711 2932 1189
1837 669 2369 1901
786 616 1030 881
1869 446 2517 701
1274 393 1933 1051
1859 286 2985 1869
2464 21 2751 446
2517 0 2985 1051
1699 0 2719 701
1243 0 1774 329
1232 0 1466 265
531 0 1306 446
0 0 616 807
2687 711 2985 1189
0 0 2985 3622
0 2337 2985 5312
860 4717 1338 5163
0 0 2719 3622
0 828 2709 3622
998 4610 1827 5312
1455 4217 1752 4642
0 0 2719 2007
1083 1922 2401 3622
0 2921 350 3824
1200 1922 2401 3622
1349 1922 2401 3622
0 2889 2985 5312
1529 4355 1752 4642
1837 0 2985 3219
1859 0 2985 2964
1359 1922 2401 3622
1359 1922 2347 3622
0 828 2709 3527
1359 1922 2347 3452
31 4993 786 5312
1296 4610 1827 5312
0 0 1774 807
0 2889 1710 5312
0 4047 1710 5312
0 4302 1189 5312
478 2018 966 2942
2146 1742 2985 3219
1359 1922 1986 2762
0 4504 1115 5312
31 0 2719 1614
0 1211 1646 3527
1381 4483 1774 4748
0 3240 1094 4748
0 3240 1094 4185
1168 828 2709 3293
1019 0 1774 329
1009 4047 1710 5078
1232 0 1774 329
0 3548 658 4748
1009 4047 1710 4748
1742 4111 2730 4770
1667 3144 2177 3495
95 3909 424 4175
1444 1689 2156 2262
1444 1689 2082 2092
1667 1689 2082 2092
849 2602 1243 2974
2411 552 2698 828
180 4313 1359 5312
1115 4313 1359 5014
169 3559 669 3899
1444 1699 1784 2007
180 4812 1221 5312
371 1381 1147 1965
2273 828 2687 1285
966 1933 2209 3410
1030 1933 2209 3208
1041 1933 2209 3112
106 2241 754 2868
106 2241 658 2825
1041 1933 1976 3112
1041 1933 1784 3112
1189 2252 1784 3112
1189 2252 1752 3112
1041 1933 1646 2836
1041 2114 1466 2836
488 541 1370 934
1561 1944 1976 2464
0 2783 828 3633
0 2783 818 3463
0 2783 520 3463
0 2783 446 3357
0 2985 828 3633
0 2985 424 3633
1423 1136 1997 1774
1423 1136 1859 1636
1848 223 2985 1827
2156 223 2985 1593
2379 223 2985 1381
1147 2528 2146 3803
329 3304 828 3612
0 3452 903 4557
0 3569 903 4557
1147 2528 1891 3803
0 0 1752 679
892 3654 1402 4153
1009 3856 1402 4153
1646 1466 1997 1774
106 2241 382 2751
0 892 1444 1965
0 1189 478 1965
0 0 605 254
754 1614 1614 2177
849 1614 1614 2071
2379 223 2985 1041
2709 223 2985 1041
1147 3240 1774 3803
382 892 1444 1317
849 1614 1317 2071
977 4642 2985 5312
977 4844 1614 5312
1285 3484 2985 4653
1285 3484 2985 4270
1285 3803 2411 4270
0 4536 1051 5312
2156 881 2772 1593
0 1370 478 1965
1402 2528 1891 3389
1497 2528 1763 3112
0 0 2985 5046
0 0 2985 1901
1296 4642 2985 5312
1328 4759 2985 5312
1986 3484 2985 4260
1837 669 2592 1243
2092 711 2592 1243
2602 4887 2985 5312
1710 4759 2985 5312
0 1274 2985 5046
0 2061 796 3197
254 2592 796 3197
254 2592 796 3123
1795 1274 2985 2624
1795 1274 2985 2549
2252 1349 2985 2167
2252 1349 2985 1891
0 1891 2985 5046
1115 1976 2985 4153
1115 3463 2061 4153
1115 3463 1997 4153
1423 3463 1997 3984
308 3994 903 4557
308 3994 903 4462
2528 1349 2985 1731
1519 4132 1752 4653
1636 1976 2985 3697
1774 1976 2985 3697
1774 2549 2486 3282
1944 2836 2252 3282
0 2061 531 2942
2475 4759 2985 5099
2039 1976 2985 3697
2156 3484 2985 4100
2252 3527 2985 4100
223 1168 1168 1901
0 4695 1051 5312
0 4536 945 5099
2262 1572 2985 2167
2262 1721 2794 2167
0 2092 318 2942
0 329 1689 1349
0 329 1189 1349
0 329 1189 1338
0 329 1189 1306
0 329 1189 1126
31 329 1189 1126
31 446 733 1126
796 95 1752 679
807 95 1752 679
233 446 733 913
31 520 563 1126
0 0 1030 573
2252 3569 2985 4100
223 1891 1519 3888
594 3463 956 3888
743 0 2985 1827
1041 0 2985 1827
1041 1115 1774 1827
1189 1529 1774 1827
1710 4823 2581 5312
1168 0 2985 1476
0 3750 2985 5046
180 594 1689 1253
1986 4026 2507 4260
1168 95 2804 1476
223 1891 1519 3845
223 1891 1519 3792
223 1891 1519 3314
223 1891 1519 3229
223 1891 1519 2857
223 1891 1519 2613
223 1891 1200 2613
0 4536 722 5099
0 4536 722 4929
1774 2549 2486 3059
1625 3707 2061 4068
1657 3707 2061 4068
1338 2284 1752 3112
0 4695 1019 5312
1529 0 2613 467
1009 3867 1402 4153
1965 4823 2581 5258
711 3240 1115 3792
0 3771 2985 5046
0 3899 2985 5046
1561 3899 2985 5046
1604 3899 2985 4929
1604 3920 2985 4929
1232 382 1646 626
0 53 1030 573
0 53 584 573
1051 594 1689 1051
1795 1274 2751 2549
2007 1689 2751 2549
1561 4440 1965 5046
1168 371 2804 1476
1168 456 2517 1476
1168 754 2199 1476
1444 754 2199 1476
414 3771 1455 4493
1147 764 1689 1051
499 1891 1200 2613
499 1891 924 2613
1444 828 1837 1476
0 4207 1710 4908
626 4207 1710 4908
1104 4207 1710 4823
1158 4207 1710 4738
1285 4249 1710 4738
286 138 1030 509
31 520 499 1073
669 1976 1519 2432
1922 95 2730 637
2252 3675 2868 4100
807 1976 1519 2358
1604 4175 2985 4929
2326 2454 2985 3697
2124 2847 2719 3346
1944 4175 2985 4929
1944 4185 2932 4929
1944 4185 2740 4929
573 329 1189 786
180 3750 563 4185
626 4302 1136 4908
1922 212 2496 637
0 4217 807 4812
0 4217 488 4812
2188 3293 2517 3569
1019 0 1497 318
1561 4440 1965 4929
626 3994 903 4462
329 4695 1019 5173
1189 2252 1561 3038
2284 3899 2974 4525
2602 5067 2985 5312
1444 5067 1869 5312
180 5067 796 5312
2326 5035 2698 5312
1710 5003 2114 5312
1965 4940 2422 5258
977 4929 1614 5312
0 4908 531 5312
2677 4887 2985 5099
1508 4865 1763 5078
233 4865 499 5110
2475 4844 2719 5099
1827 4833 2326 5046
2273 4823 2581 5163
605 4812 1221 5216
1328 4802 1827 5205
626 4780 1019 5025
2613 4759 2985 5046
1604 4759 1880 5046
63 4748 414 5078
329 4695 764 5173
1859 4653 2167 4876
1296 4642 1625 4887
1561 4578 1933 4929
0 4578 594 4929
2050 4557 2337 4897
605 4547 945 4780
2517 4536 2985 4929
456 4536 722 4791
690 4515 1115 4908
2369 4472 2740 4929
1859 4440 2114 4748
1721 4440 1965 4695
0 4355 424 4812
2645 4345 2932 4589
467 4334 807 4568
626 4302 1136 4823
1253 4270 1466 4547
1104 4270 1328 4823
1285 4249 1667 4738
1604 4217 1997 4557
84 4217 488 4663
1944 4185 2486 4748
2762 4175 2985 4568
308 4111 679 4430
2284 4100 2634 4525
1657 4079 1997 4313
1986 4047 2401 4260
690 3994 903 4217
1922 3952 2294 4175
722 3952 1455 4493
1009 3909 1285 4153
2517 3899 2974 4515
2252 3867 2677 4100
1168 3867 1402 4143
1551 3803 2411 4228
1434 3792 1710 4111
1657 3771 1986 4068
414 3771 1030 4132
180 3750 467 4047
1115 3729 1582 4153
2486 3675 2868 4058
892 3654 1126 3994
0 3569 456 4408
169 3559 584 3899
2316 3527 2985 3994
1944 3495 2390 3888
594 3495 934 3888
2156 3484 2985 3877
1136 3474 1444 3739
1466 3463 1997 3984
892 3452 1104 3792
0 3452 223 3877
329 3346 828 3612
1391 3335 1774 3739
1816 3325 2252 3590
1147 3240 1529 3803
711 3240 1115 3548
0 3197 424 3633
254 3176 520 3463
1806 3144 2177 3463
1147 3123 1529 3399
966 3080 1200 3410
2124 3059 2337 3346
1944 3059 2167 3282
435 3059 818 3346
2326 3017 2985 3697
84 3017 446 3357
1636 3006 2029 3272
2751 2964 2985 3367
807 2964 1051 3314
265 2964 563 3197
2231 2847 2719 3314
1402 2815 1891 3389
1806 2804 2146 3070
1030 2794 1519 3208
0 2783 382 3155
679 2740 1019 3229
1497 2730 1763 3112
2772 2719 2985 3070
0 2698 276 2942
488 2666 796 3123
1976 2613 2486 3059
1030 2602 1243 2889
849 2602 1136 2974
254 2592 616 2942
1774 2549 2294 2868
722 2496 1147 2857
2401 2454 2857 3059
106 2432 382 2751
286 2379 658 2825
1041 2337 1391 2836
1285 2252 1561 2804
786 2252 1200 2560
584 2209 924 2613
2698 2167 2985 2624
1444 2167 1880 2804
1806 2124 2209 2762
807 2124 1168 2358
223 2124 616 2571
1094 2114 1466 2454
1593 2103 1976 2464
669 2092 881 2432
0 2092 318 2772
2039 1976 2464 2656
1073 1976 1519 2284
1837 1933 2156 2262
1402 1933 1646 2209
499 1891 796 2209
754 1880 1115 2177
2475 1859 2985 2454
0 1806 594 2156
2262 1763 2687 2167
1848 1763 2082 2039
1487 1752 1784 2007
2188 1742 2751 2549
1264 1731 1614 1986
2560 1721 2794 2039
2007 1689 2305 2082
1667 1689 2050 2092
722 1689 1147 1965
966 1678 1317 2071
0 1667 478 1965
849 1614 1126 1827
2709 1572 2985 1997
1296 1551 1774 1827
1189 1529 1497 1806
1646 1487 1880 1774
2252 1476 2666 1891
1784 1466 1997 1721
796 1455 1041 1699
223 1402 711 1901
371 1381 849 1912
0 1370 223 1742
2666 1359 2985 1657
2528 1349 2868 1731
1423 1349 1859 1636
1179 1349 1476 1614
1795 1274 2252 1763
148 1274 584 1699
743 1221 1115 1657
0 1189 286 1710
393 1168 1168 1476
2273 1147 2772 1593
1434 1136 1678 1529
1041 1115 1253 1784
382 1083 1168 1317
31 977 371 1306
1168 945 1582 1455
1561 934 1837 1476
531 934 988 1200
2560 924 2985 1381
1115 892 1444 1189
2262 839 2592 1243
2273 828 2677 1285
1444 828 1795 1147
53 807 563 1126
180 786 1126 1253
1848 775 2337 1827
1678 754 2199 1444
31 754 254 1073
2092 711 2443 1062
2379 701 2772 998
1837 669 2167 966
1051 594 1402 1041
796 541 1370 871
116 520 499 839
0 520 308 860
2294 499 2507 754
1296 499 1933 807
1827 456 2517 754
573 446 924 786
286 446 733 839
1328 403 1646 626
1232 382 1476 594
169 382 648 594
2369 371 2804 775
669 329 1189 648
1922 318 2262 637
807 318 1285 669
1721 308 2167 743
2772 223 2985 1041
2103 212 2496 541
1837 180 2273 424
605 148 1030 371
286 138 669 509
0 138 371 573
2241 95 2730 478
1211 95 1752 679
201 53 584 350
2656 0 2985 414
1019 0 1328 318
701 0 1041 233
531 0 934 414
0 0 2985 4185
31 0 2985 1338
0 3059 2985 5312
966 552 2985 3888
0 4578 594 5110
1189 2252 1891 3112
1243 2262 1891 3112
254 3059 828 3612
0 3123 2985 5312
1158 3527 2985 4653
1158 3527 2985 4355
2007 1689 2751 2592
0 0 1880 4185
1519 4079 1997 4653
1519 4079 1997 4430
1243 2262 1784 3112
0 3123 2252 4812
0 3739 2985 5312
1243 2284 1752 3112
1296 4642 1880 5046
1519 4738 1880 5046
2645 4345 2985 4706
977 4536 2985 5312
1402 552 2985 3888
1423 828 1997 1721
393 4281 648 4557
0 0 1497 2337
0 754 1168 2337
95 1083 1168 1699
1328 4536 2985 5312
966 1678 2294 2868
1264 1699 1657 1986
0 754 796 2337
0 754 796 2209
0 754 478 1965
1444 1944 2294 2868
1104 3739 2985 5046
0 945 1880 4185
0 0 1497 860
1444 2103 2294 2868
1593 2103 2294 2868
1774 2124 2294 2868
31 318 1689 1338
1009 3856 1402 4143
1423 1349 1997 1721
1402 2454 2985 3888
1402 2815 2029 3495
95 1083 1168 1423
1944 2454 2985 3888
1710 4536 2985 5312
1285 3527 2985 4270
0 0 1189 860
31 318 1689 1306
223 1402 796 2209
0 754 286 1710
0 754 254 1349
1551 3527 2985 4228
1497 2390 1891 3112
0 4302 1221 5312
371 945 1880 3208
1104 3867 2985 5046
1604 4217 1997 4695
1508 934 1837 1476
966 1678 1646 2209
966 1678 1444 2071
1211 0 2985 1041
1104 4249 1667 5014
584 2114 1519 3208
0 1806 1115 4185
0 4515 1221 5312
2294 223 2985 1041
2294 371 2804 775
1944 2719 2985 3888
966 3080 1243 3845
1030 2337 1391 2889
0 1806 1115 3888
0 1806 1051 3633
456 4302 1136 4823
1328 4802 1869 5312
0 1806 616 3633
2486 3569 2985 4058
0 3452 563 4185
371 945 1880 2432
584 2114 1466 2613
31 318 1476 1306
605 4302 1136 4823
1476 3867 2985 5046
1179 1349 1880 1827
1179 1349 1497 1806
0 53 1189 860
1710 4823 2719 5312
722 2496 1519 3208
722 3123 2252 4493
1434 3771 1986 4111
849 2602 1519 3208
371 945 1678 2432
807 318 1476 669
1487 552 2985 3070
1678 552 2985 2624
1678 552 2772 1763
1837 552 2772 1317
1774 3867 2677 4334
1211 0 2985 807
95 3750 563 4185
223 2124 1051 3314
679 2740 1051 3314
31 541 1402 1306
53 541 1402 1253
180 541 1402 1253
1402 2815 2029 3389
0 3559 1030 4812
371 945 1678 1912
1041 945 1678 1784
0 4748 414 5099
95 3909 563 4185
456 3240 1115 3888
1104 4249 1667 4823
1211 0 2730 807
2252 828 2985 2624
0 4908 796 5312
1296 403 1933 807
2560 1572 2985 2039
371 1221 1115 1912
1476 3899 2985 5046
0 4111 807 4812
1859 3899 2985 4929
1859 3899 2974 4929
223 2124 796 3123
0 53 669 860
0 138 499 860
0 138 371 860
1487 1689 2486 3070
1487 1689 2464 2656
594 3240 1115 3888
1965 4823 2719 5258
2252 828 2985 1891
2252 1349 2868 1891
2262 828 2985 1593
2262 828 2772 1593
669 1455 1519 2432
605 4515 1221 5216
1476 4578 2326 5046
669 1455 1168 2432
1211 0 2730 743
1211 0 2730 679
1561 4578 2326 5046
254 3059 818 3463
