0 0 3120 4160
1289 2146 2337 3178
1705 2146 2337 3178
2720 1198 3120 1705
1647 682 1905 965
1705 2487 2204 3178
1705 2487 2171 2912
99 2853 291 3128
732 1980 1264 2787
923 2196 1264 2787
923 2196 1106 2570
2104 3752 2762 4160
823 2612 1098 2795
732 1980 1006 2496
624 1023 2953 2421
624 1023 2504 2421
2221 1697 2504 2188
715 3236 1223 3760
790 3236 1223 3727
482 3860 881 4160
540 3860 881 4160
1647 1040 2113 1589
2504 3444 2728 3860
624 1023 2471 2421
624 1056 2471 2421
624 1056 2346 2204
690 1214 1522 2021
690 1214 1456 2021
715 1214 1456 2021
2662 2196 3120 2446
607 490 1156 1114
1297 1514 1522 1938
624 1056 2246 2113
682 1206 906 1414
2288 199 2720 465
2129 3211 2387 3619
2129 3328 2329 3619
0 3344 574 4160
1705 1447 2246 2113
2820 1730 3120 1971
149 1805 648 2238
1314 557 1555 748
2013 582 2978 1056
790 3336 1223 3727
1297 3469 1664 3902
715 3402 973 3760
1872 2837 2837 3669
1872 2837 2837 3486
1980 2878 2837 3486
2030 2912 2837 3486
2030 2912 2803 3261
2030 2936 2612 3261
2221 1697 2504 2096
624 1056 1980 1680
1214 3719 2088 4160
624 1114 1980 1680
624 1114 1597 1680
624 1114 1231 1680
873 0 1306 723
2088 582 2978 1056
2113 607 2978 1056
0 815 590 1306
0 41 632 624
2288 199 2662 449
1214 3727 2088 4160
624 1123 940 1680
956 2213 1264 2787
2437 3003 2837 3486
1389 3727 2088 4160
1389 3843 2088 4160
549 3860 881 4060
2354 1946 2953 2229
1688 3843 2088 4160
2870 1730 3120 1921
2104 3802 2762 4160
2221 3802 2762 4160
2221 3802 2562 4160
0 3344 574 3902
0 0 2936 3386
0 2337 316 2637
0 2337 316 2545
1872 2837 2071 3078
2753 3594 3120 4160
2113 607 2945 1056
673 490 1156 915
1297 3469 1597 3902
607 565 856 1114
665 657 856 1114
1797 83 2936 599
1797 83 2129 465
1073 2728 2046 3610
1073 2728 1980 3585
1073 2728 1980 3486
149 815 590 1306
2437 3003 2795 3394
0 0 2213 3386
732 1464 2213 2903
1114 1464 2213 2903
2113 607 2778 1056
0 0 2154 3386
1073 0 1480 332
1647 1040 2113 1439
1688 3935 2088 4160
1738 3352 2046 3610
0 2803 923 4160
565 0 3120 4160
2113 673 2778 1056
2113 673 2562 1056
66 3095 881 4160
2080 2188 2887 2870
1389 3943 1905 4160
1073 2928 1980 3486
1073 2928 1872 3486
1073 2928 1855 3486
1131 2928 1855 3486
1264 2928 1855 3486
1264 2928 1772 3486
1264 2928 1697 3486
2437 3003 2795 3219
2080 2337 2887 2870
1181 1464 2213 2903
1439 1464 2213 2512
1439 1464 2213 2329
1439 1464 1980 2138
1713 1630 1980 2138
873 0 1264 682
790 665 1040 1114
790 815 981 1114
1173 0 2154 748
2113 765 2437 1056
0 0 1397 3386
0 2537 424 2870
0 2562 424 2870
0 2629 424 2870
948 58 1264 682
2753 3594 3120 3985
0 931 1297 3386
0 1089 1297 3386
474 2196 1139 2745
0 0 1397 1081
1805 257 2936 599
1805 257 2812 590
1805 257 2537 590
1805 257 2437 590
1805 416 2038 590
565 1630 3120 4160
965 2770 1148 3144
1439 1464 1822 1880
66 3477 856 4160
66 3477 790 4160
232 3477 790 4085
915 0 3120 1946
1006 0 3120 1946
2179 906 3120 1505
2179 940 3120 1505
0 0 1397 1056
2163 1630 3120 3627
2080 2337 2753 2870
1797 832 2945 1946
1797 973 2945 1946
915 948 1106 1198
1006 0 3120 1256
1006 673 1497 1256
565 2895 3120 4160
1173 0 2063 748
1439 0 2063 748
0 2803 923 3619
0 2803 856 3619
1988 1098 2945 1946
1988 1098 2945 1930
1306 0 3120 1006
2820 1214 3036 1505
2188 940 3120 1505
2188 1098 3120 1505
1988 1098 2928 1930
565 2895 2654 4160
565 3178 2437 4160
565 3178 2271 4160
565 3178 1738 4160
474 2196 881 2612
2412 3203 2712 3560
1439 191 1738 748
565 3178 1522 4160
565 3669 1447 4160
0 1089 765 2803
1456 840 1921 1264
1447 3694 1738 3960
1838 1597 2213 2329
1813 2895 2654 3968
2529 3452 3120 4160
1847 257 2437 549
0 2620 1297 3386
682 2620 1297 3386
0 2687 740 2936
1539 0 2063 524
2163 2570 2712 3028
0 0 1206 1056
1522 2936 1772 3144
2454 1422 2928 1930
1456 923 1921 1264
1006 673 1364 1256
0 1089 765 2471
2454 1447 2687 1930
2387 1630 3120 3627
0 1938 557 2737
1855 3061 2654 3968
0 1148 765 2471
0 1148 765 2288
0 1148 748 2196
0 1447 748 2196
1181 1996 2063 2903
1306 399 3120 1006
682 2695 1297 3386
1988 1098 2487 1688
249 1921 648 2238
848 3669 1447 4160
0 1148 723 1805
0 1148 615 1680
0 1231 615 1680
0 0 1073 1056
0 0 1048 1056
0 216 840 1056
449 216 840 590
2005 3111 2654 3968
2204 3111 2654 3968
0 2945 382 3361
1023 3727 1447 4160
507 1664 748 2196
0 1231 615 1655
0 1347 399 1580
0 499 782 1056
0 499 532 998
2412 1630 3120 3627
149 2471 557 2737
2529 3610 3120 4160
0 2803 732 3619
2412 1822 3120 3627
2412 2138 3120 3627
2512 2238 3120 3627
2704 2753 3120 3627
2704 2770 3120 3627
2587 0 3120 416
2587 0 3120 266
349 524 782 1056
349 640 782 1056
682 2695 1214 3386
748 2695 1198 3036
0 2978 657 3619
149 2978 657 3619
2512 2238 3120 2795
2712 2920 3120 3627
2263 3303 2654 3968
2263 3303 2612 3652
2030 1098 2487 1688
1597 3269 2271 4160
1838 3269 2271 4035
1306 399 2845 965
1306 399 2595 965
1431 399 2595 965
1688 399 2595 965
1772 399 2595 965
0 1447 640 1988
2712 2920 3120 3386
2637 1822 3120 2146
2013 0 3120 865
2104 1306 2487 1688
540 3985 757 4160
249 3976 549 4160
2104 3968 2396 4160
1688 3968 2088 4160
249 3968 449 4135
66 3968 324 4160
1847 3935 2080 4101
1214 3927 1805 4160
565 3918 990 4160
482 3918 665 4160
2529 3885 2845 4160
657 3885 873 4060
74 3843 316 4068
1023 3835 1314 4160
0 3835 241 4160
2221 3802 2504 4160
2146 3744 2312 3910
1447 3744 1738 3960
1813 3727 2080 3976
1131 3727 1447 4110
1472 3694 1655 3860
1697 3685 1913 3952
1297 3685 1597 3902
848 3669 1214 3960
1248 3644 1439 3827
1164 3644 1347 3868
2188 3635 2437 4026
2845 3610 3120 3985
2753 3594 2970 3843
2055 3585 2246 4035
515 3569 856 3927
2046 3527 2254 3843
0 3527 440 3902
2188 3519 2354 3777
2379 3511 2654 3968
232 3494 682 4085
740 3477 956 3760
1322 3469 1530 3760
2795 3452 3120 3710
2562 3444 2728 3810
715 3402 973 3685
1738 3377 1955 3610
1597 3361 2113 4160
374 3344 574 3627
2720 3311 3120 3627
698 3311 898 3486
2263 3303 2612 3594
1397 3286 1630 3585
1838 3269 2271 3810
0 3269 224 3602
2520 3253 2712 3560
2412 3253 2579 3419
1489 3244 1896 3669
149 3228 432 3619
1589 3203 1980 3444
1015 3178 1522 3744
2204 3111 2512 3477
449 3095 881 3610
0 3086 224 3361
1131 3078 1389 3244
2912 3070 3120 3236
1855 3061 2038 3411
582 3036 765 3211
1223 2995 1447 3169
1372 2986 1697 3486
682 2986 1214 3386
257 2978 657 3436
2030 2953 2554 3261
0 2945 382 3294
2437 2936 2612 3120
682 2936 923 3211
1064 2928 1297 3153
1813 2895 1988 3211
2920 2878 3120 3070
2288 2878 2545 3061
124 2853 291 3128
474 2828 856 3036
748 2803 1031 3036
257 2803 732 3028
0 2803 232 3111
1106 2795 1339 3086
2704 2770 3061 2970
1106 2728 1306 2978
249 2712 740 2936
2163 2704 2562 3028
807 2695 1198 2995
0 2687 266 2903
823 2612 1006 2795
2454 2570 2712 2928
2912 2562 3120 2795
2654 2545 2887 2803
1913 2487 2171 2862
624 2487 1139 2745
149 2479 482 2737
0 2446 199 2637
374 2437 723 2803
2537 2412 2753 2587
2587 2371 3120 2795
956 2354 1264 2787
2080 2337 2612 2870
474 2337 698 2612
673 2321 956 2504
2662 2279 3120 2446
366 2271 557 2471
2512 2238 2853 2471
1023 2213 1256 2612
798 2204 1006 2496
1622 2196 1822 2471
590 2196 881 2379
2346 2188 2562 2387
1214 2171 1489 2396
2021 2163 2196 2454
1988 2146 2337 2795
2412 2138 3036 2371
1181 2129 1755 2903
274 2005 765 2288
116 2005 307 2188
2945 1996 3120 2213
1580 1996 2063 2853
2146 1988 2346 2204
732 1980 906 2271
2354 1946 2570 2204
424 1946 648 2113
0 1938 474 2487
2637 1930 3120 2146
249 1921 449 2238
124 1905 341 2171
2454 1880 2753 2146
2387 1880 2612 2096
532 1872 748 2196
1921 1830 2213 2329
2679 1822 2912 2080
149 1805 374 2013
2928 1730 3120 1913
732 1730 1872 2271
2421 1722 2604 1946
2329 1697 2504 1963
2496 1688 2687 1930
2104 1680 2271 2021
440 1672 640 1988
507 1664 732 2071
715 1639 898 1955
2595 1630 3120 1988
2129 1630 2387 1838
1713 1630 1921 1988
1838 1597 2104 1938
1996 1564 2246 2113
1347 1564 1522 1938
399 1547 723 1805
1439 1480 1738 1880
2088 1464 2354 1630
1580 1464 1822 1797
199 1464 449 1680
2454 1447 2662 1772
1705 1447 2104 1755
0 1447 524 1980
2720 1422 3036 1630
2537 1422 2928 1722
91 1414 399 1580
2179 1372 2487 1688
690 1356 881 1688
690 1347 940 1680
2104 1306 2346 1580
2820 1248 3028 1505
332 1231 615 1655
2870 1214 3036 1422
1397 1214 1980 1497
823 1214 1456 2021
2945 1198 3120 1705
1880 1189 2113 1439
557 1148 765 1780
624 1123 940 1356
1114 1114 1597 1630
898 1114 1231 1297
2595 1098 3120 1505
2188 1098 2654 1456
2030 1098 2312 1564
0 1089 224 1414
1647 1040 1880 1331
1456 1023 1664 1264
915 1015 1106 1198
2179 990 2537 1231
1797 973 2071 1256
149 973 590 1306
2645 940 3120 1173
565 931 923 1206
1614 923 1921 1198
2471 906 2778 1156
2329 873 2562 1131
1456 873 1680 1089
1863 832 2104 1148
1006 815 1173 1015
2512 765 2778 990
2154 765 2437 1056
1306 757 1497 1139
166 723 341 931
0 723 199 965
0 715 199 881
2737 707 2978 998
1431 707 1747 915
465 698 782 1015
199 690 432 998
1647 682 1822 965
2179 673 2562 1015
1056 673 1364 1256
823 665 1040 973
1306 657 1539 865
2837 648 3120 1006
349 640 648 1056
2204 607 2412 773
2088 582 2263 773
1547 582 1747 773
1772 574 2204 965
1314 565 1555 748
940 557 1397 1015
432 524 673 748
1139 515 1306 723
0 499 532 748
981 457 1264 682
1847 449 2121 682
1688 432 1938 856
490 424 698 590
2154 399 2595 890
1439 391 1738 748
2687 324 2936 599
2221 324 2437 515
2537 291 2720 465
1306 282 1580 582
1805 274 1971 465
1946 266 2171 457
1847 257 2329 549
208 249 374 416
449 216 840 499
2720 199 2912 416
2337 199 2662 399
1489 191 1705 416
1730 166 1963 424
1173 149 1489 590
1073 149 1356 332
1647 133 1880 524
1797 83 2129 432
948 58 1248 482
341 49 557 274
2862 0 3120 199
2504 0 2787 174
2196 0 3120 865
2013 0 2404 349
1539 0 2063 241
1181 0 1589 183
1031 0 1264 166
873 0 1064 224
832 0 1206 490
632 0 873 224
532 0 1048 557
33 0 515 191
2088 1464 2354 2021
906 3793 1081 4160
0 0 3120 2903
0 1880 3120 4160
124 2803 732 3128
1381 1056 1614 1223
1688 3685 1913 3952
557 798 3120 2903
1622 2104 1872 2471
2088 1464 2354 1788
1106 2795 1447 3169
0 0 3120 2362
2146 1763 2371 2204
2146 1838 2371 2204
740 3477 1015 3760
2312 807 2562 1131
0 0 1580 2362
1073 0 3120 1988
2005 1880 3120 3985
0 1938 3120 4160
0 1938 2071 4160
565 2728 3120 4160
732 1980 2071 2945
2654 1339 3036 1630
1880 1189 2113 1589
1139 515 1381 740
1073 0 3120 1755
1805 1888 1980 2587
1289 2778 2071 2945
0 1938 1322 4160
0 1938 1322 3644
732 1980 1372 2903
2396 416 2812 582
166 2629 424 2870
1996 1006 2404 1239
1439 66 2154 773
0 615 199 881
2512 2471 2720 2679
366 1505 723 1805
0 3236 1223 4160
657 3402 973 3827
1647 798 3120 2795
1738 2837 2204 3610
0 1938 1322 3627
1214 3843 2088 4160
2471 707 2978 1256
2520 707 2978 1031
2520 707 2978 998
2695 707 2978 998
765 0 1206 490
2129 3261 2387 3619
0 931 208 1189
940 940 1198 1114
1214 3927 2088 4160
1214 3927 1905 4160
2412 3194 3120 4160
2412 3194 2778 3560
199 690 524 1006
1497 682 1822 973
1738 2895 2038 3610
2504 3303 3120 4160
565 2728 2654 4160
1996 3585 2312 4035
91 1148 582 1580
0 1938 1297 3627
798 2204 1372 2903
798 2204 1264 2787
798 2204 1106 2570
2712 1198 3120 1705
898 1114 1289 1297
1813 2895 2038 3411
0 2562 216 2787
2471 906 2778 1256
2471 906 2778 1173
1980 2837 2204 3236
1439 66 2154 748
341 49 574 299
1647 798 2912 2795
1647 798 2254 1331
1797 798 2254 1256
1863 798 2254 1148
856 2728 1472 3144
965 2728 1472 3144
565 2912 2654 4160
1522 2912 1980 3444
1522 2912 1905 3194
557 1114 2246 2903
557 1114 1872 2396
91 1181 457 1580
91 1272 457 1580
0 2446 199 2679
557 1123 940 1955
557 1148 898 1955
557 1148 881 1780
2104 3802 2562 4160
1073 0 2404 682
266 815 524 1006
1297 3569 1738 3960
2412 1880 3120 2446
2412 1930 3120 2446
1522 2912 1880 3144
2005 2238 3120 3985
690 1114 1872 2396
1647 66 2154 524
1988 1098 2912 2795
565 2936 2654 4160
1131 2936 1697 3486
1297 2936 1697 3486
0 0 1048 2362
0 590 341 1056
0 590 341 965
66 590 341 931
2529 3303 3120 4160
2529 3369 3120 4160
1589 3086 1980 3444
2820 1198 3120 1705
1647 83 2129 524
1589 3169 1980 3444
1863 798 2171 1148
1289 2778 2005 2945
2520 3194 2778 3560
1988 1098 2912 2387
2088 582 2412 773
2912 1996 3120 2304
2454 2570 3061 2970
2454 2570 2770 2928
1372 2936 1697 3486
1447 3569 1738 3960
0 3236 1048 4160
0 3311 898 4160
0 3477 856 4160
374 0 1580 1256
2437 2845 3120 3985
2496 2845 3120 3985
2496 2845 3120 3627
374 440 782 1015
732 1114 1872 2396
2055 3585 2312 4035
965 2728 1306 3144
1988 2146 2471 2795
1073 3186 1322 3377
1181 0 2404 682
1181 0 2404 549
1306 0 3120 1755
1023 1464 2246 2903
1372 2945 1697 3486
565 0 1580 1256
873 0 1580 748
2005 2238 3120 3477
2196 0 3120 1006
565 499 1497 1256
2437 2936 2795 3219
0 3494 856 4160
0 3494 682 4160
249 3968 549 4160
0 2612 1297 3627
790 499 1497 1256
823 499 1497 1256
940 499 1497 1256
2520 3885 2845 4160
0 1938 1139 3111
0 2687 266 3111
0 1938 1139 2936
0 3527 440 4068
1988 1098 2912 2204
1439 1464 2246 2329
565 3178 2654 4160
2188 3511 2654 4026
474 2620 856 3036
2030 2238 3120 3477
565 3178 2354 4160
2496 2845 3120 3394
1813 3727 2080 4101
582 2936 923 3211
0 1231 765 2362
873 0 1580 590
1988 1098 2629 1963
1988 1098 2629 1688
1988 1098 2346 1580
2030 1098 2346 1580
0 1938 1139 2803
1015 3178 2354 4160
1131 3469 1530 4110
1439 1464 1921 1988
2354 1822 2912 2204
2387 1822 2912 2146
2387 1880 2753 2146
2129 1630 2504 1963
1181 0 2404 357
1439 0 2404 357
940 557 1497 1256
1306 399 3120 1755
1306 432 2204 1755
1306 657 1747 1089
1306 657 1747 915
374 440 673 748
565 3669 1314 4160
2870 1198 3120 1705
1397 432 2204 1755
2179 1364 2629 1688
823 1114 1597 2021
1397 1023 2104 1755
1397 1214 2104 1755
748 2612 1198 3036
807 2612 1198 2995
2030 2878 2579 3477
2030 2878 2554 3477
1023 1996 2063 2903
2753 3452 3120 3985
2154 399 3120 1722
2154 673 3120 1722
1248 3469 1530 3827
2154 673 2778 1056
2154 673 2562 1056
2030 2878 2554 3261
1838 3269 2354 3843
2179 940 3120 1722
2188 940 3120 1722
0 0 1048 1414
2795 3452 3120 3985
449 0 1048 632
449 0 1048 557
2154 399 2978 890
948 58 1580 590
0 2928 1297 3627
0 2945 1214 3627
2496 2920 3120 3394
1838 3269 2271 3843
2712 2920 3120 3394
732 1730 1872 2396
2529 3444 3120 4160
0 1447 765 2362
0 1447 765 2288
124 1905 765 2288
2080 2238 3120 3028
1539 0 2404 357
2412 1930 3120 2371
0 1447 748 2238
0 2945 881 3627
257 2978 881 3627
2080 2337 2612 3028
1015 3178 2113 4160
2537 940 3120 1722
1614 432 2204 1198
1614 574 2204 1198
0 0 648 1414
0 499 648 1414
0 2945 432 3619
0 1447 732 2238
0 1447 640 2238
2154 399 2845 890
490 424 915 632
948 58 1489 590
0 640 648 1414
0 3835 324 4160
0 973 590 1414
940 557 1397 1256
1489 3244 2113 4160
1539 0 2404 349
2587 0 3120 382
374 2437 1139 2803
0 1938 698 2737
257 2978 657 3627
2595 940 3120 1505
0 1938 698 2612
0 1938 557 2487
0 0 632 624
565 3669 1214 4160
1955 1339 2337 2171
657 3744 1131 4160
956 3860 1131 4160
0 3519 407 3935
657 3744 1015 3960
565 998 2346 3169
565 998 2188 3169
607 998 2188 3169
607 998 2096 3169
241 3935 757 4160
2820 3918 3045 4160
2587 0 3120 274
607 998 2096 3103
607 998 2096 3045
607 998 2080 3045
1722 1888 1955 2612
607 1098 2080 3045
241 1539 881 2379
0 2113 1123 2878
0 2179 1123 2878
732 1248 2080 3045
0 2537 3120 4160
1946 3569 2312 4160
1946 3602 2312 4160
2121 3602 2312 3835
0 0 2545 748
2512 2196 3120 3236
2878 2887 3120 3236
732 1248 2063 3045
2529 1189 3120 2146
2512 2196 3120 2895
2121 407 3120 1256
274 1539 881 2379
1439 740 2196 1447
1439 856 2196 1447
1472 856 2196 1447
0 2554 3120 4160
2055 574 2446 782
648 3294 1372 3694
782 3328 1372 3694
2512 2196 3120 2845
2512 2288 3120 2845
2512 590 2961 1031
2529 1214 3120 2146
2479 407 2986 698
83 665 1206 1347
549 665 1206 1239
0 0 2454 748
2404 3893 2762 4160
316 0 2454 748
2512 2371 3120 2845
399 0 2454 748
1480 923 2196 1447
0 3461 856 4160
1239 3469 1597 3885
399 0 1256 590
0 3078 224 3369
0 0 3120 3486
1472 0 3120 3486
1738 2895 2096 3610
399 0 1114 590
1946 3818 2254 4160
1156 0 2454 748
0 507 524 956
2221 2604 2529 2870
998 2629 1297 3128
0 41 1747 2629
0 41 1156 2629
0 41 965 2629
149 2554 465 2853
1264 1372 1572 1738
1738 2995 2096 3610
399 0 1114 565
1040 0 1414 399
2121 665 3120 1256
0 2670 3120 4160
0 2670 2662 4160
2146 3120 2662 4160
2171 3120 2662 4160
2104 0 3120 840
2329 665 3120 1256
1156 0 2437 748
1048 2629 1297 3128
2462 665 3120 1256
2462 665 3120 1181
2512 590 2961 823
174 3461 856 4160
299 3461 856 3960
0 2670 2271 4160
549 665 1173 1198
673 482 1156 965
0 507 524 765
482 0 1114 565
1347 3927 1805 4093
2171 3120 2387 3444
1472 249 3120 3486
1472 249 2595 1322
474 2670 1148 3144
782 3328 1223 3694
2778 1214 3120 1705
0 931 965 2629
0 1223 965 2629
0 2695 2271 4160
0 2695 881 3644
1006 565 1747 1264
2030 1089 3120 3486
2030 1089 3120 3394
682 2945 2271 4160
2803 1214 3120 1705
0 41 782 1123
0 1896 965 2629
2088 1331 2629 1772
0 2695 732 3644
1472 249 2595 1206
1472 249 2337 1206
1056 582 1747 1264
2071 1639 3120 3394
2154 1639 3120 3394
2529 1647 3120 2146
715 3269 2271 4160
682 2945 1980 3694
2213 3960 2404 4160
532 3960 757 4160
241 3935 657 4160
1347 3927 1688 4093
357 3927 574 4126
2820 3918 2986 4160
174 3918 449 4160
2529 3893 2712 4093
2562 3885 2845 4160
549 3868 956 4160
0 3860 249 4160
1946 3818 2246 4160
158 3785 332 3968
657 3777 1015 3960
1813 3752 2080 3976
1630 3702 1847 3976
1688 3685 2088 4160
2146 3619 2429 4026
532 3577 698 3852
1239 3552 1439 3885
2745 3519 2970 3835
299 3519 823 3960
0 3519 407 3902
1322 3469 1597 3760
615 3461 856 3810
2820 3452 3120 3985
832 3402 998 3602
715 3402 1805 4160
1738 3352 2005 3610
2720 3319 3120 3694
648 3294 973 3486
1339 3269 2271 3960
0 3269 432 3644
2263 3203 2662 4160
291 3203 881 3627
2504 3194 2679 3377
1015 3153 1505 3744
2171 3120 2387 3328
1805 3120 1971 3361
507 3095 698 3261
524 3036 765 3219
2437 3003 2828 3486
1930 2995 2096 3411
2030 2978 2537 3261
2878 2961 3120 3236
1297 2953 1980 3694
682 2945 1372 3402
1505 2920 1880 3169
1630 2912 1813 3103
1813 2895 1988 3203
1847 2828 2146 3120
1114 2803 1447 3169
748 2803 1148 3144
2520 2795 2704 3020
2071 2728 2645 3178
1564 2712 1980 2912
2221 2695 2462 2870
41 2695 732 3303
474 2670 956 3070
1048 2629 1297 2928
2512 2554 2753 2720
0 2537 349 3120
615 2529 1123 2878
2071 2379 2304 2778
440 2321 965 2612
923 2204 1206 2695
2720 2196 3120 2446
1006 2196 1272 2562
2321 2188 2562 2429
0 2179 723 2803
782 2129 1056 2604
2163 1996 3120 3394
374 1921 648 2113
124 1905 482 2254
0 1896 590 2629
2803 1888 3120 2146
1780 1888 1955 2612
1505 1713 1805 1880
440 1672 690 1988
2154 1639 2953 2229
732 1614 940 2038
2104 1605 2379 1805
1847 1580 2346 2770
274 1547 881 2379
2021 1497 2337 2171
1264 1372 1489 1738
2254 1364 2629 1772
1955 1339 2129 1589
2088 1331 2362 1705
690 1272 998 1688
