0 0 4160 3120
2595 549 2920 948
1988 532 2321 748
1680 1605 1913 1797
3219 2138 3444 2512
2254 1015 2687 1322
3685 324 4135 1031
0 158 574 549
0 191 574 549
0 191 532 549
665 1023 1214 1289
1622 990 2013 1614
1622 1056 1930 1614
3768 2853 3943 3120
3178 1655 3444 1946
1622 1056 1913 1614
3552 1389 4010 1672
3552 1389 4010 1647
1564 624 2121 1189
2013 1797 2670 2537
2138 1797 2670 2520
2138 2271 2329 2520
2903 1822 3070 2104
0 1239 407 1880
0 1239 407 1788
0 1239 407 1597
798 1098 1214 1289
332 2654 582 2928
665 1023 865 1289
3685 607 3985 1031
0 0 266 166
1223 0 1963 673
1447 0 1963 673
1164 1006 2113 2329
1164 1006 1813 2329
1164 1006 1813 2221
2995 2479 3402 2912
3660 382 3835 782
3660 465 3827 782
374 2063 798 2437
1505 0 1963 590
1913 2720 2645 3120
2071 2720 2645 2986
2770 707 3136 1098
2978 374 3219 590
0 332 673 815
807 515 1331 1139
807 557 1331 1139
807 557 1272 1139
807 557 1098 1139
2770 707 3086 1098
2770 707 2970 1040
1223 0 1622 507
3211 191 3768 1081
3211 208 3768 1081
3211 208 3744 998
3386 499 3744 998
782 2570 1489 3120
823 2570 1489 3120
823 2712 1489 3120
823 2712 1264 3045
1680 282 2737 1639
1680 282 2670 1639
856 1164 1297 1522
2995 2479 3311 2862
2038 1630 2795 2271
2038 1647 2795 2271
2038 1647 2620 2271
2096 1647 2620 2271
2096 1838 2429 2271
856 1164 1206 1447
2304 1647 2620 2096
2421 1847 2620 2096
1564 624 2121 1098
299 440 673 815
299 532 499 815
823 2712 1248 3003
3086 0 3560 191
3910 1930 4160 2096
2096 1905 2429 2271
1713 282 2670 1639
1713 282 2670 1406
1713 282 2670 1264
1713 282 2670 1123
1713 282 2670 931
2088 515 2670 931
1164 1006 1813 2196
1647 1730 2113 2121
956 1181 1206 1447
1713 282 2504 590
1713 282 1980 482
374 2238 673 2437
2562 216 3336 1539
1214 2396 1489 2895
1214 2396 1464 2787
2229 2720 2645 2945
2878 1306 3927 2570
3461 2088 4043 2986
3061 1139 3785 1464
3178 1139 3785 1447
2088 582 2670 931
2138 582 2670 931
3544 2088 3993 2679
2096 1971 2362 2271
3211 208 3702 557
3211 208 3560 524
3228 208 3560 524
1938 1272 2321 1639
1938 1356 2312 1639
0 332 424 782
457 1372 1480 2504
457 1372 1480 2496
3544 2088 3993 2662
3544 2088 3993 2537
1339 2154 2795 3120
1339 2396 2520 3120
1339 2629 2221 3120
2562 216 3336 1406
2562 241 3336 1406
2604 241 3336 1406
1256 41 1622 507
1297 41 1622 432
1297 41 1622 424
2887 1647 3635 2570
2887 1863 3635 2570
2887 1905 3519 2570
2887 1905 3486 2570
3045 1905 3486 2570
1705 0 3544 898
2912 91 3544 898
3061 91 3544 898
3061 91 3427 898
3111 91 3427 898
3111 91 3386 832
3111 91 3344 640
1680 840 2104 1239
2196 2396 2520 2887
0 0 1780 1256
3902 723 4160 1123
3294 1139 3785 1406
3303 1139 3785 1406
3444 1239 3785 1406
3228 0 4160 1971
1164 1006 1813 2046
3178 1655 3377 1946
199 1048 615 1256
2213 2396 2520 2887
0 0 1780 1189
0 0 1589 1189
0 607 4160 3120
3860 2828 4160 3120
3860 2828 4160 3078
1239 1006 1813 2046
1705 0 3153 707
3236 0 4160 848
532 2479 1064 2837
657 2520 1064 2837
757 2520 1064 2837
1048 615 1272 890
532 2479 856 2662
0 0 1589 1089
832 0 1589 1089
3735 1031 4160 1480
3735 1056 4160 1480
3927 1056 4160 1480
2396 2154 2795 2529
3344 0 4160 848
3852 133 4160 848
3852 582 4085 848
0 0 1331 1089
1256 332 1497 599
890 2030 1198 2263
2104 723 2595 1123
2728 2479 3211 2920
2778 2479 3211 2920
3228 698 4160 1971
3577 698 4160 1664
3577 698 4076 1639
1123 2945 1489 3120
2662 1156 3244 1539
1905 299 2387 490
1339 2629 2163 3120
1597 2853 2163 3120
1755 2853 2163 3120
1905 2853 2163 3086
2662 1181 3053 1539
3186 1730 4160 3078
3577 698 4068 1339
3644 698 4068 1322
3344 0 4160 391
1772 1231 2537 1888
2213 1231 2537 1697
2604 241 3178 1406
3045 1905 3361 2271
3228 1447 4160 1971
1239 1006 1639 1522
1239 1031 1605 1522
457 1372 1464 2496
1064 1830 1406 2046
3719 0 4160 316
3902 0 4160 224
2113 216 2945 707
2113 216 2862 549
2662 1206 3053 1539
0 607 3860 3120
0 0 890 1089
0 1672 490 2887
0 1747 490 2887
0 1863 490 2887
3186 1730 4160 2837
3827 1564 4160 1971
0 1905 490 2887
832 0 1580 798
0 1863 307 2229
3286 1730 4160 2837
3411 1730 3860 1938
0 391 890 1089
574 391 890 740
1705 0 3153 424
1705 0 3153 382
3411 1738 3752 1938
3469 1738 3752 1938
0 582 790 1089
1281 2545 1639 3120
1281 2545 1639 2961
3344 0 3927 391
1772 1447 2354 1888
1772 1489 2096 1888
0 1239 407 1564
141 1389 407 1564
0 856 407 1198
1705 0 3003 382
457 1372 1464 2321
2246 0 3003 357
3544 2288 3943 2537
0 1905 490 2870
0 1905 490 2745
33 1905 490 2462
133 1905 490 2462
2254 2720 2645 2928
607 2887 1164 3120
1514 1356 1813 2046
0 607 1614 3120
1580 723 3860 3120
2337 1988 3860 3120
2662 1988 3120 2429
3644 0 3927 374
2337 2296 3860 3120
3253 2912 3860 3120
3452 2912 3860 3120
41 1747 316 2080
3719 0 4010 316
0 582 790 1048
0 582 657 1048
2421 0 3003 341
1705 0 2329 382
1580 723 3702 3003
2379 723 3702 2030
2379 723 3702 1705
2728 723 3702 1664
2337 2296 3469 3120
0 2204 282 2745
424 2063 798 2437
1580 1697 2803 3003
1580 1980 2770 3003
1580 1980 2371 3003
1580 2279 2371 3003
1580 2312 2055 3003
1614 2579 2055 3003
1614 2595 2055 3003
1672 2745 2055 3003
0 607 1381 3120
0 607 881 1680
2337 2296 3219 3120
3286 1822 4160 2837
0 1580 1381 3120
0 2679 457 3120
166 1580 1381 3120
166 1838 1381 3120
166 1938 1381 3120
166 2121 1381 3120
665 1347 1256 1863
665 1347 1114 1847
2421 49 2978 341
2421 49 2837 341
1805 0 2329 382
1805 0 2146 257
1564 624 1938 1098
1838 0 2329 382
0 698 881 1680
2520 2296 3219 3120
2554 2296 3219 3070
2554 2545 3028 3070
2604 2737 3028 3070
191 698 881 1680
191 848 881 1680
191 1114 881 1680
166 2246 1381 3120
399 2246 1381 3120
399 2246 1381 2953
399 2246 1381 2679
557 2246 1381 2679
807 2396 1381 2679
2803 723 3702 1547
2945 723 3702 1389
3061 723 3702 1389
3070 723 3702 1264
3286 1955 3677 2837
1705 2487 2104 2878
407 2570 748 2953
0 723 432 1048
3519 1822 4160 2396
3610 1988 4160 2396
0 1081 349 1364
549 1472 1464 2321
549 1472 1181 2146
956 2396 1381 2679
590 1688 1181 2146
1106 1988 1464 2321
1555 2138 1980 2412
3286 1955 3677 2637
2704 2953 3020 3120
873 2953 1164 3120
1264 2945 1489 3120
1597 2936 1780 3120
1381 2936 1597 3120
1755 2928 1946 3120
2337 2920 2570 3120
1913 2920 2371 3120
1996 2920 2163 3086
3652 2912 3843 3103
282 2903 507 3120
2520 2895 2745 3120
607 2887 981 3120
0 2862 449 3120
2604 2853 2862 3061
2820 2828 3469 3120
823 2812 1164 3003
2071 2795 2371 2986
407 2778 632 2953
1938 2753 2221 2986
1763 2753 2055 2945
1281 2753 1564 2961
465 2753 840 3120
3294 2745 3710 3078
1672 2745 1855 3003
2612 2737 3028 3070
2354 2720 2645 2928
1289 2720 1489 2895
782 2720 1064 2887
1198 2712 1389 2970
1023 2712 1248 2928
241 2679 457 2887
757 2654 940 2837
357 2654 582 2928
2778 2637 3211 2920
1339 2629 1705 2995
1880 2620 2238 2862
657 2620 906 2803
2720 2612 2928 2845
3211 2604 3402 2912
1614 2595 1847 2920
3461 2587 4043 2986
1214 2579 1422 2787
956 2570 1322 2828
524 2570 748 2812
3328 2562 3585 2837
2554 2545 2845 2837
1705 2537 1905 2878
0 2537 282 2745
2995 2520 3211 2704
890 2520 1064 2745
2213 2504 2520 2887
1847 2487 2104 2687
632 2487 856 2662
2995 2479 3286 2720
2887 2479 3053 2712
532 2479 773 2654
3644 2471 3993 2662
1031 2446 1381 2679
2429 2429 2654 2745
2496 2412 2770 2595
807 2412 1006 2620
1272 2396 1464 2620
399 2396 632 2679
74 2387 407 2745
3544 2371 3910 2537
2587 2354 2762 2520
1514 2346 1697 2570
3860 2337 4160 2828
166 2321 457 2637
3286 2312 3677 2637
1580 2312 1971 2604
2728 2296 3219 2595
3219 2288 3411 2512
2146 2288 2312 2520
1946 2279 2371 2704
2138 2271 2329 2479
1988 2254 2163 2629
998 2254 1164 2471
1555 2246 1980 2412
557 2246 890 2554
374 2238 540 2437
3569 2221 3760 2396
2013 2221 2204 2537
3070 2204 3486 2570
0 2204 166 2629
2687 2188 3061 2429
33 2179 232 2421
782 2171 1081 2504
3943 2138 4160 2396
3236 2138 3444 2304
1089 2138 1356 2496
2887 2129 3161 2471
1264 2121 1464 2321
723 2121 973 2421
291 2121 490 2288
3727 2088 3993 2346
424 2088 748 2437
3095 2071 3361 2271
599 2063 798 2387
2312 2055 2770 2479
1214 2046 1614 2795
1006 2038 1198 2263
890 2030 1164 2196
3610 1988 4160 2213
2662 1988 3120 2254
1106 1988 1456 2246
1772 1980 2138 2304
2121 1971 2362 2146
3303 1955 3660 2321
615 1938 915 2196
3244 1930 3519 2163
3045 1905 3278 2254
2154 1905 2429 2138
133 1905 449 2462
0 1863 183 2221
748 1855 1181 2146
2213 1838 2412 2021
457 1838 732 2204
1647 1830 2096 2121
3519 1822 3952 2055
490 1813 715 1996
2038 1805 2221 1996
1580 1805 1855 2013
2179 1797 2670 2354
3194 1747 3536 1938
1514 1747 1805 2046
1306 1747 1480 1996
41 1747 316 1971
3619 1730 3860 1913
3219 1713 3444 1896
1788 1705 2021 1888
2146 1697 2312 1896
1023 1697 1256 1863
2221 1688 2446 1896
590 1688 873 1988
199 1688 374 2030
2487 1672 2795 1938
2745 1655 3011 2030
2421 1655 2604 1847
2945 1647 3219 2005
2304 1647 2595 1996
3935 1639 4160 1872
1688 1605 1913 1772
2920 1597 3136 1822
224 1580 632 1888
2121 1572 2346 1772
3827 1564 4060 1971
3144 1547 3419 1713
1048 1547 1248 1730
0 1530 257 1788
848 1497 1114 1847
740 1497 923 1672
1772 1489 2096 1813
1314 1480 1497 1955
549 1472 856 1797
1381 1464 1605 2096
3569 1447 3868 1722
3228 1447 3943 1772
1980 1447 2354 1830
0 1397 307 1597
3985 1389 4160 1664
3644 1389 4010 1647
3552 1389 3843 1572
1938 1389 2104 1572
1040 1389 1364 1888
216 1389 407 1564
191 1381 624 1680
457 1372 665 1547
1971 1356 2312 1639
1530 1356 1813 1813
665 1347 1073 1705
3785 1322 4076 1639
2878 1306 3927 1713
2030 1272 2321 1489
1098 1272 1297 1522
2379 1264 2837 1705
1480 1239 1647 1431
0 1239 407 1480
2213 1231 2537 1564
2803 1223 3186 1547
2662 1214 2903 1539
2878 1206 3053 1497
3927 1198 4160 1480
2670 1181 2862 1514
1023 1181 1206 1439
856 1164 1040 1431
0 1148 232 1364
3303 1139 3477 1322
1164 1139 1589 1655
3577 1131 3902 1339
241 1114 881 1489
3710 1106 3943 1322
3061 1098 3386 1389
1023 1098 1214 1289
3735 1089 4110 1289
1622 1089 1896 1614
199 1089 424 1256
58 1081 349 1297
1239 1073 1547 1522
1705 1056 1913 1414
324 1048 615 1239
2728 1031 2920 1198
1372 1031 1605 1331
2254 1023 2620 1322
665 1023 865 1248
2604 1015 2870 1406
2504 1015 2687 1198
2021 1015 2362 1406
1414 1006 1639 1356
1123 1006 1322 1189
2795 973 3336 1381
2146 973 2354 1223
1680 965 1955 1231
3902 915 4160 1123
2562 873 2753 1131
2021 873 2271 1264
3203 865 3702 1264
3028 865 3261 1048
324 856 582 1089
507 848 873 1256
1838 840 2104 1239
1015 840 1223 1123
3286 823 3544 1040
2013 790 2246 965
1564 782 1863 1098
3519 773 3768 1081
2088 773 2304 940
0 748 199 1048
1780 740 1980 956
3993 723 4160 981
3070 723 3253 898
2104 723 2595 1040
0 723 432 906
1921 715 2121 948
599 715 790 923
1156 707 1589 1089
3644 698 4068 1148
1048 682 1272 890
807 682 1056 1139
1639 624 1938 865
2354 615 2670 931
3685 607 3918 1031
624 607 798 823
3852 599 4085 848
1431 599 1780 873
3169 590 3386 832
2138 582 2412 790
382 582 657 890
0 582 357 782
2595 565 2912 948
1297 557 1580 798
915 557 1098 881
2720 549 2920 865
2912 540 3178 798
715 540 890 740
1988 532 2246 748
332 532 499 715
2421 515 2629 707
457 515 640 732
3386 499 3744 940
1664 490 2055 732
2604 457 2945 707
3352 449 3544 757
424 440 673 615
1955 424 2504 590
1447 399 1697 673
673 374 973 648
0 332 424 657
3802 324 4135 723
2595 316 2862 507
2795 307 3061 574
324 266 532 549
3702 257 4110 424
2737 241 3178 1064
3469 232 3702 557
2920 216 3203 465
2113 216 2620 549
3328 208 3560 490
1322 208 1505 432
3752 199 3927 374
3585 191 3752 416
0 191 465 424
632 183 1331 682
1838 174 2088 341
2712 141 2978 307
2462 141 2654 374
3960 133 4160 682
3344 99 3710 391
3111 91 3286 490
2562 74 2837 341
3802 66 4010 316
2421 49 2728 291
1297 41 1614 374
1888 16 2188 291
3719 0 3885 174
3236 0 3777 349
3269 0 3560 191
2903 0 3153 291
2737 0 3003 224
2362 0 2604 199
2246 0 2487 357
1980 0 2329 382
1805 0 1980 257
1622 0 1797 316
1223 0 1447 299
832 0 1339 648
624 0 1164 490
565 0 873 316
440 0 773 490
208 0 474 266
0 0 183 166
665 998 1123 1289
3144 1547 3444 1946
0 0 2803 3120
1023 0 4160 3120
1921 1730 2362 2146
2787 931 3086 1131
2787 931 3086 1098
3927 1772 4160 2055
1023 0 4160 1614
2229 698 4160 3120
1921 1730 2221 2113
1921 1730 2221 1996
2496 2354 2770 2595
2845 1822 3070 2104
0 0 1497 3120
0 0 773 549
0 0 266 241
0 0 183 241
740 1497 923 1797
2371 1015 2903 1539
2604 1015 2903 1539
757 740 2803 3120
1988 2055 2770 2629
2138 2055 2770 2520
2138 2055 2770 2479
3169 449 3544 1040
3169 449 3386 832
208 0 773 549
3660 574 3985 1031
208 0 773 490
1223 0 1447 482
49 2720 307 2953
49 2720 224 2953
1680 740 2312 1639
1680 773 2312 1639
1680 773 2304 1580
0 91 673 815
1680 790 2271 1580
1680 840 2271 1580
3710 2562 4135 2837
3710 2562 4093 2737
757 1006 2803 3120
2878 1106 3943 1713
2878 1131 3927 1713
3178 1139 3560 1447
1597 0 1797 316
2421 0 3011 291
3203 1664 3444 1896
665 1023 1031 1289
3211 332 3544 757
757 1272 2803 3120
2030 1272 2604 1996
2030 1272 2595 1996
2030 1272 2387 1697
624 0 1497 648
0 183 1464 3120
0 1397 316 1597
1705 840 2271 1580
1705 990 2013 1580
2728 2479 3585 2912
757 1447 2803 3120
0 91 673 782
332 440 673 715
624 0 1339 648
3211 332 3427 524
2121 1572 2446 2138
2121 1572 2446 1896
0 91 465 782
3552 2088 3993 2437
3635 2088 3993 2437
3635 2088 3993 2346
0 191 465 782
1447 0 2862 732
1447 0 2504 732
1905 299 2504 665
757 2487 1114 2887
890 2487 1114 2745
782 1447 2803 3120
1164 1006 1813 2096
3045 1730 3860 2254
2986 1098 3303 1281
1872 2396 2520 3120
1905 2396 2520 3120
1913 2396 2520 3120
2071 2396 2520 2986
1555 2038 1980 2412
3045 1738 3752 2254
3120 1738 3752 2030
3194 1738 3752 1988
3319 1738 3752 1988
1988 2221 2204 2629
1905 299 2504 590
1256 274 1497 599
0 640 1464 3120
2887 2479 3585 2912
2421 515 2645 707
590 1164 1206 1705
590 1164 1114 1705
1447 0 2088 732
2662 1181 2903 1539
1447 0 2088 590
1289 2354 1855 3003
1289 2354 1713 2995
324 183 1331 1139
757 2554 1064 2887
3694 0 4160 1164
3702 0 4160 1164
3702 133 4160 1164
3702 133 4160 1123
3702 133 4160 981
3802 133 4160 981
1838 840 2271 1264
66 1938 307 2229
1505 0 2088 590
1713 174 2088 424
1164 1073 1813 2096
1231 1747 1480 1996
3236 790 3544 1040
1023 0 3927 1614
1805 0 3927 1198
2728 241 3219 1198
2728 241 3178 1198
1805 0 3927 1081
3585 0 3927 416
3744 66 3927 374
0 848 1464 3120
1064 1830 1464 2321
2154 1838 2429 2138
3802 133 4160 848
2229 1822 4160 3120
1705 1056 1930 1539
2379 698 4160 2030
2379 1605 2795 1938
3585 0 3793 416
0 848 1364 3120
607 2812 1347 3120
607 2812 1164 3120
2887 2479 3211 2712
3710 2562 4085 2728
3153 2545 3585 2912
3885 2862 4160 3120
1289 2354 1713 2895
1289 2354 1639 2895
2096 1697 2803 2354
2512 0 3011 224
3552 1389 3943 1722
2770 707 3136 1040
2196 2504 2520 2887
324 374 1331 1139
382 374 1331 1139
673 374 1331 1139
782 1447 2371 3120
1755 2753 2221 3120
873 2953 1347 3120
740 515 1331 1139
0 640 432 1297
0 723 432 1297
1023 41 2945 1614
2021 457 2945 1564
2562 457 2945 1131
2562 565 2912 1131
0 723 432 1198
673 374 973 740
757 2554 1031 2837
1023 2712 1780 3120
1098 2712 1780 3120
1198 2712 1780 3120
1264 2936 1780 3120
1381 2936 1780 3120
2229 1988 3120 3120
2229 2154 3061 3120
2021 615 2687 1564
2021 723 2687 1564
1372 1006 1639 1356
1805 0 3777 1081
3386 232 3768 1081
1805 0 3777 640
3236 0 3777 490
2579 457 2945 840
2021 973 2687 1564
2146 973 2687 1564
382 391 732 890
2146 973 2687 1322
1480 1239 1813 1813
1023 41 2412 1614
1805 0 3344 640
3061 1098 3386 1464
1805 0 3286 490
3569 1447 3943 1722
782 1447 2371 2920
782 2038 1198 2504
998 2038 1198 2471
3228 1089 4160 1971
665 1164 1114 1705
324 823 673 1089
740 515 1272 1139
807 515 1272 1139
2179 1697 2803 2354
2704 1822 4160 3120
1580 2936 1780 3120
1755 2753 2055 3120
2512 0 3003 224
3153 2545 3585 2862
1431 532 2412 948
1639 532 2412 948
1639 532 2246 948
1639 624 2121 948
1023 41 1896 1614
3186 2545 3585 2837
2304 2154 3061 3120
1023 41 1863 1289
1023 399 1863 1289
956 1547 1256 1913
807 515 1098 1139
807 1447 2371 2920
1688 1447 2354 1896
1772 1447 2354 1896
1980 1447 2354 1896
3228 1198 4160 1971
3228 1389 4160 1971
856 1164 1114 1447
3386 499 3768 1081
2462 0 3286 490
2562 0 3286 490
2629 0 3286 490
2903 0 3286 490
1164 1073 1605 2096
0 2063 906 3120
2379 723 3785 2030
3028 723 3785 1406
1805 0 2604 382
0 2204 906 3120
0 2204 632 3120
807 1705 2371 2920
807 2046 1614 2828
807 2396 1422 2828
807 2396 1381 2828
1023 557 1863 1289
0 2204 632 2745
1023 1547 1256 1863
1015 682 1272 1123
0 848 1364 2662
0 848 881 1788
0 1381 624 1788
2337 2154 3061 3120
1089 2046 1614 2795
1580 1705 2371 2920
1614 2487 2238 2920
3802 133 4160 723
2704 1930 4160 3120
3070 1930 4160 2828
3644 2337 4160 2828
0 1272 1364 2662
366 1672 973 2662
557 1938 973 2662
557 2121 973 2662
3228 1447 4060 1971
1614 2487 2104 2920
2379 973 3336 2030
2795 973 3336 1497
2379 1223 3219 2030
2728 1223 3219 2030
0 848 881 1564
557 2121 973 2554
0 1114 881 1564
0 1148 407 1564
3070 1930 3910 2637
3244 1930 3910 2637
3244 1930 3677 2637
1580 1705 2371 2704
366 1672 732 2204
2920 91 3286 490
3028 723 3702 1264
3028 865 3702 1264
3070 2071 3486 2570
3544 2221 3910 2537
1297 41 1614 432
0 2537 582 3120
1023 707 1863 1289
1023 707 1589 1289
1023 1006 1322 1289
0 1272 1364 2462
1040 1272 1364 1888
1888 0 2604 382
1888 0 2329 382
1164 1139 1605 2096
2728 1223 3186 2030
2246 0 2604 357
2354 2154 3061 2928
2354 2154 2845 2928
0 2537 457 3120
3785 1198 4160 1639
1580 1830 2371 2704
3244 1930 3660 2321
282 2620 906 3120
1580 1980 2371 2704
1772 1980 2371 2704
2728 1223 3186 1664
2612 2612 3028 3070
2354 2429 2845 2928
2429 2429 2845 2837
74 2387 632 2745
465 2620 906 3120
0 1472 1181 2462
0 1580 632 2462
0 1688 449 2462
0 1747 316 2221
2704 2587 4043 3120
2704 2637 3710 3120
549 1472 873 1988
133 1688 449 2462
2778 2637 3710 3120
2820 2745 3710 3120
1655 490 2163 732
2254 241 2670 549
2088 856 2720 1339
3702 241 4160 723
3702 241 4160 540
2645 249 3061 599
1431 1547 2113 2304
1672 740 2312 1589
1672 740 2080 1530
1672 740 2030 1414
2620 1181 3053 1555
341 0 690 549
1505 0 1913 582
3685 2504 4043 2770
3719 2562 4043 2770
3286 823 3594 1198
2088 915 2362 1264
3178 1655 3536 1946
2912 1738 3286 2196
1672 740 2021 1239
2238 1431 2737 1996
615 2487 1289 3045
757 2487 1289 3045
757 2504 1289 3045
2238 1431 2679 1896
374 557 798 1081
3178 1664 3502 1946
3511 191 3710 374
0 1239 416 1880
0 1239 416 1555
3120 0 3486 216
3228 2554 3519 2912
2113 499 2670 1114
1431 1797 2113 2304
557 1996 1081 2595
3211 1389 4093 1963
3436 1389 4093 1963
3436 1389 4093 1938
615 906 873 1322
3286 906 3552 1198
1946 1272 2312 1589
332 0 1331 1264
807 615 1264 1264
316 2479 549 2820
332 2612 549 2820
1589 2853 2163 3120
0 0 474 615
1505 0 1855 582
1514 1797 2113 2304
1248 208 1530 515
2221 499 2670 1114
840 1015 1913 2071
840 1015 1913 2046
2995 2520 3286 2878
