0 0 4160 3120
3785 740 4110 1031
2620 449 2936 765
2620 449 2928 615
3585 332 4160 682
3494 2171 4051 3120
915 1439 1381 1872
1713 2055 2088 2254
166 440 449 765
956 2329 1447 2579
1888 0 2329 332
1888 16 2329 332
2138 2221 2554 2845
1297 1048 2396 1456
3985 1231 4160 1622
2246 2229 2554 2845
2271 2554 2554 2845
865 257 1239 599
1031 723 1431 931
3095 490 3644 1106
0 790 266 1031
1239 2104 1564 2471
1888 149 2329 332
2071 2620 2853 3120
3627 1064 4043 1464
3095 490 3361 823
1555 1148 2396 1456
3627 1164 3818 1464
1505 0 2204 232
574 0 1705 532
574 0 998 532
3544 0 4160 407
241 1223 1156 2038
291 1223 1156 1896
465 465 1414 1098
474 682 1414 1098
898 748 1314 1098
3552 0 4160 282
1555 515 2728 1181
1630 515 2728 1089
1630 515 2612 1089
3810 1447 4160 1755
1040 1439 1381 1872
1131 1572 1381 1872
948 890 1314 1098
2778 2354 3011 2679
0 2188 291 2737
1572 1056 3860 2321
931 0 1705 357
2520 0 3536 574
291 1248 1156 1896
3045 1289 3860 2321
3511 1664 3860 2063
465 465 1181 723
1555 1239 2171 1456
0 1988 499 2263
0 1988 440 2263
0 1988 266 2229
0 2845 374 3120
299 2213 1297 3120
1272 2579 2146 3120
3552 0 4035 282
3161 2312 3793 3120
3494 2171 3952 3120
2520 0 3536 499
291 1414 923 1896
0 141 632 432
1148 274 2437 782
1148 449 2080 748
1148 449 1996 748
1572 1056 3452 2296
0 0 324 416
574 0 823 440
3045 1289 3569 2321
2080 2695 2296 3120
2770 2753 3219 3120
0 2845 291 3120
2529 0 3536 407
3228 2354 3793 3120
3228 2354 3793 2961
1572 1256 3452 2296
1580 1256 3452 2296
2246 2113 2720 2329
906 399 1139 599
3852 1805 4160 2038
299 2213 1148 3120
299 2213 1073 3120
299 2213 1031 3120
1572 1472 1747 1855
2221 2728 2728 3120
815 2812 1073 3103
2321 2820 2728 3120
432 1414 923 1788
307 1248 1156 1847
3228 2354 3793 2878
3369 2354 3793 2878
2221 2728 2579 3120
3045 1289 3569 2046
1148 449 1722 715
2529 0 3095 316
2587 0 3095 316
432 2213 1031 2895
665 2213 931 2595
665 2213 931 2487
2071 0 4160 3120
1297 1048 1946 1256
1364 1048 1946 1256
0 0 3352 3120
632 1114 1747 1630
632 1114 1639 1630
632 1114 1464 1630
632 1114 1397 1630
1139 1139 1397 1630
632 1114 1381 1539
2670 0 4160 1198
2670 0 4160 1081
3219 0 4160 748
232 141 632 391
632 1206 1123 1539
0 1156 3352 3120
2670 324 3461 1081
3486 524 4060 1198
3486 524 4060 1114
0 1156 698 1955
116 1156 698 1813
116 1156 698 1688
116 1306 549 1688
241 1788 599 2038
2704 0 3095 316
3902 1156 4160 1589
0 0 2712 1713
965 1930 1223 2204
1272 2579 2104 3120
0 1347 3352 3120
1780 2096 2088 2462
1780 2238 2013 2462
3486 524 4060 1031
2770 2795 3219 3120
1181 524 1722 715
1738 1256 3452 2296
1855 1256 3452 2296
1855 1339 3452 2296
1855 1339 3261 2188
2321 2820 2637 3070
0 2055 782 3120
2537 208 2870 574
2071 599 4160 3120
3727 2421 4160 3120
2570 1056 3028 1264
0 790 698 1713
0 1098 291 1713
0 1098 257 1639
257 965 657 1264
2071 599 4160 2745
1272 2579 1955 3036
1272 2579 1722 2953
1272 1214 1747 1530
0 0 2712 1406
1980 0 2712 898
2279 0 2712 607
2670 482 3461 1081
0 790 698 1456
0 790 698 1264
3893 1805 4160 2038
798 2371 1672 3120
0 0 2171 1406
1630 615 2504 1081
1630 773 2254 1081
3610 2046 3885 2421
1788 274 2437 782
665 2213 873 2379
2246 2146 3352 3120
2254 2204 3352 3120
1805 0 2204 232
2221 2778 2579 3120
1281 1214 1747 1456
0 0 2146 1406
3311 515 3644 1106
707 1472 1580 2088
707 1639 1580 2088
0 0 2063 1406
0 499 316 881
2670 482 3352 1023
3219 0 3785 432
2936 324 3436 657
0 1347 2288 3111
0 1397 2288 3111
2279 0 2595 407
1555 990 2279 1181
3719 490 4160 1106
3793 490 4160 1106
0 790 632 1264
2354 1256 3386 1755
1872 773 2254 1023
0 1530 2288 3111
0 1738 582 2704
0 1738 499 2188
83 1847 499 2188
224 0 707 332
374 0 707 332
923 715 1381 1048
798 2446 1672 3120
798 2446 1622 3120
798 2446 1397 2928
906 2446 1397 2928
1788 274 2404 782
0 158 2063 1406
0 2055 715 3120
2728 1056 3028 1264
2254 2204 3103 3036
2254 2204 3103 2895
2288 2204 3103 2895
2371 2204 3103 2895
2529 2204 3103 2820
2529 2271 3103 2820
0 174 2013 1406
0 291 1589 1406
166 291 790 590
3635 2046 3885 2288
2071 599 3893 1472
416 1530 2288 3111
416 1530 1888 2437
2887 1431 4160 2745
0 1356 257 1639
3061 324 3436 657
0 2055 449 3120
2071 599 3793 1389
3219 657 3793 1372
0 349 1589 1406
2071 599 3411 1389
216 1996 582 2704
216 1996 582 2520
166 324 790 590
3136 648 3352 1023
1381 2104 2288 3111
1480 2104 2288 3111
3011 0 3536 407
2704 33 3095 316
1647 2104 2288 3111
416 1530 1597 2412
1281 1214 1605 1456
0 349 1589 1272
2629 599 2895 923
1647 2104 2229 3111
1647 2104 2229 2903
1647 2421 2188 2903
1647 2421 2179 2903
0 798 440 1264
1081 2679 1622 3120
1081 2679 1572 3120
2071 832 3411 1389
2945 1006 3411 1389
1289 640 2146 956
3336 149 3785 432
116 349 1589 1272
2945 2496 3352 3120
1647 2421 2104 2878
307 707 1589 1272
307 707 1530 1272
307 707 1347 1272
3569 524 4060 1031
1106 174 2013 665
0 108 224 416
1081 2820 1480 3120
3352 124 4160 748
3918 124 4160 432
2887 1431 4076 2745
3169 1431 4076 2496
3344 1431 4076 2496
3502 1431 4076 2312
416 1530 1589 2412
1123 174 2013 665
1647 2595 2104 2878
1946 2104 2229 2645
2221 2845 2579 3120
1805 0 2154 232
707 1672 1580 2088
2670 482 3236 956
2071 832 3070 1356
2071 832 3070 1281
416 1530 1006 2088
416 1530 1006 1971
2604 2271 3103 2820
540 1930 1589 2412
540 1930 1414 2412
832 1930 1414 2412
3519 1431 4068 1888
341 2154 715 2770
3352 416 4076 748
1214 174 2013 665
307 707 1347 1223
657 906 1347 1223
723 906 1347 1181
832 1672 1580 2088
1788 274 2346 782
1963 316 2346 782
1297 0 1888 257
1505 0 2030 191
1381 174 2013 665
1472 174 2013 665
2071 832 3070 1264
540 1996 1006 2254
3502 1705 4076 2312
3502 1913 4076 2312
2246 832 3070 1256
2080 2903 2296 3120
1672 2895 2104 3120
2321 2878 2604 3070
3727 2870 4160 3120
1081 2870 1414 3120
2221 2845 2479 3120
815 2845 998 3011
0 2845 199 3095
3086 2820 3294 3078
2379 2820 2637 3011
1281 2820 1480 3003
2903 2812 3219 3120
1414 2812 1672 3120
2770 2795 3120 3120
1747 2770 1963 3011
2304 2728 2853 3120
41 2728 307 2903
299 2704 915 3120
1713 2695 2146 2912
3111 2687 3352 3120
1356 2679 1572 2862
191 2679 449 3120
3494 2670 3893 3120
2662 2670 2978 3036
1688 2670 1955 3036
2005 2662 2196 3111
2379 2654 2554 2845
599 2645 1023 3045
2071 2620 2421 2853
1838 2612 2104 2878
1647 2595 2005 2795
1497 2587 1722 2953
1272 2579 1605 2770
2504 2562 2737 2828
391 2537 715 2770
798 2520 1023 2778
0 2520 224 2870
2371 2512 2687 2895
3228 2504 3452 3120
2612 2504 2953 2803
2945 2496 3120 2820
2837 2487 3011 2679
3369 2479 3793 2878
906 2471 1272 2928
0 2462 291 2737
1139 2446 1397 2887
3228 2429 3461 2670
3827 2421 4160 2887
391 2412 715 2679
432 2387 1031 2895
2030 2371 2204 2645
865 2371 1264 2587
549 2362 782 2629
3569 2354 3752 2537
2778 2354 2986 2520
1905 2354 2121 2579
1480 2354 1747 2662
3427 2337 3602 2512
1040 2329 1447 2579
3161 2312 3344 2878
3169 2304 3419 2471
2887 2263 3253 2745
2288 2254 2679 2562
3344 2246 3827 2496
216 2229 465 2520
1239 2221 1564 2471
2670 2204 3003 2379
3610 2196 3810 2421
3627 2171 3952 2912
832 2163 1156 2412
341 2154 715 2687
2246 2146 2421 2362
1081 2129 1289 2379
2246 2113 2612 2329
1314 2113 1564 2371
1946 2104 2229 2421
1248 2104 1497 2304
1888 2080 2088 2254
1713 2055 1938 2254
0 2055 332 2720
3635 2046 3868 2213
665 2046 1006 2254
1514 2021 1888 2437
1306 2013 1589 2229
540 1996 757 2238
382 1996 582 2246
257 1996 440 2263
83 1996 282 2188
3502 1988 3810 2312
0 1988 174 2221
3927 1980 4160 2396
2687 1971 3452 2296
807 1946 1031 2154
1073 1930 1414 2171
965 1930 1223 2104
3602 1913 4076 2238
582 1872 848 2088
2055 1847 2288 2038
99 1847 499 2113
3244 1822 3519 2321
1406 1822 1597 2138
3893 1813 4160 2038
3852 1813 4060 2030
2221 1805 2387 1996
241 1788 582 2038
1198 1780 1580 2088
707 1755 915 1971
0 1738 166 1988
3744 1705 3918 1980
291 1705 590 1896
3802 1697 4068 1888
3511 1697 3860 2063
1156 1680 1381 1872
832 1672 1322 1996
416 1655 807 1971
1397 1639 1572 1838
158 1630 457 1813
2412 1622 2770 1838
0 1622 282 1955
1572 1605 1738 1855
432 1564 648 1788
0 1547 291 1713
1173 1530 1505 1963
915 1530 1131 1788
632 1530 1006 1822
1580 1514 2496 2129
1580 1472 1747 1697
3810 1447 4018 1705
3985 1439 4160 1622
1622 1439 2371 2030
1040 1439 1206 1614
3519 1431 3877 1863
1655 1422 1946 1639
532 1414 923 1738
1156 1397 1397 1630
765 1397 1123 1680
1738 1389 2154 1564
191 1389 549 1688
3552 1372 3768 1547
3045 1372 3569 2046
2129 1356 2362 1564
1272 1339 1439 1530
116 1306 540 1564
632 1297 948 1539
3203 1289 3569 1480
307 1281 782 1847
3627 1272 3818 1464
158 1272 391 1447
1555 1264 1813 1456
2487 1256 3386 1755
615 1248 1156 1622
981 1223 1223 1389
1431 1214 1747 1389
2321 1189 2720 1356
757 1173 1023 1406
3910 1156 4160 1472
2945 1156 3411 1389
1256 1156 1439 1322
424 1156 698 1589
1630 1148 2396 1356
1139 1139 1364 1489
990 1114 1381 1306
2071 1098 2404 1264
2728 1081 3028 1264
3727 1064 4043 1406
1297 1064 1505 1239
848 1031 1064 1272
1031 1015 1347 1181
257 1015 657 1264
3078 1006 3394 1239
2512 998 2712 1173
1730 990 2279 1181
657 990 915 1223
465 981 698 1198
2188 965 2371 1131
0 948 399 1264
3918 940 4160 1123
3219 931 3793 1372
1389 906 1589 1139
1223 906 1530 1123
723 906 1089 1123
2246 856 2928 1189
2021 856 2254 1023
3411 848 3644 1106
815 848 1006 1023
2978 832 3178 1198
2687 832 3070 1256
1730 823 1988 998
0 798 440 998
1289 790 1655 956
374 790 632 1048
0 790 191 956
3793 782 4101 1106
3785 782 4043 1031
1872 773 2080 981
1539 757 1946 1023
931 748 1381 1048
3893 740 4110 931
1031 723 1281 915
3635 715 3810 1114
3569 715 3760 1031
3486 707 3652 990
307 707 940 1015
3261 657 3494 1031
2629 657 2895 923
1372 640 2146 915
2778 624 3236 956
2113 615 2504 931
3719 607 4060 981
2670 599 2895 773
2321 540 2728 940
1980 532 2512 898
3635 524 4060 790
524 524 1181 715
3311 515 3560 923
2163 515 2612 1089
2903 507 3095 673
1880 507 2080 698
24 507 316 881
3095 490 3311 823
2670 482 3103 757
1023 474 1347 673
3602 465 4043 682
1148 449 1530 665
183 440 449 715
2163 416 2437 773
2005 399 2346 782
0 391 183 640
3061 382 3436 657
2629 366 2870 574
440 366 790 590
2371 357 2712 607
116 349 490 765
2238 341 2404 540
3594 332 4160 682
1963 316 2288 499
1472 299 1755 632
1788 274 2063 549
1214 266 1439 474
865 257 1239 565
3918 232 4160 432
3444 232 3785 432
848 232 1081 532
2537 208 2845 449
1123 183 1389 349
1680 174 2013 665
1381 174 1555 399
2520 166 3053 499
3336 149 3519 324
232 141 607 391
2795 133 3095 316
2354 133 2695 449
3976 124 4160 307
3544 116 4118 407
249 49 432 266
2379 33 2604 274
3011 24 3536 407
3877 0 4160 191
3760 0 4035 241
3427 0 3727 299
3219 0 3527 241
3011 0 3344 166
2146 0 2329 166
1747 0 2030 191
931 0 1447 357
765 0 998 532
507 0 707 199
374 0 632 332
0 0 324 316
2071 2221 2554 3120
2071 2221 2554 2853
3635 715 4110 1114
0 0 4160 1755
291 1206 1223 1988
3910 1564 4160 1755
3161 2312 3610 3120
0 0 4160 1705
1297 1048 1772 1239
3161 2312 3569 3120
291 1223 1223 1988
0 499 191 956
0 790 4160 3120
0 790 2204 3120
1281 998 4160 3120
815 848 1314 1098
2138 2221 2421 2762
2154 2221 2421 2762
3161 2312 3552 3120
1406 1148 2396 1356
1040 1397 1397 1872
2246 2229 2421 2762
291 1223 1223 1896
432 1223 1223 1788
3544 91 4160 432
3544 91 4160 424
0 0 2329 1597
33 1206 549 1597
0 0 2329 1447
2080 2695 2321 3120
1389 0 4160 1705
2620 324 3560 840
224 0 1131 532
615 1223 1223 1622
1248 2104 1738 2504
1248 2104 1564 2371
1980 515 2612 1131
2745 582 2945 840
1905 1372 4160 3120
1672 2670 2146 3120
3552 1264 3985 1647
2903 490 3652 1239
33 1206 540 1597
1946 1372 4160 3120
224 0 998 532
3552 1322 3910 1647
3552 1322 3893 1547
2221 2728 2853 3120
1281 998 3569 2329
1688 2670 1963 3036
757 2812 1297 3120
815 2812 1297 3120
865 2812 1297 3120
865 2812 1148 3120
1980 515 2612 1089
1980 532 2512 931
224 0 915 482
224 0 823 482
1281 998 3569 2188
2379 0 3344 316
2529 0 3344 316
3627 2171 4051 3036
3627 2171 4051 2912
898 715 1431 931
923 715 1431 931
2612 0 3344 316
158 790 782 2520
158 790 782 2038
158 1630 582 2038
1713 2055 2088 2271
0 1139 2204 3120
2221 2778 2728 3120
307 790 782 1847
3228 2504 3552 3120
2704 0 3344 316
3544 116 4118 424
1963 0 2695 540
1963 0 2695 499
1963 0 2595 499
1580 1514 3452 2329
0 0 2204 1447
1630 499 2080 748
1672 2695 2146 3120
1672 2887 2104 3120
1655 507 2080 748
1955 2612 2196 3111
307 1156 782 1847
2570 1081 3028 1264
2080 1189 2720 1564
906 366 1397 599
3594 332 4160 1705
33 1206 257 1597
2903 490 3652 1106
3311 515 3652 1106
3677 0 3852 166
2154 0 2595 407
0 1356 2204 3120
1272 2579 1813 2986
707 2213 931 2487
2254 2346 2421 2762
865 2812 1073 3103
2080 1189 2720 1422
2080 1189 2720 1356
2803 0 3344 166
116 324 490 765
374 790 698 1198
2354 124 2695 449
3228 2337 3793 2878
2903 490 3494 1031
1297 0 1888 374
1297 0 1888 324
407 965 698 1198
2620 324 3560 757
3095 490 3494 1031
3095 490 3352 940
765 1139 1813 1838
1272 1264 1813 1838
1306 1264 1813 1838
1306 1264 1813 1697
1306 1264 1813 1580
1414 1264 1813 1530
765 1139 1439 1788
765 1139 1439 1680
765 1139 1364 1680
765 1347 1139 1680
1522 174 1788 374
2246 1971 3452 2329
2554 1971 3452 2312
3594 332 4160 1406
3594 332 4160 1123
3594 332 4160 981
3594 1705 4060 2030
3810 1156 4160 1705
1281 1131 3569 2188
0 1356 1672 3120
798 2329 1572 3095
3086 2820 3328 3120
224 0 715 482
2670 324 3560 757
416 1530 2204 2878
1847 2371 2204 2645
1896 2371 2204 2645
807 1930 1223 2204
798 2329 1447 2778
416 1530 2104 2878
2670 324 3436 757
1389 0 4160 1389
2520 0 4160 499
3760 0 4160 241
2520 0 3785 499
1114 2446 1572 3095
1114 2446 1572 3003
3793 782 4160 1123
3078 990 3461 1239
1389 124 4160 1389
865 2329 1447 2587
0 324 2146 1447
931 324 2146 1123
931 748 1655 1123
931 748 1530 1123
2520 0 3727 499
1023 324 2146 915
1023 449 2146 915
1023 449 1722 715
3594 332 4160 790
0 391 1381 1447
0 391 1089 1447
0 948 657 1447
0 0 2204 673
0 0 848 648
1855 1139 3569 2188
807 0 2204 673
807 0 2154 673
3136 657 3494 1031
1389 208 3236 1264
1980 208 2845 782
2163 208 2845 773
2945 124 4160 1389
1139 2446 1572 3003
1946 2104 3419 3120
1306 1822 1597 2229
3011 0 3727 407
1397 1539 1572 1838
757 1015 1381 1406
3361 2337 3793 2878
2945 931 3818 1389
1389 540 3236 1264
1389 757 2404 1264
2163 357 2712 773
0 391 1089 1272
0 391 1089 1223
0 740 474 1031
0 740 474 998
807 0 2063 673
3045 1372 4160 3120
3344 2046 3885 2496
0 2520 449 3120
1389 757 2279 1181
757 1031 1381 1406
3361 2479 3793 2878
0 1356 715 2770
1655 1389 2154 1639
757 1031 1064 1406
1389 757 2254 1139
1281 1131 2171 1456
1281 1131 1946 1456
1980 399 2346 782
299 2471 1672 3120
1389 757 1946 1139
3744 1705 4060 2030
0 0 790 590
416 366 790 590
1456 1472 1747 1697
158 1015 657 1447
1946 2104 3352 3120
1946 2104 2288 2421
158 1164 424 1447
3352 124 4160 1031
2288 2204 3352 3120
1023 449 1530 673
3910 1156 4160 1530
0 1356 715 2720
1855 1139 3386 2188
3494 2362 4160 3120
3494 2421 4160 3120
599 2471 1672 3120
2005 2612 2196 3111
0 2520 307 3095
2288 2204 3253 3036
274 2154 715 2704
931 0 2063 665
931 0 1755 632
2246 540 3236 1256
0 1356 549 2720
2246 599 3236 1256
1139 2446 1572 2887
0 0 607 391
2945 931 3793 1389
807 232 1139 673
1480 2021 2104 2878
1514 2021 1938 2637
2288 2204 3253 2895
24 449 1089 1223
2770 2687 3352 3120
416 1530 1580 2471
0 1356 549 2263
0 1356 549 1955
0 1356 549 1713
0 1389 549 1713
0 2728 307 3095
2288 2254 3103 2895
3045 1372 4160 2396
3045 1372 4076 2312
24 507 1089 1223
307 707 1089 1223
2246 624 3236 1256
0 1738 499 2263
0 0 432 316
416 1530 1580 2412
416 1530 1580 2254
416 1530 1322 2254
416 1530 1006 2254
2246 624 3236 1189
3344 2196 3827 2496
3352 232 4160 748
1480 2354 2104 2878
1680 174 2063 665
1073 1930 1414 2379
2221 2778 2479 3120
1855 1256 3386 2188
1514 2021 1938 2462
1214 174 1755 632
1214 174 1555 474
416 1530 1006 2238
1081 2812 1672 3120
3045 1372 3877 2312
2288 2254 2687 2895
3502 1431 3877 2312
2670 2204 3253 2745
599 2471 1272 3045
307 707 1089 1123
0 1738 499 2113
3511 1431 3877 2063
1048 1447 1272 1805
33 549 449 881
2812 91 3278 316
2903 2828 3328 3120
2163 524 2612 1123
3311 499 3677 1156
3536 0 4160 399
3952 99 4160 266
124 2113 391 2446
1505 1015 2504 1397
1505 1081 2504 1397
307 1064 3735 2312
732 715 1414 1106
732 715 1414 1048
3810 1439 4160 1863
1788 274 2071 549
1040 2204 2554 3120
2812 133 3178 316
3810 1439 4160 1755
482 0 973 532
3228 2096 3993 3120
3228 2263 3910 3120
3228 2462 3594 3120
1505 1081 2312 1397
2163 524 2612 1089
3511 2263 3910 3120
3078 2828 3328 3120
1614 440 4160 3120
2662 440 3311 873
3095 507 3311 873
3536 0 4135 399
732 715 1414 915
732 715 1281 906
3694 2753 3952 3120
307 1064 1813 1847
1572 1081 3735 2312
1614 457 4160 3120
1505 1081 2312 1322
956 890 1347 1106
1040 2329 2554 3120
1040 2329 2362 3120
1189 2504 2362 3120
1464 2570 2362 3120
1672 2570 2362 3120
1838 324 2071 524
1572 1081 3569 2312
1572 1256 3569 2312
1580 1256 3569 2312
2354 124 2704 449
1722 1256 3569 2312
1788 2080 2005 2246
349 2171 1006 2903
3843 0 4160 216
1497 1988 1763 2213
2354 199 2704 449
349 2221 1006 2903
424 2221 1006 2903
0 0 640 416
0 0 432 416
723 2870 1480 3120
981 2870 1480 3120
898 191 1439 599
898 191 1439 574
1106 191 1439 524
232 0 640 416
124 2113 391 2346
931 0 4160 1023
482 0 807 424
482 0 707 374
0 2837 382 3120
931 0 4076 1023
931 0 3536 1023
931 0 3536 898
1980 0 3536 898
1980 216 3095 898
1980 232 3095 898
2520 0 3536 424
2970 0 4076 648
931 0 2712 782
1896 0 2712 782
1139 1064 1813 1639
1264 1064 1813 1580
1264 1156 1813 1580
232 158 640 416
981 2870 1289 3120
3319 0 3519 324
2271 2113 2995 2803
2337 2188 2995 2803
2337 2188 2887 2803
0 199 3352 3120
0 199 2171 1597
0 199 2171 1514
0 790 690 1514
0 790 665 1480
0 199 2171 1431
0 1272 3352 3120
1930 2080 3352 3120
2154 2129 3352 3120
2179 2229 3352 3120
2179 2312 3352 3120
3377 457 4160 1589
307 1114 1364 1847
2204 2728 2512 3120
2970 232 4076 648
424 2221 1006 2887
1896 307 2437 782
0 1272 391 1597
3377 457 4160 1539
0 1272 2188 3120
0 1272 2188 3103
0 1447 2188 3103
0 1655 2188 3103
2570 2312 3261 2945
2179 0 2712 440
2288 2878 2728 3120
931 0 2279 665
1738 2570 2362 3120
0 790 457 1480
0 324 2171 1431
149 615 2171 1431
374 723 1938 1431
648 757 1938 1431
0 1655 2021 2446
1980 366 2903 898
58 1655 2021 2446
0 1447 549 1988
632 1272 1597 2196
0 2055 1272 3120
648 1015 1281 1431
648 1123 1064 1431
0 116 224 416
149 615 2171 981
1231 615 2171 981
257 2163 757 2803
2179 0 2595 440
58 1830 615 2254
1872 640 2171 981
1614 532 4160 3120
149 690 1439 865
407 1655 2021 2446
407 1655 1414 2371
2878 2263 3502 2853
1614 532 3810 1364
