0 0 4208 2364
883 993 1169 1203
471 1716 841 1960
1043 1245 1245 1498
1969 1253 2996 1540
2297 1253 2996 1531
2162 201 3055 681
1110 875 1750 1380
3829 496 4191 782
2348 1144 3240 1447
2348 1144 3139 1447
2348 1144 3029 1439
1455 1329 1910 1708
3669 109 3930 412
3021 0 3551 210
3021 0 3299 210
2895 1245 3139 1447
2162 446 3055 681
1211 875 1750 1304
1211 875 1700 1304
2247 521 3618 1195
2247 521 3442 1195
2247 547 3442 1195
2053 698 2760 942
2558 521 3055 951
2743 0 3055 193
3012 252 3492 521
2162 446 3055 631
2709 547 3442 1195
2348 1144 2886 1439
1708 1060 4208 1876
1708 1077 4208 1876
0 572 1868 1439
3088 597 3442 1127
2709 547 3299 1195
1708 1077 4208 1708
3071 1085 4208 1641
3450 1439 4208 1876
0 109 471 782
0 109 471 706
0 0 4208 1683
0 1455 4208 2364
1237 951 1960 1641
1237 1136 1960 1641
2162 446 3046 631
16 572 1868 1439
319 892 690 1439
1237 1136 1927 1590
0 109 471 698
3669 109 3888 412
1573 1397 1960 1641
16 572 1868 1186
252 471 471 698
1708 1077 3408 1708
1960 1077 3408 1691
1657 951 1927 1430
1102 0 4208 1464
2676 0 4208 1464
1237 1152 1742 1590
0 1531 4208 2364
0 1152 345 1405
2247 774 2752 1110
0 109 345 605
2297 1253 2802 1489
370 572 1868 1186
0 1035 345 1296
0 1060 328 1287
3105 1455 3677 1927
0 0 2608 1683
0 765 2230 1683
2920 0 4208 1001
252 0 799 496
3450 1439 4064 1876
3509 1489 4064 1876
454 572 1868 1186
454 706 1439 1186
454 782 1220 1186
0 0 2608 1085
496 614 1110 866
2247 774 2743 1085
1237 1152 1733 1590
1102 0 3063 648
2920 0 4208 951
2920 0 4208 664
0 866 1514 1683
513 572 1868 883
2886 547 3299 1085
2886 547 3299 1018
0 1817 4208 2364
2920 0 3989 622
3105 0 3989 622
3214 294 3989 622
1102 0 3063 631
1624 0 3063 631
2045 0 3063 555
690 1817 4208 2364
1102 0 2179 631
1102 0 2070 631
1102 0 1910 631
0 1817 1186 2364
3812 664 4208 951
513 572 1641 824
513 572 1363 740
437 866 1514 1683
1102 0 1910 429
1329 0 1910 429
2247 774 2600 1035
0 0 673 967
0 446 673 967
454 782 1001 1186
462 782 1001 1186
3366 1514 3677 1927
1388 0 1910 294
1843 976 2550 1506
471 0 2608 1085
1405 387 2608 1085
1119 648 1641 824
0 513 673 967
2516 1994 4208 2364
2221 0 3063 555
471 0 1489 648
690 1817 2836 2364
2760 1994 4208 2364
2853 1994 4208 2364
1725 1624 2743 1910
0 1531 4208 2263
1742 951 1927 1430
0 1110 959 1666
1725 387 2608 1085
1725 403 2608 1085
1725 521 2608 1085
1725 530 2608 1085
244 1110 959 1666
235 1531 4208 2263
3635 1716 4208 2003
1910 1590 3038 1775
235 1531 3862 2263
437 866 1253 1683
1851 690 2608 1085
252 0 799 370
2676 0 4208 1397
1161 765 2230 1077
2903 1994 4208 2364
3660 673 4208 1178
2676 0 4208 1304
1102 0 1430 319
3458 555 4208 1304
3231 841 3618 1279
690 1817 2524 2364
690 1817 2457 2364
2036 1077 3214 1363
690 1817 2373 2364
471 0 1388 639
2676 0 3568 706
2676 0 3400 622
2566 1152 3029 1439
1843 976 2465 1506
437 1009 1253 1683
0 0 530 488
109 176 530 488
1843 976 2440 1506
3416 2011 3862 2263
690 1817 2272 2364
1817 2120 2272 2364
1960 1329 3408 1691
2903 2045 4208 2364
690 1817 1910 2364
850 1843 1910 2364
235 1531 3761 2146
1885 1624 3761 2146
2061 1624 3761 2146
2238 1624 3761 2146
2440 1624 3761 2146
2693 1624 3761 2146
1969 1851 2373 2162
3660 673 4107 1178
993 1843 1910 2364
1354 1843 1910 2364
1354 1986 1910 2364
538 1380 1253 1683
2743 1624 3761 2146
2886 1624 3761 2095
1843 976 2297 1397
235 1531 1893 2045
1371 1666 1893 2045
1801 1624 2743 1910
2390 1876 2836 2120
2221 0 2693 555
3063 2045 4208 2364
1851 690 2356 900
2886 1624 3366 1960
765 0 1161 319
471 0 1329 589
471 0 1001 589
235 1531 1455 1952
471 0 892 589
597 1531 1455 1952
3189 2045 4208 2364
1523 1666 1893 2045
1615 2196 1977 2364
2465 2188 2659 2364
850 2146 1119 2364
3896 2137 4208 2364
2853 2120 3097 2364
2760 2120 2970 2364
1969 2120 2272 2364
2154 2112 2524 2364
1397 2078 1691 2364
1211 2070 1464 2364
3130 2061 3357 2247
2120 2061 2305 2238
0 2061 193 2364
2903 2053 3198 2280
3189 2045 4006 2364
2516 2045 2844 2364
993 2036 1371 2364
2204 2028 2457 2221
3416 2011 3862 2230
1354 1986 1910 2230
3921 1960 4208 2247
1716 1944 2036 2196
1977 1935 2373 2162
2743 1893 3080 2146
1211 1885 1481 2053
2465 1876 2836 2087
1944 1876 2129 2078
1026 1859 1245 2070
934 1851 1119 2045
1422 1843 1632 2019
1363 1834 1674 2036
1245 1817 1413 1986
690 1817 976 2087
2238 1809 2541 2028
2061 1792 2482 2104
403 1784 690 1952
622 1767 841 1960
3231 1758 3761 2095
934 1758 1127 1927
3913 1750 4208 1986
1885 1750 2162 1918
134 1742 572 1910
1674 1733 1893 1986
3635 1716 3997 2003
0 1691 227 1902
2693 1666 2996 1927
1523 1666 1792 2045
3728 1657 3955 1876
2962 1657 3366 1960
2112 1657 2743 1910
2886 1624 3122 1910
1801 1624 2255 1826
597 1624 841 1910
3871 1607 4208 1843
1338 1607 1565 1792
2735 1590 3038 1775
0 1565 361 1817
235 1548 698 1775
765 1531 1455 1952
3366 1514 3677 1918
3509 1489 4064 1742
1708 1489 2154 1708
1237 1489 1514 1666
1455 1464 1859 1708
3105 1455 3551 1826
866 1455 1253 1683
0 1455 454 1624
1960 1422 3265 1691
3610 1397 4208 1641
1767 1397 1960 1582
538 1380 1186 1607
3265 1346 3711 1750
3156 1329 3408 1641
1708 1329 1910 1540
0 1262 403 1506
782 1253 1119 1439
244 1237 959 1666
3837 1203 4208 1464
0 1195 328 1405
3753 1186 3930 1413
648 1186 1195 1422
504 1186 866 1363
3627 1178 3837 1397
2709 1161 3029 1439
1573 1161 1742 1405
2566 1152 2920 1354
1918 1152 2440 1506
1237 1152 1632 1590
0 1152 345 1321
2348 1144 2575 1329
2171 1136 2465 1304
1531 1136 1927 1506
1843 1119 2297 1397
345 1110 513 1531
3071 1085 3829 1481
2853 1077 3214 1363
143 1077 328 1287
3113 1060 3315 1237
3820 1052 4064 1245
3416 1052 3719 1321
3938 1035 4208 1279
3231 1035 3450 1279
437 1009 1110 1413
883 993 1119 1169
1843 976 2078 1186
1110 976 1287 1380
1657 951 1826 1287
4014 942 4208 1169
16 917 403 1119
345 892 690 1397
1489 883 1750 1085
1582 866 2230 1077
833 866 1211 1161
538 866 934 1186
2709 850 3046 1195
2457 850 2743 1085
3391 841 3618 1077
2348 841 2600 1035
2070 841 2608 1085
3745 833 4048 1102
3854 816 4107 1178
2886 816 3122 1085
3088 799 3442 1127
462 782 1001 1169
370 782 614 976
2247 774 2558 942
4022 765 4208 1001
1161 765 1599 1026
2440 749 2760 942
3458 732 4208 1304
1851 706 2356 900
572 698 1110 866
1868 690 2146 858
0 690 673 967
3660 673 3888 858
3980 664 4208 951
3812 664 4140 858
1329 648 1641 824
3686 639 4208 1102
3341 639 3635 841
1590 622 1868 883
2019 605 2507 774
3256 597 3425 951
2449 589 2743 799
2911 563 3147 749
1405 563 1944 740
3458 555 3761 816
2810 555 3055 749
1725 530 2179 698
0 530 201 706
2558 521 2861 951
3677 513 4056 774
3290 513 3568 706
201 513 479 774
3854 496 4191 782
361 446 530 681
1152 420 1388 639
1851 412 2087 648
2003 387 2263 622
3214 378 3804 597
2003 361 2221 563
1363 336 1817 631
3610 294 3989 622
1624 294 2230 631
437 294 639 496
2920 286 3400 622
218 286 530 488
42 277 345 605
3122 252 3492 521
2263 235 2558 555
622 210 1329 580
2331 201 2768 513
2920 193 3139 361
471 185 723 589
109 176 286 387
690 143 1001 395
3492 117 3753 420
252 117 648 370
3669 109 3888 395
0 109 210 538
2003 100 2179 319
1237 100 1430 319
2507 84 3063 504
2263 84 2465 269
1329 84 1868 429
1801 67 2070 395
2676 33 2844 286
942 8 1161 319
3787 0 4208 664
3551 0 3955 210
3105 0 3778 420
3097 0 3299 210
2676 0 3139 387
2221 0 2693 277
2045 0 2322 370
1902 0 2095 218
1632 0 1910 294
942 0 1489 648
765 0 1009 269
572 0 892 328
513 0 799 193
0 0 420 260
0 1060 395 1439
1893 1556 3038 1775
2297 1253 2844 1489
3265 1346 3812 1775
0 0 4208 1464
1296 883 1927 1430
0 530 4208 2364
2003 286 3677 951
0 976 4208 2364
538 976 1287 1607
1927 1094 2465 1371
1927 1136 2465 1371
0 530 4208 1826
1582 530 4208 1641
3753 1052 4064 1413
1405 412 1944 740
984 976 1287 1498
1994 841 2608 1094
0 1691 227 1977
1043 976 1287 1498
0 530 3551 1826
0 892 690 1531
0 917 403 1119
1582 622 2230 1077
2003 286 3677 866
2794 555 3055 866
185 892 690 1531
345 892 690 1531
2003 286 3677 841
1708 1329 3551 1826
1708 1329 3408 1708
1548 1531 1859 1750
0 1060 345 1405
1489 883 1927 1430
2954 1885 3290 2070
0 0 3063 951
370 0 597 244
1296 1152 1742 1405
1725 530 4208 1641
2036 1077 4208 1641
0 530 2575 1792
0 782 1211 1792
2137 244 2314 479
2003 286 3677 706
2019 286 3677 706
2684 286 3677 706
2684 286 3568 706
1590 622 2011 883
2019 446 3046 631
3677 513 4208 1102
454 782 1211 1186
1338 976 2575 1792
1455 976 2575 1708
1725 530 2752 1110
1455 1136 1927 1708
0 109 580 774
3012 302 3282 504
1969 1851 2457 2238
2120 2028 2457 2238
1843 976 2575 1506
2709 547 4208 1397
2709 547 3837 1397
1110 976 1287 1498
2676 0 4208 1178
2676 0 3139 286
2743 0 3139 193
2819 0 3139 193
109 176 580 749
1851 690 2752 1110
2920 0 4208 1178
3231 757 3837 1397
3231 757 3719 1321
0 1009 1195 1792
3231 841 3719 1321
218 286 580 749
2642 1161 3029 1439
0 109 479 774
42 277 479 774
0 530 1700 1666
1851 690 2743 1085
1220 1152 1632 1666
1220 1422 1514 1666
0 530 1700 1304
1725 1489 4208 2364
454 782 1211 1169
976 765 1700 1304
976 765 1599 1026
0 0 1489 648
361 446 580 749
1102 0 3063 951
0 1009 1195 1666
2272 84 3063 563
2364 1489 4208 2364
2364 1986 2659 2364
1708 1422 3265 1708
2440 1489 4208 2364
3871 1607 4208 1986
0 530 1523 967
0 572 1523 967
0 0 1388 639
1102 0 2861 951
1102 0 2693 648
3458 732 4208 1388
244 1009 1195 1666
1851 706 2743 1085
2003 0 2213 319
0 1455 2524 2364
0 1784 2524 2364
2920 0 4208 858
0 1817 2524 2364
2920 0 4208 816
2331 84 3063 513
2920 0 4208 782
1026 1859 1481 2070
462 782 1211 1169
2019 521 2861 951
2019 589 2743 799
0 1455 2482 2104
3130 2053 3442 2247
2920 286 3568 706
437 1009 1195 1439
648 1186 1195 1439
1077 648 1641 866
1102 0 2322 648
1851 706 2558 942
1843 1119 2440 1506
1632 1851 1969 2095
0 572 1363 967
513 572 1363 866
2743 1489 4064 2146
252 0 1388 639
3130 1489 4064 2095
235 1455 2482 2104
3509 1489 4064 2003
0 1565 572 1910
471 143 1388 639
2440 1666 4208 2364
2440 1666 3273 2364
2853 2120 3273 2364
1363 1666 2482 2104
1523 1666 2482 2104
1885 1750 2482 2104
2440 1666 2996 2364
2440 1666 2996 1969
3551 0 4208 782
3610 294 4191 782
1716 1944 2524 2364
1716 1944 2272 2364
1102 0 2230 648
3130 1758 3761 2095
1329 67 2070 631
2743 1624 3366 2146
690 1817 1119 2087
622 143 1388 639
1363 1758 1674 2036
2920 0 3778 420
3189 2011 4208 2364
3551 0 4208 664
2743 1657 3366 2146
235 1455 1455 1952
597 1455 1455 1952
765 1455 1455 1952
2465 1876 2970 2364
0 1817 1977 2364
622 143 1329 580
993 1986 1977 2364
1211 1986 1977 2364
2516 2045 2970 2364
1329 67 2070 429
1624 294 2230 648
1211 2070 1977 2364
1211 2070 1691 2364
1397 0 1910 412
2247 589 3299 1195
1203 883 1758 1405
1203 892 1742 1405
1203 967 1742 1405
3820 993 4064 1253
1885 1077 4208 1876
429 530 2289 1035
429 555 2289 1035
875 942 1338 1498
1043 942 1338 1498
1885 1077 4208 1826
513 555 2289 1035
429 597 757 774
0 92 269 622
1043 1178 1338 1498
1388 1413 1859 1708
1455 1439 1859 1708
0 1287 664 1868
0 1455 664 1868
2011 0 3299 513
2011 0 3147 513
2061 0 3147 513
2331 0 3147 513
2331 0 3071 513
1935 1077 4208 1700
0 1834 1127 2364
0 1843 1127 2364
0 883 403 1119
3307 0 4006 622
2608 589 3299 1195
2608 605 3299 1195
3307 109 4006 622
479 1977 698 2255
2331 201 2895 513
0 1363 4208 2364
589 555 2289 1035
3728 143 4006 622
2247 774 2743 1094
0 0 4208 1792
1262 951 3248 1582
1666 951 3248 1582
1843 976 3248 1489
2558 1287 3248 1455
1843 976 2827 1489
589 555 2078 883
1060 0 4208 1506
1691 0 4208 1506
1548 866 2289 1035
2305 782 2743 1094
1691 50 4208 1506
2449 521 3761 1279
2794 521 3761 1279
2794 521 3618 1279
1262 1161 1910 1506
1262 1169 1910 1506
0 0 1599 1792
2558 1287 3181 1455
3812 664 4208 1001
260 0 799 496
2794 521 3517 1237
2794 521 3517 951
2794 521 3332 807
109 1363 4208 2364
1750 1607 2794 1885
1666 951 1960 1582
0 774 1573 1792
345 774 1523 1220
2920 0 3778 555
2920 193 3526 555
3122 370 3526 555
0 1068 1573 1792
2709 605 3299 1195
1691 387 4208 1506
1868 690 2608 1085
1986 732 2608 1085
1843 976 2482 1489
109 1733 690 2003
109 1733 580 2003
1885 1329 3408 1826
345 774 1077 1220
345 774 1001 1186
0 0 1599 1009
0 0 614 1009
0 395 614 1009
3307 109 3862 589
3231 757 3618 1279
1767 959 1960 1582
1060 0 2558 648
1245 0 2558 648
3231 925 3618 1279
2019 387 4208 1506
2019 387 4208 1102
2019 387 3719 841
2019 387 2625 807
597 1363 4208 2364
597 1649 1859 2364
0 1110 1573 1792
0 1110 959 1657
807 824 1523 1178
1885 1455 3240 1784
0 513 614 1009
3660 673 4031 984
471 0 1599 648
1641 1363 4208 2364
1641 1834 4208 2364
0 513 614 959
0 513 479 791
3585 698 4208 1506
2752 605 3299 1102
597 1649 1666 2364
690 1758 1666 2364
706 1758 1666 2364
706 1859 1329 2364
824 1859 1329 2364
824 2078 1329 2364
0 530 302 791
1885 1363 4208 2238
1885 1363 4191 2146
1060 1859 1296 2289
892 1758 1666 2171
1843 976 2465 1489
260 0 799 420
715 1489 2154 2045
488 1178 1573 1792
488 1178 1489 1750
2272 403 3719 841
3273 1363 4191 2028
1851 1119 2465 1489
1851 1119 2432 1489
1641 1834 4081 2364
807 1489 2154 2045
3812 664 4208 917
892 1758 1666 2078
488 1178 1279 1683
1885 1514 3778 2146
1245 0 2322 648
1102 1809 1666 2078
100 0 446 488
1641 1834 3029 2364
1641 1834 2802 2364
1641 1834 2499 2364
1641 1834 2356 2364
1885 1590 3172 2146
2129 1590 3172 2146
2878 1952 4081 2364
3332 1952 4031 2263
807 1556 1885 2045
471 0 1439 589
2314 1590 3172 2146
3997 2188 4208 2364
3753 2137 4039 2331
824 2129 1119 2297
2221 2104 2465 2364
993 2078 1329 2364
2364 2045 3029 2364
1060 2036 1253 2289
3332 2011 3761 2263
2878 2003 4081 2364
2120 1986 2499 2238
3829 1977 4208 2238
3660 1952 4031 2120
2954 1952 3198 2129
2651 1952 2844 2179
1211 1952 1859 2364
2263 1927 2482 2104
2752 1885 3080 2146
2457 1876 2802 2120
1952 1876 2137 2104
1085 1859 1296 2061
1969 1843 2230 2011
1228 1843 1666 2078
690 1817 1026 2087
2129 1792 2398 2019
403 1784 690 1960
892 1758 1161 2045
227 1758 580 2003
109 1733 319 1935
597 1649 841 1910
715 1641 883 1826
1371 1615 1573 1792
1834 1607 2794 1885
807 1599 1321 1885
2314 1590 3172 2028
2752 1590 3038 1826
1245 1556 1885 2045
2962 1514 3778 2095
3551 1506 4064 1733
1700 1489 2154 1767
1228 1489 1514 1674
740 1472 984 1641
1960 1455 3240 1784
0 1455 656 1868
1237 1430 1405 1649
1388 1413 1573 1590
3273 1363 3947 1986
1725 1338 1902 1531
538 1338 1279 1683
2895 1329 3408 1826
1262 1304 1514 1506
2558 1287 2895 1455
0 1287 370 1506
1144 1270 1338 1498
521 1262 774 1455
782 1253 1035 1439
2314 1245 2827 1481
3433 1237 3888 1413
3795 1211 4208 1506
1902 1195 2432 1489
4022 1178 4208 1422
3669 1178 3862 1397
1910 1178 2305 1388
1514 1178 1910 1506
1043 1178 1296 1472
488 1178 1094 1422
1262 1169 1632 1413
2566 1152 3139 1388
2331 1144 2575 1380
0 1144 403 1455
3425 1127 3635 1321
1464 1127 1742 1405
1851 1119 2348 1397
210 1110 959 1657
1228 1085 1439 1279
875 1085 1169 1253
3256 1077 3492 1287
2819 1077 4208 1700
0 1068 227 1262
3458 1052 3719 1262
3820 1043 3989 1253
159 1043 345 1211
437 1009 1077 1220
3837 993 4064 1245
2709 993 3046 1195
1843 976 2070 1152
1203 967 1716 1203
2987 951 3231 1169
1085 942 1270 1346
3980 908 4208 1178
2348 841 2659 1094
807 824 1220 1178
3854 816 4031 984
3719 816 4048 1102
3029 799 3442 1237
2305 782 2743 984
353 774 1001 1186
345 774 656 1102
3963 765 4208 1001
3391 757 3618 976
1986 732 2314 900
3585 698 4208 1296
2752 681 2962 942
58 681 614 959
3980 664 4208 917
3812 664 4140 833
3273 639 3517 951
1035 622 2078 883
2954 580 3139 749
1565 563 1876 732
589 555 1363 816
2162 530 2625 807
1691 530 2760 942
0 530 294 706
2928 521 3332 807
2794 521 3055 723
2449 521 2844 875
168 513 479 774
3004 462 3719 841
1211 429 1489 648
218 395 530 698
2019 387 2373 631
3307 378 3778 589
3644 302 3862 563
3728 277 4006 622
412 277 639 496
25 252 269 622
210 244 446 488
2146 235 2558 555
563 235 740 479
471 227 1439 589
2331 201 2701 513
2920 193 3206 496
1733 176 1910 395
3644 109 3862 420
0 92 218 538
2263 84 2449 269
2768 50 3147 504
934 8 1161 319
3795 0 4208 782
3593 0 3921 185
3113 0 3778 437
3097 0 3299 201
2827 0 3147 193
2499 0 3071 513
2061 0 2693 277
1590 0 2322 648
1245 0 1834 631
1060 0 1279 168
942 0 1599 648
765 0 1009 193
572 0 1001 496
260 0 648 420
100 0 420 403
336 1009 1077 1413
3256 1077 3888 1413
1599 841 2608 1085
2036 841 2608 1085
3256 1077 3635 1321
0 0 4208 1885
0 0 2364 1792
1043 942 1927 1506
1169 0 4208 1885
1565 521 3627 984
3492 302 3862 597
1565 530 2760 984
2752 521 3627 984
2752 521 3055 942
1228 976 4208 1885
1228 976 3408 1885
1043 942 1742 1506
1169 0 4208 1506
2928 521 3627 984
3787 1775 4191 2028
0 614 757 1455
0 614 757 1211
0 774 656 1211
0 774 656 1119
2768 50 3526 555
3273 639 3627 984
3391 757 3627 984
0 0 2078 1792
1228 1178 1910 1708
1700 976 3408 1885
1700 1422 3240 1885
1700 1455 3240 1885
1262 1127 1742 1413
1043 942 1514 1506
1043 1178 1514 1506
1195 690 2364 1203
1354 690 2364 1009
0 530 328 908
0 530 294 774
0 1068 403 1455
1767 976 3408 1826
0 0 2078 1186
1767 976 3248 1582
1455 1178 1910 1708
1195 866 1716 1203
1885 1363 4208 2364
0 0 1489 959
1169 0 3299 875
2019 387 3046 875
1354 732 2364 1009
0 1455 2844 2364
0 92 479 774
25 252 479 774
1843 976 3139 1489
1169 0 3299 648
1169 0 3147 648
2743 0 3147 193
1169 0 3071 648
0 1085 1582 1792
1211 1590 1573 1792
0 1725 227 2019
0 1085 1582 1683
0 1085 1573 1683
0 1085 1405 1683
0 1085 1279 1683
3753 2137 4208 2364
2348 0 4208 1506
1354 732 2314 1009
2920 0 4208 1102
58 597 614 959
2752 1885 3198 2146
0 0 1489 698
1750 1590 3038 1885
1700 1455 3240 1784
2348 605 4208 1506
1666 951 1927 1455
2709 605 4208 1506
3231 673 4208 1506
1262 1161 1708 1413
3273 1363 4208 1986
3458 673 4208 1506
2019 387 3046 631
1691 530 2760 984
3585 673 4208 1506
488 1085 1279 1683
2920 0 4208 833
2061 521 2844 875
2061 530 2625 807
0 648 328 908
3004 462 4208 1102
2709 605 3442 1237
1843 976 2432 1489
1885 1514 4208 2364
1885 1758 2398 2104
2314 1514 4208 2364
824 1809 2844 2364
1085 1809 1296 2061
353 622 2078 1186
824 1834 2844 2364
824 1834 2802 2364
1885 1758 2398 2019
993 1834 2802 2364
3593 0 4208 782
3728 0 4208 782
0 1455 1885 2364
488 1178 1094 1439
2348 841 2760 1110
993 1834 2499 2364
1169 0 2693 648
0 1455 1161 2364
0 0 420 403
807 622 2078 1178
260 0 1489 648
807 1556 1885 2078
0 1733 1161 2364
1245 0 2693 648
1590 0 2693 648
2920 0 3778 496
2364 1952 4208 2364
3660 1952 4208 2238
0 1455 841 1960
403 1649 841 1960
0 1733 1127 2364
1211 1834 2499 2364
