0 0 1824 4000
0 0 1824 2312
0 1568 1824 4000
1104 3280 1824 4000
1104 3328 1824 4000
1360 3648 1824 4000
112 1344 552 1616
0 1496 1136 2312
0 1496 1136 2080
1256 2288 1736 2640
1312 2288 1736 2640
0 2960 1256 4000
0 1568 1824 3648
1312 2288 1696 2640
0 0 1824 1896
1472 1192 1824 1352
0 168 1824 1896
0 1496 1056 2080
0 0 1824 912
88 0 1824 912
1384 2808 1824 3504
240 1440 552 1616
960 2616 1272 2800
520 496 760 840
952 784 1640 1648
0 584 408 1200
0 1496 1056 1928
928 2360 1368 2632
552 512 760 840
304 1496 1056 1928
0 720 368 1200
0 168 1824 1784
0 1008 712 1784
0 1008 712 1664
464 0 1824 912
1040 1288 1824 1896
88 0 512 424
560 3272 1256 4000
0 1568 1824 2560
0 2248 1824 3648
0 1008 712 1592
0 1008 520 1472
528 1496 1056 1832
0 800 304 1200
0 168 1824 1592
296 2248 1824 3648
24 2064 424 2312
952 784 1640 1576
0 2360 640 3264
0 1768 352 2080
752 0 1824 912
296 2248 1824 3368
1040 1312 1824 1896
1272 1424 1824 1896
1400 1424 1824 1832
1400 1424 1824 1792
1400 2120 1784 2328
408 2248 1096 2752
1448 1760 1824 2032
0 1008 416 1472
952 912 1640 1576
1040 1312 1344 1720
88 0 512 376
1296 768 1824 1408
952 1032 1640 1576
752 0 1824 800
0 168 1776 1592
0 168 800 1104
0 168 632 1104
528 1496 912 1832
0 1472 432 1784
952 1032 1408 1576
1200 0 1824 736
1200 0 1824 672
752 0 1424 800
952 1032 1408 1520
520 432 1776 1592
952 1160 1320 1520
216 696 632 1104
1296 864 1824 1408
1400 1424 1824 1728
1336 864 1824 1240
0 1568 1688 2560
1016 1624 1688 2248
1152 1976 1688 2248
856 432 1776 1040
1136 432 1776 1040
1400 1424 1824 1704
752 0 1088 296
912 0 1424 800
0 1568 1464 2560
264 1568 1272 2248
264 1784 736 2040
520 552 1056 1592
712 552 1056 1360
0 1008 288 1472
520 960 1016 1592
0 168 584 800
656 1568 1272 2248
0 1944 1464 2560
656 1568 1272 2056
712 552 1056 1216
912 0 1424 656
656 1760 1272 2056
1360 448 1776 1040
912 232 1424 656
912 3696 1256 4000
1104 3656 1704 4000
1392 3648 1824 4000
928 3520 1160 3704
304 3408 488 3616
1136 3328 1824 3808
1344 3280 1640 3528
560 3272 1152 3800
832 3120 1040 3336
840 3064 1728 3648
0 2960 992 4000
32 2928 376 3192
288 2920 640 3264
1168 2896 1632 3144
1440 2808 1824 3504
424 2600 600 2792
440 2496 680 2728
296 2480 1824 3368
624 2424 1096 2752
1168 2360 1368 2632
0 2360 504 2976
1312 2288 1696 2632
1632 2248 1824 2600
584 2248 968 2528
408 2248 744 2592
912 2184 1464 2464
1608 2136 1824 2312
1400 2128 1648 2328
24 2064 424 2296
1208 2024 1688 2248
560 1984 768 2168
1152 1976 1480 2152
1624 1952 1824 2160
0 1944 1016 2560
896 1920 1240 2248
264 1832 472 2016
432 1784 736 2040
912 1776 1272 2040
64 1776 464 1960
0 1768 240 2080
1448 1760 1704 2032
656 1760 992 2056
304 1752 584 1928
896 1744 1104 1904
1640 1712 1824 1920
944 1680 1136 1848
1272 1632 1560 1896
1016 1624 1496 2032
528 1608 800 1832
376 1576 592 1784
680 1568 1000 1888
264 1568 432 1784
816 1552 1056 1736
1424 1544 1600 1728
672 1496 912 1704
1080 1488 1344 1720
0 1472 384 1752
1584 1456 1824 1704
1288 1440 1464 1648
320 1440 552 1616
1400 1424 1800 1608
0 1416 264 1664
1160 1392 1384 1576
1040 1312 1216 1608
1424 1288 1824 1488
232 1248 416 1456
1600 1192 1824 1352
952 1192 1168 1520
640 1168 1016 1592
1152 1160 1320 1456
808 1136 992 1360
312 1128 712 1592
944 1072 1120 1304
1296 1056 1624 1408
1192 1032 1408 1232
248 1016 520 1280
0 1008 288 1440
1336 976 1552 1208
520 960 792 1360
368 888 728 1256
1544 864 1824 1240
760 864 1056 1216
72 800 304 1200
984 784 1296 1248
1344 768 1544 1000
216 768 424 1104
328 696 632 1064
608 688 800 1048
856 632 1184 1032
1448 560 1776 1040
1208 552 1400 800
712 552 904 944
88 504 304 824
1360 448 1536 848
1136 432 1392 968
920 432 1144 736
584 392 800 664
208 296 584 800
1168 256 1424 656
1664 248 1824 576
912 232 1216 520
40 216 280 496
304 184 464 424
0 168 248 752
768 120 1000 296
464 104 992 688
424 24 584 232
1296 0 1544 168
960 0 1336 312
752 0 1088 176
288 0 512 224
88 0 352 376
0 0 184 176
0 976 1824 4000
0 0 1824 1616
0 2360 1824 4000
0 976 1824 2632
0 0 1824 1608
0 976 1824 2040
0 1568 1824 2632
1424 1248 1824 1488
0 2360 1824 3368
424 24 584 376
112 1248 416 1488
0 2808 1824 4000
880 2344 1184 2528
560 1984 1032 2168
560 1984 920 2168
1080 976 1824 2016
0 1240 1264 2040
816 1552 1264 1848
816 1552 1264 1736
0 1240 912 2040
464 0 1824 1360
920 432 1184 736
0 0 1408 1608
832 2808 1824 4000
832 2808 1824 3648
840 2808 1824 3648
488 632 672 840
0 0 1000 1200
1152 1952 1576 2152
0 1240 704 1784
320 1440 704 1688
0 0 800 1200
504 0 1000 296
1136 0 1824 1240
1608 2120 1824 2312
504 0 768 184
0 504 368 1200
0 504 368 872
0 504 304 872
0 0 800 1104
584 296 800 1048
0 1240 432 1784
0 0 640 1104
1280 608 1608 1120
584 296 800 832
0 1416 432 1784
656 1568 1824 2632
0 784 1408 1608
952 784 1408 1608
0 1416 384 1752
464 0 1424 1360
1080 976 1824 1920
1664 248 1824 912
1664 248 1824 736
1168 2808 1824 3504
0 2360 1096 3264
280 2392 1096 2792
424 2424 1096 2792
440 2424 1096 2752
896 1920 1824 2632
0 888 1016 1592
896 1920 1648 2632
0 1712 1016 2592
0 1712 584 2312
1080 1456 1824 1920
1272 1456 1824 1920
1424 1456 1824 1920
1488 1456 1824 1920
952 784 1408 1576
1256 2248 1824 2632
656 1568 1824 2248
1344 608 1608 1000
1104 3648 1824 4000
0 1768 424 2312
656 1568 1704 2056
584 296 800 664
0 0 512 752
520 632 1184 1360
1312 2248 1824 2632
1296 976 1800 1608
1320 1384 1800 1608
0 1712 584 2016
464 0 1424 944
432 1496 912 2040
0 1008 1016 1592
760 632 1184 1360
760 864 1056 1360
0 1712 584 1928
896 1920 1648 2464
1488 1456 1824 1832
1136 0 1824 1040
1136 432 1536 968
0 0 352 752
0 1768 424 2296
1152 1032 1408 1576
1152 1160 1384 1576
1584 1456 1824 1832
1208 1952 1824 2248
1296 976 1624 1408
208 296 640 1104
432 1608 800 2040
248 1016 1016 1592
752 0 1424 656
208 296 632 1104
208 296 632 1064
0 1944 1016 2592
656 1568 1496 2056
0 1768 240 2224
464 104 992 944
952 784 1296 1520
656 1568 1000 2056
408 2248 968 2592
896 1920 1464 2464
312 1128 1016 1592
1200 0 1824 1040
752 0 1336 520
752 0 1336 312
0 1496 1824 4000
0 0 1824 1792
1136 3280 1824 4000
1136 3328 1824 4000
112 1344 584 1616
112 1344 520 1592
0 1496 1824 2968
0 0 448 336
1472 1112 1824 1400
0 1552 1824 2968
0 1688 320 1960
1472 1192 1824 1400
96 0 1824 1304
1104 1120 1464 1632
528 1496 808 1832
0 152 1824 1792
312 1096 696 1688
1104 1120 1368 1416
0 152 312 1144
232 1552 1824 2280
0 608 1824 1792
0 152 312 808
40 216 312 560
0 608 1064 1784
0 1448 592 1784
312 1096 696 1584
0 1896 1824 2968
952 864 1824 1792
0 608 1064 1592
0 1024 408 1528
952 1136 1360 1720
64 608 1064 1592
632 960 1064 1592
752 0 1008 352
432 1552 1824 2280
64 608 880 1280
0 1024 288 1528
872 2304 1392 2584
96 0 1144 1208
24 1896 1240 2312
664 1552 1824 2280
0 2056 1824 2968
1256 864 1824 1792
248 608 880 1280
664 1552 1272 2024
1256 912 1824 1792
1032 1648 1824 2280
896 0 1824 1304
1104 3664 1352 3824
976 3552 1176 3712
1288 3384 1472 3600
1144 3328 1824 4000
1352 3280 1672 3528
1544 3264 1760 3424
1056 2640 1216 2808
0 2440 1824 4000
1104 2352 1392 2544
872 2304 1200 2584
904 2120 1824 2624
0 2056 960 2968
1520 1992 1824 2176
1120 1984 1568 2280
600 1984 1240 2312
24 1896 632 2312
112 1856 352 2048
72 1800 256 1960
0 1768 184 2080
888 1760 1272 2024
232 1760 560 2040
432 1736 1032 2096
1592 1688 1824 1912
0 1688 320 1864
1032 1648 1824 2072
1272 1632 1560 1856
168 1568 592 1784
664 1552 1104 1944
648 1496 808 1704
0 1448 312 1752
1128 1416 1464 1632
1040 1352 1360 1720
608 1344 808 1544
112 1344 344 1512
1272 1304 1824 1792
216 1248 408 1456
0 1240 216 1528
1592 1192 1824 1400
312 1176 696 1584
1184 1160 1368 1416
952 1136 1192 1472
808 1048 1032 1360
0 1024 288 1440
1256 912 1624 1408
248 888 728 1280
1544 864 1824 1232
1256 784 1424 960
64 720 440 1200
296 696 632 992
552 608 880 1048
1328 432 1824 1048
96 216 1056 1208
40 216 248 552
1664 208 1824 736
0 152 192 808
768 120 1000 352
1200 0 1824 648
896 0 1448 1304
752 0 1008 176
576 0 768 176
288 0 1144 768
0 0 360 336
0 1504 1824 4000
0 0 1824 1912
0 1504 1824 2968
344 1344 704 1688
432 1440 704 1688
432 1440 640 1688
976 3280 1824 4000
1104 3528 1352 3824
1144 3280 1824 4000
0 1552 1824 2624
72 1800 352 2048
896 0 1824 1912
0 0 1144 1904
936 784 1824 1912
936 864 1824 1912
0 696 808 1904
952 864 1824 1912
432 1096 656 1272
0 0 1144 1592
1040 1304 1824 1912
0 1240 592 1784
0 1240 312 1752
0 1552 1824 2312
872 1992 1824 2624
0 0 1144 808
96 216 1064 1592
464 1344 808 1904
528 1344 808 1832
0 696 728 1584
952 864 1824 1472
608 1344 808 1704
0 1688 1240 2312
0 1688 560 2080
0 1688 320 2080
0 720 728 1584
432 1552 1272 2096
0 720 440 1440
56 1568 592 1784
552 608 1064 1592
872 2120 1824 2624
1184 864 1824 1416
1040 1304 1824 1792
248 888 728 1584
1184 912 1624 1416
0 0 360 808
432 1552 1104 2096
1200 0 1824 1048
0 1600 1824 4000
0 0 1824 1944
0 3384 328 3600
928 1464 1168 1656
184 3560 984 4000
184 3560 776 4000
184 3648 616 4000
280 3016 696 3376
280 3104 696 3376
744 2776 1200 3240
840 2776 1176 3048
536 3304 1824 4000
0 1600 1824 3864
744 2984 1200 3240
936 2376 1280 2536
488 392 728 840
536 3336 1824 4000
0 1600 1824 3584
0 1976 416 2224
624 3336 1824 4000
624 3344 1824 4000
1080 3344 1608 3672
624 3368 1824 4000
320 3752 984 4000
744 2984 1200 3176
0 3144 688 3864
536 2432 824 2592
1280 1528 1704 1728
648 3424 1824 4000
928 2488 1824 3584
1424 3096 1824 3456
1480 3152 1824 3456
0 1600 1824 3392
0 3144 688 3728
0 3144 568 3728
0 1032 1088 1944
496 1424 944 1680
0 1976 416 2216
1080 2488 1824 3376
0 0 1824 1744
0 2584 384 2952
0 2616 368 2952
616 3088 1096 3392
624 3088 1096 3360
120 3232 568 3728
1080 2720 1824 3376
1504 2720 1824 3048
760 896 1088 1256
760 896 976 1256
736 3424 1824 4000
928 3280 1256 3584
1080 2744 1664 3376
528 1360 1088 1824
752 1360 1088 1736
0 1600 1824 3336
1280 2152 1824 2624
528 1600 1000 1824
0 1032 688 1944
0 1032 680 1680
0 2400 1672 3336
0 2400 1152 3336
0 2400 1152 3200
0 2400 1016 3200
248 2472 1016 3200
320 2648 1016 3200
320 2648 984 3200
432 2952 928 3200
248 2472 584 2848
0 1240 680 1680
0 1240 368 1592
0 1600 1824 2560
1568 1648 1824 1872
1080 2872 1664 3376
0 1600 1680 2560
0 1504 688 1944
1080 2872 1552 3376
0 1504 480 1944
184 1576 480 1944
0 2920 520 3336
0 2112 688 2560
232 2112 688 2528
0 2176 448 2560
0 0 1256 824
232 1600 1680 2480
232 2112 608 2528
296 520 808 1016
0 1504 248 1752
944 3424 1824 4000
1584 3424 1824 3736
1000 112 1344 400
944 3496 1824 4000
1208 792 1824 1552
1344 0 1824 736
696 2400 1672 2936
232 1600 1528 2480
576 2112 1032 2480
232 1600 1528 2384
1208 792 1824 1392
1448 792 1824 1248
1360 3496 1824 4000
576 2248 1032 2480
296 520 728 968
0 2200 448 2560
1112 2872 1552 3376
1344 0 1824 552
1208 1040 1824 1392
1320 1040 1824 1392
1432 1040 1824 1392
1520 1040 1824 1392
0 288 1824 1744
0 296 760 1440
64 296 640 832
1424 0 1824 552
0 720 760 1440
0 2920 456 3336
752 0 1256 440
808 152 976 440
624 288 1824 1744
984 288 1824 1408
984 424 1376 1408
232 1600 1528 2312
0 720 760 1416
624 1176 1824 1744
1320 1384 1824 1728
624 1176 1456 1744
624 1176 1192 1536
896 2472 1672 2936
1416 1384 1824 1728
1224 288 1824 1216
1224 288 1768 1216
0 0 1160 824
0 0 688 376
624 1176 1008 1536
712 696 1056 1160
792 696 1056 1160
544 0 1160 824
984 792 1312 1408
232 1752 1240 2312
232 1752 1080 2312
232 1752 608 2192
0 0 440 368
1288 448 1768 1216
0 720 760 1312
544 0 1152 824
544 0 984 824
1064 1208 1456 1744
672 1600 1528 2072
64 296 480 832
544 0 904 824
72 720 760 1312
1288 448 1768 1000
72 856 520 1312
224 856 520 1312
600 1808 1080 2312
1424 0 1824 328
88 0 440 368
88 720 760 1176
88 720 656 1000
608 376 904 824
752 0 1256 208
920 1600 1528 2072
1112 3840 1280 4000
536 3840 848 4000
736 3792 984 4000
944 3784 1240 4000
320 3752 744 4000
184 3728 488 4000
1360 3696 1768 4000
1504 3648 1824 4000
0 3576 160 4000
648 3568 1040 3952
536 3560 776 3832
1584 3544 1824 3736
0 3544 384 3864
944 3528 1504 4000
1384 3496 1648 3784
304 3488 568 3728
736 3472 1024 3840
536 3448 816 3624
1584 3424 1824 3640
1656 3384 1824 3544
840 3384 1024 3552
0 3384 224 3584
1080 3344 1440 3672
424 3344 688 3544
1368 3288 1656 3448
944 3280 1256 3480
1480 3240 1784 3432
120 3232 568 3560
352 3168 696 3376
0 3144 232 3408
280 3104 520 3272
1424 3096 1824 3296
1288 3096 1528 3320
624 3088 872 3360
64 3056 456 3336
768 3040 928 3200
320 3040 488 3200
1384 3024 1664 3184
448 3016 640 3184
1120 3008 1464 3376
744 2984 1072 3176
432 2952 824 3144
1080 2920 1344 3120
240 2920 520 3080
0 2920 288 3168
1112 2872 1552 3048
880 2872 1176 3048
1504 2808 1824 3048
1408 2776 1656 2976
1112 2744 1376 2920
1592 2720 1824 2888
736 2648 1016 2824
320 2648 984 3016
920 2616 1152 2864
0 2616 168 2840
248 2584 584 2848
56 2584 384 2880
592 2544 856 2752
1304 2520 1672 2936
440 2496 680 2656
1512 2488 1824 2776
896 2472 1384 2800
288 2472 504 2632
696 2400 1096 2736
0 2400 376 2672
1280 2376 1672 2624
520 2312 688 2488
128 2256 448 2480
576 2248 928 2480
328 2232 608 2528
0 2200 216 2560
1056 2192 1400 2440
920 2184 1176 2384
1592 2152 1824 2496
952 2152 1208 2312
1120 2136 1640 2472
616 2112 832 2304
232 2112 536 2328
456 2064 664 2328
1192 2024 1584 2248
1280 2016 1488 2176
872 2016 1240 2240
1536 2000 1824 2256
232 1992 608 2192
600 1984 1080 2312
24 1976 416 2216
1064 1960 1376 2152
1528 1872 1784 2072
432 1832 736 2048
656 1808 1008 2136
1400 1784 1680 2064
0 1784 344 2048
920 1776 1296 2072
512 1752 688 1928
304 1752 584 2040
1608 1744 1824 2056
1664 1704 1824 1872
0 1672 224 1848
1448 1664 1616 1840
672 1648 1016 1928
1008 1600 1528 2048
528 1600 816 1824
376 1576 688 1776
184 1576 416 1944
896 1560 1088 1736
1368 1528 1704 1728
1648 1496 1824 1728
184 1496 384 1728
496 1424 744 1656
1064 1408 1344 1744
1208 1392 1384 1576
1416 1384 1792 1608
1320 1384 1488 1592
752 1360 1072 1568
1632 1352 1824 1552
624 1280 920 1536
112 1280 368 1592
272 1264 680 1680
464 1240 704 1440
928 1216 1192 1472
1184 1208 1456 1456
1520 1192 1824 1392
1320 1184 1512 1384
808 1176 1008 1360
360 1168 624 1416
1432 1048 1664 1360
0 1032 168 1352
72 1024 288 1336
256 1000 520 1312
1368 984 1528 1216
792 984 1056 1160
656 952 840 1400
384 944 592 1184
1656 912 1824 1136
1256 912 1424 1128
544 912 760 1176
72 904 288 1104
1128 896 1312 1408
1648 880 1824 1056
224 856 408 1184
352 832 656 1000
616 800 808 1016
1448 792 1784 1248
984 792 1288 1248
88 720 408 976
848 696 1024 1040
328 688 728 968
936 672 1120 928
1208 576 1400 744
488 576 696 840
672 552 904 824
1464 536 1632 752
64 536 392 832
1552 528 1768 944
296 520 536 744
1288 448 1576 1000
912 440 1152 720
448 432 640 656
1080 424 1376 960
800 392 984 744
496 392 728 832
1000 376 1160 656
608 376 840 624
0 344 192 768
40 312 240 496
1488 296 1760 648
208 296 480 688
1224 288 1432 664
616 256 864 464
896 248 1096 480
416 248 584 456
1464 232 1656 504
304 216 464 408
1664 160 1824 552
0 160 256 448
808 152 976 352
592 144 816 336
1000 112 1208 304
1576 0 1824 328
1424 0 1736 328
1192 0 1480 344
904 0 1256 208
544 0 904 464
392 0 688 376
88 0 336 368
0 0 288 168
0 880 1824 4000
0 0 1824 1536
0 880 1824 3048
0 880 1824 2072
0 1648 1824 3048
0 2648 1824 4000
0 912 1824 2072
0 984 1824 2072
936 2376 1352 2536
0 3344 1768 4000
0 2648 1824 3624
1648 880 1824 1224
1648 880 1824 1136
768 3040 1056 3240
1080 3152 1824 4000
1208 912 1424 1256
664 1464 1168 1816
312 1080 680 1416
1080 3288 1656 3784
1080 3336 1648 3784
0 0 984 1536
40 312 392 832
64 352 392 832
1504 3152 1824 4000
1504 3424 1824 4000
712 0 1824 1408
760 896 1104 1360
664 1560 1088 1816
520 2312 824 2592
1112 2376 1352 2536
944 3528 1768 4000
0 1752 832 2952
760 896 1008 1360
312 1168 624 1416
1344 96 1520 496
0 3344 1240 4000
0 1216 1192 1944
920 984 1824 2072
592 144 976 464
616 152 976 464
792 1560 1088 1736
576 1648 1824 3048
856 1960 1376 2456
856 2016 1240 2456
1528 1744 1824 2072
872 2016 1240 2384
872 2016 1240 2312
1000 112 1344 472
1000 112 1344 416
424 3344 848 3544
0 1752 832 2880
616 3264 984 3448
0 1496 384 1752
1464 528 1824 944
112 1216 1192 1944
376 1576 816 1824
1656 3152 1824 3544
496 392 808 1016
1208 1384 1488 1592
840 2920 1824 3584
928 2920 1824 3584
1464 528 1800 944
1552 528 1800 944
1064 168 1344 416
1376 1664 1616 1896
0 0 984 840
296 520 696 840
496 1216 1192 1680
752 1216 1192 1568
1008 2920 1344 3128
0 1752 608 2880
288 2232 608 2632
1320 984 1824 1392
0 3384 1240 4000
536 3792 984 4000
928 3008 1824 3584
944 3008 1824 3480
0 0 984 824
0 688 920 1536
328 688 920 1536
328 688 760 1176
896 1784 1824 3048
1408 2152 1824 2976
1408 2488 1824 2976
1408 2720 1824 2976
712 0 1376 1408
752 0 1256 480
752 0 1256 288
1056 1784 1680 2440
1192 1784 1680 2248
1368 984 1824 1392
648 3472 1240 4000
1632 1352 1824 1728
712 376 1376 1408
1080 3344 1648 3784
576 1648 1224 3048
592 2544 1224 3048
736 2648 1224 3048
0 2648 1096 3624
320 2648 1096 3360
464 952 920 1536
456 2064 832 2328
0 720 656 1352
0 2920 816 3624
1432 1048 1824 1392
920 1208 1792 2072
1368 1384 1792 1728
648 3568 1240 4000
0 0 464 448
0 344 200 1208
736 2648 1224 2928
112 1264 680 1944
944 3008 1528 3480
944 3008 1464 3480
1192 0 1824 1248
0 3384 776 4000
712 424 1376 1408
712 440 1152 1160
576 1648 1152 2864
576 1648 1096 2736
1424 3096 1824 3432
0 3488 776 4000
0 3544 776 4000
0 2112 584 2880
0 2112 536 2880
320 2648 1072 3184
0 344 192 1080
896 2000 1824 3048
1120 2000 1824 2472
208 0 984 824
0 2920 696 3560
0 2920 568 3560
392 0 984 824
0 0 440 448
72 720 656 1336
896 2376 1824 3048
1192 0 1824 1000
392 0 904 464
320 2648 984 3184
0 1752 608 2192
920 1208 1528 2072
712 696 1024 1040
72 720 656 1104
72 720 408 1104
1112 2808 1824 3048
1224 288 1576 1000
0 2112 536 2672
576 1648 1080 2480
320 3560 776 4000
208 296 640 688
1192 0 1824 648
72 1000 520 1336
608 376 984 824
576 1808 1080 2480
0 2200 448 2672
1192 0 1824 344
672 392 984 824
624 952 920 1536
64 3056 568 3560
112 1264 680 1680
