0 0 1824 4000
1432 0 1824 664
0 0 1824 952
0 0 1640 952
0 0 1392 752
0 512 1384 752
344 1048 1824 2320
0 600 1824 4000
0 0 1392 704
352 744 648 1016
1040 936 1600 1336
0 600 1824 2096
0 928 1672 2096
0 1312 288 1680
0 1576 1824 4000
1216 0 1640 952
0 600 1824 1512
0 512 1384 744
0 600 1824 1464
888 1608 1240 1816
1504 1000 1768 1312
0 512 1376 744
0 1808 816 3024
0 1888 816 3024
272 1888 496 2184
0 600 1824 1328
0 2008 816 3024
0 600 1696 1328
0 2008 816 2904
0 2008 528 2440
0 2024 528 2440
96 896 1344 1328
96 920 1344 1328
0 2008 344 2400
64 2008 344 2256
96 920 1344 1248
1280 1040 1448 1336
296 1056 1208 1328
320 928 1672 1984
1600 680 1824 880
0 600 1696 1024
0 600 1688 1024
0 640 1392 1024
0 2216 816 2904
0 1360 416 2096
0 640 1368 1024
832 2384 1344 2552
0 640 1368 1008
1384 600 1688 960
208 640 1368 1008
0 712 544 928
600 640 1368 1008
600 640 1144 1008
744 640 1144 896
704 928 1672 1808
656 3544 1824 4000
72 1360 416 2096
256 3816 528 4000
1288 3664 1448 3944
0 2856 200 3024
1312 2544 1784 2736
120 2488 488 2856
0 2392 1824 4000
0 2280 264 2440
0 2216 592 2904
216 2024 528 2344
80 2008 344 2224
872 1912 1232 2160
432 1904 624 2080
1048 1888 1400 2184
0 1816 184 2064
480 1808 808 2080
544 1688 968 1944
128 1680 416 2096
0 1672 184 1944
984 1616 1240 1816
888 1608 1176 1784
616 1576 1824 2680
0 1576 256 1952
0 1392 200 1680
968 1384 1304 1696
72 1360 400 1856
312 1288 512 1480
1248 1240 1592 1512
320 1216 768 1984
704 1208 1024 1808
648 1184 880 1464
296 1168 640 1328
608 1056 1208 1304
0 1024 232 1256
1504 1000 1744 1312
880 928 1672 1608
416 928 1344 1088
96 920 904 1248
1392 872 1824 1096
1016 808 1320 968
136 808 392 1000
352 776 552 1016
0 768 320 1024
1384 760 1560 960
0 744 232 928
600 720 952 1008
1640 680 1824 840
1104 680 1368 856
744 640 1104 896
1632 632 1824 808
1408 600 1688 856
0 312 1384 680
1440 0 1824 512
1416 0 1640 680
1216 0 1424 952
0 928 1768 2400
1216 0 1824 952
0 928 1744 2400
1416 0 1824 840
0 928 1744 2312
344 1608 1240 2168
0 2216 1824 4000
0 600 1824 2736
0 600 1824 1392
1432 0 1824 840
1632 632 1824 840
0 2216 816 3024
344 1688 968 2168
0 1888 408 2312
0 1888 160 2296
344 1048 1824 2736
432 1688 968 2080
616 1576 1824 2736
80 1984 408 2312
0 920 1344 1328
0 600 1824 1096
80 2008 344 2312
0 928 1744 2096
880 928 1744 1696
0 712 544 1024
208 600 1824 1096
1392 808 1824 1096
0 1208 1024 2096
208 600 1696 1008
1016 768 1320 968
992 600 1696 968
1104 600 1696 968
1240 600 1696 968
1384 600 1696 960
0 1392 256 1952
208 640 1104 1008
600 640 1104 1008
0 744 392 1024
0 744 320 1024
880 928 1744 1608
0 2216 592 3024
72 1208 1024 2096
72 1216 768 2096
72 1216 768 1984
0 0 1456 880
1432 0 1824 808
0 296 1384 752
1216 0 1456 880
352 736 648 1016
0 1120 1824 4000
0 0 1824 2440
0 1000 864 1256
0 600 1824 2440
0 1512 1824 4000
840 1888 1408 2224
0 1168 600 1488
0 808 1824 2440
0 1568 1008 2440
0 600 1760 1200
0 808 1824 2136
0 616 1760 1200
1304 616 1760 960
0 928 1672 2136
0 624 1376 1200
1384 616 1760 960
0 640 1376 1200
968 848 1280 1008
0 1568 1008 2400
1384 616 1712 960
0 928 1672 2080
0 640 1376 1024
0 2008 320 2400
672 928 1672 1808
248 640 1376 1008
0 1216 768 2080
1304 3768 1704 4000
1384 616 1688 960
600 680 1376 1008
600 680 1256 1008
1304 3776 1704 4000
0 2864 200 3024
120 2448 488 2856
0 2384 1824 4000
248 2192 456 2368
0 2160 352 2440
0 2128 192 2400
840 2008 1128 2224
80 2008 320 2216
1048 1888 1408 2184
0 1688 176 2136
952 1648 1200 1816
856 1592 1200 1784
264 1568 1008 2192
696 1512 1824 2656
0 1392 448 2080
976 1344 1376 1656
0 1272 400 1488
1352 1224 1568 1384
264 1216 768 1976
1088 1192 1648 1608
672 1176 928 1808
0 1120 1824 2600
136 1024 864 1256
0 1000 240 1256
856 928 1672 1632
96 920 656 1200
288 808 1824 1464
80 800 392 1008
0 744 384 1024
600 720 1064 1008
1152 680 1368 848
952 680 1256 856
1600 664 1760 840
1640 640 1824 808
1400 616 1688 856
976 552 1384 712
0 304 1384 752
1424 0 1640 728
1216 0 1408 880
0 0 1392 688
0 616 1824 4000
0 0 1824 960
160 0 1824 960
1216 0 1824 960
1424 0 1824 840
1216 0 1456 960
0 616 1824 2656
1216 0 1408 960
160 552 1384 736
0 616 1824 1488
0 928 1672 2400
0 1176 1200 2400
0 1176 928 2400
0 1120 1824 2656
496 1512 1824 2656
80 1568 1200 2368
0 896 1352 1488
1424 0 1760 840
0 616 1824 1464
80 1568 1008 2368
96 896 1352 1280
96 896 1352 1256
96 920 1352 1256
80 1568 1008 2312
856 928 1672 1656
0 616 1712 1256
0 712 544 1256
0 1176 928 2136
96 920 736 1200
0 744 392 1256
248 616 1712 1016
248 616 1688 1016
248 640 1392 1016
248 640 1280 1016
248 640 1256 1016
136 952 1352 1256
504 680 1256 1016
0 1176 928 2080
1416 0 1824 800
1432 0 1824 560
0 0 1392 744
792 1368 1184 1784
0 416 1384 744
0 528 1264 744
720 416 1384 712
1440 0 1824 496
1440 0 1824 392
1448 0 1824 336
0 0 1392 616
1440 320 1824 496
0 896 872 1392
0 1176 512 1392
0 528 832 744
0 1320 296 1696
0 896 872 1248
0 272 1384 616
40 896 872 1248
120 1040 872 1248
0 328 1384 616
0 368 1384 616
0 384 1384 616
0 856 1824 4000
0 1200 1824 4000
0 0 1824 1336
0 856 1824 2600
0 1760 600 2600
0 0 1392 304
0 856 1824 2400
192 2464 616 2848
1088 2168 1456 2552
0 2024 320 2400
1656 1512 1824 1760
1136 3184 1440 3536
280 1248 1640 2360
720 1248 1640 2048
0 0 1392 280
280 1888 736 2360
0 856 1824 2296
1536 856 1824 1272
0 1464 1824 4000
0 0 1392 240
0 2168 600 2600
208 864 1696 1336
1080 864 1696 1112
0 1000 1608 2296
160 1000 1608 2176
832 1248 1640 2048
568 3152 1032 3576
0 0 1824 1024
0 0 1728 1024
1224 0 1728 968
1216 56 1392 240
1120 1904 1408 2192
0 608 1384 1024
0 632 1384 1024
0 632 1264 1024
544 632 1264 1024
656 632 1264 1000
760 664 1264 1000
0 2968 448 3568
224 1000 1608 2176
432 1904 1360 2496
864 2120 1360 2496
0 640 576 976
64 640 576 976
112 2968 448 3568
1528 1200 1824 1496
0 1400 192 1696
568 3288 1000 3576
688 3288 1000 3576
0 2168 1824 4000
208 1024 1288 1336
1584 3432 1824 3728
456 1000 1608 1848
456 1000 1608 1680
1224 1464 1824 2576
1296 1464 1824 2576
832 1432 1400 2048
1408 600 1824 880
0 2488 1824 4000
1480 2736 1824 2992
0 2168 1824 3240
1336 1464 1824 2176
456 1016 1448 1680
1032 1016 1448 1488
1296 2144 1552 2576
456 1128 1112 1680
456 1168 944 1560
280 2488 1824 4000
656 632 1112 904
0 3264 464 4000
280 3248 672 3504
312 2488 1824 4000
1328 3408 1552 3792
1240 1016 1448 1392
1336 1728 1824 2176
0 2168 1824 3056
0 2168 928 3056
832 1656 1360 2048
384 2488 1824 3496
224 1320 776 2176
432 1904 1008 2328
536 1904 1008 2328
616 1904 1008 2328
0 2384 696 3056
0 2472 472 3056
0 2472 392 2904
448 2488 1264 3024
512 2488 1264 3024
720 2568 1264 3024
912 2568 1264 3024
704 2392 1824 2848
1088 2496 1824 2848
720 2616 928 2960
1280 2648 1512 2936
0 3264 408 4000
0 3360 408 4000
0 3520 408 4000
328 1584 776 2176
328 1640 776 2176
312 3040 1824 4000
312 3040 1672 4000
784 2824 1104 3112
0 3520 408 3808
208 1056 1208 1336
656 1056 1208 1216
1136 3040 1672 3560
312 3208 1528 4000
312 3208 1416 4000
696 3208 1416 4000
384 2696 1824 3496
312 3432 1008 4000
1608 3168 1824 3496
1136 3040 1592 3448
384 2696 1824 3320
120 2528 424 2848
224 1320 560 2024
0 3712 400 4000
448 2648 696 2912
616 1904 1008 2264
312 3448 832 4000
392 3448 832 4000
1464 3504 1824 4000
984 2696 1824 3304
888 3208 1416 3832
960 3792 1184 4000
1096 3768 1528 4000
1312 3760 1600 3920
0 3712 360 3952
392 3656 568 4000
696 3640 1112 4000
224 3600 464 3824
0 3536 224 3808
128 3520 408 3808
1464 3504 1792 4000
440 3448 832 4000
1664 3432 1824 3728
712 3432 1008 3696
1344 3408 1552 3792
1064 3408 1416 3824
160 3392 560 3632
0 3360 192 3600
1136 3304 1440 3536
736 3288 1000 3496
1496 3264 1672 3560
280 3248 544 3480
576 3224 832 3416
888 3208 1216 3832
1360 3200 1592 3448
1200 3184 1440 3384
120 3184 344 3568
1608 3168 1824 3400
808 3152 1032 3408
976 3120 1152 3328
1136 3040 1424 3272
400 3024 680 3392
112 2968 448 3344
1384 2952 1824 3304
1568 2936 1824 3144
288 2928 560 3240
936 2912 1104 3112
384 2840 1016 3320
784 2824 1000 3032
1400 2808 1608 3000
720 2792 888 2960
80 2784 472 3056
1352 2760 1512 2936
1584 2736 1824 2968
448 2736 640 2912
984 2696 1432 3176
480 2648 696 2816
120 2648 344 2848
192 2640 544 2848
912 2632 1136 3024
1488 2624 1824 2848
720 2616 928 2848
1032 2568 1264 2736
256 2528 424 2720
1088 2496 1664 2800
512 2488 800 2936
0 2472 392 2840
360 2464 616 2672
648 2400 872 2576
704 2392 1096 2704
1480 2384 1824 2656
1296 2304 1504 2576
0 2280 304 2600
1088 2272 1456 2552
768 2248 1024 2480
496 2184 696 2360
544 2168 928 2440
136 2168 600 2528
1336 2144 1552 2328
1096 2128 1360 2352
864 2120 1192 2496
1448 2080 1792 2512
1152 2032 1408 2192
80 2024 320 2312
1336 2000 1576 2176
280 1976 640 2360
872 1952 1232 2240
1120 1904 1408 2088
616 1904 1008 2160
1600 1888 1824 2096
576 1888 736 2048
328 1784 608 2176
720 1760 1008 1936
128 1760 408 2224
832 1752 1216 2048
1392 1728 1824 2120
1224 1728 1536 2000
1040 1656 1360 1912
560 1640 776 2016
448 1632 632 1896
896 1608 1184 1784
0 1592 192 2296
1328 1488 1504 1680
1352 1464 1824 1800
376 1448 560 1720
1088 1432 1400 1752
544 1432 736 1728
680 1408 888 1848
0 1400 192 1608
792 1368 992 1776
224 1320 480 2024
368 1296 592 1536
1352 1248 1640 1552
1552 1224 1784 1440
456 1208 840 1560
1280 1176 1448 1392
1024 1168 1400 1664
760 1168 944 1384
1032 1144 1272 1488
208 1144 744 1336
880 1128 1112 1680
1568 1088 1824 1336
216 1088 872 1248
1024 1048 1296 1240
120 1040 680 1208
1536 1032 1736 1272
0 1024 224 1248
1240 1016 1448 1216
1368 1000 1608 1392
1440 904 1696 1112
40 896 744 1136
1080 864 1632 1064
1624 856 1824 1168
80 832 392 1016
384 776 544 1016
0 744 168 912
1104 672 1384 848
656 672 952 904
1552 664 1824 880
760 664 1264 936
888 632 1112 808
1408 600 1632 792
1152 536 1376 712
0 528 504 744
720 416 1384 688
552 248 1392 696
1448 104 1672 336
1592 64 1824 272
1448 0 1656 264
1224 0 1560 968
0 0 1392 696
0 0 1824 2400
0 0 1824 1432
0 1088 1824 4000
0 1728 1824 4000
0 1088 1824 2600
0 1024 872 1288
0 1088 872 1288
0 240 1384 616
384 640 680 1024
512 1728 1824 3560
0 528 1632 1432
1408 0 1824 904
0 864 1632 1432
0 528 1384 1024
552 608 1384 1024
0 864 1632 1392
40 864 1632 1336
0 1200 1824 2600
120 864 1632 1336
208 864 1632 1336
616 1200 1824 2160
0 640 576 1024
0 528 1376 744
544 856 1824 1848
0 1760 1008 2600
0 2928 1824 4000
552 664 1384 1024
552 760 880 1024
1656 2048 1824 2400
0 2384 1496 3328
0 2776 248 3016
208 1088 872 1256
1312 3760 1632 4000
0 2384 1432 3328
0 3808 184 4000
616 2112 880 2328
1448 0 1672 336
1408 0 1824 880
776 864 1632 1160
1136 1728 1824 3560
1400 2808 1648 3000
0 1888 928 2600
432 2080 736 2360
656 664 1384 936
544 1000 1736 1848
544 1408 888 1848
208 1120 952 1336
0 1208 840 2296
1440 856 1824 1168
760 1000 1736 1776
0 240 1056 432
432 2080 736 2248
760 1000 1736 1680
0 1888 736 2600
0 2928 1032 4000
0 3712 464 4000
376 1448 632 1896
0 2928 1032 3824
160 3248 720 3632
760 1016 1448 1680
512 1904 1664 3024
160 536 1376 728
160 560 1264 728
768 1904 1576 2576
1096 1904 1576 2576
1120 1904 1576 2576
1240 2000 1576 2576
1240 2144 1552 2576
1240 2144 1552 2328
768 2120 1456 2552
392 3184 1824 4000
1584 3352 1824 4000
1584 3352 1824 3728
1648 3352 1824 3728
0 2384 872 3240
0 1976 640 2600
616 1248 1824 2160
736 3152 1032 3496
616 1656 1536 2160
392 3184 1792 4000
1136 3184 1488 3568
1136 3304 1488 3568
0 2384 872 3056
384 2696 1432 3328
0 1320 408 2296
0 1400 408 2296
656 664 1264 936
160 3248 672 3632
1024 1000 1736 1664
80 2384 872 3056
320 2384 872 2672
320 2384 872 2576
0 1592 408 2296
512 2392 1664 3024
1280 1000 1736 1392
0 272 1056 432
1088 1248 1824 1800
1328 1464 1824 1800
880 1016 1448 1680
1024 1016 1448 1240
0 0 1360 248
224 1208 840 2024
384 2696 1432 3320
1136 2736 1824 3560
512 2392 1264 3024
392 3208 1792 4000
392 3432 1528 4000
392 3432 1184 4000
1568 2736 1824 3144
864 2120 1456 2552
1088 1248 1640 1752
80 2640 544 3056
0 0 1224 248
0 2928 832 3824
112 2928 832 3416
0 3184 464 3824
616 1656 1360 2160
0 3184 408 3808
368 1208 840 1560
1392 1728 1824 2848
1136 2952 1824 3560
1136 2952 1824 3448
880 1128 1272 1680
392 3432 1112 4000
1280 1000 1608 1392
288 2928 832 3416
0 24 1224 248
720 2616 1136 3024
160 3248 560 3632
512 2392 1264 2936
888 3208 1792 4000
0 3264 408 3808
288 2928 680 3392
704 2392 1264 2736
392 3448 1112 4000
1344 3408 1792 4000
1448 2080 1824 2848
0 3264 192 3600
1136 2952 1824 3304
1448 2080 1824 2656
0 536 1376 744
0 544 1256 744
0 880 880 1392
1440 0 1824 416
0 544 832 744
576 1608 1184 2048
576 1760 1008 2048
0 880 880 1248
0 400 1376 616
0 440 1376 616
0 1224 1824 4000
0 0 1392 432
192 2464 616 2808
0 32 1392 280
0 72 1392 280
0 248 1056 432
1392 2040 1824 2656
1472 2040 1824 2656
0 2968 560 3632
0 2968 448 3632
280 1432 1400 2360
280 1904 1008 2360
0 2968 448 3344
0 3072 448 3344
1472 2160 1824 2656
1480 2160 1824 2656
1656 2160 1824 2400
0 1464 272 2296
432 2648 696 2912
1144 0 1392 240
0 2160 1824 4000
0 2160 1824 3240
136 3072 448 3344
872 1224 1824 2464
872 1464 1824 2464
872 1464 1824 2328
1336 1464 1824 2328
224 1320 888 2176
1352 1464 1824 2120
456 1000 1608 1560
0 2160 1824 3056
456 1016 1448 1560
456 1048 1296 1560
880 1048 1296 1536
0 2272 1824 3056
0 2352 1824 3056
1160 2272 1552 2552
792 1168 1400 1776
0 2384 1824 3056
680 2392 1824 2848
744 2464 1824 2848
0 2384 768 3056
1464 1728 1824 2096
224 1320 560 1928
720 2536 1264 3024
936 1168 1400 1680
312 3208 1824 4000
696 3208 1824 4000
696 3208 1552 4000
912 2536 1264 3024
912 2632 1264 3024
384 2760 1824 3496
384 2760 1824 3320
984 2760 1824 3304
392 3592 568 4000
456 3448 832 4000
256 3392 560 3608
120 3184 352 3632
136 3072 336 3328
112 2968 312 3168
1352 2760 1608 3000
984 2760 1432 3176
432 2744 640 2912
1056 2696 1264 2936
456 2648 696 2816
192 2640 544 2808
1280 2608 1496 2800
960 2536 1264 2736
744 2464 1096 2704
680 2392 952 2576
1296 2304 1552 2552
1160 2272 1456 2464
1472 2232 1720 2512
544 2160 928 2440
1240 2152 1440 2320
1096 2128 1328 2352
872 2120 1176 2464
1336 2072 1576 2328
872 2048 1408 2240
1488 2040 1792 2264
968 1952 1184 2128
1120 1904 1432 2104
1392 1864 1696 2120
1352 1824 1512 2000
1464 1728 1824 1912
1224 1728 1536 1968
224 1320 424 1928
936 1312 1112 1680
1528 1224 1824 1496
880 1128 1072 1536
0 544 504 744
792 248 1392 696
1448 56 1824 336
1448 0 1624 264
0 1088 1824 3144
0 2744 1824 4000
616 1088 1824 2160
0 248 1392 696
0 536 1632 1432
0 536 1384 1024
616 1224 1824 2160
0 1760 1824 3144
456 1864 1824 3144
0 416 1384 688
496 3368 808 3576
0 1760 1008 3016
0 1168 944 2296
680 856 1824 1848
0 248 1384 528
0 2160 928 3016
432 2080 880 2328
1448 0 1824 264
296 416 1384 688
0 2160 928 2904
680 1000 1736 1848
1224 1608 1824 2000
1024 2352 1336 2552
792 1000 1736 1776
24 248 1392 696
80 2744 1824 3328
880 1000 1736 1680
0 2160 928 2840
80 2760 1824 3328
936 1000 1736 1680
160 560 1256 728
192 2160 928 2808
328 1448 776 2176
1096 2040 1576 2352
1240 2040 1576 2328
496 3368 720 3568
392 3168 1824 4000
0 2968 336 3328
1352 1608 1824 2000
1240 2072 1576 2328
1352 1728 1824 2000
456 2392 1664 3112
224 1168 944 1928
1088 1224 1824 1800
1136 3184 1592 3568
1136 3200 1592 3568
872 1864 1824 3144
1352 1864 1824 3144
872 1904 1552 2552
744 2464 1664 2800
320 2160 928 2672
320 2384 768 2672
1328 1224 1824 1800
224 1208 840 1928
880 1016 1448 1536
456 2392 1264 3112
112 2968 336 3328
1136 3200 1592 3536
456 2392 1264 3024
880 1128 1272 1536
1352 2736 1824 3144
888 3168 1824 4000
960 2536 1264 2936
1496 3168 1824 3560
1352 1224 1824 1800
0 2928 832 3808
0 3184 560 3808
976 2760 1824 3328
872 1904 1456 2464
872 2048 1456 2464
872 2048 1408 2464
80 2784 1016 3320
512 2392 952 2936
256 3248 560 3608
1392 1864 1824 2848
1472 2232 1824 2848
1392 1864 1792 2264
1480 2384 1824 2848
976 2760 1432 3328
0 32 1248 192
