0 0 4000 1824
160 344 2448 1520
64 0 4000 1824
160 864 1856 1480
0 0 1048 1824
0 0 1048 1360
0 0 1048 1232
0 0 1024 1232
0 0 952 1232
0 1072 168 1360
56 728 416 1072
2960 416 3272 648
0 1232 400 1824
0 1256 400 1824
2272 1552 2704 1824
320 864 1856 1480
1816 344 2448 1520
1816 344 2448 1288
1872 0 2304 168
320 920 1856 1480
320 928 1856 1480
320 1016 1760 1416
3560 584 4000 1728
3648 584 4000 1728
528 1040 848 1288
976 1080 1280 1264
2192 0 3112 488
2328 80 3112 488
1880 344 2448 616
3400 424 3736 656
3768 584 4000 1112
64 888 2472 1824
1544 928 1856 1480
1560 1064 1800 1480
1816 528 2424 1288
1816 528 2424 1240
2664 1328 3600 1824
2712 1328 3600 1824
64 1168 2472 1824
2712 1328 3528 1824
1832 800 2000 1240
3648 624 4000 1728
2712 1328 3408 1824
1816 528 2424 1208
1928 1232 2296 1520
280 0 4000 1824
280 0 2664 1288
0 0 360 456
1960 568 2424 1208
216 0 952 728
2312 0 4000 1824
3240 0 4000 512
3280 0 4000 512
1744 888 2080 1440
64 1280 1296 1824
3272 720 3816 1144
1880 440 2264 616
216 0 952 608
3648 624 4000 1496
1960 640 2336 1208
0 152 424 1232
0 152 424 1112
1544 928 1856 1328
184 776 416 1072
784 1168 2472 1824
320 1016 1712 1376
2696 920 3896 1824
2312 0 4000 1624
3208 0 3512 272
2024 264 2664 1288
64 1280 688 1824
1936 344 2448 528
552 920 1344 1160
888 1168 2472 1824
64 1280 688 1816
216 0 760 608
2240 464 2664 1288
280 0 2376 1104
496 504 912 760
3080 872 3912 1576
320 1016 1456 1376
3304 0 4000 280
2696 920 3616 1768
2696 920 3616 1552
2712 1080 3144 1496
584 1016 1456 1376
632 0 1640 448
632 0 1632 448
2192 1168 2472 1600
3544 0 4000 280
904 0 1632 448
904 0 1560 448
376 448 576 728
3664 872 4000 1496
1816 528 2344 880
2224 1168 2472 1464
232 1280 688 1816
2352 0 3440 568
2352 0 3336 528
456 584 856 856
3080 872 3840 1320
2424 592 2744 1080
2312 216 4000 1624
512 1296 1296 1824
2352 0 3336 456
2352 0 3016 272
2720 216 4000 896
2424 592 2744 928
2696 920 3320 1344
904 0 1400 448
888 1312 2400 1824
2312 384 3016 1624
1240 848 1696 1104
0 152 424 864
912 1312 2400 1824
912 1312 2160 1824
216 80 712 608
280 0 2376 1072
3264 912 3840 1320
912 1320 1952 1824
1096 1320 1952 1824
2312 1016 2864 1624
280 624 1248 1072
280 648 1104 1072
3064 216 4000 888
3232 216 4000 888
776 0 2376 1008
3232 472 3704 888
2440 384 3016 1160
2440 384 3016 1048
2456 392 3016 1048
2456 392 3000 1048
2456 392 2968 848
2456 392 2968 648
2696 920 3320 1160
2912 0 3336 456
776 280 1792 832
1352 304 1792 760
512 1296 984 1824
776 280 1496 832
776 280 1496 720
1040 472 1496 720
0 152 288 864
336 1280 688 1816
1096 1320 1768 1824
1456 1480 1768 1824
776 280 1168 560
2320 1144 2864 1624
2320 1144 2792 1624
1432 0 2376 1008
336 760 1104 1072
1528 0 2376 600
168 1640 512 1824
3768 1632 4000 1824
992 1632 1224 1824
784 1624 976 1824
1456 1608 1768 1824
2664 1600 2856 1824
1672 1592 1952 1824
3440 1552 3600 1792
232 1504 448 1680
1496 1480 1760 1672
912 1480 1120 1824
3480 1472 3896 1824
0 1472 400 1824
2096 1432 2400 1824
336 1392 600 1816
552 1384 720 1688
888 1376 1120 1536
64 1368 272 1616
1696 1360 1928 1608
2320 1344 2792 1624
1320 1328 1720 1560
1096 1320 1536 1824
1816 1312 2160 1824
920 1312 1296 1536
776 1304 984 1584
512 1296 952 1824
480 1280 688 1536
232 1280 584 1520
0 1256 368 1520
2752 1248 3048 1496
2080 1232 2296 1520
0 1232 200 1400
3504 1224 3912 1576
3352 1224 3560 1416
1744 1216 1976 1440
2656 1208 2864 1448
1344 1176 1760 1416
2232 1168 2472 1432
2488 1144 2760 1400
0 1136 168 1360
592 1120 848 1288
2952 1104 3232 1344
160 1096 528 1280
3152 1080 3616 1552
2712 1080 3144 1392
1000 1080 1280 1264
584 1080 1176 1352
3136 1072 3296 1288
72 1056 360 1232
3456 1048 3840 1320
320 1048 704 1288
1368 1040 1712 1272
3744 1016 4000 1496
2312 1016 2592 1528
1096 1016 1456 1376
2024 952 2280 1288
2552 944 2728 1160
816 944 1344 1136
1968 936 2152 1208
1544 928 1848 1136
2928 920 3320 1160
2696 920 2968 1160
552 920 864 1160
3264 912 3536 1256
2472 896 2664 1080
1832 896 2000 1240
1824 888 2080 1376
3664 872 3952 1136
1312 848 1696 1104
1240 848 1456 1048
3272 840 3640 1144
1688 816 1864 992
0 816 296 1112
328 808 600 1024
2976 792 3192 984
984 792 1312 968
336 792 752 1072
2344 784 2664 1288
2648 776 3000 1048
184 776 408 944
2816 768 3016 952
688 760 1104 1064
2552 744 2744 928
56 728 288 904
3496 720 3816 1016
3376 720 3544 888
824 648 1032 808
592 648 856 840
280 648 576 872
1960 640 2336 992
1152 640 1432 832
3648 624 3872 888
856 624 1248 872
3528 600 3704 816
2576 592 2800 848
2424 592 2600 872
3768 584 4000 968
456 584 672 856
2744 576 2920 816
1816 560 2208 880
1456 552 1664 792
656 552 912 760
168 536 424 824
2144 528 2344 776
1432 528 1920 1008
3064 512 3352 824
496 504 744 672
792 496 1096 696
1040 488 1408 720
2456 480 2768 648
3232 472 3576 888
1224 472 1496 648
3512 464 3736 656
2240 464 2456 816
2720 456 3320 896
376 448 536 728
1880 440 2080 616
2960 432 3192 648
112 432 344 608
3400 424 3576 632
0 416 288 864
3224 392 3440 568
2440 384 2688 592
1232 384 1488 552
1504 368 1792 760
1936 344 2256 528
944 312 1168 544
1352 304 1584 568
624 304 848 528
3144 288 3328 528
1120 288 1328 528
776 280 984 560
3432 272 3648 472
272 272 448 544
2024 264 2512 488
3544 216 4000 656
1360 192 1552 416
120 184 360 456
400 176 712 608
3280 152 3608 512
1832 152 2088 424
904 152 1200 448
0 152 200 592
3240 144 3400 352
1096 144 1312 328
3544 96 3864 280
2584 96 3112 488
488 96 952 392
2328 80 2784 416
216 80 608 320
824 64 1024 248
3288 40 3512 272
1112 24 1560 408
1904 8 2376 336
3680 0 4000 280
3304 0 3608 160
3104 0 3336 216
2912 0 3312 456
2536 0 3016 184
2352 0 2640 272
2192 0 2416 240
2120 0 2304 168
1528 0 1960 600
1392 0 1640 160
1024 0 1400 208
632 0 1104 216
392 0 760 176
0 0 280 296
1872 0 4000 1824
0 0 2880 1824
0 0 2088 1184
0 440 2880 1824
1368 440 2880 1680
0 1016 2400 1824
0 0 2088 1112
528 864 1344 1184
552 864 1344 1160
552 912 1344 1160
1872 0 4000 656
1904 0 4000 656
448 584 856 856
1368 440 2792 1680
824 16 1048 248
0 1056 360 1400
1680 1032 1976 1440
1680 1064 1976 1440
1928 856 2360 1392
1928 856 2280 1392
2272 384 4000 1824
1816 440 2792 1680
2272 1080 4000 1824
0 1256 2400 1824
320 1016 1776 1560
1816 440 2792 1624
2440 384 4000 1576
3512 464 4000 1496
3528 600 4000 1496
0 1056 360 1360
1816 464 2792 1624
2080 1232 2368 1600
2192 1320 2368 1600
3304 0 3864 280
1320 1328 1776 1560
624 280 1000 560
0 0 1104 1112
112 0 2088 1104
2440 384 3912 1576
1368 800 2000 1272
624 280 984 560
56 728 600 1072
2712 1080 4000 1824
1960 464 2792 1624
3304 0 3792 272
2424 592 2744 1160
3304 0 3640 272
2472 744 2744 1080
856 0 2088 872
2816 768 3192 984
1352 304 1664 792
112 432 1920 1104
2272 1552 2856 1824
112 432 1312 1072
496 440 1096 808
672 440 1096 808
672 440 1096 696
184 776 600 1072
232 808 600 1072
1240 528 1920 1104
0 1256 1224 1824
320 1048 1176 1352
3264 720 3912 1576
2912 0 4000 656
3144 288 3440 568
1928 952 2280 1392
3768 1448 4000 1824
112 432 576 872
168 536 576 872
336 760 1312 1072
1904 0 3112 616
1904 0 3112 488
1960 464 2456 1208
2440 384 3576 1496
1368 928 1848 1272
320 1048 848 1288
888 1312 1296 1536
2488 1072 3336 1496
2192 0 2640 272
1936 264 2512 616
1312 528 1920 1104
1936 264 2512 528
1000 1016 1456 1376
2488 1072 3336 1424
856 0 1640 872
904 0 1640 448
1024 0 1640 416
1096 1312 2400 1824
3400 0 4000 656
0 1256 1120 1824
120 0 1104 608
120 184 448 544
1096 1312 2160 1824
856 288 1520 872
392 0 1104 608
2712 1080 3896 1824
232 1280 1120 1824
3264 840 3912 1576
2712 1328 3496 1824
2440 384 3576 1160
2952 1072 3296 1344
392 0 1104 216
0 1256 584 1824
2232 784 2792 1624
944 288 1328 544
2576 576 3320 1160
2576 576 3000 1160
2576 576 3000 1048
2576 576 2920 848
0 0 296 1112
3152 1080 3896 1824
512 1296 1120 1824
2232 784 2664 1528
3272 840 3912 1576
1960 464 2456 992
1024 0 1640 208
1904 8 2784 416
2232 1016 2592 1528
856 472 1520 872
856 472 1496 872
0 152 296 1112
1504 0 2088 760
784 1480 1120 1824
400 96 952 608
3432 0 4000 656
1696 1312 2160 1824
1112 24 1560 416
3648 624 3952 1136
2912 0 3608 512
2488 1080 3336 1424
1152 616 1520 832
2440 384 3576 896
2440 384 2968 648
3432 216 4000 656
2536 0 3112 488
2488 1080 3144 1400
856 488 1408 872
2720 456 3576 896
1528 0 2088 600
3456 1048 3912 1576
2440 384 2768 648
3064 472 3576 888
1456 1592 1952 1824
2400 80 3064 496
3208 0 3560 288
160 1032 1712 1416
3408 624 4000 1488
544 472 2432 1520
3648 624 4000 1488
256 0 4000 1800
1848 472 2432 1520
1848 472 2392 1520
2760 24 3016 248
512 584 848 888
1848 472 2392 1344
0 0 3576 1824
1848 472 2392 1232
0 0 944 1824
0 1264 504 1824
0 0 944 1368
544 928 1856 1480
64 888 3576 1824
1848 544 2392 1232
1384 960 1856 1480
2232 0 4000 1800
256 0 3016 1144
2216 1184 3576 1824
480 1304 1296 1824
784 888 2472 1824
2976 776 4000 1752
64 1280 880 1824
1864 544 2392 1200
1864 560 2392 1200
1880 256 2512 648
1880 352 2512 648
1944 352 2512 648
2976 784 4000 1752
3080 976 4000 1752
1944 352 2512 608
480 1304 984 1824
3664 872 4000 1488
0 0 904 1368
0 936 440 1368
2976 784 3424 1024
288 1032 1712 1416
2712 912 3360 1480
2984 0 3864 592
0 0 904 1112
0 392 664 1112
712 176 944 528
2680 1184 3576 1824
2280 344 2784 928
64 1280 688 1736
256 184 1920 1144
2280 496 2784 928
696 0 3016 600
696 0 1320 168
3664 872 4000 1272
544 928 1456 1144
136 1280 688 1736
512 584 848 856
3080 1048 4000 1752
3080 1048 3896 1624
3104 1048 3896 1624
3840 1408 4000 1752
2232 216 4000 1800
2232 808 2848 1800
2984 0 3864 536
2456 216 4000 1216
272 184 1920 1144
272 768 888 1144
784 1368 2368 1824
0 0 904 608
0 0 752 328
3432 1288 3704 1576
2640 312 3192 616
624 184 1920 1104
872 0 3016 600
3104 1048 3888 1536
848 1368 2368 1824
920 1368 2368 1824
1632 888 2472 1744
1632 888 2336 1744
624 288 1920 1104
2760 216 4000 1016
3064 216 4000 1016
872 0 2352 600
768 288 1920 1104
872 0 2072 600
816 288 1920 1104
816 608 1696 1104
3304 0 4000 272
816 608 1432 864
1104 1368 2368 1824
2984 0 3624 536
2456 592 2960 1216
2456 784 2960 1216
3496 216 4000 1016
872 0 1640 448
1072 792 1696 1104
880 288 1920 968
3064 424 3544 888
880 288 1792 776
880 368 1480 776
1104 1368 2160 1824
1456 1448 2160 1824
992 1632 1208 1824
2112 1600 2368 1824
1696 1576 2160 1824
0 1576 400 1824
2216 1528 2704 1824
3464 1512 4000 1824
920 1480 1120 1824
1456 1448 1768 1824
136 1424 528 1736
3840 1408 4000 1616
64 1408 264 1616
3528 1384 3704 1576
2680 1376 3576 1824
2048 1376 2336 1744
848 1376 1120 1632
480 1376 976 1824
1104 1368 1544 1824
472 1352 688 1640
1272 1328 1576 1488
1560 1320 1776 1480
920 1312 1296 1624
760 1304 984 1560
2784 1296 2952 1480
3432 1288 3632 1480
2656 1288 2824 1456
424 1280 688 1536
2304 1272 2848 1800
0 1264 504 1784
3080 1248 3336 1464
2528 1208 2688 1440
2224 1208 2472 1464
3184 1184 3552 1528
3776 1136 4000 1488
1144 1088 1712 1416
3104 1072 3400 1304
152 1056 424 1288
0 1056 304 1368
3320 1048 3888 1536
288 1032 1280 1320
2024 1024 2280 1344
1968 992 2128 1208
3744 976 4000 1272
1384 960 1856 1352
824 944 1456 1144
544 928 864 1128
2712 912 3360 1392
1632 888 2112 1624
2456 856 2912 1216
3408 840 3688 1144
272 840 744 1144
768 824 1104 1064
1672 816 1864 1016
3120 808 3424 1024
2232 808 2776 1512
1072 792 1432 1056
2976 784 3192 992
2640 784 2960 1016
2216 784 2392 1200
688 768 888 968
2728 712 2928 888
904 712 1272 976
256 648 600 984
600 632 848 832
816 608 1208 864
3496 600 3816 1016
2576 592 2872 840
512 584 808 856
2280 560 2744 928
1864 560 2320 984
2056 544 2336 808
1432 528 1920 968
3064 512 3344 792
2456 496 2784 664
0 480 408 1112
3512 464 3744 656
0 448 168 632
1880 440 2040 616
3200 424 3544 888
2760 416 3288 960
624 416 912 760
3016 400 3192 592
104 392 664 728
1168 384 1456 624
2272 376 2512 608
2640 352 2944 616
1944 352 2392 560
2544 344 2704 512
1080 344 1248 528
2920 312 3192 504
160 304 488 536
3272 288 3464 544
1352 288 1792 768
784 288 944 448
2160 280 2624 512
3336 240 3624 536
3512 216 4000 968
1432 184 1664 408
760 176 944 352
872 152 1304 448
0 144 312 592
368 72 904 608
608 64 784 224
1904 40 2104 248
3528 32 3864 320
3656 0 4000 272
3304 0 3680 240
3128 0 3336 232
2984 0 3392 448
2264 0 3016 272
1848 0 2352 360
1520 0 2072 600
1008 0 1640 408
696 0 1104 168
216 0 752 328
0 0 352 304
2216 0 4000 1824
0 0 3144 1824
624 0 3144 1104
0 0 2432 1824
160 680 2432 1824
160 784 2432 1824
624 0 3064 1104
0 0 1320 1824
0 0 1104 1824
2456 496 2784 784
2456 496 2784 736
160 888 2368 1824
3648 624 4000 1136
3456 464 3744 816
1968 784 2432 1200
2920 0 4000 1752
160 1032 1776 1640
2976 400 3192 704
72 1536 232 1696
2216 416 4000 1824
1968 784 2392 1200
2104 784 2392 1200
2216 1208 4000 1824
760 888 2368 1824
472 1296 880 1640
2016 472 2336 808
2056 496 2336 808
160 1032 1776 1480
624 0 2072 1104
1432 80 1680 408
2528 1208 2952 1480
2528 1208 2824 1456
1432 0 3064 984
1432 440 2744 984
1928 992 2296 1520
1928 992 2280 1384
1968 992 2280 1344
1848 0 3064 648
2224 416 3424 1800
0 0 1104 1144
0 480 888 1144
2920 0 4000 1016
712 176 1000 600
712 176 944 600
2224 808 2848 1800
0 0 1104 728
1432 448 2744 984
0 1056 976 1824
0 1056 688 1824
136 1280 688 1824
2456 416 3424 1392
2616 0 3144 248
0 480 848 1112
1384 888 2112 1624
624 416 1864 1104
3080 840 4000 1752
2760 0 3144 248
3080 840 4000 1536
624 416 1208 864
760 1304 2368 1824
2048 1376 2368 1824
0 1056 504 1824
760 1304 2160 1824
3432 1288 4000 1752
3432 1288 4000 1624
2456 416 3360 1392
0 0 904 728
3432 1288 3896 1624
872 0 2072 976
2456 712 2960 1216
1848 0 3064 616
1944 280 2704 560
256 584 848 984
1944 280 2624 560
3304 0 4000 968
3080 976 4000 1536
3080 1048 3888 1536
3744 976 4000 1488
872 0 1640 976
2920 0 3816 1016
768 792 1864 1104
768 792 1432 1064
2920 0 3624 536
760 1304 1120 1824
0 480 440 1112
880 368 1480 976
880 368 1480 832
2224 1208 2848 1800
2216 1376 4000 1824
3064 424 3816 1016
1432 528 2744 984
1864 560 2744 984
1312 816 1864 1104
1352 0 2072 768
848 1376 1120 1824
2400 80 3064 616
2712 416 3360 1392
0 0 752 728
0 144 664 728
1848 0 3016 360
2216 1376 3576 1824
1344 616 1560 888
296 864 2272 1568
296 880 2224 1568
0 0 1256 1824
1808 864 2272 1360
0 1464 344 1824
344 0 4000 1824
936 312 1152 544
296 880 2072 1568
1808 1352 2072 1568
3280 752 3496 1032
1808 864 2200 1360
0 0 1152 1824
344 0 4000 1624
728 552 4000 1824
296 880 1976 1456
296 880 1848 1456
296 960 1848 1456
904 600 1256 904
3376 0 4000 856
408 960 1848 1456
1672 352 2464 1464
1672 352 2464 1280
1672 352 2464 1176
1672 352 2464 1056
1672 464 2280 1032
3600 1160 3976 1488
2320 72 3136 480
728 792 4000 1824
696 0 1152 224
2608 792 4000 1824
0 144 288 552
0 248 208 552
2144 1096 2424 1280
408 1032 1808 1456
0 0 952 1824
0 0 896 1824
0 0 896 1584
0 240 736 1584
0 360 736 1584
0 1048 368 1584
0 1080 368 1584
2608 792 3296 1736
2880 792 3296 1144
2608 976 3264 1736
728 1328 3080 1824
3392 856 3704 1184
728 1328 2840 1824
3376 0 4000 368
1672 464 2096 1032
3464 272 4000 856
3600 288 4000 856
3376 0 4000 280
0 360 736 1112
24 360 736 1112
1464 960 1848 1272
1672 464 2096 960
24 360 736 1008
2320 72 3064 480
2320 72 2856 480
24 144 288 360
2296 0 4000 1624
3128 1064 3584 1416
3264 1080 3584 1416
408 1032 1272 1328
728 1328 2704 1824
1912 352 2464 1056
520 1032 1272 1328
344 0 2584 1104
136 1328 672 1824
136 1328 672 1728
136 1328 560 1728
136 1328 552 1728
368 0 2584 1104
0 0 896 680
808 880 1320 1064
3456 648 3800 1032
0 0 896 456
0 0 512 336
3728 400 4000 856
2624 1336 3080 1824
728 1328 2576 1824
152 0 512 336
1192 640 1752 1104
1304 736 1752 1104
3600 288 4000 536
2296 224 4000 1624
3096 560 3352 872
2880 1320 4000 1824
2520 0 3512 440
2640 0 3512 440
3728 400 4000 656
1808 864 2136 1360
400 1272 952 1792
504 1520 952 1792
2296 552 2712 1504
3536 0 4000 280
2296 696 2712 1504
1992 448 2464 1056
2016 448 2464 1056
368 0 2584 1064
1000 0 1728 424
1000 0 1640 424
3472 456 3712 664
1912 352 2400 520
368 776 1424 1064
368 800 1072 1056
1912 1328 2576 1752
1912 1328 2288 1752
2224 1344 2576 1632
2880 1408 4000 1824
2880 1480 4000 1824
3136 1480 4000 1824
3344 1480 4000 1824
3344 1496 4000 1824
2448 224 4000 1624
2488 840 2904 1464
2576 840 2904 1464
2576 1072 2904 1464
376 0 2584 856
768 0 2584 848
728 1328 2128 1824
2448 224 3200 1048
2864 440 3200 736
1000 0 1504 424
816 1328 2128 1824
2608 976 3168 1384
2448 224 3136 1048
3024 352 4000 1624
3648 824 4000 1624
3656 824 4000 1624
3656 824 4000 1440
368 848 744 1056
3024 352 3904 1112
3024 352 3752 1112
3024 352 3752 1032
3656 824 4000 1280
816 1368 1560 1824
1048 1416 1560 1824
1088 1416 1560 1824
2112 1432 2704 1824
1000 0 1408 424
768 72 1416 720
3472 1552 4000 1824
1360 0 2584 848
3056 1080 3768 1592
968 776 1424 1064
3488 1080 3768 1592
1456 0 1712 264
408 0 896 456
2640 0 3264 408
2064 80 2424 424
2496 224 3136 1048
1248 1328 2128 1824
1248 1328 1936 1664
1328 1328 1936 1664
3024 352 3752 880
2496 224 2880 872
2592 400 2880 872
3024 352 3752 736
1360 0 2584 744
1808 0 2584 368
1464 1408 1936 1664
376 552 1000 856
1808 8 2288 368
3232 368 3752 664
1360 0 2088 744
816 1368 1120 1824
768 72 1272 720
1552 0 2088 592
1552 0 1936 592
3768 1664 4000 1824
1136 1648 1320 1824
0 1640 344 1824
1048 1632 1216 1824
272 1632 448 1824
3416 1608 3648 1824
2648 1600 2840 1824
2880 1576 3168 1824
728 1568 992 1824
1752 1560 2128 1824
3472 1552 3840 1824
2112 1552 2448 1824
504 1544 872 1784
1496 1536 1744 1824
1224 1536 1560 1824
3136 1528 3568 1824
696 1520 952 1792
3344 1496 3528 1760
3616 1480 3936 1720
1912 1472 2128 1752
0 1464 168 1808
136 1448 432 1728
1464 1440 1768 1664
3712 1432 4000 1624
2360 1432 2704 1824
2624 1416 2984 1824
1088 1416 1320 1704
2920 1408 3176 1656
1632 1408 1936 1624
936 1408 1120 1824
2296 1376 2576 1632
816 1368 1032 1584
1896 1352 2072 1568
2664 1336 3080 1712
2064 1328 2288 1752
1328 1328 1576 1536
344 1328 552 1568
3072 1320 3408 1592
2976 1312 3264 1736
3648 1304 3816 1488
2656 1296 2904 1464
872 1296 1256 1576
696 1288 968 1560
1928 1280 2224 1504
400 1272 816 1744
224 1272 520 1448
3736 1264 3976 1488
