0 0 1824 4000
392 3528 1160 3856
1104 568 1744 2248
1168 3512 1824 3920
968 2752 1248 3056
1104 568 1736 2000
1104 568 1408 1584
1008 3768 1824 4000
1136 376 1712 784
1280 952 1824 2384
1304 952 1824 2384
1304 952 1824 2128
1248 3512 1824 3824
0 3312 1824 4000
0 3392 1168 4000
0 3704 1168 4000
0 3760 1168 4000
0 0 1824 3408
648 200 1824 2944
0 3840 792 4000
1256 0 1824 256
0 3312 1824 3848
704 712 1824 2944
944 3320 1824 3848
648 200 1824 1392
384 856 872 1800
416 1792 1824 3368
1304 952 1824 1992
0 3392 792 3816
0 0 1656 3408
456 1912 1824 3368
648 248 1824 1392
0 3784 936 4000
0 0 1048 3408
312 1600 672 1984
488 0 1656 336
488 0 1496 280
1288 560 1824 1392
0 3312 1792 3592
280 3312 1792 3560
496 3312 1792 3544
1320 560 1824 1392
1320 680 1824 1392
784 1128 1392 2400
1464 752 1824 1392
704 712 1400 1624
944 1520 1824 2944
1304 1056 1824 2128
1304 1056 1744 1992
600 3312 1792 3536
600 3328 1488 3536
960 3328 1488 3504
0 2416 784 3408
240 3784 936 4000
704 712 1328 1488
704 712 1240 1336
704 712 1224 1336
648 248 1824 1048
1048 248 1824 1048
1240 312 1824 576
944 1608 1824 2944
1400 1000 1824 1992
832 0 1496 280
1464 840 1824 1392
0 0 1048 3216
0 2568 200 3216
0 0 1048 3016
1336 560 1824 736
992 1608 1688 2512
1048 1608 1688 2512
0 0 880 3016
840 3760 1168 4000
1464 840 1824 1336
1048 1888 1400 2512
944 2176 1824 2944
944 2376 1824 2944
968 1032 1240 1328
816 1128 1392 2400
1192 1608 1688 2312
1200 1608 1688 2312
456 2600 1824 3368
456 2928 1824 3368
704 712 1224 1328
944 3368 1432 3848
1136 376 1336 784
1048 248 1616 1048
1120 560 1512 1048
1120 560 1288 1000
0 0 880 2312
0 0 880 1672
88 1768 696 3016
1592 2992 1824 3288
160 1408 600 1968
1304 952 1592 1536
1464 840 1824 1320
1464 840 1824 1176
1568 1088 1824 1320
816 1128 1392 2032
1032 2496 1824 2944
384 856 872 1768
0 1608 384 2312
0 1760 384 2312
0 1760 384 2160
88 1824 696 3016
88 2128 696 3016
1464 840 1824 1048
0 0 880 1040
512 1912 1048 2968
0 248 880 1040
456 3096 1712 3368
384 856 776 1560
144 784 616 1672
0 0 576 488
0 0 512 488
144 976 616 1672
176 2128 696 2848
608 3832 936 4000
976 3808 1168 4000
1008 3768 1200 3976
840 3760 1016 4000
600 3704 920 3872
0 3624 496 3816
1112 3600 1328 3824
512 3528 1160 3856
1248 3520 1824 3824
1368 3512 1712 3744
768 3432 1112 3664
0 3400 320 3592
0 3392 792 3800
280 3384 544 3560
600 3368 1000 3536
984 3328 1488 3496
1200 3320 1824 3560
1264 3312 1792 3488
1184 3120 1400 3288
680 3112 1712 3360
456 3096 960 3368
1312 3040 1824 3296
1592 2992 1824 3176
1272 2968 1592 3200
504 2968 768 3232
848 2944 1032 3160
896 2928 1824 3320
824 2800 1000 2984
88 2784 352 3016
1304 2768 1680 2944
968 2752 1216 3056
0 2616 200 3216
936 2600 1096 2800
680 2600 1040 3160
176 2424 552 2848
944 2376 1352 2576
1624 2328 1824 2640
1592 2216 1792 2472
976 2176 1184 2384
0 2152 392 2728
368 2128 696 2536
136 2112 320 2304
0 2088 216 2312
1280 2016 1824 2784
512 2016 1048 2968
584 1944 768 2128
0 1920 384 2160
576 1912 864 2304
1048 1888 1360 2512
192 1824 600 2328
416 1792 696 2064
992 1760 1152 1936
0 1760 280 1992
1296 1712 1688 2312
312 1704 520 1984
1456 1688 1744 2248
1440 1640 1824 2384
200 1624 600 1968
536 1608 736 1800
0 1608 200 1800
480 1600 912 2088
1248 1520 1472 1776
1408 1488 1736 2000
64 1472 280 1632
840 1408 1000 1600
160 1408 472 1736
392 1368 616 1672
1568 1360 1824 1992
0 1336 184 1648
1592 1304 1824 1752
544 1296 872 1768
784 1264 1096 1656
488 1264 720 1560
1392 1160 1592 1536
784 1160 952 1328
160 1112 328 1304
1280 1104 1496 1592
968 1032 1152 1216
1400 1000 1616 1560
144 976 576 1488
1424 968 1616 1312
392 968 616 1152
1304 952 1488 1224
384 856 776 1352
0 816 272 1600
168 784 456 1096
1264 768 1512 1048
704 712 1224 1232
1288 600 1488 784
1104 568 1320 1248
0 568 272 848
1336 560 1752 736
512 504 672 720
0 496 304 704
1632 472 1824 664
648 448 1152 896
1240 360 1824 576
0 344 240 560
0 256 168 488
1048 248 1616 608
208 248 880 1040
656 224 1152 536
1384 176 1656 336
408 128 656 288
0 96 208 320
1336 80 1824 328
1464 0 1824 256
488 0 920 264
0 0 512 336
1104 472 1824 2384
1192 3312 1824 3560
0 1712 1824 4000
0 0 1824 2512
1192 3320 1824 3560
0 3368 1824 4000
840 3760 1200 4000
1288 472 1824 1752
1104 568 1824 2384
0 1712 1824 3592
1168 3784 1824 4000
1104 568 1328 1488
832 1824 1136 2400
0 0 1824 1312
0 0 1824 1040
1120 376 1616 1312
0 448 1400 2512
0 3368 1824 3872
1264 1104 1824 2384
1264 1104 1496 1624
1264 1104 1496 1592
1288 512 1824 1752
0 1712 1824 3408
792 2600 1096 2984
792 2704 1000 2984
1192 1992 1400 2336
1224 2032 1400 2336
1136 376 1616 1312
1288 512 1824 1392
0 448 1392 2512
408 128 808 376
1104 1064 1328 1488
0 568 736 2160
520 1600 736 1800
0 568 720 2160
1288 512 1824 896
1288 512 1824 832
1320 560 1824 832
0 3096 1792 3592
0 3784 840 4000
832 1824 1040 2400
384 448 1392 2512
1280 2768 1824 3288
1256 0 1512 176
1136 376 1512 1048
1280 2768 1824 3024
1136 376 1336 1000
664 120 1376 352
736 1024 1096 1784
1592 2216 1824 2640
1392 1000 1824 1992
0 3368 1432 3872
896 1712 1824 3320
944 2176 1352 2576
0 1824 1048 3408
0 2088 320 2312
736 1024 1096 1656
1048 176 1824 608
784 1160 1096 1656
0 568 720 1992
384 448 1224 2088
0 1336 200 1800
0 3392 1160 3872
1048 248 1824 608
1304 2768 1824 3024
0 3784 840 3944
816 1128 1392 2512
0 224 1152 1040
0 3376 648 3592
1504 1024 1824 1320
0 3392 1160 3856
0 0 1824 336
280 3376 648 3560
1408 1488 1824 2384
0 0 1496 336
0 1624 600 1992
1280 1712 1824 2784
0 1824 1048 3216
456 3096 1792 3536
680 3112 1792 3496
984 3312 1792 3496
0 2152 392 3216
0 2616 352 3216
0 568 720 1736
0 2416 1040 3408
896 2496 1824 3320
456 3096 1000 3536
896 2752 1824 3320
0 256 240 560
832 1928 1000 2400
176 1824 1048 2968
648 448 1224 1232
0 568 576 1736
144 784 576 1736
144 784 576 1488
208 224 1152 1040
384 856 912 2088
416 1600 912 2088
176 1824 696 2848
0 568 272 1600
192 1824 696 2536
0 0 920 336
0 3392 1152 3832
1264 1056 1504 1568
0 3392 1104 3832
0 3752 1824 4000
920 3760 1824 4000
0 0 1824 3848
552 720 800 1064
1280 472 1824 664
976 3768 1824 4000
176 200 1592 1008
1160 944 1824 2408
1232 1008 1824 2408
1232 1008 1824 2368
1304 1032 1824 2368
1304 1032 1824 2112
952 1888 1824 2936
0 3752 992 4000
0 1600 1824 3408
976 3768 1200 4000
1112 2816 1824 3288
1496 1448 1824 2112
928 3320 1824 3848
928 3320 1824 3832
1240 2816 1824 3288
0 3312 1824 3592
320 3312 1824 3552
488 3312 1824 3544
1240 2896 1824 3288
488 0 1824 336
600 3312 1824 3536
600 3320 1792 3536
0 3832 936 4000
1336 744 1824 1648
1392 744 1824 1648
1592 2360 1824 2664
512 312 1824 2400
1064 312 1824 808
1128 376 1824 808
1336 960 1712 1568
1064 312 1824 576
1648 2384 1824 2664
0 0 912 2512
1336 560 1824 808
1480 832 1824 1648
512 360 1552 2400
1240 2928 1824 3288
1240 2928 1640 3232
0 496 912 2512
648 360 1552 2400
648 528 1552 2400
0 544 912 2512
0 544 912 2336
192 1760 664 2336
304 128 824 352
1032 360 1544 1048
0 544 912 2152
0 544 912 1960
0 784 912 1960
1128 376 1472 784
1480 904 1824 1648
1480 904 1824 1424
1072 440 1544 1048
960 3320 1792 3504
0 1600 392 2152
1304 1032 1608 1560
1480 904 1824 1304
1128 376 1472 768
1504 960 1824 1304
1112 3680 1296 3848
896 3640 1152 3816
1280 3528 1824 3816
768 3504 1104 3664
1248 3496 1824 3680
0 3400 424 3592
0 3392 1096 3832
320 3384 560 3552
488 3376 648 3544
928 3368 1560 3832
1472 3320 1792 3488
1184 3040 1824 3296
448 2976 960 3368
1240 2944 1568 3232
1384 2928 1640 3128
1648 2384 1824 2600
280 2304 472 2512
952 2016 1312 2576
1024 1888 1824 2936
1560 1784 1824 2144
192 1760 648 2328
0 1760 392 2152
1440 1720 1824 2408
1640 1704 1824 1992
1456 1672 1824 2368
0 1600 280 1960
1576 1560 1736 1808
1592 1496 1760 1808
48 1496 280 1696
1432 1488 1760 2040
1568 1392 1824 1920
376 1368 608 1560
1600 1320 1824 1752
160 1112 352 1304
1264 1088 1504 1568
1392 1080 1608 1560
1232 1008 1424 1640
1504 960 1824 1208
1336 960 1600 1376
0 816 912 1960
168 784 464 1088
1256 752 1544 1048
1120 640 1288 1160
1208 592 1392 784
0 544 272 856
648 528 1552 2248
512 504 880 720
1072 440 1288 928
1232 400 1472 768
1240 376 1824 576
176 200 1328 1008
632 160 824 352
304 128 632 288
1272 0 1480 160
0 0 576 600
552 184 1824 2480
552 184 1824 2408
1008 3768 1824 3976
0 1600 1824 4000
552 376 1824 2408
1440 1672 1824 2408
552 376 1824 2248
1416 1456 1824 2144
1064 184 1824 1648
0 3320 1824 4000
0 3392 1824 4000
648 376 1824 2248
1120 640 1824 2112
0 0 1824 1008
1120 640 1504 1640
1120 640 1424 1640
0 1600 1824 3592
1432 1448 1824 2112
896 3640 1824 4000
0 784 912 2512
0 784 912 2336
920 3760 1168 4000
920 3760 1120 4000
648 376 1552 2248
896 3640 1296 3848
1160 944 1424 1640
0 2976 1824 3592
0 784 912 2328
952 1888 1824 3296
1304 1032 1824 1992
1064 232 1824 1648
1064 232 1824 656
1064 232 1824 576
1064 232 1824 432
1392 1080 1824 1992
1336 560 1824 1648
648 440 1552 2248
1392 1080 1760 1808
128 1248 344 1448
1336 960 1824 1752
1336 560 1824 1424
1184 2896 1824 3296
1360 688 1824 1424
1568 1392 1824 1992
0 2976 1792 3592
320 3376 648 3552
1184 2928 1824 3296
1392 744 1824 1424
1384 2928 1824 3176
1480 832 1824 1424
448 2976 1792 3536
0 816 912 2328
1184 2944 1824 3296
0 0 1824 600
0 200 1328 1008
0 1600 648 2328
1552 1184 1824 1424
448 2976 1000 3536
1480 904 1824 1208
1096 3496 1440 3792
720 3544 1200 4000
720 3544 1144 3816
896 3544 1144 3808
1088 3504 1824 4000
1088 3512 1824 4000
1088 3648 1824 4000
1440 3504 1824 3768
1112 608 1824 2392
1240 1024 1824 2392
1240 1024 1504 1792
352 3552 792 3784
512 3552 792 3736
1128 3512 1824 3840
1176 2328 1616 2680
1088 3784 1824 4000
912 1136 1160 1576
928 1200 1160 1576
1296 968 1824 2112
0 3384 984 4000
0 0 1824 3664
720 3112 888 3336
656 224 1592 536
928 224 1592 472
1040 1520 1272 1912
1040 1616 1264 1912
936 2464 1144 2800
1128 3536 1824 3840
1112 2768 1440 2944
688 1384 848 1584
1424 1480 1800 2088
0 0 1824 3392
336 1704 768 2056
936 2464 1096 2800
80 3120 288 3320
656 376 1056 536
384 3144 1824 3664
1256 2960 1824 3328
0 3384 984 3824
1216 456 1496 816
0 3400 544 3584
1440 1648 1824 2392
304 3024 536 3368
360 3072 536 3368
0 1632 184 2152
384 3312 1824 3664
336 1704 768 1984
224 848 440 1072
1264 2960 1824 3296
1456 2992 1824 3296
200 280 760 696
296 360 760 696
0 2816 312 3224
632 1912 1008 2832
632 1912 1008 2680
632 1912 1008 2664
0 1960 488 2760
0 1960 488 2392
704 1912 1008 2664
704 1912 928 2232
648 320 1824 3120
648 320 1824 2936
384 3312 1792 3664
664 3312 1792 3664
1328 2904 1824 3120
648 376 1680 2936
0 0 1688 3392
272 2360 544 2592
272 2360 472 2592
1272 320 1824 1816
1272 360 1824 1816
0 3632 584 3824
480 0 1688 336
1272 360 1824 1368
1288 480 1824 1368
0 0 1504 3392
1416 2368 1824 2920
1080 2048 1800 2544
1080 2120 1448 2512
1080 2120 1448 2392
0 3080 976 3392
648 528 1680 2936
648 528 1680 2544
848 1040 1680 2544
1048 1704 1680 2352
648 528 1184 1576
776 760 1184 1576
776 760 1184 1504
776 760 1184 1312
0 0 1504 3344
416 616 728 1048
416 616 704 936
144 3080 976 3384
848 1040 1392 2544
776 760 1160 1312
776 760 1160 1224
1088 1704 1680 2256
200 280 504 592
608 0 1688 336
1504 2368 1824 2912
0 2240 1504 3344
848 1040 1392 2384
848 1040 1256 2384
848 1040 1256 1928
0 0 1112 2496
120 544 488 904
120 544 488 840
304 120 1112 496
632 120 1112 496
1088 1704 1680 2248
0 2416 1504 3344
1288 752 1824 1368
1088 1936 1448 2248
776 808 1064 1224
824 904 1048 1224
928 3768 1168 4000
904 1728 1168 2384
0 0 920 2496
1088 2512 1592 2936
1168 1704 1680 2192
1168 1704 1568 2008
648 120 1112 496
608 0 1496 280
328 1512 904 1832
328 1512 584 1760
1312 480 1824 792
128 896 808 1952
128 896 712 1952
0 1272 920 2496
0 1576 920 2496
0 1576 920 2456
296 1728 920 2456
296 1944 880 2456
296 2064 608 2456
648 528 1128 1328
0 0 576 1312
192 2416 1504 3344
192 2416 800 2968
280 2416 800 2968
280 2496 800 2968
512 2496 800 2968
128 1032 712 1952
128 1032 592 1952
328 2600 1504 3344
1016 376 1352 1040
328 2600 1440 3344
608 2600 1440 3344
1288 752 1824 1032
608 2760 1440 3344
648 528 1128 1168
424 1072 808 1536
0 1576 400 2112
88 1768 400 2112
0 0 576 1104
640 2760 1440 3344
0 0 568 1104
0 88 312 1104
0 320 264 1104
0 504 264 1104
648 528 992 1168
656 2760 1440 3344
960 2760 1440 3128
128 1032 592 1736
0 640 264 1104
128 1256 592 1736
1504 952 1824 1368
656 2760 1264 3344
1536 1088 1824 1368
0 3808 936 4000
1088 3784 1776 4000
1016 3768 1200 4000
928 3768 1088 4000
96 3640 584 3800
0 3632 352 3824
1096 3608 1296 3792
896 3560 1144 3808
1480 3528 1664 3720
1360 3512 1600 3744
1440 3504 1824 3688
0 3464 720 3648
0 3408 320 3584
384 3368 904 3528
664 3360 1192 3664
1184 3312 1824 3600
1176 3312 1792 3488
544 3192 936 3360
1144 3168 1384 3328
96 3152 288 3320
0 3152 384 3392
888 3144 1080 3360
800 3144 968 3360
144 3144 664 3384
1240 3120 1504 3280
728 3112 888 3280
512 3080 976 3368
112 3016 328 3176
1456 2992 1824 3288
896 2992 1264 3344
520 2984 680 3152
1264 2960 1592 3200
640 2952 1000 3344
768 2888 976 3080
1104 2848 1440 3128
200 2768 456 3032
960 2760 1160 3056
656 2760 1040 3120
1416 2720 1784 2920
328 2704 624 3072
512 2672 752 2968
784 2616 976 2832
680 2600 864 2872
192 2568 384 2800
0 2568 216 2920
1216 2544 1480 2856
280 2528 648 2912
1088 2512 1352 2864
520 2496 800 2728
1504 2480 1824 2912
328 2416 544 2576
1592 2368 1824 2592
0 2368 320 2760
1352 2336 1616 2680
1176 2328 1408 2608
344 2280 608 2456
632 2264 824 2536
520 2240 696 2536
128 2232 392 2496
1080 2144 1320 2392
1248 2120 1448 2368
368 2112 584 2352
144 2112 320 2296
296 2064 464 2352
1384 2048 1800 2544
0 2032 296 2392
736 2016 1008 2664
1088 1992 1344 2200
1632 1968 1824 2392
280 1960 488 2288
1520 1944 1680 2192
536 1944 880 2312
0 1928 184 2152
704 1912 880 2072
944 1888 1152 2544
1056 1824 1248 2072
344 1824 648 2144
136 1816 400 2112
424 1800 688 2056
1384 1784 1568 2000
88 1768 272 1968
968 1728 1168 2160
608 1728 920 2104
336 1712 520 1984
1168 1704 1488 2008
480 1704 768 1968
192 1680 392 1952
1552 1664 1800 2088
1440 1648 1696 2064
1040 1616 1248 1824
0 1576 208 1784
1304 1560 1480 1792
536 1544 904 1832
1104 1520 1272 1720
408 1512 584 1672
1536 1496 1720 1920
848 1496 1104 1928
1424 1480 1584 1776
936 1376 1096 1576
360 1368 632 1560
1552 1320 1736 1696
1592 1296 1824 1816
128 1296 472 1736
0 1272 208 1632
936 1264 1160 1576
784 1264 1048 1504
152 1256 592 1488
1232 1216 1392 1712
1536 1192 1824 1368
424 1072 712 1352
1064 1040 1256 1624
0 1040 288 1312
168 1032 560 1344
1240 1024 1504 1624
856 1008 1048 1224
968 1000 1144 1264
1416 992 1616 1288
568 984 768 1304
1296 968 1696 1712
392 896 616 1112
952 888 1184 1136
560 864 728 1048
704 848 944 1168
224 848 440 1016
0 824 248 1104
1416 768 1824 928
984 760 1160 952
416 616 704 880
1112 608 1288 1168
832 592 1128 808
1312 568 1824 792
256 544 488 840
648 528 992 872
0 504 160 720
1616 480 1824 728
1216 456 1472 816
1016 392 1352 1040
1080 376 1288 544
296 376 656 696
1272 360 1824 536
536 360 760 616
240 336 504 592
0 320 248 608
928 288 1224 472
648 248 880 496
304 248 648 424
1504 120 1824 320
648 120 1112 408
0 88 312 360
1336 72 1584 296
1088 40 1496 280
1296 0 1824 256
832 0 1376 216
480 0 744 272
344 0 576 208
208 0 568 336
88 0 320 168
968 376 1824 2392
0 0 1824 2352
0 1136 1824 4000
0 3184 1824 4000
0 1136 1824 3392
672 1440 848 1680
0 0 1184 2352
304 0 1824 1816
0 3384 1824 4000
1120 3512 1824 3840
1016 376 1824 2392
0 1136 1488 3392
384 3184 1824 3792
856 1728 1824 3328
976 1784 1824 3328
304 0 1824 536
544 3112 968 3360
720 3112 968 3360
856 1728 1168 2776
936 1888 1168 2776
0 0 768 2352
304 0 1824 512
1088 320 1824 1816
88 1680 392 1968
384 3312 1824 3792
296 360 1184 1576
272 2416 544 2592
968 1000 1480 1792
1064 1040 1480 1792
1240 968 1824 2392
1536 1496 1824 2112
144 1960 488 2352
280 1960 488 2352
384 3312 1824 3720
0 3384 1144 3824
1088 320 1824 1368
856 1728 1168 2384
0 0 768 2152
1416 2640 1784 2920
1272 320 1824 1368
976 2504 1144 2800
1080 1784 1824 3328
1272 320 1824 616
296 360 1160 1576
296 360 1128 1576
328 1368 648 1760
336 1136 1488 2392
1288 568 1824 1368
0 1944 1264 3392
400 2984 680 3368
1272 320 1824 536
1016 376 1472 1040
1296 968 1824 1920
0 3552 792 3824
1080 2048 1824 3328
1080 2048 1824 3296
336 1168 1488 2392
336 1496 1488 2392
304 240 784 424
472 2240 824 2632
520 2240 824 2536
664 3312 1824 3664
656 2496 1040 3120
784 2496 976 2832
608 0 1824 512
776 1024 1096 1576
1384 1784 1680 2192
1248 2048 1824 3008
776 1024 1048 1504
1080 376 1472 816
328 1512 648 1760
704 1912 880 2136
1080 2368 1824 3296
0 0 768 1952
0 0 576 992
1064 1040 1392 1712
1240 1024 1584 1776
0 504 272 992
1176 3312 1824 3600
608 80 1112 512
1488 3608 1824 3784
1288 568 1824 1032
0 2568 1264 3392
0 2760 1264 3392
648 248 1056 512
1440 3504 1824 3720
0 1816 400 2152
0 1944 1008 3232
112 3016 400 3232
832 0 1824 360
832 0 1824 320
1592 2368 1824 2656
0 0 576 608
0 0 568 608
0 88 312 608
576 1168 848 1624
576 1168 808 1624
296 360 1128 1224
1248 2048 1824 2912
608 80 1112 408
0 1944 1008 3072
648 528 1128 1224
704 848 1048 1224
0 336 768 1952
0 2568 312 3224
1040 1520 1488 2392
1088 2512 1824 3296
1552 1320 1824 1920
0 312 248 608
832 0 1584 296
0 2368 384 2800
0 504 264 992
336 1496 1104 2144
336 1544 904 1984
648 528 1128 872
0 824 712 1952
0 1032 712 1952
1088 2512 1592 3200
240 336 768 1304
392 864 768 1304
0 2032 608 2496
1056 1520 1488 2392
1056 1520 1488 2200
1056 1824 1344 2200
1216 2544 1592 2936
0 3584 776 3824
560 864 768 1304
1088 2512 1440 3128
0 1576 208 1952
96 3584 776 3800
344 1496 1104 2144
944 1888 1168 2544
1296 0 1824 320
240 336 704 880
256 544 704 880
128 2232 608 2496
0 1032 712 1736
1104 1520 1488 2008
0 3144 664 3392
640 2760 1264 3360
640 2952 1264 3360
0 1032 560 1344
424 1496 1104 2104
200 1944 1008 3072
424 1728 920 2104
888 2992 1264 3360
200 2496 800 3072
200 2528 648 3072
200 2528 648 3032
128 1072 712 1736
480 1544 904 1968
536 1944 1008 2664
1384 2048 1824 2912
96 3640 632 3800
0 3464 792 3824
1088 3504 1824 3840
1088 3512 1824 3840
1112 608 1800 2088
1112 608 1504 1624
0 3384 1112 3824
0 3768 1824 4000
0 3768 1200 4000
0 3768 1168 4000
0 3792 936 4000
888 3144 1264 3480
0 3600 632 3824
