0 0 1824 4000
600 88 968 1072
1000 3664 1504 3944
160 24 664 608
184 1736 680 2200
208 1736 680 2200
264 1736 544 2064
840 3760 1488 4000
816 696 1240 1056
0 0 192 512
928 0 1304 400
0 2640 792 3472
968 424 1824 1056
1232 632 1824 1056
1424 696 1824 1056
0 2664 168 3008
1184 3656 1824 4000
1184 3656 1752 4000
1048 3776 1488 4000
144 2728 464 3296
216 2728 464 3296
0 0 616 824
936 0 1304 400
1424 696 1824 976
816 1336 1192 2032
0 1824 464 2176
0 1824 264 2136
1024 1192 1384 1848
0 2704 1824 4000
0 3496 1824 4000
0 2704 1016 3608
0 3280 1016 3608
0 0 1824 3488
536 0 1824 784
536 0 1824 680
1280 0 1824 496
0 512 1824 3488
0 512 1824 3448
1512 1056 1808 1584
1536 1056 1808 1584
576 3496 1824 3768
536 0 1352 680
536 0 960 600
712 0 960 504
840 1080 1272 1528
968 1328 1168 1528
600 632 848 1072
0 24 360 824
72 24 360 552
512 3688 1016 4000
1400 1792 1800 2176
1344 104 1824 784
1344 104 1824 752
0 2456 416 2744
1016 3208 1824 3488
1016 3256 1824 3488
0 1848 216 2136
840 3760 1096 4000
1344 432 1584 656
144 24 328 344
0 3440 1016 3608
1552 104 1824 752
1216 2232 1592 2584
0 1104 960 2040
0 1136 672 2040
840 1080 1272 1360
776 80 1352 680
952 80 1352 600
952 80 1352 560
128 1336 448 1664
0 512 1680 1384
0 512 1680 1304
0 3616 824 4000
1184 1144 1456 1384
0 512 1680 1128
0 1040 1824 3448
344 1080 1176 1304
1032 3560 1560 3736
80 1104 960 1624
0 1992 1352 2832
128 1040 1824 3448
1112 2608 1384 3144
1152 2608 1384 3072
0 2016 1352 2832
384 2584 904 3064
576 2584 904 3064
712 0 960 440
776 2840 1128 3128
960 2840 1128 3056
0 3616 688 4000
288 2368 600 2608
576 624 1680 1080
600 664 1680 1080
1336 1040 1824 1664
1336 1040 1720 1664
776 0 960 440
128 1392 1824 3448
480 1392 1824 2392
480 1624 1304 2392
480 2040 904 2376
0 512 664 1128
128 2328 1824 3448
128 2632 696 3080
904 712 1680 1064
1184 3656 1704 4000
512 2328 1824 3448
632 3080 1264 3448
512 2328 1824 3424
1128 2328 1824 3168
1136 1392 1824 2384
904 712 1536 1064
56 512 664 1112
56 512 480 1112
120 536 480 1112
512 2544 1824 3424
512 2544 1600 3424
1152 736 1536 1048
1128 2376 1824 3168
1560 2888 1824 3168
1408 2928 1824 3352
1528 3016 1728 3232
512 2544 1216 3296
512 2816 992 3296
1280 0 1744 496
968 424 1408 744
568 2816 992 3232
1416 3016 1824 3352
0 3832 320 4000
840 3824 1096 4000
256 3824 488 4000
1184 3800 1600 4000
400 3800 824 4000
184 3792 488 4000
1048 3776 1488 3944
512 3736 1016 4000
1000 3664 1504 3928
1368 3656 1704 4000
0 3616 688 3928
576 3592 1136 3768
1040 3496 1824 3744
992 3280 1264 3448
0 3280 648 3504
1016 3272 1824 3488
1408 3256 1824 3432
1608 3208 1824 3400
1256 3160 1424 3368
632 3080 1008 3440
1536 3064 1824 3312
1416 3016 1584 3352
144 2992 424 3248
568 2952 768 3232
1408 2928 1584 3136
1560 2888 1760 3168
776 2888 992 3128
768 2816 992 3008
752 2736 1600 3424
1496 2728 1664 3016
216 2728 432 3032
944 2720 1136 2936
0 2720 792 3472
352 2704 984 3472
0 2664 168 2992
80 2640 448 3224
128 2632 576 2856
1176 2608 1384 2864
384 2608 616 2864
592 2584 904 3064
864 2544 1216 3016
0 2520 416 2744
152 2456 400 2656
288 2392 448 2608
1128 2376 1824 3024
424 2368 600 2608
1568 2328 1824 2512
1176 2280 1392 2448
1216 2232 1592 2520
688 2216 848 2376
1192 2160 1528 2336
1560 2104 1824 2384
480 2040 904 2248
192 2008 464 2176
1272 1992 1656 2368
184 1960 512 2200
1392 1944 1704 2216
208 1920 680 2200
264 1896 544 2064
1592 1880 1800 2176
864 1808 1056 2032
264 1736 472 1952
1000 1712 1184 2008
464 1704 672 2040
584 1624 1304 2392
0 1488 184 1680
536 1472 864 1792
592 1464 960 1728
264 1448 448 1664
1136 1392 1824 2176
816 1336 1192 2000
128 1336 296 1576
1536 1304 1696 1584
1024 1304 1368 1848
1336 1272 1528 1664
1512 1240 1680 1440
1592 1208 1792 1408
1184 1200 1456 1384
840 1176 1048 1360
0 1136 552 1952
784 1120 960 1344
80 1104 952 1624
1008 1080 1272 1344
1400 1072 1736 1496
1552 1056 1808 1440
1432 1040 1720 1280
1232 1040 1648 1232
1624 840 1824 1056
1440 808 1680 1040
120 808 480 1112
1248 776 1520 1048
1152 736 1448 1048
904 712 1512 1064
1000 704 1240 1048
1616 696 1824 976
816 696 1000 1056
600 664 1336 1080
672 648 848 1072
1232 632 1456 792
600 632 792 1072
344 624 616 1096
336 568 664 848
128 536 376 816
968 512 1200 720
1576 488 1808 824
1408 488 1608 784
776 464 984 680
1552 456 1760 752
1368 448 1584 656
1344 432 1504 640
968 432 1152 600
1160 424 1408 744
560 336 760 632
568 136 736 368
1576 104 1824 560
744 88 968 656
952 80 1320 520
72 72 360 552
160 56 352 520
144 40 328 344
320 24 664 608
1512 0 1824 168
1472 0 1720 432
1096 0 1304 400
936 0 1256 296
928 0 1096 280
776 0 960 232
712 0 912 224
536 0 720 600
0 0 1824 2392
0 1920 1824 4000
784 1080 1272 1360
0 2640 448 3248
864 1696 1184 2032
1392 1944 1704 2280
904 2224 1072 2400
936 0 1328 400
0 0 1824 1184
0 776 1824 2392
1312 2728 1664 3016
384 2608 696 3080
0 0 1824 1128
0 1920 1824 3472
0 3208 1824 4000
0 1824 264 2192
88 1824 264 2136
1576 104 1824 752
1160 408 1504 792
1232 432 1504 792
840 3760 1176 4000
776 0 1096 440
864 1712 1184 2032
0 0 328 648
0 0 328 512
264 1704 672 2040
0 2368 1824 3472
944 2720 1136 3056
1104 776 1824 1664
1104 776 1792 1664
1104 776 1792 1496
0 512 1824 1128
600 664 1824 1080
0 2368 600 3032
944 2720 1136 3008
0 3280 1824 4000
0 3448 1824 4000
0 512 792 1128
904 696 1824 1064
1184 776 1792 1496
1184 1040 1792 1496
160 0 1808 1056
400 3664 1504 4000
400 3736 1016 4000
0 2424 576 3032
0 2424 536 2672
0 2424 400 2656
0 2520 576 3032
80 2640 448 3248
0 1920 1824 3088
1128 1992 1824 3088
1160 408 1408 744
1568 2328 1824 2640
0 536 792 1128
576 624 792 1080
0 1080 1824 2392
0 536 664 1128
128 2632 576 3032
1184 1040 1720 1384
0 3448 1824 3928
1232 776 1648 1232
0 2544 1824 3472
120 536 664 1112
160 0 1808 1048
1280 0 1808 824
160 0 1320 1048
568 0 912 368
592 2544 1824 3424
1440 696 1824 1056
0 2704 1264 3472
512 2816 1264 3448
592 2544 1600 3424
1408 2888 1824 3352
160 24 1320 1048
952 80 1320 1048
0 1920 1352 2832
1400 1072 1792 1496
1368 448 1808 824
1552 456 1808 824
0 3496 1824 3928
0 1080 1176 1952
0 1104 952 1952
1128 1992 1824 3024
1416 2888 1824 3352
1128 2104 1824 3024
1216 2104 1824 2520
512 3080 1264 3448
584 1304 1824 2392
128 536 664 848
208 1920 904 2248
720 3008 944 3232
592 2544 1216 3064
0 3568 1136 3928
1616 696 1824 1056
120 624 616 1112
160 24 968 656
584 1336 1304 2392
0 2704 984 3472
0 3592 1136 3928
1024 1304 1824 2176
968 512 1240 1048
560 88 968 656
608 3424 1824 3616
1080 1112 1824 2384
144 0 664 584
0 120 240 824
0 0 616 608
0 24 568 608
1184 3672 1704 4000
424 1104 824 1288
768 3736 1096 4000
608 3448 1824 3616
896 0 1824 488
1192 1200 1464 1568
1080 0 1824 488
1280 0 1824 488
0 2680 1824 4000
0 3488 1824 4000
0 0 1824 3448
0 528 1824 3448
1080 0 1312 408
848 1736 1200 2040
1472 0 1824 488
0 2680 1016 3600
536 0 1824 976
0 2520 456 3256
0 2632 456 3256
760 672 1040 1064
760 672 992 1064
0 504 168 824
0 2632 448 3256
0 2632 304 3144
0 3408 1016 3600
0 1272 1824 3448
0 1272 1352 2768
0 1728 528 2232
128 2208 1824 3448
976 112 1824 976
0 528 1824 1584
1240 1040 1824 1584
1456 1040 1824 1584
0 528 1456 1480
0 528 1176 1328
136 528 1176 1328
136 528 688 904
648 2024 904 2224
792 1080 1456 1480
1000 1080 1456 1344
1000 1080 1280 1344
0 1768 504 2232
1328 112 1824 976
536 0 1472 704
712 0 1472 704
728 0 1472 704
0 624 616 1128
1472 0 1736 488
728 0 1272 704
848 80 1272 704
792 1136 1096 1480
64 1768 504 2232
624 2768 1640 3448
344 632 1176 1328
128 2328 1824 3280
1456 1040 1824 1536
1016 728 1680 1048
0 3488 1824 3944
1328 384 1824 976
192 624 616 1096
128 2328 1824 3232
1456 1040 1824 1392
848 2328 1824 3168
1128 2328 1824 3080
848 2552 1376 3168
848 2552 1376 3048
128 2528 896 3232
136 528 624 824
1016 728 1520 1048
360 3792 824 4000
72 3792 488 4000
768 3736 1008 4000
1432 3680 1592 3872
0 3640 696 3864
576 3488 1824 3944
0 3440 1016 3600
144 3080 448 3256
768 2848 968 3104
1016 2840 1824 3488
896 2808 1120 3048
512 2792 696 3224
624 2768 1640 3440
1048 2736 1344 3168
984 2712 1144 2912
0 2680 992 3504
552 2576 896 3232
848 2552 1376 3008
128 2528 664 2952
0 2520 440 3208
1128 2368 1824 3080
152 2368 528 2656
1624 2328 1824 2600
912 2224 1072 2400
1200 2208 1584 2568
680 2184 864 2368
1160 2088 1680 2584
80 1944 504 2232
192 1896 688 2208
64 1768 256 1976
256 1728 528 2040
472 1336 960 1632
1536 1304 1704 1584
1192 1200 1432 1368
1576 1160 1792 1416
1104 1144 1456 1328
792 1136 968 1352
0 1104 736 2056
1520 1096 1728 1536
1040 1080 1280 1344
344 1080 1176 1328
1456 1040 1808 1392
1240 1040 1648 1256
1640 848 1824 1056
144 832 344 1096
376 816 584 1088
0 808 480 1128
192 800 464 1096
0 784 160 1096
1376 776 1680 1040
1200 760 1456 1040
808 680 992 1056
584 632 816 1080
360 624 616 1096
336 584 624 824
136 528 456 784
1328 440 1664 832
976 424 1408 752
1504 384 1824 976
1176 368 1472 560
1496 248 1736 488
848 144 1128 704
552 128 768 640
0 120 240 648
1576 112 1824 552
744 88 960 656
952 80 1272 600
160 48 568 608
144 24 440 328
0 24 288 536
1472 0 1720 384
1280 0 1528 456
1096 0 1312 408
1080 0 1272 400
896 0 1104 288
728 0 912 224
536 0 720 584
352 0 664 584
536 2432 712 2832
1464 3624 1824 4000
560 1728 816 2168
0 1040 1824 4000
0 0 1824 1264
664 3680 1008 4000
0 1040 1824 2768
0 2328 1824 4000
512 2792 696 3280
1048 2728 1664 3168
840 3760 1368 4000
0 3312 1824 4000
0 0 992 1096
0 2328 1824 3504
144 0 616 328
0 1848 504 2232
728 0 1824 1264
344 1040 1824 2384
0 1104 1584 2768
0 3312 1824 3944
144 800 464 1096
64 1728 528 2040
1640 848 1824 1264
256 3792 824 4000
728 0 1824 1048
1432 3680 1592 3896
1456 1040 1808 1584
0 0 768 1096
0 504 168 1096
0 3312 1192 3600
1496 112 1824 552
584 632 992 1080
584 632 904 1080
344 1080 1176 1480
0 3448 1824 3944
536 0 776 640
1536 1160 1792 1584
1080 1040 1824 2384
0 1104 1352 2768
136 0 768 1096
552 2328 1824 3488
1016 2328 1824 3488
952 80 1824 1048
552 2552 1640 3440
728 0 1128 704
1280 0 1720 456
0 2520 992 3504
136 528 624 1096
952 80 1824 976
0 1104 736 2208
1016 2368 1824 3488
728 0 960 656
1104 1040 1648 1328
552 2576 1640 3440
976 384 1824 976
160 0 768 640
160 0 664 608
976 424 1664 832
0 2520 664 3208
760 336 1192 808
760 336 1192 720
904 0 1312 408
0 3832 336 4000
1056 2096 1424 2448
1080 2096 1424 2448
776 488 1192 720
1616 512 1824 1016
1616 512 1824 832
0 0 760 824
712 3760 1096 4000
1136 2440 1456 2792
1008 3688 1552 4000
728 0 912 232
1008 3688 1504 4000
632 1120 1328 1952
632 1120 1200 1952
632 1120 968 1632
848 3760 1096 4000
1536 1056 1824 2104
1576 1056 1824 2104
1608 1264 1824 2104
88 1960 496 2248
1008 3688 1504 3936
1168 2016 1424 2256
600 3448 1824 3728
600 3496 1824 3728
904 0 1216 400
840 1336 1200 1952
0 0 760 632
0 2664 440 3488
640 1120 968 1424
0 1472 544 2056
0 1472 280 1880
128 0 760 632
352 0 760 632
0 0 1824 1152
712 0 1824 840
80 1760 544 2056
712 0 1776 840
1280 0 1824 560
1152 3688 1504 3936
712 0 1648 840
0 1832 376 2472
0 1832 256 2368
600 3496 1824 3688
0 1080 720 1608
0 1080 640 1608
64 1624 432 1928
712 0 1160 600
792 1688 1192 2376
1032 1688 1192 2120
1200 2208 1544 2392
1232 2336 1720 2592
1232 2336 1592 2568
368 2696 696 3264
0 512 1824 1152
0 512 792 1152
0 3504 1824 4000
0 3504 1640 4000
0 1040 1824 3624
0 3096 1008 3624
0 3504 1288 3864
944 160 1160 600
0 3504 1288 3728
1144 136 1648 840
0 1040 1824 3464
192 1248 760 2200
248 1248 688 2048
264 1440 688 2048
0 3560 768 3728
792 2016 1128 2376
1168 392 1648 840
568 672 1824 1104
568 672 1464 1104
456 1040 1824 3224
1312 2448 1824 3224
1520 2448 1824 3224
0 2520 1824 3464
1280 0 1712 456
456 1040 1824 2464
224 1392 1384 3232
192 1912 760 2200
352 0 736 400
856 1040 1824 2464
240 3568 1640 4000
1520 2776 1824 3224
0 2168 376 2472
1368 3672 1824 4000
1368 3672 1704 4000
856 1184 1824 2464
1128 1296 1824 2464
856 1184 1384 1608
968 1184 1384 1480
1136 1456 1824 2464
1136 1576 1824 2464
224 1472 1384 3232
784 2088 1240 2568
712 0 944 600
784 2256 1240 2568
1368 3672 1624 4000
0 3304 600 3504
568 672 1280 1104
224 1472 936 2672
416 1472 936 2672
720 2480 1384 3232
1136 1816 1824 2464
1352 1816 1824 2464
512 1472 936 2672
0 512 776 1152
1400 1816 1824 2464
1520 1888 1824 2464
1520 1888 1824 2368
720 2488 1384 3232
456 1080 1584 1376
456 1080 1584 1328
192 2576 1824 3464
192 2576 808 3240
192 2616 664 3240
192 2616 624 3240
192 2680 448 3240
0 2832 440 3488
720 2488 1264 3232
720 2816 992 3232
568 2752 1824 3464
0 512 576 1152
0 584 576 1152
0 784 576 1152
0 3096 984 3624
120 800 576 1152
568 2752 1656 3464
568 2800 1440 3464
512 1552 936 2672
1240 2752 1656 3136
1240 2752 1656 3016
456 1080 1184 1328
0 3096 752 3624
552 608 776 1088
592 1656 936 2672
568 2808 1264 3464
672 3304 1008 3544
1040 1184 1384 1424
624 3568 1640 3808
48 512 360 792
568 2808 1120 3440
568 2808 1120 3352
1120 3160 1824 3464
400 3816 656 4000
1368 3808 1600 4000
496 3784 832 4000
880 3760 1096 4000
712 3760 872 4000
1152 3728 1504 3936
1008 3728 1328 3936
0 3680 432 3864
1424 3672 1624 3880
240 3648 688 4000
624 3624 1136 3808
1480 3568 1768 3728
1072 3568 1640 3736
1568 3536 1824 3736
720 3304 1000 3464
0 3304 312 3496
1120 3280 1824 3464
1008 3184 1264 3464
1472 3160 1824 3424
0 3128 440 3488
320 3096 688 3480
1536 3056 1824 3312
192 2920 384 3080
1408 2912 1600 3136
408 2904 696 3264
1520 2872 1760 3224
192 2848 448 3240
648 2840 1120 3352
0 2832 296 3216
768 2816 992 3104
568 2808 848 3240
1048 2800 1440 3392
1664 2776 1824 3088
1408 2768 1656 3016
1240 2752 1424 2984
944 2712 1160 3008
368 2696 576 2992
200 2680 384 2960
88 2632 280 3000
376 2616 624 2856
1152 2608 1384 2880
568 2576 808 3008
0 2520 416 2776
1200 2488 1456 2792
856 2488 1264 3016
768 2480 1080 2672
1312 2472 1640 2824
1568 2448 1824 2872
1136 2440 1304 2648
288 2440 448 2608
536 2432 696 2832
1392 2336 1592 2568
784 2312 984 2520
1176 2280 1424 2448
1464 2256 1656 2432
944 2256 1240 2568
1056 2216 1224 2400
792 2216 976 2376
224 2208 536 2584
176 2192 376 2448
592 2184 872 2672
0 2168 248 2472
416 2104 864 2608
1584 2096 1824 2368
936 2088 1104 2304
1352 2032 1584 2280
1216 2016 1424 2224
808 2016 1128 2264
208 2000 496 2248
1504 1992 1704 2200
464 1992 760 2200
0 1992 256 2368
656 1960 832 2160
88 1960 272 2192
192 1912 536 2128
1520 1888 1792 2216
1136 1864 1392 2144
1400 1816 1688 2088
80 1816 256 1976
1456 1792 1776 2016
240 1760 544 2056
856 1712 1032 2032
64 1688 256 1872
424 1680 688 2048
680 1656 936 2192
1136 1624 1632 2136
168 1624 432 1928
616 1616 824 1824
0 1608 248 1880
1368 1576 1536 1864
512 1552 744 2088
840 1496 1040 1816
0 1488 176 1680
1080 1480 1328 1680
616 1472 888 1744
264 1440 552 1776
1424 1392 1728 1816
480 1392 672 1632
936 1336 1200 1952
632 1336 928 1632
1536 1320 1720 1576
1128 1296 1456 1624
104 1288 296 1528
1608 1264 1824 1840
464 1264 720 1432
0 1256 224 1512
640 1224 880 1424
1184 1208 1440 1376
856 1192 1048 1608
344 1176 640 1608
784 1120 968 1336
736 1080 1184 1328
0 1080 632 1352
1576 1056 1808 1416
1392 1040 1736 1576
608 880 792 1072
120 808 352 1152
328 800 576 1096
1408 784 1824 1048
1216 760 1464 1048
1192 744 1440 984
1008 720 1240 1056
1640 688 1824 1016
136 640 384 832
568 632 776 1088
552 608 712 872
344 584 568 832
136 528 360 792
1632 512 1824 800
776 496 984 688
968 488 1192 720
1376 464 1648 840
976 424 1160 600
1552 416 1776 752
1336 408 1560 624
1168 392 1408 760
760 336 952 648
552 336 760 632
760 176 944 472
944 160 1152 600
360 136 552 592
1656 112 1824 560
352 56 560 400
168 56 360 560
1512 0 1824 160
1464 0 1712 376
1280 0 1560 456
1120 0 1312 408
904 0 1120 400
528 0 736 384
128 0 352 440
0 0 208 512
0 0 1824 1336
0 3304 1824 4000
0 1040 1824 3488
104 1288 296 1696
712 3760 928 4000
1184 1144 1456 1376
0 2256 1824 3488
0 1040 1824 2776
1056 1576 1824 2648
1136 1576 1824 2648
1096 0 1312 528
0 1760 544 2112
56 3496 1824 3728
1080 1480 1328 1848
880 3760 1152 4000
480 1392 744 2088
1136 1864 1424 2224
1216 688 1824 1336
56 3504 1288 3688
568 2576 912 3008
1136 2280 1592 2648
1200 1576 1824 2432
1200 1784 1824 2432
0 0 1824 1248
0 1176 1128 2776
208 2000 896 2608
416 2096 896 2608
1136 2336 1592 2648
1120 3032 1824 3464
1152 2488 1656 3016
0 1040 1824 2304
0 1080 1584 1880
88 2432 696 3264
88 2616 696 3264
376 2616 664 2952
88 2632 696 3264
1008 3688 1552 3936
936 1040 1824 2304
0 1080 1584 1520
0 1080 1584 1424
328 632 1280 1104
0 2664 992 3488
1008 3728 1552 3936
1152 3728 1552 3936
648 2256 1824 3464
0 0 568 1248
936 1688 1224 2304
0 3536 1824 4000
528 0 1824 1056
1152 2608 1656 3016
592 1192 1128 2672
0 3304 1008 3712
936 2088 1224 2304
1480 3536 1824 3736
1408 688 1824 1336
1408 784 1824 1336
192 2808 992 3480
0 3304 1008 3624
1128 1040 1824 2280
1136 1624 1792 2280
1136 1624 1704 2280
1136 1624 1704 2200
200 2680 696 3264
0 1080 1584 1352
776 496 984 808
1464 1784 1824 2432
1336 408 1824 832
1128 1040 1824 1840
0 3568 1640 4000
840 1192 1048 1816
1136 2400 1456 2648
1336 408 1824 800
0 56 568 1248
1464 0 1824 560
1576 1056 1824 1840
1120 3144 1824 3464
528 0 1648 1056
528 0 1120 632
528 0 1120 600
528 0 944 600
248 3496 1824 3728
0 56 552 1248
1584 1784 1824 2368
0 1176 760 2776
528 0 848 600
0 1256 248 1880
0 1488 248 1880
0 1912 760 2776
88 1912 760 2200
88 1912 536 2192
1592 3672 1824 4000
0 104 352 1248
144 56 552 592
0 1992 544 2776
1312 2344 1824 3328
1312 2448 1824 3328
0 2208 544 2776
1128 1040 1736 1816
1400 1816 1792 2216
760 160 1648 1056
1336 408 1776 752
320 2808 992 3480
568 2808 992 3240
0 1992 376 2472
0 1992 376 2448
168 1176 720 2048
648 2256 1440 3464
136 528 568 832
0 3320 1008 3624
0 3440 1008 3624
592 1336 1128 2672
592 1656 1128 2672
648 2800 1440 3464
0 784 352 1248
168 1176 688 2048
168 1440 688 2048
0 2520 544 2776
760 160 1160 648
0 1080 1384 1352
400 3784 832 4000
768 2256 1264 3016
616 1336 928 1824
1392 1040 1736 1816
592 1656 1032 2672
1416 2448 1824 3328
1416 2872 1760 3328
168 56 552 592
760 0 944 472
680 1656 1032 2192
568 632 1280 1104
968 392 1648 1056
