0 0 4000 1824
1840 680 4000 1752
768 816 1816 1824
2392 832 4000 1368
560 352 1072 624
1600 552 1896 744
1032 1304 1816 1824
3144 456 4000 1136
688 1456 1448 1824
896 1648 1448 1824
1088 336 1760 1176
3744 432 4000 888
2392 968 4000 1368
2392 968 3544 1184
0 472 1392 1824
0 624 1248 1824
1808 1208 4000 1824
0 472 1392 720
0 488 816 720
2800 40 3896 536
2800 40 3896 448
2920 40 3896 448
3224 64 3896 448
3144 528 4000 1136
3600 528 4000 960
0 624 1248 1152
2096 664 2752 1208
664 0 1856 216
936 24 1856 216
1232 48 1856 216
1248 48 1856 216
2800 232 3128 440
0 0 856 440
0 48 856 440
2648 1208 4000 1824
2648 1312 3792 1824
0 624 256 832
2920 40 3392 416
0 72 744 440
0 88 528 440
1088 336 1648 1176
1056 752 2304 1824
1056 752 2128 1688
1800 40 2352 280
1960 40 2352 280
2080 40 2352 216
3144 800 4000 1136
3144 800 4000 1120
3144 800 3704 992
3128 200 3392 392
2904 1208 4000 1824
0 0 784 352
0 0 752 352
56 0 752 176
1472 1392 2304 1824
0 784 1096 1824
0 0 4000 1184
0 112 2152 640
0 112 1992 640
1464 112 1992 552
1368 0 4000 1184
1776 0 4000 1184
1776 0 3912 1184
1776 0 3912 984
1776 0 3176 400
1992 296 3912 984
1576 656 1896 1032
2184 424 3912 984
1368 536 2160 968
1616 536 2160 968
1616 536 2008 968
3152 0 4000 872
1368 632 1640 920
1992 296 2736 584
0 176 1624 640
0 184 1208 640
0 184 1072 640
0 184 1048 640
0 192 648 624
648 296 1072 584
1392 632 1640 896
0 88 528 408
0 864 1056 1824
1920 456 3160 1184
2024 496 3160 1184
0 0 384 352
0 112 352 352
360 184 1048 640
0 1072 1056 1824
0 1184 1056 1824
2024 496 2784 1184
2648 1312 3576 1824
432 1072 992 1648
296 784 1096 1096
0 1368 368 1720
16 1368 368 1656
3152 64 4000 872
3152 64 4000 688
3400 64 4000 568
2096 0 3176 400
3616 64 4000 568
3672 184 4000 568
2920 40 3360 416
1896 536 2160 912
3376 1288 4000 1824
3376 1288 3936 1824
360 264 704 640
2456 576 3160 1088
2456 576 2792 792
2904 1208 3504 1640
2904 1208 3488 1640
2936 1216 3488 1584
2936 1216 3368 1424
3120 1216 3368 1424
3704 912 4000 1120
1624 1392 2304 1824
2096 0 3080 400
1056 752 2064 1688
1184 176 1624 408
2648 1312 3464 1824
3000 1656 3464 1824
2936 1224 3216 1424
2112 376 2736 584
3224 64 3712 288
2296 48 3080 400
3048 832 4000 1312
3488 200 3896 448
360 1184 1056 1824
2328 656 2784 1048
360 1480 1056 1824
2392 968 3392 1176
552 1480 1056 1824
2992 1360 3792 1824
2296 80 3080 400
3376 1632 3576 1824
288 1552 680 1824
1472 1520 1832 1736
3328 1504 3792 1824
16 1488 248 1656
552 1480 936 1792
688 1456 1000 1720
3736 1400 4000 1824
1632 1392 2304 1824
3768 1384 4000 1760
88 1368 368 1552
2992 1360 3600 1664
0 1336 456 1824
2648 1312 3208 1824
744 1312 920 1648
1032 1304 1312 1672
3336 1248 3504 1424
3192 1240 3488 1584
2960 1232 3216 1424
1808 1216 3112 1824
2904 1208 3256 1640
3456 1184 4000 1368
3376 1184 4000 1400
376 1184 696 1696
432 1072 992 1568
1944 1064 2408 1296
0 1024 240 1224
0 1016 760 1536
0 1016 464 1328
1056 984 2064 1688
1648 968 2128 1264
2360 952 2616 1120
128 936 320 1104
3832 928 4000 1120
840 888 1168 1104
528 864 960 1072
1632 856 1832 1048
2496 824 2784 1048
296 824 752 1096
768 816 1808 1824
616 784 1096 952
1256 752 1784 1288
1576 704 1808 872
0 696 464 872
1392 680 1640 896
2520 672 3160 1088
2096 664 2320 1184
3040 656 3912 984
2328 656 2576 1048
1624 656 1896 1032
1616 648 1968 968
2664 632 2968 792
1400 632 1624 816
2528 592 2792 792
3656 584 3936 912
3520 584 3736 800
3376 576 3736 872
1600 552 1888 744
1096 552 1648 1176
1896 536 2160 800
1768 536 2008 840
3152 512 3624 688
2024 496 2704 1184
0 488 512 720
3744 480 4000 888
696 472 1392 672
3480 456 3840 720
1920 456 2272 648
0 448 288 624
680 440 1072 600
2184 424 3424 856
360 416 696 640
2304 376 2736 584
1528 376 1760 616
1048 376 1208 544
712 368 1072 536
3016 360 3504 536
560 352 784 624
3672 336 4000 568
1088 336 1536 640
1992 296 2600 456
648 296 960 584
472 264 704 472
2848 232 3128 392
2296 232 2952 400
1688 216 2152 552
3336 208 3512 408
3184 208 3392 384
3128 200 3384 392
0 192 648 600
0 192 528 408
3816 184 4000 400
3624 184 3896 352
592 184 1048 360
1464 168 1816 552
1776 160 2160 320
1584 112 1992 448
2592 80 3080 280
1960 80 2120 280
3768 72 4000 304
3616 64 3840 272
3224 64 3536 248
896 48 1160 208
520 48 856 224
2920 40 3144 296
936 24 1384 200
3216 0 3640 200
2096 0 2768 304
936 0 1328 160
56 0 552 176
1032 1304 1984 1824
0 0 1888 1824
768 0 4000 1824
3128 200 3512 408
2984 696 3704 992
0 40 856 440
1528 376 1888 744
896 0 4000 1312
0 0 1816 1824
768 680 4000 1824
2936 1224 3240 1424
2392 968 4000 1400
896 0 1744 216
896 0 1384 208
568 1312 1448 1824
2648 232 3128 496
1280 0 4000 1312
1280 0 4000 1184
1896 536 2160 808
0 40 784 440
1776 160 4000 1312
2584 0 3640 200
936 0 1384 200
2712 384 3248 552
360 168 1816 1392
568 1312 1000 1720
320 472 1392 744
2184 376 4000 1312
1776 160 2688 496
0 0 1624 1824
0 0 1624 872
1776 160 2600 496
768 816 3112 1824
3520 584 3936 912
648 168 1816 1392
0 992 712 1328
3016 0 4000 872
1840 680 4000 1824
648 256 1784 1392
1280 0 3392 1184
3768 72 4000 400
1280 0 3392 520
1616 216 2704 1184
648 256 1536 640
2640 40 3392 520
688 1312 1000 1720
2736 40 3392 416
1472 1520 1920 1768
0 624 1248 1536
2904 1208 3936 1824
2456 576 4000 1312
1096 552 1784 1392
1616 216 2152 968
1616 536 2120 968
1768 536 2120 912
1280 0 3080 472
0 0 1624 720
56 0 1064 224
56 0 984 176
712 256 1536 640
0 176 1624 720
712 336 1536 640
1048 336 1536 640
3000 1632 3576 1824
2496 672 4000 1312
3544 0 4000 272
1280 0 3080 400
1632 856 2128 1264
3088 40 3392 384
2904 1208 3368 1640
1920 456 2704 1184
1912 0 3080 400
1912 0 2496 328
1280 0 2040 192
3016 64 4000 872
3016 64 4000 568
3016 336 4000 568
1280 0 1856 176
1096 552 1784 1288
2960 1232 3936 1824
0 176 1624 600
0 784 1096 1536
0 192 528 440
592 176 1624 408
592 184 1184 360
3480 456 4000 960
1912 0 2328 280
2992 1240 3936 1824
2184 376 3912 1008
2184 376 3424 856
0 1488 248 1720
3040 656 3912 1008
768 816 2304 1824
1776 160 2600 456
3400 336 4000 568
2992 1288 3936 1824
3152 512 3736 872
296 824 960 1096
0 1072 992 1824
376 1072 992 1792
376 1072 992 1696
1472 1520 1848 1736
2096 0 3080 304
3736 1384 4000 1824
3328 1288 3936 1824
1056 984 2304 1824
2496 672 3160 1088
456 216 824 472
456 560 1848 1824
2760 832 4000 1368
2936 832 4000 1312
2968 0 3536 408
2968 0 3336 192
456 560 1808 1824
3376 1256 3976 1800
1400 216 1816 552
0 136 384 416
0 1024 1480 1824
1760 224 2144 640
1960 304 4000 1136
2104 304 4000 1136
0 712 456 904
3160 56 3536 408
3208 184 3536 408
0 1184 1480 1824
888 1656 1480 1824
1064 624 4000 1824
1064 656 3120 1824
2104 304 4000 1120
0 1184 1104 1824
1632 0 2200 184
1912 0 2200 184
1336 624 4000 1824
1432 624 4000 1824
1704 680 4000 1824
2912 1208 3608 1640
0 0 4000 1360
1768 0 4000 888
1840 0 4000 888
1952 0 4000 888
1952 0 4000 872
0 0 3392 1360
648 0 1384 328
648 0 1384 224
936 0 1384 224
0 0 1592 1360
0 0 1592 832
0 0 1232 632
0 0 832 632
0 0 832 624
3584 1408 4000 1824
0 1312 1104 1824
1440 216 1816 552
672 296 1232 568
2136 0 4000 872
1504 1432 1984 1824
1216 0 3392 1208
1216 0 2160 864
1216 0 2136 848
0 32 832 624
0 208 640 624
3760 1408 4000 1824
0 144 1592 832
0 192 1592 832
0 640 1248 1360
3152 856 4000 1136
3416 904 4000 1136
568 1360 936 1664
688 1360 936 1664
1216 0 2136 640
3008 48 3416 416
3008 200 3416 416
3008 200 3384 416
288 1480 1104 1824
360 1480 1104 1824
0 0 784 520
0 448 256 624
0 640 1248 1168
0 784 856 1360
3280 0 3624 200
1216 0 2136 600
1216 0 1992 400
1496 0 1992 400
2136 0 3416 648
2136 0 3248 536
1312 232 2136 600
120 1088 528 1312
696 192 1592 632
3400 64 4000 872
3624 64 4000 872
3624 64 4000 432
2000 504 3392 1208
672 296 1088 568
3224 64 3696 288
1504 1584 1984 1824
2312 1280 3552 1824
2912 1208 3472 1576
2920 1216 3472 1576
48 816 528 1184
1064 760 3120 1824
2688 40 3144 312
2136 0 2976 416
2136 48 2976 416
3656 64 4000 432
2312 1280 3312 1824
2312 1280 3160 1784
2416 632 3264 1096
3584 1640 3800 1824
3768 1632 4000 1824
1504 1584 1920 1768
288 1552 672 1824
0 1480 272 1712
496 1472 720 1656
688 1456 896 1664
1584 1432 1816 1600
3760 1408 4000 1712
2720 1368 3160 1784
736 1360 936 1664
3392 1352 3608 1640
0 1312 632 1824
3376 1288 3976 1800
2312 1280 2768 1512
3448 1256 3888 1496
2984 1224 3472 1576
2944 1224 3216 1424
1040 1224 1336 1664
408 1184 632 1352
384 1152 648 1352
2760 1144 4000 1368
0 1024 752 1552
1840 968 2408 1280
2344 952 2616 1120
312 928 736 1136
48 928 368 1184
1632 856 1808 1048
832 824 1256 1064
2080 800 2408 1208
384 776 1152 1152
0 720 456 904
0 712 384 880
3328 656 3688 888
1368 656 1904 1080
1336 648 1592 1176
2416 632 3144 1080
1064 632 1264 880
3376 568 3848 888
2464 568 2952 784
1760 568 1968 752
3744 560 4000 912
1576 560 1896 848
1808 536 2160 864
3168 512 3552 680
0 480 816 832
1368 464 1592 640
0 456 256 624
2184 424 4000 1120
3400 408 3800 608
3672 384 4000 872
576 384 944 624
1616 376 1776 552
1312 376 1760 600
1064 376 1232 544
3192 360 3504 536
2696 344 3248 536
672 344 1088 568
2104 304 3152 592
416 304 696 632
3496 240 3896 448
2296 232 2976 416
1720 232 2136 552
1872 224 2144 512
1440 216 1816 520
456 216 696 472
3304 208 3512 408
120 208 640 608
3176 200 3416 392
3128 200 3336 376
296 192 536 384
3808 184 4000 432
1816 160 2160 344
592 144 1064 360
0 136 384 344
1600 120 1992 400
3592 104 3872 328
1216 104 1752 272
2592 88 2888 256
1768 72 2040 304
3656 64 4000 296
2136 48 2744 248
1952 48 2304 296
2696 40 3144 312
0 40 784 520
520 32 832 224
2192 0 2368 192
1496 0 1800 208
944 0 1264 160
432 0 752 176
944 0 1376 160
672 624 1264 1064
1760 224 2184 664
0 0 4000 1120
296 32 1048 384
496 1360 1480 1824
0 504 4000 1824
672 624 1264 880
1768 72 4000 1120
1400 216 1600 408
0 0 4000 888
2584 0 3536 408
3448 1256 4000 1824
120 928 736 1312
2760 1144 4000 1400
416 296 1248 632
416 296 792 632
2584 0 3336 192
576 376 1248 624
568 1360 1480 1824
568 1440 1480 1824
0 560 1944 1824
1336 560 1896 1176
1432 560 1896 848
2856 176 3128 368
576 384 1248 624
688 1456 1480 1824
1912 0 4000 888
0 0 2136 832
2328 0 3416 416
2416 88 2888 256
1216 0 2032 272
1064 504 4000 1824
1704 504 4000 1824
296 32 832 384
2424 0 3416 416
3280 0 3896 352
2944 1224 3976 1824
1768 72 2160 344
1216 0 1832 272
1368 656 1944 1120
3280 0 3872 328
1760 504 4000 1312
1312 120 2136 640
2688 40 3416 416
1312 120 2136 600
1312 216 2136 600
1760 504 3392 1208
0 208 816 832
3536 0 4000 432
0 560 1920 1824
2696 40 3416 416
592 0 1592 632
1496 0 1832 208
1912 0 3896 888
1912 0 2976 488
0 640 1248 1824
2696 64 3896 888
1912 0 2976 416
456 560 1920 1824
1952 48 2976 416
2416 632 4000 1312
2944 1224 3976 1800
0 112 384 344
592 0 1384 568
592 144 1200 568
2696 40 3384 416
2696 64 3896 680
1312 216 1816 600
1760 536 2160 864
592 144 1200 360
0 1024 752 1824
2696 240 3896 680
1952 48 2744 296
0 640 1248 1184
2696 344 3800 680
3168 360 3800 680
2984 1224 3976 1800
3192 360 3800 608
2368 848 2576 1072
168 176 4000 1824
2096 632 4000 1376
552 656 1240 984
1640 0 4000 1120
1056 648 3528 1824
2112 0 4000 888
3744 496 4000 888
0 72 440 352
2240 536 4000 1328
168 480 1040 712
0 1240 280 1536
2328 0 2760 216
664 296 1088 536
1600 704 2344 1416
1600 1000 2344 1416
400 176 4000 1824
872 176 1624 536
2512 600 4000 1328
0 0 3232 1824
0 648 1272 1824
0 0 3232 1160
1904 280 2176 504
2920 1216 4000 1824
2208 1048 4000 1376
2208 1048 3544 1208
3208 1256 4000 1824
400 376 4000 1824
2112 0 4000 808
2112 0 4000 760
2112 0 4000 648
2896 32 3400 400
400 376 2176 1824
1680 536 2176 1104
1992 992 4000 1824
2168 1144 4000 1824
1000 176 1624 408
0 0 2400 800
0 168 1056 800
0 184 688 800
0 424 296 800
2896 32 3336 368
2200 592 3232 1160
0 112 344 352
2240 592 3232 1160
0 0 2400 768
0 0 800 416
0 64 800 416
648 0 2400 768
736 0 2400 768
1088 0 2400 768
0 728 1272 1824
304 64 800 384
648 0 1192 200
2112 0 4000 536
2112 0 4000 416
2112 0 4000 376
2112 0 4000 336
2112 56 3032 336
2112 56 3032 296
1056 648 1776 1568
1056 752 1536 1568
1056 1192 3528 1824
3224 152 3912 528
2208 1048 2848 1208
1120 0 2400 768
1368 224 2400 768
1600 1064 2344 1416
2920 1216 3448 1424
2672 728 4000 1328
2672 728 3192 968
392 1472 1272 1824
392 1472 1000 1824
1056 1280 3528 1824
0 728 976 1824
224 944 976 1216
296 944 976 1216
2696 264 3560 536
0 728 792 1824
2280 592 3232 1160
1120 0 2000 464
3224 232 3912 528
0 1064 640 1824
0 1176 640 1824
144 1176 496 1544
1376 648 1776 1256
1424 672 1776 1256
1472 672 1776 1112
2280 592 3184 1160
400 376 1864 1824
400 376 1864 1576
792 376 1864 1296
3496 1016 3936 1296
2312 720 3184 1160
1368 224 2264 768
272 648 800 880
2304 368 3256 648
2304 432 3256 648
1824 536 2176 864
2576 0 4000 312
1640 0 4000 1088
1784 136 4000 1088
1408 224 2264 768
1408 224 2264 600
3224 0 4000 312
2392 720 3184 1160
2392 720 2840 1160
2064 1200 2344 1376
0 728 792 1216
0 760 608 1216
0 760 608 1088
272 664 696 880
1056 1280 3360 1824
2328 1280 3360 1824
2328 1280 3048 1824
0 1344 640 1824
0 1480 640 1824
400 1040 1304 1576
792 376 1864 1008
792 472 1864 1008
1152 552 1864 1008
1056 1280 2688 1824
1640 0 2352 320
3512 0 4000 312
3712 912 4000 1120
0 0 600 248
3048 1424 3528 1824
2512 488 3256 648
1784 136 3784 984
2400 720 2840 1048
3376 536 3832 888
2344 1168 4000 1824
2344 1176 3784 1824
1536 1280 2688 1824
2328 1280 2832 1632
2432 1304 2832 1632
2808 840 3184 1064
0 760 360 1088
3360 1256 4000 1824
3512 1368 4000 1824
3624 1528 4000 1824
3624 1528 3960 1824
3088 864 4000 1328
392 1624 1000 1824
2344 1176 3656 1792
2952 1168 4000 1448
3488 448 4000 1088
624 1040 1304 1512
624 1040 1120 1368
1848 0 2352 320
736 1304 1664 1824
3088 864 3872 1160
880 816 1368 1296
2744 1232 3656 1792
2992 1368 3656 1784
3768 1368 4000 1720
1648 1304 2688 1824
1832 1304 2688 1824
3048 1424 3368 1784
2056 304 3784 984
2776 592 3784 984
1904 536 2176 800
2056 304 2984 712
2056 304 2696 512
1096 1320 1408 1568
728 1040 1120 1368
2112 416 2984 712
736 1304 1496 1792
1832 1304 2680 1824
1832 1304 2656 1824
1832 1304 2440 1824
464 296 1120 632
1832 1304 2408 1824
1832 1304 2400 1824
1832 1304 2256 1576
392 1656 1000 1824
3696 1648 3960 1824
3464 1648 3784 1824
2496 1632 2688 1792
2376 1600 2656 1824
2624 1552 3048 1824
2016 1552 2224 1736
1736 1552 2112 1800
3088 1544 3368 1784
0 1544 640 1824
1056 1536 1832 1736
3624 1528 3824 1776
2080 1496 2400 1824
3240 1480 3528 1824
416 1472 792 1752
3288 1456 3656 1784
32 1440 224 1656
3048 1424 3328 1664
2376 1424 2576 1680
2160 1392 2408 1560
1648 1392 1856 1568
1096 1392 1272 1568
168 1392 440 1720
1368 1376 1584 1536
3512 1368 3848 1656
736 1352 1160 1688
376 1344 560 1592
176 1344 376 1544
1240 1320 1408 1544
1912 1312 2256 1576
2504 1304 2832 1632
1832 1304 2104 1520
992 1304 1496 1792
3208 1296 3424 1504
0 1288 280 1536
2328 1280 2672 1472
1536 1280 1848 1520
840 1280 1096 1464
3360 1256 3824 1640
992 1248 1304 1512
400 1248 880 1576
2744 1232 3200 1792
2936 1224 3208 1424
3224 1208 4000 1448
2064 1200 2280 1376
3432 1184 4000 1376
1120 1184 1368 1368
2344 1176 3224 1504
144 1176 496 1384
432 1136 912 1320
1400 1120 1664 1464
728 1088 992 1368
1600 1064 2112 1416
0 1064 576 1312
1824 1040 2016 1208
928 1040 1120 1336
3776 1032 4000 1328
3496 1016 3864 1272
0 1000 288 1216
1992 992 2256 1208
1056 992 1480 1568
1424 976 1720 1256
880 968 1216 1296
3712 912 3944 1088
3280 912 3872 1160
2368 848 2552 1072
1472 848 1752 1112
2808 840 3032 1056
2536 840 2840 1048
240 832 608 1048
0 832 176 1040
880 816 1368 1264
112 760 360 1088
1368 752 1536 1096
2672 728 3064 928
464 728 792 960
2400 720 2720 936
1624 704 1864 1064
0 696 448 880
1824 688 2000 864
272 680 552 880
3632 672 4000 1088
1488 672 1776 936
2240 664 2424 1072
944 656 1240 888
3040 648 3784 984
1680 648 2168 1104
1624 648 1864 840
1376 648 1616 904
2352 640 2584 872
0 640 248 800
3376 632 3832 888
2096 632 2392 1168
720 632 1072 904
2200 624 2360 1072
2512 600 2896 760
1904 600 2176 800
2776 592 3528 904
2280 592 2616 824
1528 552 1968 768
1152 552 1640 1008
3744 536 4000 888
3424 536 3736 792
2440 536 2984 712
2240 536 2584 752
2712 512 3496 808
3768 496 3936 688
2056 496 2400 672
168 480 520 712
792 472 1416 656
3488 448 4000 952
0 424 296 664
464 416 960 632
3168 376 3560 536
1056 376 1440 552
1592 368 2264 600
872 336 1528 536
3224 328 3672 528
1944 312 2176 504
264 312 576 600
2056 304 2432 472
472 296 1120 584
1904 280 2112 448
2696 264 3288 512
3816 232 4000 432
3472 232 3912 448
1408 224 1880 472
3192 208 3400 400
0 208 400 416
3128 200 3336 368
1000 192 1448 408
736 192 1200 360
0 184 688 600
304 168 576 384
3832 152 4000 312
3288 152 3832 384
1784 136 2160 320
0 136 344 352
2112 128 2888 296
1360 96 2000 464
264 72 440 240
400 64 800 264
2728 56 3032 256
3040 40 3200 224
1088 40 1600 216
896 40 1192 200
2896 32 3160 248
3512 0 4000 296
3224 0 3648 192
2328 0 2544 208
2016 0 2352 320
1848 0 2200 160
648 0 1080 160
432 0 760 176
0 0 560 248
0 0 1952 1824
648 0 4000 1824
648 0 4000 1088
1784 136 3944 1088
648 0 4000 864
1240 368 4000 1824
648 0 4000 768
0 0 1664 1824
2208 1040 4000 1376
2096 368 4000 1328
2240 368 4000 1328
3680 392 4000 760
648 0 1736 216
264 296 1416 656
464 296 1416 656
0 632 1664 1824
2208 1040 3544 1208
1000 0 4000 768
2112 128 3128 416
2112 128 3128 384
2344 224 3128 384
2936 1224 3424 1504
3120 1264 3424 1504
1056 376 1648 1568
1056 488 1640 1568
1056 552 1640 1568
2240 448 4000 1328
0 0 1440 880
1240 536 4000 1824
1616 1216 4000 1824
0 0 1440 712
2304 368 3832 888
0 168 1440 712
0 944 976 1656
32 944 976 1656
0 0 760 352
0 168 1200 712
128 0 760 176
2168 1144 4000 1504
2344 1168 4000 1504
2696 0 4000 536
1000 0 3032 768
1056 1392 1952 1824
0 640 448 880
1240 536 2280 1568
1784 136 2984 712
0 0 560 352
1088 40 1736 216
0 168 1200 664
616 168 1200 360
