0 0 4000 1824
2064 0 2824 176
0 1040 656 1232
3552 384 3808 584
0 64 720 1064
2512 400 2840 872
152 1040 656 1232
2936 208 3376 544
832 728 1264 1040
2240 216 2504 424
2936 208 3288 544
0 104 720 1064
2512 464 2840 872
2240 816 2520 1048
0 104 544 1064
0 104 456 1064
0 104 456 648
0 104 456 488
96 104 456 344
720 1048 968 1264
1792 0 4000 1824
2688 456 3784 1288
2592 464 2840 856
1840 0 4000 1824
2456 1304 2872 1640
2688 456 3784 1240
0 0 2712 1824
1384 488 1560 704
280 648 544 920
0 128 320 488
3744 448 4000 736
2784 456 3784 1240
1520 0 1816 160
3408 1200 4000 1824
2064 0 2672 176
2224 464 2424 712
320 176 840 672
248 104 720 472
832 728 1264 1000
0 0 2712 1472
1128 0 1424 304
472 176 840 624
2784 512 3784 1240
3200 1304 3592 1736
3200 1464 3592 1736
40 736 320 1048
1816 800 2056 1064
3512 1240 4000 1824
3744 448 4000 616
0 512 2016 1824
128 800 624 1048
224 800 624 1008
2088 304 2440 656
0 0 1232 488
1384 952 1744 1200
1840 696 4000 1824
0 1064 456 1424
1840 704 3688 1824
720 1384 1024 1824
0 208 320 488
2784 512 3784 960
2064 0 2352 176
2440 0 4000 736
752 1288 984 1464
2096 1488 2616 1824
2096 1488 2376 1824
2440 0 4000 520
2440 0 3664 520
2440 0 3496 520
2440 88 3192 520
2976 696 4000 1704
3616 1160 4000 1704
3712 1160 4000 1704
0 736 2016 1824
600 0 1232 488
1808 1120 2016 1608
3160 296 3848 736
3368 0 4000 512
2688 0 3496 488
3016 160 3496 488
0 736 1992 1824
344 736 1120 1328
344 736 928 1328
1840 704 3032 1824
0 0 664 184
2448 1008 2936 1416
3712 1328 4000 1704
2976 696 4000 1416
2976 752 3648 1416
3136 752 3648 1256
344 736 856 1328
448 736 856 1272
440 0 2712 1472
600 0 1232 288
2480 1184 3688 1824
3096 1608 3688 1824
2456 1008 2936 1392
0 840 1992 1824
1144 840 1472 1216
3472 696 4000 1248
3632 696 4000 1208
3800 696 4000 1160
1616 0 2712 880
1616 0 2464 512
0 1000 1992 1824
816 1336 1992 1824
2688 0 3480 232
440 0 2120 1472
440 0 1568 912
440 344 1200 912
2480 1184 3664 1824
3168 1336 3664 1664
0 1000 1192 1824
0 1128 904 1824
0 1304 904 1824
2480 1184 3280 1824
3552 88 4000 512
648 0 1232 288
1088 0 1568 632
1616 24 2464 512
1768 80 2464 512
1936 80 2464 512
1840 736 3032 1824
1840 864 2728 1824
152 1304 904 1824
152 1304 680 1824
376 1344 680 1824
440 344 1016 912
2480 1184 3216 1824
2744 1184 3216 1824
3520 1448 4000 1824
528 1000 1192 1568
2480 1504 2848 1824
1840 920 2728 1824
2904 1184 3216 1584
816 1336 1720 1824
816 1368 1616 1824
1144 1368 1616 1824
1840 1040 2728 1824
1136 64 2120 1472
1424 64 2120 856
816 1504 1216 1824
2592 736 3032 1080
1840 1040 2728 1792
536 1408 904 1824
1216 488 1792 1056
1424 64 2120 696
1136 808 2024 1472
1136 1000 1872 1472
1984 1040 2728 1744
2152 88 2712 880
528 1120 1096 1568
2744 1256 3152 1824
1504 200 2120 696
1600 312 2120 696
1144 1368 1584 1784
1984 1040 2728 1632
1984 1040 2496 1632
512 344 1016 840
2152 472 2608 880
1984 1040 2496 1512
2368 1664 2616 1824
3096 1656 3328 1824
0 1656 424 1824
2736 1640 2960 1824
448 1632 632 1824
1592 1616 1760 1824
3288 1608 3688 1824
720 1608 896 1824
1336 1600 1616 1824
1928 1592 2168 1824
536 1576 792 1824
2480 1568 2712 1728
936 1560 1216 1824
1840 1552 2096 1792
3120 1536 3280 1704
3200 1520 3376 1736
2824 1520 3152 1824
2592 1504 2848 1824
816 1504 1152 1696
2096 1488 2352 1824
1624 1488 1992 1824
3256 1464 3592 1720
1992 1464 2160 1744
3520 1448 3800 1808
2456 1448 2744 1640
3712 1440 4000 1704
2336 1440 2584 1672
2224 1432 2416 1632
608 1408 904 1672
976 1400 1272 1592
1144 1392 1392 1784
808 1384 1024 1616
1344 1368 1584 1720
3376 1352 3664 1664
2904 1352 3176 1584
0 1352 312 1720
2112 1344 2336 1568
376 1344 680 1744
3168 1336 3448 1552
1664 1336 1888 1560
1536 1336 1720 1656
3776 1328 4000 1520
2448 1312 2728 1528
3328 1304 3512 1504
2696 1304 2872 1552
152 1304 576 1824
1032 1288 1192 1448
2744 1256 3080 1600
192 1248 456 1424
3512 1240 3736 1528
2672 1224 2936 1392
3360 1216 3568 1376
1160 1216 1544 1472
3616 1192 3896 1432
3008 1184 3216 1472
528 1168 880 1568
3824 1160 4000 1408
2976 1144 3448 1416
2448 1136 2672 1416
1984 1128 2272 1512
1432 1128 1872 1472
0 1128 200 1456
1840 1120 2016 1496
856 1120 1096 1440
2832 1112 3024 1288
528 1112 736 1272
344 1112 592 1328
720 1104 968 1264
3472 1088 3704 1248
0 1064 376 1368
2208 1040 2496 1480
2224 1024 2392 1200
2456 1008 2872 1304
1136 1000 1512 1368
1024 1000 1192 1224
848 992 1120 1216
1504 952 1744 1160
1144 944 1320 1216
2776 928 3016 1224
2008 920 2240 1200
3168 888 3648 1256
2336 864 2728 1144
720 864 928 1152
1624 848 1800 1024
2912 840 3256 1240
1856 840 2056 1064
1200 840 1472 1096
1040 832 1264 1000
3480 816 3744 1080
2240 816 2440 1048
1664 808 2024 1296
224 800 488 976
3832 776 4000 1160
40 776 320 1048
864 760 1040 936
3136 752 3432 1016
344 752 544 920
2592 744 2848 1080
2824 736 3032 1040
1344 736 1648 1056
448 736 856 1144
832 728 1144 912
3632 712 3920 1208
2080 704 2304 1040
3800 696 4000 976
1664 656 1840 856
728 640 944 856
440 632 680 912
2592 584 2840 856
2784 576 3256 928
1792 568 2192 976
3808 560 4000 736
512 528 832 840
3048 512 3784 960
1040 512 1368 880
2152 504 2480 880
880 504 1200 760
3408 496 3704 696
2688 496 3008 784
1216 488 1792 976
2336 472 2608 872
3160 440 3424 616
0 424 408 1064
2848 408 3048 600
2576 400 2752 656
320 400 552 672
1864 360 2120 696
744 344 1016 720
1800 328 1968 552
2712 320 3192 520
1600 312 1928 672
2136 304 2440 528
3416 296 3848 736
2624 248 2824 432
248 248 520 472
3200 240 3496 488
0 240 200 464
3656 224 4000 512
1088 224 1376 632
2936 208 3288 424
160 208 320 488
1504 200 1688 576
1032 176 1232 488
1936 168 2168 512
3016 160 3304 336
3144 144 3488 344
408 104 720 408
144 104 456 344
1768 96 2032 376
3552 88 3800 408
2440 88 2992 376
2360 88 2712 640
2056 80 2464 408
2064 64 2264 272
1424 64 1656 288
3712 32 3912 192
2904 32 3480 232
1616 24 1896 304
3768 0 4000 288
3200 0 3664 448
2688 0 3120 160
2624 0 2824 160
2256 0 2672 168
2144 0 2352 176
1808 0 2152 248
1232 0 1568 576
1248 0 1424 224
1128 0 1288 304
1040 0 1232 288
648 0 1080 240
0 0 472 184
0 0 1872 1824
1200 0 4000 1824
1200 0 3048 1552
1584 0 4000 1824
2696 1112 3024 1552
2696 1264 2968 1552
2144 0 4000 1272
1584 800 4000 1824
1584 920 4000 1824
2440 0 4000 1272
0 944 1872 1824
0 0 1424 1424
0 0 1424 1064
2576 400 2752 704
0 512 1368 1424
3736 1104 4000 1272
2144 0 2824 176
1200 0 3048 1528
2064 88 3048 1528
0 952 1872 1824
1200 0 2504 1296
832 512 1368 1000
2440 0 4000 1256
2592 408 3048 856
2936 0 3704 696
992 176 1232 544
0 640 1168 1424
1584 920 2616 1824
0 0 792 344
816 1608 992 1824
2064 88 3032 1528
2064 304 2440 744
2456 1088 4000 1824
3168 1304 3592 1720
2688 408 3048 784
3032 1656 3328 1824
0 1128 200 1512
2272 88 3032 1528
0 736 1168 1424
2936 0 3664 616
2936 160 3424 616
320 0 1424 912
2936 208 3424 616
2336 88 3032 1528
3160 376 3424 616
1592 920 2616 1824
2248 1600 2616 1824
0 1000 1872 1824
720 1288 1272 1824
816 1288 1272 1696
1592 920 2584 1824
816 1400 1272 1696
992 512 1368 880
0 128 544 1064
128 736 1168 1424
1232 0 2504 576
2456 1448 2744 1728
3256 1304 3592 1720
3800 448 4000 1160
128 800 560 1048
2784 0 4000 1256
3368 0 4000 584
1808 0 2312 272
2440 0 3480 656
2688 0 3280 160
192 736 1168 1424
2448 1136 2936 1528
2784 240 3920 1256
3144 0 3664 448
0 1168 904 1824
2592 1088 4000 1824
1200 200 2480 1296
0 0 664 344
1592 1040 2584 1824
1808 1120 2160 1744
3512 1240 3800 1808
320 0 1376 912
3472 1088 4000 1824
3664 1160 4000 1824
0 128 408 1064
0 208 408 1064
1200 200 1928 1096
1216 200 1928 1024
1624 656 1840 1024
2592 1144 3688 1824
2976 1144 3448 1472
192 736 928 1424
3800 560 4000 1160
3552 0 4000 512
2592 1256 3688 1824
3664 1328 4000 1824
648 0 1376 760
648 0 1232 760
648 0 1232 384
2440 32 3480 656
2712 320 3192 656
2592 1352 3688 1824
3200 240 3848 736
1592 1432 2424 1824
320 176 840 912
2144 0 2672 176
2440 32 3480 376
2336 88 3032 1304
856 1000 1872 1824
936 1336 1720 1824
1144 1336 1720 1824
1144 1336 1720 1784
448 736 928 1152
3200 1520 3688 1824
1216 200 1928 976
1664 360 2480 1296
2080 504 2480 1040
856 1000 1872 1472
448 1576 792 1824
2448 1224 2936 1528
320 400 832 912
192 1112 592 1424
3472 1088 3896 1432
744 344 1200 760
1200 736 1648 1096
1024 1000 1872 1472
1232 0 2464 576
1232 0 1656 576
3656 0 4000 512
1616 24 2032 376
1592 1488 2352 1824
1624 1488 2352 1824
2336 472 3032 1304
2592 1352 3280 1824
2904 1352 3280 1704
376 1168 904 1744
1928 1488 2352 1824
1664 360 2192 1296
2224 1432 2424 1760
1984 1040 2584 1672
320 400 680 912
1808 0 2264 272
2784 512 3920 1256
2784 576 3256 1240
2336 472 3032 1144
1624 1488 2096 1824
2592 1504 3152 1824
0 1304 576 1824
3048 512 3920 1256
3136 712 3920 1256
3480 712 3920 1208
1792 360 2192 976
376 1168 880 1744
2336 472 2728 1144
1216 312 1928 976
1160 1128 1872 1472
3552 408 3864 616
1640 192 1872 376
832 728 1280 992
0 96 720 1184
0 96 720 1064
968 744 1280 992
2064 472 2544 1048
3376 56 3624 224
2064 472 2360 912
0 112 720 1064
256 112 720 472
864 56 1088 424
0 120 560 1064
0 120 560 1048
0 144 560 1048
760 0 4000 1824
2432 0 4000 1424
2432 0 4000 984
2248 824 2544 1048
760 432 4000 1824
1856 808 2144 1064
256 152 720 472
368 88 912 664
368 120 912 664
368 120 912 648
416 120 912 648
3320 1088 4000 1824
3376 1088 4000 1824
3480 1088 4000 1824
760 432 3568 1824
2432 40 3192 512
2064 0 2704 176
2768 728 2968 992
3496 1088 4000 1704
2688 0 4000 984
272 0 2712 1208
2712 320 3256 680
2864 408 3256 680
3376 1352 3664 1824
3376 1352 3664 1720
0 688 1272 1824
0 744 1272 1824
760 744 3568 1824
1784 432 2440 1296
3632 1120 4000 1704
3720 1160 4000 1704
2968 1136 3568 1824
2696 424 3984 1424
1784 432 2296 1296
1976 704 2296 1296
1976 936 2240 1296
1784 432 2192 848
3480 1240 4000 1824
200 744 1272 1592
2968 1144 3568 1824
3480 1296 4000 1824
760 744 3144 1824
272 0 2712 992
200 744 1152 1272
432 744 1152 1224
688 864 1152 1224
600 0 2712 992
600 0 1288 488
696 0 2712 992
624 1112 1272 1592
3720 1304 4000 1704
2448 1496 2976 1824
2448 1496 2904 1728
2688 0 3664 568
2688 0 3664 448
3416 0 4000 984
272 496 880 904
3480 1448 4000 1824
1704 744 3144 1824
2208 744 3144 1824
2208 840 3144 1824
2208 840 3024 1464
0 0 664 200
0 1112 1032 1824
2968 1144 3448 1824
3480 1584 4000 1824
1704 800 2840 1824
1784 1288 2160 1744
2648 1224 3144 1824
0 1520 488 1824
2688 0 3488 248
2968 1144 3448 1704
1608 0 2712 864
1608 0 2464 440
1816 0 2464 440
0 1112 880 1824
656 0 1288 488
760 864 2152 1824
2080 104 2712 864
696 0 2112 992
1488 0 2112 712
1496 280 2112 712
1496 280 1984 712
3080 1352 3448 1704
696 0 1816 992
696 0 1744 992
1704 800 2744 1672
760 864 1888 1824
0 1112 848 1824
2768 1648 2976 1824
3096 1640 3328 1824
3480 1584 3784 1824
448 1576 848 1824
328 1568 488 1824
1856 1552 2056 1744
2448 1536 2696 1728
3248 1520 3504 1824
0 1520 432 1824
2648 1496 2904 1688
1592 1496 2152 1824
3448 1488 3632 1664
3320 1488 3584 1720
3080 1488 3304 1704
2072 1488 2840 1824
1888 1464 2160 1744
3720 1424 4000 1704
608 1360 1032 1792
3376 1352 3664 1584
3168 1352 3448 1616
1536 1336 1792 1528
2112 1312 2744 1672
3776 1304 4000 1544
1784 1288 1968 1560
2736 1280 3144 1824
3504 1240 3736 1528
2648 1224 2896 1496
3264 1216 3568 1504
2176 1200 2336 1448
3808 1160 4000 1360
2968 1144 3216 1480
1784 1144 1944 1360
3144 1136 3448 1328
3632 1120 3896 1424
856 1120 1272 1592
528 1120 880 1568
624 1112 960 1320
0 1112 648 1704
3720 1104 3888 1272
200 1096 464 1272
2208 1024 2504 1464
760 992 1080 1224
2240 984 2440 1176
760 976 1816 1824
3528 968 3720 1144
1144 944 1408 1224
2008 936 2240 1192
1200 864 1888 1560
688 864 1152 1152
2360 840 3024 1400
2360 840 2544 1000
1048 832 1280 992
2248 824 2416 1048
456 824 632 1056
1704 800 2240 1552
1608 768 1808 968
3048 744 3216 960
968 744 1200 928
432 744 872 1144
832 728 1040 928
1296 712 1776 1208
2080 704 2296 1048
728 688 888 864
2176 664 2360 912
3672 656 3872 864
1792 656 2096 968
2416 648 2608 872
504 560 880 816
1920 544 2192 848
3000 520 3256 680
2872 512 3984 1424
272 496 632 904
3408 480 3784 728
2512 472 2840 872
2648 464 2856 784
1024 440 1200 688
2696 424 3064 1008
1384 416 1608 704
3552 408 3808 584
2864 408 3120 608
368 400 608 568
2328 360 2504 520
1864 360 2112 616
3416 352 4000 984
696 352 1112 760
0 344 560 1048
2712 320 2936 504
1600 312 1984 712
2080 304 2472 864
1496 280 1680 552
1144 272 1320 544
2784 248 3192 512
3160 240 3472 568
256 240 520 472
2256 216 2464 440
864 176 1080 424
432 152 720 408
16 144 424 472
3384 128 3664 448
1768 128 2136 592
0 120 200 344
2136 104 2712 816
376 96 568 272
856 48 1056 336
2432 40 3072 336
1608 8 1952 264
3552 0 4000 592
2968 0 3488 248
1816 0 2328 416
1488 0 1864 336
1064 0 1744 992
656 0 1288 312
0 0 512 200
2064 0 4000 1824
1064 0 2712 1824
0 0 1816 1824
0 1040 656 1280
0 688 1816 1824
0 0 1320 1064
0 0 1320 1048
440 1296 696 1592
2064 272 4000 1824
2064 272 3064 1496
2072 984 4000 1824
3720 984 4000 1272
3720 1104 4000 1272
2072 1024 4000 1824
2064 0 4000 1424
2064 0 3872 864
0 1064 480 1280
1064 0 1888 1560
2872 0 4000 1424
2240 272 3064 1496
2240 320 3064 1496
368 400 648 664
1488 0 2712 1824
1592 656 2336 1824
3600 1296 3848 1664
968 744 1248 936
2936 160 3288 424
1488 0 2712 1048
3320 1488 3584 1824
432 688 1152 1320
864 176 1232 688
992 176 1232 688
3408 480 3872 864
0 1064 464 1272
2360 648 2608 1000
2064 0 3664 680
2256 216 2504 520
3376 1608 3568 1824
3000 1640 3328 1824
1592 656 2240 1824
0 0 792 1048
2360 320 3064 1496
0 976 1816 1824
712 688 888 952
432 744 1152 1320
624 864 1152 1320
2432 0 3664 680
0 0 792 200
1592 800 2240 1824
272 0 1320 904
2648 320 2936 784
3448 1088 4000 1824
3496 1088 4000 1424
272 0 1288 904
2360 424 3064 1496
3448 1304 4000 1824
2432 0 3664 568
1024 176 1232 688
416 0 1288 648
2072 1024 3568 1824
1200 712 1888 1560
2736 1144 3568 1824
2360 424 3064 1400
1768 104 2712 864
3496 1088 3896 1424
3480 1304 4000 1824
608 976 1816 1824
3160 128 3664 568
1488 0 2328 1048
1920 544 2296 1048
608 1120 1272 1792
656 0 1288 336
1592 1464 2160 1824
2736 1144 3504 1824
272 352 1112 904
3168 1216 3568 1616
1488 0 2328 832
0 1112 880 1704
1496 280 1984 832
1488 0 2328 416
2072 1024 2840 1824
1768 128 2472 864
2432 0 3488 336
1768 128 2136 616
2592 424 3064 1080
2736 1144 3304 1824
2736 1280 3304 1824
2112 1024 2744 1672
2880 712 3224 1144
2104 560 2776 1456
760 472 1424 952
128 104 864 776
472 144 864 528
2912 192 3768 1272
2912 216 3768 1272
2912 320 3768 1272
3208 632 3768 1272
3208 840 3768 1272
3208 968 3768 1272
2104 680 2776 1456
1600 24 2112 952
128 104 680 776
0 880 920 1144
152 104 680 776
1984 1536 2152 1744
3624 1568 3824 1824
1600 24 2112 936
1600 24 2024 704
1600 24 1920 648
2104 680 2768 1456
2104 680 2560 1456
152 184 544 776
256 240 544 776
2120 896 2512 1456
3776 1232 4000 1480
3808 1232 4000 1472
2104 680 2560 1144
760 472 1280 952
760 728 1280 952
824 728 1280 952
3208 992 3768 1272
920 472 1168 816
2912 320 3560 712
0 0 2504 1056
0 1104 920 1824
624 0 4000 1824
624 256 4000 1824
2456 1456 2832 1824
2104 0 4000 1160
3512 128 3912 584
200 880 920 1120
2576 456 3480 1160
2104 0 4000 1096
2272 0 4000 1096
2272 48 3064 872
2272 48 3064 784
2744 520 3480 1160
2744 520 3480 1024
984 616 1168 816
2576 456 2952 808
2576 456 2952 664
992 1200 1584 1608
992 1296 1496 1608
3512 128 3912 488
2632 0 4000 1096
992 1400 1280 1608
2944 0 4000 1096
0 0 512 464
0 0 488 464
0 128 208 464
888 216 1120 528
3448 168 4000 1096
984 752 1280 952
2944 0 3752 352
2104 680 2520 1016
624 256 3560 1824
2672 728 2920 976
2944 0 3752 296
2944 0 3512 296
3344 760 4000 1824
2896 520 3480 1024
2936 1024 3536 1568
1144 312 1600 728
1896 1000 2152 1408
3448 288 4000 1096
3432 760 4000 1824
1792 0 2504 840
1840 0 2504 840
1840 128 2504 840
1840 128 2504 592
1840 128 2320 496
0 0 1912 1056
1144 440 1552 728
3432 1000 4000 1824
3480 608 4000 1096
2896 592 3480 1024
3560 1000 4000 1648
3648 1000 4000 1336
3048 680 3480 1024
0 0 488 208
1144 440 1480 728
3056 1120 3536 1568
3056 1120 3480 1568
1344 1376 2248 1824
712 1248 920 1560
1344 1416 2248 1824
2272 144 2704 784
2272 192 2704 784
2616 208 2880 432
3488 760 3872 1184
1512 256 2280 1272
1664 256 2280 1272
1760 256 2280 920
3432 1408 3744 1824
832 0 1912 896
2568 1456 2832 1736
1344 1480 2248 1824
0 1104 888 1824
1032 0 1912 896
520 0 920 216
1760 256 2280 768
1760 256 2280 648
0 240 1064 1056
456 240 1064 1048
456 384 1064 1048
1840 128 2144 480
1088 0 1912 896
624 720 3560 1824
1400 328 1912 896
0 344 552 1056
2152 1272 2416 1640
2448 824 3560 1824
1544 1480 1760 1816
456 384 1000 1048
0 344 552 1048
3344 1192 3736 1528
0 1104 800 1824
0 1104 256 1512
568 384 1000 1048
568 560 864 1048
584 712 856 1048
2904 1152 3136 1608
1344 1544 2248 1824
624 720 2704 1824
1400 552 1912 896
1584 552 1912 808
0 1112 800 1824
1088 0 1696 472
1048 720 2704 1824
1048 832 1408 1208
2448 1024 3560 1824
2464 1104 3560 1824
2616 1104 3560 1824
1664 864 2176 1272
624 888 1472 1824
624 888 1312 1824
624 888 1312 1448
2784 1424 3560 1824
904 1120 1312 1448
1176 0 1696 472
1304 720 2704 1824
1304 720 1944 1560
1304 720 1840 1528
1304 720 1840 1448
1304 720 1768 1248
2784 1424 3280 1824
1904 984 2704 1824
1984 984 2704 1824
1984 1136 2704 1824
1984 1136 2648 1824
624 888 1128 1424
128 1112 800 1824
2048 1432 2648 1824
1304 720 1768 1200
2784 1424 3168 1824
1304 720 1768 1024
368 1144 800 1824
368 1344 800 1824
2656 824 3056 1312
0 344 520 920
3752 1664 4000 1824
0 1656 408 1824
3496 1632 3744 1824
2832 1624 3056 1824
1600 1616 1760 1816
720 1608 888 1824
3632 1592 3824 1824
1344 1592 1712 1824
536 1576 800 1824
2320 1560 2648 1824
1656 1544 2248 1824
456 1528 624 1824
904 1520 1136 1824
3152 1496 3560 1824
1544 1480 1720 1648
2608 1464 2832 1736
2568 1456 2776 1664
608 1456 800 1664
1080 1440 1416 1824
2048 1432 2376 1824
3096 1424 3280 1656
2784 1424 3168 1720
1896 1416 2112 1624
1344 1416 1616 1744
3784 1408 4000 1704
3432 1408 3680 1760
2240 1400 2416 1640
992 1400 1200 1608
2920 1384 3112 1608
2272 1384 2576 1672
0 1384 296 1752
1664 1376 1904 1616
368 1344 688 1720
3120 1320 3480 1568
3344 1312 3616 1528
2464 1312 2728 1608
1904 1304 2120 1504
1144 1296 1496 1552
744 1280 1064 1824
3560 1264 3872 1648
