0 0 1824 4000
288 1512 712 2216
760 1488 1304 2000
1368 2376 1824 3312
976 0 1824 1040
0 584 696 2640
168 584 696 1768
176 584 640 1488
0 1656 432 2640
0 1656 432 2184
176 584 496 1488
528 1320 704 1632
0 2096 312 2480
0 2176 312 2480
0 3360 872 4000
352 3632 840 4000
600 3312 1632 4000
840 3312 1632 4000
760 296 1136 976
840 3560 1360 4000
992 3560 1360 4000
0 880 424 1984
0 880 424 1584
1216 0 1576 888
1248 136 1544 888
960 1568 1824 2160
176 584 496 1112
840 296 1136 976
1328 1624 1824 2024
960 1568 1464 2160
0 1712 1824 4000
0 1712 1824 3920
352 3632 704 4000
840 368 1024 976
0 976 400 1984
16 3360 872 4000
328 1712 816 2192
0 976 392 1984
0 1728 1824 3920
440 640 640 1488
0 0 1824 2488
344 1280 1568 2488
344 1280 1248 2472
344 1808 896 2248
648 1280 1248 2472
648 1280 1032 2216
440 696 640 1488
0 1728 1824 3872
1296 2560 1592 3216
1400 2560 1592 2992
176 584 496 904
0 0 1824 1680
0 976 392 1752
1256 136 1544 608
648 1280 840 1800
1096 2488 1424 2784
0 2720 1440 3920
0 2720 1440 3792
1368 2376 1824 3288
0 976 384 1752
472 696 640 1488
0 1080 272 1568
0 1080 272 1440
64 2720 1440 3792
1560 1728 1824 2576
1560 2128 1824 2576
1264 3592 1824 4000
1000 2000 1568 2488
624 920 1000 1536
824 1272 1752 1680
64 360 656 896
624 920 1000 1440
0 0 1824 1656
1512 1040 1824 1656
1616 1040 1824 1656
1616 1416 1824 1656
0 3040 416 3920
0 3424 416 3920
0 2160 1824 3872
1312 2960 1824 3872
1376 3064 1824 3872
16 3368 688 4000
1632 1728 1824 2192
1632 1872 1824 2192
1248 512 1496 888
0 2160 1600 3280
0 2160 864 3120
0 3424 416 3744
1472 3592 1824 3968
1008 984 1616 1144
64 2720 1320 3792
64 2720 584 3416
448 2304 1600 3280
0 2160 616 3120
0 1160 384 1752
440 2192 864 2680
0 0 1824 1584
0 0 984 1008
448 2304 1600 3208
936 2304 1536 2680
1224 2304 1536 2536
1264 3728 1576 4000
496 2984 1320 3792
0 0 984 760
1216 0 1576 416
0 2240 616 3120
0 2240 488 3120
448 2344 1600 3208
1248 608 1480 888
688 672 1824 1584
824 768 1824 1584
0 2240 488 2984
848 864 1824 1584
848 1000 1808 1584
0 0 984 640
496 2984 1320 3712
448 2512 1432 3208
848 1000 1768 1584
1376 1336 1768 1584
416 288 688 504
368 2272 616 2840
56 0 984 640
848 1000 1584 1536
1112 1112 1584 1536
1208 1112 1584 1536
256 0 984 640
256 0 984 432
552 0 984 336
848 1000 1280 1384
256 104 648 432
496 2984 1320 3496
1264 3816 1496 4000
1144 3816 1368 4000
1632 3760 1824 4000
352 3760 512 4000
600 3736 936 4000
1288 3728 1576 3944
840 3728 1032 4000
584 3728 920 4000
992 3672 1248 4000
480 3672 840 4000
0 3656 232 3920
496 3632 704 3824
16 3624 424 4000
656 3592 976 3792
1184 3560 1360 3920
1376 3424 1776 3872
1344 3424 1680 3800
0 3424 320 3744
776 3384 1168 3712
216 3368 688 3880
400 3360 872 3616
680 3336 840 3496
1048 3320 1440 3776
1272 3312 1632 3824
792 3296 1032 3496
1056 3280 1352 3648
1592 3248 1752 3432
1576 3104 1784 3312
1520 3064 1824 3632
0 3040 336 3488
1552 3008 1736 3272
1312 2960 1624 3392
0 2936 184 3120
448 2824 808 3208
64 2824 584 3416
392 2720 576 2912
0 2616 192 2840
848 2608 1136 2896
1224 2552 1424 2784
432 2536 728 2832
544 2512 1432 3184
1096 2488 1416 2752
904 2440 1184 2600
368 2424 616 2840
936 2416 1240 2680
0 2392 488 2984
1280 2344 1600 2832
720 2336 1048 2632
440 2336 760 2680
1280 2320 1536 2496
1224 2304 1456 2536
1240 2280 1568 2488
384 2272 592 2464
0 2240 232 2512
560 2192 864 2440
1264 2184 1632 2368
368 2184 544 2392
0 2176 272 2424
0 2096 232 2376
512 2088 896 2248
704 2048 1248 2472
1000 2000 1360 2432
328 1952 496 2192
1632 1872 1792 2160
344 1808 624 2248
1048 1728 1712 2304
704 1728 1032 2216
432 1712 816 2176
1432 1640 1824 2024
304 1600 672 1968
960 1568 1416 2160
912 1552 1304 1984
680 1552 840 1800
352 1504 632 1776
760 1488 1024 2000
0 1488 208 1984
1376 1352 1640 1584
1472 1336 1768 1560
1208 1304 1456 1536
168 1280 696 1768
0 1224 384 1752
1112 1192 1400 1464
1008 1160 1192 1384
1512 1136 1792 1456
1352 1112 1584 1384
0 1080 176 1304
1144 1040 1440 1328
1504 1008 1808 1200
848 1000 1280 1312
1280 984 1616 1144
0 976 280 1320
624 968 1000 1440
0 928 424 1584
312 912 480 1488
824 768 1144 1080
616 736 880 1008
688 672 944 928
1256 632 1480 888
232 608 496 784
176 584 336 904
1264 512 1496 880
840 512 1024 976
160 464 656 816
280 456 600 672
64 360 400 896
664 312 960 640
64 312 400 512
416 288 648 504
1256 216 1480 608
1304 200 1528 488
96 160 336 336
1304 136 1544 344
552 128 792 336
392 104 640 264
0 88 224 608
56 16 312 208
1328 0 1576 264
816 0 1040 464
664 0 984 304
568 0 728 176
224 1512 712 2640
0 0 1824 2432
0 1808 1824 4000
312 912 520 1488
960 1568 1744 2160
1144 3104 1784 4000
0 0 1136 2304
0 0 1136 2216
1056 2128 1824 3648
1216 2128 1824 3280
352 3592 1056 4000
824 0 1824 2432
976 0 1824 1120
0 880 432 2184
1144 3248 1752 4000
656 3592 1056 3824
1144 3312 1680 4000
504 2088 896 2304
1264 2128 1824 3216
1296 2128 1824 3216
0 880 424 1752
0 928 424 1752
352 3672 840 4000
824 768 1824 2432
0 2272 1824 4000
992 2272 1824 4000
1496 1128 1712 1296
1144 3312 1632 4000
168 584 1032 2216
168 584 696 1776
0 0 1136 1440
760 368 1024 976
432 1280 1032 2216
432 1360 1032 2216
680 1360 1024 2000
0 2824 1320 4000
0 1808 1600 3184
560 1280 776 1664
680 1488 1024 2000
0 0 336 608
176 584 552 1160
176 584 456 1112
56 0 1136 1440
64 360 744 896
160 416 744 816
1000 1640 1824 2432
824 768 1824 1984
0 1808 624 3120
992 2376 1824 4000
1456 3760 1824 4000
992 2960 1624 4000
0 1808 624 2984
328 1952 496 2400
1400 2128 1824 2992
64 360 600 896
824 768 1368 1096
432 1712 1032 2216
56 0 1136 728
440 2048 1600 3184
936 2280 1600 2832
936 2280 1568 2680
1224 2280 1568 2536
992 3304 1520 4000
824 1000 1824 1984
824 1000 1824 1680
56 0 1040 640
824 1160 1824 1680
1264 2376 1824 4000
0 2184 616 2984
1048 1640 1824 2304
0 2184 592 2984
368 2184 592 2464
824 1160 1752 1680
608 512 1000 1440
608 512 944 1008
608 512 880 1008
0 0 224 608
0 3368 688 4000
848 1000 1824 1536
440 2048 1432 3184
544 2488 1432 3184
616 608 880 1008
1472 1336 1824 1656
0 2824 1320 3712
440 2048 1248 2680
704 2048 1248 2632
720 2336 1184 2632
64 0 1040 640
344 288 648 512
1368 2376 1824 3632
1352 1008 1824 1456
1352 1008 1824 1440
1352 1008 1808 1384
568 0 1040 640
568 0 1040 464
64 104 648 512
848 1000 1456 1536
1248 512 1496 880
1264 3424 1776 4000
0 2824 808 3488
64 2824 808 3416
992 3320 1440 4000
568 0 984 304
848 1000 1440 1328
192 1280 768 2088
192 1280 672 1968
976 0 1824 1048
688 1544 1232 2448
1032 1704 1712 2576
888 1392 1512 2216
888 1392 1512 2072
368 1272 752 1776
368 1360 664 1776
592 3736 1032 4000
440 1712 808 2248
944 1664 1448 2216
1304 2376 1824 3872
1352 2376 1824 3872
888 1392 1472 2072
192 1280 672 1952
0 392 680 1696
16 392 680 1696
352 632 680 1696
488 920 680 1464
0 968 408 2096
16 392 600 1464
32 488 600 1464
32 488 600 904
1248 0 1544 904
1448 3120 1776 3464
1448 3144 1712 3464
0 1776 1288 4000
176 584 496 1464
176 584 472 1464
176 584 472 1112
352 632 552 1696
0 2904 872 4000
592 3736 936 4000
0 968 408 1752
0 1776 1288 3136
1248 0 1528 904
1256 0 1528 608
1256 0 1480 608
96 136 616 384
0 3032 872 4000
616 800 888 1528
616 800 808 1344
160 1776 496 2680
0 2184 1288 3136
160 1336 1824 4000
0 3168 872 4000
0 2184 1240 3136
1248 512 1504 904
160 2192 1824 4000
872 0 1120 976
344 2112 656 2320
1264 1336 1824 2664
160 2456 1824 4000
912 3224 1824 4000
512 2096 944 2320
1000 2192 1560 2504
232 600 472 1112
680 496 976 816
0 2184 840 3136
160 2456 1544 4000
0 1048 408 1752
1264 1336 1824 1800
1264 1336 1824 1712
0 2904 280 3256
1448 1696 1824 2664
1512 1312 1824 1584
1512 1312 1768 1576
752 504 976 816
1248 528 1504 904
1496 2120 1824 2664
1448 1696 1824 2200
0 2184 840 2968
0 2272 368 2968
0 0 1824 1536
1216 1032 1824 1416
0 0 1424 1536
1120 1256 1424 1536
352 2184 840 2840
768 2336 1240 2680
1264 1336 1824 1680
1464 1336 1824 1680
1216 1032 1824 1384
0 0 1280 1496
0 0 984 856
0 0 984 560
0 1048 376 1752
688 672 1280 1496
0 0 984 528
0 0 984 512
0 16 656 512
0 1048 376 1376
808 752 1280 1496
0 16 456 512
0 16 352 512
824 752 1280 1496
824 752 1208 1496
1216 1064 1760 1384
0 16 328 368
824 752 1208 1384
520 0 984 416
1168 3816 1368 4000
592 3760 752 4000
1584 3632 1824 3960
1256 3592 1824 4000
1448 3368 1688 3664
400 3368 872 3608
1288 3312 1632 3800
1120 3296 1352 3544
1448 3264 1712 3464
912 3224 1520 4000
496 3200 840 3496
472 3176 1328 4000
0 3168 792 4000
1488 3144 1680 3328
1576 3120 1776 3312
64 3032 248 3248
1456 3008 1824 3872
0 2928 184 3136
48 2904 280 3184
144 2792 424 2984
1304 2664 1512 3328
0 2616 200 2872
424 2608 672 2848
1232 2488 1424 2784
160 2456 1544 3408
904 2416 1240 2680
0 2416 368 2968
1352 2376 1824 3408
768 2336 1048 2552
352 2336 792 2840
1240 2280 1560 2504
0 2272 224 2488
1000 2192 1344 2432
592 2192 864 2536
368 2184 840 2448
1496 2120 1760 2664
0 2112 160 2384
704 2104 944 2320
0 2096 272 2432
328 1960 488 2192
272 1824 496 2312
424 1808 616 2176
160 1776 360 2680
440 1760 776 2248
600 1712 808 2168
1032 1704 1712 2320
1448 1696 1776 2160
968 1664 1448 2192
296 1600 672 1968
920 1568 1376 2072
312 1512 768 2088
1496 1504 1824 1680
336 1504 904 2080
0 1488 248 2096
368 1424 632 1776
888 1392 1472 1616
1264 1368 1544 1584
1464 1336 1696 1536
728 1328 888 1528
1208 1304 1424 1536
848 1304 1024 1504
192 1280 672 1784
952 1272 1176 1496
560 1272 752 1640
0 1232 360 1752
808 1224 1008 1400
1648 1200 1824 1480
1136 1200 1328 1376
1216 1192 1480 1416
1344 1096 1760 1384
176 1080 376 1376
1216 1064 1464 1240
0 1048 280 1320
1128 1040 1344 1216
1632 1032 1824 1384
848 1032 1208 1384
0 968 232 1136
632 928 808 1344
312 912 472 1464
0 880 376 1288
616 800 800 1016
824 752 1128 1168
264 704 456 1112
488 688 664 1432
688 672 944 888
1248 664 1480 888
232 600 472 784
1296 528 1504 904
1248 512 1416 840
784 504 976 816
72 488 600 904
424 456 800 856
16 392 184 640
1008 368 1824 1208
312 352 472 520
728 328 952 560
416 288 656 488
64 288 352 512
1304 256 1496 512
816 184 984 432
736 168 912 368
1256 152 1480 608
96 136 392 336
520 128 736 416
1304 120 1544 392
368 104 648 280
0 48 328 368
312 24 472 272
72 16 296 200
656 0 984 296
568 0 760 176
72 0 400 192
336 1392 1472 2168
136 1216 488 1696
336 1392 1472 2080
0 1624 1824 4000
0 0 1824 2680
0 584 768 2680
1288 3120 1776 3800
1288 3264 1712 3800
160 584 768 2680
0 0 1824 2504
160 584 752 2680
0 0 1824 1752
688 368 1824 2504
888 1392 1472 1624
0 2792 424 3344
0 0 1120 1752
1256 1624 1824 4000
1248 120 1544 904
1256 120 1544 608
160 1280 672 2680
0 1760 1680 4000
1256 1728 1824 4000
0 3032 1680 4000
688 752 1824 2504
0 1760 1544 3408
0 2792 424 3256
0 256 184 896
0 256 184 864
16 392 184 864
0 3032 1520 4000
176 584 752 1640
176 584 664 1480
0 0 1120 1360
0 3168 1520 4000
1304 2120 1760 3328
0 488 600 1752
560 920 752 1640
176 584 552 1480
384 624 552 1480
1328 1624 1824 1800
1256 2184 1824 4000
1304 120 1544 512
0 0 1120 1016
688 752 1824 1536
0 0 984 1016
1304 120 1544 416
368 1760 864 2536
424 1760 776 2320
0 0 984 888
424 1760 776 2248
688 1312 1824 2504
1256 1312 1824 1680
0 2096 1544 3408
280 0 760 176
1256 1336 1824 1680
368 2184 864 2536
688 1544 1776 2504
1000 1696 1776 2504
0 2096 296 2872
0 2096 296 2488
0 2440 200 2872
472 3176 1520 4000
0 880 408 1752
688 1544 1376 2448
632 928 912 1360
0 2264 296 2488
1352 2184 1824 3872
1120 1032 1824 1536
0 2336 1544 3408
1640 1416 1824 1584
688 752 1280 1528
688 752 1280 1496
0 968 408 1640
1032 1696 1776 2320
1248 512 1480 888
0 0 472 512
0 0 400 512
416 0 984 888
416 288 944 888
520 0 984 560
728 184 984 560
0 968 376 1376
0 2336 1240 2968
424 456 944 888
1208 1032 1824 1536
1344 1032 1824 1480
0 968 280 1320
0 48 352 512
1208 1064 1480 1536
1216 1064 1480 1416
0 2336 792 2968
1344 1032 1824 1384
152 1288 664 1768
0 1480 344 1888
280 1600 720 2192
1512 0 1824 1240
0 392 200 872
1336 1968 1776 2456
176 592 504 1200
176 592 504 904
696 0 1504 1040
696 0 1392 984
0 1304 704 2328
0 1696 424 2328
1216 208 1504 1040
384 3672 928 4000
384 3672 920 4000
368 1304 704 1776
528 1304 704 1632
632 3640 1032 4000
280 1600 696 1992
696 0 1200 984
1096 0 1392 864
0 0 1824 3776
808 1648 1032 2184
968 2616 1824 4000
1248 3072 1824 4000
1416 3072 1824 3960
568 3768 928 4000
616 3768 928 4000
568 3792 840 4000
1280 0 1792 1352
1280 0 1768 1152
0 0 1824 2264
0 528 640 1688
200 528 640 1584
0 1688 1824 3776
344 1808 616 2248
984 1544 1824 2264
968 2744 1824 4000
984 1640 1824 2264
0 3424 584 4000
0 0 1824 2176
736 368 1128 984
0 968 400 1688
0 3560 584 4000
624 920 960 2176
624 1280 944 2176
688 1520 944 2176
912 368 1096 608
1096 0 1392 688
0 968 384 1688
1504 0 1768 1040
0 2088 1824 3776
48 1120 384 1688
0 2088 1560 3776
344 1912 616 2248
440 528 640 1464
912 1552 1432 2072
312 2416 872 2872
912 1552 1336 2072
1312 2184 1824 3296
688 1584 944 2176
0 2904 536 3400
984 1696 1336 2072
0 2088 856 3160
1104 3784 1384 4000
0 2096 1560 3776
808 2096 1312 2616
0 2256 1560 3776
1240 208 1504 888
0 2280 1560 3776
464 528 640 1464
1520 2184 1824 2640
808 2096 1312 2472
0 0 1352 1216
0 2904 536 3368
0 0 976 952
1312 2344 1736 3296
1560 2864 1824 3320
1416 3312 1824 3960
1240 488 1496 888
1312 2664 1640 3296
1504 0 1768 752
1504 0 1768 544
0 2088 360 3160
0 0 976 896
1416 3312 1824 3760
0 2280 1560 3720
824 872 1824 1680
648 3568 1056 3776
0 2456 1552 3720
664 2280 1560 2824
1056 2280 1560 2720
0 2240 360 3160
1560 3312 1824 3688
1376 1688 1824 2272
0 2264 360 3160
0 2696 280 3160
496 2456 1552 3320
968 3024 1704 4000
0 2808 1328 3720
304 2808 840 3248
1512 304 1824 1240
824 872 1824 1656
0 2088 312 2480
344 2176 856 2560
304 2808 840 3176
392 2424 768 2768
0 968 272 1352
496 2552 1528 3320
496 2632 1288 3320
1536 3592 1824 3960
496 2768 1224 3320
544 2768 1224 3320
0 3056 1328 3720
0 3232 720 3720
96 3264 720 3720
952 872 1824 1656
1384 872 1824 1656
968 3312 1496 4000
248 3056 1328 3680
248 3056 1328 3584
0 0 952 896
0 0 640 888
392 2424 616 2768
1504 0 1768 496
1584 0 1768 496
1512 872 1824 1656
1512 1032 1824 1656
296 3136 1328 3584
296 120 952 896
296 120 952 824
296 120 952 600
296 120 808 488
1512 1240 1824 1656
96 3320 392 3720
664 2456 1120 2824
0 0 464 888
952 1072 1456 1496
1592 1240 1824 1656
0 1032 272 1352
48 0 640 192
296 176 648 488
648 2792 1224 3320
1056 2304 1560 2720
840 3136 1328 3576
296 3136 1000 3584
296 3136 856 3512
952 1248 1440 1496
648 2944 1224 3320
648 3008 984 3320
1248 3600 1744 4000
1248 3840 1544 4000
96 3824 288 4000
216 3808 376 4000
1200 3784 1384 4000
1104 3784 1368 4000
1536 3720 1824 3960
472 3672 920 4000
968 3664 1336 4000
0 3648 568 4000
632 3640 1000 4000
1328 3600 1744 3920
1656 3592 1824 3784
888 3568 1056 3776
376 3560 584 3760
1000 3456 1208 3680
1560 3424 1824 3688
168 3424 392 3720
0 3424 240 3752
824 3408 1000 3584
608 3408 856 3648
1416 3400 1688 3760
840 3336 1328 3576
1584 3312 1824 3600
1056 3312 1496 3784
1256 3288 1632 3848
232 3264 720 3704
504 3208 856 3512
1096 3160 1328 3416
776 3152 1072 3424
976 3136 1168 3424
296 3136 560 3344
432 3080 688 3248
1624 3072 1824 3408
768 3064 984 3320
248 3056 456 3280
1560 3040 1824 3320
1336 3024 1704 3400
0 3008 312 3368
912 2944 1224 3224
1312 2936 1640 3296
0 2936 176 3160
528 2904 840 3176
112 2904 536 3128
1072 2888 1408 3408
248 2816 408 2992
304 2808 568 3080
928 2792 1208 3016
544 2768 1040 3112
1544 2744 1824 3152
1248 2744 1472 2968
0 2720 176 2984
112 2696 280 3008
1424 2664 1592 2992
1040 2632 1288 2936
0 2632 192 2848
816 2608 1120 2824
432 2608 872 2856
1224 2552 1528 2800
392 2464 576 2768
664 2456 976 2704
440 2448 768 2688
920 2440 1184 2616
312 2416 488 2872
1616 2400 1824 2680
1496 2344 1736 2824
776 2336 1120 2544
1256 2304 1560 2504
1056 2304 1416 2720
0 2264 360 2728
0 2240 232 2488
1520 2224 1824 2640
496 2184 856 2376
344 2176 848 2560
0 2104 168 2384
808 2096 1208 2472
0 2088 272 2424
344 2024 616 2248
984 2008 1352 2248
960 1976 1208 2184
328 1960 488 2184
808 1848 1032 2184
624 1832 808 2168
304 1776 592 2104
1152 1768 1336 2072
280 1768 472 1992
1368 1728 1600 2056
1400 1720 1824 2272
984 1696 1216 2016
0 1696 416 2328
1376 1688 1744 1936
440 1672 720 2192
0 1648 312 1888
1208 1640 1824 2264
1096 1640 1432 2016
304 1600 696 1992
688 1584 912 2176
912 1552 1304 1792
760 1520 928 1752
368 1504 608 1776
0 1480 344 1736
1592 1456 1824 1656
992 1400 1640 1680
1200 1296 1440 1496
848 1288 1088 1568
216 1288 664 1768
952 1248 1232 1496
1496 1128 1792 1352
48 1120 384 1616
1384 1112 1696 1440
1080 1104 1384 1376
0 1104 216 1352
1264 1072 1456 1352
824 1056 1248 1432
0 1032 272 1280
960 1008 1208 1232
0 968 248 1160
200 928 488 1584
632 920 960 1416
312 912 480 1480
1216 864 1480 1040
0 824 344 1120
464 792 624 1464
616 696 808 952
680 664 952 896
1512 624 1784 1240
216 608 504 904
176 592 400 896
752 576 1352 1216
1320 536 1496 752
736 504 1128 984
584 504 912 824
1240 488 1496 864
1552 432 1712 752
8 392 200 872
128 368 704 776
616 312 952 600
392 288 600 488
1280 216 1632 1152
64 216 464 888
1304 208 1504 512
296 176 648 416
512 120 808 328
168 96 416 256
1504 0 1712 304
1320 0 1568 264
1096 0 1272 688
696 0 1200 504
664 0 976 256
568 0 768 176
48 0 560 192
0 0 248 536
0 872 1824 4000
0 0 1824 2328
0 0 1544 2328
1096 0 1824 1352
280 1600 696 2104
808 872 1824 4000
0 1808 1560 4000
0 528 1024 2328
1104 2864 1824 4000
232 2392 488 2992
384 3640 1032 4000
0 0 1544 1736
0 1368 680 2328
232 2392 408 2992
0 0 1544 1416
1104 3288 1632 4000
136 528 1024 2192
440 1360 1024 2192
304 1600 696 2104
0 824 400 1736
0 2608 1328 4000
968 1720 1824 4000
0 0 1352 1416
720 256 952 448
136 528 808 1664
808 872 1824 2264
136 528 776 1664
128 296 704 776
0 1480 360 1736
216 528 776 1664
1000 2192 1560 2408
136 552 400 896
1096 0 1824 1240
688 1360 1024 2176
744 1360 928 1752
0 824 400 1640
912 1400 1760 1792
0 1808 1560 3008
