0 0 2448 3263
652 2069 920 2317
678 2082 920 2317
724 2082 920 2291
1605 2591 1899 2904
998 202 1201 496
685 1912 1214 2480
600 2689 907 2963
600 2689 907 2918
2128 1064 2415 1331
2056 2128 2421 2428
2147 2226 2421 2428
2180 2271 2421 2428
2128 1064 2415 1233
541 2206 1246 2748
130 763 496 1116
130 861 496 1116
1808 1618 2278 1925
1834 1618 2278 1821
1090 1573 1442 1912
600 2702 907 2918
221 2624 496 2963
221 2624 470 2911
2102 835 2278 972
1729 855 1860 1103
1194 2859 1436 3068
1090 1573 1377 1912
1090 1573 1370 1827
2121 2598 2402 2774
2154 1148 2350 1331
470 3035 665 3198
221 2624 450 2911
620 1521 946 1742
143 0 561 235
2069 0 2291 156
91 2199 567 2630
91 2226 567 2630
1005 1096 1351 1592
1005 1207 1351 1592
1044 1357 1312 1592
0 998 2448 3263
0 0 2448 2219
541 2343 1168 2748
594 2343 1168 2748
594 2343 1168 2669
1853 1951 2030 2252
1997 1618 2278 1782
476 1801 907 2134
1853 2082 2030 2252
2271 1749 2448 2219
2271 1749 2448 1964
0 998 2448 2846
1416 319 1586 528
1135 1357 1312 1592
0 0 2448 2115
306 1945 528 2134
757 2343 1168 2669
130 926 430 1116
130 959 332 1116
0 1129 404 1847
1906 1788 2239 1984
0 1814 2448 3263
1240 1814 1677 2121
1351 1814 1677 2121
1364 1814 1677 2121
1364 1912 1573 2121
0 1997 2448 3263
920 2088 1135 2278
143 0 561 137
0 2010 2448 3263
855 2957 1175 3218
652 84 1129 639
672 143 1129 639
672 143 1070 639
672 143 1031 639
476 1801 685 2036
509 1997 731 2526
509 1997 711 2389
822 2689 1325 3081
855 2689 1325 3081
1971 0 2448 842
1971 365 2284 724
2004 489 2284 724
2069 0 2448 842
32 430 417 1031
124 718 385 1031
541 1318 874 1573
541 1318 855 1540
985 515 1925 1299
992 515 1925 1299
992 515 1827 1299
992 522 1827 1299
1383 548 1827 1299
1383 646 1827 1299
1383 691 1827 1299
594 2376 966 2637
1586 1305 1827 1638
1586 1344 1827 1638
1645 1396 1827 1638
2069 78 2448 842
0 2735 293 2950
672 182 1011 639
633 1592 1037 1880
633 1592 946 1880
633 1592 894 1880
1129 2095 1566 2558
1148 2095 1566 2421
0 1129 332 1847
0 1233 332 1847
280 1240 522 1507
1259 2095 1566 2330
1259 2095 1488 2330
0 1880 182 2428
2121 2598 2337 2774
39 2735 293 2950
39 2735 293 2891
900 2820 1325 3081
124 815 385 1031
32 430 417 835
32 430 365 835
163 430 365 757
176 430 365 652
1586 0 2128 483
1658 2075 1867 2402
1658 2075 1867 2395
2154 1181 2448 1690
2154 1181 2448 1612
2265 1181 2448 1605
2265 1181 2448 1507
1396 1814 1677 2102
672 182 1011 613
672 182 998 613
1383 894 1827 1299
1847 1024 2180 1586
137 2010 2448 3263
0 2891 515 3263
0 2904 515 3263
0 2904 404 3263
1312 2395 1547 2722
1932 2572 2363 3061
1932 2572 2265 2970
1051 2820 1325 3081
2017 3126 2212 3263
1344 1651 2448 2343
1344 1710 1645 1893
156 0 561 130
992 522 1436 796
1912 1024 2180 1586
1599 1651 2448 2343
1599 1651 2448 2245
2069 176 2448 842
345 0 1344 339
345 0 1214 339
345 0 1103 339
770 0 1103 228
254 0 561 130
0 1880 182 2317
1449 894 1827 1299
1488 894 1827 1299
1932 2696 2265 2970
1932 2696 2154 2904
137 2395 1246 3263
137 2506 1148 3263
254 2506 1148 3263
0 1880 156 2226
1521 979 1827 1299
1521 979 1827 1220
1553 979 1801 1188
1553 979 1782 1188
254 2598 1148 3263
2069 372 2448 842
1259 2173 1429 2330
1044 2010 2448 3263
1449 2787 1723 2976
1521 2787 1723 2976
91 2226 567 2539
1847 1148 2082 1540
0 1292 332 1847
0 1292 332 1775
91 2226 489 2506
1599 1651 1919 2023
254 2696 1148 3263
280 1240 450 1507
1396 3100 1690 3263
554 639 933 946
561 2395 1246 2872
345 0 855 339
1971 365 2167 646
0 0 1664 1618
345 711 724 1142
254 2774 1148 3263
0 998 1736 2846
0 1501 1155 2846
1116 0 2448 2115
783 2395 1246 2872
267 313 672 724
267 313 587 724
0 300 261 1018
1729 1853 2448 2245
1788 0 2128 254
0 1292 195 1736
254 2774 1057 3263
835 998 1736 2337
1181 1436 1736 1808
1181 1436 1527 1762
1416 2010 1964 2898
1416 2010 1951 2898
1416 2010 1788 2898
1416 2010 1788 2820
1416 2010 1788 2656
1964 1906 2448 2245
2134 2062 2448 2245
463 985 724 1142
0 1501 861 2846
0 2604 208 2846
992 522 1325 796
2173 750 2448 1214
2173 750 2448 1031
2173 750 2448 920
835 998 1357 2337
835 998 1188 1801
0 1501 861 2643
313 2102 665 2643
313 2278 665 2643
0 1501 861 2278
0 2173 293 2526
1005 1207 1351 1429
372 1534 861 1977
470 1723 861 1977
587 1756 861 1977
1044 2186 2448 3263
1161 2558 1527 2963
1011 1703 1357 2337
0 1501 554 2278
0 1651 554 2278
0 300 261 718
2069 1240 2369 1494
835 998 1188 1625
1821 2304 2265 2885
0 0 241 248
254 2774 731 3120
0 1756 554 2278
835 1344 1188 1625
1834 1468 2448 2115
1938 1468 2448 2115
2095 1605 2448 2115
0 78 1664 1618
254 2820 652 3120
1044 2826 1984 3263
1155 0 1507 437
1011 1703 1357 2219
783 2513 1240 2872
0 855 770 1618
1155 65 1442 437
1116 0 2382 1697
1253 0 2382 1697
1044 2904 1984 3263
1044 2904 1762 3263
1279 2904 1762 3263
1338 2904 1762 3185
659 639 933 946
110 78 1664 1527
1181 613 1664 1279
1181 613 1664 1077
1847 0 2382 705
1847 202 2173 705
1925 202 2173 463
0 855 646 1618
208 1011 646 1599
208 1083 646 1599
110 78 1292 1527
110 78 718 548
0 1782 470 2278
0 1782 456 2252
1253 528 2317 1697
1253 985 1945 1697
1253 985 1742 1638
1344 985 1742 1638
110 110 496 548
0 855 365 1618
1116 0 1749 646
1396 0 1749 613
1396 0 1697 365
456 326 1292 1527
456 326 1175 1527
489 411 1175 1527
1416 2010 1762 2480
1416 2010 1762 2408
0 855 319 1436
2173 372 2448 842
1775 2186 2448 3263
1357 613 1664 959
1814 2186 2448 3263
2095 1716 2402 2115
489 672 1096 1527
489 672 1096 1305
489 822 940 1305
1534 528 2317 1266
1534 528 2317 1109
2082 2350 2448 3263
2082 2676 2448 3263
842 672 1096 1135
1808 698 2317 1109
1808 809 2317 1109
1501 3126 1690 3263
496 3126 646 3263
1396 3100 1534 3263
809 3100 1148 3263
1840 3042 2134 3263
345 3042 515 3263
1279 3035 1488 3263
0 3028 254 3231
1658 3022 1984 3263
1031 3022 1175 3218
1899 2963 2128 3126
1723 2957 1971 3146
855 2957 1103 3153
1338 2944 1494 3113
1044 2937 1305 3263
1194 2931 1370 3068
2082 2918 2448 3263
1442 2904 1762 3185
182 2904 404 3263
19 2891 274 3081
2219 2885 2363 3061
0 2885 130 3068
365 2859 652 3120
1775 2826 2219 3068
1664 2826 1873 2983
1051 2820 1253 3009
254 2820 398 3028
1521 2807 1716 2976
2121 2793 2265 2970
626 2780 1057 3263
600 2780 763 2918
430 2774 731 3087
1605 2761 1899 2904
2095 2728 2304 2872
221 2722 417 2911
678 2702 907 2872
2010 2696 2154 2891
1175 2696 1370 2963
1370 2689 1527 2963
855 2689 1122 2891
1449 2683 1645 2898
2206 2676 2448 3139
2186 2630 2337 2774
1690 2630 1834 2820
561 2624 802 2846
1494 2604 1729 2820
0 2604 208 2761
411 2598 580 2748
137 2598 398 2761
1977 2572 2173 2780
1161 2558 1436 2924
691 2552 822 2689
1821 2519 2049 2885
966 2513 1240 2872
274 2506 443 2676
0 2467 208 2630
1423 2454 1560 2598
1749 2448 1951 2709
1436 2448 1788 2656
313 2448 548 2643
1201 2441 1357 2617
150 2441 332 2630
757 2434 1103 2669
1651 2428 1808 2585
1031 2421 1175 2558
1749 2402 1964 2558
1312 2395 1540 2663
1109 2395 1246 2565
594 2376 966 2604
1129 2356 1344 2558
2108 2350 2448 2702
940 2343 1168 2474
2278 2337 2448 2572
1416 2330 1716 2480
208 2330 567 2539
91 2330 352 2506
0 2310 202 2526
1873 2304 2265 2696
2180 2284 2421 2428
437 2278 665 2604
1436 2252 1716 2408
241 2226 489 2415
1109 2206 1246 2350
685 2206 1122 2480
1814 2186 2232 2428
1148 2186 1462 2421
104 2173 293 2441
45 2167 182 2317
509 2154 698 2389
731 2141 920 2291
972 2134 1135 2278
2056 2128 2212 2323
2141 2108 2448 2245
372 2102 580 2310
1305 2095 1488 2226
724 2082 913 2232
1658 2075 1847 2271
0 2049 143 2226
1064 2043 1292 2337
221 2030 470 2278
1416 2010 1762 2291
1795 1997 1971 2212
574 1997 711 2186
1886 1951 2023 2134
78 1951 274 2252
372 1938 600 2167
1364 1925 1514 2056
2297 1919 2448 2219
659 1919 907 2134
1370 1912 1573 2121
835 1912 1214 2297
1964 1906 2232 2206
1090 1886 1357 2219
0 1880 156 2062
1240 1873 1370 2010
2160 1867 2402 2115
1729 1853 1964 2088
2010 1821 2239 1984
1507 1814 1677 2102
476 1801 620 1984
802 1795 1155 2023
1906 1788 2075 1951
1808 1782 2036 1925
0 1782 456 2049
1612 1775 1827 2023
587 1756 822 1977
254 1756 554 2017
2095 1716 2330 1958
1468 1716 1645 1873
1344 1710 1501 1893
1011 1703 1292 1971
0 1703 280 1847
1279 1677 1442 1821
894 1664 1037 1840
1599 1651 1919 1880
783 1651 946 1840
280 1651 456 1821
2049 1618 2278 1782
1161 1618 1370 1827
1305 1612 1527 1762
2206 1605 2448 1834
1599 1605 1795 1782
678 1592 809 1788
633 1592 874 1880
71 1566 332 1775
1501 1553 1736 1808
750 1553 946 1742
0 1553 195 1736
855 1547 1181 1801
1396 1540 1592 1671
372 1534 633 1782
1834 1527 2043 1723
620 1521 783 1651
280 1501 535 1671
1645 1475 1827 1638
1938 1468 2245 1775
2154 1455 2304 1612
1181 1436 1449 1645
1912 1423 2134 1586
1135 1423 1279 1592
2278 1410 2448 1605
1697 1396 1827 1547
2115 1364 2369 1494
835 1364 1090 1605
1142 1357 1312 1488
541 1357 802 1540
65 1357 365 1618
1586 1344 1729 1507
966 1344 1188 1625
293 1325 450 1507
1912 1292 2062 1449
443 1266 646 1599
1847 1253 2004 1540
52 1246 202 1455
2069 1240 2363 1449
561 1240 770 1416
1253 1227 1442 1481
1344 1220 1742 1638
1410 1214 1540 1351
1005 1214 1194 1429
1090 1207 1351 1390
1684 1188 1945 1697
2265 1181 2448 1403
724 1168 985 1527
1932 1148 2082 1305
91 1135 319 1436
0 1129 156 1299
1037 1096 1181 1240
2193 1083 2415 1233
208 1083 522 1344
489 1077 724 1305
1521 1070 1827 1220
1573 1044 1782 1188
620 1044 776 1220
2017 1024 2180 1468
306 1011 548 1240
900 998 1135 1351
1201 992 1429 1279
567 992 724 1142
1364 985 1697 1292
463 985 633 1129
1553 979 1729 1122
1814 953 2108 1266
0 940 130 1116
2265 933 2448 1214
2010 913 2317 1109
1383 907 1521 1057
1867 900 2069 1057
2226 874 2448 1031
124 861 287 998
0 855 254 1194
868 835 1051 1135
1037 822 1292 1240
626 822 940 1246
195 815 385 1031
1808 809 2180 992
2252 789 2448 920
1475 789 1612 933
1357 770 1534 946
985 750 1142 900
554 750 724 900
1475 744 1664 959
1181 737 1436 1077
659 718 829 894
124 718 306 868
345 711 685 1064
1827 698 2193 855
1664 691 1821 868
1631 691 1782 1024
842 672 1096 959
254 672 417 809
32 659 208 835
718 639 933 946
2310 620 2448 842
1357 613 1560 789
0 594 169 1018
1233 587 1436 776
2004 574 2147 724
2069 567 2265 737
992 561 1325 796
1416 548 1612 685
365 548 580 763
1534 528 2062 796
1103 522 1253 711
267 522 496 724
1971 489 2102 646
1847 437 2075 705
176 430 339 574
913 411 1175 776
280 411 470 554
456 385 672 620
0 385 261 718
2173 372 2448 776
2036 365 2167 587
456 326 913 776
1116 319 1599 646
437 313 587 554
1971 306 2160 463
0 300 182 437
1527 287 1749 613
1155 267 1377 437
672 254 998 613
1671 241 2082 607
1057 241 1201 496
1925 202 2173 352
0 182 137 345
2284 176 2448 574
110 176 332 450
900 143 1031 293
169 110 496 548
345 84 626 293
770 78 907 228
476 78 718 404
1586 71 1899 483
1168 65 1442 372
280 52 463 235
1396 45 1697 365
0 45 241 248
1057 32 1344 293
2069 0 2382 332
2102 0 2291 156
1873 0 2128 254
1788 0 1958 195
1396 0 1684 248
1299 0 1507 156
1135 0 1312 176
998 0 1214 215
796 0 1103 202
522 0 855 339
254 0 515 130
0 0 189 169
1090 0 2448 3263
0 0 2363 3263
0 0 1958 1847
1135 0 2448 3263
2128 1064 2271 1259
0 835 2363 3263
0 835 1540 3081
0 2519 2363 3263
678 2141 920 2317
1808 1690 2102 1925
1827 1690 2102 1821
280 1312 535 1690
1135 1168 2448 3263
900 143 1129 417
998 202 1129 417
1344 0 2448 1723
2193 1083 2415 1253
182 861 496 1077
182 907 476 1077
1573 2219 1886 2434
1605 2284 1886 2434
2180 2212 2448 2428
470 3035 665 3263
1135 1188 1945 2983
1194 1703 1377 1912
1651 1168 2448 3263
0 2519 2304 3263
0 1723 1436 3081
1194 2859 1436 3081
0 0 1090 1847
626 1318 1090 1625
626 1318 874 1573
541 2526 711 2663
705 1318 855 1547
0 0 776 1847
306 0 1958 1481
1651 1181 2448 3263
1383 789 1645 1057
1383 894 1645 1057
522 0 1958 946
2180 2226 2421 2428
2088 1168 2323 1351
2088 1168 2245 1351
280 1436 535 1690
306 326 1801 1481
985 750 1207 900
2284 0 2448 600
2284 78 2448 600
665 2878 1188 3263
665 3015 881 3263
0 1723 1436 2963
182 926 430 1077
541 835 1540 2663
1109 2095 1540 2663
1148 2095 1540 2663
0 0 776 1821
1057 241 1377 496
0 1684 280 1847
731 2741 920 2963
2186 2630 2402 2774
0 1880 352 2526
1449 2807 1716 2976
2102 750 2448 946
2102 750 2363 946
2219 2839 2363 3061
541 835 1370 2219
1090 1873 1370 2219
522 0 1011 359
659 0 1958 946
887 293 1070 509
750 2878 1188 3263
900 2878 1135 3068
1971 365 2284 737
2069 489 2284 737
1658 1181 2448 3263
1658 1240 2448 3263
280 1436 535 1671
1148 2186 1540 2663
1658 1788 2239 2271
1742 1240 2448 3263
1109 2356 1344 2565
1651 2402 1964 2585
1971 365 2219 646
2265 1181 2448 1703
0 1880 293 2526
2036 365 2219 587
0 2591 815 3263
365 2591 815 2963
0 0 724 1821
163 411 580 809
163 411 580 763
2278 1410 2448 1703
365 2591 815 2918
365 2624 802 2918
417 2624 802 2918
502 2624 802 2918
522 0 953 339
1344 900 2180 1723
750 2957 1188 3263
372 1919 907 2186
1135 0 1507 176
567 992 776 1220
124 718 378 881
541 835 1370 1971
1697 1788 2239 2212
1534 0 2448 1214
0 2722 515 3263
0 2826 130 3068
1370 2598 1873 2983
1370 2598 1834 2898
1370 2598 1645 2898
0 1951 293 2526
1631 691 1821 1024
0 2722 470 3263
809 2957 1188 3263
809 2957 1148 3263
1135 1188 1945 2656
1697 1853 2023 2212
437 1795 1436 2963
1912 1148 2082 1449
267 411 580 763
1697 1853 2023 2134
1553 979 1801 1161
1625 0 1958 195
2284 176 2448 600
2297 1827 2448 2219
633 1553 946 1880
1344 900 2180 1638
1135 1188 1945 2480
1344 1710 1677 2102
156 0 515 235
365 2519 2304 3263
1821 2519 2154 2904
1821 2519 2049 2904
835 1364 1090 1625
659 0 1749 946
992 561 1436 796
541 998 1370 1971
0 1129 450 1507
91 1135 450 1507
750 1553 946 1840
306 326 1697 1481
626 613 1697 1481
0 1723 861 2891
0 2448 580 2891
1011 515 1253 711
0 1723 861 2539
306 326 913 1240
0 2467 580 2891
0 2467 580 2761
1135 1357 1736 1808
1135 1357 1527 1762
1370 1188 1945 2480
1586 1344 1827 1547
365 2689 2304 3263
1749 1240 2448 3263
437 2252 966 2604
561 2624 802 2918
267 411 496 724
208 2102 698 2539
241 2102 698 2415
372 2102 698 2389
1044 2728 2304 3263
2095 2728 2304 2970
372 1938 711 2186
1729 1853 2023 2134
254 0 515 235
1344 953 2180 1638
1344 1070 1827 1638
0 1723 861 2278
0 2722 417 3263
0 2891 404 3263
1135 1357 1449 1645
1135 1423 1449 1645
1005 1096 1351 1429
0 2643 254 2891
1814 953 2180 1586
365 2689 1253 3263
1494 2604 1834 2820
0 0 718 1194
437 2252 731 2604
685 1795 1436 2963
1344 1194 1801 1638
1749 2304 2448 3263
2082 2337 2448 3263
855 2689 1253 3009
0 0 718 554
0 0 718 548
541 998 1292 1971
855 1344 1292 1971
1044 2826 2219 3263
1534 0 2448 842
783 2513 1436 2963
254 2761 470 3028
1808 698 2448 1214
1814 953 2180 1468
365 2774 1057 3263
998 0 1749 646
1814 1240 2448 2428
1938 1240 2448 2245
1938 1240 2448 1958
1938 1240 2448 1834
1938 1240 2369 1775
0 385 261 1194
0 385 261 1018
137 2506 580 2761
274 2506 580 2748
0 45 718 548
1370 1651 1919 2480
1416 2252 1716 2480
685 1795 1292 2669
1044 2937 1494 3263
1044 2937 1488 3263
541 998 1135 1540
561 998 1135 1527
724 998 1135 1527
1749 2304 2265 2780
365 2774 731 3120
52 985 724 1821
208 985 724 1599
1814 1906 2232 2428
1586 0 2448 842
1370 1651 1919 2291
1416 1651 1919 2291
2141 1867 2448 2245
626 613 1664 1279
1253 985 1697 1481
1749 2304 2265 2709
52 1246 633 1821
65 1357 633 1821
71 1534 633 1821
280 1534 633 1821
685 1912 1292 2669
855 1547 1292 1971
1671 241 2448 842
1671 241 2363 705
659 411 1175 946
998 0 1344 293
208 985 724 1344
1658 2826 2219 3263
208 1077 724 1344
1723 2826 2219 3146
626 672 1436 1279
842 672 1436 1279
1671 241 2160 705
966 2513 1436 2963
1808 809 2448 1214
1586 0 2382 483
1161 2558 1436 2963
1116 0 1684 646
169 78 718 548
685 2043 1292 2669
1671 241 2160 607
1938 1455 2304 1775
1116 65 1599 646
345 326 913 1064
1037 737 1436 1279
685 2206 1122 2669
1181 737 1436 1279
678 2075 920 2317
724 2095 920 2284
678 2075 913 2317
0 1684 182 1847
567 1971 1292 2689
613 1971 1292 2689
613 2088 1122 2689
470 1586 652 1867
665 221 809 365
1037 1096 1214 1305
1991 489 2239 783
2017 1135 2232 1462
678 2696 959 2963
985 1971 1292 2467
1775 1573 1938 1756
1390 163 1638 463
1064 326 1318 483
176 352 352 607
1847 1710 2121 2056
0 0 2448 2683
0 1233 489 1880
0 2271 2448 3263
332 0 2448 2428
0 0 2023 2683
1155 0 1475 156
450 0 698 182
1521 1070 1880 1416
757 2434 946 2669
1259 2095 1599 2337
1906 1827 2043 2056
1259 2095 1488 2337
0 594 228 1116
0 1233 489 1788
1579 1070 1880 1416
678 1436 2023 2598
0 0 1037 2683
0 594 228 1011
32 646 228 920
561 2395 1357 2898
815 2395 1357 2898
1599 1194 1782 1416
678 1475 2023 2598
1403 2023 1742 2598
332 0 2448 1161
332 0 2363 1161
332 0 1194 1129
332 0 1194 1064
626 561 2448 2428
1971 0 2448 737
1586 561 2448 2428
1266 3087 1690 3263
750 3100 1122 3263
2141 0 2448 737
678 1475 2023 2173
678 1475 1984 2173
0 2441 443 2683
678 1553 1723 2173
1318 1912 1723 2160
0 2604 672 3263
1579 1475 1984 2023
365 2271 2448 3263
0 2820 672 3263
0 2852 672 3263
365 0 1194 933
926 0 2363 1161
678 1553 1370 2173
809 1795 1155 2173
0 0 1037 2669
0 0 763 1788
926 0 1951 1161
365 2408 2212 3263
1658 1997 1991 2395
626 750 1782 2121
0 2611 208 3081
365 2408 1984 3263
1586 561 2448 2128
365 2408 1899 3263
1403 2252 1736 2598
0 0 763 1325
0 0 698 1325
0 1272 1037 2669
365 2408 1769 3263
365 2408 1501 3263
0 1919 874 2669
365 0 1103 933
45 1272 1037 2330
541 1272 1037 1977
0 385 698 1325
1586 953 2448 2128
953 3100 1122 3237
750 3100 1037 3263
1266 3087 1553 3263
1880 3068 2212 3263
345 3042 672 3263
0 3042 130 3198
998 2931 1423 3263
2206 2885 2337 3087
0 2852 404 3263
1658 2826 1984 3263
0 2826 189 3081
254 2820 398 3035
678 2696 959 2878
1351 2663 1769 3198
0 2611 208 2846
32 2604 483 2950
365 2598 1155 3263
561 2591 1116 2898
757 2532 920 2669
0 2493 208 2683
110 2441 443 2676
815 2428 1266 2898
567 2415 796 2598
1103 2408 1501 3048
1103 2395 1357 2617
1161 2356 1338 2552
829 2350 1037 2493
1403 2330 1677 2598
1436 2271 2448 3263
1429 2252 1736 2408
802 2206 966 2343
1697 2186 1867 2395
1155 2173 1507 2441
770 2147 907 2278
613 2134 1122 2689
156 2108 306 2258
907 2088 1037 2252
711 2075 913 2226
489 2049 620 2232
985 2043 1292 2467
1449 2023 1742 2291
0 2023 411 2526
1658 1997 1991 2271
1044 1971 1214 2121
254 1951 417 2088
1318 1925 1723 2160
2297 1919 2448 2226
208 1919 874 2669
1370 1912 1573 2082
835 1912 1129 2173
1814 1906 2448 2428
1090 1886 1357 2180
2010 1821 2186 1997
809 1795 1155 2023
0 1788 202 2062
470 1716 620 1867
1847 1710 2121 1906
