0 0 3263 2448
2859 443 3074 580
1886 0 2212 228
1938 620 2323 770
3081 0 3263 313
1540 1690 1893 1977
1671 561 2049 979
1723 607 2049 979
1090 1919 1579 2271
130 1266 626 1710
189 1272 626 1710
2434 0 3218 398
2434 0 3107 398
2800 0 3042 215
1762 352 2748 613
2748 874 3198 1449
0 2017 424 2265
0 0 789 235
515 0 789 156
1782 1886 2030 2167
3081 0 3263 248
0 450 652 1135
0 450 652 1005
300 554 652 920
2748 874 3198 1429
2467 1736 3263 2448
2467 2167 3113 2448
2552 2167 3113 2448
2572 2167 3113 2448
1964 0 2519 241
2212 992 2572 1201
0 0 3263 1560
1024 1064 1403 1560
1077 1064 1403 1396
1762 352 2487 613
2591 1716 2813 1991
0 502 3263 2448
489 1436 1390 1899
698 1436 1390 1886
698 1436 1233 1690
0 0 3263 1527
1625 1690 1893 1840
1723 744 2049 979
1749 280 2891 489
2669 2167 3113 2448
2434 176 3107 398
0 502 3263 2395
600 972 874 1135
1161 639 1697 1096
1161 639 1540 1096
2350 1201 2506 1390
0 1521 2839 2448
0 1631 2839 2448
1455 646 1697 1096
0 1631 809 2448
1475 646 1631 946
2885 1736 3263 2448
2232 1057 2572 1201
822 1462 1233 1690
0 2023 424 2265
2434 261 3022 398
0 1631 763 2448
685 1716 2839 2448
1011 0 1566 515
2323 1521 2643 2199
1547 2062 1729 2337
1011 0 1566 456
1475 646 1631 855
1331 1716 1684 2075
2885 1736 3263 2408
2709 2167 3113 2448
2735 2186 2904 2356
1331 1716 1618 2043
1325 0 2793 548
685 1951 2839 2448
1945 470 2487 613
1462 685 3263 2395
1462 1481 1658 1788
685 1984 2193 2448
1573 2108 2193 2448
1631 2108 2193 2448
0 1631 554 2415
1566 685 3263 2395
0 0 1455 776
0 0 1318 776
1338 0 3263 1527
1338 574 2467 1527
1442 574 1749 887
933 267 1455 750
0 502 1514 2369
2630 1723 3179 2395
1566 685 3263 2121
6 78 763 580
1938 1951 2839 2448
1618 1795 1893 2049
933 267 1259 509
2004 0 2519 241
1710 0 3263 940
2839 0 3263 940
2839 0 3263 763
117 104 672 326
3048 718 3263 940
3048 718 3263 861
685 1984 1671 2448
1096 1984 1671 2448
1024 456 1455 750
1083 470 1455 750
1338 815 2467 1527
874 1599 1403 2134
1155 1827 1403 2134
1331 1788 1605 2043
1710 411 3100 829
1338 815 2278 1527
1259 1005 1481 1142
6 137 763 580
2630 1723 3042 2199
2702 1338 3028 1507
2885 1736 3192 2252
2891 1736 3087 1997
0 2141 554 2415
137 2141 554 2415
143 2141 554 2415
1762 352 2258 554
1775 378 2258 554
2160 1951 2839 2448
1325 0 2793 417
2709 2167 3035 2448
0 0 1318 750
652 0 1318 744
744 378 1083 744
757 378 1083 567
757 378 985 522
874 1599 1331 2062
881 1703 1331 2062
711 985 1037 1312
711 985 1037 1259
0 228 783 750
1325 0 2787 417
2526 1553 2859 2088
1011 84 1357 450
1227 0 1566 456
1325 0 2402 417
326 1507 1194 2369
2147 776 2461 907
65 137 763 580
744 522 1024 744
0 502 1514 2219
2291 894 2578 1122
2291 972 2578 1122
881 502 1135 776
2441 1168 2950 1442
2643 1168 2950 1442
0 672 1514 2219
385 1507 1194 2369
1814 430 3100 829
306 2141 554 2415
835 770 1344 1103
2526 1592 2722 2088
2526 1723 2722 2088
326 1592 515 1834
652 0 1318 443
1658 71 2402 319
652 0 1318 339
2904 1259 3113 1429
385 1507 1194 2363
1325 0 2056 417
0 0 620 235
0 672 1103 2219
365 900 678 1383
489 1475 802 1899
2839 0 3263 574
450 1507 1194 2363
2813 1514 3139 1932
665 1135 1514 1775
1566 685 3159 2121
1566 1207 2643 2121
2160 2082 2558 2448
2160 2134 2558 2448
2630 1723 3002 2199
1677 124 1958 365
1651 2108 2193 2448
1906 2108 2193 2415
1977 685 3159 1455
2839 228 3263 574
2793 1723 3002 1984
1977 685 3022 1455
731 274 1044 443
2963 0 3263 489
3081 163 3263 489
2539 926 3263 2062
665 1135 1514 1756
678 1168 1514 1756
1651 2147 1977 2448
1658 71 2017 221
97 385 783 750
326 385 783 711
2793 1723 2963 1932
65 137 750 580
378 900 678 1259
3087 926 3263 1377
1977 724 3022 1455
2062 724 3022 1455
450 1690 1194 2363
1083 1266 1514 1756
1566 1325 2643 2121
744 0 1318 339
1814 430 2976 691
2454 685 2911 913
1599 1344 1958 1592
483 802 1103 1135
1064 881 1344 1103
3087 926 3263 1338
0 672 822 2219
0 907 404 2219
0 907 404 1977
2350 1521 2643 2147
3087 972 3263 1338
463 137 750 463
2297 430 2976 691
1083 1266 1475 1658
0 1867 345 2219
65 306 587 580
2062 724 3022 1370
2741 724 3022 998
424 1423 665 1684
2539 1272 3263 2062
2539 1272 3002 1671
0 907 404 1827
0 1377 248 1827
450 1690 1044 2363
541 1690 1044 2363
724 1690 953 2017
2062 894 2872 1370
2428 894 2872 1240
2428 894 2872 1188
2924 1318 3263 2062
0 907 404 1514
0 1155 261 1514
1096 2115 1599 2448
1566 1423 2643 2121
1808 1423 2643 2121
267 672 822 1148
2539 1272 2872 1671
13 907 404 1325
2017 1423 2643 2121
770 1821 1168 2173
65 306 489 580
1566 1481 1906 1775
541 1977 1044 2363
678 1168 1214 1631
678 1168 1214 1507
2017 1423 2643 1932
2017 1423 2643 1853
2160 2310 2389 2448
1083 2297 1501 2448
522 2278 763 2448
2467 2252 2630 2448
2709 2245 2898 2448
685 2239 1175 2448
607 2232 809 2448
137 2232 274 2395
0 2212 169 2382
2552 2206 2696 2448
143 2199 450 2389
2382 2186 2558 2448
2911 2180 3113 2448
1573 2180 1775 2448
2793 2167 3035 2448
1756 2147 1977 2448
1631 2147 1847 2350
1096 2147 1423 2382
1938 2141 2265 2448
359 2141 509 2330
2160 2134 2454 2448
959 2128 1181 2284
2976 2121 3179 2395
1906 2121 2134 2415
626 2121 1044 2363
1396 2115 1599 2448
528 2115 718 2356
1997 2108 2193 2265
0 2082 182 2265
1586 2062 1729 2212
169 2023 424 2232
0 2017 169 2154
1899 2010 2134 2154
1671 1991 1834 2186
1521 1984 1671 2180
541 1977 874 2219
2500 1951 2839 2330
398 1945 587 2245
874 1938 1194 2239
2323 1932 2572 2199
2630 1919 2963 2199
1161 1919 1579 2271
2885 1912 3192 2252
770 1912 946 2173
450 1906 770 2095
1527 1899 1684 2075
58 1899 345 2219
1788 1886 2030 2115
1403 1880 1560 2043
2226 1867 2454 2062
0 1867 137 2036
1638 1840 1893 2049
1181 1827 1331 1991
724 1827 894 2017
2115 1821 2356 2121
848 1821 1168 2017
2676 1814 2813 1991
385 1801 522 1958
1618 1795 1867 1991
476 1795 783 1984
1331 1788 1605 1997
1540 1769 1677 1977
2350 1762 2578 2147
1736 1762 1886 1912
1161 1742 1312 1945
2891 1736 3022 1899
1932 1736 2082 1880
1840 1729 2180 2023
97 1729 261 1977
2833 1723 2963 1893
2552 1723 2722 2030
2591 1716 2748 1853
1383 1716 1618 1860
881 1703 1299 2062
1729 1690 1893 1834
776 1690 953 1840
2226 1664 2461 1932
1899 1664 2056 1847
2970 1651 3139 1932
326 1651 509 1834
84 1631 509 2219
1233 1625 1475 1775
2402 1605 2532 1801
633 1605 855 1867
874 1599 1064 1808
0 1599 163 1827
2767 1592 2924 1782
2526 1592 2656 1742
372 1592 515 1749
1684 1586 1906 1775
1834 1579 2036 1808
169 1579 404 1847
1521 1573 1658 1788
489 1573 750 1899
2617 1553 2859 1860
2017 1553 2330 1853
913 1553 1390 1886
2461 1521 2643 1795
2813 1514 3061 1775
718 1507 940 1749
992 1501 1188 1631
822 1501 1233 1690
424 1501 600 1684
267 1494 437 1710
1566 1481 1762 1723
1462 1481 1618 1762
1312 1481 1514 1756
2780 1475 3002 1625
574 1475 802 1645
235 1468 365 1645
1194 1455 1364 1658
1808 1436 2121 1645
2134 1423 2643 1664
470 1423 665 1631
1697 1377 1958 1592
32 1377 248 1671
2578 1357 2872 1671
1599 1344 1788 1553
1403 1344 1540 1494
1259 1344 1481 1547
1024 1338 1181 1560
2278 1325 2611 1514
2904 1279 3113 1429
2539 1272 2787 1442
189 1272 626 1553
1083 1266 1475 1599
2350 1253 2506 1390
1697 1253 2180 1481
3113 1240 3263 1377
2232 1207 2395 1410
2441 1201 2689 1344
470 1194 770 1507
913 1175 1214 1507
365 1175 567 1383
2643 1168 2904 1383
678 1168 953 1475
437 1155 633 1312
0 1155 261 1416
1716 1142 1899 1312
665 1135 802 1292
861 1129 998 1312
776 1116 920 1259
1194 1109 1338 1259
515 1103 757 1246
1325 1096 1481 1227
0 1096 137 1279
2487 1090 2702 1240
2062 1090 2539 1370
378 1064 567 1259
2408 1057 2572 1201
1103 1057 1272 1207
1847 1044 2088 1351
483 1005 626 1135
711 985 1037 1148
3087 972 3263 1194
110 959 404 1325
2696 946 2872 1122
1488 940 1697 1096
815 926 1175 1344
13 907 300 1155
450 900 678 1109
2428 894 2807 1188
1129 881 1344 1083
2748 874 3198 1357
2741 861 2891 998
2134 848 2467 1018
1338 835 2010 1527
2467 829 2617 966
1853 822 2049 979
1886 815 2278 1090
3068 802 3198 940
594 802 1103 1096
3126 789 3263 959
267 783 607 1148
2147 776 2369 907
835 770 1220 920
1723 744 2043 926
2800 724 3022 940
3120 718 3263 861
2833 705 3159 985
1227 691 1540 1096
2604 685 2911 913
1592 685 1749 887
567 672 822 933
1475 665 1631 855
1919 659 2278 815
1161 639 1507 933
300 633 437 855
1938 620 2323 757
881 613 1135 776
1723 607 1977 822
1083 580 1214 731
744 580 1018 744
1442 574 1677 750
1671 561 1899 783
398 554 652 920
2297 548 2604 691
2206 535 3100 829
1814 535 2304 691
972 502 1129 678
2891 476 3263 763
97 463 372 750
0 450 352 1005
2487 430 2976 607
1710 411 1880 600
3028 404 3263 574
815 391 985 522
698 391 881 718
411 385 783 711
1279 372 1775 652
3087 352 3263 489
1625 332 1847 548
933 332 1077 483
267 313 587 535
65 306 352 548
1292 293 1423 456
1188 287 1344 515
874 280 1044 411
731 274 926 443
228 274 476 417
1011 267 1259 509
463 241 744 463
1677 235 1827 365
2839 228 3094 463
0 228 176 522
1566 189 1742 372
3081 163 3263 378
1880 137 2402 319
580 137 750 274
117 130 483 319
1729 124 1958 300
3126 110 3263 313
372 104 672 326
2147 97 2343 280
1011 84 1331 345
744 78 1090 339
1658 71 1860 221
2800 58 2957 215
2552 52 2754 195
0 45 182 248
1325 32 1749 417
2963 0 3166 202
2904 0 3042 195
2656 0 2891 221
2558 0 2793 156
2258 0 2787 287
2115 0 2519 241
2004 0 2212 182
1553 0 2056 176
1227 0 1566 313
998 0 1318 169
926 0 1103 130
705 0 1077 221
554 0 789 156
326 0 620 235
0 0 450 235
0 0 3263 1534
0 802 3263 2448
822 835 3263 2448
1455 646 1612 972
2467 2206 2696 2448
992 835 3263 2448
607 2232 842 2448
2669 2186 2904 2448
1625 0 3263 1534
2676 404 3074 580
2676 404 3068 554
2467 2232 2630 2448
1671 561 1977 822
0 802 2839 2448
0 802 1481 2415
450 1507 2839 2448
757 332 972 476
1403 1769 1684 2075
1403 1880 1684 2075
2859 404 3068 554
1103 1005 1344 1259
0 0 2793 1148
0 241 2043 1148
0 0 2793 652
992 835 2245 2186
332 1135 567 1383
574 1436 907 1645
1899 1664 2082 1880
2062 1423 2199 1703
2141 0 3263 1534
2676 1788 2813 1991
1566 1044 3263 2448
2709 2075 3113 2448
1625 124 3107 1227
665 1116 998 1312
1442 574 2043 926
1625 124 2323 815
1625 124 2323 757
1155 1742 1403 2134
554 0 789 176
0 241 1697 1148
1227 691 1697 1096
1194 1005 1344 1259
3048 718 3263 1070
3068 789 3263 1070
1566 1044 3263 2408
2891 1651 3139 1997
137 1494 587 2415
267 1494 587 2245
137 2141 561 2415
776 1116 998 1312
731 84 1331 483
1266 261 1423 456
0 45 182 522
2656 0 3263 378
143 2141 561 2415
143 2141 561 2389
2800 0 3263 378
2963 0 3263 378
835 770 1220 933
1671 1886 2245 2186
1671 1984 2245 2186
1671 1991 2245 2186
1671 1991 2134 2186
1292 261 1423 456
1625 124 1958 600
0 241 1507 1148
267 1494 522 1958
1938 1592 2839 2448
1938 2082 2558 2448
450 1507 2193 2448
489 1507 1064 1899
691 1507 1064 1808
515 580 672 776
0 972 137 1279
143 2141 509 2389
1749 176 3107 1227
2141 352 3263 1534
2291 776 2617 979
2291 776 2617 966
3068 789 3263 959
1795 430 3100 1227
2617 1135 3263 2408
2643 1168 3028 1507
992 835 2010 2049
1233 1547 1618 1997
0 802 1481 2382
378 802 1481 1507
1938 2134 2558 2448
731 84 1331 443
1625 332 1880 600
1161 1742 1331 1991
731 221 1044 443
744 221 1044 411
1886 430 3100 1227
1977 1051 2167 1227
0 907 665 2382
489 1573 855 1899
691 1507 998 1788
1749 176 3107 554
2434 176 3107 463
0 907 665 2232
372 1423 665 1899
470 1423 665 1742
1233 1625 1618 1997
1553 0 2793 319
1553 0 2787 319
1795 822 2049 979
3094 1135 3263 1377
3094 1135 3263 1338
718 1507 998 1749
2689 176 3107 463
1331 1716 1618 1997
450 1553 2193 2448
1161 1919 2193 2448
2141 1207 2506 1534
2141 1207 2506 1455
1553 0 2402 319
1553 0 2056 221
1618 1690 1893 2049
1161 1919 1671 2448
0 907 626 2232
1573 2062 2193 2448
2428 352 3263 1357
698 267 1507 1083
698 391 1024 744
698 391 985 718
1749 280 2891 554
1814 535 2323 757
0 0 1775 652
0 0 672 580
2617 1318 3263 2408
2617 1553 2924 1860
1886 430 3100 1155
2291 776 2526 913
2630 1318 3263 2408
1671 1991 1925 2186
881 267 1507 1083
881 267 1507 933
2624 855 2891 1064
1161 1919 1671 2271
2004 0 2343 280
0 0 620 580
65 274 587 580
1077 1024 1481 1396
326 1651 522 1958
1566 1044 2872 2121
1886 776 2467 1155
0 2082 182 2382
992 835 2010 1788
450 1553 1501 2448
2141 1207 2395 1455
2226 1207 2395 1416
2630 1318 3263 2330
1083 287 1507 933
1083 287 1455 750
2206 430 3100 913
2911 2095 3263 2408
580 0 1775 652
1227 0 1775 652
1573 2147 1977 2448
1631 2147 1977 2448
1631 2147 1925 2448
372 1592 580 1899
881 267 1259 567
450 1690 1501 2448
522 2115 763 2448
450 1690 1423 2382
2206 535 3100 913
580 0 1318 398
2833 352 3263 985
1299 1024 1481 1227
378 802 1214 1507
2630 855 2891 998
1194 1455 1658 1788
1312 1481 1658 1788
0 241 1181 1148
3028 352 3263 574
580 137 913 398
580 137 913 287
378 985 1037 1312
437 985 1037 1312
992 835 2010 1631
1886 776 2467 1090
1886 776 2369 1090
1227 0 1749 417
0 450 607 1148
2428 724 3263 1357
2428 874 3263 1357
2833 476 3263 985
515 985 1037 1246
0 0 620 319
0 907 626 1671
685 2128 1501 2448
1684 1272 2872 2121
1566 1044 2539 1853
0 0 483 319
1684 1579 2356 2121
398 241 1181 933
398 241 822 933
2115 0 2787 287
685 2239 1501 2448
0 1599 424 2232
2134 1272 2872 2062
450 1690 1299 2363
450 1703 1299 2363
450 1906 874 2219
1566 1044 2330 1853
992 1266 1481 1631
1083 1266 1481 1599
65 306 587 548
1834 1579 2356 2121
2885 1318 3263 2330
1566 1253 2330 1853
1566 1344 1788 1723
398 385 822 933
0 1599 345 2219
626 1703 1299 2363
2134 1423 2643 2062
959 0 1318 248
2976 2121 3263 2408
0 1599 261 1977
0 1599 163 1951
848 1703 1299 2062
0 907 626 1553
2696 874 3263 1357
398 554 822 933
626 1938 1194 2363
594 802 1214 1507
0 907 404 1416
0 959 404 1416
1697 1253 2330 1853
2226 1592 2500 2062
2885 1318 3263 2252
678 926 1214 1507
2748 874 3263 1357
815 926 1214 1507
1840 1729 2356 2121
2226 1592 2500 1932
1697 1253 2180 1645
2323 2088 2585 2376
1671 561 1984 894
3048 0 3263 313
718 1919 1775 2448
3068 0 3263 313
946 2291 1501 2448
2715 476 3094 744
2715 515 3094 744
1756 0 3263 600
1756 228 3028 600
0 1769 424 2278
2258 0 3263 378
2258 0 3263 372
2820 0 3263 372
1729 744 2049 979
1729 750 2030 979
2689 1331 3263 2448
456 1194 1442 2062
848 1527 1442 2062
2689 1331 3263 2408
1775 391 2904 600
0 0 3263 1344
1775 391 2604 600
0 646 3263 2448
848 1527 1442 1938
2572 2075 3113 2448
2572 2128 3113 2448
1024 646 3263 1847
1756 228 3028 528
0 711 3263 2448
228 1488 515 1958
228 1684 515 1958
1729 750 1899 953
2813 176 3263 476
1775 391 2441 580
1775 391 2043 554
874 267 1338 607
0 0 763 796
0 0 763 633
0 0 763 580
1083 646 3263 1847
1227 633 1658 1096
2572 2199 3113 2448
2572 2199 3055 2448
2904 2226 3113 2448
855 1168 3263 2448
0 711 1403 2448
855 1560 2963 2448
1964 1775 2963 2448
1964 2141 2291 2448
1521 1168 3263 2206
855 1560 2310 2448
855 1560 2193 2448
2232 763 2558 1109
2232 763 2552 1109
2232 874 2552 1109
0 0 639 332
874 267 1338 548
2343 1514 2702 2206
2970 476 3263 966
2970 476 3263 953
1521 1168 3263 2199
855 1703 2193 2448
2160 1775 2963 2448
2219 1775 2963 2448
2513 1775 2963 2350
0 0 639 326
1507 0 3263 822
1938 372 3263 822
1938 522 3028 822
855 1703 2069 2448
1507 0 2330 815
1566 97 2330 815
1566 97 2075 411
2820 0 3042 208
985 456 1207 607
0 0 1834 1344
0 228 1155 1344
65 65 763 580
2232 894 2552 1109
2291 894 2552 1077
2591 1775 2963 2330
2591 1893 2833 2330
1521 1188 3263 2199
1521 1201 3009 2199
1958 1201 2624 1703
1521 2134 1782 2448
0 404 1155 1344
1625 359 2330 815
1880 548 2330 815
1919 607 2330 815
2669 1188 3263 1449
1625 359 1991 633
1756 228 2963 528
1677 97 2075 352
2395 372 3263 580
2395 437 3055 580
855 1703 1390 2134
6 130 483 326
1521 1272 3009 2199
1521 1272 2918 2199
1279 1716 2069 2448
0 2115 554 2408
1932 2108 2193 2402
2669 2199 3055 2448
0 711 1403 2434
65 248 763 580
2689 1331 3263 2395
2526 1396 3009 2088
1181 1455 1501 1736
0 2212 554 2408
2859 372 3263 574
554 0 1834 933
3120 2043 3263 2408
1958 1201 2506 1703
2219 2102 2598 2448
0 711 1344 2434
2813 176 3094 372
1958 1201 2506 1605
2767 1396 3009 1899
2767 1605 3009 1899
326 711 1344 1631
404 711 1344 1631
1083 646 3263 1762
404 894 946 1292
554 0 1331 476
1521 1272 2918 2062
65 248 691 580
65 254 587 580
235 254 587 541
0 907 1142 2434
385 1697 1142 2434
456 1194 1233 1867
2526 1573 2846 2088
385 1795 1142 2434
1677 97 2017 352
385 1795 1044 2434
2454 1272 2918 1671
698 711 1344 1631
2062 1201 2506 1573
0 907 613 1827
0 1272 613 1827
32 1272 613 1729
65 300 489 580
32 1272 613 1671
1756 2317 1925 2448
1573 2310 1782 2448
2402 2297 2598 2448
1083 2291 1501 2448
2160 2284 2369 2448
0 2245 163 2382
2669 2239 2898 2448
861 2239 1181 2369
528 2232 809 2448
2950 2226 3113 2448
137 2212 554 2408
2532 2206 2689 2448
2826 2199 3055 2448
2356 2199 2532 2376
2513 2186 2702 2350
2010 2167 2180 2343
1586 2147 1834 2350
1964 2141 2232 2448
1521 2134 1775 2434
2702 2128 2957 2330
1932 2121 2069 2402
345 2115 509 2271
1096 2108 1246 2271
2219 2102 2487 2448
2323 2088 2585 2278
2591 2075 2780 2330
3120 2043 3263 2330
2343 1991 2578 2193
2330 1977 2461 2115
1077 1977 1390 2134
887 1958 1142 2284
2023 1951 2363 2199
385 1945 1044 2434
1618 1906 1801 2062
2598 1893 2833 2121
2689 1886 3179 2395
1175 1886 1344 2062
1618 1795 2069 2448
456 1795 933 2147
2774 1775 2963 1971
2950 1769 3081 1932
0 1769 345 2278
274 1723 424 1958
1279 1716 1690 2069
2526 1710 2754 2088
2820 1703 3009 1899
855 1703 1240 2108
385 1697 783 1958
228 1684 515 1853
1821 1677 2310 2069
1899 1664 2062 1847
1534 1658 1762 1847
84 1631 476 2173
2767 1605 2931 1801
665 1599 809 1742
1312 1579 1501 1736
2585 1573 2846 1925
1233 1560 1475 1775
169 1540 404 1697
691 1534 1031 1840
189 1521 430 1742
2846 1514 3139 1801
2350 1514 2702 2206
985 1501 1188 1631
372 1501 594 1729
1181 1455 1364 1599
731 1429 1233 1690
2780 1396 3002 1651
0 1351 163 1827
32 1344 267 1671
1024 1338 1194 1553
2937 1331 3263 2128
1521 1331 2643 2062
2062 1331 2278 1573
2317 1299 2454 1436
2454 1272 2918 1436
189 1272 613 1645
2643 1240 2898 1390
3042 1233 3263 1449
2454 1214 2663 1344
2441 1201 2624 1338
2232 1201 2506 1416
456 1194 809 1867
2669 1188 3055 1449
0 1188 332 1416
326 1103 757 1357
1194 1083 1338 1259
1129 1064 1403 1364
1932 1044 2147 1227
600 985 946 1292
607 959 874 1090
1488 946 1658 1096
822 926 1155 1344
0 907 404 1325
404 894 678 1142
3042 789 3263 966
1821 744 2049 926
698 711 1344 1560
1834 691 3263 1429
1083 646 2434 1762
1227 633 1573 1096
1938 613 2330 757
1703 613 1984 894
1919 607 2180 815
221 587 437 796
2715 567 3094 744
