0 0 2448 3263
1801 1977 2304 2474
1991 1977 2304 2441
1011 2095 1253 2487
352 0 1468 287
496 0 1468 241
1161 1396 2265 2467
1175 1396 2265 2467
1037 2480 2141 3263
1090 2480 2141 3263
600 1886 1436 2585
1070 1886 1436 2585
600 1886 1214 2395
0 19 2115 1312
652 1886 1214 2395
274 2937 594 3263
705 1886 1214 2395
1037 0 2448 3263
1037 2075 2317 3035
1037 2193 2317 3035
744 1899 1214 2395
1390 0 2448 3263
744 1899 1168 2115
1175 1396 2186 2467
2186 2088 2448 2761
1037 2278 2226 3035
0 332 1827 3263
842 1945 1214 2395
1083 2278 2226 3035
1951 2846 2088 3055
1214 1403 2265 2304
1612 0 2448 750
842 1945 1175 2395
842 2056 1175 2395
117 176 2115 1312
1161 1462 1357 1801
1880 2108 2265 2415
1880 2108 2212 2415
1253 1729 1827 2441
1214 1403 2265 2258
1214 1403 1853 2102
0 332 1292 3263
567 2036 1142 2689
1390 0 2448 2284
0 2278 248 2480
1207 2278 2226 3035
0 19 744 319
1207 2415 1507 2565
966 2128 1214 2395
0 1286 1292 3263
117 267 881 1044
1390 0 2448 1227
770 176 2115 1312
770 176 1906 1312
280 71 744 280
1364 2278 2226 3035
0 332 528 1840
1338 1710 2186 2467
1462 1592 1697 1860
1756 254 2193 665
1840 254 2193 665
1253 1729 1703 2441
1984 2265 2448 3263
0 2937 280 3263
567 2036 1142 2683
1612 0 2448 698
1840 254 2069 665
567 2036 953 2683
2030 2519 2448 3263
770 176 1886 1312
1677 1847 1984 2134
1527 2232 1827 2408
1344 1932 1703 2441
1051 2904 1214 3263
117 287 554 796
1729 1135 2448 2284
1390 0 2291 1024
1390 0 2069 874
1586 1599 2265 2258
1592 1599 2265 2258
1964 117 2448 1227
1964 287 2448 1227
1964 587 2448 1227
2062 117 2376 339
0 1259 528 1840
1364 2284 1925 3035
1964 639 2448 1227
483 2904 620 3263
770 176 1886 1142
1612 0 2226 698
1612 0 2219 698
1612 0 2147 313
1390 0 2062 809
770 195 1886 1142
672 2206 953 2683
1468 1645 1762 1906
0 2082 1135 3263
26 2082 1135 3263
0 2480 470 3263
1729 1429 2448 2284
2062 2519 2448 3263
0 1286 1292 2402
1945 143 2219 698
1945 143 2115 698
0 1775 633 2402
0 1775 633 2369
1390 0 1880 574
26 2082 678 2957
0 2480 456 3263
0 2480 261 3068
561 2513 1135 3263
665 2513 1135 3192
274 3009 594 3263
561 2891 861 3263
169 2585 456 3263
1964 639 2448 1181
835 3100 1090 3263
274 3074 437 3263
97 3074 248 3263
574 3055 861 3263
1148 3042 1331 3263
1051 3035 1214 3263
2030 3028 2206 3263
385 3009 594 3263
0 2937 280 3172
339 2924 470 3068
483 2904 620 3172
561 2891 861 3153
169 2878 424 3263
626 2754 783 2957
0 2741 261 3068
1645 2689 1801 2820
2108 2669 2258 2904
665 2604 887 2904
182 2585 456 2963
163 2585 365 2774
1899 2578 2043 2774
1207 2558 1370 2735
1775 2532 1912 2826
809 2513 1135 3192
953 2487 1103 2689
1083 2480 1449 2748
0 2480 228 2839
1364 2448 1808 3035
1442 2428 1579 2578
1070 2402 1220 2585
339 2376 678 2957
881 2356 1142 2611
2004 2310 2141 2441
672 2291 855 2683
1501 2284 1925 2650
2036 2278 2212 2415
1821 2278 2226 2722
0 2278 130 2480
1984 2265 2343 2957
1638 2232 1827 2382
966 2232 1214 2395
659 2226 822 2389
2121 2212 2265 2376
156 2212 339 2402
776 2206 953 2467
1756 2193 2317 2519
1344 2167 1664 2441
1997 2154 2206 2304
1801 2154 2304 2474
443 2147 744 2558
1677 2134 1827 2310
2239 2121 2448 2761
1880 2108 2128 2350
992 2108 1175 2291
783 2108 959 2278
2186 2088 2448 2278
26 2082 574 2637
1716 2075 1860 2226
842 2056 1044 2395
567 2036 809 2408
195 1984 365 2193
1991 1977 2304 2428
1566 1977 1886 2317
802 1977 985 2180
1808 1964 1984 2134
652 1964 789 2108
985 1951 1194 2115
933 1945 1070 2102
2043 1938 2408 2284
1769 1932 1919 2088
1370 1932 1703 2271
744 1932 1005 2115
280 1919 633 2206
1155 1886 1436 2539
705 1886 868 2095
1410 1873 1592 2036
0 1860 189 2343
1677 1847 1860 2062
2062 1834 2232 1964
1808 1801 2265 2258
0 1775 339 2369
1370 1769 2186 2467
1553 1736 1762 1906
1253 1729 1462 1964
1338 1710 1964 2304
1560 1677 1697 1860
1664 1651 1814 1808
1279 1605 1938 2206
1592 1599 2023 2056
1586 1599 1893 1938
0 1599 143 1782
1462 1592 1664 1762
1468 1488 1788 1827
979 1481 1116 1690
2265 1410 2434 1573
1175 1396 1958 2291
0 1338 319 1840
535 1286 1292 2030
1971 1266 2258 1540
189 1259 528 1710
2239 1135 2448 1534
1612 1024 2363 1697
2088 1005 2395 1227
215 979 372 1168
2069 926 2226 1103
502 861 718 1135
1383 855 1605 1312
2239 842 2448 1181
1951 835 2291 1024
1305 815 1540 1011
339 802 554 946
65 796 1690 2069
1729 750 2115 1155
2186 737 2337 907
2304 731 2448 887
1521 724 1906 1299
1964 639 2278 953
2232 587 2428 822
2102 522 2278 698
2062 515 2193 652
1168 496 1625 731
1762 489 2062 809
2069 417 2219 574
1135 378 1266 509
0 332 365 1475
117 313 345 796
0 313 169 554
2049 287 2448 835
1945 287 2115 698
195 287 554 424
1756 274 1893 463
208 267 881 1044
1840 254 2023 548
652 254 926 737
2017 235 2193 424
1592 189 1880 574
1455 176 1658 378
900 176 1501 450
280 150 535 280
2062 143 2226 339
1945 143 2082 391
2173 117 2376 319
352 71 744 261
2219 45 2448 424
0 19 600 319
2271 0 2448 130
2088 0 2226 208
1795 0 2147 293
1821 0 1997 130
1612 0 1880 313
1390 0 1710 313
744 1899 1214 2115
0 1853 2448 3263
0 0 2448 2539
770 0 2448 2519
0 0 1827 2539
0 0 1658 450
0 254 1827 2539
0 0 1521 450
1037 2415 1579 2826
1070 2415 1579 2643
1161 1312 2317 2519
0 0 1501 450
1161 1403 2317 2519
2186 1853 2448 2278
2186 2023 2448 2278
0 2036 2448 3263
0 1286 1827 2539
0 254 1690 2069
1880 2108 2265 2441
770 0 2448 2284
770 0 2291 1312
1521 0 2448 2284
1214 1403 2304 2428
783 1945 1175 2395
802 1945 1175 2395
802 1945 1070 2395
1161 1462 2317 2519
1161 1462 2186 2467
652 1886 868 2108
502 1031 652 1214
1592 1599 2304 2428
0 2278 150 2683
0 2441 150 2683
2062 515 2284 750
2102 522 2284 750
1083 2121 2448 3263
0 2036 1227 3263
966 2128 1227 2585
1390 0 2291 1103
1070 2415 1507 2643
0 2036 1214 3263
770 195 1886 1312
1808 1801 2304 2428
1214 1403 1893 2102
1011 2376 1227 2585
985 1729 1827 2539
1521 0 2448 1697
1729 1410 2448 2284
0 3087 137 3263
1808 1801 2265 2304
1155 1729 1827 2539
0 1286 1292 2369
0 2036 1142 3263
0 254 926 1710
1037 2735 1214 3263
776 2206 1142 2689
1945 287 2219 698
0 19 600 424
802 1945 1070 2180
274 2761 672 3263
274 2904 620 3263
881 2356 1142 2689
1612 0 2448 907
1155 1873 1827 2539
130 2212 339 2402
0 2036 1135 3263
750 3100 1090 3263
1083 2448 2141 3263
1344 2121 2448 3263
1612 0 2448 835
1370 1873 1827 2310
1592 189 2069 874
443 2036 1135 3263
443 2036 809 2558
0 313 528 1710
0 332 528 1710
1821 2121 2448 3263
1521 639 2448 1697
0 2082 678 3263
1964 639 2448 1534
561 2226 1135 3263
1344 2167 2043 2826
561 2226 1135 3192
352 0 1501 450
1521 724 2363 1697
208 254 926 1135
1612 0 2226 391
1592 189 2062 809
2049 45 2448 835
2062 45 2448 424
0 1338 633 2369
1344 2167 1925 2826
1370 1932 1827 2310
1821 2121 2448 2957
1984 2121 2448 2957
208 254 926 1044
2088 1005 2448 1534
1612 0 2147 391
26 2082 678 3263
163 2585 456 3263
561 2513 1135 3192
1090 2448 2141 3263
1344 2167 1925 2650
1521 724 2115 1299
0 2480 280 3172
1756 254 2023 548
659 2226 855 2683
0 1338 339 2369
352 0 1468 261
0 2741 280 3172
0 0 1547 855
1207 1312 2304 2467
744 1899 1253 2585
744 1899 1253 2572
1207 1396 2304 2467
189 1390 535 1762
757 1938 1253 2572
757 2108 1253 2572
757 2108 1233 2572
757 2108 1233 2558
744 1899 1168 2102
0 0 1547 404
1716 2049 2448 2761
189 0 1547 404
189 97 1547 404
352 97 1547 372
352 97 1547 293
1540 0 2448 1227
1880 2108 2265 2448
1886 2186 2265 2448
0 1468 2448 3263
1018 1468 2448 3263
0 1775 1259 3263
1338 2415 1592 2643
1018 2480 2141 3263
1886 2186 2212 2448
2186 2049 2448 2761
0 0 2448 2474
796 1938 1194 2271
940 2108 1214 2395
1135 1468 2448 3263
0 1775 1207 3263
1135 1468 1834 2545
1135 1468 1827 2545
1135 1468 1827 2539
1142 1801 1827 2539
731 97 1547 293
1351 2278 2448 3263
1612 0 2448 1227
2102 522 2284 737
1024 2748 1259 3263
1390 0 2448 2474
1566 639 2448 2474
0 1775 1090 3263
0 1775 372 2480
1364 1488 2304 2467
71 1919 1207 3231
0 2415 1090 3263
274 2846 1090 3263
483 2944 1090 3263
541 3055 1090 3263
1592 1599 2304 2467
685 3055 1090 3263
1827 137 2448 1227
1527 2258 1834 2408
1305 1801 1827 2310
1612 0 2448 580
1390 0 2082 894
1592 189 2082 894
274 2846 594 3263
1827 221 2193 672
1827 221 2193 652
1827 254 2193 652
2056 137 2448 1227
2056 287 2448 1227
2115 594 2448 1227
2115 646 2448 1227
685 3107 1090 3263
1305 1801 1703 2291
1769 489 2082 894
1671 0 2448 580
1782 0 2448 580
1782 0 2448 385
2088 0 2448 385
1945 143 2199 580
0 2415 470 3263
71 1919 1207 3185
306 2395 874 3231
829 3107 1090 3263
541 3100 705 3263
1024 3081 1259 3263
731 3055 874 3192
2030 3028 2219 3263
274 3022 443 3263
398 3009 594 3263
483 2944 620 3172
0 2904 470 3263
326 2846 528 3042
561 2754 874 3231
1044 2748 1227 3120
1527 2539 1658 2715
1135 2480 2141 3263
1018 2480 1455 2813
1416 2415 1592 2643
0 2415 463 3146
1070 2402 1227 2585
306 2395 711 2989
887 2337 1233 2558
443 2271 600 2402
1971 2265 2323 2532
2036 2219 2265 2415
1756 2219 2062 2513
1977 2199 2212 2350
1886 2186 2186 2448
966 2115 1214 2382
2226 2108 2448 2761
1880 2108 2121 2278
940 2108 1161 2395
757 2108 953 2461
71 2082 574 2637
1716 2075 2317 2519
2186 2049 2448 2265
1390 2004 1703 2291
1710 1964 1984 2134
972 1951 1194 2108
796 1938 1057 2271
274 1919 1207 3185
1501 1912 1788 2212
1677 1847 1853 2010
1142 1821 1690 2539
1808 1801 2304 2467
1305 1801 1566 2036
0 1775 372 2376
0 1573 143 1775
1364 1488 1899 1964
1135 1468 1449 1893
1168 1462 1951 2297
1175 1410 1416 1566
1207 1396 1945 2206
176 1338 326 1475
1279 1312 1436 1455
470 1031 652 1357
2180 913 2350 1070
2062 913 2245 1116
2206 737 2448 1227
1853 678 2082 894
2115 646 2337 926
2232 594 2408 881
1932 541 2062 672
1769 489 2030 731
0 313 261 855
2056 287 2448 835
1945 274 2199 580
1827 254 2095 613
1840 221 1971 391
1592 189 1964 554
0 176 2010 2108
1945 143 2088 332
2056 137 2226 339
998 97 1547 235
0 32 483 319
365 19 607 176
2186 0 2448 385
1782 0 2147 235
1671 0 1912 313
1612 0 1742 221
1540 0 1703 137
391 0 1481 261
1756 2219 2323 2532
1037 2173 1253 2441
0 0 2448 2519
1168 0 2448 2519
1168 1396 2317 2519
0 0 1481 404
1207 1396 2265 2448
757 1468 2448 3263
1168 1462 2317 2519
1037 2735 1227 3120
985 2402 1227 2689
1880 2108 2212 2350
1501 1912 2317 2519
1390 0 2095 894
757 1468 1827 2813
757 1938 1233 2572
757 1938 1233 2558
1135 2108 2448 3263
1018 1468 1827 2813
796 1938 1194 2395
1540 0 1742 221
0 0 1481 319
541 3055 1259 3263
1364 1488 2023 2056
1018 2415 1592 2813
541 3081 1259 3263
1671 0 2448 1227
0 1775 711 3263
274 2846 620 3263
1827 254 2193 672
685 3081 1259 3263
1142 1801 1703 2539
1135 2278 2448 3263
274 1919 1207 3231
2056 137 2448 835
1671 0 2448 385
1142 1821 1703 2539
0 2395 711 3263
2206 594 2448 1227
0 1775 574 2637
221 0 855 241
528 1723 1370 2545
1331 1077 1612 1501
1201 1494 2310 2519
1201 1494 2310 2474
528 1723 1214 2545
1207 1494 1958 2291
528 1723 1214 2408
1207 1494 1899 2206
587 1723 1214 2252
607 1723 1214 2252
946 1827 1214 2088
1377 626 1507 881
0 0 600 313
0 0 515 313
783 1945 1462 2415
966 2115 1462 2415
966 2115 1338 2395
783 0 1475 228
1201 1494 2141 2454
404 718 659 1064
528 913 659 1064
2284 594 2448 1011
900 1037 2304 3159
1181 1403 2304 2467
0 0 515 202
587 1742 744 1964
737 424 1005 737
267 1325 528 1886
1586 1997 2134 2519
1396 1077 1612 1501
783 1945 1175 2284
881 672 1096 881
0 0 515 169
900 1037 2121 3159
926 2206 1853 3159
926 2219 1553 3159
926 2219 1370 3159
926 2376 1259 3159
926 2480 1233 3159
998 2598 1233 3159
2284 737 2448 1011
2134 3113 2323 3263
900 1037 2121 2526
900 1037 1860 2350
1272 1684 1860 2350
1716 1651 2199 2180
783 2049 1168 2284
966 2115 1227 2389
1272 1684 1860 2337
1370 1919 1860 2337
1292 2160 1462 2415
1547 770 1742 1259
0 1024 280 1775
0 1351 208 1775
91 1024 280 1423
91 1024 235 1286
267 1325 528 1599
1181 1403 2069 2199
1181 1403 2030 2134
1651 1684 2030 2134
1547 770 1677 1057
626 1292 953 1775
0 1645 1168 3263
1246 398 1566 665
1246 437 1566 665
359 1325 528 1521
1031 2787 1233 3159
0 0 2448 1873
1455 0 2448 1403
1122 1018 2448 3263
783 2226 1188 2545
1579 0 2448 1351
0 58 2428 1873
110 946 365 1351
2226 1547 2448 1938
1181 1403 1742 1886
1671 1684 2030 2134
1671 1684 2030 2062
1377 1201 1756 1762
626 1292 953 1749
750 1292 953 1749
1246 437 1566 633
900 1037 1325 1984
1455 0 2415 1403
1906 2134 2304 2467
750 1436 953 1749
946 1037 1325 1984
946 1037 1325 1932
979 1233 1325 1932
2284 2408 2448 2754
2108 1945 2448 2167
1566 352 1886 829
1664 509 1886 829
1449 2206 1853 2428
1377 1540 1742 1886
1938 913 2428 1560
0 58 2017 1873
19 58 665 280
91 58 665 280
0 150 2017 1873
1240 1103 1423 1403
0 306 287 835
0 496 202 835
0 515 202 835
940 2878 1168 3263
1534 208 2415 1403
0 1645 1064 3263
261 861 894 1266
1703 0 2448 1351
940 3074 1168 3263
946 1037 1272 1357
1880 672 2415 1403
0 1762 1064 3263
150 2369 424 2656
189 208 1227 646
189 208 1227 613
548 208 1227 496
698 208 1227 496
966 0 1475 202
1703 0 2448 1312
1122 2102 2448 3263
1122 2323 2448 3263
1651 1018 2448 2173
476 1645 718 1847
1122 685 1436 1083
1194 757 1436 1083
1651 1096 2448 2173
1919 1122 2102 1331
2017 2402 2343 2669
2004 1037 2428 1560
2134 1201 2428 1560
345 1775 678 2128
345 1821 548 2128
189 287 665 613
979 1233 1312 1932
1207 926 1808 1592
1370 926 1808 1592
1547 1161 1808 1592
1612 1161 1808 1592
1612 1161 1795 1468
1703 0 2448 1122
1534 208 2108 770
1742 385 2108 770
2134 2102 2448 2480
261 959 789 1266
306 150 2017 1279
979 528 1135 809
0 417 1246 1873
1703 0 2448 979
1749 0 2448 979
1749 182 2448 979
1814 274 2448 979
1070 450 1416 835
0 1762 907 3263
0 1762 861 3263
1964 868 2415 1403
1370 926 1599 1364
1814 274 2434 979
607 1723 1057 2252
189 287 665 489
1651 1096 2448 2030
1651 1096 2062 1795
1651 1096 2023 1795
1651 1279 2023 1795
1651 1279 1984 1710
1214 2604 1481 3120
1449 2206 1853 2408
528 2258 861 3009
528 2258 861 2859
528 2500 861 2859
639 2500 861 2859
1984 1214 2448 2030
0 1527 437 1860
0 1527 313 1860
424 1286 829 1788
430 1286 652 1579
0 1762 822 3263
1756 0 2448 352
1756 0 2376 352
1214 2323 2448 3263
1429 2415 1749 2846
1122 2500 1383 2918
1351 2513 1566 2774
966 0 1410 202
483 1775 678 2062
0 456 332 1455
1984 1214 2343 1873
2004 65 2376 352
52 417 1246 1873
815 1325 1070 1873
829 1325 1044 1782
52 417 1246 1729
176 417 1246 1560
228 417 1246 1449
1370 2010 1860 2337
1814 274 2434 966
1814 274 2434 848
1534 208 1893 548
1756 0 2173 221
1403 456 2017 1279
1403 587 2017 1279
1599 724 2017 1279
228 417 1246 1436
228 417 887 1005
228 417 822 1005
228 496 639 1005
313 763 1246 1436
744 763 1246 1331
306 150 1631 502
0 652 241 1455
0 829 189 1455
1814 274 2434 744
39 2728 176 3107
228 496 561 1005
1599 724 1919 1279
1814 274 2376 744
1814 274 2258 574
1906 2134 2232 2467
313 1116 829 1436
176 2650 822 3263
319 2650 639 2957
378 2160 626 2408
1449 1612 1742 1886
1161 580 1416 835
176 2878 822 3263
1357 2323 2448 3263
124 110 665 280
1599 724 1919 1011
176 2918 822 3263
574 2944 822 3263
770 763 1246 1325
855 763 1246 1325
953 763 1246 1135
0 1762 404 2904
45 2448 385 2904
1357 2389 2448 3263
1775 2389 2448 3198
1775 2389 2323 3198
0 1762 404 2539
176 2918 646 3263
0 985 189 1455
1455 2500 1749 2846
496 1116 829 1436
52 1762 404 2389
52 1762 404 2141
1357 2630 2160 3263
1416 2630 2160 3263
228 515 561 1005
228 515 463 822
176 2957 607 3263
1005 195 1599 502
176 3042 607 3263
1964 868 2363 1259
770 2369 1064 2989
424 1449 829 1788
1416 2630 2075 3263
1788 2565 2323 3198
1788 2565 2193 2957
176 3087 515 3263
1416 2630 2004 3244
1416 2630 1899 3244
1416 2630 1899 3100
2023 1370 2343 1873
1932 3133 2180 3263
940 3133 1129 3263
176 3094 391 3263
385 3087 515 3263
1586 3074 1821 3263
1037 3074 1168 3263
574 3074 750 3263
2219 3055 2448 3263
1690 3048 2075 3263
456 3042 607 3263
1429 3022 1664 3244
1214 3022 1475 3263
0 3022 137 3263
1051 2970 1233 3159
339 2957 489 3120
163 2957 326 3133
1925 2950 2160 3185
1645 2944 1821 3113
235 2924 398 3139
463 2918 646 3120
861 2911 1018 3192
613 2898 750 3087
1168 2891 1312 3035
940 2878 1083 3087
1357 2872 1592 3028
1253 2839 1462 3120
1416 2833 1762 3100
2239 2813 2448 3100
2030 2813 2323 3198
110 2807 306 2996
1729 2800 2004 3107
456 2800 639 2957
1031 2787 1201 3015
1194 2780 1370 2944
1442 2774 1658 2918
776 2774 933 3022
1860 2735 2193 2957
665 2735 835 3009
1122 2709 1299 2918
2284 2689 2448 2872
672 2656 861 2859
319 2650 476 2898
528 2643 691 2859
1631 2630 1899 2865
1455 2611 1690 2846
45 2611 385 2904
2017 2604 2160 2820
1214 2604 1481 2859
894 2604 1064 2989
143 2591 352 2748
1423 2578 1573 2722
1788 2565 2075 2820
2128 2532 2415 2833
1364 2513 1566 2656
1534 2500 1749 2748
1122 2500 1383 2774
639 2500 809 2689
274 2500 424 2656
450 2487 698 2865
1677 2480 1840 2702
926 2480 1214 2650
45 2448 221 2676
2147 2421 2343 2624
1429 2415 1684 2617
2284 2408 2448 2683
2017 2402 2239 2669
652 2402 789 2565
1775 2389 2128 2722
953 2376 1188 2545
770 2369 992 2728
150 2369 300 2585
822 2343 992 2617
1547 2323 1821 2558
1997 2310 2141 2441
1860 2304 2134 2519
1331 2304 1553 2487
1788 2297 2121 2526
0 2284 208 2539
2004 2258 2232 2467
600 2258 750 2572
476 2252 626 2408
143 2239 345 2408
783 2226 1077 2519
705 2226 874 2369
274 2226 502 2624
2134 2219 2448 2480
1449 2206 1814 2408
1873 2180 2310 2474
2121 2180 2304 2467
378 2160 600 2369
2010 2147 2265 2297
1658 2141 1853 2350
1906 2134 2069 2323
1161 2115 1338 2395
1958 2108 2095 2265
2199 2102 2448 2310
972 2102 1168 2258
626 2082 770 2278
1370 2069 1860 2337
783 2049 985 2284
332 2049 483 2206
58 2049 332 2389
1860 2036 2069 2199
528 2030 672 2408
1475 2010 1860 2291
1586 1997 1938 2369
1782 1964 1964 2134
796 1958 979 2212
1318 1951 1507 2167
1175 1951 1370 2180
385 1951 528 2128
2160 1945 2448 2141
926 1945 1175 2108
1449 1919 1677 2102
176 1919 404 2088
607 1912 874 2252
535 1906 678 2062
1671 1899 1912 2141
1540 1886 2141 2454
1194 1853 1325 1984
992 1853 1214 2088
0 1853 143 2141
1716 1847 1880 2017
2030 1840 2265 2173
2186 1821 2448 2030
345 1821 548 2082
1886 1782 2199 2180
195 1782 398 1912
1756 1762 2030 2062
52 1762 300 2141
26 1756 202 1938
1756 1749 2154 2212
587 1742 731 1919
691 1723 1057 2030
2226 1716 2376 1938
1449 1703 1742 1886
2304 1697 2448 1873
1305 1697 1573 1971
1671 1684 1906 1938
1272 1684 1677 2095
815 1677 1070 1873
1331 1664 1958 2291
1716 1651 2193 2180
528 1645 718 1808
0 1645 300 1860
1011 1631 1214 1827
1462 1612 1625 1782
1292 1605 1658 1899
789 1605 953 1749
1938 1599 2186 1938
1534 1592 1729 1762
2245 1547 2448 1742
1886 1547 2023 1795
261 1547 437 1860
1377 1540 1521 1677
1064 1540 1207 1690
913 1521 1044 1782
1651 1514 1827 1710
52 1501 215 1729
1201 1494 1997 2323
1468 1488 1788 1840
