0 0 2448 3263
0 0 2448 2212
0 1122 2448 2212
0 0 2448 2206
933 1651 1181 1867
0 1860 2448 3263
1272 515 1599 718
0 483 463 789
868 1181 2212 1840
868 1181 1912 1840
0 0 476 541
2030 332 2448 502
0 176 274 509
770 104 1181 456
731 1860 2448 2239
0 822 1442 2206
0 822 1442 2088
0 0 2448 1312
0 1853 718 2206
163 1853 411 2004
0 1468 202 1638
0 894 287 1135
0 0 2448 1305
691 1279 1103 1566
0 2212 2448 3263
0 2212 731 3263
1769 1436 2212 1795
1769 1436 2115 1795
0 2219 678 3263
574 705 1155 887
574 705 1051 887
652 2212 2448 3263
522 398 1044 574
1788 1560 2115 1795
652 2245 2448 3263
848 2245 2448 3100
652 2513 2448 3263
731 1906 2448 2239
711 2212 2448 2669
711 2212 2448 2637
561 2212 731 3263
0 280 182 509
163 0 1070 483
0 124 1742 1279
979 0 2448 1305
691 1279 913 1566
1364 2421 1579 2565
0 2323 652 3263
665 2513 2448 3263
0 796 894 1279
979 274 2448 1305
0 2219 678 2800
665 2728 1658 3263
665 2728 1462 3263
1605 2513 2448 3263
1605 2709 2330 3263
0 2617 470 3035
1795 3133 1945 3263
770 3126 1031 3263
1553 3048 1716 3224
561 2989 691 3263
2167 2970 2448 3263
1129 2950 1658 3263
1272 2924 1462 3100
2036 2878 2330 3100
0 2748 235 3035
665 2728 1305 3263
1605 2709 2265 3263
1867 2683 2121 2918
143 2617 470 3028
685 2539 953 2931
979 2526 1148 2669
130 2519 306 2650
2082 2513 2448 3035
1840 2245 2448 2421
0 2226 221 2474
594 2212 731 3068
731 2082 1488 2226
750 1906 2448 2239
0 1860 535 2206
385 1853 718 2010
933 1671 1181 1867
678 1658 1005 1886
959 1651 1090 1827
1906 1645 2115 1795
1788 1560 1977 1742
1455 1560 1821 1840
1410 1514 1612 1697
0 1468 202 1618
1769 1436 1977 1586
0 1396 274 1553
731 1390 913 1566
691 1279 868 1436
1129 1266 1292 1403
868 1181 1912 1769
1742 1096 2212 1331
0 1077 345 1312
0 900 287 1135
1390 887 1736 1070
221 861 894 1279
1390 815 1697 946
0 796 672 1024
1919 750 2310 913
770 705 1051 855
0 522 561 887
1351 515 1599 678
0 509 463 789
1899 502 2448 691
0 483 280 659
979 404 2448 1305
665 398 1044 548
91 372 352 522
163 306 332 437
1756 274 2448 456
385 221 822 483
626 215 848 417
1037 195 1338 450
19 124 1742 913
600 124 881 274
110 110 476 541
848 19 1122 182
1396 0 2448 476
959 0 1971 261
163 0 1070 274
0 0 287 241
0 0 2448 2239
0 176 352 522
0 176 274 404
195 65 417 208
1390 815 1736 1070
0 398 2448 2239
0 398 1442 2088
600 124 881 417
0 1122 2448 2239
0 398 672 1024
0 398 561 887
0 398 280 659
678 1181 2212 1886
0 509 561 887
0 0 1971 913
0 0 1742 913
0 2212 789 3263
561 2212 789 3263
652 3133 789 3263
1070 3126 1299 3263
665 2212 2448 3263
959 0 1971 450
678 1181 1977 1886
678 1599 1005 1886
731 1181 1977 1840
731 1181 1977 1788
868 1181 1977 1788
1984 0 2369 150
868 1181 1977 1769
1272 2924 1553 3100
1899 502 2448 698
19 0 1742 913
150 2852 332 3113
0 1396 274 1618
110 0 1181 541
163 0 1181 483
1906 1645 2212 1795
711 2212 2448 3100
0 861 894 1279
665 2539 1658 3263
1605 2709 2448 3263
2036 2878 2448 3263
1514 1442 1971 1795
0 509 463 757
0 0 496 502
0 0 287 280
91 110 496 502
0 2141 2448 3263
0 0 2448 2232
0 248 417 718
0 248 267 718
1514 1547 1853 1795
685 2212 2448 3263
0 515 528 822
0 665 385 822
0 2212 1077 3263
0 2212 750 3263
0 2219 685 3263
0 822 2448 2232
0 0 2448 1344
130 39 842 541
130 39 463 274
574 2212 750 3263
652 2872 1077 3263
0 770 1155 1344
0 770 1155 1312
0 248 195 502
0 2617 470 3113
0 2617 470 3087
652 3120 789 3263
0 3094 182 3263
1109 3074 1299 3231
339 3015 470 3153
672 2872 1077 3263
613 2212 750 3133
0 1860 561 2199
52 1671 221 1840
953 1631 1122 1860
698 1599 1024 1886
1521 1560 1853 1795
1514 1547 1729 1697
1312 1514 1703 1801
1645 1442 1971 1690
0 1370 365 1618
613 1272 946 1566
894 1148 1775 1507
1951 1122 2160 1299
0 900 274 1135
0 861 907 1312
1919 750 2369 913
2180 587 2448 718
0 528 287 724
313 515 528 698
0 470 267 718
104 378 417 541
1756 274 2448 515
0 248 195 404
633 228 822 417
705 221 861 450
1057 215 1246 378
332 215 842 541
345 169 496 489
600 137 835 274
91 110 456 502
130 39 372 241
802 19 1031 208
1860 0 2363 150
0 0 287 235
104 124 496 541
345 124 496 489
0 515 528 783
600 137 946 450
705 221 946 450
1312 1442 1971 1801
1312 1514 1853 1801
0 215 842 757
0 0 456 718
698 1599 1122 1886
672 2212 2448 3263
0 0 456 502
0 39 456 502
91 39 456 502
1860 1638 2212 1795
1860 1638 2212 1769
574 2212 789 3263
1645 1403 2128 1756
815 1475 1168 1618
737 1475 2448 2219
1782 1631 2448 1827
1906 1631 2448 1788
737 1475 1932 2219
0 515 319 665
737 1605 1932 2219
737 1723 1932 2219
91 1638 345 1880
0 972 352 1188
1070 894 1403 1148
1090 1723 1932 2180
1775 770 2297 1024
1775 770 2265 1024
319 1148 881 1338
1135 1005 1312 1148
1005 1540 1521 1860
1135 1540 1521 1814
1135 1684 1455 1814
0 163 470 489
1246 1312 1840 1677
1527 1403 1840 1677
1534 1403 1840 1553
1246 1312 1631 1592
0 0 2448 1977
0 1364 1396 1977
0 1455 659 1631
0 1455 470 1631
0 1455 274 1618
0 0 2448 1664
1090 541 1534 724
0 1364 1286 1977
254 1364 1286 1958
496 1475 1286 1958
0 1703 2448 3263
0 1729 2448 3263
306 0 972 345
424 137 770 345
235 567 802 796
110 1194 855 1462
0 1566 574 1977
0 1592 483 1977
855 117 1201 372
900 117 1168 319
861 1475 1286 1834
1220 535 1710 842
1475 535 1710 737
235 567 783 796
1618 1344 1945 1631
1618 1344 1925 1527
1449 1096 2448 1664
1449 1096 2448 1501
1449 1188 1984 1364
1521 1703 2448 2239
0 0 2448 1540
2049 1325 2448 1664
0 0 2448 1534
0 1618 483 1977
0 2219 685 2350
1090 594 1410 724
1521 1710 2448 2239
1521 1808 2448 2239
254 1364 953 1762
509 1481 953 1762
110 1194 705 1462
248 1991 528 2154
1886 1011 2448 1272
2056 1011 2448 1181
2115 1011 2448 1181
2030 1808 2389 2043
450 398 1227 822
0 287 208 502
1521 1873 2448 2239
306 0 972 189
235 574 783 796
0 646 443 868
953 476 1233 626
1631 626 1997 783
600 1096 1103 1390
0 1729 1579 2219
0 1749 1579 2219
450 1749 1579 2199
535 1749 1579 2199
718 1749 1579 2056
1867 1096 2448 1501
561 430 835 574
1553 731 1893 1064
0 2212 744 3263
789 1749 1579 2056
0 1729 685 2134
0 1729 685 2108
97 1729 685 2017
195 1729 685 2010
208 1729 685 2010
652 2252 2448 3263
0 2082 868 2219
1742 881 2382 1318
1997 881 2382 1024
1011 1194 1553 1540
1742 900 2245 1318
0 691 1945 1534
1005 698 1710 1018
1005 698 1710 959
1207 698 1710 953
0 0 2448 1024
254 1364 737 1553
0 691 1795 1534
600 1168 1103 1390
0 0 2448 861
1867 1240 2448 1501
1521 1945 2448 2239
1521 2082 1906 2219
685 1214 1318 1534
0 691 1795 1403
0 691 1618 1403
0 691 1377 1403
0 940 672 1403
0 1090 672 1403
685 1305 1279 1534
1547 1945 2448 2239
1697 1488 1945 1631
1547 1971 2448 2239
0 737 443 868
574 2212 744 3263
535 1997 1214 2199
0 2258 665 3263
306 691 1377 1103
881 691 1377 881
574 855 894 985
0 443 698 737
124 443 698 737
2128 2291 2448 2669
2160 182 2448 313
0 1090 672 1246
665 2252 2448 3263
0 0 1070 476
0 0 1011 476
287 110 1011 476
940 0 2448 861
685 2343 868 2898
685 2402 815 2898
2095 32 2448 267
182 443 698 691
724 2212 2448 2363
450 456 1188 822
1906 509 2448 861
1925 626 2448 861
306 802 1168 1103
306 802 829 1103
535 1997 959 2193
378 117 1011 476
646 117 1011 476
940 0 2271 594
463 1005 848 1135
1808 900 2245 1246
940 0 2271 463
940 0 2271 339
940 0 1703 319
900 2363 1272 2709
1116 2258 1344 2487
1997 274 2448 515
1599 0 2271 339
874 2924 1168 3179
1599 110 2271 339
665 2271 2448 3263
1710 2278 2069 2513
1834 2278 2069 2513
724 2252 1161 2572
1436 3081 1723 3263
1906 2474 2304 2780
750 2252 1161 2572
796 2252 1161 2519
1893 3002 2265 3263
1742 2630 2075 2872
796 2252 1005 2519
1299 2989 1671 3159
0 2265 665 3263
0 2271 665 3263
2128 2356 2448 2669
58 2271 665 3263
1762 3009 2095 3263
2160 3048 2448 3263
665 2271 2258 3263
665 2271 2193 3263
1925 2761 2193 3074
2160 3061 2448 3263
665 2271 1977 3263
1064 2304 1449 2663
0 2402 306 2761
58 2271 665 3028
182 2271 665 2996
313 2271 665 2944
345 2271 665 2813
1148 2271 1977 3185
1266 2271 1977 3185
1344 2271 1977 3185
1344 2271 1977 2989
1410 2461 1977 2989
665 2448 1181 3263
665 2448 1175 3263
665 2735 1148 3263
665 2872 1148 3263
665 2872 1024 3263
1410 2480 1977 2989
345 2271 665 2683
1410 2480 1945 2878
1573 2487 1945 2878
750 2448 1175 2813
665 2872 933 3172
848 2448 1175 2813
1912 3126 2095 3263
842 3126 1024 3263
2160 3120 2421 3263
665 3113 900 3263
1540 3107 1723 3263
1272 3094 1429 3224
992 3087 1148 3263
1436 3081 1573 3263
1109 3081 1246 3231
2206 3048 2382 3192
2004 3028 2265 3263
678 3022 933 3172
1299 3015 1481 3159
1762 3009 1925 3185
1893 3002 2036 3166
300 2996 594 3263
1455 2989 1671 3146
1024 2989 1168 3126
84 2983 326 3263
280 2970 450 3120
2291 2950 2448 3081
1109 2944 1286 3159
71 2944 254 3159
1814 2924 1958 3100
874 2924 1044 3179
2049 2878 2258 3100
1494 2872 1651 3042
1227 2872 1507 3061
953 2872 1175 3074
665 2872 842 3120
1925 2852 2193 3074
2219 2826 2363 3002
398 2826 620 3055
1553 2813 1840 3185
1357 2800 1521 3022
1697 2793 1977 2989
182 2780 365 2996
1037 2774 1181 2924
1142 2767 1383 2983
1958 2761 2108 2918
887 2761 1090 2963
2082 2754 2291 2898
58 2748 241 3028
1488 2741 1671 2963
783 2735 1011 3061
313 2735 476 2944
1919 2722 2075 2872
698 2722 855 2937
1729 2709 1932 2846
1331 2689 1645 2872
32 2669 221 2800
1148 2643 1364 2878
1742 2630 2010 2793
2232 2624 2448 3087
208 2617 470 2807
0 2611 137 2761
1912 2598 2304 2780
450 2591 639 2813
848 2572 1175 2813
1573 2565 1847 2878
750 2552 894 2754
2284 2539 2448 2669
137 2532 280 2676
1390 2526 1579 2663
1638 2493 1814 2637
1756 2487 1945 2656
261 2487 391 2643
1410 2480 1677 2735
783 2480 953 2696
1991 2474 2226 2702
1906 2474 2043 2715
345 2474 646 2683
1292 2461 1449 2663
1142 2454 1325 2696
1037 2448 1272 2709
920 2448 1096 2637
1971 2428 2134 2585
365 2402 496 2585
0 2402 306 2728
750 2376 926 2572
1710 2369 1860 2506
124 2369 345 2532
900 2363 1116 2532
2128 2356 2448 2565
2030 2356 2265 2519
1312 2356 1462 2487
1566 2350 1756 2487
724 2343 868 2578
1834 2337 2069 2513
796 2323 940 2519
417 2323 587 2513
1064 2304 1312 2506
2252 2291 2448 2448
1827 2291 1977 2448
1893 2278 2056 2421
150 2278 345 2480
1736 2271 1925 2421
1344 2271 1645 2565
483 2271 665 2519
274 2271 535 2402
972 2265 1161 2421
0 2265 228 2461
0 2258 137 2434
815 2252 1005 2389
97 2219 685 2350
1573 2108 2448 2239
1521 2082 1867 2219
2095 2004 2271 2141
724 1997 959 2173
535 1997 894 2193
248 1991 463 2154
861 1984 1233 2141
0 1984 221 2134
1547 1971 2186 2226
0 1964 287 2108
1605 1945 2010 2147
1090 1919 1436 2180
2239 1899 2448 2154
2239 1808 2448 1951
2030 1808 2337 2043
496 1795 1024 1958
208 1795 607 2010
1775 1749 2108 1964
1227 1749 1579 2056
1005 1729 1194 1860
483 1729 685 1867
0 1729 372 1977
1377 1723 1932 2167
2030 1710 2448 1847
221 1710 352 1840
91 1697 254 1880
1782 1677 1945 1827
2056 1631 2448 1769
861 1631 1051 1834
607 1631 959 1814
319 1618 483 1834
1442 1605 1821 1801
0 1592 208 1827
176 1566 574 1814
2049 1560 2291 1710
1142 1540 1521 1723
2239 1534 2448 1664
1527 1514 1742 1677
509 1501 737 1762
1697 1488 1847 1631
691 1481 953 1710
1377 1475 1612 1671
946 1475 1286 1827
815 1475 1064 1618
156 1475 470 1631
1253 1449 1605 1592
1729 1403 2128 1756
0 1403 274 1553
685 1396 1044 1534
470 1396 737 1534
254 1364 535 1553
1645 1357 1925 1527
1011 1357 1357 1540
2049 1325 2448 1599
1246 1312 1631 1475
1867 1305 2278 1501
796 1305 1279 1468
385 1259 705 1462
2206 1240 2448 1370
0 1233 430 1403
1867 1201 2304 1331
1279 1194 1553 1370
110 1194 463 1338
1449 1188 1840 1351
1742 1175 2010 1318
894 1168 1103 1357
1064 1148 1618 1292
541 1148 881 1338
1886 1135 2115 1272
2062 1096 2448 1286
672 1096 1024 1325
0 1090 319 1246
1925 1037 2134 1181
2056 1031 2343 1181
1834 1018 2245 1246
1246 1005 1625 1175
463 1005 678 1135
887 992 1155 1259
724 992 979 1129
1618 979 1945 1240
0 972 261 1122
1462 966 1795 1175
1560 966 1769 1135
241 940 476 1135
1808 900 2062 1044
1070 894 1403 1051
2180 881 2382 1018
339 881 829 1103
1625 874 1769 1064
1305 855 1586 1018
574 855 881 985
1906 829 2128 959
2219 822 2448 1024
672 822 1168 1090
0 789 463 926
1553 731 1893 966
1475 698 1710 848
894 691 1377 881
2160 672 2448 861
450 659 959 822
1220 646 1560 842
0 646 293 796
1925 626 2245 835
1814 626 1997 776
1631 626 1893 783
417 574 783 763
1475 548 1645 737
1357 541 1534 685
182 528 528 691
1553 515 1886 750
1906 509 2193 639
1024 476 1233 626
652 456 1188 763
1122 443 1521 652
365 443 698 574
1547 417 1840 567
1312 404 1579 567
1769 385 2049 594
1390 352 1703 515
763 319 1070 456
1997 293 2369 515
1560 293 1808 463
1788 287 2271 450
2193 274 2448 509
646 267 868 476
646 235 822 372
1037 208 1455 463
378 202 705 463
1795 137 2271 293
424 137 770 326
1377 130 1697 261
829 117 1011 313
0 117 332 261
1599 110 1886 339
626 104 913 352
2108 32 2448 221
933 26 1122 169
1899 0 2219 169
940 0 1299 319
763 0 972 130
0 0 933 248
0 0 2448 1964
0 1364 2448 3263
0 770 2448 1964
0 0 2448 1756
0 287 424 580
0 1364 2448 2395
1742 1175 2304 1364
0 900 2448 1964
0 117 352 319
1742 1175 2010 1364
0 0 2448 1390
0 0 2448 1103
0 535 1893 1390
0 548 1893 1390
1253 554 2448 1756
1005 1729 1338 1860
0 698 1893 1390
724 2062 2448 2395
724 2108 2448 2395
287 65 1175 352
306 65 1175 352
829 117 1175 319
737 2082 1906 2219
796 1194 1553 1612
1919 182 2448 313
0 443 424 580
0 443 424 574
1253 587 2448 1756
1618 881 2382 1246
0 1364 2448 2226
1253 822 2448 1756
0 940 1318 1390
1005 698 1893 1064
0 0 1122 489
0 0 972 489
1070 3081 1364 3263
1057 1214 1318 1344
1227 2931 1481 3159
0 940 1103 1390
829 117 1168 319
887 992 1312 1259
1808 881 2382 1246
724 2212 2448 2395
0 1925 1214 2219
0 1925 398 2134
0 1925 300 2134
1442 1605 2448 1964
1775 1631 2448 1964
1971 2356 2265 2585
829 117 1135 313
1253 1325 2448 1756
940 0 2448 783
0 208 1560 1103
607 267 1227 554
763 319 1227 509
0 137 822 489
0 137 770 489
378 137 770 463
1867 822 2448 1501
0 443 959 868
1410 2082 1906 2219
0 900 1840 1827
1442 900 1723 1083
796 1194 1553 1540
1873 554 2350 848
0 0 972 248
306 208 1560 1103
2095 1919 2389 2141
1534 1344 1925 1527
1005 698 1710 1051
1070 698 1710 1051
463 992 1103 1390
0 1455 470 1827
0 2212 855 3263
574 2212 855 3263
0 443 783 691
0 1997 1214 2219
607 267 868 554
0 1964 287 2134
1462 770 2265 1175
685 2402 855 2937
1188 65 2448 783
1925 626 2350 848
306 65 913 352
1906 822 2448 1096
887 992 1279 1259
0 789 463 1011
1534 1357 1925 1527
724 2212 2448 2389
0 1364 953 2154
1253 1449 1742 1671
2160 587 2448 861
724 2212 2448 2382
163 1991 607 2154
2062 822 2448 1096
2219 822 2448 1096
496 1631 2448 2226
496 1631 2010 2180
1070 835 1599 1051
887 2676 1233 2963
1188 65 2448 750
1188 65 1951 463
1188 65 1886 463
1560 110 1886 463
1729 2630 2363 3074
1867 1031 2448 1501
0 1475 470 1827
0 574 959 868
0 574 959 848
306 208 1521 1103
1886 1031 2343 1272
940 0 2448 450
0 1364 953 2010
541 1129 881 1338
124 574 959 822
0 443 698 691
1253 1449 1612 1671
332 1997 1214 2219
855 208 1521 652
522 2075 1214 2219
724 2212 1729 2382
0 3113 254 3263
1742 2630 2363 3074
1925 2728 2363 3074
2082 2728 2363 2898
124 613 959 822
1188 65 1697 261
1521 2271 1977 2637
0 646 443 848
1547 1808 2448 2226
0 1005 1840 1827
724 2323 1116 2578
750 2323 1116 2572
796 2323 1116 2532
946 1005 1840 1827
946 1312 1631 1827
946 1475 1521 1827
1312 274 2448 750
1390 274 2448 750
1814 2924 2448 3263
1331 2689 1671 2963
600 992 1103 1390
789 1893 1292 2141
1390 352 1886 750
1697 1325 2448 1756
124 613 522 796
672 992 1024 1325
1521 2271 1977 2572
1521 2350 1756 2572
2030 1808 2448 2043
0 1090 1064 1618
1201 0 2448 450
1390 352 1840 567
1775 1710 2448 1964
1769 274 2448 639
1769 293 2369 639
1906 293 2369 639
1736 2271 1977 2448
0 1090 1044 1534
1064 1005 1840 1351
1064 1005 1625 1292
0 1090 737 1534
110 1129 672 1338
1188 65 1527 248
1521 2350 1756 2506
1142 2454 1579 2702
1142 2454 1449 2702
385 1259 737 1534
665 2774 1723 3263
665 2774 1573 3263
1299 3081 1573 3263
332 1997 894 2193
1135 1540 1521 1808
665 2774 1429 3263
665 2774 1181 3263
665 2872 1175 3263
607 2212 744 3061
306 456 1410 1103
306 594 1410 1103
894 594 1410 881
163 1991 463 2154
2167 2526 2448 2669
0 1364 737 2010
0 1364 659 1599
1814 2924 2421 3263
1893 3002 2421 3263
1912 3028 2421 3263
1912 3028 2265 3263
842 2872 1175 3263
842 3087 1148 3263
254 1364 659 1599
1788 0 2448 450
1788 137 2271 450
665 2252 2448 3185
1037 208 1521 652
1109 2944 1429 3224
1161 1005 1625 1214
652 456 1233 763
274 2271 587 2513
1710 2291 2448 3100
1756 2291 2448 3100
1756 2474 2043 2715
665 2252 1977 3185
665 2252 1364 3172
1142 2271 1977 3185
1742 2931 1925 3185
1912 2291 2448 3100
1912 2356 2448 3100
1912 2474 2448 3100
1710 2337 2069 2513
1899 0 2448 267
665 2252 1344 3172
815 2252 1344 2487
1573 2565 1977 2989
496 1631 1024 1958
496 1749 1024 1958
0 1501 737 2010
829 1938 1292 2141
0 940 476 1135
176 1501 737 1834
176 1501 737 1814
979 1723 2010 2180
874 2872 1175 3179
1697 1403 2128 1756
398 2722 626 3055
0 2265 391 2761
815 2252 1344 2421
815 2252 1161 2421
1090 1723 2010 2180
1912 2474 2304 2780
0 2265 306 2761
0 1729 607 2010
1142 2271 1840 3185
1266 2271 1677 2793
665 2304 1312 3172
665 2448 1175 3172
0 1090 430 1403
1142 2767 1840 3185
1142 2767 1651 3042
306 802 1168 1090
1142 2767 1521 3022
1037 2304 1312 2709
84 2271 665 3263
84 2780 594 3263
1344 2271 1677 2735
0 2265 306 2728
1279 2461 1449 2702
665 2735 1011 3172
2049 2624 2448 3100
84 2983 594 3263
1645 1553 2291 1808
1645 1553 2291 1756
1867 1201 2448 1475
1729 1553 2291 1756
0 1370 274 1553
91 1631 483 1880
254 1364 1932 1958
1867 1201 2448 1370
163 1631 483 1840
0 0 2448 1847
522 1834 1867 2219
1410 2082 1867 2219
0 0 2448 1677
0 1455 2448 3263
1906 1631 2448 1847
1142 1475 1932 1906
946 1364 1475 1664
254 1364 1175 1958
496 1625 1175 1958
1377 1475 1932 1906
385 1148 796 1462
522 1834 1729 2219
2030 1631 2448 1847
2030 1703 2448 1847
737 1834 1729 2219
208 1011 463 1188
2062 1096 2448 1292
600 1266 894 1423
2088 502 2448 691
1442 1605 1932 1906
1971 1566 2291 1710
0 1455 959 1977
0 1455 665 1631
574 398 1227 763
652 398 1227 763
652 456 1227 763
1325 1188 1925 1560
1325 1344 1925 1560
1410 1344 1925 1527
1840 829 2128 1024
1599 1344 1925 1527
0 1566 959 1977
450 665 959 822
