0 0 2448 3263
757 0 1161 254
907 0 1161 254
274 2820 502 3028
1129 1364 1566 1605
1129 1364 1416 1605
1129 1468 1416 1605
437 2976 744 3113
1677 2323 2030 2872
202 411 502 633
1103 2539 1351 2820
1103 2617 1253 2748
1024 1507 2448 3263
594 391 789 698
0 2774 176 3263
0 2885 176 3263
0 2885 176 3126
0 2885 150 3074
0 0 2448 1631
0 940 2323 3263
1155 1507 2448 3263
1507 2630 1775 2885
0 1521 306 1853
0 1521 306 1847
1958 2898 2088 3107
1677 2323 2030 2800
1677 2382 2030 2800
1677 2448 2030 2800
0 940 1788 3263
208 1357 2323 3263
150 1958 515 2121
372 2337 868 2715
2004 1958 2369 2265
1547 1253 1775 1488
985 2376 1220 2565
437 1357 2323 3263
1011 2376 1220 2565
0 163 195 639
659 652 1109 1116
1410 1011 1880 1259
1677 2545 2030 2800
1788 2552 2448 3263
0 2467 541 3263
0 1664 235 2239
0 1801 235 2239
796 1618 1540 2173
0 940 1788 2800
208 3009 665 3263
770 26 1037 352
1011 0 1259 287
1070 0 1259 287
1077 0 1259 248
2062 208 2323 385
763 1638 1011 1899
1201 1625 1462 2023
698 398 907 685
0 2467 541 3087
1808 1534 2102 1756
0 332 195 639
130 561 626 1246
711 900 959 1253
0 1873 235 2239
770 91 1037 352
966 1161 1416 1494
1148 1227 1416 1494
0 2467 541 3035
0 940 470 1279
0 1873 235 2049
0 2265 169 2624
0 1077 1788 2800
861 1142 1077 1396
1977 0 2448 417
1540 1011 1880 1259
2245 0 2448 417
0 1077 1279 2800
744 587 1044 770
1984 1155 2448 1631
0 1077 1233 2800
1984 1181 2448 1631
84 2467 541 3035
84 2598 541 3035
2245 202 2402 365
907 1860 1233 2239
659 652 998 881
0 1077 1181 2800
522 2493 868 2715
711 900 959 1175
724 2297 1181 2741
0 1064 470 1279
724 2297 1181 2728
796 1618 1207 2010
1161 1429 1788 1964
1455 1710 1618 1964
130 561 600 1083
1834 483 2088 678
0 0 2448 1468
0 0 2448 1325
0 0 868 496
0 0 652 496
1116 391 1560 691
26 3002 306 3263
0 1077 1161 2800
0 1077 855 1932
0 1142 744 1932
0 1142 535 1932
84 2598 541 2911
130 770 580 1083
1161 1429 1788 1736
1971 326 2448 724
1233 750 2448 1468
2297 0 2448 417
84 2598 404 2911
933 0 2284 731
0 267 2448 1325
966 1161 1233 1410
1351 750 2448 1468
1684 750 2448 1468
1351 1194 1977 1462
1233 0 2284 554
437 2598 1501 3263
437 2598 1188 3263
522 1077 855 1690
215 770 580 1083
287 770 580 1083
326 0 868 332
326 0 620 221
1233 0 2284 502
1971 2532 2317 3139
1070 1906 1233 2239
1951 763 2448 1468
2278 1044 2448 1468
2317 1044 2448 1468
97 3002 306 3263
1945 2069 2448 2669
1945 2128 2448 2669
1945 2173 2278 2572
0 1116 352 1279
1155 2467 1997 3263
1155 2696 1997 3263
1155 2911 1429 3263
1155 3061 1357 3263
1684 750 2363 1240
1788 2904 2448 3263
1024 2918 1253 3113
1018 1357 2323 2669
1573 1357 2323 1795
2102 2128 2448 2669
1364 2696 1997 3263
1566 554 2448 855
933 117 1991 731
1488 0 2284 502
1873 104 2284 502
926 1697 1207 2010
1442 1194 1977 1462
2186 2128 2448 2669
1788 2944 2448 3263
1925 2944 2448 3263
0 267 1906 1325
0 580 254 992
1416 1507 2448 2624
1416 2219 1821 2624
1573 2219 1821 2624
1364 2780 1997 3263
1442 1507 2448 2480
1579 1507 2448 2480
1977 0 2330 228
0 1553 1161 2800
39 2069 626 2800
39 2265 626 2800
1964 1795 2252 1925
0 1553 1161 2565
0 1677 1161 2565
1971 326 2415 724
1677 1357 2323 1710
1736 1357 2323 1710
1762 1357 2323 1618
1951 763 2448 1116
1951 763 2323 1018
39 2330 626 2800
1018 1736 1795 2669
1018 1736 1795 2552
78 267 1906 1325
1873 261 2284 502
1266 2467 1605 2735
1684 1507 2448 2271
1984 2944 2448 3263
1984 3068 2395 3263
639 1077 855 1690
757 332 1906 1325
757 332 1246 567
855 404 1906 1325
900 913 1403 1266
985 913 1403 1266
1135 959 1403 1266
0 1762 1161 2565
0 1762 1044 2565
1684 750 2180 1181
1684 848 2180 1181
78 267 796 985
1455 835 1697 992
1736 554 2448 829
1364 2780 1971 3263
933 117 1991 567
933 117 1592 463
933 137 1383 391
2043 0 2330 228
1018 2337 1671 2669
0 1762 1044 2297
437 2963 900 3263
1984 2630 2317 3139
1116 391 1560 633
1488 0 1945 332
1736 554 2448 815
1292 2728 1527 2957
1579 2128 2069 2480
1684 1566 2448 2271
561 0 868 332
1364 2800 1873 3263
0 1142 535 1736
2232 2128 2448 2545
2154 1977 2369 2265
1018 2337 1534 2669
1227 2337 1534 2572
1018 1736 1795 2474
1455 2800 1873 3263
143 1762 1044 2186
143 1762 1044 2147
156 1762 1044 2147
117 300 796 985
1462 195 1991 567
345 770 580 1044
2062 600 2448 815
855 424 1906 1325
855 424 1586 809
855 424 1240 809
326 1762 1044 2147
326 1762 966 2147
1736 554 2128 750
1018 2134 1599 2474
1266 2467 1494 2715
829 1971 1161 2376
319 2147 887 2565
1684 907 2180 1181
1684 907 2134 1181
1599 195 1991 535
319 2147 763 2408
920 659 1906 1325
940 2611 1501 3263
1684 1586 2448 2271
1024 685 1906 1325
1233 685 1906 1325
326 1925 966 2147
1684 1677 2252 2271
1684 1690 2252 2271
587 2963 900 3263
1684 1690 2062 2271
1116 2611 1501 3263
1233 685 1716 1325
1233 685 1716 1116
1292 1736 1795 2265
1292 1925 1618 2265
1116 2702 1468 3263
326 1925 855 2147
2154 1586 2448 2102
117 300 796 913
1684 1690 2010 2128
587 2963 894 3263
176 300 796 913
1788 3133 1984 3263
1925 3107 2088 3263
1383 3107 1573 3237
1984 3087 2160 3263
587 3087 835 3263
1618 3081 1873 3263
1011 3081 1214 3263
97 3081 261 3263
1155 3074 1357 3263
744 3074 900 3205
437 3074 613 3231
2134 3068 2395 3263
1272 3048 1468 3263
2128 3035 2265 3192
208 3009 587 3263
221 3009 359 3159
1566 3002 1742 3166
1795 2976 2010 3179
1364 2963 1534 3133
600 2963 894 3100
1795 2957 1951 3100
2199 2944 2448 3133
1279 2911 1429 3068
2180 2904 2356 3042
1795 2898 1997 3068
0 2885 150 3022
940 2878 1148 3068
130 2852 319 3035
1984 2846 2291 3139
1318 2826 1455 2957
1605 2820 1788 3028
313 2820 502 2963
1455 2800 1664 3224
1729 2780 1971 2963
1292 2728 1527 2878
1605 2722 1775 2885
1853 2715 1997 2872
156 2715 404 2911
1116 2702 1364 3113
1423 2696 1586 3028
1912 2689 2069 2865
2023 2630 2317 2931
1507 2630 1690 2820
1259 2611 1501 2826
900 2604 1083 2741
443 2598 1188 3263
84 2598 261 2735
1684 2572 1873 2702
1266 2572 1429 2715
561 2565 724 2702
0 2565 130 2722
2206 2552 2448 2970
2121 2545 2284 2696
1742 2545 2030 2800
1547 2539 1703 2735
1214 2539 1351 2820
1018 2539 1312 2669
1971 2532 2160 2748
1455 2526 1605 2735
522 2493 835 2637
1325 2467 1494 2650
176 2467 313 2650
221 2461 626 2800
1847 2448 2004 2604
1749 2428 1912 2643
1958 2421 2102 2558
2186 2408 2448 2669
724 2408 1142 2728
1416 2402 1638 2572
1775 2382 2010 2545
1573 2382 1775 2624
0 2343 156 2624
1253 2337 1534 2493
372 2337 626 2506
1161 2330 1292 2552
39 2330 483 2643
2102 2317 2258 2461
1501 2310 1658 2441
900 2297 1181 2454
1272 2278 1514 2408
470 2278 763 2408
1853 2271 2069 2480
2232 2265 2448 2545
71 2265 352 2441
2180 2258 2402 2389
1618 2219 1821 2506
2017 2212 2278 2572
580 2199 887 2565
1945 2173 2082 2343
1018 2173 1599 2474
443 2160 633 2291
319 2147 580 2343
1083 2134 1286 2330
2265 2128 2448 2317
1579 2128 1964 2369
1011 2128 1168 2271
829 2128 1161 2376
1442 2121 1742 2323
561 2121 887 2271
124 2069 398 2310
1292 2056 1566 2265
0 2056 189 2297
248 2036 678 2186
1977 2030 2252 2265
1566 2010 1716 2167
1873 1997 2062 2271
2154 1977 2369 2180
920 1971 1077 2206
0 1964 202 2239
2004 1958 2212 2095
1044 1958 1181 2206
535 1938 855 2147
1442 1925 1618 2128
326 1925 541 2069
2141 1906 2297 2056
1194 1906 1540 2173
1925 1899 2212 2075
65 1880 235 2043
907 1860 1096 2023
1742 1827 1984 2128
1455 1821 1618 1964
156 1821 345 2004
385 1814 620 2049
561 1795 724 1984
652 1762 953 2030
1540 1736 1795 2102
1214 1729 1429 2023
528 1723 757 1860
1475 1710 1612 1860
1318 1697 1540 1938
926 1697 1109 1853
1684 1690 2010 1880
1997 1677 2212 1899
97 1664 306 1847
0 1664 150 1867
1573 1645 1762 1795
763 1638 933 1899
202 1638 528 1932
1201 1625 1462 1827
796 1618 959 1769
2154 1612 2448 2102
1161 1599 1364 1729
2297 1586 2448 1964
1064 1579 1279 1742
2049 1566 2258 1736
385 1553 620 1840
1808 1534 2069 1749
1736 1521 1873 1710
0 1521 182 1697
2186 1507 2382 1703
143 1501 280 1651
1188 1468 1416 1605
1357 1429 1788 1736
443 1423 744 1658
1383 1396 1566 1579
2095 1383 2323 1592
1769 1383 1971 1527
1677 1377 1834 1566
1762 1357 2167 1618
1214 1357 1416 1494
522 1344 711 1501
65 1325 535 1736
1984 1253 2186 1396
1677 1253 1977 1462
1592 1253 1775 1455
1233 1253 1396 1403
1148 1227 1279 1410
1051 1220 1233 1410
1442 1194 1749 1396
1703 1188 1847 1318
2186 1181 2448 1631
966 1161 1103 1364
1899 1155 2075 1410
861 1142 1077 1325
776 1142 1135 1775
0 1142 385 1481
1410 1129 1573 1259
150 1129 678 1475
52 1122 352 1253
652 1109 855 1690
1305 1096 1481 1325
1070 1096 1233 1286
1710 1083 1886 1312
639 1077 770 1455
1612 1064 1742 1240
221 1064 470 1227
1168 1057 1403 1266
2317 1044 2448 1279
1716 1044 1880 1194
2075 1031 2363 1240
182 1018 326 1168
1540 1011 1769 1259
385 1005 626 1246
548 992 698 1201
1938 966 2180 1148
815 966 959 1161
1429 959 1684 1103
1135 959 1299 1122
1684 946 1847 1083
2245 940 2448 1116
0 940 248 1161
1233 926 1494 1116
985 913 1194 1188
1762 907 2134 1181
711 900 868 1175
287 900 437 1083
345 887 580 1044
1586 881 1808 1037
130 874 313 1037
2147 861 2323 1018
913 855 1109 1116
2297 848 2448 1024
1762 848 1971 1070
561 829 835 1181
763 822 1057 1109
1651 802 1906 953
1919 770 2049 946
0 770 228 992
1951 763 2265 979
1788 750 1964 900
1024 737 1416 998
933 718 1077 907
2317 698 2448 913
1220 698 1501 842
659 691 835 881
1357 685 1716 979
1736 672 2147 829
2062 659 2226 815
920 659 1155 815
750 652 998 868
1566 646 1808 855
744 613 881 770
1005 607 1240 809
2193 600 2448 802
1958 600 2128 750
0 580 254 887
176 574 496 913
502 561 737 985
437 561 600 855
1736 554 2004 737
1214 554 1586 809
1847 548 1977 678
1599 548 1788 705
1449 515 1664 731
117 515 287 731
1710 489 1880 639
1834 483 2088 652
1383 476 1560 633
1971 456 2258 724
822 430 979 567
724 430 907 685
855 424 1148 652
248 411 502 633
2317 404 2448 613
1024 404 1279 613
1116 391 1449 613
639 391 789 698
1873 365 2082 502
0 332 195 633
2219 326 2415 580
1599 326 1925 535
254 300 796 711
78 267 293 528
2004 261 2284 502
1579 248 1762 463
1462 248 1651 567
829 215 966 365
2141 208 2323 385
1749 195 1991 430
208 163 652 496
0 163 150 430
933 143 1318 391
1214 137 1383 359
2121 117 2265 254
1312 117 1592 463
770 117 933 352
1070 110 1220 287
1925 104 2186 339
1880 104 2023 365
985 84 1161 254
1886 71 2134 215
1266 58 1416 261
1488 52 1658 208
2173 45 2330 228
1756 26 1945 332
802 26 1031 189
2297 0 2448 359
2043 0 2239 130
1488 0 1808 326
1233 0 1553 176
665 0 868 254
561 0 796 332
0 0 378 319
0 0 1416 3263
554 0 2448 3263
900 926 2448 3263
554 0 2448 2088
900 1031 2448 3263
848 1964 1037 2147
1070 1436 1279 1605
1847 0 2147 215
1749 691 2049 946
182 1018 470 1227
0 0 868 2408
1690 1951 1958 2239
1612 1064 1847 1318
0 2036 1416 3263
1795 2820 2049 3068
2180 2807 2448 3042
1690 1951 1958 2167
1756 691 2049 946
554 391 1808 2088
894 1769 1188 2069
907 1795 1188 2069
0 2036 1188 3263
1357 1031 2448 2970
1547 2539 1775 2885
907 1795 1096 2023
757 0 2448 1468
2108 1266 2265 1475
0 2128 1188 3263
1547 2539 1769 2787
757 0 1658 352
1233 1253 1521 1416
979 1227 1645 1605
1018 2376 1416 2748
1018 2376 1416 2669
2062 202 2448 417
2245 202 2448 417
1396 261 1547 483
443 2036 894 2291
71 2252 470 2441
979 1338 1645 1605
900 1521 2448 3263
1011 2382 2448 3263
770 0 1658 352
913 0 1658 332
985 0 1658 261
1077 0 1658 261
554 391 1044 1690
979 1338 1566 1605
1135 1357 1566 1605
554 391 907 1690
0 2565 261 3263
0 2565 261 3126
1018 2448 1357 2669
117 411 502 731
1233 0 1658 261
900 1521 1873 2735
920 1697 1233 2239
926 1697 1233 2239
1044 1958 1233 2239
757 0 1997 855
71 2252 352 2441
1553 0 2448 1468
1227 2833 1534 3224
1227 2833 1429 3224
1227 2911 1429 3224
1188 1357 1566 1605
757 215 1390 567
757 319 1390 567
0 2565 261 3022
1214 1357 1566 1579
130 2820 509 3120
561 391 907 1690
0 1129 855 2408
437 1364 776 1703
1684 2382 2069 2865
1677 1377 1971 1566
2004 1906 2448 2317
1214 1521 1873 2023
0 1664 306 1886
639 391 907 881
652 391 1808 2088
2004 1958 2448 2317
2265 2069 2448 2317
1938 966 2284 1272
1938 966 2206 1240
652 822 1462 2088
1083 1625 1462 1827
0 0 868 1481
933 0 1997 855
130 2820 502 3120
130 2820 502 3035
639 391 907 698
1011 2539 2448 3263
1214 2539 1501 2826
652 822 1403 2088
0 0 796 1481
287 900 698 1246
0 2950 202 3126
900 1906 1742 2735
1083 2062 1312 2330
130 874 313 1051
561 2036 894 2271
750 391 1808 1325
0 2565 261 2924
0 2598 261 2924
71 2598 261 2872
1573 1834 2448 2970
287 900 626 1246
0 1821 345 2239
1742 2382 2069 2865
1742 2382 2030 2800
443 1423 776 1703
2147 763 2343 1018
966 1096 1233 1410
750 391 1769 1325
1024 391 1560 678
2160 2265 2448 2545
0 770 385 1481
966 1096 1233 1364
1553 261 2448 1468
1677 1083 2075 1462
1677 1155 2075 1462
1925 0 2448 359
1925 0 2330 339
1925 0 2265 339
1977 0 2265 254
1977 0 2239 130
1357 1031 2448 2128
1997 1507 2382 1899
1997 1566 2258 1899
933 0 1991 567
1011 2630 2448 3263
1795 2846 2448 3263
2199 2944 2448 3263
1449 326 1997 855
1566 326 1997 855
1018 1906 1742 2735
1018 1906 1638 2735
1018 1906 1618 2565
1214 1697 1618 2023
2245 698 2448 1468
2245 848 2448 1468
652 1638 1044 2088
652 1638 966 2088
1553 261 2448 1181
1736 554 2147 829
750 424 1769 1325
0 1664 306 1867
1018 1906 1618 2474
0 940 385 1481
1573 1521 1873 1795
1272 2010 1742 2441
1442 2010 1742 2441
1024 391 1560 633
1566 548 1808 855
1775 2382 2010 2604
561 829 855 1690
711 822 1403 1775
1064 1579 1364 1742
1233 0 1553 261
1011 2630 2395 3263
1729 2715 1997 2963
1070 2330 1292 2565
750 424 1716 1103
0 1964 313 2297
1795 2846 2291 3179
2245 848 2448 1279
2245 848 2448 1116
1553 802 1906 953
1011 3074 1357 3263
1116 2630 2395 3263
711 822 1057 1175
933 0 1945 463
1266 2402 1638 2735
1266 2402 1638 2715
561 829 835 1455
1442 2121 1742 2441
1684 261 2448 1181
1834 261 2448 815
776 913 1403 1775
776 913 1299 1775
1024 737 1769 1325
0 2330 626 2911
1573 326 1997 587
0 940 352 1253
208 2128 1188 3263
1383 2630 2395 3263
1383 2630 2160 3263
1599 326 1997 554
1958 261 2448 815
1788 3087 2160 3263
1925 3087 2160 3263
776 913 1194 1775
65 1129 855 2408
1873 1834 2252 2271
1873 1899 2252 2271
1383 2630 1951 3263
1423 2630 1951 3263
652 1638 953 2030
0 0 796 1044
0 332 737 1044
124 1814 855 2408
0 0 796 711
0 0 378 528
750 424 1716 992
0 0 378 430
0 2330 626 2643
1573 2128 2448 2970
1971 2212 2448 2970
2017 2212 2402 2572
1214 1697 1540 2023
750 424 1240 907
1024 737 1566 1325
1233 926 1566 1325
1305 1064 1566 1325
1423 2630 1873 3263
1357 1194 2167 2128
1684 763 2265 1181
1325 2402 1638 2650
750 652 1155 907
920 659 1155 907
65 1129 678 2069
65 1325 620 2069
2075 1031 2448 2102
124 1814 855 2343
248 1814 855 2186
1971 2408 2448 2970
248 1938 855 2186
1540 1357 2167 2128
1214 554 1716 992
1423 2630 1827 3224
2193 404 2448 802
1573 2128 2069 2624
208 3009 613 3263
1958 261 2415 815
1423 2630 1742 3224
1455 2630 1742 3224
156 2461 626 2911
0 332 737 985
443 2128 1188 3263
580 2128 1161 2728
1762 763 2265 1181
2023 2408 2448 2970
2095 1181 2448 2102
0 2330 483 2643
456 561 737 985
1357 1194 1788 1736
1442 1194 1775 1455
208 0 796 711
1958 261 2415 750
1958 326 2415 750
1455 2630 1690 3224
1462 248 1762 567
124 2069 580 2343
2095 1181 2448 1631
65 1325 541 2069
1018 1925 1618 2474
2023 2552 2448 2970
900 913 1194 1233
1925 1899 2252 2265
1214 554 1716 979
0 332 496 913
0 574 496 913
580 2128 1161 2565
1540 1534 2069 2128
1540 1690 2010 2128
1540 1736 1984 2128
208 163 796 711
65 1325 535 1932
1129 1468 1449 1605
1906 2898 2069 3055
156 2911 450 3153
156 2950 365 3153
0 2885 195 3068
274 0 1031 332
1181 1534 1540 2023
1645 2350 2062 2800
1697 2350 2062 2800
567 2147 861 2323
1286 1534 1481 1736
0 1410 182 1690
0 1462 182 1690
1148 1227 1312 1410
0 966 2448 3263
881 1312 2448 3263
2173 2141 2448 2506
0 966 1814 3263
0 2330 522 3263
2075 1958 2369 2265
1272 2271 1638 2408
1318 1011 1867 1266
1181 1658 1540 2023
1272 1658 1540 1821
1553 2715 1775 2885
894 1769 1148 2082
0 1958 483 2121
894 1880 1148 2082
724 2297 1181 2709
1873 1005 2134 1188
483 1240 691 1429
274 0 1011 332
1762 2350 2004 2643
1462 163 1912 535
1977 0 2363 228
0 2330 522 3035
0 966 613 1736
1964 1005 2134 1148
0 1096 1814 3263
0 1096 1814 2545
992 1566 2448 3263
992 2826 1494 3263
992 2826 1364 3263
992 2918 1253 3263
1697 2493 2062 2800
972 1175 1357 1573
1762 2350 2004 2552
1161 1566 2448 3263
1018 1201 1357 1573
881 1312 2337 2957
1462 326 2448 1631
1723 326 2448 1631
1762 2389 2160 2839
1762 2532 2160 2839
1475 1011 1867 1266
2141 0 2363 228
2141 0 2363 150
992 2918 1253 3159
1057 1201 1357 1475
1383 1240 1814 1971
574 1377 763 1566
881 1312 2323 2957
1227 2376 1468 2578
1462 1064 1906 1325
182 652 691 1312
1018 2918 1253 3139
0 1096 1521 2545
208 1964 1011 2258
208 2043 744 2258
182 652 646 1312
287 652 646 1312
1788 2572 2448 3263
1893 2572 2448 3263
208 2480 1292 3263
972 1175 1201 1442
1573 0 2448 496
1266 2402 1638 2878
0 2330 522 2931
0 0 2180 1325
0 0 1801 1188
1723 1011 2448 1631
1742 326 2448 1077
0 0 1801 1037
659 398 2180 1325
1161 2630 2317 3263
0 515 398 1037
1122 2826 1364 3166
881 2337 1534 2957
1161 2337 1534 2558
1442 3120 1651 3263
489 45 1749 1188
1449 1566 2448 2741
1906 2532 2160 2839
1684 1651 2043 1997
1279 2630 2317 3263
1658 2630 2317 3263
1984 2572 2448 3263
2134 2572 2448 3263
1436 750 2147 1194
1436 946 1847 1109
1083 1312 2323 2474
1083 2102 1560 2474
385 1096 1521 2376
1658 2852 2291 3263
1253 2337 1534 2480
489 45 1671 1188
881 2539 1527 2957
489 398 907 1188
1684 1690 2043 1997
776 913 1299 1253
1723 1122 2284 1527
1266 1312 2323 2265
1383 1240 1814 1736
0 0 1801 718
770 0 1801 372
2062 0 2448 385
385 1096 1521 2271
646 1096 1521 2271
1070 900 1507 1325
0 1122 770 2108
659 398 2180 1168
1279 2748 1997 3263
1449 1860 2167 2741
659 398 1723 1168
659 398 1586 1168
2212 2572 2448 3094
1631 554 2180 972
1945 1566 2448 2141
1749 750 2147 1194
385 1599 1044 2167
1729 554 2180 829
0 2043 881 2545
1266 1383 1912 2265
1742 326 2448 718
0 2147 881 2545
0 2147 633 2513
1266 1521 1912 2265
1449 1860 1958 2741
0 1631 580 2108
1540 1521 1912 2102
1945 1566 2448 2010
1011 3133 1214 3263
1984 3113 2160 3263
1893 3107 2108 3263
2284 3081 2448 3263
1064 3081 1194 3218
2134 3068 2382 3263
1161 3061 1351 3263
1272 3048 1494 3263
2134 3035 2265 3192
0 3022 267 3263
1658 3009 2036 3263
208 3009 835 3263
228 3009 365 3153
1188 2970 1364 3166
1716 2957 1925 3153
156 2950 319 3120
0 2944 156 3120
2180 2898 2356 3042
0 2885 143 3022
1984 2852 2291 3139
2226 2846 2448 3094
1279 2833 1795 3263
1429 2833 1566 3028
1122 2826 1318 3061
313 2826 587 2996
124 2826 313 3035
1455 2820 1723 2963
1873 2813 2102 2983
1762 2748 1997 2885
