0 0 2448 3263
815 1096 1161 1410
1188 580 1723 1227
1188 580 1605 1227
1605 319 2121 483
1710 574 2448 1344
1710 600 2448 1344
1188 580 1586 913
483 398 1775 926
2102 600 2448 1161
0 685 496 1201
1220 1122 2004 1481
1155 430 1775 907
13 685 496 1201
1240 522 2356 1286
1357 430 1775 691
1534 522 2356 1155
1227 1122 1840 1351
0 1031 835 2010
32 1188 835 1566
0 1031 802 2010
0 1031 750 1997
0 1031 659 1997
0 0 2448 2356
0 724 2448 3263
1142 1782 1919 2369
1240 744 2088 1286
372 1612 802 2010
372 1612 594 1977
1240 744 1867 1286
1240 744 1847 1286
1893 691 2284 1155
1214 1788 1919 2291
1299 1788 1919 2291
0 985 1214 2356
567 985 1214 1984
0 0 2448 1462
1475 372 2448 665
1827 665 2147 1037
1827 665 2095 1037
1886 750 2095 1037
1736 424 2448 665
1997 424 2448 665
1612 959 1867 1246
0 3061 326 3263
1534 522 2356 835
1886 750 2069 992
1997 443 2297 652
1599 1938 1814 2147
0 1769 1148 2356
2017 424 2448 665
1736 959 1867 1246
0 1951 613 2356
0 1442 659 1997
0 1442 600 1997
0 0 2448 881
0 3061 143 3263
0 2036 613 2356
1299 1991 1775 2258
0 1951 365 2134
1214 1834 1396 2147
502 1795 802 2010
1318 1788 1919 2291
1142 1782 1762 2369
502 1769 1148 2115
235 1586 476 1860
0 1553 600 1997
587 1488 750 1618
0 1481 332 1899
176 1442 535 1625
0 1344 176 1521
45 1292 202 1501
32 1188 528 1455
685 1181 1194 1605
45 1168 189 1338
1227 1122 1840 1312
1710 1116 2160 1344
815 1116 1148 1410
985 1096 1161 1357
0 1031 411 1488
1612 979 1808 1201
1736 959 1867 1168
1893 881 2160 1155
13 829 156 1201
0 815 150 1155
1240 809 1834 1286
1188 802 1605 1227
1775 796 2088 1266
2056 783 2350 1148
933 770 1201 1540
2102 750 2395 1161
1886 750 2043 953
1403 744 1847 1148
1318 705 1723 887
1912 691 2284 1051
65 685 496 920
39 672 1155 1462
1899 665 2147 926
1827 665 2004 855
1645 659 1964 1051
1932 626 2141 822
2226 600 2448 900
1932 600 2356 835
1188 587 1553 913
1286 580 1586 894
2017 574 2271 770
1455 567 1958 750
1534 522 2049 731
1155 502 1527 907
2252 483 2448 639
1736 463 2115 613
1357 430 1710 691
483 398 1631 926
1475 372 1938 567
1638 332 2023 483
881 241 1090 456
1188 750 2395 1697
13 829 835 1566
483 319 2121 1051
1286 580 1964 1051
483 319 2121 926
1710 750 2395 1344
1318 659 1964 1051
483 398 1710 926
0 0 2448 2010
1188 802 2004 1697
0 587 2350 2010
0 672 1214 2010
933 587 2350 1540
1188 587 2350 1286
1893 783 2350 1155
1188 587 2088 1286
0 0 2448 1051
1827 600 2448 1051
1827 600 2356 1051
1188 802 1605 1697
1827 626 2284 1051
1886 626 2284 1051
0 685 496 1155
1886 626 2147 1037
0 985 1214 2010
0 1207 176 1521
0 1442 802 2010
1455 332 2448 770
1455 522 2049 750
1475 332 2448 770
541 1488 750 1834
1475 332 2448 665
1899 626 2147 926
0 1481 600 1997
235 1586 594 1977
0 1070 541 1625
509 332 2017 920
1188 450 2004 1455
1188 450 1775 1266
1194 750 1684 1266
1488 332 2017 554
0 672 2448 3263
0 0 2448 2363
0 1886 822 2363
0 1945 822 2363
0 0 2448 2160
1188 450 1775 933
0 0 2448 1997
1299 535 2030 1286
1305 750 2030 1286
1645 554 2343 1161
0 718 770 1997
1220 1122 2004 1455
1148 1788 1925 2363
1834 705 2141 1064
0 1357 770 1997
0 1357 659 1997
0 1357 633 1997
0 1357 600 1997
0 0 2448 946
1481 750 2030 1246
104 900 1233 2160
1834 705 2069 992
1240 1122 1840 1331
1305 1788 1925 2278
1592 398 2448 868
1984 398 2448 868
1592 404 2121 574
1821 554 2265 992
1645 1951 1814 2147
0 1951 365 2363
1305 1886 1782 2258
359 1847 567 1984
404 1808 574 1971
1148 1795 1762 2363
1325 1788 1925 2278
248 1586 633 1997
117 1481 359 1658
450 1475 770 1658
176 1442 541 1625
267 1436 659 1625
0 1070 391 1553
104 1024 1233 2160
378 900 1207 1599
985 868 1188 1357
1834 861 2095 1266
1194 842 1684 1266
1494 835 1867 1240
1880 815 2141 1064
1305 815 1925 1286
1246 750 1651 907
1658 744 1971 1077
1814 724 2402 1292
0 718 515 1475
1834 705 2043 953
91 685 496 920
1906 672 2141 926
39 672 1161 1462
1645 659 2343 1161
1827 626 2147 861
2245 600 2448 770
1253 587 1553 894
1188 587 1475 933
1455 580 1958 750
1299 535 1880 894
1710 522 2265 776
1344 450 1775 711
1834 443 2121 574
1984 404 2141 554
1592 404 1938 535
1155 404 1631 894
509 404 1625 920
1997 398 2448 868
1638 339 2017 502
1488 332 2004 554
509 332 2402 1540
509 332 2004 1540
509 332 2004 933
1194 750 2004 1540
1194 842 2004 1540
509 332 2004 920
1344 332 2004 711
0 685 1233 2363
0 685 1233 2160
1253 535 2343 1286
1253 535 2343 1161
1299 535 2343 1161
0 718 1233 2160
1455 339 2448 992
1194 842 1684 1540
0 1886 365 2363
1592 339 2448 992
1592 339 2448 868
1592 404 2141 574
1827 626 2147 926
1834 404 2141 574
1671 665 2448 1299
1945 665 2448 1299
1945 776 2356 1155
1077 1867 1357 2304
691 522 1658 1253
1161 522 1658 1253
1161 522 1527 926
1188 724 1658 1253
1188 724 1579 1148
1246 802 1579 1129
842 2872 1083 3074
1762 1116 2173 1507
1756 2421 2128 2787
385 463 802 842
385 463 750 678
0 1005 430 1573
1834 711 2088 1051
1325 1873 1906 2297
509 2004 959 2389
1246 580 1560 900
894 900 1390 1827
1090 985 1390 1827
1658 528 2271 1051
0 607 842 1468
1220 110 2448 1599
1116 2683 1612 3087
2219 2095 2448 2461
1220 195 2448 1599
1220 580 1912 1599
1220 1096 1860 1599
0 1521 770 2095
1671 750 2095 1253
1325 1873 1716 2297
1579 528 1951 718
1618 580 1951 718
1494 195 2448 789
1749 195 2448 789
1749 195 2448 652
894 900 1201 1527
894 1155 1194 1527
1220 1096 1827 1436
2219 2095 2448 2350
1749 195 2448 535
1749 195 2448 509
1325 1945 1716 2297
672 2833 1103 3126
802 2833 1103 2996
509 2004 815 2389
2219 2095 2448 2291
1214 1984 1867 2656
1214 1984 1867 2526
1214 1984 1697 2526
1344 580 1912 1286
1344 744 1912 1286
0 724 842 1468
26 724 842 1468
2108 665 2448 1299
1475 339 2088 580
574 2245 1214 2800
574 2245 1148 2800
574 2245 1148 2656
1344 861 1912 1286
1214 1984 1697 2337
0 1194 959 2010
0 1194 874 2010
0 0 2448 1416
0 0 2448 874
1736 528 2271 959
32 959 842 1468
150 672 1142 1416
528 221 1638 874
1005 221 1638 874
0 1037 2448 3263
1011 1553 1847 2186
1011 1736 1390 2186
0 0 2448 763
1821 1037 2448 1579
0 1442 2448 3263
913 2617 1233 2859
0 1814 770 2095
574 2402 907 2800
319 672 620 848
528 574 1233 868
1272 1553 1847 2128
1272 1553 1821 1945
32 959 587 1449
1377 1442 2448 2852
1377 1442 2448 2754
718 1534 1155 2258
2252 483 2448 652
737 2245 1148 2598
0 1951 2448 3263
1782 1116 2173 1507
1553 1899 1814 2167
744 698 1142 1416
744 926 1142 1416
1214 1984 1697 2304
594 2545 907 2800
0 2206 352 2558
1782 1116 2173 1468
913 2128 1344 2558
195 2702 378 2957
2167 665 2448 1299
2167 822 2356 1299
365 1344 959 1612
1782 1286 2167 1468
150 672 992 1338
150 672 946 1338
150 737 946 1338
926 926 1142 1318
985 2128 1344 2558
2062 1037 2448 1488
1801 1697 2036 1991
731 1534 1155 2258
2062 1122 2448 1488
1214 1984 1586 2252
411 2754 724 3120
476 2754 724 3087
2023 2865 2448 3153
2115 1122 2448 1410
835 698 1142 1122
417 156 796 404
1795 1893 2173 2526
1494 489 1795 705
254 2382 659 2963
254 2382 626 2963
287 2382 607 2813
1880 195 2448 509
1325 1945 1625 2167
1214 2154 1684 2526
1214 2154 1566 2526
0 1847 770 2095
32 959 456 1429
2219 1122 2448 1410
2062 0 2448 437
2128 0 2448 437
1664 1442 2448 2754
1886 1442 2448 2754
352 926 757 1168
744 1168 1051 1416
0 1194 659 1991
0 0 2095 763
672 332 1057 594
672 332 998 594
1971 1442 2448 2754
1116 2683 1599 3087
0 0 1906 763
0 0 1906 737
0 417 176 639
287 737 946 1338
306 737 946 1338
306 1083 796 1338
502 1109 796 1338
0 1951 626 2728
2226 1442 2448 1906
2226 1534 2448 1906
633 737 946 1312
659 737 946 1037
0 2415 2448 3263
0 0 1906 541
0 208 215 476
365 1344 959 1605
1005 359 1540 874
411 2820 587 3120
0 1847 770 2075
0 2108 626 2728
1971 1547 2448 2754
1997 1547 2448 2754
1880 195 2239 443
0 0 254 254
1997 1547 2448 2650
639 2415 2448 3263
2062 3074 2448 3263
1997 1547 2448 2480
1997 1547 2448 2395
1997 1547 2448 2239
1997 1573 2448 2239
639 2415 2356 3159
1605 2454 1808 2656
137 0 1906 541
137 0 372 319
163 1514 659 1991
300 0 1906 541
757 1534 1148 1964
456 0 1906 541
456 0 1697 541
456 0 1612 541
456 0 1612 463
626 0 1612 463
97 2108 626 2643
0 2493 1788 3263
0 1521 391 1919
953 0 1612 463
992 0 1612 463
1057 0 1612 221
1344 0 1612 176
1821 1893 2173 2402
163 1514 646 1977
1005 404 1475 874
0 2578 1788 3263
0 2578 509 3263
0 2578 430 3153
0 2709 267 3153
0 2813 267 3153
1377 1494 1821 1827
163 1514 646 1945
254 2669 626 2963
254 2108 626 2487
254 2180 626 2487
0 1951 594 2284
2193 3074 2448 3263
2030 1677 2448 2239
639 2480 1338 2911
1377 1566 1586 1827
0 2036 594 2284
450 2852 1788 3263
1279 2415 2356 3159
1279 2415 2356 3061
1573 2722 1964 3061
0 2578 430 2872
0 2624 267 2872
1279 2415 2356 3009
1279 2415 1742 2833
2128 0 2369 437
1912 2898 2173 3139
52 2036 594 2284
1599 2891 1919 3159
156 3009 509 3263
1677 2611 2356 3009
1057 0 1410 221
189 241 737 737
992 176 1436 463
639 2493 1103 2911
2010 2689 2356 3009
2030 1873 2448 2239
718 2852 1788 3263
802 2852 1788 3263
946 2852 1788 3263
992 3009 1788 3263
992 3009 1605 3263
992 3055 1455 3263
1742 3120 1945 3263
1534 3107 1788 3263
992 3100 1312 3263
2062 3094 2232 3263
2193 3074 2395 3263
52 3068 215 3263
1814 3055 2095 3263
1201 3055 1455 3263
156 3042 345 3263
1357 3009 1605 3263
802 3009 1057 3263
254 3009 509 3263
2010 2996 2173 3139
1638 2989 1919 3159
450 2989 861 3263
1906 2976 2160 3231
1429 2963 1677 3139
411 2963 554 3120
672 2950 894 3126
2095 2911 2448 3153
0 2898 189 3153
1599 2891 1782 3042
476 2891 724 3087
842 2872 1077 3074
2023 2865 2199 3087
802 2865 985 2996
1259 2852 1599 3087
946 2852 1325 3166
221 2852 470 3035
1723 2846 1964 3061
424 2820 587 3002
71 2813 267 3068
1932 2800 2069 2970
2134 2767 2356 3009
1423 2767 1612 2950
195 2767 332 2944
535 2754 718 2911
900 2735 1148 2878
254 2735 561 2963
1573 2722 1821 2944
208 2702 378 2957
2010 2689 2212 2898
1325 2683 1605 2911
1116 2683 1377 3055
639 2669 972 2911
470 2669 626 2813
0 2669 143 2872
1057 2663 1233 2859
91 2624 267 2852
913 2617 1168 2826
1677 2611 2062 2924
2258 2591 2448 2754
261 2578 430 2800
626 2545 907 2767
0 2545 169 2728
2082 2532 2448 2852
1279 2493 1449 2833
835 2493 1103 2735
528 2487 659 2676
1083 2480 1338 2767
1860 2467 2043 2617
300 2467 430 2669
287 2448 607 2813
2180 2434 2448 2650
1396 2415 1742 2807
574 2402 731 2578
443 2382 594 2545
267 2382 437 2519
574 2369 894 2656
1494 2337 1684 2513
1971 2323 2206 2637
97 2323 365 2643
1370 2317 1566 2526
2147 2304 2356 2480
861 2284 1148 2598
737 2245 998 2415
1018 2239 1344 2558
0 2232 208 2558
1795 2212 1984 2526
365 2212 626 2487
143 2206 352 2480
1573 2199 1867 2526
2258 2193 2448 2350
254 2180 450 2434
724 2167 959 2297
2291 2160 2448 2291
1214 2154 1455 2493
913 2134 1083 2265
2115 2128 2310 2395
1507 2128 1716 2297
985 2128 1122 2304
509 2115 815 2389
378 2108 626 2284
228 2049 594 2239
1227 2043 1494 2173
52 2036 319 2284
0 2036 130 2271
2252 2030 2448 2167
528 2004 815 2239
2030 1984 2291 2239
1651 1977 1814 2141
0 1951 221 2102
1325 1945 1514 2128
1658 1938 1847 2128
1821 1919 2160 2402
1605 1919 1906 2245
1553 1899 1756 2167
1938 1893 2173 2115
1011 1886 1168 2186
2271 1873 2448 2069
1357 1873 1592 2062
1227 1867 1357 2095
1077 1867 1312 2304
1834 1853 2036 1991
0 1847 574 1997
1390 1795 1821 1945
2043 1775 2245 2017
731 1749 1155 2258
1070 1736 1390 1984
430 1710 561 1977
1801 1697 1938 1893
2310 1684 2448 1906
2128 1677 2337 1938
1893 1658 2075 1899
1410 1645 1880 1925
1377 1645 1586 1827
2258 1638 2395 1840
430 1631 574 1873
326 1625 483 1945
1997 1573 2271 1808
718 1573 913 1977
1390 1566 1553 1697
2030 1553 2193 1723
1272 1553 1475 1860
0 1553 391 1919
940 1540 1148 1919
2226 1534 2448 1723
757 1534 1044 1964
496 1534 874 2010
0 1521 156 1716
163 1514 646 1912
1664 1507 1958 1834
1507 1494 1821 1690
2284 1442 2448 1631
1821 1390 2317 1579
1220 1377 1488 1521
365 1344 959 1586
2258 1338 2448 1501
1814 1338 2128 1468
946 1312 1188 1618
1344 1305 1860 1599
39 1292 430 1573
1782 1286 2167 1423
332 1279 842 1468
744 1259 972 1416
274 1246 587 1449
0 1194 215 1553
2219 1181 2448 1410
1762 1181 2082 1331
894 1175 1181 1527
881 1168 1051 1357
1220 1161 1782 1436
1018 1155 1194 1501
1096 1148 1390 1827
1899 1129 2147 1331
1808 1116 2173 1370
502 1109 724 1338
926 1103 1142 1318
110 1103 456 1429
1220 1096 1827 1370
306 1083 528 1312
39 1064 248 1423
2115 1037 2284 1331
0 1005 287 1468
829 992 992 1201
633 992 926 1312
509 966 757 1168
32 959 319 1214
1344 933 1912 1286
1318 926 1625 1207
1299 926 1658 1253
352 926 561 1103
287 926 430 1148
992 900 1201 1370
2167 881 2310 1168
1494 861 1729 1201
1246 861 1573 1129
58 861 235 1057
659 848 940 1037
1945 835 2265 1155
463 829 600 1005
2226 822 2356 1299
561 822 718 1024
887 815 1142 1122
1364 802 1579 985
1775 789 2095 1253
150 783 326 992
2095 776 2356 1155
1671 750 1860 1122
1292 750 1436 894
1455 744 1801 1201
750 737 946 913
528 737 685 900
0 737 189 1064
1188 724 1370 1148
26 724 417 1011
1658 698 1984 1051
835 698 1077 933
2036 685 2258 959
691 685 1175 913
319 678 541 829
580 672 802 842
417 672 620 848
2284 665 2448 1286
1834 665 2147 953
796 659 1233 868
1246 652 1475 900
1827 620 2134 822
71 607 300 913
0 607 150 763
2245 600 2448 789
1677 587 1951 718
1410 580 1703 829
1292 580 1560 802
65 580 195 750
2017 574 2271 776
1507 574 1795 705
1161 548 1488 900
1736 528 2271 835
1175 522 1527 926
705 502 894 652
2049 483 2350 652
0 483 176 639
97 463 254 620
1005 437 1455 874
228 417 476 737
1096 404 1475 705
672 391 861 548
1475 378 1964 580
1292 359 1540 574
1638 339 2088 509
822 332 998 594
1155 319 1357 535
528 300 796 541
0 267 163 476
1201 254 1436 417
189 241 737 652
1958 235 2239 443
417 228 554 398
1344 221 1638 554
1749 208 1951 378
0 208 215 417
2173 195 2448 509
1880 195 2043 391
992 176 1344 463
137 163 306 319
2128 156 2369 437
528 156 796 404
1984 110 2128 287
1312 110 1795 372
352 91 639 300
0 71 189 254
1853 65 2075 221
2278 45 2448 215
2317 0 2448 137
2147 0 2350 202
2062 0 2258 287
1853 0 2095 137
1612 0 1906 339
1540 0 1697 221
1481 0 1612 176
1344 0 1521 163
1201 0 1410 221
1057 0 1266 221
953 0 1168 254
626 0 1037 411
456 0 815 137
300 0 541 235
176 0 372 287
91 0 254 176
992 378 2448 1507
992 522 1527 1370
1246 378 2448 1507
1410 378 2448 1507
1410 378 1984 1051
0 1181 2448 3263
1762 665 2448 1507
992 894 1201 1370
0 0 2448 2304
0 0 2448 1468
1899 665 2448 1403
0 724 2095 2304
946 724 2095 2304
946 985 1592 2304
1188 724 2095 1991
1220 1096 2036 1991
0 1005 1181 2284
0 1005 1181 2010
1188 724 2095 1286
528 437 1455 874
1651 1938 1847 2141
1410 378 1964 829
1475 378 1964 718
2108 665 2448 1403
1214 1181 2448 3263
0 1749 1919 3263
0 1175 1181 2010
0 1194 1148 2010
0 1194 430 1586
1736 470 2271 1051
1736 528 2271 1051
1344 744 2095 1286
1455 744 2095 1253
1762 1116 2173 1370
1214 1984 1716 2297
0 1847 815 2284
1475 378 1964 705
0 1344 1148 2010
0 1494 1148 2010
946 985 1390 2304
1011 1736 1390 2304
1246 861 1658 1253
0 0 1175 1468
0 2108 1919 3263
1214 1507 2448 3263
881 0 2448 789
881 0 2448 705
946 985 1390 1827
1638 339 2448 548
1638 339 2350 535
1736 528 2271 953
1220 1161 2036 1991
1220 1161 1860 1599
1429 2963 1677 3159
2108 822 2356 1403
933 0 2448 705
1756 470 2271 776
933 0 2448 554
2049 483 2448 789
1011 1867 1312 2304
1671 750 1860 1214
0 2239 1919 3263
0 2898 254 3263
0 1951 815 2284
796 437 1455 874
2245 528 2448 789
0 2108 815 2957
1821 1181 2448 1840
1821 1370 2317 1677
0 1194 215 1586
0 417 300 1064
0 417 176 763
724 1749 1155 2304
26 672 731 1214
0 528 300 1064
959 0 2448 509
463 737 685 1005
1220 1161 1782 1521
1214 1795 1906 2656
1214 1899 1906 2656
1325 1899 1906 2656
52 2239 1919 3263
802 2617 1233 3074
900 2617 1233 2989
900 2617 1233 2878
2108 822 2356 1331
1325 1507 2448 3263
691 685 1175 1416
1272 1494 2036 1991
1573 1507 2448 3263
1795 1893 2173 2617
724 2128 1122 2304
0 1514 1148 2010
1220 1377 1599 1521
1958 1181 2448 1840
1096 221 1638 705
1782 1286 2167 1507
0 607 300 1064
1325 1899 1906 2245
946 2833 1103 2989
1573 2199 1867 2656
0 1514 646 1945
992 0 2448 509
0 2108 815 2872
143 2108 626 2683
1096 359 1540 705
1912 2689 2212 3139
1370 2317 1684 2526
1821 1370 2317 1579
802 2865 1077 3074
0 2898 189 3263
1984 0 2448 287
496 1534 1148 2010
26 672 620 1214
52 2669 1788 3263
411 2820 724 3120
1272 1494 1880 1925
2258 2193 2448 2461
1553 1899 1906 2245
691 685 1175 1122
0 0 1168 1468
26 724 417 1214
1958 1338 2448 1840
1958 1527 2271 1723
235 2382 437 2683
235 2467 430 2683
1958 1527 2193 1723
1325 2683 1612 2950
411 2891 724 3120
0 0 1168 842
110 783 940 1468
143 2108 626 2480
718 1534 1148 1977
0 2115 815 2872
91 2115 815 2852
528 2239 1919 3198
913 2128 1122 2304
691 685 1175 933
0 0 815 476
900 2663 1233 2878
2062 0 2448 287
2226 1338 2448 1840
2226 1338 2448 1723
2226 1442 2448 1723
1272 1494 1821 1860
1272 1553 1586 1860
1344 0 1697 221
0 2232 365 2872
261 2115 815 2813
261 2382 607 2813
150 783 430 1148
0 1951 319 2284
110 822 940 1468
306 822 940 1338
1390 1494 1821 1697
1742 3055 2095 3263
861 2239 1919 3198
744 1103 1142 1416
1664 1507 2448 2480
1932 2689 2212 2970
2115 822 2356 1331
992 0 2095 463
1612 0 2095 339
189 0 1168 842
228 417 802 842
528 2245 1103 2800
143 2180 450 2480
992 0 1795 463
992 0 1436 463
110 1103 842 1468
189 0 1168 652
528 156 998 652
528 300 998 652
528 300 998 594
1827 620 2147 953
528 2487 907 2800
0 0 541 476
0 0 372 476
0 163 306 476
574 2245 1103 2735
1749 156 2448 509
1749 195 2239 443
2128 156 2448 509
2147 0 2448 215
228 417 750 737
110 1103 587 1449
1612 0 2075 339
1997 1573 2448 2480
365 2115 815 2487
1638 2989 1919 3198
32 861 319 1214
52 2669 972 3263
52 2735 561 3263
221 2735 561 3035
1664 1507 2245 2017
1664 1507 2075 1899
1664 1507 1958 1893
52 2767 509 3263
52 2813 509 3263
71 2813 509 3263
71 2813 345 3263
1573 2323 2448 3263
1906 2767 2448 3263
861 2239 1782 3087
535 2669 972 3126
306 966 757 1338
0 2232 365 2728
639 2669 972 3126
450 2852 1605 3263
450 2852 1455 3263
1573 2323 2448 3061
0 2323 365 2728
1997 1573 2448 1938
2062 2767 2448 3263
1997 1573 2337 1938
1971 2323 2448 2754
1116 2415 1782 3087
2252 1873 2448 2167
861 2239 1344 2767
861 2239 1344 2598
574 2369 1103 2735
1971 2323 2448 2650
1116 2415 1742 3087
2095 2767 2448 3153
2115 2128 2356 2480
1573 2421 2448 3061
1573 2421 2128 3061
