0 0 2448 3263
1077 2519 1312 2754
1077 2532 1312 2754
1749 2774 1893 2996
1475 874 1808 1220
1475 874 1808 1103
1122 1246 1318 1410
1214 3042 1462 3263
1214 3042 1357 3263
2062 1964 2212 2147
1521 1997 1840 2363
1553 1997 1840 2284
0 1762 313 2095
1814 2206 2330 2833
1521 2212 1749 2363
1821 1977 2010 2167
1873 1977 2010 2167
0 0 280 574
319 1808 580 2154
345 1808 580 2115
1266 1860 1514 2030
1912 287 2310 574
881 2199 1272 2467
2141 2487 2434 3087
744 848 1103 1272
744 933 1103 1272
0 2728 130 3028
1403 1325 1605 1645
933 613 1083 789
0 2839 130 3028
1279 2513 1449 2872
881 2239 1272 2467
881 2239 1214 2467
528 2010 770 2369
1005 1932 1240 2232
1481 163 1671 326
345 1808 580 2056
430 502 567 750
1403 1396 1547 1645
0 1064 326 1253
1286 2656 1449 2872
267 1449 483 1631
391 2846 737 3146
2219 1664 2448 2049
391 2904 737 3146
391 2904 737 3126
509 2904 737 3126
554 2010 770 2369
241 2258 398 2448
1488 2467 1795 2872
1083 594 1383 842
1083 652 1286 842
998 1677 1227 1912
998 1684 1168 1912
1031 1932 1240 2232
554 2154 770 2369
1651 1507 1919 1775
1782 1566 1919 1775
2232 2767 2369 3087
1912 345 2219 574
169 2572 548 2787
169 2611 548 2787
1403 1396 1547 1566
0 796 2448 3263
0 1762 313 2069
345 1840 580 2056
0 796 1723 3263
2141 2487 2434 3048
65 587 306 783
1991 2206 2278 2415
326 1566 2448 3263
0 0 2448 2493
2160 2767 2323 3048
0 0 1658 1259
0 554 280 861
1527 2467 1795 2852
992 1272 1148 1599
992 1272 1148 1527
1057 2010 1240 2232
829 0 2448 2493
1586 456 2023 1279
1586 456 2023 1135
1991 985 2448 1697
1991 985 2448 1618
2004 985 2448 1573
2186 985 2448 1390
1481 1377 1723 1703
0 796 1494 3263
489 1390 809 1697
567 1396 809 1697
0 1135 254 1716
0 1135 254 1468
0 1305 254 1716
522 1566 2448 3263
691 2480 1011 2911
52 0 1658 1259
345 1729 691 1873
2219 1664 2448 1991
2062 600 2448 966
2115 600 2448 966
2115 776 2337 966
2232 1977 2448 3185
365 750 796 1259
0 796 1494 2049
182 0 770 274
326 2180 633 2402
522 1566 2402 3263
1116 2696 1645 3205
1116 2696 1507 3185
1116 2696 1488 3185
0 796 1494 2004
0 1175 450 1801
13 1175 450 1690
567 176 1168 652
2186 1201 2448 1390
1155 1096 1436 1599
1233 1181 1436 1599
0 1984 861 3263
567 176 1168 528
2232 1977 2448 2545
1586 0 2448 1462
1586 0 2448 1299
1631 456 2023 1135
1631 456 1893 1096
0 796 1272 2004
0 796 1083 2004
0 796 1083 1840
1690 2983 1873 3263
724 2480 1011 2911
757 189 1168 489
365 750 783 1135
528 887 783 1135
1631 456 1893 1011
1168 0 1814 594
548 2676 1011 3153
829 633 2448 2493
829 633 1782 1436
0 796 1083 1566
0 868 1083 1566
639 1064 1083 1566
1586 0 2323 1299
522 1566 1651 2539
548 2206 900 2539
1220 1122 2448 2493
13 1253 385 1690
548 2323 900 2539
0 2310 861 3263
0 2918 861 3263
0 2976 861 3263
0 1984 483 2604
0 1997 274 2604
815 2206 2402 3263
1618 2434 2402 3263
52 0 1658 946
1631 456 1893 992
815 2206 1880 3263
437 2976 861 3263
0 3042 528 3263
1220 1122 2363 2493
1756 2056 2310 2493
861 2206 1880 3263
1586 0 2323 881
1697 0 2323 411
522 1566 1651 2487
522 1566 1351 2323
97 3042 528 3263
522 1566 1148 2317
829 633 1742 1207
1129 633 1742 1207
1618 2545 2402 3263
0 2310 718 3009
424 2382 718 2780
861 2382 1775 3263
1325 2408 1775 3263
554 0 1658 868
861 2382 1423 2683
522 1808 1148 2317
783 52 1658 868
698 1808 1148 2317
1220 1122 2363 2232
1220 1325 2363 2232
1984 1455 2363 2075
0 1997 189 2604
1370 2715 1775 3263
1168 0 1814 345
554 0 1253 332
0 868 718 1507
215 907 718 1507
1220 1325 2095 2232
887 2669 1272 3263
1573 1325 2095 2232
1880 3133 2088 3263
1377 3133 1671 3263
861 3133 1005 3263
332 3120 528 3263
1775 3094 1919 3263
0 3087 130 3263
776 3074 940 3263
437 3068 861 3263
1690 3061 1847 3263
1429 3042 1645 3205
97 3042 430 3263
1318 3035 1507 3172
966 2996 1259 3263
1742 2983 1873 3139
685 2976 855 3198
0 2976 235 3139
1560 2957 1775 3263
2141 2937 2278 3081
391 2931 554 3094
202 2918 489 3153
1821 2904 2402 3263
509 2904 731 3113
1220 2898 1488 3185
685 2872 1011 3153
2173 2865 2323 3048
2232 2859 2369 3087
1201 2833 1390 2976
1756 2774 1893 2904
496 2774 685 2996
2160 2767 2304 2898
1605 2754 1808 2937
2017 2728 2252 2996
724 2728 946 2911
1370 2715 1775 3055
1116 2696 1357 2950
1312 2689 1449 2872
548 2676 789 2957
887 2669 1272 3146
417 2650 548 2787
1860 2637 2115 2807
1527 2630 1658 2852
169 2611 476 2774
1618 2545 2082 2996
424 2526 718 2780
1077 2519 1259 2722
2141 2487 2434 2793
783 2480 1011 2820
1547 2467 1795 2683
1710 2434 1860 2624
1325 2408 1664 2741
861 2395 1207 2683
1129 2382 1423 2663
430 2382 718 2565
548 2323 815 2539
2271 2317 2448 2545
0 2310 561 3009
881 2304 1103 2454
1814 2297 2330 2833
1051 2239 1214 2467
815 2232 1044 2415
0 2226 182 2604
489 2212 633 2402
1991 2206 2278 2382
1579 2206 1880 2532
724 2206 874 2415
1005 2199 1148 2356
554 2180 718 2356
326 2180 587 2356
104 2134 274 2493
1109 2121 1351 2323
1057 2095 1201 2232
1756 2082 2115 2493
2049 2056 2310 2284
1103 2010 1240 2141
1553 1997 1801 2284
0 1997 189 2291
698 1991 1148 2317
163 1984 483 2271
2232 1977 2448 2369
2062 1964 2212 2102
411 1964 620 2219
345 1919 515 2056
1181 1893 1651 2487
0 1867 313 2069
1671 1840 1827 1977
1547 1840 1860 2180
744 1808 1103 2134
522 1808 887 2141
372 1808 528 1938
1057 1801 1227 2049
0 1762 182 1945
150 1756 463 2004
345 1729 541 1873
2284 1664 2448 1991
620 1664 835 1912
574 1645 750 1801
0 1618 189 1801
1220 1592 1671 2049
1573 1579 2095 2232
1782 1566 1919 1736
783 1566 1031 1880
1984 1540 2363 2075
2212 1527 2343 1697
626 1527 809 1697
2297 1507 2448 1756
1651 1507 1795 1651
124 1501 665 1840
13 1475 274 1690
2049 1455 2252 1729
1481 1449 1658 1703
1253 1383 1436 1599
1586 1377 1723 1527
639 1364 855 1566
992 1357 1148 1527
783 1351 1494 1893
1991 1325 2141 1618
1645 1325 2030 1645
104 1305 254 1527
1899 1279 2121 1462
2186 1259 2382 1390
665 1259 855 1410
156 1253 385 1560
1175 1246 1318 1410
0 1207 254 1468
1233 1181 1390 1436
1344 1175 1782 1436
274 1161 718 1507
502 1135 633 1305
1690 1122 1991 1403
894 1116 1037 1272
104 1116 326 1253
1155 1096 1344 1299
1625 1090 1782 1220
678 1064 1083 1481
0 1064 182 1253
1736 1037 1938 1279
456 1018 796 1259
2004 1011 2448 1573
2297 985 2448 1259
1037 979 1272 1279
528 966 672 1129
1795 959 2023 1135
1266 959 1468 1201
1357 940 1710 1207
744 933 1103 1155
443 926 620 1103
1671 913 1886 1096
215 907 502 1246
620 887 783 1135
1475 874 1638 1024
0 868 313 1201
2212 861 2448 1064
750 848 913 979
1821 829 2252 1299
2154 822 2337 966
1703 809 1873 992
0 796 176 1044
365 750 620 985
97 724 280 861
1083 711 1279 842
829 691 1194 1018
1129 633 1742 1096
2193 613 2382 822
2062 607 2330 874
2291 600 2448 907
1207 594 1383 757
150 587 306 770
0 554 130 835
1703 535 1912 776
2193 470 2408 633
1631 456 1893 894
783 456 1116 646
267 430 502 633
2017 345 2219 502
757 345 933 489
1331 208 1651 594
855 189 1168 385
567 176 894 528
1253 169 1442 372
1540 163 1671 293
1586 150 2265 881
1684 143 1834 287
52 71 998 946
861 52 1658 868
1181 45 1390 345
1997 39 2323 411
2219 0 2448 652
2049 0 2291 143
1697 0 2075 339
1168 0 1814 235
874 0 1253 182
554 0 920 332
385 0 770 274
182 0 463 195
0 0 261 574
0 868 2448 3263
0 0 2448 1769
0 0 2448 1729
0 868 1462 3263
567 933 2448 3263
0 0 1253 1103
1181 1325 2448 3263
783 0 2448 1729
1207 594 1383 770
567 933 1919 2323
574 1547 750 1801
1214 3035 1671 3263
1253 3035 1671 3263
241 2846 659 3094
280 2310 548 2454
365 2310 548 2454
1181 1455 2448 3263
241 2885 554 3094
0 868 815 3263
0 2728 130 2944
489 1344 665 1586
0 868 796 3263
241 1566 1462 3263
1005 1977 1351 2323
2062 456 2408 966
1991 1325 2212 1618
430 502 567 731
567 933 1919 2049
567 933 1795 2049
1181 1540 2448 3263
2212 1455 2448 1991
567 933 1723 2049
2271 2317 2448 2709
776 3074 1005 3263
2173 2767 2369 3087
528 2102 770 2369
1403 1325 1605 1566
0 2911 235 3263
0 2911 235 3179
789 2363 1462 3042
1077 2532 1449 3042
1318 3035 1671 3263
1344 3107 1671 3263
783 0 2265 1299
1488 2630 1658 2872
1253 117 1488 476
1253 117 1488 372
2062 470 2408 966
2062 470 2408 874
1057 2010 1351 2323
2212 1507 2448 1991
2219 1507 2448 1991
0 1116 326 1716
992 1357 1148 1599
2173 2767 2350 3048
567 933 1494 2049
567 979 1494 2049
365 750 620 1103
241 1566 1272 3263
437 1566 1272 3263
496 2774 737 3126
2049 1964 2310 2284
1116 2689 1449 3042
332 3120 665 3263
1175 0 2448 1729
1912 0 2448 1390
1175 809 2448 1729
1671 913 1938 1279
241 1729 620 2356
241 1808 620 2356
0 1135 274 1716
1912 0 2448 1259
1175 1181 1436 1599
789 2363 1462 2683
326 1808 620 2356
326 1964 620 2356
1344 809 2448 1729
1645 809 1873 1011
0 1207 274 1716
2284 1507 2448 1991
0 1207 254 1716
0 1207 254 1521
1116 2689 1449 2950
861 2363 1462 2683
1547 1540 2448 3263
1997 0 2448 1259
0 868 796 1847
639 979 1494 2049
639 979 1494 1893
1181 1592 1801 3263
0 1756 718 3263
1547 2467 2448 3263
1547 2467 2402 3263
1775 3094 2193 3263
1175 1181 1390 1436
815 2232 1214 2467
815 2232 1103 2454
829 456 1893 1299
169 2526 718 2780
0 2911 235 3139
97 2918 489 3263
345 1808 528 2056
783 0 2265 881
0 0 1253 1044
0 0 463 1044
639 1064 1494 1893
1997 0 2448 1064
97 587 306 861
1344 829 2448 1729
0 1501 691 1847
1547 1540 2448 3009
1814 1977 2448 3009
1181 1592 1775 3263
1220 2715 1775 3263
489 1566 1148 2539
1997 0 2448 907
1344 829 2252 1645
489 2212 815 2539
0 1501 665 1840
1775 3094 2088 3263
0 0 261 1044
1181 1592 1671 2741
0 868 796 1560
522 1566 1148 2415
1814 2206 2448 3009
1795 829 2252 1462
52 0 1253 946
783 0 2075 868
437 2480 1272 3263
385 0 1253 528
437 2676 1011 3263
437 2872 1011 3263
829 633 1742 1299
1155 940 1710 1299
1155 959 1468 1299
1344 1122 2030 1645
0 1756 718 3009
1181 1893 1664 2741
2004 1011 2448 1729
783 2480 1272 3263
1814 2206 2434 2833
0 1756 483 2291
150 1756 483 2271
522 1566 1103 2141
0 554 176 1044
0 2226 718 3009
0 868 796 1507
1547 1540 2363 2532
678 1064 1494 1893
2219 0 2448 907
522 1664 887 2141
1547 1579 2115 2532
1573 1579 2115 2532
1168 0 2075 594
215 907 796 1507
0 2226 561 3009
1821 2728 2402 3263
1795 829 2252 1299
385 0 920 528
1645 1122 2030 1645
829 633 1742 1096
1573 1579 2115 2493
215 907 796 1259
554 0 920 528
744 1566 1103 2134
1109 940 1279 1155
1011 2493 1351 2774
1037 2493 1272 2735
1579 2304 1723 2552
1501 1318 1769 1645
750 848 907 992
1501 1318 1664 1645
528 1344 665 1664
124 1716 528 2095
130 1729 528 2095
345 1729 528 1958
0 0 2448 1351
0 2839 169 3028
0 913 2448 3263
1181 1893 1690 2487
659 3107 861 3263
528 1410 665 1664
2252 1658 2448 2049
1122 1103 1423 1410
1175 1103 1423 1410
1233 1103 1423 1351
0 554 215 829
1462 163 1671 326
1116 2702 1390 2976
2252 1664 2448 2049
528 2102 815 2350
1077 2519 1272 2735
1756 0 2448 554
2252 1664 2448 1991
1756 0 2448 548
1847 0 2448 548
2017 2813 2317 3074
2017 2813 2317 3028
0 1801 1468 3263
130 1756 404 2095
1703 3074 2193 3263
946 1801 1468 2448
0 2167 1416 3263
528 2134 815 2350
946 1801 1468 2219
985 1860 1468 2219
1286 913 2448 3179
1286 913 2448 1749
1631 1325 2448 3179
1631 1325 2448 3055
2095 2696 2408 3055
1951 0 2448 548
1703 3074 2088 3263
691 2382 1416 3263
1011 1860 1468 2219
1011 1860 1468 2154
1135 2382 1416 2669
1286 913 2121 1618
1286 913 2023 1618
1631 1325 2448 3009
0 1057 2448 3263
0 1057 1612 2558
2226 0 2448 548
691 2402 1214 3263
894 1566 2448 3263
894 2369 2448 3263
522 1064 1612 2043
678 1064 1612 2043
1403 1566 2310 2624
1403 1566 2310 2500
1148 2369 2448 3263
0 2167 783 3263
1488 2545 2448 3263
1286 959 2023 1618
1148 2369 1795 3263
1286 972 1762 1618
1612 2545 2448 3263
0 1057 1155 2558
1148 2885 1775 3263
261 1573 1155 2558
261 1762 796 2558
1873 3133 2088 3263
1083 3133 1266 3263
815 3133 1005 3263
1703 3074 1919 3263
0 3068 143 3263
1710 3061 1847 3224
1377 2983 1775 3263
2095 2931 2278 3074
0 2898 724 3263
1148 2885 1566 3263
2239 2852 2408 3055
2141 2852 2317 3028
1742 2839 2448 3263
2017 2813 2160 2996
1201 2813 1390 2976
476 2728 744 3126
1116 2702 1325 2950
2095 2696 2317 2911
411 2663 541 2800
894 2656 1272 3139
881 2637 1011 2787
1488 2617 1808 2937
1011 2558 1351 2774
1612 2545 2239 2970
1096 2526 1266 2722
1037 2493 1272 2683
1690 2434 1860 2624
1135 2382 1416 2558
1279 2369 1795 3055
1814 2297 2448 3009
2265 2284 2448 2591
1991 2252 2160 2415
0 2167 783 3009
528 2154 770 2350
1005 2121 1351 2448
267 2121 796 2558
2023 2049 2310 2382
1011 1977 1240 2154
130 1964 352 2095
1175 1860 1468 2082
946 1801 1096 1945
261 1762 763 2271
176 1756 404 2004
600 1573 1155 2454
1403 1566 2115 2500
0 1507 137 1716
2134 1501 2343 1697
522 1364 894 1912
1286 1351 1547 1618
1631 1325 2448 2363
1501 1318 1664 1560
1938 1286 2121 1455
1175 1253 1344 1410
985 1227 1148 1638
2199 1201 2448 1390
1233 1181 1390 1351
894 1116 1031 1318
678 1103 1612 2043
2232 1096 2421 1227
985 1064 1344 1292
0 1057 718 2291
2036 1011 2448 1749
1344 972 1762 1449
1625 959 2023 1403
1109 940 1246 1070
1475 913 1710 1083
2121 802 2291 946
1051 705 1292 868
65 652 215 829
913 613 1083 789
2049 600 2408 894
1703 561 1919 776
0 554 137 802
1625 456 1756 737
1194 91 1416 359
2317 0 2448 169
1951 0 2310 502
1175 0 2448 1351
0 0 1873 1305
0 881 2448 3263
0 881 1272 3263
646 959 2448 3263
1501 2239 1723 2552
0 1057 1272 3263
2121 385 2297 554
646 959 2448 2363
646 1220 855 1410
1005 1566 2448 3263
2121 385 2297 535
678 959 2448 2363
1501 2239 1690 2441
1011 2519 1351 2774
1631 1011 2448 2363
678 959 2121 2043
1083 2284 2448 3263
1116 2284 2448 3263
476 1364 1272 3263
678 959 2023 2043
1005 1566 2310 2624
1148 2284 2448 3263
1175 1181 1390 1410
1625 456 1919 776
2049 600 2408 946
946 1801 1181 2017
1005 1566 2310 2500
1148 2297 2448 3263
2017 2813 2278 3074
0 1057 796 3263
1005 1977 1351 2448
1011 1977 1240 2219
1814 2297 2448 3179
1814 2297 2448 3055
2141 2852 2408 3055
1148 2839 2448 3263
1175 1566 2310 2500
1175 1860 1651 2487
522 1364 1272 3263
0 1756 796 3263
522 1364 1155 2454
1279 2369 2239 3055
176 1756 796 2558
176 1756 763 2271
691 2402 1272 3263
1344 959 2023 1449
1279 2369 1808 3055
966 2434 1279 2735
992 0 1272 221
45 1396 287 1547
0 124 248 450
966 2434 1207 2669
2115 0 2448 182
2115 0 2350 143
718 574 1037 874
417 1599 933 1932
26 2944 274 3218
26 2944 274 3159
332 1945 470 2128
1821 2428 2062 2572
2056 2023 2284 2310
1449 1188 1671 1566
685 1951 1077 2258
496 718 685 972
1919 1299 2284 1468
417 1684 933 1932
698 1729 933 1932
0 1638 385 2278
1240 189 2043 1207
1240 189 2043 1083
1240 189 2043 1005
1240 267 2017 1005
1612 267 2017 874
1736 267 2017 594
1736 319 1938 594
744 0 946 267
2193 528 2448 1096
2284 659 2448 1096
1997 2421 2330 2898
1886 1984 2108 2258
1919 1299 2186 1455
1364 3028 1886 3263
1442 3028 1886 3263
868 1671 1795 3126
868 2376 1488 3126
2284 659 2448 1024
1083 476 1266 672
776 1951 1077 2258
1175 1671 1795 2611
744 58 920 267
1096 835 1299 1148
1175 1671 1795 2474
1847 3100 2121 3263
1096 2820 1292 3074
868 2532 1070 2780
2284 796 2448 1024
0 1638 365 2278
2219 2852 2448 3263
2219 2852 2448 3159
1240 639 1710 1005
972 2376 1488 3126
972 2408 1488 3126
424 2030 665 2304
1175 1671 1795 2441
1129 1214 1429 1612
1847 3113 2121 3263
1514 815 1710 1005
1246 1749 1795 2441
26 2226 633 3107
26 2226 594 2846
26 2226 594 2780
26 2226 594 2735
91 2323 594 2735
208 2350 594 2735
208 2350 580 2735
783 1370 1175 1958
0 1638 300 2095
0 1638 267 2095
150 2036 365 2278
972 2519 1488 3126
1997 2441 2330 2898
0 0 2448 2474
757 0 1736 659
326 2780 633 3107
430 940 796 1618
430 998 783 1618
2102 2441 2330 2898
2134 2611 2330 2898
0 1070 2448 3263
691 2134 1312 3061
691 2376 1122 3061
691 2532 1109 3061
796 2683 1109 3061
907 2683 1109 3061
907 2754 1083 3061
1429 1403 1860 2082
1429 1547 1860 2082
1259 1749 1795 2441
783 1370 1116 1899
783 1370 1077 1684
1240 639 1566 959
1240 639 1534 940
1429 1658 1860 2082
1618 1684 1860 1899
691 2532 1024 2793
744 2532 1024 2715
430 1246 763 1618
535 1305 763 1618
718 626 1037 874
1612 3028 1886 3263
1997 1299 2186 1449
267 2434 580 2735
378 300 691 907
378 300 691 776
398 300 691 776
1664 737 1971 1370
1005 2134 1312 2415
1429 1658 1645 2082
1305 1919 1795 2441
1423 2147 1795 2441
0 1488 1214 3263
953 3009 1129 3231
1129 1429 1351 1586
0 1488 574 1827
189 1547 574 1827
1429 1769 1638 2082
1135 1214 1429 1612
1057 1070 2448 3263
972 2519 1488 3068
972 2630 1488 3068
0 1573 1214 3263
1808 91 2448 1057
1808 91 2448 966
1899 91 2448 966
1938 91 2448 966
1938 97 2448 966
1638 1984 1919 2252
809 718 1468 1331
0 1488 274 1788
757 137 1736 659
757 137 1253 659
1468 2506 1919 2852
1618 2506 1919 2852
809 718 1364 1331
809 718 1338 1331
809 718 1214 1331
809 718 1214 1201
809 946 1142 1201
861 137 1077 476
2036 1070 2448 2056
2036 1070 2448 2023
2036 1070 2448 1729
2036 1070 2448 1631
1664 815 1971 1370
1664 815 1932 1370
1057 1938 2448 3263
443 300 691 548
1057 3068 1325 3263
0 0 417 1051
0 0 417 998
0 0 417 855
0 0 417 685
0 0 417 633
0 0 417 574
0 0 202 280
1161 1938 2448 3263
2023 1938 2245 2252
2284 1671 2448 2023
1148 182 1736 483
2036 1070 2448 1521
2173 1161 2448 1521
1161 1984 2448 3263
1938 248 2448 966
1938 248 2402 966
1938 248 2402 881
1938 248 2402 698
1938 248 2232 698
2049 359 2232 698
2258 1259 2448 1521
1148 235 1501 483
1272 235 1501 483
802 1573 1214 2278
1664 907 1932 1370
1423 496 2448 2330
1540 496 2448 2141
1605 1292 1893 1605
0 0 2304 2474
763 0 2304 1005
933 0 2304 900
1612 496 1840 874
822 1853 1214 2278
1736 496 2108 1181
1736 496 2075 874
0 0 1788 2474
1037 940 1788 2474
1540 848 2448 2141
1540 848 2421 2141
1612 848 2421 2010
1612 848 2421 1886
1612 848 2421 1827
1710 848 2421 1664
1860 848 2421 1364
1938 848 2421 1364
1938 1031 2219 1364
0 1782 1109 3263
0 2291 450 2996
156 189 417 574
1925 2402 2173 2709
1070 940 1788 2474
1070 1122 1788 2474
1070 1507 1501 2474
1070 1507 1481 2474
1945 404 2121 678
979 0 2304 802
1161 2128 2115 3263
1364 2128 2115 2780
1364 2128 2049 2780
1769 2128 2049 2474
1690 1984 2448 3263
1364 2297 1834 2780
1364 2434 1762 2780
757 189 1253 659
0 0 1135 1749
0 926 620 1749
1161 2741 1808 3263
2232 1984 2448 2278
1161 2741 1690 3263
1214 2741 1690 3224
1214 2741 1690 3185
143 0 1135 1742
600 1201 881 1742
600 1396 835 1742
143 0 1135 1416
998 0 2304 796
1214 0 2304 796
1227 0 2304 639
1233 0 2304 639
1370 365 1671 639
0 1919 1109 3263
202 1919 633 2356
202 1919 633 2212
1690 2219 2448 3263
2102 3028 2382 3224
1233 0 2304 561
1233 0 2252 561
2088 848 2421 1259
176 0 894 522
1612 1560 1945 1827
176 0 802 378
254 0 802 378
339 0 802 378
359 0 802 378
450 0 802 326
1233 0 2134 561
1318 0 2134 561
