0 0 1536 2048
753 917 876 1044
983 0 1531 184
438 1695 561 1781
1060 0 1531 184
184 0 1536 1126
1368 0 1536 348
540 1495 667 1671
688 806 925 1126
892 581 1150 937
892 581 1150 921
0 557 135 729
1347 581 1454 675
184 0 1536 1040
184 970 626 1261
184 970 626 1196
290 970 626 1196
196 1384 495 1728
1011 356 1536 659
1011 356 1536 557
557 12 655 126
303 970 626 1196
745 1875 1093 2048
765 806 925 1081
741 1273 1269 1740
741 1335 1269 1740
806 1335 1269 1740
987 1335 1269 1597
892 581 1150 864
1064 1355 1536 2048
184 561 397 884
204 561 397 798
204 561 397 708
1077 1355 1536 2048
196 1454 487 1728
724 860 847 946
245 0 1536 1040
598 757 786 1040
245 0 1536 946
831 212 1105 454
831 212 1003 434
1277 0 1531 184
987 1335 1228 1597
987 1335 1191 1597
303 970 626 1134
937 331 1105 454
819 0 1118 151
245 548 864 946
331 548 864 946
0 0 1040 1593
905 1875 1093 2048
331 0 1536 724
81 278 450 614
892 581 1114 864
987 1335 1122 1597
987 1425 1085 1597
286 561 397 659
741 1474 880 1576
61 1282 167 1437
1077 1589 1536 2048
1077 1662 1536 2048
1077 1662 1482 2023
1077 1662 1482 1957
675 757 786 897
1351 0 1531 155
401 548 864 946
401 548 864 913
507 548 626 692
790 40 1536 425
790 40 1454 425
0 409 1536 2048
0 0 1040 1581
1441 1904 1536 2048
1114 1867 1290 2023
1069 1380 1191 1597
0 1654 303 2048
0 1654 131 2048
0 1654 131 1871
331 0 1056 724
524 0 1056 724
585 299 1056 724
585 299 1056 655
856 966 999 1216
331 700 471 856
581 860 684 950
1290 1355 1536 1925
1294 1355 1536 1925
131 86 262 331
188 0 417 421
196 1454 487 1720
196 1454 438 1720
196 1560 417 1720
0 937 1536 2048
86 278 450 565
610 434 839 655
585 299 1056 532
737 409 1536 1302
524 0 933 409
524 0 901 409
0 1814 126 2048
856 966 962 1216
856 1015 962 1216
0 0 311 647
1159 1798 1392 2048
614 0 860 270
1011 368 1445 462
1396 1708 1536 1925
745 1957 962 2048
1015 442 1282 524
1097 442 1282 524
172 278 450 544
806 1474 1044 1740
327 1458 487 1568
0 299 1040 1581
409 1794 622 2048
409 1794 520 2048
991 974 1142 1302
86 372 217 565
172 278 450 524
458 1286 647 1433
331 131 593 368
524 0 684 200
253 761 684 1114
737 409 1536 1282
32 516 180 647
892 622 1114 864
172 339 450 524
196 1560 393 1720
303 970 540 1134
585 299 946 528
585 299 856 528
585 299 794 528
401 663 864 913
0 1093 921 2048
86 1679 274 1925
1294 1355 1536 1753
1310 1355 1536 1753
679 937 1536 1978
679 937 1536 1892
720 1642 1179 1892
786 1642 1179 1892
786 1642 1110 1892
262 0 548 409
528 139 901 409
528 139 827 360
0 0 311 573
0 57 233 573
0 237 233 573
679 937 1536 1753
966 712 1114 864
0 299 671 999
0 299 671 966
0 299 671 864
0 614 233 864
0 802 1040 1581
581 1200 1040 1523
0 802 757 1581
0 1171 921 2048
0 1171 266 1810
0 1171 266 1740
0 1171 266 1703
81 1294 921 2048
503 1650 659 1835
278 1241 389 1372
659 1200 1040 1523
679 937 1536 1482
679 1077 1179 1462
802 409 1536 1282
802 454 1400 1048
823 720 1183 1048
1044 790 1183 942
262 0 548 364
262 0 548 299
331 131 593 290
679 1077 1101 1462
1032 937 1536 1482
172 380 405 524
802 454 1400 880
380 131 593 278
1142 409 1536 1282
1007 1466 1355 1753
188 1028 757 1581
0 1298 266 1703
0 1298 151 1695
0 802 319 1449
196 1028 757 1581
90 1384 266 1703
90 1384 266 1675
0 647 233 864
659 1200 1028 1523
749 1335 1028 1523
266 0 548 253
204 1028 757 1581
512 1028 757 1306
1142 409 1536 1003
1306 409 1536 1003
1331 774 1536 1003
253 1294 921 2048
1212 835 1536 1282
1224 835 1372 1138
36 802 319 1449
81 1789 421 2027
86 1679 217 1925
458 1662 921 2048
458 1777 921 2048
1212 917 1536 1282
1167 1466 1355 1753
253 1294 811 1892
823 720 1077 1048
135 299 671 741
135 491 372 643
204 1249 528 1581
1007 499 1400 880
1212 917 1536 1245
1323 917 1536 1179
36 802 319 1339
36 1015 299 1339
110 1097 299 1339
1032 937 1536 1441
1032 937 1363 1343
253 1351 811 1892
458 1777 778 2048
548 1777 778 2048
548 1822 778 2048
253 1368 606 1892
303 299 671 741
303 442 602 741
253 1540 585 1892
253 1609 548 1892
1306 409 1536 802
1044 540 1400 880
1142 446 1409 765
319 1064 544 1282
1142 446 1409 716
565 1351 811 1757
815 1957 962 2048
581 1953 778 2048
1159 1933 1376 2048
368 1925 471 2048
1441 1904 1536 1986
905 1892 999 2019
1282 1888 1503 2048
1085 1880 1167 2015
925 1875 1093 2048
409 1875 495 2048
1155 1867 1290 1970
458 1867 569 2048
700 1855 921 2048
270 1830 421 1933
548 1822 647 2007
0 1814 126 1994
745 1810 856 1912
835 1806 995 1892
1212 1798 1392 1974
503 1798 622 1896
409 1794 520 1912
81 1789 356 2027
626 1777 774 1941
86 1773 217 1925
958 1769 1134 1978
372 1769 548 1892
1318 1757 1482 1949
503 1732 598 1835
159 1712 258 1810
1449 1708 1536 1925
720 1708 835 1847
176 1691 274 1855
94 1679 208 1794
1433 1667 1536 1773
1077 1662 1347 1957
565 1662 753 1835
0 1662 131 1871
1306 1650 1437 1822
544 1650 659 1744
786 1642 1110 1847
147 1613 241 1740
253 1609 548 1880
94 1609 188 1703
1118 1589 1232 1691
282 1568 393 1699
741 1560 860 1708
196 1560 339 1720
159 1560 266 1675
458 1540 585 1699
1294 1536 1441 1679
348 1531 483 1626
1007 1523 1196 1683
606 1519 811 1757
1200 1507 1355 1753
540 1495 667 1601
147 1490 229 1593
741 1482 880 1576
806 1478 1044 1740
1433 1474 1519 1572
1167 1466 1277 1626
327 1458 454 1568
0 1458 151 1695
274 1454 438 1605
1310 1445 1536 1753
1126 1433 1216 1515
987 1425 1085 1519
1069 1421 1191 1597
811 1413 1028 1523
1290 1392 1433 1540
24 1388 147 1519
360 1384 495 1482
90 1384 212 1630
204 1376 380 1581
454 1368 606 1564
1404 1355 1511 1490
565 1351 811 1548
749 1335 872 1470
1220 1331 1331 1482
458 1323 593 1433
139 1314 253 1449
0 1298 122 1482
626 1294 811 1445
299 1277 389 1372
1159 1273 1265 1400
901 1265 1032 1437
348 1249 528 1413
1224 1245 1363 1343
196 1245 331 1503
1077 1220 1179 1404
114 1204 225 1339
659 1200 811 1363
278 1179 364 1261
1241 1171 1347 1282
1282 1163 1536 1441
188 1146 282 1355
1343 1130 1536 1282
1097 1118 1187 1228
512 1110 684 1306
1032 1101 1142 1302
499 1097 589 1196
110 1097 299 1253
0 1093 151 1298
1323 1081 1478 1179
425 1073 528 1187
90 1073 180 1159
724 1069 843 1171
1306 1032 1429 1118
503 1032 626 1134
184 1032 303 1114
602 1028 757 1216
856 1015 962 1122
36 1015 204 1110
1212 1011 1380 1245
991 974 1093 1114
303 970 442 1134
1236 958 1335 1138
811 950 901 1118
1032 937 1269 1306
688 921 823 1126
1327 917 1536 1130
753 917 860 1019
0 909 131 1056
1114 897 1269 1040
598 897 733 1040
331 876 684 1052
491 868 581 966
794 839 909 1081
1331 835 1536 1003
1224 835 1372 1044
1044 835 1183 942
897 831 1077 1048
1159 827 1245 921
1323 815 1425 913
675 815 786 897
610 815 729 946
765 806 925 888
81 802 319 1093
1044 790 1179 884
1445 774 1536 880
1372 761 1458 856
253 761 475 1114
0 757 143 966
184 737 299 884
823 720 1015 872
978 712 1114 864
798 704 892 806
331 700 430 856
245 700 364 827
204 679 303 798
65 679 233 815
598 675 692 757
1232 671 1347 765
638 663 864 843
401 663 700 913
1163 659 1400 880
1376 651 1503 823
0 647 106 864
892 622 1032 741
303 622 532 741
114 614 233 724
16 606 135 729
204 598 344 708
610 589 815 724
991 581 1105 716
286 561 397 643
737 552 921 712
1044 540 1245 851
135 536 299 643
610 524 794 655
32 516 139 610
1007 499 1097 602
1142 495 1273 614
225 491 372 589
86 483 217 565
1077 479 1167 577
802 454 1044 659
1228 446 1409 716
335 442 602 643
172 438 380 524
610 434 839 589
1306 409 1536 704
929 385 1056 532
299 380 405 466
831 372 946 466
98 372 217 491
745 364 856 475
585 360 749 528
1421 356 1536 557
176 356 311 450
348 339 450 479
937 331 1089 454
0 303 163 573
659 299 794 462
430 299 671 544
888 286 1003 434
741 278 901 409
274 274 434 364
1290 270 1536 380
405 245 491 356
454 241 573 368
53 237 233 405
831 212 921 368
188 204 278 421
331 196 417 290
176 192 262 331
262 184 389 299
528 163 679 360
655 139 827 335
380 139 557 258
438 131 593 278
790 110 901 192
131 86 258 208
696 81 860 270
0 57 167 348
569 53 684 200
819 49 942 151
557 45 638 126
847 40 1454 425
1097 36 1347 237
1060 24 1380 114
1277 16 1417 184
1355 12 1474 155
1368 0 1536 344
1351 0 1531 81
819 0 970 143
741 0 933 172
614 0 798 98
581 0 737 151
524 0 606 143
417 0 548 94
266 0 544 253
221 0 417 253
212 0 401 102
0 0 311 122
0 0 1536 798
0 356 1536 2048
659 356 1536 2048
0 589 1110 2048
0 0 1536 757
778 831 921 1081
794 831 921 1081
778 864 880 974
1433 1392 1536 1572
0 589 864 1433
1044 1880 1167 2048
1134 1363 1269 1490
987 847 1085 937
0 909 1110 2048
688 356 1536 1306
1159 1392 1269 1490
753 0 1536 524
688 704 925 1126
737 356 1536 1306
790 0 1536 524
98 1916 471 2048
0 0 933 757
548 614 692 757
0 0 933 729
0 909 487 2048
831 0 1536 524
659 950 1536 2048
925 1011 1536 2048
0 516 180 729
16 516 180 729
0 0 933 708
1155 270 1536 446
659 950 1331 1626
847 0 1536 524
1060 0 1531 155
688 753 925 1126
204 561 409 708
1060 0 1531 114
0 0 933 679
405 548 585 679
724 950 946 1171
811 950 946 1118
0 0 933 643
262 278 405 466
688 860 823 1126
1257 0 1531 81
888 286 1105 454
286 561 409 643
1097 1835 1376 2048
0 909 487 1871
659 1015 1331 1626
81 1245 1110 2048
131 86 258 278
135 180 225 278
1318 1757 1536 2002
1318 1757 1482 2002
454 1245 1110 1847
81 1540 999 2048
745 1892 999 2048
262 278 372 421
0 1015 487 1871
274 196 434 364
348 1916 471 2048
1097 1933 1376 2048
81 1540 995 2048
720 1708 995 1912
720 1708 856 1912
1011 393 1335 524
454 1265 1110 1847
897 593 1536 1306
1044 827 1429 1118
1044 827 1245 942
0 1015 380 1871
847 0 1536 425
1155 1835 1290 1970
901 1265 1040 1449
147 1613 274 1855
81 1540 921 2048
503 1585 659 1835
737 356 1536 872
1376 593 1536 880
1376 593 1536 823
278 815 786 1433
274 1454 487 1699
282 1458 487 1699
925 1421 1503 2048
327 1458 487 1626
1212 1011 1536 1925
0 0 401 573
598 815 786 1216
278 970 684 1433
24 1384 212 1630
1376 593 1503 823
1224 835 1429 1118
278 970 684 1413
86 0 933 643
262 0 933 475
417 0 933 270
454 1294 1110 1847
741 1482 880 1708
86 299 839 643
348 339 499 479
659 1077 1331 1626
417 0 798 151
417 0 737 151
262 0 901 475
1097 16 1417 237
405 241 573 368
0 1015 299 1871
0 1015 299 1339
696 0 933 270
303 970 684 1413
409 1662 921 2048
409 1798 622 2048
409 1867 569 2048
925 1769 1134 2048
1306 1650 1466 1855
1077 1220 1331 1626
1159 1273 1331 1626
737 372 1536 872
0 589 864 1114
81 1540 585 2027
897 659 1536 1306
1044 659 1458 884
327 1458 483 1626
319 1032 684 1413
1007 1421 1503 2048
1007 1421 1196 1773
1007 1523 1196 1773
626 1294 1085 1523
626 1294 1028 1523
897 831 1536 1306
1323 835 1536 1179
81 1609 548 2027
1167 1331 1331 1626
499 1032 626 1196
139 1245 380 1720
139 1245 380 1675
1019 1421 1191 1597
454 1351 1110 1847
417 0 606 143
303 589 864 913
929 385 1097 602
737 372 1536 851
0 614 684 1114
0 614 233 966
0 647 143 966
737 372 1044 712
1044 659 1400 884
823 712 1114 872
65 614 233 815
1224 1130 1536 1925
1282 1163 1536 1925
1290 1392 1536 1925
1310 1445 1536 1925
1433 1667 1536 1925
1077 1507 1503 2048
262 0 593 299
548 1662 921 2048
548 1662 778 2048
548 1662 753 2007
81 761 684 1114
319 1064 684 1413
598 815 786 1040
86 438 380 643
86 438 380 589
86 438 380 565
0 1093 151 1339
897 831 1335 1306
1114 897 1335 1138
159 1245 380 1675
196 1245 380 1581
610 589 864 843
892 409 1536 851
528 139 901 475
262 0 557 299
266 0 557 258
335 299 839 643
659 1077 1101 1462
655 139 901 475
81 761 475 1114
897 831 1269 1306
1077 1507 1392 1974
1142 409 1536 716
319 1064 684 1306
626 1777 921 2048
430 299 839 589
0 1171 151 1871
0 1171 122 1482
0 1458 151 1871
565 1351 1110 1847
802 372 1044 659
303 622 700 913
741 278 901 475
892 540 1245 851
1224 1130 1536 1343
786 1478 1110 1847
892 581 1105 741
1077 1507 1355 1957
0 57 167 573
1228 409 1536 716
1327 835 1536 1130
724 843 892 1126
724 933 892 1126
876 0 1536 487
876 32 1536 487
753 843 888 1019
700 1544 827 1642
876 32 1536 458
229 0 417 253
528 524 974 753
0 1126 1290 2048
147 458 282 585
720 0 1351 319
720 0 1302 319
983 327 1536 1908
557 741 929 1077
598 741 929 1077
1064 389 1335 487
385 0 716 397
610 1126 700 1257
688 741 929 1077
385 0 704 397
589 307 704 397
720 0 1118 319
823 0 1118 143
925 1867 1290 2048
1085 1867 1290 2048
0 1126 962 2048
258 1236 598 1679
258 1236 598 1667
258 1363 598 1667
688 835 909 1077
983 778 1179 884
1409 1839 1536 2048
1011 327 1536 1908
1097 1867 1290 2048
1134 1867 1290 2031
720 0 974 319
741 0 974 319
1306 1650 1445 1818
778 32 974 319
778 32 974 237
282 1363 598 1605
0 1126 851 2048
147 458 253 561
0 790 81 892
262 925 417 1232
1368 1355 1519 1503
716 741 929 884
1011 327 1536 1855
806 200 921 319
1212 933 1458 1179
618 524 974 753
618 524 864 753
28 1916 139 2048
282 1384 495 1605
0 0 1150 1462
0 0 1150 1179
0 331 704 1097
1409 1867 1536 2048
1163 327 1536 880
761 561 974 700
606 970 1085 1462
663 970 1085 1462
315 1437 516 1679
856 966 962 1122
1011 442 1536 1855
1286 1703 1470 1855
688 847 823 1077
1212 933 1372 1146
1249 933 1372 1146
1011 442 1536 1773
1011 442 1536 1740
606 1015 876 1191
1011 442 1536 1564
1011 442 1536 1495
0 851 1536 2048
1179 1708 1536 2048
1282 1708 1536 2048
1011 446 1536 1495
1011 442 1290 577
73 602 303 880
0 0 401 344
0 1171 851 2048
0 1171 495 2048
0 1171 425 2048
0 1171 110 1585
0 1171 110 1413
1077 442 1290 577
32 0 1150 1179
1179 1794 1376 2048
438 1716 851 2048
606 1024 843 1191
0 1241 425 2048
49 1241 421 1740
0 851 1351 2019
0 851 733 1474
258 0 544 368
0 1249 110 1413
1011 446 1536 1142
278 1220 1351 2019
331 1437 516 1679
438 1716 778 2048
0 851 679 1474
253 876 679 1413
0 851 315 1474
0 1380 106 1585
0 1634 425 2048
32 180 1150 1179
229 204 1150 1179
0 851 315 1294
0 851 204 1130
385 0 679 331
385 57 679 331
1032 937 1536 1495
958 1220 1351 1961
32 180 499 708
49 1384 421 1740
626 647 1150 1179
987 1220 1351 1961
278 1228 999 2019
32 180 376 708
1032 937 1499 1495
278 1228 876 1933
1097 1966 1187 2048
741 1966 851 2048
1179 1953 1376 2048
28 1945 139 2048
1134 1941 1216 2031
815 1941 962 2048
786 1896 868 1982
905 1892 999 1990
1085 1880 1167 2039
339 1875 495 2048
1409 1867 1536 2027
925 1867 1101 2048
458 1867 557 1953
462 1847 778 2048
1282 1810 1478 2048
700 1806 999 2019
1228 1794 1363 1974
1380 1757 1470 1855
958 1724 1155 1945
438 1716 585 1896
86 1712 274 1900
1286 1703 1396 1847
237 1691 323 1839
1425 1654 1536 1773
81 1642 208 1822
1052 1626 1335 1961
278 1617 532 1912
1105 1589 1236 1691
258 1585 339 1667
106 1556 303 1740
708 1544 827 1642
0 1519 122 1667
1433 1474 1519 1585
1294 1470 1536 1740
282 1462 389 1605
331 1458 487 1679
0 1458 106 1585
1290 1449 1400 1564
425 1437 516 1572
790 1417 1093 1880
1368 1384 1454 1503
380 1384 495 1470
49 1384 421 1638
921 1372 1040 1458
487 1363 598 1445
1404 1355 1519 1499
49 1323 167 1441
0 1298 86 1413
278 1277 368 1388
188 1241 307 1507
413 1236 593 1433
1146 1232 1499 1495
466 1228 876 1933
987 1220 1351 1671
278 1220 532 1413
81 1216 262 1474
569 1212 733 1368
1032 1175 1114 1302
1224 1163 1355 1302
1347 1101 1536 1441
491 1097 589 1196
663 1077 1085 1462
1331 1064 1458 1179
20 1052 126 1163
606 1048 843 1191
69 1040 204 1130
675 1024 798 1118
724 1019 815 1126
45 1019 315 1294
1249 958 1335 1146
1441 942 1536 1056
1032 937 1380 1298
1261 933 1372 1044
798 933 892 1069
598 925 712 1052
294 925 417 1114
688 921 802 1077
253 876 679 1310
753 872 856 1019
1114 864 1269 991
491 864 598 966
581 851 684 950
0 851 167 1089
724 847 823 946
1302 835 1536 1142
1040 835 1183 974
815 835 909 974
790 806 925 929
983 794 1105 876
1081 778 1179 884
733 741 929 884
237 704 327 798
626 667 880 983
73 651 303 880
843 647 1150 1179
53 630 704 1097
528 626 643 712
987 581 1093 700
761 561 876 700
1318 557 1454 704
622 532 864 753
618 524 708 655
32 462 344 708
172 458 253 544
1011 446 1503 950
1077 446 1228 577
1196 442 1290 536
1064 405 1232 487
0 331 155 864
1163 327 1536 684
188 294 270 385
831 212 921 319
266 208 499 483
229 204 1085 851
258 184 385 368
57 180 376 524
462 147 679 331
802 135 888 237
385 57 679 249
0 57 188 344
778 32 974 196
561 12 651 126
1118 0 1536 155
823 0 1060 143
741 0 933 151
634 0 819 270
425 0 675 126
303 0 544 208
282 0 417 196
0 0 401 208
0 0 1536 880
0 327 1536 2048
761 327 1536 2048
0 524 1216 2048
1433 1392 1536 1585
258 1564 389 1667
0 1212 1216 2048
0 524 1130 1585
0 1212 1101 2048
0 524 880 1585
991 847 1085 954
380 1363 598 1519
720 0 1536 577
0 0 1085 880
557 741 1130 1462
1085 1880 1216 2039
761 327 1536 1179
380 1363 598 1470
741 0 1536 577
188 1241 368 1507
528 524 708 712
557 806 1130 1462
598 806 1130 1462
598 806 925 1118
688 806 925 1077
741 1896 868 2048
610 139 716 241
24 1323 167 1523
606 970 1130 1462
282 1212 876 1933
1286 1695 1396 1847
598 925 798 1118
843 327 1536 1179
0 1384 1101 2048
339 1794 557 2048
339 1867 557 2048
557 851 684 978
790 778 1536 2048
983 778 1536 1740
0 532 880 1585
790 1417 1536 2048
1032 1146 1130 1302
0 1916 139 2048
0 1925 139 2048
790 806 925 974
0 0 819 880
0 876 679 1585
1290 1355 1519 1564
0 57 344 880
20 876 679 1474
0 0 819 524
983 778 1335 1146
1097 1794 1376 2048
1155 1794 1368 1974
1155 1794 1363 1974
983 778 1286 1085
1040 778 1286 1085
876 32 1536 577
1064 405 1232 577
606 1015 1085 1462
1040 778 1269 991
1040 835 1269 991
282 1437 516 1679
0 1171 106 1585
0 1384 532 2048
606 1048 1085 1462
1290 1384 1454 1564
1097 1953 1376 2048
1282 1650 1536 2048
20 1040 204 1163
1380 1708 1536 2027
1163 327 1536 704
0 1171 86 1413
1409 1708 1536 2027
413 1212 876 1933
413 1212 733 1433
