0 0 1536 2048
73 1146 294 1228
229 1314 401 1486
634 1728 790 1851
544 1929 638 2048
761 1089 917 1171
348 1724 434 1871
1396 1732 1536 1937
1441 1806 1536 1937
1142 348 1372 557
270 643 446 819
573 159 921 393
573 159 921 389
573 172 884 389
0 208 241 442
0 249 110 409
643 1069 847 1253
53 954 360 1306
147 1110 360 1306
270 643 372 819
180 212 303 319
204 393 425 495
0 741 102 909
958 999 1261 1187
1376 1073 1478 1232
1224 405 1372 495
438 528 933 1110
438 610 933 1110
1101 1507 1273 1675
413 229 692 434
454 1064 974 1458
0 1355 221 1581
0 1380 221 1581
1003 1368 1163 1478
0 1179 536 1466
0 1179 536 1441
28 1179 536 1441
643 1069 847 1175
315 1269 536 1441
851 1736 1060 2015
851 1736 1060 1978
876 1736 1028 1863
1359 397 1536 634
454 1085 974 1458
491 1097 974 1458
638 1191 974 1347
716 1191 974 1347
0 1400 221 1581
0 1425 221 1581
12 1425 221 1581
20 880 200 1024
28 1179 397 1437
28 1179 208 1269
163 1449 544 1847
163 1462 544 1847
200 1462 544 1761
200 1609 380 1761
1118 954 1429 1294
1187 962 1429 1294
1187 962 1429 1273
77 327 241 442
1314 0 1449 233
458 0 712 237
651 610 778 733
438 229 692 434
20 880 200 999
53 954 249 1134
258 1462 544 1757
258 1462 540 1691
1150 1265 1376 1527
1150 1306 1372 1527
1155 1687 1511 1921
1290 1757 1511 1921
520 0 712 90
1155 1687 1347 1871
1155 1695 1314 1871
1191 1351 1372 1527
1282 1359 1372 1527
1351 1781 1511 1921
921 208 1048 339
1187 1818 1536 2048
1187 1851 1536 2048
1187 1929 1495 2048
413 1716 696 1994
413 1716 696 1986
565 1728 696 1839
413 1716 585 1986
438 610 933 1069
679 524 962 966
716 1191 974 1343
258 1462 540 1658
0 364 512 1220
0 364 335 675
0 364 335 638
1314 135 1396 233
958 999 1261 1163
0 581 512 1220
0 860 200 1220
0 876 200 1220
454 229 692 376
679 524 942 868
761 823 962 966
569 1343 970 1671
569 1343 901 1638
1413 409 1536 634
0 581 512 1015
86 802 307 1015
1007 0 1179 180
1069 1368 1163 1478
454 1085 577 1347
348 1724 434 1826
237 393 425 495
745 524 942 868
745 638 942 868
0 364 335 634
1245 1265 1376 1433
774 823 962 958
774 864 962 958
458 57 634 237
0 1478 634 2048
0 1622 634 2048
241 1622 634 2048
241 1622 634 2002
241 1622 634 1921
241 1622 634 1875
380 1687 634 1830
0 0 696 483
163 241 532 483
241 241 532 483
0 0 696 356
401 126 696 315
1413 462 1536 634
0 581 512 884
0 581 425 884
0 593 270 884
0 0 581 356
151 0 1536 2048
303 0 1536 1044
303 0 1536 1015
1249 0 1536 462
569 1478 901 1638
569 1507 774 1638
258 1462 540 1654
1245 1265 1343 1376
1298 663 1536 1044
1298 663 1536 1003
1298 663 1490 909
1298 663 1445 856
0 1826 278 2048
151 258 1536 2048
229 847 770 1208
274 847 770 1208
0 626 270 884
0 1732 344 1961
1339 827 1503 1044
303 0 1536 999
606 0 1073 225
675 1343 798 1548
303 12 1536 999
0 1478 303 1769
798 163 987 458
798 270 974 458
851 397 1085 524
151 950 1536 2048
811 1134 1286 1396
229 1048 479 1175
634 258 1413 1277
303 438 622 675
163 1695 249 1847
0 1478 303 1691
241 1622 471 1875
1290 0 1536 450
487 12 1536 999
274 847 569 1138
524 978 770 1208
151 1073 1536 2048
323 1073 1536 2048
991 1703 1294 2048
303 491 622 675
303 503 536 675
417 1462 540 1576
516 12 1536 999
323 1073 1536 1900
1130 1630 1413 1794
176 1187 397 1437
643 258 1413 1277
643 258 1396 1277
991 1703 1269 2011
995 1880 1294 2048
86 802 307 995
1404 1384 1511 1540
368 1622 471 1757
491 1097 696 1458
606 0 999 225
1028 1880 1294 2048
0 1044 200 1220
339 643 512 831
1294 1630 1413 1794
323 1126 1536 1900
323 1126 487 1376
606 0 856 225
1245 12 1355 208
991 1703 1269 1949
851 0 1073 159
569 987 770 1208
516 102 1536 999
196 581 425 880
196 647 425 880
425 0 581 86
516 704 651 999
552 282 696 495
0 364 335 598
733 36 999 176
733 65 925 176
954 741 1175 1040
0 1732 249 1855
815 839 1396 1277
815 942 1396 1277
815 942 1044 1220
815 942 978 1146
1077 0 1179 151
1404 0 1536 159
151 1372 946 2048
450 1196 1536 1900
450 1261 1536 1900
1077 20 1187 270
450 1261 1376 1900
450 1261 1314 1900
1101 1343 1314 1536
1101 1343 1314 1511
991 1728 1269 1949
0 0 516 356
954 741 1175 1011
565 102 1536 987
954 638 1368 987
151 1372 593 1589
1351 1196 1536 1429
872 839 1028 978
323 1126 487 1306
450 1261 1224 1900
565 1261 1224 1900
663 1261 1224 1900
663 1261 1179 1765
921 1589 1224 1900
1290 0 1536 413
1003 1093 1396 1277
0 0 516 249
704 1261 1179 1765
606 0 786 217
643 258 1372 937
643 258 1253 937
962 1589 1224 1839
1216 1396 1536 1822
1417 1413 1536 1593
491 1540 946 2048
499 1585 946 2048
573 1585 946 1748
438 610 610 1003
438 610 581 1003
569 999 770 1208
565 102 1536 811
1056 159 1536 811
151 1372 532 1589
151 1372 430 1589
294 1384 430 1589
499 1724 937 2048
393 1904 569 2048
663 258 1253 937
663 258 1253 868
565 102 1200 786
565 102 1155 786
712 102 1155 532
290 847 569 1138
237 167 393 274
954 638 1355 987
1400 200 1536 450
1400 266 1536 450
565 454 753 786
860 1318 1179 1765
954 679 1265 921
954 786 1175 1011
516 716 622 999
1150 1503 1376 1687
663 258 1089 860
663 258 1089 757
0 0 516 245
65 0 516 245
1232 270 1536 811
1310 950 1507 1134
1306 1851 1536 2048
1208 1523 1376 1687
1265 1523 1376 1687
1159 0 1282 188
65 0 360 192
851 0 1056 159
884 299 1253 868
884 491 1146 868
757 1359 942 1556
151 1372 335 1581
1146 1093 1396 1277
884 532 1060 868
892 671 1028 868
954 679 1179 819
1277 270 1536 811
0 626 212 884
1208 471 1372 675
1306 1867 1536 2048
1306 1867 1536 2023
499 1765 937 2048
32 1826 278 2048
0 626 212 851
868 1318 1179 1765
1216 1396 1536 1769
602 454 753 786
1130 700 1265 921
36 626 212 851
884 532 1060 712
905 1318 1179 1708
905 1372 1179 1708
0 1265 192 1347
798 741 917 860
1290 0 1536 348
311 16 516 245
905 1425 1179 1708
663 258 937 659
663 323 937 659
802 434 937 659
1040 299 1253 507
1040 339 1187 507
942 1425 1179 1675
1290 86 1536 348
1290 86 1478 348
1290 143 1478 348
1216 1396 1536 1765
606 45 704 217
942 1425 1167 1662
942 1425 1122 1593
499 1765 929 2048
552 1765 929 2048
552 1798 929 2048
552 1806 786 2048
1216 1396 1499 1736
1318 1396 1499 1736
65 81 335 249
385 913 569 1138
552 1847 786 2048
552 1908 786 2048
851 1966 937 2048
995 1957 1077 2048
393 1957 499 2048
1454 1949 1536 2048
1028 1929 1216 2048
950 1921 1032 2015
884 1921 1032 2048
700 1916 786 2048
552 1908 708 2007
475 1904 569 2048
471 1892 593 1994
397 1888 479 1994
86 1888 212 1982
159 1884 278 2048
1306 1880 1458 2023
1212 1880 1294 2007
245 1871 434 2048
1400 1867 1536 2007
1032 1867 1212 2011
331 1863 413 2002
0 1859 143 1949
1318 1851 1466 1957
647 1847 761 1941
200 1847 344 1961
32 1826 233 1933
1351 1822 1507 1921
413 1822 552 1986
921 1806 1019 1900
499 1806 688 1916
651 1798 929 2048
389 1798 491 1888
294 1781 385 1921
737 1765 835 1961
589 1765 700 1892
1290 1757 1425 1839
851 1757 1060 1978
991 1753 1097 1949
663 1753 774 1851
0 1753 151 1855
929 1748 1028 1863
380 1732 507 1830
94 1732 249 1855
1433 1728 1536 1822
1085 1728 1269 1941
761 1724 921 1843
471 1716 585 1830
1294 1712 1413 1794
1105 1699 1187 1781
1155 1695 1314 1777
483 1687 634 1777
241 1687 397 1875
868 1675 1032 1765
434 1662 544 1757
40 1662 172 1777
0 1658 102 1769
573 1654 880 1748
1449 1638 1536 1765
1376 1638 1486 1769
1064 1634 1224 1830
1302 1630 1409 1732
249 1609 380 1761
1265 1593 1376 1687
1417 1589 1499 1708
962 1589 1081 1839
696 1589 851 1720
831 1585 946 1720
86 1581 303 1687
868 1572 970 1671
905 1560 1036 1708
303 1556 528 1658
1445 1552 1536 1671
1208 1552 1294 1667
1028 1548 1167 1662
258 1548 483 1654
491 1540 602 1703
1277 1523 1363 1630
1101 1507 1216 1634
577 1507 659 1593
1150 1503 1236 1585
995 1490 1122 1593
684 1478 901 1630
0 1478 237 1691
425 1462 536 1544
585 1458 749 1593
372 1449 462 1544
675 1441 770 1548
507 1441 593 1576
1101 1437 1236 1536
942 1425 1064 1581
12 1425 159 1527
413 1421 532 1503
1282 1417 1372 1527
860 1417 970 1617
757 1404 847 1556
1216 1400 1363 1585
724 1400 819 1499
90 1400 208 1523
1318 1396 1449 1736
1404 1384 1511 1499
303 1384 430 1589
294 1384 397 1515
94 1380 184 1474
565 1376 712 1486
946 1372 1064 1507
151 1372 290 1560
1069 1368 1163 1474
1003 1368 1085 1466
782 1368 864 1486
827 1359 942 1515
1175 1347 1314 1466
1101 1343 1245 1511
700 1343 798 1466
389 1339 536 1441
0 1339 204 1466
450 1331 593 1478
913 1318 1040 1429
266 1314 401 1445
1081 1298 1175 1384
536 1298 684 1458
1294 1269 1376 1433
663 1269 774 1388
315 1269 442 1384
704 1261 917 1388
1388 1253 1478 1347
176 1236 290 1437
638 1216 774 1335
1384 1204 1536 1421
1351 1196 1433 1429
765 1196 868 1282
0 1196 143 1314
917 1187 1286 1396
192 1187 397 1343
1306 1175 1400 1294
692 1171 823 1253
73 1146 159 1228
323 1142 442 1306
1146 1134 1327 1273
811 1134 933 1216
372 1126 487 1286
1003 1110 1200 1261
147 1110 331 1196
491 1097 696 1388
1253 1093 1396 1277
0 1093 200 1220
831 1085 1044 1220
569 1085 757 1208
454 1085 577 1265
643 1077 815 1175
1425 1073 1536 1273
1376 1073 1478 1171
385 1048 479 1171
229 1048 450 1175
49 1044 176 1138
962 1015 1261 1163
1417 1011 1507 1134
634 999 770 1089
40 999 151 1085
450 995 569 1138
1093 991 1331 1097
606 987 688 1085
815 978 966 1146
524 978 630 1134
274 978 421 1077
806 970 925 1110
1257 962 1429 1273
53 962 184 1077
1118 954 1323 1060
159 954 249 1134
1310 950 1466 1089
208 950 335 1126
876 942 978 1032
1081 933 1241 1015
1339 917 1503 1044
385 913 540 1081
303 905 499 1011
872 884 966 978
176 884 307 995
73 880 200 999
774 876 897 958
1290 872 1376 970
634 868 753 958
20 860 172 946
557 856 933 1069
1003 851 1175 1003
290 847 524 978
946 839 1028 958
86 802 290 917
679 798 815 937
1454 790 1536 921
1347 786 1490 909
954 786 1118 1011
950 786 1032 876
798 778 909 860
0 774 90 909
831 741 917 827
0 741 102 864
1032 737 1155 917
1298 733 1425 856
1056 729 1142 839
954 724 1085 819
176 724 270 827
1417 720 1503 819
516 716 622 901
339 716 446 798
81 712 212 851
1130 700 1241 901
905 696 1028 868
745 696 847 843
643 688 741 888
274 684 356 819
196 675 425 880
339 667 434 765
1335 663 1445 765
1024 647 1150 745
417 643 512 831
270 643 372 729
1220 638 1355 987
794 638 942 868
1232 626 1441 712
524 626 610 802
36 626 163 749
884 622 978 712
651 610 765 733
487 610 581 1003
184 610 294 749
602 598 684 786
827 585 1089 757
266 581 348 692
688 552 778 634
1241 540 1413 688
704 540 847 790
946 532 1060 634
1368 528 1536 811
425 528 536 663
1437 512 1536 634
155 507 335 598
303 503 512 675
991 491 1146 614
462 491 622 581
40 491 151 638
1228 479 1372 675
847 479 937 659
565 475 651 696
1208 471 1290 638
1134 466 1224 712
716 466 827 565
1413 462 1536 544
1077 462 1187 618
933 454 1048 614
622 454 753 630
438 454 552 536
0 446 86 536
368 438 454 552
131 438 409 532
802 434 905 606
1224 413 1372 495
1040 409 1163 507
868 405 1085 524
1359 397 1490 532
851 397 954 487
487 368 622 507
0 364 229 548
405 356 532 483
1142 348 1257 557
1040 339 1187 466
929 335 1097 430
172 327 319 462
147 327 241 442
663 323 831 589
413 311 495 425
0 307 90 401
1093 299 1253 438
798 299 929 458
438 294 569 434
598 282 696 495
552 282 671 454
1400 278 1536 450
1277 270 1437 626
843 270 974 380
696 258 835 434
1323 253 1413 413
454 253 638 376
163 253 270 339
241 241 438 425
933 229 1048 339
544 229 692 335
102 225 212 356
0 208 184 397
1449 200 1536 286
401 200 557 315
151 200 233 294
1290 196 1478 348
356 188 483 356
1118 176 1200 294
684 172 884 389
286 172 393 274
237 167 319 253
843 163 987 294
1056 159 1302 352
1372 143 1454 258
540 126 696 258
700 122 856 225
983 118 1101 294
344 118 516 245
1433 114 1536 225
0 114 122 290
1400 110 1507 192
65 106 180 249
712 102 1118 532
1159 98 1257 188
1077 94 1183 270
901 94 1044 221
606 86 704 217
532 81 634 184
131 81 335 217
733 65 819 163
458 57 557 237
217 57 360 192
610 45 704 139
962 40 1056 159
1404 36 1515 159
892 36 999 126
311 16 487 192
1245 12 1355 180
1429 0 1536 135
1351 0 1449 151
1335 0 1417 118
1273 0 1355 98
1163 0 1282 143
1007 0 1134 180
851 0 1019 90
757 0 921 122
671 0 786 143
520 0 667 90
479 0 581 86
65 0 270 135
0 0 131 131
0 876 1536 2048
131 393 454 552
270 1175 360 1306
0 0 1536 1536
0 0 778 1171
1191 1351 1331 1433
0 0 696 1171
1232 360 1318 466
458 0 1536 1536
294 1318 1536 2048
557 397 1396 1536
1232 626 1441 823
1232 626 1441 774
724 1368 864 1499
385 1048 532 1171
0 876 970 2048
122 581 417 786
122 581 348 786
458 0 1536 1433
413 282 778 1134
0 0 696 1138
86 1540 540 1748
1159 897 1298 978
458 0 1417 958
147 1626 262 1748
413 282 765 1134
884 0 1536 1433
581 745 675 954
0 1396 86 1527
0 999 151 1171
876 942 1134 1060
876 942 1069 1060
1048 729 1142 839
1175 1347 1372 1527
184 581 348 749
0 1888 212 2048
573 1478 970 1769
573 1564 880 1769
573 1654 880 1769
1433 1728 1536 1937
147 241 319 462
634 999 847 1175
163 241 303 339
0 1888 212 1982
1245 1748 1368 2035
684 1478 970 1671
294 1724 593 1994
294 1724 507 1921
294 1724 434 1921
0 876 774 2048
0 1110 401 1527
73 1110 401 1466
700 65 856 225
892 0 1536 1433
552 1318 1536 2048
438 282 765 1134
565 1728 774 1851
618 1753 774 1851
749 1929 831 2048
901 94 1048 339
86 1540 540 1687
1187 962 1515 1433
1187 962 1474 1433
892 0 1536 1421
827 1757 1060 2015
827 1757 1060 1978
0 1339 208 1527
0 1339 208 1523
0 1339 208 1466
73 1110 331 1269
73 1110 331 1228
901 94 1044 286
0 0 696 880
212 0 503 86
634 688 909 958
884 622 1073 729
438 282 765 1003
20 798 569 1138
20 802 569 1138
630 1564 860 1720
630 1568 794 1720
1064 1601 1507 1921
131 393 425 532
704 1187 1286 1536
704 1187 1286 1511
704 1187 1286 1466
372 1449 536 1544
176 929 335 1126
135 1110 331 1228
1376 1638 1511 1888
176 1187 401 1466
176 1187 401 1445
192 1187 401 1445
1245 962 1474 1433
0 0 696 675
630 1597 753 1720
180 167 319 278
1257 962 1474 1433
1077 270 1490 712
1064 1601 1425 1839
73 802 569 1138
413 1822 593 1994
892 86 1536 1421
1298 663 1503 856
704 1187 1286 1429
0 1458 774 2048
438 282 753 1003
552 282 753 786
0 491 512 880
90 565 233 675
1400 0 1536 389
1400 0 1536 225
1445 200 1536 389
1077 270 1437 712
458 0 1417 790
1077 299 1372 712
1077 299 1306 712
1077 348 1257 712
1077 462 1224 712
704 1187 1286 1396
712 0 1417 532
86 1548 528 1687
86 1548 483 1687
147 327 319 462
995 1851 1536 2048
1093 1601 1425 1839
1077 0 1417 270
712 0 1200 532
712 102 1200 532
0 364 622 675
0 491 434 880
1298 679 1503 856
557 397 1396 1343
827 397 1089 827
827 397 1089 757
827 454 1089 757
1257 962 1433 1433
1294 1196 1433 1433
1400 0 1536 192
0 0 638 483
0 0 638 454
241 241 438 454
888 1187 1286 1396
0 1589 512 2048
368 1589 512 1757
401 1589 512 1724
0 876 774 1589
151 1085 774 1589
315 1126 487 1384
643 688 909 937
471 1458 774 1941
471 1458 774 1830
1298 720 1503 856
0 0 638 397
0 0 557 397
1032 1703 1277 2015
1032 1703 1269 2015
557 823 1396 1343
962 851 1331 1163
557 823 966 1110
1400 36 1515 192
0 1609 499 2048
0 1478 237 1769
557 823 933 1110
557 856 933 1110
557 856 933 1085
438 454 622 581
0 0 393 397
1224 1851 1536 2048
438 475 651 1003
1376 1638 1486 1863
0 491 425 880
1032 1867 1212 2015
499 1806 761 1941
569 978 1396 1343
569 1085 974 1343
569 1085 933 1253
569 1085 823 1253
643 688 815 937
315 1253 479 1384
0 876 450 1343
0 876 249 1343
1069 1343 1536 1765
962 991 1331 1163
0 364 512 675
0 0 335 397
536 1269 774 1458
1101 1343 1536 1765
1150 1503 1363 1667
1150 1503 1294 1667
0 876 200 1343
0 962 200 1343
1130 0 1417 180
1130 0 1355 180
1388 1220 1515 1347
1081 1703 1269 1941
815 978 1396 1277
815 978 1327 1273
1118 471 1536 1421
1118 471 1355 1060
483 1458 774 1777
483 1458 749 1777
483 1507 688 1777
483 1540 688 1777
892 86 1536 1011
1056 86 1536 450
483 1634 688 1777
458 0 1056 790
458 0 1056 237
458 0 786 237
552 1318 1167 2048
675 1318 1040 1556
675 1343 847 1556
36 491 425 880
36 491 212 851
892 339 1265 1011
815 978 1044 1220
1228 479 1536 1421
1310 528 1536 1421
1368 528 1536 921
1228 479 1413 688
0 0 335 290
1290 1630 1425 1839
0 1044 200 1343
0 1044 200 1314
479 0 581 114
827 1318 1040 1515
1310 786 1536 1421
1310 786 1536 1273
1310 786 1503 1089
1310 917 1503 1089
552 1372 1167 2048
696 1372 1167 1961
155 503 512 675
331 1798 491 2002
663 163 987 790
1445 200 1536 331
487 475 651 1003
487 610 651 1003
684 163 987 389
1417 1011 1536 1273
663 258 937 790
552 1765 1032 2048
696 1372 1167 1949
696 1372 1167 1839
946 339 1187 753
1024 647 1179 753
757 0 1056 176
1417 1413 1536 1671
0 106 180 290
1093 1601 1347 1703
995 1929 1216 2048
73 802 307 999
696 1372 1167 1720
696 1372 1064 1720
1163 0 1355 180
757 0 1019 176
1081 1728 1269 1941
663 258 847 790
663 323 847 790
0 1732 499 2048
413 1085 774 1503
413 1085 696 1503
413 1097 696 1503
413 1331 593 1503
73 802 290 999
774 0 1019 176
995 1490 1167 1662
983 0 1134 294
774 36 999 176
217 57 557 315
241 1609 397 1875
892 671 1265 1011
892 671 1241 1011
892 671 1155 1011
905 696 1155 1011
532 0 786 217
1003 851 1241 1015
32 1826 499 2048
32 1826 434 2048
217 57 516 245
946 737 1155 1011
946 786 1118 1011
950 786 1118 1011
524 475 651 802
1290 86 1536 450
737 1724 921 1961
1347 786 1490 933
860 1372 1064 1708
303 905 569 1138
532 0 786 184
1306 1851 1466 2023
1208 471 1355 987
860 1417 1064 1708
946 339 1187 659
860 1417 1064 1617
868 1589 1081 1839
487 610 622 1003
946 409 1167 659
991 409 1167 659
0 0 335 217
991 409 1163 614
843 163 987 380
532 45 704 184
696 1585 946 1720
0 0 270 135
1216 1396 1449 1736
1089 176 1200 323
1003 1110 1327 1273
118 200 204 360
163 0 339 172
212 950 368 1105
1028 1921 1183 2048
630 1028 917 1204
655 1028 917 1204
761 856 888 962
