0 0 3024 4032
782 0 1088 435
1661 1564 2354 2161
1733 3241 2346 3773
0 153 290 564
669 1636 1330 2007
798 1669 1330 2007
774 1540 2411 2701
790 1540 2411 2701
0 177 290 564
975 1540 2411 2701
766 556 1088 983
572 0 959 354
1903 1878 2282 2161
153 0 620 266
975 1790 2411 2701
975 1798 2411 2701
370 1370 685 1588
1701 0 2338 637
1701 0 2249 637
137 2572 524 3604
153 2572 524 3604
717 2120 2725 3894
1419 596 1895 1217
717 2120 2370 3894
2314 2370 2620 2701
693 0 1330 564
927 0 1330 564
991 0 1330 475
1225 0 1709 645
1830 0 2249 637
2362 2806 3024 3757
2459 3419 2701 3757
2362 2806 3024 3588
1451 596 1895 1112
991 0 1217 314
975 1814 2411 2701
1878 2088 2411 2701
0 2161 3024 4032
0 0 3024 3064
983 983 2886 1806
1443 983 2886 1782
1870 1048 2886 1620
669 1636 967 1822
0 290 919 1653
0 290 919 1612
0 645 919 1612
1886 2112 2411 2701
693 298 1032 508
129 1709 870 2620
314 1943 870 2620
540 1943 870 2620
129 1709 612 2080
153 0 483 193
153 0 370 193
2112 2515 2725 3225
1225 0 1709 419
1225 0 1709 403
564 1314 911 1653
1443 983 2209 1782
1443 983 2072 1782
1443 983 1951 1782
1443 983 1951 1669
370 290 774 709
370 290 774 661
370 362 774 661
419 362 774 661
1701 0 1967 290
983 1282 1685 1806
1064 1282 1685 1806
588 1943 870 2620
508 2919 693 3193
959 322 1378 975
959 322 1338 975
1145 1282 1685 1806
1145 1298 1685 1806
2532 3362 3024 4032
1806 0 1967 290
1225 0 1507 403
1669 0 3024 2556
2257 1822 3024 2556
0 0 1878 3064
0 1983 290 2265
1669 0 3024 2161
419 362 604 661
975 1814 1927 2669
1257 1814 1927 2669
1459 1814 1927 2669
1225 0 1491 249
0 2435 3024 4032
0 3032 741 4032
0 3032 411 4032
0 3032 395 4032
0 3032 370 4032
0 3032 241 4032
588 1943 870 2499
1983 3056 2153 3314
717 2120 1338 2806
0 645 919 1524
209 645 919 1524
338 645 919 1524
2532 3362 2806 3669
758 2427 2370 3894
758 2524 2370 3894
2064 3040 2370 3612
395 3725 741 4032
2395 0 2830 403
2201 1008 2669 1314
2257 1008 2669 1306
322 2435 3024 4032
322 2709 1306 3983
322 2709 1306 3951
322 2749 991 3951
443 2749 991 3951
1669 0 3024 2007
2249 1120 3024 2007
1088 2435 3024 4032
1266 2967 1483 3370
1266 2967 1459 3290
975 1830 1362 2354
0 290 1878 3064
1024 290 1878 1169
1024 290 1878 1112
1145 290 1878 991
1233 290 1878 991
1233 290 1588 991
1233 540 1588 991
153 2604 524 3604
153 3064 524 3604
1669 0 3024 1346
1669 0 3024 1338
1516 346 1878 806
1516 346 1814 806
2459 354 2725 685
645 3523 1282 3983
0 0 1056 1225
0 0 951 887
0 0 749 887
0 0 588 887
1032 322 1338 701
0 862 1516 3064
217 935 1516 2007
346 935 1516 2007
346 1435 1185 2007
346 1467 959 2007
346 1467 895 2007
645 491 1056 1225
645 491 1056 983
1741 3669 2040 3983
387 1128 919 1524
0 862 903 3064
0 862 661 3064
0 1701 661 3064
0 1701 661 3032
0 2572 241 3032
758 2524 2217 3894
846 935 1516 1580
846 935 1370 1580
0 1701 661 2653
0 1701 661 2483
0 1701 516 2362
1233 540 1483 991
2636 3459 3024 4032
846 1153 1370 1580
0 0 540 887
80 129 540 887
80 129 451 887
80 370 451 887
1088 3540 2233 4032
0 1701 354 2169
1088 3540 1846 4032
2136 0 2483 258
0 3628 241 4032
0 3628 209 4032
1306 290 1507 693
0 3032 217 3749
846 1193 1362 1580
846 1193 1128 1580
2161 0 3024 1177
1669 491 2451 1338
854 2709 1306 3112
2185 0 3024 1177
717 2169 1330 2806
370 2346 903 3040
2185 193 3024 1177
2346 548 3024 1177
967 2709 1306 3112
2612 0 3024 1008
2612 201 3024 1008
2249 1145 3024 2007
2048 2435 3024 4032
0 862 298 1798
2249 1145 3024 1927
2249 1419 3024 1927
0 1701 241 2064
0 1798 241 2064
2249 1443 3024 1927
2048 2822 2693 4032
346 1483 887 2007
1354 3177 1878 3669
2556 0 2814 217
2604 2435 3024 3120
846 935 1338 1451
846 935 1193 1451
346 1556 887 2007
2249 1443 2806 1911
758 2524 1935 3894
1193 2524 1935 3072
443 3225 991 3951
2048 3282 2669 4032
2048 3282 2532 4032
2346 709 3024 1177
2153 3282 2532 3959
2564 1483 2806 1911
1669 491 2451 1298
2548 709 3024 1177
758 2999 1475 3894
56 3846 241 4032
1088 3838 1419 4032
395 3814 741 4032
209 3806 403 3999
1362 3782 1532 3959
2475 3765 2870 4032
709 3757 1137 4032
556 3733 878 3943
2048 3717 2354 4032
1741 3709 2040 3983
1008 3709 1282 3983
2330 3661 2669 4032
1596 3652 2233 4032
0 3628 209 3854
2507 3596 2701 3757
1782 3564 2072 3773
217 3556 395 3894
741 3548 935 3717
1354 3540 1846 4032
645 3523 1104 3878
2532 3459 2693 3669
2241 3435 2532 3959
1282 3419 1604 3604
153 3403 370 3773
1419 3386 1878 3669
2644 3362 2806 3652
443 3338 991 3951
0 3338 217 3749
338 3306 701 3862
2153 3282 2419 3644
153 3257 524 3604
1733 3241 2346 3765
532 3225 814 3386
2072 3217 2370 3612
1354 3177 1830 3491
322 3144 516 3362
975 3064 1475 3894
1628 3056 2048 3435
2064 3040 2314 3338
0 3032 201 3483
758 2999 1128 3491
346 2991 548 3177
2362 2975 3024 3588
1266 2967 1459 3193
1387 2943 1806 3249
508 2919 693 3185
2346 2894 2532 3169
2709 2846 2919 3104
2298 2822 2693 3330
338 2806 508 2983
2475 2749 2636 2911
580 2749 975 3282
854 2741 1104 3032
967 2733 1249 3112
1128 2709 1306 2919
0 2709 185 3032
1717 2661 2217 3153
64 2644 241 3064
201 2604 516 3153
1193 2596 1741 3072
2604 2588 2886 3120
258 2572 443 2798
0 2572 241 2733
1580 2524 1935 2911
403 2443 903 3040
2717 2435 3024 2927
1225 2427 1741 2838
2636 2378 2814 2556
2386 2370 2620 2596
1282 2362 1491 2564
1024 2362 1330 2790
370 2346 725 2774
1338 2314 1548 2475
1040 2306 1217 2604
1886 2298 2145 2693
612 2290 790 2499
145 2265 467 2653
0 2265 274 2653
1459 2257 1927 2669
1983 2241 2161 2540
2411 2217 2620 2532
1806 2193 1983 2395
395 2193 661 2483
717 2169 1177 2806
2830 2161 3024 2604
104 2128 516 2362
1104 2120 1338 2370
1999 2112 2411 2701
1878 2088 2080 2499
443 2088 661 2274
2564 1983 3024 2556
790 1983 1201 2386
314 1983 612 2169
0 1983 290 2185
2016 1967 2282 2161
1919 1967 2193 2153
588 1943 870 2346
2201 1927 2435 2161
1257 1927 1588 2362
1903 1919 2233 2120
266 1911 459 2080
56 1903 241 2064
1403 1862 1661 2193
2741 1838 2927 2048
975 1830 1346 2217
2257 1822 2782 2443
2822 1814 3024 1983
1491 1814 1927 2370
0 1798 233 1975
1346 1790 1693 2007
1120 1790 1443 1959
943 1757 1112 1951
1048 1733 1241 1943
2572 1709 2798 1911
129 1709 612 1967
0 1701 185 1862
798 1669 1040 2007
741 1636 967 1822
508 1636 887 2007
2765 1612 3024 1927
1661 1564 2354 1943
346 1556 596 1806
451 1548 677 1717
1596 1540 1951 1862
217 1491 467 1814
2564 1483 2806 1790
612 1483 838 1725
2040 1451 2209 1701
2249 1443 2628 1886
806 1435 1185 1677
2741 1419 3024 1774
1774 1419 2072 1596
1145 1411 1596 1806
564 1411 774 1653
459 1370 685 1588
1266 1298 1685 1620
2661 1282 2822 1540
1104 1282 1362 1467
846 1193 1024 1499
2040 1177 2233 1338
1209 1153 1370 1322
508 1153 919 1524
2677 1145 2878 1467
1104 1145 1338 1354
169 1137 419 1612
387 1128 596 1443
2798 1120 3024 1499
1628 1080 1951 1669
1548 1072 1830 1249
1870 1048 2886 1588
2459 1016 2669 1177
2257 1008 2491 1306
1169 991 1354 1169
911 991 1193 1451
1443 983 1677 1387
0 967 298 1798
1257 935 1516 1378
1024 935 1290 1112
209 927 443 1217
1451 903 1838 1112
701 895 999 1225
1233 774 1475 991
645 749 822 983
1669 741 2016 1112
0 741 338 1048
2346 725 2612 1080
2548 709 2967 1153
1395 685 1588 919
338 645 814 1266
766 612 1088 983
1540 596 1895 951
153 588 451 887
959 564 1249 975
2435 548 2677 790
1290 540 1483 838
338 540 540 733
1145 524 1346 717
1516 516 1709 798
0 508 177 782
1919 491 2451 1298
677 491 1056 903
548 467 733 661
2548 451 2725 685
1032 451 1209 701
1717 443 1878 741
1435 403 1709 645
524 403 774 620
701 395 951 596
0 395 241 564
80 370 379 717
2814 362 3024 1008
1564 346 1814 806
798 338 1032 508
1096 322 1338 532
2161 306 2330 548
927 306 1177 564
1306 290 1507 556
1741 274 2120 572
862 258 1088 435
2612 201 2927 854
2185 193 2733 766
491 193 749 459
1467 177 1709 395
330 177 588 411
0 177 290 475
120 129 427 516
1290 120 1507 403
991 120 1217 314
2411 104 2620 266
1378 96 1548 282
2136 64 2322 258
2814 0 3024 330
2733 0 2911 177
2395 0 2749 306
2290 0 2483 193
1395 0 1862 419
1225 0 1411 185
1104 0 1330 475
1032 0 1193 225
782 0 1088 379
741 0 959 225
572 0 911 354
330 0 620 266
0 0 193 266
0 0 3024 2346
0 1774 3024 4032
2120 1491 2306 1709
0 1790 3024 4032
1346 1790 1693 2209
2685 1774 3024 1983
88 3644 411 4032
88 3644 403 3999
88 3782 403 3999
846 0 3024 2007
0 0 1709 2346
798 120 1217 508
798 258 1088 508
1806 2193 1983 2499
766 1193 1024 1548
943 1653 1330 1951
1766 1870 1935 2128
0 1895 1282 4032
2282 137 2475 322
975 1653 1330 1943
209 1895 459 2169
0 1983 1282 4032
669 1467 967 1822
669 1532 967 1822
741 1532 967 1822
338 459 604 733
338 459 540 733
1814 1088 2007 1491
967 1790 3024 4032
975 1790 2620 2919
975 1790 2620 2838
604 2290 790 2620
1451 0 1967 806
1064 1080 1370 1564
2040 1177 2233 1443
2282 2894 2532 3169
64 2644 346 3330
1451 64 1967 806
1451 346 1878 806
1451 346 1814 806
967 1822 3024 4032
2007 1822 3024 4032
419 0 1709 661
419 362 733 661
1137 459 1483 870
1137 524 1483 870
1145 524 1483 838
0 0 1306 2346
967 2524 2419 4032
233 0 483 193
1104 1145 1370 1564
491 0 1709 596
1104 1153 1370 1564
2653 628 2927 951
2653 774 2927 951
1451 516 1709 798
0 0 290 564
1846 2088 2161 2669
0 1314 911 2169
1104 1282 1362 1564
846 935 3024 2007
975 1653 1330 1822
0 1491 669 2169
0 1701 669 2169
0 1701 669 2064
491 0 1636 596
1080 2959 1257 3257
975 1814 2620 2838
701 0 1636 596
1104 0 1636 556
2709 2806 3024 3104
701 306 1177 596
1290 40 1636 556
1290 120 1636 556
1846 2088 2080 2669
975 1830 1661 2362
1257 1862 1661 2362
1120 1790 1588 1959
1024 1814 2620 2838
153 3403 395 3894
459 1314 911 1653
346 991 1306 2346
959 0 3024 1499
1088 3677 1451 4032
2177 1830 2693 2007
1024 1814 2435 2838
2136 0 2814 306
846 935 3024 1943
846 935 1516 1435
2290 0 2814 306
2290 0 2749 306
1104 0 1411 475
64 2644 290 3282
346 1435 1306 2346
2290 0 2620 266
0 3798 241 4032
1145 983 3024 1943
1774 1419 2209 1701
1024 935 1516 1435
443 1435 1306 2346
0 1983 725 3862
2112 1822 3024 4032
2459 3362 2806 3669
443 1435 1217 2346
0 0 1193 1798
0 0 1193 887
1290 120 1507 556
346 2919 693 3346
467 2919 693 3346
0 0 1193 782
2741 1838 3024 2112
1040 2120 1338 2604
588 1435 1217 2346
798 1435 1217 2007
806 1435 1217 1717
1282 3362 1612 3604
330 0 1193 411
2007 3040 2314 3338
911 991 1193 1580
1024 935 1516 1378
0 129 427 782
1378 96 1709 395
0 403 1088 1798
701 612 1088 1225
959 0 2249 1112
1741 0 2249 749
1225 1814 2435 2838
1225 2257 1927 2838
0 3032 217 3854
0 3338 217 3854
1741 0 2249 637
0 403 1056 1798
0 1983 725 3362
0 1983 725 3153
0 1983 516 2653
0 2128 516 2653
1919 0 3024 1499
2257 451 2725 1306
2257 548 2677 1306
129 1709 669 1999
2564 1282 3024 1927
2572 1612 3024 1927
1491 1814 2435 2701
1886 1927 2435 2701
959 0 2016 1112
330 0 1193 379
330 0 1088 379
330 0 959 354
2564 1282 3024 1790
0 2265 725 3153
0 2265 467 3032
967 2524 2217 3435
395 1983 1282 4032
395 3338 1282 4032
508 1483 887 2007
959 564 1475 991
1330 0 2016 1112
1330 451 2016 1112
1225 2362 1741 2838
1395 596 2016 1112
2257 725 2669 1306
2701 0 3024 1177
0 2265 467 2733
975 2943 2419 4032
1354 3540 2072 4032
2564 1419 3024 1790
1145 983 2886 1943
1145 983 1983 1862
1443 983 1983 1669
80 129 427 717
2346 725 2669 1177
524 403 1056 903
153 3257 701 3862
1693 3564 2072 3773
2241 2822 3024 4032
967 2524 2217 3153
1540 596 2016 1112
2814 0 3024 1177
2814 298 3024 1177
2814 298 3024 1008
0 645 919 1798
201 2346 725 3153
443 3338 1282 4032
0 927 443 1798
1548 1024 1983 1669
1395 0 1862 645
1919 193 3024 1499
1548 1024 1983 1249
2112 1822 3024 3225
2548 709 3024 1499
2241 2975 3024 4032
1661 1048 2886 1943
403 1983 1201 3491
403 2443 975 3282
645 3523 1282 4032
1919 193 2927 1298
645 3523 1137 4032
1661 1443 2628 1943
2112 2435 3024 3225
1145 1298 1951 1862
717 1983 1201 3491
758 2741 1128 3491
1193 2524 2217 3153
1419 3217 2419 4032
2185 193 2927 854
1596 3217 2419 4032
2072 3217 2419 3644
2330 2975 3024 4032
717 1983 1201 2806
1145 1411 1951 1862
2411 1983 3024 2556
1596 3241 2346 4032
2330 3459 3024 4032
2330 3661 2870 4032
0 967 419 1798
975 2943 1830 3894
338 645 814 1443
1354 2943 1830 3491
895 0 1201 354
2040 3798 2354 4032
193 1943 1491 3459
193 1975 1491 3459
1266 895 1838 1620
1266 895 1838 1451
943 1693 2411 2693
943 1693 1249 1983
983 1733 2411 2693
491 2443 725 2677
395 1806 3024 4032
1491 0 2967 1878
2201 999 2419 1395
1064 1814 2411 2693
2201 1112 2419 1395
0 2894 572 4032
0 0 967 645
1669 612 2064 1346
1669 717 2016 1346
2306 645 2612 1080
1056 0 3024 2024
0 0 1967 3064
0 645 919 1806
0 2894 362 4032
2709 2846 2911 3241
1016 3685 1532 4032
1016 3685 1459 4032
1016 3822 1459 4032
104 1056 564 1314
193 338 435 645
1878 2112 2411 2693
258 177 749 395
774 0 1967 999
774 346 1483 999
999 0 1967 951
1048 0 1967 951
1048 0 1862 951
1048 48 1862 951
1266 241 1862 951
1330 241 1862 951
1330 435 1717 951
1177 0 1854 564
330 177 749 395
0 0 967 540
1177 0 1645 564
1169 1806 3024 4032
1790 1024 2007 1346
1983 0 3024 2024
2282 0 3024 2024
2733 0 3024 1177
1056 1491 2532 1959
0 290 1491 3064
0 290 1072 1193
0 290 1032 903
0 290 1032 790
0 935 1491 3064
0 975 1362 3064
0 1387 790 3064
0 290 782 790
2282 1120 3024 2024
2564 1120 3024 1991
0 2314 338 3064
0 1387 790 2757
395 2733 2112 4032
0 1387 790 2475
0 1387 790 2451
0 3386 362 4032
2564 1120 3024 1919
0 354 620 790
0 1645 620 2451
0 3386 362 3854
0 362 620 790
2733 0 3024 951
669 975 1362 2016
975 3201 2112 4032
1096 3822 1459 4032
2048 3814 2354 4032
0 3798 233 4032
725 3757 1032 4032
741 3532 959 3725
1653 3507 1862 3733
2459 3459 2701 3701
1395 3386 2112 4032
0 3386 362 3773
2733 3362 2911 3532
870 3354 1088 3523
975 3201 1491 3902
991 3120 1169 3282
1628 3088 1991 3435
161 3056 572 4032
104 2975 274 3330
0 2894 193 3483
2709 2846 2911 3112
395 2733 1306 4032
0 2588 266 3064
1169 2483 3024 4032
491 2451 701 2677
1451 2435 1895 2661
153 2427 548 2757
1556 2330 1911 2644
1338 2314 1564 2483
0 2314 338 2669
1878 2225 2128 2693
193 2201 395 2395
1056 2193 1282 2427
411 2193 661 2475
193 2169 1491 3459
540 2161 766 2475
1975 2112 2411 2693
1145 2112 1346 2370
1903 2088 2088 2274
637 1975 1201 2386
1854 1895 2298 2169
1806 1895 2193 2153
1919 1862 2274 2112
346 1830 556 2064
1064 1814 1983 2564
2201 1806 3024 2999
2282 1806 2701 2024
1145 1806 1435 1983
2685 1790 3024 1991
1354 1790 1685 1959
983 1733 1241 2016
0 1709 620 2451
983 1693 1249 1911
0 1645 177 2032
669 1572 1040 2016
1056 1507 1596 1806
1596 1491 2532 1959
588 1483 838 1733
2564 1435 3024 1919
2024 1435 2306 1782
1774 1419 2032 1596
1249 1411 1661 1782
1338 1395 1524 1620
217 1387 790 2274
2040 1217 2233 1443
846 1193 1024 1507
2233 1145 2419 1395
508 1128 919 1524
104 1128 379 1314
2798 1120 3024 1516
314 1056 564 1249
2661 1048 2886 1540
2225 999 2403 1185
766 975 1362 1806
1104 935 1491 1314
749 854 1072 1193
249 774 451 943
2354 733 2612 1080
1669 717 2016 1112
0 645 854 1806
1903 612 2064 814
677 596 870 903
0 564 346 790
596 532 822 717
443 508 677 709
1330 499 1604 951
1185 459 1346 717
1032 451 1201 637
1524 435 1717 814
1443 395 1709 620
193 370 379 645
1572 362 1967 943
314 362 620 749
1266 306 1443 693
2782 298 3024 951
693 298 1032 596
580 290 782 620
854 258 1080 435
1620 241 1862 604
491 193 749 370
1459 177 1701 395
330 177 580 395
0 129 395 540
1274 64 1645 564
1048 48 1314 395
2733 0 3024 330
2661 0 2830 298
1983 0 2749 306
1766 0 1967 290
1395 0 1854 403
1177 0 1556 169
919 0 1201 241
241 0 967 362
0 0 306 209
1145 1975 1403 2370
0 0 3024 2483
0 1798 3024 4032
854 209 1112 435
1241 1975 1403 2346
0 0 1443 2483
943 1693 1435 2016
943 1693 1249 2016
0 0 1201 2483
1782 2225 1951 2669
999 48 1443 693
0 2169 1620 4032
0 0 1201 2475
1306 2314 1564 2483
1048 48 1443 693
1064 1798 3024 4032
306 0 3024 2016
1096 2483 3024 4032
0 0 1201 2451
0 2169 1491 4032
306 0 2532 2016
1491 0 3024 1919
564 975 2532 2016
0 3798 290 4032
1064 1798 3024 3112
2225 999 2419 1395
306 0 2064 1451
306 177 822 717
306 177 782 620
330 177 782 620
499 274 782 620
749 0 2064 1451
1524 241 1862 814
669 975 2532 2016
1064 1798 2411 2693
0 2193 701 4032
774 0 2064 1451
193 2169 1491 4032
564 1411 838 1733
1919 1806 3024 3112
0 2314 701 4032
1983 0 3024 1919
1983 0 2830 306
2564 0 3024 1919
1096 3088 2354 4032
1572 362 2064 943
774 0 2016 1451
0 2427 701 4032
1096 3685 1459 4032
0 0 1201 790
2201 1806 3024 3112
1395 3088 2354 4032
104 2975 572 4032
0 1645 233 2032
0 2427 701 3854
0 0 1201 749
193 362 620 749
0 645 1201 2451
0 0 1201 596
0 0 1201 540
0 2427 701 3064
0 2894 362 3854
1056 1435 2532 1959
0 2427 548 3064
774 0 1854 999
1266 717 2016 1451
774 64 1709 999
1596 1435 2532 1959
669 975 1661 2016
766 975 1661 1806
0 1387 1201 2451
774 64 1645 999
1274 64 1645 951
1395 3088 2112 4032
2564 298 3024 1919
2782 298 3024 1177
395 2733 1491 4032
241 0 1201 362
1016 0 1540 604
0 2120 427 2403
137 2136 427 2403
1999 1967 2475 2145
0 1354 443 1862
2798 1314 3024 1516
96 2814 516 4032
2507 2298 2757 2644
1532 0 2330 693
1548 0 2330 693
548 1935 975 2338
0 1096 346 1314
0 1354 443 1757
0 1467 387 1757
564 1306 959 1564
2193 677 2443 895
2709 3080 2991 3241
96 2951 516 4032
120 1774 524 2072
790 330 1330 798
314 2443 677 2782
2120 2572 2491 2951
1548 0 2201 604
2854 362 3024 903
2854 362 3024 758
1137 1733 1854 2443
548 1943 975 2338
2515 2814 2749 3120
40 653 766 991
1137 1733 1604 2362
330 0 3024 4032
338 3136 814 3862
467 3136 814 3548
1701 0 2201 604
129 2951 516 4032
129 2951 516 3870
2153 927 2886 1362
2153 927 2491 1314
2128 274 2330 693
2757 766 2927 1072
2475 185 2709 508
1878 3652 2411 4032
1919 3652 2411 3935
0 0 2475 4032
975 1411 2475 2838
975 1411 1451 2007
975 1653 1338 2007
161 2951 516 3628
1903 798 2128 1201
0 0 1967 4032
1346 0 1701 403
1040 1685 2475 2838
266 0 1201 596
266 0 1145 596
266 137 588 475
2153 0 2499 241
1040 1798 1362 2354
1628 1080 2112 1556
2169 0 2499 241
2515 2814 2709 3040
1080 3757 1459 4032
2749 3467 3024 3749
790 330 1330 717
0 0 1967 2548
0 1717 822 2524
0 1717 580 2330
0 1854 580 2330
1282 1685 2475 2838
1298 1685 2475 2838
1628 1080 2112 1491
1653 1080 2112 1491
1653 1185 2112 1491
282 0 1145 596
580 0 1145 596
580 104 1048 596
887 2007 1257 2548
0 2120 645 4032
