0 0 3024 4032
1120 0 3024 3346
1120 0 3024 2749
1685 2757 2048 3080
1306 0 3024 2749
1120 0 2677 2499
1524 1008 1725 1169
2419 548 2677 870
2330 1241 2765 1483
1362 1854 1741 2241
951 2983 1128 3209
1677 1080 2677 2499
1209 2709 1435 3144
548 3411 717 3604
314 2411 798 3007
540 782 2064 2580
1120 0 1927 1233
1120 0 1927 1080
540 1112 2064 2580
1766 3669 2241 4032
1822 3669 2241 4032
1822 3725 2136 4032
1822 3798 2048 4032
362 3112 564 3483
1491 2120 3024 3830
1120 1112 1830 1645
2330 2306 2830 2991
1741 3104 1975 3265
540 1266 2064 2580
540 1459 2064 2580
524 3273 1467 4032
653 3273 1467 3951
2330 2306 2814 2991
0 0 935 951
0 0 516 669
0 3120 370 4032
1209 2749 1435 3144
370 1443 749 1733
540 1499 2064 2580
774 3273 1467 3951
774 3306 1467 3951
1943 3233 2177 3596
1516 2774 1766 3032
1499 1685 1822 1903
1491 2177 3024 3830
2403 3491 2661 3741
314 2411 725 3007
0 0 1677 3169
0 0 1677 3072
0 0 1677 3056
314 2548 725 3007
2669 2685 3024 3346
774 3306 1395 3951
1008 3564 1266 3951
1951 2290 2274 2507
2193 935 2451 1290
2419 2306 2814 2911
0 3120 354 4032
0 3120 282 3741
0 3386 201 3741
274 0 935 951
774 3306 1395 3806
903 3306 1395 3636
524 2661 798 2903
943 3306 1395 3636
653 3604 911 3951
653 3604 830 3927
2427 3757 2701 4032
2491 774 2806 1249
943 3306 1395 3556
943 3386 1193 3556
774 1266 1177 1725
2330 2443 2741 2991
314 2685 645 3007
0 3120 282 3491
362 3112 564 3459
1306 1120 1830 1645
1120 0 1427 548
370 1507 701 1733
2193 935 2451 1241
1516 1145 1886 1524
1040 782 1387 1145
0 3644 354 4032
0 0 516 628
0 564 282 878
1104 1685 2064 2580
1548 2177 2064 2580
0 1354 3024 4032
0 2306 3024 4032
1419 3080 3024 4032
540 1499 1322 2427
540 1701 1257 2427
0 2306 1749 4032
2451 2524 2741 2991
951 1040 1137 1249
1362 2661 1556 3056
1104 1685 1935 2314
1104 1733 1935 2314
1104 1733 1717 2314
2241 3185 2443 3507
1225 1354 2338 2677
540 1757 1257 2427
1306 1290 1830 1645
1306 1290 1685 1645
1128 2306 1661 2628
0 2419 1749 4032
0 2419 379 2967
338 0 935 951
1524 3080 3024 4032
48 572 524 919
1524 3080 2951 4032
1524 3080 2757 4032
2419 2661 2717 3056
0 2556 1749 4032
1491 2451 3024 3830
1491 2451 2919 3628
2314 3040 2919 3628
2580 3757 3024 4032
1362 1290 1685 1580
564 0 1677 1419
1298 2362 1661 2628
0 741 1266 3056
0 2733 1749 4032
580 0 1677 1419
1153 2556 1661 2886
1201 3822 1548 4032
1225 1354 2338 2241
1257 1483 2338 2241
1257 1499 1677 1806
758 3475 1233 4032
1491 2451 2661 3362
1491 2451 2661 3265
717 1645 999 2007
1620 2153 2185 2677
903 2588 1193 2935
1524 3080 2596 4032
1524 3080 2588 4032
491 2983 903 3338
338 0 935 854
209 1024 580 1225
1636 1483 2338 2241
677 1257 1048 1645
1491 2451 2564 3265
1524 3080 2467 4032
1532 3080 1903 3459
1854 1588 2338 2241
685 1257 1048 1556
1040 782 1346 1008
1080 2370 1346 2661
1572 2451 2564 3265
1580 2451 2459 2846
1524 3153 2467 4032
0 2774 1040 4032
145 3048 1040 4032
2717 3032 3024 3830
338 0 790 854
338 0 790 677
0 2774 499 3515
0 2774 459 3515
145 3048 1040 3911
991 2733 1749 3951
1080 2733 1749 3951
1137 2967 1749 3951
209 3048 1040 3911
878 3475 1233 3902
209 3024 459 3515
0 741 1266 2798
395 2088 1266 2798
395 2112 1266 2798
338 0 790 620
338 80 790 620
395 2233 1266 2798
580 2233 1266 2798
540 1757 1257 2354
669 1757 1257 2354
580 0 1564 1233
1636 1483 1967 1935
0 741 927 2548
1572 2596 2564 3265
491 2661 943 3056
580 0 1564 1145
580 0 1507 1145
1193 532 1507 1145
1217 2967 1749 3951
1217 2967 1749 3790
1217 2967 1749 3693
0 0 395 628
1524 3153 2451 4032
580 0 1387 758
637 0 1387 758
2048 2596 2564 3169
2048 2596 2475 3072
0 2233 669 2548
129 2233 669 2540
677 0 1387 758
814 0 1387 758
153 56 516 387
0 741 927 2403
1572 2894 2225 3265
1564 3080 1903 3459
0 0 298 628
1080 2733 1338 3282
1080 2733 1330 3128
209 3241 991 3911
564 3241 991 3749
0 814 701 2403
395 1822 798 2104
669 1757 1257 2290
209 3644 701 3911
1620 2411 2185 2677
0 814 701 1645
0 814 661 1604
0 814 612 1604
0 846 419 1604
1217 3314 1749 3693
0 0 298 483
338 80 790 588
685 3241 991 3628
887 1757 1257 2290
0 1419 588 2403
1524 3153 2217 4032
830 685 1330 1233
1322 2967 1620 3435
193 1419 588 2403
628 2233 1266 2798
814 193 1387 758
1524 3556 2217 4032
193 1419 588 2064
2580 3862 2894 4032
2007 3830 2314 4032
258 3830 499 4032
1201 3822 1491 4032
758 3822 1048 4032
1524 3814 1935 4032
1822 3798 2048 3959
459 3798 733 4032
693 3765 911 3951
2854 3757 3024 4032
2427 3757 2620 4032
0 3749 354 4032
2693 3717 2894 3927
2572 3709 2757 3894
1306 3693 1645 3951
1008 3677 1233 3951
1991 3669 2241 3943
0 3661 161 3967
346 3644 701 3911
209 3644 379 3878
1193 3636 1403 3927
878 3636 1153 3902
1306 3604 1604 3790
2733 3588 2951 3798
2346 3588 2596 3967
2145 3588 2451 3927
1524 3556 2217 3951
1766 3556 1959 3757
564 3532 741 3749
443 3532 612 3741
0 3532 201 3741
145 3515 314 3733
774 3507 1016 3806
1217 3499 1387 3693
701 3483 887 3652
999 3475 1233 3644
2620 3467 2846 3677
2314 3451 2588 3628
2007 3411 2177 3596
16 3411 370 3612
943 3386 1112 3556
2774 3370 3024 3830
209 3354 427 3515
814 3346 991 3532
1370 3314 1749 3628
1193 3306 1395 3491
2241 3298 2588 3515
2241 3298 2443 3507
306 3265 790 3725
362 3257 564 3459
685 3241 935 3628
1943 3233 2177 3451
2048 3225 2354 3644
1612 3209 1838 3459
1137 3209 1346 3386
1645 3153 2096 3669
991 3144 1233 3459
1322 3136 1572 3435
2354 3120 2661 3403
0 3120 233 3451
1532 3088 1701 3249
1564 3080 1903 3346
1096 3056 1338 3282
774 3048 1040 3362
2475 3040 2919 3532
2717 3032 3024 3532
491 3024 903 3338
209 3024 459 3403
2257 3015 2427 3177
677 2983 870 3241
2467 2975 2661 3193
1346 2967 1620 3201
1572 2959 1886 3120
2177 2943 2378 3144
2032 2927 2241 3193
330 2927 499 3169
1080 2911 1330 3128
2669 2903 2991 3169
1878 2894 2225 3265
524 2886 798 3064
1362 2870 1556 3056
2467 2862 2717 3056
2378 2854 2564 3169
1733 2854 2048 3080
2104 2830 2443 3072
838 2806 1201 3169
790 2790 951 3072
491 2790 717 2999
2507 2774 2741 2991
1572 2774 1766 3032
0 2774 459 3217
1895 2757 2080 2959
1685 2757 1951 3015
1112 2733 1298 3015
40 2725 362 2991
903 2709 1104 2935
2765 2685 3024 3346
403 2685 645 2975
1975 2661 2161 2894
653 2661 943 3056
379 2644 580 2838
2540 2604 2814 2911
2048 2596 2475 2935
959 2588 1193 2814
1314 2556 1661 2886
798 2548 1032 2790
508 2548 725 2782
1580 2532 2080 2846
2451 2524 2612 2830
249 2507 508 2798
0 2507 322 2967
1080 2499 1346 2661
2515 2459 2830 2709
2064 2451 2459 2677
1620 2427 1999 2677
96 2419 379 2620
1911 2411 2185 2620
435 2411 669 2612
395 2403 596 2580
580 2370 814 2596
2749 2362 2951 2548
1451 2362 1661 2540
628 2362 983 2798
0 2354 177 2548
1548 2314 1911 2580
2419 2306 2612 2636
1128 2306 1330 2588
1951 2290 2161 2459
1257 2290 1475 2564
129 2257 427 2540
806 2233 1266 2612
362 2233 669 2491
758 2225 991 2427
1959 2209 2233 2395
0 2185 314 2403
2257 2177 2459 2556
1757 2177 2064 2403
1862 2153 2128 2435
2088 2120 2330 2427
628 2112 862 2338
459 2088 653 2378
1290 2080 1798 2386
1774 2048 2048 2274
80 2032 258 2225
540 2024 701 2225
1322 2016 1717 2314
741 2007 991 2257
975 1991 1257 2290
0 1991 217 2217
201 1975 508 2403
1153 1927 1362 2306
1854 1919 2153 2185
16 1895 266 2064
669 1886 991 2177
1411 1878 1741 2241
395 1878 604 2096
620 1838 838 2056
1701 1830 1935 2282
532 1822 798 2104
887 1757 1169 2145
1104 1733 1532 2080
104 1725 346 1927
1016 1701 1257 1983
806 1693 999 2007
1556 1685 1822 1846
483 1669 653 1878
717 1645 927 1838
193 1636 588 2064
1128 1628 1322 1830
1886 1588 2338 2241
564 1588 782 1798
0 1572 274 2007
935 1532 1177 1774
508 1507 701 1669
370 1507 612 1733
0 1507 225 1790
1257 1499 1572 1806
1088 1499 1322 1725
1774 1491 1967 1935
1636 1483 1854 1741
1306 1475 1467 1645
1870 1443 2677 2499
201 1419 467 1822
677 1411 927 1645
774 1403 1112 1725
1362 1395 1685 1580
1782 1378 1991 1669
64 1378 298 1604
1225 1354 1572 1653
411 1322 701 1645
774 1306 1024 1556
1443 1290 1677 1459
1596 1274 1886 1524
983 1266 1177 1459
685 1257 1048 1435
2370 1241 2765 1483
338 1209 661 1403
0 1193 193 1378
1516 1145 1749 1314
725 1145 935 1314
0 1137 419 1604
1120 1112 1451 1540
1766 1104 1951 1419
1677 1080 1991 1556
451 1080 669 1257
951 1072 1128 1249
1403 1032 1677 1419
379 1024 580 1225
209 1024 435 1193
637 999 975 1249
1225 959 1387 1145
2217 951 2451 1241
766 919 967 1128
959 878 1330 1233
0 846 354 1257
1628 838 1862 1233
1491 838 1661 1104
298 814 612 1088
16 814 346 999
1919 798 2080 1145
1040 782 1249 1008
2588 774 2806 1201
1233 758 1507 1145
499 741 927 1169
201 709 524 919
830 685 1177 1048
1120 661 1290 846
48 661 274 919
822 628 1016 878
379 628 653 854
564 620 870 846
1354 580 1564 862
241 572 524 758
0 564 185 878
1193 532 1443 798
580 483 975 725
379 467 588 677
120 427 443 628
637 354 1072 628
508 330 725 620
2249 322 2459 499
1395 314 1927 1080
0 306 249 628
991 274 1387 758
169 274 395 499
2677 209 2903 548
298 201 475 387
814 193 999 475
548 153 870 346
338 120 637 588
677 80 951 258
475 80 790 322
153 56 516 370
0 48 177 483
1169 0 1362 274
1120 0 1346 346
862 0 1185 346
88 0 298 298
0 0 1991 4032
701 0 3024 4032
701 1120 3024 4032
701 1354 3024 4032
758 1354 3024 4032
1306 0 3024 3346
1548 1056 3024 3346
1677 1080 3024 3346
1274 1120 1507 1395
0 0 1991 1669
0 878 1661 4032
1257 2290 1645 2564
379 2411 669 2838
0 0 1886 1645
64 1314 395 1604
1088 1354 2572 3451
758 2774 3024 4032
0 2233 1661 4032
1193 3306 1467 3636
0 878 1451 3169
741 2007 1040 2298
1991 3411 2177 3644
935 1201 1266 1459
1766 3725 2136 4032
1677 1080 2677 2636
1104 1354 2572 3451
379 2524 580 2838
2330 2443 3024 3346
1435 814 1661 1153
1435 814 1661 1104
16 427 524 999
48 427 524 919
120 427 443 669
0 1991 258 2225
1137 1483 2572 3451
1193 3306 1395 3636
2314 2620 2572 2886
919 3273 1120 3725
564 3435 911 3951
564 3435 798 3927
1540 3580 1701 3854
1104 1354 1814 2314
1104 1354 1572 2080
1128 1354 1572 1830
1137 1483 2475 3451
903 2306 1661 2935
1128 2306 1532 2628
1491 2774 1766 3032
2032 2814 2443 3362
1306 1032 1886 1645
1306 1145 1886 1645
2403 3491 2757 3894
2403 3491 2749 3749
1322 2016 1814 2314
564 3435 741 3749
201 0 604 225
2032 2830 2443 3362
2104 2830 2443 3362
2177 3015 2427 3362
0 1322 862 3169
1685 2661 2161 3080
2209 951 2451 1290
1306 1274 1886 1645
1362 1274 1886 1580
0 2233 1338 4032
145 3112 564 3515
395 878 1451 2580
1766 3798 2048 4032
1419 3088 1701 3322
919 3273 1112 3556
2048 2774 3024 4032
2241 2774 3024 4032
1411 1685 2064 2403
758 3080 2596 4032
1411 1830 2064 2403
1701 1830 2064 2403
0 0 1564 1604
145 3257 564 3515
209 3257 564 3515
508 878 1451 2427
2330 2443 2612 2830
1257 1483 2459 2556
0 3515 499 4032
1951 2120 2330 2459
395 2265 806 2580
1870 1443 2677 2636
2467 2774 2741 3056
0 1322 798 3169
249 2507 798 3169
249 2507 645 2975
330 2886 798 3169
330 2911 564 3169
999 3475 1387 3725
1120 3499 1387 3725
379 0 1564 1145
0 3515 354 4032
0 3532 354 4032
677 0 1564 1145
0 1322 798 2967
903 2370 1378 2935
2048 3225 2443 3644
2515 2459 3024 3346
2540 2604 3024 3346
2241 2854 3024 4032
2427 3757 3024 4032
508 878 1451 2007
903 2499 1378 2935
508 1233 1233 2007
1137 2080 2475 3451
1572 2411 2475 3451
0 1507 274 2007
379 282 1072 854
2427 3757 2894 4032
766 0 1564 1145
540 1701 1257 2354
774 3346 1016 3806
508 1306 1233 2007
508 1306 1177 2007
491 2233 1266 3338
0 3532 201 3967
1080 2499 1378 2782
758 3636 1548 4032
758 3822 1548 4032
758 3822 1225 4032
637 878 1451 1540
685 1145 1048 1435
0 2733 1338 4032
379 354 1072 854
379 354 1072 846
564 354 1072 846
1257 1483 1967 1935
1137 2080 2080 3386
1137 2661 1620 3386
1137 2749 1620 3386
1137 2967 1620 3386
1620 2411 2459 2677
637 878 1330 1249
1209 2749 1556 3144
564 1306 1177 2007
564 1411 1177 2007
564 1532 1177 2007
564 1588 999 2007
1193 3080 2596 4032
1991 3588 2596 4032
2007 3588 2596 4032
2241 2854 3024 3830
766 0 1443 1128
1282 2967 1620 3282
540 1701 1257 2290
1774 1919 2153 2274
1572 2596 2475 3451
1911 2411 2459 2677
0 0 927 1604
0 0 790 878
0 0 790 628
346 3532 733 4032
1193 3080 2451 4032
2354 2854 3024 3830
491 2233 1266 3056
766 0 1387 1128
766 628 1177 1128
0 709 927 1604
564 1588 927 1838
1233 580 1564 1145
1290 2080 2080 2886
1314 2532 2080 2886
1290 2080 1911 2580
2620 3370 3024 3830
628 2233 1266 3056
798 2233 1266 2790
951 878 1330 1249
822 628 1177 1048
338 1209 661 1532
1572 2596 2475 3265
1193 3136 2451 4032
1886 1588 2459 2556
193 1322 798 2104
1257 1483 1854 1806
628 2362 983 3056
540 1886 991 2225
1193 3136 1749 3927
0 48 516 628
887 1701 1257 2290
346 3644 733 4032
1306 3136 1749 3790
0 2733 1338 3878
2354 2854 2919 3532
2354 2854 2661 3403
0 2774 790 3878
209 3265 790 3878
0 709 927 1257
1306 3153 2451 4032
1306 3693 1935 4032
0 2774 459 3612
1322 3136 1749 3628
685 2733 1338 3765
0 1975 669 2967
193 1419 798 2104
193 1636 798 2104
2620 3467 2951 3798
580 354 1072 725
1878 2596 2475 3265
774 2733 1338 3459
685 3241 935 3765
0 48 516 483
0 2185 427 2967
0 2354 322 2967
991 2733 1338 3459
991 2911 1338 3459
1080 2911 1338 3282
201 709 927 1169
201 709 612 1088
0 2774 459 3451
0 2774 459 3403
201 1975 669 2491
1524 3153 2451 3951
0 2185 427 2540
2007 3830 2467 4032
1524 3556 2451 3951
814 0 1185 475
1120 0 3024 3338
1169 0 3024 2749
903 2588 1193 2991
733 3814 1201 4032
1306 3830 1572 4032
1072 1112 1604 1451
1072 1112 1556 1451
1072 1193 1556 1451
1016 3483 1201 3798
1427 717 1725 1169
733 3870 1048 4032
1822 3104 2032 3362
1322 330 3024 3338
475 1370 3024 4032
1959 2395 2274 2612
0 0 2620 4032
370 1346 790 1709
370 1435 749 1709
104 1725 354 1927
1322 330 1975 1572
370 1483 717 1709
2330 2459 2927 3177
2451 2459 2927 3177
1516 1145 1854 1459
0 3644 467 4032
499 2975 685 3169
927 0 1290 338
2491 3386 2911 3894
758 3136 1451 3806
209 3644 467 3886
1911 1459 3024 3338
1572 2782 2048 3201
2701 2572 3024 3338
0 3661 354 4032
2507 2548 2927 3177
2507 2548 2862 3072
499 2548 838 2894
524 2596 838 2894
524 2669 798 2894
24 749 346 999
2580 3733 3024 4032
1951 2225 2346 2451
1483 830 1725 1169
475 1370 1975 2548
637 2814 919 3024
0 0 927 1056
0 0 927 878
1145 1580 1975 2548
370 1532 717 1709
379 628 653 1056
0 0 1677 2483
0 2007 2620 4032
379 2403 669 2790
1153 1580 1975 2548
1620 2169 2225 2653
1757 2169 2225 2653
508 1145 935 1427
1306 1411 3024 4032
1306 1419 1870 1693
1306 1419 1653 1693
741 2007 991 2249
1491 1411 3024 4032
0 2112 2620 4032
379 628 612 1056
2177 2967 2378 3136
0 0 669 628
0 0 564 628
427 733 612 1056
1491 2120 3024 4032
1491 2120 3024 3814
475 1370 1322 2427
540 1370 1322 2427
540 1556 1322 2427
1580 2177 2064 2580
1120 0 1427 435
2370 3773 2999 4032
1798 2386 2088 2757
1895 2386 2088 2757
1153 1733 1975 2548
1564 1411 2306 2257
1628 1411 2306 2257
1846 1822 2104 2257
0 2935 1314 4032
1491 2451 3024 3814
620 0 1677 1653
1233 1233 1677 1653
620 0 1588 1443
620 0 1588 1362
540 1693 1306 2427
758 1693 1306 2427
1491 2532 2128 2927
1491 2532 1951 2927
0 0 508 628
2411 2636 2725 3056
0 572 1177 2483
1024 2233 1669 2894
1282 2322 1669 2894
1024 3136 1451 3596
766 1370 1282 1725
887 1370 1282 1653
540 1886 878 2217
1467 3080 1919 3378
1467 3080 1790 3378
620 0 1588 1338
620 0 1507 1249
1524 3257 2620 4032
1524 3306 2620 4032
1628 1411 2306 2193
1628 1411 2306 2161
1628 1411 2040 1999
0 2935 1314 3999
0 2112 1959 4032
1193 3136 1451 3491
0 2354 379 2669
1927 3257 2588 3620
0 572 1040 2483
620 1645 911 2056
0 354 435 628
1153 1733 1822 2548
1153 1733 1798 2548
2233 3556 2620 4032
1024 2233 1354 2709
1878 2451 3024 3814
266 2507 717 3056
314 2685 717 3056
2064 3298 2588 3620
0 2935 1112 3999
403 2685 717 3056
0 2419 427 2959
758 1693 1266 2427
0 80 790 878
758 3394 1080 3806
2499 3773 2999 3983
878 1693 1266 2419
1080 2362 1354 2661
1782 1411 2040 1999
0 572 927 2483
395 2112 1959 4032
741 2628 1959 4032
741 2628 1556 3144
0 749 927 2483
878 1693 1266 2298
1524 3306 2459 4032
653 0 1507 1249
653 153 1507 1249
741 677 1483 1249
1878 2451 2475 3273
2338 2999 3024 3814
1024 3056 1959 4032
0 0 508 483
395 2112 1177 2846
1024 3104 1959 4032
758 3483 991 3806
177 80 790 693
1636 3306 2459 4032
685 2983 1112 3580
1104 3104 1959 3935
2338 2999 3024 3572
983 2628 1556 3144
870 677 1483 1209
1104 3257 1959 3935
0 806 604 2483
0 806 516 1645
0 1378 604 2483
0 1378 604 2064
193 1378 604 2064
395 2112 862 2604
548 2112 862 2604
0 2935 846 3999
0 2935 846 3911
1169 758 1483 1185
2459 2999 3024 3572
0 0 475 483
653 153 1507 838
0 1983 508 2483
822 3870 1048 4032
2233 3830 2459 4032
1024 3822 1507 4032
1524 3798 2032 4032
459 3798 733 3999
2830 3782 2999 3943
572 3782 919 4032
2499 3773 2870 3983
2653 3733 3024 4032
572 3709 806 3894
830 3701 1128 3967
209 3644 370 3886
758 3620 951 3806
1991 3588 2459 4032
1104 3564 1475 3935
2378 3556 2620 3967
1387 3499 1572 3669
2491 3491 2911 3894
1016 3483 1201 3733
790 3483 991 3733
693 3467 887 3757
2314 3443 2588 3628
1024 3394 1233 3596
2774 3338 3024 3814
1193 3330 1395 3491
2241 3314 2588 3507
1636 3306 2169 3951
2064 3298 2386 3620
2201 3282 2419 3459
685 3265 935 3580
1927 3257 2201 3435
1306 3257 1959 3862
322 3257 741 3911
628 3233 887 3499
1016 3193 1314 3459
1467 3153 1790 3378
1709 3136 1919 3362
1935 3120 2225 3362
0 3112 362 3814
2483 3104 3024 3572
1225 3104 1580 3628
1532 3080 1717 3249
2338 3064 2709 3419
2249 3064 2435 3330
999 3064 1161 3233
1137 3056 1419 3282
2741 3040 2967 3241
2661 3015 2927 3177
2459 2999 2709 3193
725 2999 927 3169
774 2983 1112 3564
1419 2975 1628 3201
249 2943 499 3169
0 2935 846 3515
1282 2870 1556 3144
1612 2862 1862 3104
2467 2854 2725 3056
483 2846 717 3056
2378 2830 2596 3072
40 2822 330 3032
2145 2806 2451 3096
741 2790 1024 3080
1878 2749 2112 3273
2507 2685 2862 3072
403 2685 645 3040
161 2644 362 2959
2411 2636 2580 2886
1919 2628 2128 2903
983 2628 1419 3128
701 2612 943 2846
379 2612 564 2790
628 2596 838 2798
2701 2572 3024 3201
499 2548 725 2757
1580 2532 1951 2870
1024 2515 1354 2709
266 2507 499 2790
24 2507 249 2725
1080 2483 1354 2661
2330 2459 2499 2636
1975 2451 2475 2943
1330 2443 1669 2894
1959 2427 2193 2612
96 2419 379 2669
435 2403 669 2669
1757 2395 1959 2653
548 2395 806 2604
1895 2386 2088 2628
1459 2370 1661 2556
0 2354 217 2653
1282 2322 1451 2564
677 2265 1177 2846
1580 2249 1870 2580
1951 2241 2233 2451
1064 2233 1338 2588
2709 2225 2886 2548
2088 2225 2346 2451
48 2225 411 2467
758 2217 983 2427
895 2201 1185 2419
475 2185 653 2378
0 2185 306 2403
1814 2177 2064 2395
1870 2169 2225 2427
395 2153 709 2580
1862 2136 2120 2403
2104 2120 2483 2556
604 2112 862 2419
766 2088 991 2249
1846 2024 2056 2257
741 2007 951 2169
217 2007 508 2483
927 1991 1169 2298
0 1983 266 2282
1975 1975 2241 2193
1153 1959 1798 2548
1645 1943 1822 2282
1354 1911 1677 2314
0 1903 258 2104
