0 0 3024 4032
2540 2282 2911 2653
2725 2282 2911 2491
0 2653 249 3120
1403 249 1636 427
467 878 1024 1137
2330 0 3024 1636
475 3830 887 3991
927 3523 1161 3765
2419 0 3024 1636
2782 0 3024 1628
2782 0 3024 1370
1475 1451 1709 1814
2249 2846 2653 3217
2435 3306 2741 3749
2435 3394 2604 3749
2169 2499 3024 3806
2169 2499 3024 2765
2169 2499 3024 2701
2499 1620 3024 2548
2556 1661 3024 2548
2765 2685 3024 3806
2765 2685 3024 3040
2741 1749 3024 2548
2088 2919 2314 3233
1467 3870 1991 4032
2306 3846 2725 4032
467 878 1024 1128
467 878 895 1128
1153 1798 2298 3128
1153 1798 2233 3128
1153 1798 2217 3128
798 0 1330 201
685 2588 1048 3096
758 2628 1048 3096
0 2419 604 3362
72 2628 604 3362
2604 2991 3024 4032
1016 3427 1298 4032
798 0 1330 177
0 0 3015 4032
2653 3007 3024 4032
2838 2265 3024 2548
0 0 2959 4032
1999 3257 2411 3717
1467 0 2128 282
1588 0 2128 282
967 2177 1411 3112
967 2177 1314 2878
1072 2177 1314 2693
112 975 612 1314
0 2419 596 2693
2007 1032 3015 2636
1346 1862 2145 3040
1467 3088 1951 3556
1467 3088 1895 3451
451 0 1201 362
104 2419 596 2693
104 2483 596 2693
1346 1862 2136 3040
1766 959 1991 1249
2080 64 2499 1330
1322 0 2169 798
588 338 903 870
588 483 903 870
2604 2991 2838 3588
2249 2894 2653 3217
2080 161 2499 1330
2290 161 2499 878
2040 2644 2959 3153
2653 3338 3024 4032
104 129 459 919
0 0 2854 4032
177 3459 919 4032
177 3459 717 4032
1153 1798 2217 3072
290 1120 1524 1685
975 1120 1524 1596
975 1161 1249 1580
298 975 612 1314
72 1790 467 2257
290 1185 1161 1685
419 1185 1161 1685
0 2661 499 4032
0 2661 387 3394
451 3870 919 4032
1185 1120 1524 1596
1185 1120 1435 1548
1201 1153 1435 1548
1322 0 2128 798
2080 717 2386 1330
2080 766 2386 1330
2080 766 2314 1193
2080 870 2282 1193
2080 878 2282 1193
1072 2177 1249 2693
419 1185 1016 1685
2007 1854 2491 2193
927 3540 1161 3765
451 0 1201 314
596 0 1201 314
1588 0 2128 225
129 427 411 919
2056 2644 2959 3153
2056 2644 2959 3024
2056 2644 2411 2999
1507 556 1774 774
354 2911 1056 3661
354 2911 1040 3661
354 2911 959 3661
588 3169 959 3661
2209 2669 2959 3024
628 3169 959 3507
2145 1032 3015 2636
2145 1032 2911 2636
2145 1032 2733 2636
1362 0 2128 798
2451 1032 2733 2636
2459 1169 2733 2636
2459 1169 2725 2241
2524 1661 2725 2241
2540 1790 2725 2241
1709 0 2128 225
0 0 2499 1911
104 129 459 540
2249 2282 2532 2620
354 2911 790 3475
2145 1806 2653 2620
854 1354 1112 1524
1999 3467 2217 3717
0 1153 2854 4032
0 1153 1596 4032
0 1153 1443 4032
975 1822 1419 2556
491 2604 967 3330
1241 2846 2854 4032
1725 2846 2112 3790
1725 2846 2112 3580
1032 3088 1257 3370
80 1790 467 2257
177 3459 516 4032
201 3564 516 4032
201 3757 499 4032
2145 1806 2653 2596
2217 2096 2515 2596
1878 943 2136 1322
1362 64 2128 798
419 1403 1016 1685
137 564 411 919
2145 1806 2653 2427
0 0 532 838
0 0 467 838
0 0 467 645
596 0 1153 298
0 1475 620 2604
104 2532 596 2693
2007 1080 2499 1709
2177 1185 2499 1709
0 0 2330 1911
0 0 2201 1911
1588 1185 2201 1911
1725 1459 2201 1911
1911 1459 2201 1911
0 0 2088 1717
491 2604 822 3056
1241 2991 2854 4032
1290 2991 2854 4032
1290 3483 2290 4032
2096 3709 2290 4032
693 3032 967 3330
2717 3338 3024 4032
1153 1822 1419 2241
2225 2991 2854 4032
2225 2991 2822 4032
0 838 354 1257
2007 1854 2475 2193
0 2693 499 4032
0 3153 338 4032
540 2717 822 3056
2209 2693 2959 3024
645 1330 1596 2507
1217 3338 1387 4032
137 3185 935 3822
1725 2846 2064 3435
153 0 2088 1717
209 0 2088 1717
314 564 1282 1177
572 693 1282 1177
80 1790 467 2169
1290 3483 2185 4032
1290 3548 2185 4032
330 3209 935 3822
548 3532 935 3822
499 1056 741 1338
1362 64 1927 701
1362 64 1862 443
1911 185 2330 975
556 80 2088 1717
677 88 2088 1717
677 370 2088 1717
677 379 1483 1225
1290 3588 2185 4032
1653 3588 2185 4032
1741 3588 2185 4032
145 2693 499 3257
0 169 241 645
645 1330 1596 2411
645 1564 1596 2411
1064 1564 1596 2016
0 1153 451 1596
1290 3741 1733 4032
2016 3153 2346 3483
1588 1185 1903 1822
1282 1580 1596 2016
1257 370 2088 1717
1346 1096 1741 1516
645 1653 1306 2411
1403 3112 1838 3902
1403 3112 1741 3798
1403 3112 1620 3564
395 1467 1443 4032
0 1475 620 2378
2225 3144 2612 4032
2225 3144 2612 3749
2016 3209 2298 3483
395 1467 782 2459
1257 370 1701 870
1257 451 1572 870
1588 1185 1903 1766
2491 3435 2854 4032
2556 3709 2854 4032
766 1330 1257 1677
403 2185 1443 4032
145 2935 499 3257
524 2249 1443 4032
524 2443 1443 4032
524 2443 1443 3798
524 2443 1443 3701
790 3112 1241 3701
1846 3588 2185 4032
645 1653 1266 2411
1959 3588 2185 4032
1959 3725 2185 4032
653 1653 1266 2411
1153 1822 1419 2128
524 2443 1443 3394
137 3185 419 3806
209 0 709 790
2233 3144 2612 3701
1274 637 2088 1717
524 2443 1443 3201
193 572 411 919
1274 790 2088 1717
1274 846 2088 1717
1274 846 1975 1467
1274 846 1903 1346
80 2024 467 2257
677 379 1274 782
330 3209 677 3709
790 3209 1241 3701
209 0 709 693
1886 459 2128 798
524 2443 1257 3120
524 2443 1257 2943
766 379 1274 782
653 1653 1104 2411
0 1475 620 2120
0 1475 612 2120
0 1475 532 2120
1145 395 1483 1225
1499 637 2088 991
0 1499 225 2120
911 3209 1241 3701
766 379 1274 653
725 2007 1104 2411
1661 3870 1991 4032
596 3870 919 4032
2483 3846 2725 4032
2112 3846 2290 4032
2669 3822 2854 4032
241 3822 499 4032
1290 3782 1524 4032
1846 3749 2048 4007
1475 3741 1733 3999
1225 3741 1387 4032
669 3741 1056 4032
1653 3733 1967 3943
1999 3725 2169 3935
1016 3725 1298 4032
2556 3709 2774 3870
2475 3693 2636 3959
2653 3644 2846 3830
475 3636 653 3798
1459 3628 1838 3902
0 3628 217 4032
1991 3588 2161 3765
2225 3580 2451 3749
266 3564 516 3862
2225 3556 2507 4032
1757 3548 1967 3749
967 3540 1161 3765
548 3540 782 3822
701 3532 935 3741
1870 3515 2088 3790
1443 3499 1741 3798
330 3491 548 3709
1588 3483 1822 3677
1346 3483 1532 3790
177 3459 346 3798
2233 3443 2451 3701
2491 3435 2725 3725
2765 3427 3024 4032
1056 3427 1274 3814
911 3427 1088 3701
137 3378 322 3806
1403 3346 1612 3564
2717 3338 2878 3685
1217 3338 1378 3749
1846 3330 2112 3580
2064 3298 2298 3483
588 3290 766 3661
1507 3273 1717 3475
1653 3265 1895 3451
2136 3257 2411 3491
2016 3209 2209 3403
967 3209 1241 3628
362 3209 677 3572
225 3185 419 3580
1072 3177 1346 3394
628 3169 959 3378
0 3153 338 3677
2362 3144 2612 3491
1725 3112 1927 3370
1411 3112 1620 3475
862 3112 1056 3378
1467 3088 1782 3322
1032 3088 1257 3257
354 3088 685 3475
733 3080 967 3330
233 3064 499 3257
0 3048 225 3394
1241 3040 1572 3556
1169 3040 1443 3201
822 2999 1056 3177
2524 2991 2822 3282
145 2935 491 3169
2628 2927 2814 3153
2169 2919 2411 3209
951 2919 1249 3120
524 2911 790 3128
2249 2894 2548 3217
1403 2894 1822 3064
1475 2862 1693 3032
2814 2854 3024 3806
2362 2846 2628 3024
1798 2846 2064 3435
1193 2798 1411 3112
806 2782 1048 3096
540 2782 717 3056
2209 2774 2790 3024
2717 2757 2991 3048
2765 2741 2999 3040
346 2733 604 3362
2056 2725 2386 2999
580 2717 822 3048
1362 2701 1532 2967
274 2693 451 2983
2790 2685 3024 2878
0 2669 249 3120
145 2661 387 3048
1354 2653 2128 3128
758 2628 959 2967
72 2628 532 2806
967 2596 1233 2878
814 2588 1257 2943
685 2588 870 2798
2169 2524 3024 2701
524 2443 943 2620
2540 2435 2911 2653
2274 2370 2532 2620
878 2370 1161 2677
0 2370 249 2604
2419 2330 2596 2515
1693 2322 1886 2596
749 2298 935 2507
1653 2274 1911 2636
2838 2265 3024 2499
1959 2265 2145 2886
2669 2249 2911 2540
725 2201 1008 2411
120 2201 354 2403
2540 2193 2733 2636
1153 2185 1314 2620
403 2185 620 2499
1661 2177 1878 2370
975 2136 1185 2556
0 2120 241 2378
2241 2096 2515 2403
233 2072 548 2435
645 2032 967 2265
298 2032 467 2225
532 2024 782 2459
80 2024 354 2257
814 2007 1104 2322
1137 1959 1306 2161
2782 1943 3015 2515
2112 1943 2322 2217
395 1935 620 2112
2330 1919 2491 2088
2185 1911 2475 2185
1346 1911 2136 3040
2386 1903 2653 2427
1838 1862 2040 2032
1564 1862 1878 2040
2007 1854 2330 2193
2322 1814 2499 1975
1306 1814 1588 2016
2145 1806 2403 2024
1153 1806 1870 3072
1870 1798 2217 2701
282 1790 612 1951
88 1790 467 2169
2596 1774 2959 2274
2741 1749 3024 2499
2661 1749 2975 1999
0 1733 225 2120
1137 1717 1298 1943
1911 1701 2088 1911
895 1701 1266 2145
741 1693 959 2040
2556 1661 3024 1838
1725 1653 2007 1814
653 1653 967 2104
2072 1620 2274 1886
1282 1580 1596 1991
1516 1572 1709 1814
1064 1564 1378 1782
1604 1556 1822 1822
508 1532 677 1709
1878 1516 2048 1709
0 1499 201 1766
129 1475 532 1870
395 1467 709 2145
2007 1459 2201 1903
524 1411 1016 1685
419 1403 701 1572
0 1403 322 1596
2177 1387 2346 1709
895 1387 1257 1677
1233 1378 1524 1596
2314 1362 2491 1838
766 1330 967 1628
2064 1298 2225 1483
1241 1298 1435 1475
1346 1290 1717 1516
290 1282 491 1467
887 1249 1161 1427
1798 1193 2088 1717
1032 1193 1249 1580
2201 1185 2499 1532
1588 1185 1870 1645
620 1185 975 1507
1774 1169 1975 1467
1201 1153 1387 1548
0 1153 451 1459
637 1112 887 1387
1459 1096 1741 1362
2007 1080 2233 1370
854 1072 1177 1282
499 1056 725 1290
387 1024 653 1451
2080 1008 2265 1193
2185 999 2386 1330
1766 999 1991 1249
298 975 475 1153
1266 951 1532 1217
846 951 1024 1137
1878 943 2136 1177
532 943 895 1128
709 927 1024 1128
0 903 161 1257
2088 878 2282 1056
1709 846 1903 1249
1274 846 1749 1346
88 838 354 1201
153 814 508 1056
1314 790 1604 983
2128 766 2314 951
1008 749 1282 1177
0 733 161 1032
1145 725 1483 1225
1725 693 2088 991
572 693 1145 1024
193 669 395 919
588 653 903 870
1499 637 1749 943
1290 628 1572 870
0 580 290 838
314 564 620 999
137 564 322 822
2782 556 3007 1370
685 556 1016 822
491 540 661 790
2007 508 2330 975
1008 475 1249 782
1886 459 2128 758
1257 451 1524 814
677 443 870 733
129 427 322 628
1177 395 1427 758
766 395 1161 653
1322 370 1701 661
0 354 241 645
1959 338 2169 612
1580 330 1927 701
209 249 709 693
104 241 338 540
1499 193 1862 443
1911 185 2225 532
1790 129 1959 427
290 129 459 354
1112 88 1370 419
556 80 983 467
1362 64 1588 395
2580 0 3007 1620
2330 0 2515 411
1999 0 2395 427
1854 0 2128 217
1709 0 1975 225
1467 0 1636 161
1306 0 1475 282
1112 0 1330 161
798 0 1145 177
596 0 927 298
451 0 709 185
258 0 596 298
48 0 467 306
709 927 1024 1137
0 0 1669 4032
0 0 1596 4032
1064 0 3024 4032
2725 1749 3024 2515
2741 1749 3024 2515
491 338 798 790
491 483 741 790
2040 2854 2427 3338
2040 2854 2346 3290
2169 0 3024 4032
1064 0 2894 4032
1064 3177 1838 3902
1072 3177 1838 3902
1322 3596 1838 3902
0 2733 717 4032
2274 0 3024 2636
2169 2403 3024 4032
2169 2435 3024 4032
2685 2685 3024 4032
588 3290 846 3661
1072 0 2894 4032
2169 2435 3024 3169
1072 3177 1378 3878
2524 1661 3024 1838
741 1636 1088 2040
878 2370 1161 2701
129 0 596 919
129 346 459 919
129 370 459 919
129 370 459 628
0 2185 733 2749
0 2185 620 2693
1072 0 2532 3072
1072 1572 2395 3072
0 2241 249 2604
1201 0 2532 2620
1766 999 2032 1322
1072 1572 2306 3072
1153 1572 2306 3072
2274 0 2959 2636
2274 64 2959 2636
2362 1774 2959 2636
2088 2919 2346 3290
0 2483 596 2693
290 2185 620 2596
661 3314 846 3588
1072 3177 1378 3749
2128 766 2314 999
951 3523 1161 3765
838 120 1257 451
838 120 1185 451
1153 1572 2298 3072
201 3636 887 4032
201 3757 887 4032
1169 1862 2894 4032
1346 1862 2136 3128
0 0 1532 2532
1153 1798 2298 3072
2072 1467 2346 1911
2072 1467 2346 1886
1032 1120 1290 1580
0 1580 1596 4032
2169 2435 3024 3024
790 3354 1056 3572
354 3765 887 3991
0 878 637 1467
0 975 491 1467
1169 2620 2894 4032
0 2733 604 4032
258 0 596 354
290 16 532 354
1636 1653 2007 1870
1169 2798 1443 3201
129 370 322 628
1225 2620 2894 4032
1241 2620 2894 4032
1322 0 1790 411
1322 64 1588 411
2072 1507 2274 1886
2064 3298 2298 3717
467 878 637 1387
1911 185 2225 612
354 3765 758 3991
72 1798 233 2096
2515 3177 2798 3507
2515 3306 2798 3507
0 3185 419 4032
2362 2032 2838 2636
0 1153 491 1467
2274 64 2677 2427
2290 64 2677 2427
2362 2145 2838 2636
2419 2145 2838 2636
2540 2145 2838 2636
2338 64 2499 685
741 1669 1016 2040
0 2628 733 3612
0 2628 532 3612
1241 2725 2894 4032
2717 2685 3024 4032
0 2628 532 2806
1467 0 1790 225
1588 0 1790 225
266 1580 1596 4032
2290 266 2677 2427
1201 0 2499 2201
2080 717 2370 1193
1822 628 2120 878
1822 628 2080 798
572 56 782 258
1193 2798 1411 3128
685 2588 1056 3378
951 1822 1419 2620
1153 1822 1419 2620
1153 1983 1419 2620
822 2999 1056 3378
0 2661 499 3612
2112 1943 2532 2620
637 475 1282 1628
685 2588 959 2967
2169 2524 3024 3024
2169 2524 3024 2830
2112 1943 2515 2403
2145 1806 2499 2201
2145 1806 2499 2185
2145 1806 2491 2185
2185 1911 2491 2185
1064 1298 1524 1782
2717 3007 3024 4032
637 475 1282 1427
637 475 1282 1387
854 475 1282 1282
2096 3435 2894 4032
2104 2620 2411 2806
0 0 508 1257
2790 2685 3024 3806
1411 3088 1895 3475
1411 3088 1782 3475
854 241 1185 451
1475 3717 1967 3999
1475 3733 1967 3999
1241 2725 2822 4032
1241 3040 1967 3790
1241 3040 1822 3790
1346 3144 1822 3790
0 1403 782 2532
209 0 1532 1685
0 2661 499 3394
2290 266 2653 2427
2290 266 2556 2169
2225 3435 2894 4032
0 1403 782 2459
266 2717 967 3862
266 3088 685 3862
0 0 467 1257
524 2717 967 3330
2717 3007 2919 3685
1290 2725 2822 4032
1290 3515 2290 4032
1290 3588 2290 4032
1725 2725 2822 3709
266 3209 677 3862
951 1959 1306 2556
451 1580 1596 4032
645 1580 1596 2507
975 1959 1306 2556
2475 3435 2894 4032
1201 0 2499 1911
1588 451 2499 1911
1588 846 2088 1822
1709 846 2088 1717
1564 1862 2040 2040
2491 3435 2894 4032
2491 3435 2894 3927
2564 2862 2814 3153
1346 3273 1822 3790
1346 3273 1717 3790
1346 3346 1612 3790
645 1580 1596 2411
153 2483 596 2693
209 0 1483 1685
451 0 1475 467
451 0 1370 467
451 0 983 467
451 0 927 298
1064 1378 1524 1782
1008 475 1282 1177
451 2443 1298 4032
451 3209 1298 4032
1878 451 2499 1911
1878 451 2499 1838
0 1475 620 2532
209 249 1483 1685
209 249 1483 1572
387 1024 741 1572
387 1024 741 1451
1725 2725 2411 3580
2056 2725 2411 3209
209 249 1483 1225
588 443 903 870
2346 524 2556 2169
524 2443 1257 3257
1177 1983 1419 2241
798 0 1370 419
1201 0 2395 1548
1854 0 2395 427
0 1475 612 2532
0 1475 612 2378
2556 3628 2894 3927
266 1419 782 2459
0 2661 491 3394
0 2661 451 3394
1290 3725 2185 4032
1588 1040 1903 1822
1290 3725 2169 4032
1290 3749 2048 4032
1467 3749 2048 4032
1588 1040 1903 1766
1878 459 2499 1838
1878 508 2499 1838
1878 943 2499 1838
451 3427 1298 4032
451 3636 1056 4032
725 1580 1596 2411
1137 1580 1596 2016
524 2717 822 3128
0 0 467 1032
0 169 290 1032
0 354 290 1032
0 354 290 838
1137 379 1483 1225
814 2588 1257 3120
2007 999 2499 1838
2556 3644 2846 3870
1725 2846 2209 3580
2153 2894 2822 3709
120 2072 548 2532
120 2322 443 2532
120 2072 548 2435
2177 999 2499 1838
145 2661 451 3048
2233 2894 2822 3701
2249 2894 2822 3491
2362 2991 2822 3491
2395 677 2556 2169
2185 999 2499 1838
2201 1185 2499 1838
1798 2846 2209 3580
209 249 1161 1128
1201 0 2088 1548
1201 637 1749 1548
209 249 1161 1024
314 395 1161 1024
572 395 1161 1024
1322 0 2088 991
685 395 1161 822
524 1185 1257 1685
104 177 411 540
669 3636 1056 4032
1709 846 1975 1467
1798 2846 2209 3435
1201 790 1749 1548
524 1387 1257 1685
725 1701 1266 2411
129 1475 612 1951
1322 129 2088 991
1322 193 1862 661
1201 846 1749 1548
1274 846 1749 1516
1580 129 2088 991
1580 129 1959 701
1830 1822 2274 3088
0 2959 346 3386
1153 1717 1419 2217
1153 1717 1314 2120
2136 693 2386 1314
2136 693 2378 1080
2540 2435 3024 2661
2741 2693 3024 4032
2749 2693 3024 4032
2354 0 3024 2580
572 1419 1241 1814
572 1419 1241 1685
766 1419 1241 1685
2314 2322 2572 2620
2411 0 3024 2580
2499 1620 3024 2580
48 1653 306 2007
145 1677 306 2007
1451 628 1741 927
0 2628 387 3144
0 2661 249 3144
2104 1298 2346 1491
2548 1661 3024 2580
2548 1749 3024 2580
2548 1766 2959 2580
2411 0 3024 1636
1588 0 2193 225
935 3532 1306 4032
1016 3532 1306 4032
1241 3072 1499 3604
48 2661 249 3072
0 2515 201 2790
749 2765 1346 3136
1467 3386 2120 3894
1701 3386 2120 3790
2798 2265 3024 2564
249 491 467 669
749 2765 1249 3088
1830 1822 2217 3088
2548 1774 2951 2580
2435 2886 2814 3451
2435 2886 2814 3322
2435 2886 2814 3161
1177 241 1636 814
1241 241 1636 814
1403 241 1636 427
1677 3112 1927 3362
798 1774 2136 3120
1145 1774 2136 3120
1241 370 1604 814
475 596 846 878
2185 3185 2443 3532
354 3523 935 4032
354 3572 935 4032
814 2886 1249 3072
1782 3386 2120 3790
1806 3386 2120 3604
1774 919 2096 1717
1774 919 2096 1153
1790 919 2096 1080
2314 3693 2636 4032
895 1419 1241 1620
2515 3080 2790 3322
1790 0 3024 3040
1790 0 3024 2636
0 0 2927 4032
258 0 1153 354
411 0 1153 354
443 0 1153 354
451 0 1153 354
1145 1774 2007 3120
1257 1774 2007 3120
1661 3862 1991 4032
1790 0 3024 2620
2185 991 2386 1314
0 3185 362 4032
0 3185 298 4032
1249 1564 1596 2040
64 1790 556 2451
120 2169 556 2451
0 2241 532 2604
0 2378 532 2604
233 2419 532 2604
1177 395 1427 749
451 0 1153 314
1346 1862 2136 3015
1177 435 1749 1322
1177 443 1749 1322
1274 443 1749 975
1290 443 1749 927
798 2564 1177 2790
1790 0 2411 427
1790 48 2233 427
2169 2524 3024 3040
1072 2096 1322 2556
1040 3096 1266 3370
2032 64 3024 2620
1790 88 2088 427
1177 862 1419 1322
2782 2499 3024 2661
0 0 717 838
0 0 637 838
112 129 459 524
1298 1580 1596 2040
1306 1588 1596 2040
1782 1112 2096 1717
1395 2491 2104 3040
1395 2765 1959 3040
354 3015 959 3475
693 3024 959 3330
1419 443 1749 822
64 1790 548 2257
354 3088 959 3475
1435 741 1709 1040
2298 64 2540 1661
0 1016 1169 1612
0 1016 1120 1612
2120 3798 2322 4032
693 3024 911 3217
2032 1290 3024 2620
2032 1290 2838 2620
2032 1290 2838 2588
2032 1290 2838 2515
2032 1443 2838 2515
0 1016 975 1612
0 1096 975 1612
0 1104 975 1612
451 1128 975 1612
1072 2177 1298 2556
0 1104 491 1588
0 1153 491 1588
209 2628 2927 4032
225 2669 588 3580
1628 2265 1919 2636
2032 1443 2427 1935
451 1209 935 1612
0 0 2435 3056
572 0 1790 516
572 0 1419 516
572 56 1249 516
645 1209 935 1532
354 3572 774 3975
1814 1330 2096 1717
0 64 2435 3056
0 120 2435 3056
0 314 1354 3056
0 572 1354 3056
169 572 1354 1580
1193 120 2435 2217
1193 1153 1507 1507
0 1451 1354 3056
1814 1403 2016 1717
782 0 1153 314
145 2661 516 3265
169 572 1274 1451
467 693 1274 1387
2451 3443 2927 4032
2564 3443 2927 3991
2709 3443 2927 3991
451 3088 959 3403
2298 64 2499 806
2338 64 2499 677
0 314 1306 1266
104 314 1306 935
628 330 1306 935
2241 1806 2838 2515
169 572 653 1451
0 1451 1314 3056
129 1451 1314 3056
129 1451 1314 2943
129 1451 1249 2943
1346 120 2435 2217
1507 120 2435 2217
209 2628 2806 4032
1943 2628 2725 3048
1943 2725 2725 3048
1661 120 2435 2217
1798 120 2435 2217
1798 120 2354 2217
1911 120 2354 2217
1911 120 2354 1862
1911 120 2354 1628
1911 120 2346 1491
1911 120 2346 1185
209 2894 2806 4032
330 2894 2806 4032
330 3193 862 3757
645 1532 1314 2507
798 0 1419 443
491 2612 806 3056
491 2612 749 3032
