0 0 3024 4032
2338 3725 2693 4032
701 1741 927 1927
1306 0 2145 725
201 3620 411 3943
1951 3015 2378 3419
330 2112 645 2354
1128 2491 1507 2967
1128 2491 1507 2830
1024 0 1620 782
1080 217 1298 516
1975 3015 2378 3419
1306 0 2096 725
459 3459 1161 3959
709 3459 1161 3959
887 3459 1161 3677
330 2362 524 2540
419 878 1016 1322
419 878 935 1322
419 878 830 1185
959 1693 1387 2370
959 1967 1282 2370
1330 661 3024 4032
959 2088 1282 2370
1040 3241 1266 3435
0 0 2443 4032
1378 661 3024 4032
1024 0 1443 483
2153 3419 2596 3782
620 0 3024 1241
475 2709 766 3048
475 2717 766 3048
2677 1830 2927 2096
2153 3475 2588 3782
1266 3507 1757 4032
846 0 1209 362
2443 1677 2983 2080
2532 1677 2983 2080
2701 1677 2983 1903
2701 1677 2903 1862
2612 2846 2774 3120
0 2185 1088 3169
532 2185 1088 3169
620 0 3024 1177
620 112 1701 1120
620 112 1548 1120
0 2596 588 3064
717 943 935 1322
1427 1870 1806 2096
645 2185 1088 3169
653 2362 1088 3169
620 112 1274 959
0 1693 266 2604
387 1725 854 2322
1088 0 3024 1177
2443 3362 3024 4032
2443 3443 3024 4032
1378 661 3024 3564
1266 3556 1757 4032
1266 3556 1669 4032
475 2717 677 3048
2161 96 2564 354
0 2975 1540 4032
153 3306 354 3620
2443 3451 3024 4032
2257 298 3024 1177
2257 298 3024 1072
2362 298 3024 1072
2362 298 3024 1048
2540 524 3024 1048
2540 524 3024 927
2540 588 2886 927
1088 0 3024 1056
2548 0 3024 491
2620 0 3024 491
1024 0 1354 395
717 2483 1056 3169
717 2483 991 3169
0 3024 1540 4032
1088 0 2628 1056
1378 1709 1653 1959
1330 1556 1870 1870
0 0 645 1798
0 0 499 1330
0 733 443 1330
387 1725 798 2322
403 1725 798 2322
0 0 499 862
1419 661 3024 3564
0 1846 266 2604
1975 3015 2378 3282
2088 3015 2378 3241
2782 1604 3024 2104
2782 1782 3024 2104
80 0 2443 4032
1241 2862 2443 4032
1378 3096 1636 3362
1378 3144 1588 3362
1298 2862 2443 4032
1298 2862 2290 4032
1580 3112 1967 3661
653 112 1274 959
854 217 1274 959
0 2596 580 3064
129 2822 580 3064
0 1951 266 2604
870 451 1548 1120
1169 451 1419 1024
0 3024 1370 4032
0 3024 943 4032
0 3096 943 4032
0 3144 943 4032
338 3144 806 3411
540 3144 806 3378
1838 3596 2193 3975
1419 661 3024 3322
1419 661 3024 2983
854 217 1128 717
1886 2540 3024 3564
0 0 499 766
0 0 499 685
0 0 499 653
2693 0 3024 443
1419 661 3024 2725
1419 709 3024 2725
1991 1080 2419 1435
1886 2540 2846 3564
2653 3241 3024 3435
80 0 1927 3798
1209 145 2628 1056
1354 177 2628 1056
1354 177 2612 1056
1306 0 2096 540
1556 0 2096 540
1556 0 1983 282
0 3362 943 4032
24 3362 943 4032
104 3362 943 4032
104 3677 943 4032
0 0 467 403
0 677 645 1798
1886 2540 2846 3459
16 580 427 862
1161 1806 1927 2451
2653 2072 3024 2467
0 0 467 322
1217 1806 1927 2451
0 1064 491 1798
0 1064 491 1766
104 3701 943 4032
104 3773 895 4032
185 3773 895 4032
0 1951 266 2556
0 1951 266 2322
2822 1604 3024 1967
2443 1725 2677 2080
1419 887 1878 1491
2088 0 2564 193
717 2483 991 3112
0 2596 580 2846
2443 3451 3024 4015
1886 2709 2846 3459
2765 693 3024 1008
1499 2862 2290 4032
1354 193 2282 1056
1628 193 1895 653
483 3773 895 4032
1548 709 3024 2725
1870 177 2612 677
1669 193 1895 653
830 3669 1370 4032
1290 645 1701 1080
1282 1806 1927 2451
1354 1895 1927 2451
1362 1999 1927 2451
967 443 1274 959
0 733 443 1120
80 0 1677 3798
459 2685 1620 3798
1564 2548 1935 2983
1653 2548 1935 2943
459 2749 1620 3798
2128 3725 2443 4032
1354 298 2282 1056
1354 298 2282 999
1354 298 1951 854
1354 298 1790 782
870 612 1548 1120
1886 2709 2411 3209
1886 2709 2386 3209
0 0 330 322
80 0 1677 3015
80 975 1677 3015
80 975 1677 2693
80 1677 685 2693
80 2080 685 2693
2177 96 2564 298
1870 217 2540 677
1927 217 2540 677
798 1757 1677 3015
2459 2427 3024 2725
798 1757 1677 2749
1064 2403 1677 2709
274 0 1241 1322
0 733 443 1056
1362 1999 1709 2435
1499 2862 2145 3475
1766 2999 2145 3475
459 2749 1620 3725
491 645 798 951
120 2209 685 2693
169 2274 685 2693
1596 3112 1967 3661
2620 322 3024 661
2064 2556 3024 3322
2443 3467 3024 4015
870 612 1306 1120
233 677 645 1128
322 749 645 1128
798 1757 1507 2749
798 1838 1507 2749
806 2064 1507 2749
903 2169 1507 2749
338 975 1677 2064
169 2274 604 2685
1677 3354 1951 3661
1548 1193 2975 2725
1548 1193 2636 2725
104 1677 427 2145
1620 3419 2290 4032
1620 3443 2201 4032
1701 3741 2201 4032
564 1233 1145 1588
1991 1080 2314 1330
249 3362 604 3709
830 3669 1338 4032
1290 758 1685 1080
1903 709 3024 1725
1282 2088 1556 2338
1903 3419 2290 3652
1548 1814 2112 2161
1798 1975 2112 2153
483 3790 895 4032
274 0 951 1008
274 0 911 790
532 1314 862 1540
766 2749 1620 3725
766 2749 1338 3548
766 3024 1128 3548
1790 0 2096 540
814 1757 1153 2032
1064 3177 1620 3725
1903 709 3024 1685
2096 1677 2975 2709
1903 709 2862 1290
1903 709 2636 1241
878 2749 1338 3209
1008 2822 1338 3209
1556 1193 2636 2725
2169 1596 2636 1983
1556 1193 2491 2725
2701 2499 3024 2725
201 1677 427 2145
653 645 951 1008
1467 887 1878 1491
1483 887 1878 1491
806 774 1241 1322
274 0 669 790
274 185 669 790
870 935 1241 1322
1903 709 2620 1209
669 975 1677 1846
669 1540 1185 1814
669 1548 1104 1814
1548 1814 1935 2161
1612 1846 2491 2725
1612 1854 2491 2725
1612 2032 2403 2725
1612 2088 2395 2725
1064 3177 1540 3725
1064 3177 1459 3596
1064 3322 1459 3596
1838 3596 2120 3975
1766 2999 2072 3386
1766 2999 2072 3362
903 2169 1507 2483
1951 709 2620 1209
1435 1556 1870 1870
1072 3177 1419 3435
1556 1193 2491 1919
1556 1282 2491 1919
1556 1282 2491 1782
1556 1282 2427 1782
1556 1378 2427 1782
1951 709 2620 1169
1951 895 2620 1169
1612 2088 2225 2725
1024 975 1677 1846
2306 2040 2975 2709
2128 2814 2846 3459
2072 709 2386 1016
2362 298 2709 878
1878 516 2282 999
1620 3443 1935 3983
338 1169 895 2064
1685 2088 2225 2725
2306 2040 2798 2709
2306 2104 2677 2709
2556 1193 3024 1685
1951 895 2475 1169
2556 1257 3024 1685
1749 1620 2169 1919
2556 1282 3024 1685
2556 1387 3024 1685
1306 0 1685 499
1080 975 1677 1846
1290 2604 1620 3015
669 3870 895 4032
1040 3862 1290 4032
185 3862 580 4032
2443 3854 2741 4032
2128 3854 2443 4032
1701 3846 1991 4032
1516 3830 1725 4032
2338 3806 2693 4032
1403 3806 1669 4032
483 3790 741 4032
1241 3773 1540 4032
572 3773 766 3959
830 3757 1064 4032
1935 3741 2201 4032
201 3733 411 3943
2193 3725 2427 3991
2669 3701 2967 4032
1556 3693 1757 3870
298 3677 572 3862
935 3669 1338 3975
1838 3652 2024 3975
1693 3628 1935 3983
1411 3620 1628 3830
217 3620 403 3822
838 3612 1080 3790
1943 3596 2120 3806
709 3596 951 3959
1040 3580 1274 3846
1266 3556 1588 3878
1112 3523 1314 3798
2153 3515 2427 3782
1499 3507 1677 3709
379 3491 564 3709
2338 3475 2588 3757
249 3475 459 3701
2443 3467 3024 3870
1274 3459 1540 3725
943 3459 1161 3636
2515 3451 2749 3636
2685 3443 3024 3628
1620 3443 1903 3773
677 3443 903 3636
1911 3435 2290 3652
24 3427 266 4032
1903 3419 2128 3580
798 3403 967 3669
153 3403 354 3620
1185 3362 1459 3564
282 3362 604 3709
1677 3354 1951 3532
1064 3322 1257 3596
508 3314 774 3701
1572 3282 1733 3515
1395 3257 1620 3588
2217 3249 2669 3564
1233 3249 1419 3435
709 3249 919 3532
2814 3241 3024 3427
338 3233 604 3411
56 3217 274 3443
2628 3185 2846 3362
1072 3177 1395 3354
0 3177 209 3507
2024 3169 2274 3419
1854 3153 2072 3362
645 3144 806 3362
2096 3128 2290 3290
1596 3112 1967 3435
1451 3096 1636 3290
241 3096 467 3330
766 3072 1112 3548
2459 3056 2717 3233
2104 3032 2378 3241
911 3024 1128 3273
0 3024 346 3330
1766 2999 1951 3241
1298 2999 1564 3306
1241 2927 1451 3104
459 2903 854 3217
516 2886 677 3048
2007 2870 2330 3144
1499 2862 1830 3249
1161 2854 1338 3209
1008 2822 1241 3193
129 2822 580 3024
2128 2814 2653 3459
1564 2798 1766 2983
758 2798 991 3112
620 2782 838 2975
1886 2757 2136 3209
878 2749 1072 3064
1499 2725 1693 2943
1217 2725 1427 2967
475 2717 677 2959
2112 2709 2386 2935
346 2701 588 2870
975 2685 1217 2927
1330 2677 1620 3015
2693 2661 3024 3322
1653 2620 1935 2943
1290 2604 1580 2765
306 2596 580 2798
2846 2564 3024 2725
2064 2556 2886 2927
1128 2548 1435 2830
2290 2540 2532 2701
1919 2540 2169 2870
532 2524 749 2757
717 2483 943 2919
516 2475 685 2693
1612 2467 1782 2685
2040 2427 2201 2628
782 2427 1040 2653
1370 2419 1677 2709
2838 2411 3024 2588
1008 2411 1185 2749
2733 2403 2975 2612
1064 2403 1378 2604
2112 2386 2395 2661
169 2378 548 2685
540 2370 749 2612
1685 2362 2104 2725
653 2362 1088 2733
2306 2338 2620 2709
838 2314 999 2580
346 2274 604 2435
1112 2257 1507 2459
1596 2249 1927 2451
2515 2225 2975 2499
0 2217 266 2556
120 2209 387 2564
2814 2201 3024 2467
2048 2185 2306 2459
645 2185 878 2467
903 2169 1153 2483
1362 2145 1709 2435
959 2128 1120 2370
1346 2120 1556 2338
2330 2104 2677 2524
1612 2096 1862 2322
1757 2088 2225 2548
1282 2088 1491 2322
1048 2088 1282 2354
0 2088 266 2322
80 2080 403 2274
806 2064 999 2354
2524 2040 2798 2217
2064 2032 2403 2298
1499 1999 1661 2257
1798 1975 2024 2153
919 1967 1169 2241
612 1951 774 2274
1217 1943 1435 2282
104 1935 290 2096
1354 1895 1532 2120
1427 1870 1733 2096
1975 1854 2491 2217
2136 1846 2483 2120
798 1838 1016 2153
2685 1830 2927 2096
2443 1822 2628 2080
1790 1822 2136 2040
1548 1814 1935 2104
2274 1806 2515 2072
201 1790 427 2145
2782 1782 3024 2056
2346 1757 2540 1935
1782 1757 2088 1919
935 1757 1153 2032
1338 1733 1556 1927
403 1725 798 2177
2532 1717 2782 2080
1378 1709 1612 1870
1072 1693 1387 2032
0 1693 217 1870
2733 1685 2983 1903
2096 1677 2532 2104
2169 1661 2419 1838
669 1628 1088 1814
1749 1620 2169 1870
1588 1604 1870 1870
2556 1596 2717 1757
2290 1596 2636 1983
1024 1596 1217 1790
0 1588 201 1798
1435 1556 1669 1830
241 1556 475 1766
887 1548 1104 1790
2564 1507 2830 1725
604 1483 895 1741
2774 1475 3024 1685
1080 1459 1306 1790
1959 1435 2427 1782
870 1403 1056 1636
2314 1395 2886 1717
1556 1378 2048 1733
2265 1330 2491 1491
1911 1330 2136 1507
532 1314 766 1507
1774 1306 1959 1556
1991 1282 2257 1483
1024 1266 1233 1475
2209 1233 2419 1435
564 1233 1072 1548
2314 1225 2564 1427
2765 1193 3024 1362
1838 1193 2153 1403
1483 1193 1862 1491
338 1169 798 2064
2427 1161 2717 1370
1991 1080 2225 1249
2765 1064 2951 1274
2435 1064 2636 1241
733 1064 935 1322
548 1064 830 1330
0 1064 491 1669
1814 1040 2064 1249
895 1032 1241 1322
2596 1024 2862 1290
1249 999 1564 1241
0 991 258 1330
1112 975 1677 1846
1387 967 1564 1169
2782 959 3007 1177
2282 959 2620 1145
322 959 556 1128
193 951 395 1112
870 935 1072 1137
1983 919 2475 1169
1040 919 1306 1120
628 919 830 1088
1572 887 1878 1306
419 878 717 1185
88 870 249 1120
1290 846 1685 1080
1717 822 1983 1056
2322 814 2644 999
2072 774 2378 1016
806 774 975 1056
145 774 443 1056
653 758 895 1008
491 749 685 951
354 749 645 1008
1193 741 1419 1024
0 733 233 1056
2540 725 2886 927
1903 725 2080 967
2540 701 2757 878
1701 669 1951 854
1636 661 1886 1137
1483 645 1701 999
725 645 951 895
532 645 798 806
2362 620 2709 878
870 612 1201 951
1298 604 1491 782
2669 588 2862 758
16 580 322 822
1878 548 2217 999
2717 524 3024 749
0 524 193 766
1935 516 2282 733
145 475 306 645
1169 451 1330 749
967 443 1217 814
2733 427 3024 661
1749 427 1991 725
1870 419 2056 580
1870 411 2314 620
419 395 669 790
2225 387 2540 677
0 387 169 612
540 370 911 725
1185 330 1620 782
1096 330 1298 516
862 330 1128 717
2620 322 2935 661
2282 306 2451 483
2507 298 2709 725
1354 298 1685 685
2185 274 2386 499
2620 266 2838 491
1927 217 2282 556
854 217 1120 459
620 217 911 516
1830 201 2096 540
2370 193 2628 419
274 185 588 475
64 185 266 403
2233 177 2612 596
2161 177 2370 354
2548 169 2709 370
540 161 733 499
1209 145 1483 370
1959 120 2145 330
2177 112 2403 274
1467 112 1685 499
653 112 951 314
0 112 499 653
2395 96 2564 298
1128 64 1354 395
137 64 314 322
2709 48 2886 330
1556 48 1846 282
258 40 467 306
846 24 1088 362
2741 0 3024 217
2419 0 2717 338
2282 0 2564 169
2088 0 2354 193
1983 0 2177 249
1790 0 2080 249
1701 0 1862 169
1459 0 1749 161
1306 0 1564 370
1088 0 1330 185
903 0 1209 362
532 0 887 225
370 0 604 322
0 0 330 217
1088 0 3024 3854
0 1943 3024 4032
0 0 1701 2733
0 2427 314 2669
1645 1556 1911 1774
2048 2185 2386 2459
1330 1193 3024 3854
1088 0 3024 1580
2217 3241 3024 3564
766 0 1298 516
540 112 951 499
1282 887 1741 1169
2209 580 2451 798
0 2798 3024 4032
56 3217 354 3620
0 1943 1935 3709
1088 1943 1274 2128
556 2298 1088 2903
838 2653 1056 2903
1628 266 1862 782
2475 3241 3024 3467
2169 1661 2515 2072
0 2830 266 3007
1774 1306 2136 1580
1596 2249 1927 2757
1596 2249 1927 2499
1596 2467 1782 2757
88 870 395 1120
556 2298 1088 2733
1088 0 3024 1516
1378 1556 1669 1959
1088 0 3024 1306
2540 701 3024 1185
2540 701 2886 927
1217 2725 1467 3104
0 2524 749 3153
0 2524 749 3096
1628 282 1790 782
1814 983 2717 1516
1814 983 2717 1435
1814 983 2717 1370
2548 0 3024 661
2548 0 3024 443
2548 48 2886 370
1330 1193 3024 3322
2298 1161 2717 1370
258 0 467 306
1911 2709 3024 3854
338 3185 693 3411
1701 0 1983 169
1282 887 1741 1145
1241 2919 1467 3104
1403 3693 1991 4032
1516 3693 1991 4032
1556 3693 1991 4032
0 3177 1080 4032
798 3403 1040 3677
475 2709 733 3048
766 0 1209 362
0 0 1701 2032
1217 604 1588 911
1790 1677 3024 2217
1790 1677 2532 2217
306 2524 749 2798
0 733 1153 2733
1911 2709 3024 3782
1911 2709 2846 3782
1911 3435 2427 3782
612 1838 1016 2274
741 1838 1016 2153
129 1620 370 1878
1499 2620 1935 3032
2088 2709 2846 3459
870 1403 1145 1636
2459 2378 3024 2725
1919 2386 2532 2870
2346 1677 3024 2080
2346 1677 2983 2080
1217 604 1491 830
758 2798 3024 4032
0 733 798 2354
16 475 1677 2032
733 1064 1016 1322
1306 0 3024 1290
2338 3475 2636 3854
2088 2782 2846 3459
2161 96 2564 483
935 2999 3024 4032
1411 3507 1677 3830
1128 64 1443 483
645 2064 1153 2733
806 2064 1153 2733
758 2798 1161 3636
0 2644 596 3096
2088 2814 2846 3459
217 3620 572 3862
80 2080 645 2354
1088 0 1983 1306
1572 661 1983 1306
1572 661 1886 1306
1072 2999 1636 3564
1072 3177 1459 3564
1128 3257 1459 3564
1919 2386 2395 2870
2346 1677 2903 2080
2443 1677 2903 2080
2443 1701 2903 2080
2443 1717 2782 2080
1814 983 2370 1330
903 2169 1153 2733
1499 2620 1935 2943
1298 2999 1636 3306
0 733 798 2322
0 0 1701 1241
1040 451 1685 1241
1040 451 1564 1241
2040 2386 2395 2661
1814 1040 2370 1330
2370 153 3024 758
2669 153 3024 758
2717 153 3024 749
2717 306 3024 749
1685 1830 3024 3322
0 1846 290 2096
0 0 1701 1008
766 3024 1161 3636
0 3403 1080 4032
0 3403 266 4032
491 749 878 1088
16 475 645 1128
322 580 645 1128
2370 193 2838 725
1306 0 3007 1290
1330 1193 3024 2322
2596 1024 2951 1290
2088 2814 2717 3459
2088 2814 2653 3459
1330 1612 1862 2322
1330 1612 1733 2096
2515 3443 3024 3636
1306 0 3007 1241
1701 177 3007 1241
2338 3467 3024 4032
0 2644 580 3024
1774 1306 2136 1556
1088 0 1685 685
2717 427 3024 749
1903 725 2169 1032
2443 3467 3024 4032
1991 1080 2370 1330
1040 919 1564 1241
185 3443 1080 4032
185 3596 1080 4032
185 3612 1080 4032
185 3790 895 4032
0 1943 1830 3709
0 1951 943 3709
0 2370 943 3709
758 2798 991 3169
0 2903 919 3709
419 774 1677 2032
830 3612 1080 4032
878 1943 1830 3273
806 774 1072 1137
64 64 314 403
766 3072 1161 3636
540 2370 943 2975
540 2370 943 2919
2507 266 2838 725
935 2999 2443 4032
1064 3322 1314 3798
1685 2032 3024 3322
1701 177 2886 1241
0 2903 854 3709
0 3024 774 3709
249 3314 774 3709
282 3314 774 3709
2515 1830 3024 2499
2515 2072 3024 2499
16 475 435 830
16 475 322 822
2475 2499 3024 2725
1766 2999 2145 3580
1483 1193 3024 2217
806 2064 1120 2370
185 3790 741 4032
1322 2419 1677 2709
1209 145 1685 685
0 2975 475 3153
1854 3153 2072 3386
1354 1895 1862 2322
0 2644 387 2846
1983 177 2886 1241
2225 177 2612 677
935 3112 2443 4032
935 3112 1967 4032
935 3249 1733 4032
1483 1193 3024 1983
2314 1193 3024 1967
419 878 1677 2032
419 878 830 1330
1338 1733 1733 2096
0 1064 798 2322
2096 1677 2532 2120
1685 2032 2886 3209
1548 1814 2225 2217
1548 1814 2112 2153
185 3862 725 4032
1596 3112 1967 3532
0 3024 354 3507
1790 1822 2491 2217
935 3249 1620 4032
935 3257 1620 4032
1483 1193 2886 1983
1838 1193 2257 1483
846 24 1120 459
919 1943 1709 2459
1112 2145 1709 2459
2612 2661 3024 3322
532 975 1677 2032
887 1540 1185 1790
2515 2185 3024 2499
1975 3064 2274 3419
1620 3443 2443 4032
1838 3596 2443 4032
1991 1080 2370 1249
2314 1225 2782 1459
919 1943 1435 2354
1048 1943 1435 2354
0 1951 604 2685
0 2209 604 2685
120 2209 604 2685
1685 2362 2330 3209
878 2403 1830 3273
1701 217 2314 999
1870 217 2314 999
911 2403 1830 3273
1064 2403 1830 3249
1064 2403 1620 3015
1064 2403 1580 2830
1128 2548 1580 2830
1354 1895 1661 2257
911 2411 1338 3273
911 2411 1241 3273
975 2411 1241 3193
532 1233 1233 1814
532 1233 1088 1814
1870 217 2314 733
0 1064 798 2177
1935 3596 2443 4032
1935 3725 2443 4032
1983 620 2886 1241
1983 620 2886 1169
1983 814 2886 1169
2515 2185 2975 2499
975 2685 1241 3193
0 0 887 653
0 0 628 653
370 0 628 322
2265 1330 2886 1983
2290 1395 2886 1983
1072 975 1677 2032
1685 2362 2136 3209
2556 1193 3024 1967
1459 0 2096 540
1459 0 1846 499
1483 1193 2491 1919
1685 2362 2104 2822
1072 1459 1387 2032
419 217 1701 1008
725 330 1701 999
1556 1378 2491 1919
1959 1435 2491 1782
0 112 588 653
1757 2032 2886 2927
2064 2040 2886 2927
2330 2040 2798 2524
935 3459 1588 4032
935 3669 1540 4032
1040 3773 1540 4032
2072 620 2709 1016
1983 814 2644 1169
1983 919 2620 1169
1266 3459 1588 3878
491 749 830 1088
1870 217 2314 620
2556 1282 2967 1507
1757 2032 2403 2548
419 217 911 1008
419 217 911 806
1556 1378 2169 1919
1556 1378 2169 1870
201 1169 798 2177
870 330 1701 999
564 1233 1088 1814
338 1169 798 2177
604 1483 1088 1814
1459 0 1749 499
419 370 911 806
532 370 911 806
1935 3741 2443 4032
967 330 1701 999
967 330 1620 814
1306 290 1645 685
2661 475 3024 749
709 3612 951 3959
709 3612 878 3959
0 2370 556 2943
0 2370 556 2894
1298 0 2145 725
1064 2193 1249 2370
2814 3257 3024 3427
322 903 572 1185
564 1201 790 1387
1298 0 2104 725
314 2104 1096 2733
1895 749 2169 1032
2693 0 3024 483
2693 0 3024 451
2427 1475 3024 2104
2282 0 2572 282
2282 0 2572 169
2040 3225 2265 3443
314 2104 862 2427
588 2128 862 2411
935 1838 1153 2032
241 2975 604 3257
1757 3556 2346 3983
1757 3596 2193 3983
1169 120 3024 4032
0 0 2435 4032
0 3661 177 4032
1282 2903 1620 3104
0 2257 346 2604
0 2257 266 2604
1749 3419 1951 3661
2459 2959 2717 3233
0 3169 258 3612
2435 3467 3024 4032
427 1725 854 2112
427 1725 854 2064
556 1725 854 1999
96 2878 282 3177
532 943 1024 1733
532 943 999 1733
532 943 999 1491
572 943 999 1491
572 943 999 1370
637 943 999 1370
419 2265 1088 3080
2072 2556 2499 2838
1298 0 2096 725
2532 3451 3024 3628
241 3024 556 3257
0 645 443 1330
774 0 2435 1145
774 0 1886 1145
1169 2088 1677 2644
1282 2088 1556 2459
1338 120 3024 4032
1080 0 2435 1088
0 0 2225 4032
403 3725 1556 4032
