0 0 3024 4032
806 0 1975 741
806 0 1975 516
1653 499 1967 741
620 725 903 1193
2564 1209 2725 1596
0 2330 451 2677
2709 2274 2951 2580
540 193 1604 709
540 290 1427 709
387 1709 620 1919
749 1056 1104 1257
1096 556 1596 1016
1233 556 1596 1016
1233 556 1475 991
1757 411 2822 1346
112 1048 508 1459
1177 1233 1886 2161
1177 1233 1588 1645
1338 1233 1588 1524
145 2701 580 3032
1830 0 2225 604
1830 0 2104 604
1830 112 2104 604
201 3451 653 3854
0 3830 314 4032
467 0 1314 346
467 0 1153 346
870 2096 1064 2403
2806 516 3024 1040
2725 2886 3024 3491
540 3854 1016 4032
540 3854 919 4032
1249 1532 1886 2161
1249 1532 1870 2161
1314 193 1604 403
540 1919 814 2145
249 3451 653 3782
2209 870 2661 1306
2290 870 2661 1306
467 0 1080 346
491 2370 919 2862
491 2419 862 2862
919 3096 1387 3733
1008 3096 1387 3733
1161 3241 1387 3733
1008 2314 1596 2903
1008 2515 1596 2903
1322 2515 1596 2903
0 0 878 782
0 0 878 628
0 0 645 628
0 0 508 524
491 2451 846 2862
491 2451 814 2790
0 177 3024 4032
459 1153 943 1870
2265 2395 2604 2653
991 3249 1217 3507
0 3064 403 3427
0 3064 298 3427
2717 1249 3024 1507
1378 2604 1596 2903
0 379 354 1040
2145 3282 3024 4032
2145 3403 3024 4032
2620 0 3024 661
709 1459 943 1870
491 2572 677 2757
2620 129 3024 661
2661 395 3024 661
0 0 379 524
1524 2274 1911 2596
1612 2274 1911 2548
1008 2620 1427 2798
1008 2620 1266 2790
1766 3015 2330 3548
1911 822 2386 1435
2024 822 2386 1435
2104 1056 2386 1435
2193 3282 2540 3878
798 491 2016 1628
2483 2306 3024 2846
2483 2435 3024 2846
2193 3282 2483 3878
2741 483 3024 661
0 895 1838 4032
1491 2653 1838 3112
1491 2701 1838 3112
0 379 201 1040
1782 1669 3024 2298
1782 1669 2725 2233
1782 1669 2362 2233
1782 1669 2362 2064
2435 1935 3024 2298
2435 1935 2975 2298
2435 1935 2822 2298
1048 491 2016 1628
1209 491 2016 1628
1346 491 2016 1628
1346 491 1951 1628
709 1459 943 1741
1983 1951 2153 2233
1878 411 2822 991
0 895 1717 4032
0 2475 1717 4032
387 2475 1717 3878
1346 516 1951 1628
1346 516 1951 1137
1766 3201 2330 3548
1766 3233 2233 3548
1709 1249 2016 1451
1782 1669 2362 1943
2048 1669 2362 1943
0 2588 1185 4032
0 2669 1185 4032
0 2669 185 2886
1822 241 2943 1064
1822 241 2806 725
2048 241 2806 725
2104 241 2806 725
2104 241 2653 596
0 895 1233 2580
1596 516 1951 1128
387 2475 1467 3878
387 2475 1322 3878
387 2475 1209 3878
387 2475 1209 3467
798 943 1636 1403
2483 2435 3024 2822
0 2782 1185 4032
2104 241 2644 540
0 2782 911 3886
387 2475 1209 3346
0 895 1233 2572
0 895 1233 2556
0 895 927 2556
0 1217 927 2556
0 1217 927 2322
177 3475 1185 4032
177 3475 774 4032
1411 3394 2088 3975
1427 3451 2088 3975
1427 3451 1854 3919
1475 3451 1854 3919
0 895 419 1451
0 895 419 1322
1766 3241 2104 3548
491 3644 1185 4032
282 3475 774 3919
1459 1024 1814 1628
1459 1161 1669 1628
1459 1217 1653 1628
0 177 1645 1935
685 1161 1419 1935
2524 645 2943 1064
40 0 379 524
40 0 306 379
40 64 225 379
0 1257 927 2322
806 1306 1419 1935
709 3346 1201 3878
838 3346 1201 3878
717 927 3024 4032
878 1846 1241 2233
935 1846 1241 2233
32 1354 927 2322
2580 2435 3024 2822
798 1564 1233 2040
0 177 1645 1362
0 177 862 1362
403 483 862 1362
403 628 733 1362
419 733 733 1362
717 491 1645 1128
717 491 1604 1128
306 3846 524 4032
0 3443 354 3886
0 3548 354 3886
548 403 878 628
717 2403 1499 3128
967 2749 1499 3128
2056 1669 2362 1943
1620 3717 2088 3975
0 999 249 1322
153 2249 508 2483
153 2249 435 2483
0 2782 911 3636
903 927 3024 4032
1749 927 3024 2032
838 3346 1056 3749
967 2749 1499 3040
1870 927 3024 2032
1620 3806 2088 3975
2580 2435 2935 2798
903 1161 3024 4032
903 1161 2233 3661
1548 1161 1854 1830
1548 1387 1854 1830
798 1564 1185 2040
798 1564 1080 2040
903 1717 2233 3661
903 1717 2153 3661
0 2878 911 3636
0 2878 911 3596
387 2475 1209 3257
258 3273 725 3596
2427 927 3024 1540
1120 1911 3024 4032
2322 2749 2854 3144
2378 2774 2854 3144
2725 3048 3024 3491
120 0 306 314
1120 2870 3024 4032
1120 3088 3024 4032
1628 3088 3024 4032
1814 3088 3024 4032
1814 3088 3024 3983
1814 3088 3024 3806
1814 3144 2612 3806
2007 3144 2612 3806
0 2878 911 3386
225 2886 911 3386
798 1620 1080 2040
1628 1604 1854 1830
967 3507 1201 3878
2749 2774 3024 3144
2483 3088 3024 3652
2483 3088 2927 3475
2483 3217 2927 3475
499 2145 838 2556
1870 1314 3024 2032
2007 1911 3024 3040
903 1814 2153 3661
903 1814 2153 3427
903 1814 2153 3177
1669 2161 2153 3177
491 3644 1016 4032
903 1814 2024 2685
903 2032 2024 2685
0 177 532 1104
80 387 532 1104
2007 1911 3024 2991
2007 1911 2878 2991
153 1354 927 2322
717 532 1346 1128
88 459 532 1104
2201 2016 2564 2274
1120 3265 1677 4032
1120 3273 1669 4032
0 524 201 1040
2765 2096 3024 2395
2007 1911 2701 2991
2048 2274 2701 2991
2007 1911 2548 2636
387 2475 1040 3257
153 1354 919 2322
1161 3273 1669 4032
1161 3273 1532 4032
1870 1314 2935 2032
1870 1314 2782 1830
2040 1507 2782 1830
2354 2274 2701 2653
2838 3088 3024 3491
806 1306 1403 1838
2193 3443 2443 3878
903 2080 1741 2685
991 2080 1741 2685
1080 2080 1741 2491
153 1354 709 2322
209 1354 604 1733
225 2886 814 3386
2048 2556 2580 2991
153 1636 709 2322
540 3854 830 4032
1886 3838 2403 4032
959 3838 1185 4032
1620 3814 1919 3975
177 3814 379 4032
2822 3798 2983 3983
1911 3773 2265 3983
491 3773 806 4032
282 3749 556 3919
1411 3725 1669 4032
2193 3709 2362 3878
1120 3701 1387 4007
1822 3661 2072 3838
1161 3661 1499 4032
2798 3652 3024 3878
774 3644 1016 3983
491 3628 870 3830
1427 3620 1604 3790
0 3620 354 3886
758 3588 967 3822
1475 3580 1854 3919
967 3540 1201 3878
225 3540 435 3709
1677 3523 1886 3709
1024 3507 1193 3741
991 3499 1169 3701
249 3499 548 3782
491 3475 774 3757
2717 3467 2927 3661
838 3459 1056 3749
2217 3443 2443 3765
1814 3443 2072 3765
2290 3435 2644 3894
2838 3427 3024 3652
96 3427 298 3636
1161 3403 1387 3733
709 3403 943 3693
1766 3378 2024 3548
2007 3354 2338 3806
612 3346 903 3580
1991 3306 2169 3612
387 3306 725 3564
669 3298 935 3467
2838 3290 3024 3491
2290 3282 2483 3467
1225 3273 1532 3741
258 3273 435 3596
2677 3265 2927 3475
1572 3257 1854 3661
1895 3241 2104 3403
919 3225 1185 3556
96 3225 370 3596
2483 3217 2806 3467
2161 3201 2330 3419
2306 3144 2612 3378
1257 3144 1596 3354
0 3144 201 3427
701 3112 911 3330
1008 3096 1306 3314
2540 3088 2774 3290
112 3064 298 3290
2725 3048 2967 3370
1282 3048 1467 3241
2443 3015 2661 3193
2080 3015 2314 3314
1782 2991 2040 3427
2016 2967 2290 3314
1161 2967 1322 3201
2572 2951 2774 3144
903 2951 1209 3153
0 2951 266 3217
749 2911 1040 3257
459 2911 814 3161
1419 2903 1717 3217
225 2886 741 3386
0 2878 411 3064
2217 2870 2491 3209
2185 2838 2395 3015
967 2838 1217 3040
1201 2830 1491 3128
1604 2790 1838 3112
2846 2774 3024 3144
2749 2774 2935 2967
2378 2774 2854 3112
2322 2749 2717 2967
1112 2749 1499 2951
1491 2701 1814 2919
249 2701 580 3032
1378 2693 1556 2903
2669 2685 2919 2846
1499 2653 1757 2878
2580 2604 2741 2798
1378 2604 1596 2774
1596 2580 2040 3185
1669 2564 1935 2846
2249 2556 2580 2830
2048 2556 2419 2991
387 2475 903 3007
508 2451 814 2790
2644 2435 2935 2709
596 2419 862 2620
2524 2411 2701 2653
717 2403 1161 3024
2346 2395 2604 2580
274 2386 483 2572
2709 2362 2951 2580
1524 2346 1911 2596
2620 2338 2782 2548
1645 2338 1822 2548
1443 2330 1717 2564
1257 2314 1548 2532
991 2298 1403 2685
1846 2290 2007 2507
2354 2274 2628 2491
1612 2274 1911 2435
153 2249 435 2411
451 2233 620 2499
1056 2217 1233 2419
2580 2185 2878 2451
1080 2169 1588 2491
2007 2161 2548 2636
1822 2161 2153 3177
2161 2145 2378 2314
903 2145 1137 2314
572 2145 838 2556
766 2128 1008 2580
2435 2120 2685 2298
2765 2096 3024 2362
2314 2096 2564 2274
1435 2080 1741 2362
1983 2072 2153 2233
354 2048 709 2322
0 2048 249 2395
1717 2032 2024 2330
653 2032 919 2265
2782 1943 2975 2128
2572 1935 2822 2161
540 1919 733 2104
2096 1911 2290 2177
32 1886 258 2136
2346 1870 2725 2128
935 1846 1241 2145
1782 1814 1967 2032
653 1814 927 2080
1943 1790 2225 2161
2378 1766 2556 1967
1257 1766 1419 1935
798 1766 983 2040
2249 1717 2483 1903
1137 1717 1532 2290
403 1709 620 1886
2814 1693 3024 1951
1782 1669 2096 1903
508 1653 733 1911
153 1636 677 2265
806 1620 1080 1830
1693 1612 1854 1830
1249 1612 1870 2161
2588 1604 2935 2032
2483 1588 2782 1830
48 1572 379 1886
1266 1532 1604 1741
1903 1524 2080 1701
233 1516 604 1733
2040 1507 2507 1806
1749 1499 2112 1830
2419 1483 2661 1725
733 1459 943 1685
2628 1451 2903 1685
1475 1419 1653 1628
1548 1387 1846 1653
1177 1378 1443 1645
209 1354 524 1636
1016 1330 1274 1572
2064 1322 2257 1612
2717 1314 2878 1499
1870 1314 2145 1628
112 1274 395 1459
0 1257 266 1790
2653 1241 2862 1459
1338 1233 1564 1459
330 1217 564 1451
2225 1201 2386 1435
798 1193 1104 1354
1669 1161 1838 1387
1467 1161 1669 1338
685 1161 911 1330
2790 1153 3024 1330
459 1153 895 1830
2177 1145 2499 1596
0 1145 177 1322
475 1072 733 1362
2104 1056 2265 1419
749 1056 999 1257
177 1048 508 1306
2209 1040 2378 1290
32 1040 395 1266
1596 1024 1814 1193
2427 1016 2822 1540
1048 943 1636 1403
717 935 903 1193
2701 927 3024 1201
1048 895 1395 1128
129 895 419 1112
2290 870 2661 1177
1346 846 1596 1137
2024 822 2362 1137
1757 814 2153 1346
0 814 201 1040
2677 806 2943 1064
1096 782 1330 951
419 733 701 1128
846 717 1080 895
717 701 1306 1128
1596 685 1951 1128
169 661 532 1104
2524 645 2870 1056
145 645 354 830
403 628 693 911
1572 556 1838 870
1233 556 1475 887
2540 548 2806 725
1878 548 2370 911
870 532 1346 878
0 524 161 830
2806 516 3024 983
1733 516 1927 846
1338 491 1604 887
556 483 862 806
338 459 548 782
88 459 459 733
2274 411 2822 991
2661 395 3024 556
2459 395 2653 596
1822 395 2209 653
80 387 314 628
0 379 185 628
443 306 645 628
161 249 322 411
2362 241 2644 532
2104 241 2475 540
1411 193 1604 403
0 177 266 459
120 145 282 314
2620 129 3024 548
1830 112 2040 379
370 88 548 435
346 80 508 459
1919 0 2983 499
1903 0 2225 185
1838 0 1999 241
927 0 1153 161
274 0 548 306
0 0 177 161
0 0 1612 4032
338 0 3024 4032
991 1669 3024 4032
338 0 3024 2604
927 0 1314 161
201 3749 556 3919
1766 1387 2032 1548
2096 2838 2395 3040
2862 1903 3024 2257
2862 1919 3024 2257
72 1225 411 1459
338 0 2265 1354
1048 0 3024 2604
2822 3798 3024 3983
2661 354 3024 612
1612 2209 2007 2548
1612 2209 2007 2507
1612 2209 1911 2435
1911 790 2112 1233
1911 790 2112 1056
1749 1790 1991 2161
1782 1790 1991 2056
1782 1814 1991 2056
112 1266 411 1459
2024 1669 2378 2064
2048 1669 2378 2032
0 1572 1403 4032
0 0 1612 2620
911 895 1395 1217
1733 395 2209 846
1733 516 1967 846
758 3459 1201 3878
508 725 911 1330
508 935 685 1145
1596 1024 1838 1387
620 725 911 1330
2419 1153 3024 1806
2209 1040 2386 1435
2362 241 2943 1064
2362 241 2653 596
0 0 1604 2620
951 1685 1233 2024
2056 1669 2378 2032
0 112 322 628
1161 1177 1612 1556
1161 1177 1588 1556
1161 1177 1588 1524
1161 1177 1564 1459
1161 1177 1475 1346
1838 0 2225 241
2290 3282 2540 3491
2419 1153 3024 1725
2580 1153 3024 1685
870 2016 1080 2403
1951 379 2265 653
80 169 322 628
758 3459 1056 3822
80 249 322 628
338 0 1975 1354
1266 846 1596 1137
2524 524 2943 1064
112 2975 403 3338
2661 395 3024 612
2378 1766 2653 1967
112 3064 403 3338
951 1806 1233 2024
0 2669 387 2959
870 2016 1080 2330
1048 491 2265 2491
1628 1540 2096 1903
1693 1540 2096 1903
1435 2524 1725 2685
991 1911 3024 4032
991 2314 2403 4032
1564 3112 1846 3306
1564 3112 1814 3298
1878 0 3024 2604
1419 1911 3024 4032
2677 3265 3024 3878
2798 3612 3024 3878
733 1459 943 1741
459 0 1975 1354
338 88 645 782
370 88 645 628
467 0 1975 1354
1499 2564 1935 2878
2628 1153 3024 1685
0 2782 387 2959
2677 3265 2927 3661
991 3241 1330 3515
306 3346 1185 4032
1233 491 2265 1628
1233 491 2153 1346
1766 2604 2919 3548
2580 2604 2919 2846
1766 2774 2854 3548
153 1153 1604 2620
153 2233 919 2620
153 2233 862 2620
499 2386 862 2620
0 0 733 1790
1693 1612 2096 1903
2669 1943 3024 2604
1048 943 2225 2491
2048 475 2265 653
1499 3265 1677 3604
2669 1943 3024 2395
2524 524 2911 1056
2540 524 2911 725
2628 1314 2903 1685
2201 2016 2685 2298
0 0 701 1790
1870 1056 2265 1628
2080 2774 2854 3419
2080 2774 2854 3378
2378 2774 2854 3193
1628 3661 2403 4032
1628 3806 2403 4032
991 2314 1919 4032
1193 2314 1548 2798
1193 2515 1467 2798
306 3346 1016 4032
991 2604 1919 4032
991 3499 1193 3741
1766 3661 2265 3983
1822 3661 2265 3983
306 3346 967 4032
491 3346 967 4032
491 3346 967 3830
2669 1943 3024 2362
2765 1943 3024 2362
1112 2604 1919 4032
1112 2604 1596 3241
1112 2604 1596 3128
1112 2749 1499 3128
1338 491 2153 1346
1532 685 2153 1346
120 0 379 524
153 2233 620 2572
153 2249 483 2572
1766 2967 2290 3548
717 935 1104 1354
1814 2338 3024 4032
233 1153 1604 2580
2483 2338 3024 2822
2524 2338 3024 2822
2644 2435 3024 2822
233 1153 1604 1935
2524 2338 2951 2653
2524 2338 2782 2653
0 0 258 201
0 0 258 185
2080 3015 2612 3378
387 2104 1403 3556
387 2145 1403 3556
919 3096 1306 3556
233 1153 1604 1911
0 177 701 1790
0 177 459 1153
1814 2774 3024 4032
2483 2774 3024 3652
2838 3088 3024 3652
1878 0 3024 2161
72 3427 298 3725
1120 3144 1919 4032
653 1766 1241 2580
653 1766 1008 2580
387 2145 1403 3467
387 2145 1403 3257
749 1056 1104 1354
1814 3354 3024 4032
233 1516 733 1911
1048 943 1725 1427
467 0 1975 1128
0 379 459 1153
0 379 459 1040
2483 2774 3024 3467
459 1153 1604 1838
2838 3290 3024 3652
1419 1911 2878 3661
2040 1145 3024 2161
556 483 1306 1128
0 628 701 1790
0 628 701 1322
1080 1387 2225 2491
1548 1387 2112 1830
387 2145 1403 3153
467 0 1975 709
669 3112 935 3467
2064 1145 2499 1612
1814 3354 2443 3878
1120 3144 1854 4032
0 1572 838 4032
0 3443 548 4032
2007 1911 2878 3209
0 1572 838 3596
201 0 379 524
1878 0 3024 1540
1878 411 3024 1540
1628 3806 2088 4032
806 1306 1604 1838
0 379 459 830
1048 943 1669 1403
0 2878 411 3427
0 2951 266 3427
0 3443 548 3886
0 3499 548 3886
169 628 701 1306
2040 1507 3024 2161
2040 1507 2935 2161
2040 1507 2935 2128
2274 411 3024 1540
2274 411 2862 1540
1080 1612 2225 2491
653 1766 983 2265
1814 3354 2338 3806
1596 685 2153 1346
1419 2161 2153 3661
169 628 693 1306
0 379 185 830
2354 2185 2878 2491
0 2588 814 3596
96 2886 741 3596
0 1572 838 2677
354 2048 838 2556
467 0 1975 516
1080 1612 2024 2491
1419 2580 2040 3217
2249 1604 2935 2128
225 2886 741 3596
387 2145 1403 3024
2007 1911 2717 3209
2701 516 3024 1201
2274 411 2822 1540
2483 2951 2967 3467
903 2838 1217 3153
0 1257 524 1790
2483 3048 2967 3467
0 2588 814 3161
1080 2032 2024 2491
1524 2161 2153 3661
2346 1604 2935 2128
169 628 693 1104
2007 1911 2580 2991
1120 3273 1854 4032
1120 3273 1854 4007
1161 3273 1854 3919
0 1572 677 2677
0 1572 677 2395
2274 411 2822 1177
387 2298 1403 3024
1572 2991 2040 3661
2007 2161 2580 2991
491 3403 943 3830
1878 548 2370 1137
1919 0 3024 548
2217 2749 2717 3209
1524 2161 2153 3177
717 2298 1403 3024
32 1572 677 2265
32 1572 379 2136
225 2886 741 3564
1137 1612 1870 2290
0 2588 580 3032
2007 2161 2548 2991
1225 3273 1854 3919
1467 2507 1830 2774
1693 3556 2104 3975
1419 2685 1717 3298
709 717 1112 1354
741 3588 959 3886
2290 3080 2774 3483
1822 1725 1991 2056
1886 967 2112 1233
1096 782 1338 951
1419 2685 1717 3193
782 1612 1225 1919
298 3838 524 4032
2685 612 3024 1088
709 717 1056 1282
1693 3733 2072 3975
0 3225 435 3919
2580 1209 2862 1475
104 0 3024 887
459 0 3024 725
459 0 3024 612
1354 387 1959 669
0 112 3024 4032
104 0 862 887
129 0 862 887
241 0 862 887
1604 975 1814 1338
330 2193 830 2765
177 2862 427 3064
2693 2274 3024 3362
2693 2306 3024 3362
2693 2395 3024 3362
2540 314 3007 725
2540 314 2975 725
0 959 733 1935
1717 1257 2064 1685
475 2838 1411 3878
483 2838 1411 3878
766 2838 1411 3354
766 2838 1411 3282
766 2862 1225 3282
40 959 733 1935
40 959 733 1919
40 991 733 1919
40 1008 733 1919
40 1249 733 1919
2007 3378 2467 3943
2016 467 2274 677
2024 3427 2467 3943
2024 3427 2427 3943
2024 3427 2362 3943
2024 3612 2362 3943
2822 2628 3024 3362
1830 104 2104 491
282 0 862 806
338 338 862 806
483 3249 1217 3878
2265 1661 2741 2128
330 2193 693 2765
459 2290 693 2765
1370 2104 2564 3427
1499 2104 2564 3427
1499 2104 2564 3403
1524 2104 2564 3403
1524 2104 2193 3403
483 3306 1201 3878
483 3306 1169 3878
2862 2725 3024 3362
40 1249 661 1919
40 1249 604 1886
40 1338 483 1886
40 1346 475 1886
1032 2838 1411 3185
2088 2870 2564 3282
830 249 3024 3919
830 467 1967 1378
943 249 3024 3919
943 1112 2507 2249
943 1314 1419 1903
1725 249 3024 3919
338 379 862 806
669 3306 1169 3878
959 3540 1169 3878
846 2016 1193 2403
782 1620 1225 1919
782 1620 1080 1854
1370 2580 1733 3015
1016 1314 1419 1903
0 112 2467 4032
999 499 1967 1378
1717 1257 2007 1451
0 2072 2467 4032
669 3306 1080 3693
669 3306 967 3693
701 3346 967 3693
1725 249 3024 3661
1387 2580 1733 3015
1757 249 3024 1628
1757 249 3007 1628
1757 249 3007 1540
1757 403 3007 1540
2096 2870 2564 3193
1725 822 3024 3661
2330 1499 2661 1741
0 2451 838 3790
830 467 1403 1225
0 3225 435 3709
2233 2870 2564 3193
0 2451 838 3161
1177 1112 2507 2249
2048 1725 2524 2072
1137 3661 1499 4032
2838 2217 3024 2411
1975 822 3024 3661
0 3741 830 4032
0 3741 580 4032
1725 1911 2346 2306
0 112 1330 2975
0 112 1185 1854
0 112 564 1806
782 2072 2467 4032
782 2959 2467 4032
782 3169 2395 4032
0 112 564 1427
1580 2959 2467 3790
782 3169 1919 4032
991 3169 1919 4032
1161 3169 1919 4032
370 677 1185 1854
1387 2580 1620 2919
370 725 1185 1854
903 2072 1741 3249
0 2499 838 3161
903 2072 1741 3169
999 2443 1564 3169
0 112 467 1387
999 2596 1475 3169
2532 822 3024 2104
2532 822 3024 1806
0 112 403 935
1580 2959 2161 3790
1975 2048 3024 3661
2395 3273 3024 3661
2548 3273 3024 3661
1975 2048 3024 3451
1975 2145 2991 3451
1749 1911 2346 2193
2677 3273 3024 3661
903 2072 1741 2677
1580 3233 2161 3790
0 1516 1330 2975
0 2951 741 3790
0 314 403 935
1137 3870 1306 4032
1693 3814 1919 3975
0 3814 379 4032
499 3806 830 4032
1669 3765 2395 4032
2024 3741 2233 3943
201 3741 580 3902
991 3677 1443 4032
1201 3661 1499 4032
475 3652 870 3830
2814 3620 3024 3919
0 3620 274 3919
1677 3596 1895 3782
782 3596 1024 4032
758 3588 959 3862
1419 3548 1919 4032
999 3548 1169 3725
483 3507 895 3814
701 3499 862 3693
2145 3483 3024 4032
475 3467 774 3773
2298 3459 2467 3652
862 3459 1080 3677
2548 3394 2903 3652
2395 3386 2644 3556
2007 3378 2298 3806
983 3346 1153 3507
758 3346 967 3596
0 3338 258 3709
669 3306 911 3532
96 3306 725 3790
2765 3290 3024 3661
2677 3273 2903 3475
2290 3273 2483 3483
1790 3265 1983 3427
1580 3249 1854 3596
983 3249 1217 3507
669 3249 830 3467
919 3241 1185 3499
1757 3233 2161 3790
249 3233 435 3523
88 3225 435 3604
2088 3193 2467 3499
1088 3185 1411 3354
1161 3169 1709 3733
2024 3120 2298 3378
661 3088 1008 3362
2338 3080 2774 3378
2862 3064 3024 3362
2088 2975 2451 3282
1612 2959 1846 3273
2483 2951 2798 3128
1137 2951 1411 3185
0 2951 741 3411
