0 0 1824 4000
1048 1544 1304 2512
288 2832 664 3240
544 1456 1528 3008
0 2792 768 4000
0 0 1456 1664
616 3224 952 3792
544 1456 1104 3008
1112 0 1824 2384
1112 0 1824 2344
1144 1760 1456 2064
0 216 1824 4000
120 3728 392 4000
1040 2192 1824 2880
1168 2192 1824 2880
1216 2192 1824 2536
0 2792 768 3800
800 632 1136 1392
1384 2288 1824 2536
0 216 1072 1840
0 1032 880 1752
0 1096 880 1752
1216 2192 1464 2400
0 1600 1824 4000
1232 1520 1824 2344
1232 1712 1824 2344
1232 1808 1824 2344
1112 0 1824 1736
1168 2280 1824 2880
1168 2280 1696 2720
112 2576 1824 4000
696 2624 1008 3400
696 2624 1008 3352
0 216 920 1216
0 1600 832 3760
112 3144 648 3744
696 2624 904 3352
152 2576 1824 4000
152 3344 1360 4000
1592 2488 1824 2880
0 944 928 1344
712 680 1072 1840
72 1512 632 1752
0 352 264 984
944 2576 1824 4000
1040 3472 1824 4000
1232 1816 1824 2344
0 976 544 1184
392 0 1456 1664
1328 1712 1824 1888
1168 2280 1544 2592
944 2576 1824 3968
672 3224 952 3712
968 2576 1824 3968
968 2576 1592 3464
792 816 1072 1840
0 1600 784 3760
0 1600 784 3512
792 816 1072 1336
1040 2664 1824 3968
1024 2632 1728 3328
1120 3536 1824 4000
792 816 1048 1336
1024 2744 1728 3328
1152 3520 1824 3968
1376 0 1824 1376
1040 2664 1824 3840
1232 2056 1824 2344
1040 2664 1824 3584
784 1520 1104 3008
1232 2056 1624 2248
1040 2984 1824 3584
1040 3208 1608 3584
1560 3720 1824 3888
1176 3688 1824 4000
1384 3680 1824 3968
0 3656 280 4000
616 3584 936 3792
656 3568 1360 4000
1120 3536 1392 3712
1152 3520 1584 3776
1264 3384 1808 3840
112 3384 408 3744
944 3376 1312 3904
152 3344 968 4000
1040 3296 1288 3584
680 3224 952 3712
1184 3208 1608 3536
424 3200 648 3392
720 3176 984 3400
144 3160 384 3456
368 3144 648 3424
1656 3120 1824 3488
608 3024 768 3800
288 3016 496 3240
1184 2984 1824 3464
968 2864 1248 3464
1024 2856 1728 3328
384 2832 664 3160
392 2824 560 3048
696 2800 904 3352
0 2792 688 3800
1072 2744 1648 3024
1472 2664 1824 3080
1008 2576 1592 3168
1384 2512 1696 2720
1592 2488 1792 2744
1032 2472 1528 2888
1472 2368 1824 2536
1040 2328 1336 2568
1384 2288 1824 2480
1168 2280 1448 2592
1216 2192 1456 2368
1048 2160 1232 2512
1400 2080 1824 2296
1184 1992 1456 2240
664 1896 832 3192
1656 1880 1824 2160
1232 1816 1744 2120
1168 1784 1456 2016
1144 1760 1328 2064
48 1632 824 1904
784 1600 1040 3008
1336 1576 1824 1800
248 1552 632 1752
1128 1544 1384 1736
1064 1544 1304 2328
1264 1520 1528 1712
904 1520 1104 2568
72 1512 576 1704
544 1456 880 1840
1456 1448 1824 1624
296 1424 728 1656
1112 1328 1464 1736
832 1328 1064 1840
1320 1296 1824 1512
0 1096 880 1648
936 1080 1120 1392
656 1048 824 1216
0 1032 464 1440
88 944 928 1344
1048 832 1456 1664
792 816 1048 1064
800 632 1136 1096
56 360 920 1216
40 352 264 912
576 256 752 440
0 216 200 768
1440 0 1744 256
392 0 1456 1296
472 0 680 184
0 0 672 512
0 0 1456 4000
0 3656 392 4000
0 0 1456 3800
0 352 928 1344
152 0 1824 4000
1008 0 1824 3888
152 2864 1824 4000
0 0 1456 1840
0 1520 1304 3800
0 1600 960 3800
1072 2632 1648 3024
1296 2368 1824 2880
1040 3472 1824 3968
720 1520 1304 3520
1296 2368 1824 2536
1536 3456 1824 3888
720 1520 1304 3400
0 1600 784 3800
608 1896 960 3800
616 3224 960 3792
1008 0 1824 3840
1128 0 1824 1800
1128 1448 1544 1800
1128 1448 1544 1736
152 3344 1824 4000
0 632 1136 1840
0 1032 1064 1840
1320 0 1824 1624
1320 1296 1824 1624
784 1520 1304 3208
1264 1448 1544 1712
784 1520 1304 3008
72 1424 880 1840
72 1424 728 1752
1008 1576 1824 3840
1168 1576 1824 2480
1168 1784 1824 2480
1168 1784 1824 2344
1008 2280 1824 3840
1008 2328 1824 3840
1008 2328 1592 3168
0 1032 880 1648
1032 2328 1528 2888
608 1896 904 3800
1184 1992 1824 2480
72 1424 728 1704
944 2864 1312 3904
1216 2192 1824 2480
0 0 1048 1216
1536 3456 1824 3720
832 944 1072 1336
1328 1576 1824 2296
1400 1880 1824 2296
1328 1576 1824 1888
664 1896 904 3352
1024 2664 1824 3840
1024 2856 1824 3840
1040 2984 1824 3840
1184 2984 1824 3488
56 360 1048 1216
0 0 752 512
1040 3208 1808 3840
1336 1576 1824 1888
0 0 680 512
1184 3208 1808 3840
16 2752 736 3760
1160 1792 1824 2112
0 1064 904 1816
584 1352 1112 3800
616 1352 1112 3792
1128 1360 1824 2880
1128 1360 1824 2536
0 184 1104 1464
0 336 1104 1464
0 336 1048 1352
1128 1360 1824 2448
1144 1760 1824 2448
1144 1760 1824 2376
1200 2176 1528 2448
616 3176 984 3792
616 3272 952 3792
1384 2440 1824 2880
1432 2488 1824 2880
0 1656 840 4000
0 2816 672 4000
0 0 1824 1840
0 1656 840 3824
152 1600 1824 4000
656 3272 952 3728
1128 1360 1824 1888
1040 2512 1560 2888
944 1600 1824 3960
944 3376 1824 3960
64 392 1048 1352
1224 1880 1824 2344
968 1600 1824 3880
968 2336 1824 3880
584 3080 768 3800
608 3304 768 3800
1320 1360 1824 1552
1224 2040 1824 2344
696 1352 1112 3352
656 3352 936 3728
968 2632 1824 3880
1160 1880 1824 2376
1088 3472 1824 3960
1112 2632 1824 3880
1112 3104 1824 3880
1376 0 1824 1392
1296 2632 1824 3392
152 3432 1824 4000
1000 2336 1592 3128
1536 3760 1824 3960
104 3728 392 4000
1208 3696 1824 4000
616 3568 944 3792
1088 3472 1552 3792
152 3432 1472 4000
112 3392 400 3776
944 3376 1400 3888
768 3272 952 3656
384 3192 672 3440
1112 3184 1824 3880
448 3144 648 3328
1616 3104 1824 3488
968 3040 1272 3496
1456 2928 1824 3392
792 2888 1000 3344
16 2752 696 3760
1472 2712 1824 3048
1296 2632 1640 2936
1000 2576 1592 3128
1312 2552 1544 2712
1432 2520 1720 2736
1032 2336 1344 2640
1456 2288 1824 2536
1224 2200 1472 2400
1400 2088 1824 2296
1224 2040 1640 2272
1584 1880 1824 2160
1160 1880 1456 2248
1376 1840 1824 2112
1160 1792 1536 2056
1144 1760 1344 2000
0 1656 784 3824
1048 1600 1544 2600
0 1600 824 2024
696 1544 1096 3352
1128 1512 1824 1888
832 1352 1112 1776
1112 1256 1824 1736
0 1024 168 1216
0 952 568 1216
88 848 1048 1352
792 632 1144 1368
64 392 920 1224
0 336 256 984
0 224 168 768
0 184 808 680
496 0 1456 1840
0 0 752 496
0 1360 1824 4000
0 1544 1720 4000
0 1656 936 4000
0 224 568 1216
0 336 568 1216
0 1656 784 4000
616 1544 1720 3792
584 1824 936 3800
1032 2336 1720 2936
1296 2520 1720 2936
584 1824 840 3800
152 1360 1824 4000
152 2512 1824 4000
0 392 1144 1816
64 392 1144 1368
1128 1360 1824 2584
1128 1360 1824 2344
616 1544 1544 3792
664 1824 840 3192
1032 2336 1544 2712
1160 1792 1824 2344
152 3040 1472 4000
1000 2512 1824 3880
1000 2512 1592 3128
616 1544 1096 3792
1160 1880 1824 2536
1024 2712 1824 3880
1024 2856 1824 3880
0 1064 1112 1816
616 3272 960 3792
768 3272 960 3656
1128 1360 1824 2296
1376 1840 1824 2296
1376 1840 1824 2160
696 1544 1096 3400
152 3376 1472 4000
720 2888 1000 3400
1128 1408 1824 1888
1224 2200 1824 2536
1456 2232 1824 2536
1128 1448 1824 1888
1328 1448 1824 1624
1336 1456 1824 1784
0 1512 912 2272
720 1512 912 2272
1072 768 1360 1392
64 848 456 1064
1128 1368 1824 2536
1128 1368 1824 2384
32 104 1208 864
32 104 656 768
280 2784 688 3352
280 3048 664 3352
1152 504 1456 1296
1128 1368 1824 2152
0 896 1120 1544
0 3032 464 3776
0 3200 464 3776
568 3304 960 3928
0 1264 496 1656
832 1544 1248 3768
184 376 656 768
464 1816 776 2768
464 1816 768 2768
480 896 1120 1544
1128 1424 1824 2152
1248 2248 1824 2536
472 2784 688 3064
960 2960 1680 3768
832 1544 1088 3768
888 1544 1088 3624
912 1544 1088 3024
96 3200 464 3656
184 376 656 648
1128 1424 1824 1888
1128 1536 1824 1888
1144 1720 1824 1888
1208 2960 1680 3296
56 592 1128 1336
448 600 1128 1336
624 600 1128 1336
0 0 1824 1752
1056 1192 1552 1752
792 632 1128 1336
0 1016 1824 4000
0 1016 912 1776
1048 1552 1248 2528
464 1912 768 2768
56 592 640 1104
0 1016 912 1504
128 1056 912 1504
0 0 1824 1408
32 104 528 504
256 672 640 1104
0 1352 1824 4000
1008 2352 1824 3368
1008 2352 1824 3216
1008 2696 1824 3216
1280 504 1456 1296
0 1016 208 1368
1160 2352 1824 3080
232 1456 872 1776
0 1352 1088 3752
648 1352 1088 3752
784 1352 1088 3752
128 3152 1824 4000
1424 264 1824 1408
1456 592 1824 1408
1456 696 1824 1408
128 3168 1824 4000
128 3440 1400 4000
128 3440 680 4000
128 3440 624 4000
128 3544 608 4000
784 1480 1024 3752
648 1808 880 3464
1008 2768 1824 3216
1072 2776 1824 3216
1032 3168 1824 4000
0 0 1824 1336
616 3576 1400 4000
0 280 248 1000
0 1656 688 3496
1336 1456 1824 1760
1360 1456 1824 1616
272 2544 576 2944
184 3440 624 3792
1296 2912 1824 3216
648 1808 840 3464
1160 2352 1824 3048
192 3440 624 3792
168 0 1824 1336
168 0 1824 960
1336 1584 1824 1760
1456 912 1824 1408
0 1656 688 3184
128 3584 608 4000
1248 2408 1824 3048
1344 2432 1824 3048
1344 2432 1824 2712
0 1032 208 1368
784 1544 1008 3752
520 368 1208 864
704 368 1208 864
960 3024 1264 3768
1032 3168 1672 3768
1648 696 1824 1120
168 0 1696 960
168 0 1344 640
896 304 1280 640
824 1544 1008 3184
168 0 1344 432
0 1656 688 2984
0 1656 680 2984
0 2184 472 2984
48 2184 472 2816
824 1544 1008 3008
0 1656 680 2360
1152 56 1696 960
1384 56 1696 488
1440 56 1696 360
1056 3168 1672 3576
0 1656 632 2360
1376 0 1824 432
384 0 1344 432
624 0 1344 416
624 0 1344 408
928 0 1344 408
0 1656 448 2360
0 1992 328 2360
1168 1976 1824 2384
1152 224 1416 960
112 2184 472 2640
0 1656 448 2128
1168 1976 1824 2296
1376 0 1824 264
0 1656 248 2048
952 0 1344 408
624 0 968 344
0 1688 248 2048
360 3840 680 4000
840 3776 1384 4000
568 3768 960 3928
88 3760 280 4000
128 3752 384 4000
1488 3736 1824 4000
1200 3728 1616 4000
1208 3680 1488 3848
1464 3664 1824 3888
128 3664 512 4000
0 3656 160 4000
192 3592 480 3792
416 3584 608 3912
736 3576 1400 4000
448 3544 608 3720
1032 3472 1528 3768
664 3464 832 3768
56 3464 352 3736
256 3440 624 3784
960 3408 1192 3768
1272 3384 1824 3712
1056 3304 1264 3576
176 3304 464 3648
1184 3288 1488 3536
1600 3272 1824 3488
1376 3200 1640 3368
96 3200 360 3656
1184 3168 1672 3424
352 3152 648 3464
1360 3104 1680 3296
1648 3096 1824 3368
280 3096 576 3352
0 3056 240 3496
384 3048 664 3232
112 3032 384 3456
960 3024 1264 3456
1208 2960 1440 3256
416 2928 664 3136
1320 2912 1824 3216
520 2792 688 3064
472 2784 688 2992
1072 2776 1472 3112
1008 2768 1272 3152
0 2744 520 3184
1576 2672 1784 3048
1032 2544 1600 2912
1520 2496 1824 2712
48 2456 352 2816
1040 2448 1520 2680
1344 2432 1672 2640
424 2416 592 2632
0 2416 176 2696
1248 2408 1488 2584
8 2344 184 2536
240 2336 472 2640
1464 2296 1824 2536
1248 2248 1496 2424
216 2224 488 2424
464 2200 744 2768
112 2184 296 2480
1048 2168 1248 2528
0 2120 168 2360
1272 2040 1824 2296
0 1992 328 2240
1168 1976 1464 2240
184 1976 632 2336
208 1936 448 2128
1640 1880 1824 2152
1264 1816 1744 2120
0 1808 248 2048
480 1792 680 2232
312 1752 608 2016
200 1704 416 1960
0 1656 168 1904
0 1608 824 2032
1128 1536 1432 1776
720 1512 880 1840
232 1488 608 1728
856 1480 1024 1848
560 1456 872 1776
1416 1368 1640 1552
880 1352 1088 1560
40 1336 496 1656
1328 1280 1552 1464
0 1264 360 1608
1072 1224 1232 1392
1056 1192 1400 1752
480 1160 1120 1544
304 1144 912 1504
696 1072 912 1272
128 1056 480 1384
0 1032 208 1280
1456 976 1824 1408
0 960 768 1224
488 896 944 1320
816 864 1040 1024
216 848 456 1064
1112 768 1360 1328
808 744 1056 960
1648 696 1824 952
880 640 1128 1336
792 632 1024 904
448 608 672 856
624 600 800 912
1504 592 1672 856
56 592 328 984
1152 552 1344 960
1560 528 1824 848
784 520 1208 864
224 440 560 768
520 432 752 616
1408 424 1600 760
184 376 472 648
704 368 960 656
896 336 1136 552
320 336 528 504
1056 304 1280 640
48 280 248 648
1424 264 1824 664
472 264 808 528
0 216 168 504
1640 200 1824 432
1384 200 1568 488
1440 168 1696 360
1232 160 1392 576
768 144 1024 416
272 136 520 376
960 112 1344 408
624 112 840 344
384 104 664 432
32 104 376 432
1640 0 1824 264
1376 0 1664 224
1104 0 1296 176
952 0 1192 264
736 0 968 184
528 0 800 192
168 0 448 216
0 0 200 216
0 280 1120 1544
1352 2224 1824 2384
520 1480 1248 3792
0 1368 1824 4000
736 1368 1824 4000
496 600 824 1088
520 1480 1024 3792
0 1656 968 4000
1664 2544 1824 3080
736 1792 1824 4000
736 2248 1824 4000
0 1016 912 1840
1160 1792 1464 2344
1128 1368 1824 2296
0 1016 880 1840
1208 2960 1680 3368
616 1480 1024 3792
792 632 1552 1752
784 1544 1248 3768
1104 0 1392 576
784 1544 1088 3768
1168 1792 1464 2344
1224 1792 1424 2008
1168 1976 1464 2344
0 1032 880 1840
880 768 1552 1752
56 376 1040 1320
1008 2248 1824 4000
1008 2408 1824 4000
0 1032 496 1656
0 1656 768 3496
128 1056 912 1552
1032 3472 1528 3848
56 376 944 1320
1128 1368 1824 1888
0 2928 968 4000
0 3048 968 4000
616 1808 912 3792
232 1456 880 1840
0 216 168 824
0 3096 968 4000
0 0 1344 864
0 3096 576 3776
616 1808 880 3792
1008 2448 1824 4000
1008 2448 1600 3152
496 848 824 1088
616 2736 824 3792
464 1816 768 2856
1152 0 1824 1408
128 3440 968 4000
0 1656 680 3496
1160 2248 1824 2536
1144 1368 1824 1888
96 3096 576 3656
0 3304 464 3776
0 3440 352 3776
736 3024 1400 4000
0 960 1120 1544
128 3584 968 4000
1056 2672 1824 4000
616 2768 808 3792
56 376 672 1104
464 1912 768 2856
1248 2408 1824 2712
784 2680 1000 3768
832 2680 1000 3768
1056 768 1552 1752
1008 2544 1600 3152
736 3408 1400 4000
1232 0 1392 576
0 2640 192 2984
832 2912 992 3768
1336 1368 1824 1888
184 376 672 1104
256 496 672 1104
416 496 672 856
1056 2672 1824 3888
1056 2672 1824 3576
0 0 1344 656
560 1456 880 1840
1072 2672 1824 3536
1072 2672 1824 3368
1184 3168 1824 3536
1072 2672 1824 3216
1336 1456 1824 1888
1336 1456 1824 1720
0 2184 592 3496
0 2344 184 2696
1192 3384 1824 3888
464 1912 768 2824
1264 1816 1824 2296
1152 224 1672 1336
1376 0 1824 1408
0 1656 680 2336
0 0 528 504
0 0 448 216
192 3584 968 4000
416 3584 968 4000
568 3768 968 4000
464 2200 744 2824
1152 224 1584 1336
1432 1640 1824 1888
1376 0 1824 1008
1560 696 1824 1008
1152 224 1456 1296
1184 3168 1672 3536
384 0 1344 656
1192 3384 1824 3712
1376 0 1824 848
0 2184 576 3496
48 2184 576 2944
0 1656 680 2232
0 1656 416 1960
0 1656 232 1904
0 2744 520 3496
0 1976 632 2336
472 0 1344 656
408 0 840 344
408 0 800 192
952 0 1344 640
112 2184 576 2944
312 1752 680 2232
1376 0 1824 664
112 2184 488 2640
472 264 1136 656
704 336 1136 656
960 112 1344 640
1280 224 1456 1296
1072 768 1360 1544
1208 2960 1640 3368
384 2784 688 3232
1152 424 1600 1296
1248 424 1600 1296
0 3440 384 4000
0 3440 280 4000
744 3784 1384 4000
840 3784 1384 4000
864 1544 1248 3768
864 1544 1088 3768
56 3032 648 3736
112 3032 648 3464
264 3096 648 3464
56 3200 464 3736
0 1016 480 1384
736 2352 1824 4000
1008 2352 1824 4000
56 376 1128 1336
56 440 1128 1336
56 600 1128 1336
216 600 1128 1336
472 264 1208 864
216 608 672 1104
568 3464 960 3928
664 3464 936 3768
224 440 656 776
1248 504 1456 1296
0 0 1824 3752
0 216 248 1000
232 1456 872 1768
0 1480 1024 3752
648 1480 1024 3752
648 1808 872 3616
1032 2352 1824 4000
648 1808 872 3584
0 1656 776 3496
0 1656 736 3496
880 1280 1552 1752
1056 1280 1552 1752
648 1808 872 3464
1032 2776 1824 4000
1072 2776 1824 3296
168 0 1824 1408
1248 2408 1824 3080
1344 2432 1824 3080
1344 2432 1824 2784
1424 584 1824 1408
1456 888 1824 1408
1416 1912 1680 2112
0 1656 688 2856
0 1656 688 2824
0 1656 680 2800
0 1656 680 2696
104 2184 488 2696
1440 56 1696 368
1424 584 1712 1336
1576 2672 1824 3080
104 2184 472 2696
1424 584 1584 1336
384 56 1024 432
384 56 840 432
744 3784 1096 3944
96 3200 464 3648
264 3096 576 3352
1320 2912 1824 3296
1296 2912 1520 3072
384 2792 688 3232
136 2608 304 2816
48 2592 224 2800
104 2456 352 2696
1040 2448 1480 2648
416 1792 680 2232
696 1512 880 1840
560 1456 872 1768
1056 1392 1400 1752
336 1384 704 1552
1080 1192 1360 1544
696 1048 912 1272
1456 1016 1824 1408
488 1008 768 1200
1592 968 1816 1232
608 896 944 1320
496 840 832 1088
216 824 456 1064
808 776 1056 960
56 704 328 1000
1648 696 1824 960
360 608 672 1104
72 592 480 856
1616 528 1824 848
1248 504 1432 984
224 440 560 776
1408 424 1600 680
1424 264 1824 736
1384 200 1552 488
1440 168 1696 368
624 56 840 344
736 0 968 296
528 0 768 192
128 1368 1824 4000
0 1480 1248 4000
496 600 832 1088
0 1480 1248 3792
616 1480 1248 3792
1128 1368 1824 2344
0 1656 768 3776
0 0 1824 1544
128 2248 1824 4000
1008 2768 1640 3368
1008 2768 1440 3256
1032 2248 1824 4000
808 776 1056 1024
128 3024 1400 4000
128 3152 1384 4000
128 3440 1384 4000
128 3584 1384 4000
1040 2248 1824 2648
1032 2408 1824 4000
0 0 1344 1320
464 1816 768 2824
616 1808 872 3792
696 1808 872 2944
1080 0 1824 1544
0 2792 688 3776
264 2792 688 3352
0 0 1344 960
1032 2544 1824 4000
1032 3304 1824 4000
1032 3304 1528 3768
784 2912 992 3768
0 2120 168 2424
1032 2544 1824 3888
72 376 672 1104
0 1808 448 2128
1072 2776 1824 3888
1184 3168 1824 3888
56 704 456 1064
72 496 672 1104
72 592 672 1104
1072 2776 1824 3368
0 2416 648 3496
1080 224 1584 1544
1376 0 1824 1240
1376 0 1824 1000
1376 0 1824 880
1376 0 1824 856
1376 0 1824 736
1248 224 1584 1336
272 2416 648 2944
384 0 1344 960
0 2184 488 2696
384 0 840 432
384 0 768 432
1488 968 1816 1240
272 2544 648 2944
1248 224 1456 1296
1248 224 1432 984
