0 0 3024 4032
1636 1766 1911 2056
895 2515 2128 3007
1177 112 1516 620
322 0 628 161
1475 1943 1878 2217
838 911 1088 1096
1790 258 2306 1266
1846 258 2306 1266
1846 258 2274 1153
1185 733 2128 2088
895 1782 2072 2806
919 1782 2072 2806
1185 733 1991 2088
935 1782 2072 2806
935 1895 2072 2806
935 2024 2072 2806
935 2201 2072 2806
1185 2201 2072 2556
935 2233 1943 2806
2725 2556 2943 2846
2693 0 3024 846
2451 1798 2733 2007
64 878 878 1596
379 895 878 1596
419 895 677 1362
1467 2298 1943 2669
524 1524 1024 2193
419 895 596 1306
935 2233 1919 2806
2774 0 3024 790
1725 782 2128 1749
0 96 403 895
2765 2903 3024 3459
2790 3096 3024 3459
2790 3096 3024 3370
1354 2975 1886 3451
1354 3112 1798 3451
1516 3112 1798 3403
1959 3080 2298 3298
2016 3112 2298 3298
2016 3749 2370 4015
0 2991 209 3661
0 2588 233 3007
1112 1895 1556 2217
1943 1354 2128 1749
1411 0 1806 588
1540 2443 1919 2806
798 2612 1830 3185
1274 733 1991 2088
798 2612 1830 3032
935 2233 1693 2798
887 766 1580 1798
887 766 1548 1798
362 532 701 951
1475 2838 1830 3032
64 878 483 1330
1411 0 1661 548
1322 927 1991 2088
1806 0 3024 3128
935 2282 1693 2798
104 3024 540 3427
266 3024 540 3427
2120 1443 2427 2153
959 846 1548 1798
1048 870 1548 1798
1048 870 1516 1749
1806 0 3024 3015
2249 2749 2725 3128
1024 3096 1419 3604
2790 3096 3024 3282
2016 3749 2265 3951
1201 3798 1951 4032
1387 3798 1951 4032
1387 3798 1846 4032
1411 3822 1846 4032
798 2612 1685 2999
798 2612 1233 2999
1411 927 1991 2088
1161 2669 1685 2943
435 1540 774 2080
435 1540 774 1959
435 1540 741 1959
532 1612 741 1959
2016 0 2298 1177
1983 967 2257 1499
0 0 2096 3201
2016 0 2290 1024
2016 0 2282 927
1177 112 1516 604
1088 1516 1419 1822
798 2612 1161 2999
911 2612 1161 2999
0 2362 3024 4032
1411 927 1967 2016
1467 2298 1895 2669
0 1588 274 1999
1040 3556 1225 3854
2096 1999 2427 2483
209 491 370 887
1443 1024 1967 2016
0 0 1266 717
2249 2749 2636 3056
2249 2749 2548 3056
2604 8 2806 733
2604 8 2806 725
2701 604 2878 959
1048 870 1516 1604
1048 967 1516 1604
0 2370 3024 4032
2628 2370 3024 3185
0 2604 3024 4032
2128 3096 3024 4032
0 2604 2790 4032
1411 927 1790 1395
0 2749 2717 4032
798 2975 1088 3669
1112 1895 1483 2217
2741 1306 3024 1943
2669 524 3024 1588
2701 524 3024 1588
2628 2395 3024 3185
1467 1185 1749 1443
2701 1008 3024 1588
2830 524 3024 1128
2128 3096 2870 3830
1459 927 1790 1257
1459 927 1790 1161
1459 959 1782 1161
1943 1403 2145 1927
1806 2483 2024 2903
0 266 306 1282
0 362 306 1282
0 411 306 1282
2032 2362 2483 2846
1443 1459 1886 2016
628 1846 878 2201
1072 1217 1516 1604
1169 1217 1516 1604
0 604 1491 3201
0 0 1233 717
249 169 620 475
1274 733 1741 1032
2749 2395 3024 3032
2016 0 2274 919
330 0 2096 1096
628 2209 870 2403
2741 1499 3024 1943
0 0 1233 620
0 0 1048 620
669 129 1048 620
411 3652 838 4032
2161 0 2919 1596
2161 298 2878 1596
2161 298 2661 1596
2161 298 2620 1499
2161 298 2572 1435
2161 427 2532 1435
0 411 306 1128
0 411 306 1056
2016 0 2274 782
2048 0 2274 782
2072 0 2274 782
362 532 669 935
1024 3096 1419 3467
1806 1346 3024 3015
2612 1346 2886 1725
96 411 306 1056
1491 1459 1717 1709
1806 1387 3024 3015
2298 0 2919 1274
2298 0 2903 1274
2467 2298 2749 2596
0 0 758 620
0 0 564 540
2330 3298 2870 3830
2467 3298 2870 3830
1443 1499 1886 2016
2604 669 2903 1274
2298 0 2701 1225
1233 1306 1516 1604
2072 153 2274 782
2128 3096 2540 3451
1128 2282 1693 2798
96 225 451 491
104 2443 443 2749
193 2515 443 2749
0 2314 298 2725
1806 1387 3024 2701
1806 2064 2298 2669
2161 588 2475 1435
411 3677 838 4032
0 604 1491 3177
0 991 395 1935
1959 1387 3024 2701
0 1919 233 2153
1112 870 1346 1209
1112 870 1346 1137
2467 3346 2870 3830
943 72 1233 370
274 225 451 491
2774 2395 3024 2878
0 1338 1209 3177
2064 1387 3024 2701
2064 1387 3024 2669
2257 2096 3024 2669
967 2822 1354 3249
1854 2604 2790 3201
1854 2886 2725 3144
2024 2596 2395 3015
0 1669 1209 3177
282 604 1491 2201
282 604 1491 2016
491 1225 1491 2016
491 1370 1491 2016
854 0 2096 1008
878 0 2096 1008
1564 0 2096 677
1564 0 2096 491
0 2749 2096 4032
2064 1387 2983 2241
1201 3411 2096 3798
1395 3467 2096 3798
1451 1024 1967 1564
0 2749 1572 4032
0 2765 1572 4032
1532 3007 2717 4032
1532 3007 2330 3677
1798 3007 2249 3403
1798 3007 2249 3362
903 2975 1088 3596
2790 3362 3024 4032
878 0 2064 1008
282 604 1443 1814
2201 1387 2983 2161
201 2524 967 3177
1636 0 2096 411
0 3403 322 4032
0 3669 322 4032
1008 1854 1217 2201
1532 3201 2330 3677
0 1669 1209 2564
0 1669 975 2564
0 1669 951 2499
249 1669 951 2499
1532 3201 2209 3588
1193 2878 1886 3435
2128 3096 2499 3419
1782 3378 2717 4032
0 991 379 1935
1532 3314 2209 3588
1677 3394 2209 3588
2064 1709 2411 2241
1395 338 2064 1008
2419 1895 2806 2161
2298 0 2701 951
2298 0 2644 846
2298 0 2588 709
322 1669 951 2499
338 604 1443 1814
0 2765 1112 4032
709 3507 1112 4032
322 1717 951 2499
362 1798 951 2499
403 1798 951 2499
403 1951 951 2499
451 2072 951 2499
1193 2878 1766 3435
0 991 379 1814
0 2765 991 4032
330 467 1362 1096
2798 3596 3024 4032
2798 3596 3024 3927
943 3306 1572 4032
854 314 1459 669
1266 2959 1766 3435
1161 314 1459 669
1395 338 1975 895
1782 3564 2717 4032
1782 3564 2717 3999
201 2524 709 3177
2193 2507 2483 2846
1709 0 2096 298
2128 3644 2717 3999
201 2524 709 3007
201 2524 661 2967
943 3306 1395 4032
2346 2604 2790 3201
395 532 1362 1096
677 1008 1443 1814
338 604 838 1346
0 2765 991 3830
0 2765 661 3830
290 3209 661 3830
2128 3644 2596 3927
620 2999 991 3540
661 2999 991 3459
491 1370 1491 1983
2201 1387 2911 2153
2201 1387 2669 2056
338 604 838 1241
2338 1387 2669 1790
1266 2959 1766 3378
991 3306 1395 3911
0 2765 483 3523
0 2765 419 3523
0 2765 419 3483
395 532 1104 1096
798 3523 1112 4032
1653 3870 1846 4032
2806 3862 3024 4032
1201 3862 1411 4032
209 3830 370 4032
1411 3822 1693 4032
1387 3798 1556 4015
2548 3790 2717 3999
943 3790 1322 4032
0 3782 169 4032
411 3765 653 3975
1451 3757 1620 3975
2354 3733 2596 3927
1862 3709 2201 4032
0 3685 258 4032
798 3677 1008 4032
532 3677 838 4032
322 3661 532 4032
580 3652 758 3862
2798 3644 2983 3862
2128 3644 2427 3911
1370 3644 1572 3911
2604 3636 2870 3830
1749 3636 1943 3830
1604 3628 1774 3959
1072 3620 1395 3911
2806 3596 3024 3927
2346 3580 2556 3790
1782 3564 2209 3822
0 3556 209 3741
1395 3523 1612 3798
895 3523 1112 3814
612 3523 798 3741
709 3507 895 3782
1507 3467 2096 3798
798 3459 983 3669
1725 3443 2330 3677
1201 3435 1411 3604
532 3427 782 3636
290 3427 653 3830
1201 3411 1580 3685
137 3403 298 3693
1677 3394 2024 3588
2153 3378 2499 3782
620 3378 935 3540
2790 3362 3024 3685
2467 3346 2765 3822
2330 3314 2685 3677
1532 3314 1822 3556
991 3306 1257 3677
2330 3290 2540 3451
1354 3290 1580 3451
733 3290 991 3459
1516 3233 1717 3403
8 3233 258 3523
1983 3225 2145 3403
362 3209 661 3467
1725 3201 1927 3386
2556 3193 2749 3411
1346 3161 1588 3435
2128 3136 2499 3419
2411 3128 2765 3346
1628 3112 1798 3330
483 3104 766 3346
2169 3096 2403 3273
1145 3096 1419 3467
104 3056 314 3298
1991 3040 2249 3241
1798 3007 2048 3362
661 2999 983 3362
1266 2983 1572 3378
16 2967 419 3483
1435 2959 1766 3290
2386 2943 2725 3128
411 2943 604 3177
1854 2927 2136 3104
2765 2903 3024 3201
1709 2894 1886 3104
209 2894 387 3153
1927 2886 2725 3144
532 2854 693 3201
661 2846 838 3032
2443 2830 2636 3056
1056 2822 1354 3249
2628 2806 2806 3185
2749 2798 3024 3032
2370 2782 2572 2951
0 2765 225 3064
2249 2749 2435 3056
725 2749 951 3112
1395 2741 1685 2935
935 2741 1128 2999
330 2741 709 3007
2322 2677 2483 2846
1161 2669 1524 2943
959 2669 1233 2862
2185 2636 2395 2935
2346 2628 2790 3201
201 2620 435 2967
911 2612 1161 2814
2515 2604 2741 2886
2024 2596 2322 3015
2814 2572 3024 2878
596 2564 967 2806
2016 2548 2225 2733
1806 2540 1975 2814
1540 2532 1830 2806
1153 2524 1411 2709
379 2524 661 2749
193 2515 443 2725
2193 2507 2427 2790
1822 2483 2024 2903
2419 2459 2741 2701
1645 2443 1919 2733
1782 2427 1959 2644
346 2427 524 2588
1467 2403 1677 2669
2774 2395 2975 2685
1362 2386 1693 2798
1064 2370 1411 2644
2032 2362 2233 2580
2467 2354 2749 2596
96 2338 830 2604
1120 2322 1322 2483
935 2314 1266 2604
0 2314 298 2564
1782 2306 1943 2499
2515 2298 2701 2459
1532 2298 1895 2507
1128 2282 1548 2564
604 2282 975 2564
451 2282 653 2499
0 2257 878 2580
1749 2233 2016 2556
1096 2233 1459 2459
1943 2225 2241 2669
362 2225 564 2459
2774 2217 3024 2532
628 2209 806 2395
2257 2193 2814 2669
193 2177 387 2362
2096 2120 2427 2483
2798 2096 3024 2274
2499 2096 2806 2274
532 2072 951 2427
314 2072 588 2386
0 2072 322 2314
1806 2064 2298 2427
1516 2024 1790 2217
2306 2016 2491 2298
645 1999 878 2201
1362 1975 1556 2209
838 1967 1209 2362
1112 1959 1387 2217
403 1951 653 2193
1475 1943 1846 2104
249 1919 467 2120
2419 1911 2693 2161
1161 1895 1483 2217
830 1886 1024 2193
120 1862 387 2080
628 1846 798 2016
1483 1830 1701 2016
2451 1798 2644 1975
2814 1790 2983 2161
1169 1782 1362 2032
1798 1774 1991 2088
1064 1766 1233 2064
322 1717 483 1983
2185 1709 2411 2056
838 1653 1072 2016
2515 1645 2911 2153
1959 1645 2145 1927
2201 1636 2572 2056
145 1636 362 1935
2661 1628 2878 1798
64 1620 274 1935
2120 1612 2298 2153
532 1612 741 1854
0 1588 217 1999
2741 1580 3024 1943
1249 1564 1419 1749
661 1564 822 1846
524 1524 887 2080
1088 1516 1354 1766
209 1516 395 1709
2774 1499 3024 1677
1443 1499 1886 1911
1282 1499 1580 1701
1491 1459 1653 1628
2185 1443 2427 1943
2612 1419 2830 1725
2338 1419 2532 1790
2112 1419 2290 1741
1725 1411 1951 1838
1943 1403 2104 1814
491 1403 1491 1983
2193 1395 2419 1556
2499 1387 2669 1701
491 1370 677 1540
1943 1354 2128 1588
314 1338 524 1806
185 1338 395 1588
1451 1314 1701 1564
2854 1306 3024 1572
1991 1298 2177 1459
379 1290 878 1596
1782 1266 1959 1645
2072 1249 2257 1499
0 1249 330 1814
1411 1225 1628 1395
830 1225 999 1459
1169 1217 1395 1532
604 1137 774 1370
2636 1112 2878 1580
2701 1056 2983 1435
1459 1032 1757 1257
1653 1024 1967 1556
677 1016 999 1403
2814 1008 3024 1588
887 1008 1443 1814
2112 999 2306 1266
1572 991 1782 1153
346 991 604 1346
0 991 379 1354
1983 967 2161 1298
1048 967 1395 1322
1459 959 1645 1161
1524 927 1790 1096
878 919 1088 1096
64 878 379 1306
1112 870 1298 1104
451 854 838 1241
2459 830 2620 1499
1798 798 2064 1008
1725 782 2096 1395
887 766 1056 927
2064 749 2265 919
1725 749 1943 1185
1274 741 1459 1032
1362 733 1741 1032
2733 725 2903 1201
1032 725 1217 935
2604 669 2822 1274
137 661 306 1056
0 661 217 1016
1040 612 1362 838
403 612 669 935
338 604 532 1096
2161 588 2395 1435
725 588 1104 1096
1403 580 1596 758
524 532 749 717
395 532 766 895
1532 508 1975 895
1064 491 1266 693
209 491 370 758
508 451 758 620
2322 427 2532 1257
1846 387 2274 1153
1161 387 1459 669
1346 354 1516 604
1395 338 1612 604
854 338 1185 717
1620 330 1806 588
854 322 1330 669
1225 314 1435 548
1499 282 1661 548
2072 274 2274 782
709 274 895 620
96 241 362 451
209 201 564 540
249 169 604 435
419 161 733 564
1120 153 1314 346
2693 129 2927 846
669 129 1048 395
1177 112 1419 411
0 96 330 895
1636 80 2024 411
943 72 1233 354
1564 40 1870 491
2628 8 2806 725
2798 0 3024 790
2741 0 2919 258
2677 0 2838 451
2419 0 2588 532
2298 0 2459 709
1927 0 2096 298
1709 0 2007 233
1411 0 1628 419
878 0 1516 354
645 0 1120 225
322 0 540 161
0 0 233 233
0 0 3024 2193
0 1024 3024 4032
0 0 2427 2193
0 1588 2072 4032
2725 2290 2943 2846
911 1024 3024 4032
2080 2306 2330 2548
2274 0 3024 1725
1185 1943 2072 2556
0 1588 1395 4032
499 1064 677 1362
911 2612 3024 4032
185 427 499 620
96 2338 830 2717
935 1024 3024 3201
129 0 419 201
201 0 419 193
201 0 387 193
524 1524 1362 2193
524 1524 1233 2193
2757 2282 2975 2685
1185 1943 2072 2338
1185 2096 2072 2338
1282 1403 1806 1798
1362 1975 1790 2217
475 0 1120 225
1411 0 2427 1943
0 0 1790 2193
0 411 1491 2193
887 766 1395 1322
580 1790 878 2201
580 1846 878 2201
1201 3757 1693 4032
1201 3798 1693 4032
1387 3798 1693 4032
1362 1266 2080 2096
2782 3096 3024 3459
2782 3096 3024 3451
1636 1266 2080 2096
1282 1459 1717 1798
2145 1798 2806 2298
1282 1459 1717 1733
2145 1854 2806 2298
2145 1895 2806 2298
2145 1999 2491 2298
1411 0 2419 1556
2145 1999 2411 2298
2145 1999 2411 2169
0 0 1790 1443
0 96 403 1056
1725 1266 2080 2096
1185 741 1459 1032
1757 3806 1951 4032
2370 1895 2806 2282
2370 2096 2806 2282
604 2975 1225 3854
604 2975 1088 3596
862 2975 1088 3596
1395 2741 2765 3411
1475 2838 2765 3411
2782 3193 3024 3451
2782 3201 3024 3451
1072 1024 3024 2241
1362 1798 1701 2016
887 766 1128 999
1072 1024 2983 2241
1854 3322 2209 3523
2661 1306 3024 2096
838 3523 1225 3854
838 3523 1112 3846
604 3290 991 3459
2298 0 3024 1725
935 2064 3024 3201
935 2233 1959 2806
1782 3564 2265 3951
1806 2064 3024 3201
0 2991 419 3830
1709 2886 2765 3411
443 3523 911 4032
935 2233 1895 2806
322 0 814 161
1467 2403 1959 2733
1249 3644 1572 3999
1532 0 2419 1556
1548 0 2274 782
1548 0 2007 677
1080 153 1612 758
1395 338 1612 758
2661 1306 3024 1943
1411 959 1782 1443
1411 1032 1757 1443
1459 1032 1757 1443
1927 2886 2765 3411
1927 2886 2765 3346
249 1919 467 2177
1532 330 2419 1556
1080 153 1483 669
1532 508 2419 1556
1532 508 2161 1395
443 3523 838 4032
2048 588 2419 1556
2048 878 2419 1556
338 588 1491 1983
491 1016 1491 1983
2072 1249 2419 1556
1467 2403 1919 2733
1725 1411 2080 2096
32 3362 419 3830
88 3403 419 3830
1532 508 2161 1298
1120 153 1483 669
1161 314 1483 669
137 3403 419 3830
1636 0 2274 782
2661 1499 3024 1943
338 588 1459 1822
338 588 1443 1822
2048 0 2249 451
1548 0 2007 491
1548 0 1870 491
1145 3007 3024 4032
1725 3007 2403 3386
1725 3007 2249 3386
0 411 741 2193
911 2612 1766 3435
403 1669 653 2193
0 0 1790 1096
0 0 895 620
96 241 451 491
1806 2064 2814 3201
1822 2225 2572 3056
1822 2225 2483 3056
1822 2225 2435 3056
0 2314 1395 4032
1822 2225 2241 2903
604 1016 999 1459
1532 508 2064 1008
911 2612 1524 3015
604 1016 999 1403
1209 911 1459 1217
1169 1024 2983 2241
1943 1354 2983 2241
1943 1354 2290 2241
1959 1419 2290 2241
338 588 1443 1814
1145 3096 3024 4032
2604 0 3024 1725
2741 0 3024 951
0 411 741 2096
48 774 604 1346
48 878 604 1346
64 878 604 1346
395 362 766 895
0 0 604 540
209 169 604 540
0 2314 524 2846
830 1653 1233 2193
443 3628 838 4032
2016 2548 2435 3056
1282 1499 1580 1733
0 411 225 1128
0 411 225 1016
1032 725 1298 1209
1112 870 1298 1209
967 2822 1766 3435
0 2314 443 2846
0 2314 443 2749
669 0 1790 1096
1362 733 1790 1096
2604 669 2983 1725
0 1588 1217 3112
0 1588 1217 2564
1943 1354 2128 1814
419 161 895 620
2814 782 3024 1588
330 2564 967 3112
330 2564 967 3007
2064 1419 2290 2241
1169 1024 1967 1911
1443 1024 1967 1911
0 991 741 2096
959 2669 1524 3015
959 2669 1524 2943
0 1588 1217 2499
2661 1499 3024 1798
2628 2459 3024 3185
2298 0 2653 1499
830 1653 1072 2193
2185 1387 2983 2161
1725 3007 2096 3386
1725 3007 2048 3386
0 2314 354 2725
0 2314 354 2564
1725 1411 1991 2088
1725 1774 1991 2088
951 1475 1354 1766
2612 1056 2983 1725
2612 1112 2878 1725
499 362 758 620
1395 3136 3024 4032
1395 3314 2330 4032
1395 3467 2201 4032
0 991 524 1814
1145 3096 1580 3685
0 2524 1395 4032
1709 2894 2136 3104
2419 0 2644 846
0 991 395 1814
1806 2064 2814 2701
2257 2193 2814 2701
1983 3136 3024 4032
2467 3298 2765 3822
935 2233 1895 2798
2749 2459 3024 3032
669 0 1532 838
669 72 1532 838
854 322 1532 838
854 338 1532 838
854 338 1362 838
0 991 395 1709
0 3661 653 4032
1636 0 2120 467
2024 2596 2435 3056
2774 0 3024 951
661 2749 951 3112
838 1911 1217 2362
935 2314 1693 2798
935 2314 1411 2644
1822 2427 2161 2903
2798 0 3024 951
2298 0 2620 1499
2298 0 2572 1411
2128 3290 3024 4032
2128 3362 3024 4032
2604 3362 3024 4032
1532 3314 2330 3677
669 72 1233 395
2419 2298 2749 2701
2419 2354 2749 2701
0 1588 951 2499
0 991 395 1588
0 1588 588 2459
314 2072 588 2459
435 1540 741 2096
491 1612 741 2096
2185 1419 2983 2161
2185 1636 2572 2056
491 1741 709 2096
709 3306 1395 4032
2298 0 2572 1257
0 1588 387 2362
1604 3628 2201 4032
1604 3628 1943 4032
1604 3628 1846 4032
967 2822 1766 3378
0 1588 387 2314
0 1588 387 2080
0 2524 983 3830
362 2943 983 3669
411 2943 766 3346
1532 3314 2024 3588
362 3209 983 3669
532 3378 983 3669
620 3378 983 3669
2338 1419 2983 2161
0 2524 661 3830
2153 3290 2685 3782
798 3306 1395 4032
0 3661 532 4032
0 3685 370 4032
2338 1419 2911 2153
1983 3136 2499 3419
2790 3362 3024 3927
2153 3314 2685 3782
2749 2572 3024 3032
725 588 1443 1814
2322 298 2572 1257
0 2765 653 3830
0 2765 483 3153
209 2870 483 3153
0 483 217 1016
8 2967 419 3523
1709 725 1935 1185
911 2572 2120 3007
1128 1895 1556 2217
2765 1507 3024 1806
2838 1548 3024 1806
2814 0 3024 846
2830 0 3024 846
782 2217 1959 2943
878 766 1161 1266
2806 3193 3024 3515
2838 3225 3024 3515
2838 3322 3024 3515
193 1669 540 1983
322 1717 540 1983
1128 1895 1499 2217
1080 717 2072 2338
2854 1701 3024 1943
129 0 749 403
193 0 749 403
153 1298 387 1564
1935 2886 2765 3475
1185 717 2072 2338
790 112 1128 370
838 112 1128 370
838 112 1128 354
782 2217 1919 2943
782 2217 1685 2943
620 1564 951 1999
782 2588 1685 2943
1854 774 2298 1290
2483 0 2644 540
370 3846 749 4032
2467 3491 2765 3911
2757 2217 3024 2717
1854 878 2298 1290
2765 2217 3024 2612
1935 2886 2765 3346
2669 1225 2838 1467
1620 330 1967 766
1669 540 1967 766
2145 1999 2386 2169
878 766 1128 1266
1274 717 2072 2338
1483 1757 2072 2338
1636 1757 2072 2338
1636 1757 1975 2088
895 2233 1919 2830
895 2233 1919 2798
1080 1185 1572 1782
1274 717 1967 1967
1274 717 1774 1032
2765 2217 3024 2548
193 112 749 403
0 0 3024 3056
0 0 2314 2564
403 2072 766 2475
1782 0 3024 3056
0 1669 3024 4032
1362 927 1967 1967
2411 1636 2644 2007
1798 2080 2072 2338
830 2217 1024 2596
1032 3096 1588 3854
483 1354 1257 2193
540 1532 1257 2193
1080 1185 1572 1741
2475 3161 2757 3475
782 2588 1499 2943
782 2588 1499 2935
878 798 1128 1266
1395 927 1967 1967
1959 0 2298 1177
1128 153 1443 548
2475 3161 2757 3451
2556 3225 2757 3451
2830 362 3024 1096
1395 927 1967 1645
96 129 1088 758
96 129 1088 669
403 2072 725 2443
1185 814 1451 1217
1717 733 1935 1185
56 3757 322 4032
0 661 370 1306
459 3136 661 3370
0 838 241 1274
1959 0 2282 1040
0 838 241 1209
532 1612 878 2201
975 1483 1354 1725
1040 3096 1588 3854
1193 314 1443 548
1451 927 1967 1645
96 169 1088 669
96 169 911 637
96 169 733 564
96 185 620 548
96 217 580 548
96 258 467 475
96 258 419 459
1080 1185 1411 1556
0 2346 2290 4032
564 3427 806 3741
1387 1669 3024 4032
1516 1669 3024 4032
1653 1669 3024 4032
88 3411 298 3669
370 532 999 1403
628 790 999 1403
1943 1370 2128 1814
1403 491 1677 749
1516 3096 2548 3782
1782 0 3007 3056
2145 0 2838 1411
1387 3620 1919 4032
