0 0 2985 5312
318 2666 605 3070
0 3559 446 4079
0 3559 414 3962
254 2199 541 2656
0 924 1062 1806
159 924 1062 1806
244 924 1062 1806
2517 818 2985 1784
1508 2273 2050 3282
0 1168 467 1636
913 2209 1296 2634
998 2209 1296 2634
2517 956 2985 1784
1359 3750 2985 5014
2347 1954 2634 2337
244 924 998 1806
244 924 924 1806
244 934 828 1806
839 1083 2560 1986
839 1083 2443 1986
1062 1083 2443 1678
1986 1253 2443 1614
1412 3080 2124 3569
1636 3750 2985 5014
2517 956 2985 1561
2528 3750 2985 4292
0 1168 446 1604
0 3155 329 3739
2411 1264 2645 1784
2613 1073 2985 1561
0 1476 424 1922
0 1476 308 1869
934 2709 1200 2995
0 1965 584 2602
1062 1083 2369 1678
1370 3590 2231 3973
1636 3877 2985 5014
1412 3080 1827 3569
1381 1699 2231 2443
839 1402 1391 1986
0 3792 1317 4706
0 1976 584 2602
0 2039 382 2602
1582 2273 2050 3282
2592 2273 2985 2847
0 3856 1317 4706
1880 3909 2985 4855
2156 3994 2985 4855
244 934 616 1328
0 1285 446 1604
0 3155 329 3665
1370 3590 2050 3856
1636 3877 2932 5014
1646 3877 2932 5014
0 0 2985 1572
2135 1168 2762 1572
2135 1179 2571 1572
1073 1434 1391 1986
1104 1667 1391 1986
573 4122 1317 4706
0 1306 2985 5312
456 3367 1264 4270
456 3367 1083 4270
456 3739 881 4270
456 3739 881 4164
456 3739 828 4164
1880 3909 2369 4462
414 4642 679 5312
0 3760 2985 5312
701 3760 1763 4897
1412 3219 1827 3569
0 1306 2985 3973
0 4270 2985 5312
1306 3782 1710 4366
0 3856 669 4462
0 0 2985 1285
669 0 2985 1285
1306 3856 1657 4366
701 3771 1763 4897
701 3952 1763 4897
0 0 1912 435
0 0 1912 350
2656 4026 2985 4493
0 1349 1009 2921
0 1349 924 2316
509 1912 924 2316
669 42 2634 1285
701 3952 1455 4462
0 1349 764 2199
0 3155 329 3410
1381 1699 2114 2369
1752 0 2985 1104
1816 3346 2932 3973
1954 3346 2932 3973
1774 1837 2114 2369
0 4270 2624 5312
2262 3697 2560 3952
669 42 2337 1285
1041 4780 2624 5312
0 1306 2985 3941
1752 0 2985 977
0 4270 1572 5312
0 1636 478 2135
148 1306 2985 3941
148 1306 1667 3941
1306 1391 2985 3665
1806 1476 2985 3665
1806 1593 2985 3665
1986 1593 2985 3314
1306 1391 2475 2124
1306 1391 2284 2124
1306 1391 2284 1997
1306 1391 1976 1880
148 1306 1593 3941
0 1636 361 2135
0 4430 1572 5312
499 4430 1572 5312
0 201 1391 1147
148 3176 977 3941
1954 3346 2857 3973
499 4515 924 5312
1806 2199 2985 3665
1806 2284 2985 3665
0 4430 541 5312
616 2092 1986 3782
1997 2496 2804 3314
0 2379 393 3240
2432 4759 2985 5312
212 1306 1593 3569
775 1306 1062 1912
1115 1689 1667 2156
1986 1593 2985 2528
1986 1742 2411 2528
711 4430 1572 4982
1880 3909 2358 4462
711 4610 1136 4982
1115 1742 1561 2156
1189 1742 1561 2156
1997 2496 2656 3038
2294 1593 2985 2347
148 3176 849 3941
212 1636 1593 3569
212 1678 1593 3569
212 1784 1593 3569
0 4600 531 5312
212 1848 1593 3569
669 42 2337 1115
1019 42 2337 1115
1412 3219 1763 3569
701 1848 1370 2379
2231 3994 2985 4855
1689 4589 2932 5014
1689 4589 2475 5014
212 2082 1593 3569
1189 1784 1561 2156
945 4430 1572 4855
1051 4430 1572 4770
424 2082 1593 3197
1423 4897 2624 5312
0 2656 393 3240
1806 2443 2985 3665
1965 2443 2985 3665
424 2082 1593 3187
424 2231 1519 3187
424 2231 1466 3187
626 2231 1466 3187
1646 3877 2284 4950
1646 3877 2103 4483
616 2092 1891 3782
616 2730 1604 3782
1997 2496 2571 3038
2294 1593 2804 2347
2294 1593 2613 2039
1965 2613 2985 3665
2082 2199 2507 2719
1944 4940 2624 5312
1168 2092 1891 3091
1997 2496 2273 3038
1274 4430 1572 4770
1965 2794 2985 3665
2231 2794 2985 3665
2241 2794 2985 3665
2369 2794 2985 3665
2549 2794 2985 3665
2549 2985 2985 3665
0 0 1912 297
1179 977 2029 1285
626 2454 1381 3187
849 4908 1221 5312
0 4270 509 4632
669 138 1402 552
0 0 1625 297
1965 2857 2358 3590
0 0 1625 244
2390 2804 2804 3314
998 2454 1381 3187
881 3102 1604 3782
1391 2092 1891 3017
881 3102 1604 3729
233 5067 531 5312
860 4982 1115 5312
2294 4972 2624 5312
2432 4961 2900 5312
1944 4940 2464 5312
849 4908 1221 5205
1423 4897 2241 5312
1041 4780 1593 5312
648 4780 881 5312
2762 4759 2985 5312
2422 4748 2932 4993
2061 4706 2475 5014
775 4653 1083 4908
0 4600 509 5312
1689 4589 2167 4950
2730 4547 2985 4855
1317 4536 1561 4844
499 4515 924 4972
1657 4472 2284 4950
2156 4462 2719 4791
169 4430 541 4748
1689 4387 2029 4759
637 4377 1317 4706
2656 4249 2985 4493
573 4122 903 4451
998 4090 1763 4897
2677 4026 2985 4377
2231 3994 2985 4589
2039 3994 2358 4462
0 3994 318 4238
2602 3984 2868 4292
701 3973 1179 4462
1306 3962 1519 4366
2273 3952 2879 4164
1646 3952 2103 4483
1083 3952 1455 4292
1880 3909 2220 4217
0 3867 541 4462
0 3792 329 4143
1444 3782 1710 3994
860 3782 1253 4143
1179 3771 1561 4132
2528 3750 2985 3994
658 3750 881 4058
552 3750 828 4164
424 3665 722 3941
1625 3590 2050 3856
924 3559 1264 3984
1189 3537 1423 3782
0 3463 297 3739
1954 3410 2857 3973
1529 3367 1986 3707
648 3367 1083 3867
0 3346 297 3665
881 3314 1317 3633
1752 3250 2124 3569
1806 3240 2050 3474
2549 3229 2985 3665
1412 3219 1625 3484
2284 3197 2549 3516
679 3176 977 3474
148 3176 849 3803
1965 3165 2358 3590
1104 3102 1604 3729
1519 3080 1806 3474
2369 3070 2677 3389
2602 3059 2889 3442
2517 3038 2804 3314
212 3027 669 3569
2241 3017 2549 3304
0 2942 244 3208
913 2921 1168 3134
2231 2847 2454 3080
1094 2836 1381 3187
254 2836 499 3187
1699 2825 2039 3282
2390 2804 2687 3112
2656 2794 2985 3155
1168 2762 1582 3091
616 2730 1041 3410
1997 2709 2273 3038
988 2709 1200 2995
2454 2613 2836 2868
1338 2592 1582 2825
2666 2539 2985 2847
2231 2539 2571 2868
626 2528 1009 2942
1997 2496 2273 2825
998 2454 1370 2857
424 2422 701 3017
818 2411 1051 2645
2082 2401 2316 2719
2411 2284 2815 2592
2592 2273 2985 2592
1582 2273 2050 3017
839 2262 1104 2549
329 2262 541 2656
1391 2252 1699 3017
1922 2209 2231 2443
1051 2209 1296 2571
2231 2199 2507 2645
254 2199 499 2634
254 2188 1009 2921
1519 2092 1891 2454
1253 2082 1593 2337
1774 2050 2114 2369
1986 2029 2337 2528
1094 2018 1370 2379
594 2018 924 2316
2677 1986 2985 2326
318 1976 584 2284
2347 1954 2613 2252
2496 1933 2804 2347
1189 1922 1412 2156
1986 1891 2241 2124
106 1891 361 2135
701 1848 1232 2262
2124 1837 2347 2071
212 1816 478 2103
913 1784 1168 2167
2294 1710 2613 2039
1381 1699 2050 2273
1370 1689 1667 1986
520 1678 839 1965
0 1636 297 2007
1976 1604 2284 1997
1551 1561 1976 1880
21 1540 308 1869
2411 1519 2645 1784
2475 1476 2942 2061
0 1476 212 1816
1073 1434 1317 1721
839 1402 1136 1731
1306 1391 1731 1774
180 1349 764 2199
807 1306 1062 1710
435 1296 828 1806
0 1285 424 1604
2666 1264 2985 1561
2188 1253 2443 1614
212 1232 467 1636
1094 1221 1359 1561
0 1168 318 1497
2549 1147 2910 1519
159 1147 488 1455
1147 1126 2369 1678
1062 1083 1349 1593
2613 1073 2985 1338
1636 977 2029 1285
1922 966 2634 1221
2517 956 2985 1189
552 945 764 1582
244 934 616 1253
127 934 488 1147
701 924 924 1657
0 903 286 1232
1997 871 2719 1104
1062 849 1423 1115
1179 138 1402 361
669 138 1211 552
1774 74 1986 318
1019 42 2337 1062
0 31 350 297
1752 0 2985 956
0 0 839 244
1636 3824 2231 4238
0 0 2985 1922
0 849 2985 5312
0 849 1593 5312
0 0 2985 1869
573 966 2985 5312
616 966 2985 3994
1285 2656 1859 3165
573 3760 2985 5312
2262 3835 2879 4292
2273 3952 2879 4292
0 934 616 1869
0 1147 488 1869
0 1168 446 1869
180 849 1593 3282
573 3771 2985 5312
701 924 998 1657
818 2262 1104 2645
2751 3622 2985 3930
180 849 1593 3197
839 1434 1391 1986
0 0 2985 1147
871 1784 1168 2167
616 1689 2337 3984
2135 1083 2634 1572
1880 3909 2369 4302
1880 3909 2316 4217
180 849 1593 3027
0 1168 446 1657
0 1296 1083 5312
0 1296 828 2602
1412 2825 2167 3569
180 1083 1593 3027
2135 1083 2571 1359
2220 1083 2571 1359
1997 828 2985 1189
2517 2942 2985 3442
2517 2985 2985 3442
0 2517 1083 5312
1147 966 2985 3994
1147 966 2985 2645
1147 966 2985 2369
839 1636 1391 1986
424 3665 924 5312
1115 1742 1593 2337
1115 1784 1561 2156
1147 966 2985 2262
2199 1572 2475 2262
2199 1572 2475 2082
2156 2156 2634 2645
2602 2985 2985 3442
106 1296 828 2199
106 1349 764 2199
106 1816 478 2135
254 2666 520 3187
180 1083 1519 3027
1147 966 2985 2124
2369 1349 2645 1784
180 1306 1519 3027
711 4610 1285 5312
711 4610 1221 5312
180 1678 1519 3027
775 4653 1285 4908
1519 2825 2167 3569
1519 3080 2167 3569
1062 1083 1359 1593
1997 828 2847 1104
488 4143 924 5312
488 4515 924 5312
1317 4430 1572 4844
424 3665 881 4249
180 1678 1519 3017
180 2199 499 2666
1508 1476 2985 3994
0 3792 552 5312
0 3867 552 5312
0 2517 1083 3962
0 2656 1083 3962
424 3665 881 4164
424 3665 881 4079
2294 4493 2985 5312
2294 4759 2985 5312
1965 1476 2985 3665
2411 1848 2815 2592
2411 1933 2815 2592
254 1678 1519 3017
1147 966 2985 1678
0 4270 552 5312
254 1848 1519 3017
2156 2188 2634 2645
2156 2199 2507 2645
1997 2507 2836 3038
637 1848 1296 2571
637 1848 1232 2262
573 3771 2103 4897
1519 3080 2124 3569
1508 3346 2985 3994
254 2188 1519 3017
1264 2231 1519 2602
0 4270 541 5312
0 4270 531 5312
0 0 1912 552
2294 1476 2985 2847
2294 1476 2985 2326
424 3665 722 4079
1997 2507 2656 3038
1636 966 2985 1349
1636 966 2634 1285
1997 2539 2571 3038
2486 1073 2985 1349
1625 3346 2985 3994
1625 3410 2985 3994
1508 3367 1986 3739
2422 4493 2985 4993
1370 1689 2337 3017
2422 4547 2985 4993
2634 4547 2985 4855
1625 3410 2857 3973
1041 3994 2985 5312
1041 4462 2719 5312
616 2709 1604 3984
0 2656 849 3962
573 3771 1763 4897
2294 1710 2613 2252
254 2188 1370 3017
1381 1699 2337 3017
1391 2029 2337 3017
616 2730 1604 3984
924 3537 1423 3984
0 0 839 435
424 2422 1370 3017
626 2454 1370 2942
2241 2794 2985 3389
2039 3994 2985 4589
2475 1476 2985 2326
2241 2794 2985 3304
2390 2794 2985 3155
2422 4653 2932 4993
0 0 839 297
0 4270 509 5312
0 2656 849 3803
616 2730 1604 3729
1094 2762 1582 3187
1391 2252 2316 3017
1582 2273 2316 3017
1997 2401 2316 2825
2061 4462 2719 5014
701 3771 1561 4462
0 2656 669 3569
1147 1126 2443 1678
1041 4472 2464 5312
0 42 2337 1147
1041 4780 2464 5312
1041 4780 2241 5312
956 3675 1402 3994
828 977 1062 1582
1126 1880 1381 2156
0 1168 467 1604
0 3888 701 4621
2517 924 2985 1519
1009 1094 2443 1827
1062 1094 2443 1827
1062 1094 2443 1667
1062 1094 2369 1667
0 3888 541 4387
0 3888 499 4387
2517 924 2985 1402
1508 2103 2114 3282
1646 3739 2985 5312
1412 3219 2135 3569
1508 2273 2103 3282
1582 2273 2103 3282
1582 2273 1997 3282
0 733 2985 5312
0 1179 446 1604
0 2517 223 2953
1646 3739 2985 5014
1784 2103 2114 2369
818 2209 1158 2517
818 2220 1115 2517
1880 4653 2284 4897
244 1136 594 1370
1997 1253 2443 1614
2719 1041 2985 1402
1115 733 2985 1582
0 924 2985 5312
1540 1519 2220 1827
2698 2974 2964 3325
1646 3814 2985 5014
1880 3888 2358 4281
1880 3888 2316 4207
159 3718 658 4079
1370 2124 1593 2517
0 924 2985 4143
0 1147 743 2602
0 1147 722 2602
297 3729 658 4079
0 3760 2624 5312
0 3760 2241 5312
1678 2273 1997 3282
2284 4717 2985 5312
1115 733 2985 1572
2369 1083 2921 1572
2156 1933 2985 2868
839 1774 1264 2199
1115 733 2985 1391
1997 733 2985 1094
499 3760 2241 5312
2156 1933 2985 2464
0 2454 998 3739
1115 945 2762 1391
1115 945 2029 1285
2284 4791 2985 5312
584 3760 2241 5312
584 3771 2241 5312
584 3771 1763 4897
584 3792 1763 4897
0 4281 1402 5312
2528 3739 2985 3994
2602 3984 2985 4493
499 3856 764 4387
0 0 1986 563
0 0 1986 414
1030 4430 2241 5312
1274 4430 1667 4908
0 4547 1402 5312
0 4547 966 5312
467 4547 966 5312
573 4717 881 5312
818 2188 2985 3973
818 2369 1519 3335
839 1774 1168 2188
584 4717 881 5312
2156 1933 2985 2454
2156 1954 2613 2454
0 2454 998 3675
0 2719 637 3675
1147 2188 2985 3973
1434 2188 2985 3973
1434 2252 2985 3973
1434 2507 2985 3973
0 1147 722 2252
1933 1009 2762 1391
775 4653 1402 5142
1986 1561 2985 2379
1986 1678 2560 2379
1158 3771 1710 4292
818 2369 1402 3335
1434 2602 2985 3973
1699 2602 2985 3973
435 2454 998 3516
0 924 2454 4143
1434 2857 2602 3590
159 924 2454 4143
159 924 1625 4143
159 3017 1625 4143
1412 3219 1837 3569
913 2379 1402 3335
1795 2857 2602 3590
1997 2507 2783 3410
1997 2539 2783 3410
1997 2539 2549 3038
2496 1933 2985 2432
254 924 1466 3357
1986 2252 2454 2794
839 1784 1168 2188
0 2305 520 3261
159 3165 1264 4143
0 4642 552 5312
2486 2602 2985 3654
1158 3814 1561 4292
1646 3952 2985 5014
63 2305 520 3261
1965 2857 2602 3590
1965 2857 2401 3590
0 159 584 414
1115 1391 2454 3027
913 2592 1402 3335
1986 2252 2347 2794
2379 2730 2783 3410
1200 2262 1710 3027
0 0 1986 297
2549 2730 2985 3654
956 3017 1625 3750
881 5025 1104 5312
233 4993 552 5312
860 4982 1104 5258
1954 4940 2624 5312
2284 4918 2677 5216
1030 4855 2241 5312
2549 4791 2985 5312
648 4717 881 5312
2082 4706 2762 5014
786 4706 1402 5142
1880 4653 2273 4897
775 4653 1274 4908
1179 4642 1497 4855
0 4642 499 5312
1274 4430 1572 4812
648 4398 1402 4706
0 4281 520 4632
446 4143 701 4621
1019 4079 1285 4377
2687 4058 2985 4493
1158 4058 1497 4292
2602 3984 2985 4345
1646 3952 2985 4950
499 3941 764 4387
0 3941 499 4387
1880 3899 2199 4153
0 3888 286 4185
775 3877 1019 4111
1657 3814 2018 4068
1179 3814 1561 4143
1179 3782 1402 3994
1391 3771 1710 4292
403 3729 658 4079
159 3718 435 4026
956 3675 1243 3973
552 3675 913 4143
1434 3569 2018 3856
0 3516 318 3973
1816 3495 2114 3782
1625 3442 1848 3729
1806 3314 2135 3569
956 3314 1317 3633
1551 3261 1837 3569
0 3250 308 3675
1795 3240 2050 3474
1412 3219 1625 3474
1699 3197 2985 3973
159 3165 1264 3984
1434 3070 1954 3474
2517 3038 2783 3410
1126 3017 1625 3750
2549 2995 2985 3654
2698 2995 2964 3325
1455 2985 1710 3219
499 2889 998 3516
2231 2857 2602 3335
1986 2857 2401 3590
1689 2804 1997 3282
913 2740 1402 3335
2656 2730 2985 3123
2379 2730 2687 3112
0 2719 637 3495
1338 2698 1614 2995
63 2666 520 3261
1699 2656 1933 2900
2486 2602 2719 2921
988 2592 1274 2857
2231 2539 2549 2868
616 2517 1073 3357
435 2454 701 3197
1784 2337 2103 3240
1582 2326 1944 2740
138 2305 350 2666
1338 2284 1710 3027
1678 2273 1976 2942
2634 2262 2985 2868
2411 2262 2656 2634
1200 2262 1487 2815
1986 2252 2347 2772
2284 2188 2528 2528
1827 2103 2114 2316
0 2050 541 2602
2496 2039 2825 2432
2135 2007 2454 2316
839 1965 1051 2188
2167 1954 2613 2379
2496 1933 2985 2326
881 1784 1168 2156
0 1614 371 2252
2475 1561 2985 2061
1540 1519 1880 1816
0 1476 424 1912
1009 1412 1317 1742
1115 1391 2454 2358
1317 1370 1593 1646
0 1370 233 1667
488 1338 743 1710
1104 1306 1359 1561
2369 1264 2624 1572
2146 1253 2443 1614
0 1179 329 1497
63 1147 722 2199
1115 1136 2369 1667
371 1136 594 1370
2507 1126 2762 1391
1062 1094 1349 1593
2571 1083 2921 1561
1434 945 2029 1285
138 934 520 1147
254 924 1466 2932
0 903 276 1232
1997 849 2857 1094
1030 849 1476 1115
0 159 297 414
945 138 1402 552
1253 74 1689 563
1774 63 2007 286
0 0 871 297
2337 3920 2879 4153
0 0 2985 1604
0 924 1625 5312
0 903 467 1604
913 2209 1158 2422
244 1136 743 1710
446 733 2985 5312
446 3675 2985 5312
1030 733 2985 4068
2517 924 2985 1582
2592 1041 2985 1582
1508 2326 1944 2740
818 2273 1189 2666
2592 1136 2985 1582
1147 3675 1466 3994
818 2273 1094 2666
446 3771 2985 5312
2411 2039 2900 2645
2496 2039 2900 2645
2496 2262 2900 2645
818 2369 1094 2666
1699 2103 2199 3474
1699 2337 2199 3474
1784 2337 2199 3474
1784 2337 2199 3240
0 1179 446 1667
1115 1264 2985 4068
0 2305 1625 5312
159 3675 934 4143
159 3675 913 4143
0 924 1487 3197
1328 2942 1710 3219
1030 733 2985 1827
0 1285 446 1667
0 1285 424 1667
1030 733 2985 1667
446 4143 1104 5312
0 934 722 2252
446 4143 1030 5312
446 4143 966 5312
1752 4334 2284 4547
1412 2273 2985 4068
1115 1264 2985 3027
499 3771 2985 5312
1030 3952 2985 5312
1030 849 2921 1667
499 3771 1763 5258
1434 2273 2985 4068
1540 1519 2007 1827
0 3888 552 5312
1104 849 2921 1667
1030 849 1476 1593
297 3675 913 4143
499 3771 1763 5142
0 3941 552 5312
0 3941 541 4717
0 3941 520 4632
2156 1264 2985 2868
1434 2273 2135 4068
1434 2273 2135 3569
499 3792 1763 5142
584 3792 1763 5142
1699 2507 2985 3973
1434 3442 2018 4068
0 2305 1625 3984
1434 3569 2018 4068
2156 1264 2985 2454
1115 849 2921 1667
1880 4557 2985 5312
254 924 1487 3197
2369 1264 2985 2326
881 1774 1168 2156
254 924 1487 2932
988 2262 1487 2857
403 3675 913 4143
1880 4557 2910 5014
2082 4706 2910 5014
1115 1009 2921 1667
786 4706 1667 5142
1434 2273 1997 3474
2454 4717 2985 5312
2411 1519 2985 2326
1933 1009 2921 1561
0 2517 520 3261
1880 4557 2358 4897
2135 1126 2762 1391
0 2517 1625 3984
1699 2730 2985 3973
0 2666 520 3261
1115 1391 2560 3027
1986 2730 2985 3654
1986 2730 2985 3590
2231 2730 2985 3335
2092 2539 2549 2868
0 2517 1625 3750
499 2517 1625 3750
1115 1391 2560 2772
1115 1136 2443 1667
1986 2007 2454 2772
2475 1561 2985 2326
616 2517 1625 3750
2379 2730 2985 3123
1115 1391 2560 2379
1434 849 2857 1285
1030 4855 2624 5312
616 2517 1402 3357
839 998 1136 1593
1158 1041 1816 1402
0 3463 435 4100
1179 3729 2985 4982
1179 3888 2985 4982
1391 3909 1710 4600
1678 2347 2071 3229
764 3378 1136 3675
2496 1158 2815 1402
0 1795 573 2602
0 945 764 1912
669 2262 1104 2900
764 2262 1104 2634
0 0 2985 1986
0 934 2985 5312
0 1795 573 2422
0 201 2985 1986
0 0 2985 1296
159 945 764 1912
0 3750 2985 5312
0 3750 1657 4440
180 3750 1657 4440
180 3771 1657 4440
0 4100 2985 5312
0 934 2985 4153
1721 2910 1954 3229
1657 3888 2985 4982
0 201 2985 1827
1062 201 2985 1827
1062 1083 2231 1774
1806 2231 2985 3654
42 1922 573 2422
0 2177 478 2719
1625 201 2985 1827
1933 201 2985 1604
1933 201 2985 1497
1933 201 2985 1274
0 1168 456 1667
0 1168 456 1593
1179 4462 1816 4982
1179 4462 1678 4876
1933 626 2921 1274
1338 2241 1880 3049
1625 1572 2454 1827
1806 2231 2985 3452
159 1147 743 1912
1264 2464 1625 2847
0 4100 509 4323
2528 201 2985 934
0 658 1423 1274
403 658 1423 1274
403 658 1179 1126
733 4100 1487 4770
2571 467 2985 934
860 4100 1487 4770
1253 3176 1944 3835
1402 3176 1944 3771
1402 3187 1944 3771
1487 3187 1944 3771
1062 1083 1848 1667
0 711 796 1158
0 934 1338 2857
180 3782 1519 4440
180 3782 1243 4440
180 3877 1126 4440
0 1551 2985 4153
1328 2953 2985 3994
1444 4780 2985 5312
1774 4780 2985 5312
1699 3027 2985 3994
180 3877 701 4323
0 1551 2985 3984
0 1168 361 1561
0 4270 1519 5312
297 3697 786 4153
1806 2231 2985 3442
1699 3027 2985 3962
1699 3293 2985 3962
138 934 1338 2857
669 934 1338 2539
690 934 1338 2358
690 934 1306 2358
690 934 1306 2146
1094 1179 1848 1667
1338 2517 1699 3049
669 2528 1104 2900
1976 2231 2985 3442
1965 4780 2985 5312
1699 3888 2985 4982
84 818 796 1158
0 4270 1285 5312
2124 2602 2571 2889
0 0 2071 308
0 0 1657 308
0 4270 934 5312
0 711 371 1147
0 2656 1264 3984
191 2656 1264 3984
690 934 1168 2146
722 1529 1168 2146
616 1551 2985 3771
616 1636 1891 3771
616 1636 1742 3771
1083 1636 1742 2273
1699 1551 2985 2847
138 1678 881 2857
2114 3027 2390 3548
0 4515 934 5312
849 4791 1519 5312
201 4515 934 5312
1933 722 2719 1274
1933 3888 2985 4982
1933 3888 2985 4865
1976 2252 2985 3442
2103 2783 2762 3335
1699 3293 2794 3962
616 2092 1604 3771
1699 1551 2985 2751
0 0 2985 1030
0 212 881 924
1699 3505 2794 3962
1954 3505 2794 3962
1933 3888 2985 4515
1529 5099 1954 5312
1593 1200 2273 1593
605 0 2985 1030
605 0 2889 1030
