0 0 2448 3263
1090 1566 1742 2337
1605 1997 2448 3263
1181 2010 1462 2337
1658 1997 2448 3263
1090 1566 1742 2226
1090 1566 1742 2115
1658 1997 2448 2839
1827 2115 2448 3263
2108 2428 2239 2617
809 2017 1481 2689
907 2030 1481 2519
1880 2115 2448 3263
1827 2963 2095 3263
378 2689 796 2924
1331 998 1514 1175
1462 3015 1860 3263
1462 3048 1860 3263
809 2017 1272 2689
1938 2115 2448 3263
0 0 2448 796
0 195 2448 3263
809 2017 1188 2689
0 1514 372 1873
907 2199 1481 2519
1370 705 2448 2565
809 2017 1122 2552
848 2160 1109 2552
1521 2617 1762 2780
652 1383 920 1553
156 1227 672 1410
156 1227 607 1410
1938 2434 2448 3263
705 2911 966 3224
920 2408 1188 2689
1370 1449 2448 2565
156 1227 443 1410
1442 1449 2448 2565
711 372 992 574
1442 1547 2448 2565
261 1233 443 1410
0 757 1932 3263
959 1592 1475 1906
835 2970 1246 3263
835 2970 1142 3263
0 195 2448 1684
1057 1592 1475 1906
1057 2996 1246 3263
182 2448 430 2709
1651 1742 2030 1893
633 1847 868 2030
1103 2226 1697 2630
1103 2343 1664 2630
1103 2343 1664 2591
313 868 731 1051
313 868 731 1018
881 0 1703 293
1455 1194 1840 1605
1618 992 2102 1423
0 757 1292 2793
1756 809 2167 966
953 548 1410 1037
881 0 1592 293
0 1827 1932 3263
359 1932 763 2265
2173 2878 2448 3263
1534 1547 2448 2565
1618 992 2004 1390
1618 992 1964 1318
1977 1547 2448 2232
359 2004 763 2265
1534 1808 2297 2565
1684 1808 2297 2565
0 1827 1011 3263
855 2448 1932 3263
0 1827 881 3263
678 2284 926 2715
678 2350 926 2715
2258 2115 2448 2604
0 195 1573 1201
0 195 1266 1201
861 1214 1122 1566
1938 2748 2376 3263
887 2448 1932 3263
228 1521 783 1821
953 2448 1932 3263
541 626 1005 946
685 633 1005 946
685 633 992 822
770 2911 966 3224
998 535 2448 1684
1997 1547 2448 2049
887 2585 1266 2865
32 757 1292 1462
0 1827 541 3263
0 1827 450 3263
0 2519 450 3263
0 1827 450 2565
0 1827 404 2304
1253 535 2448 1684
1253 535 2448 1286
424 2761 881 3263
953 2448 1899 3263
1690 1808 2297 2565
0 1188 1292 2793
0 1188 1103 2043
1860 1011 2421 1684
0 1188 907 1664
0 1938 404 2304
0 2637 450 3263
0 195 1266 802
32 848 1292 1462
953 548 1410 985
326 195 1266 802
953 2448 1801 3263
0 261 476 665
1253 535 2088 1286
2049 1625 2448 2049
248 1396 1103 2043
1860 1011 2310 1468
528 3120 685 3263
1853 3094 1991 3263
1318 3081 1507 3263
652 3074 881 3263
398 3055 561 3263
2173 3042 2363 3263
705 3028 848 3185
1057 2996 1246 3179
0 2983 450 3263
946 2970 1142 3263
1827 2963 2095 3211
228 2918 417 3113
770 2911 946 3113
1938 2898 2173 3263
2317 2878 2448 3224
1390 2878 1645 3113
1971 2865 2128 3002
953 2813 1233 3185
855 2813 1018 3048
1442 2807 1586 2950
424 2761 783 3185
2075 2748 2376 3159
378 2735 600 2924
1246 2709 1423 3009
887 2709 1070 2865
1481 2702 1899 3107
267 2696 541 3068
1880 2663 2056 3022
169 2643 365 2807
0 2637 359 3139
1977 2630 2284 2931
966 2585 1266 2774
287 2558 430 2709
0 2519 306 2780
685 2506 1011 2944
1064 2448 1801 3263
1103 2448 1455 2591
678 2448 926 2715
182 2448 398 2604
2206 2434 2448 2878
953 2408 1188 2637
2258 2389 2448 2604
1658 2356 2258 2839
1416 2343 1664 2526
874 2291 1109 2552
1801 2284 2069 2493
1214 2239 1481 2506
1540 2226 1697 2408
907 2199 1299 2519
1370 2186 1599 2421
913 2186 1064 2389
1605 2167 1821 2395
1299 2154 1462 2337
1051 2134 1246 2337
0 2121 450 2565
2245 2088 2389 2252
71 2049 404 2304
1338 2036 1501 2199
1201 2036 1331 2265
966 2030 1272 2330
1684 2023 1945 2278
809 2017 1122 2212
1977 2010 2389 2232
1181 2010 1377 2239
359 2010 633 2265
1840 2004 2297 2565
541 2004 763 2219
2128 1997 2448 2630
0 1938 365 2154
1684 1912 1899 2102
1442 1906 1788 2141
1090 1880 1377 2115
665 1847 868 2030
261 1847 417 2088
0 1827 280 2082
1690 1808 2180 2069
2199 1801 2448 2049
359 1756 1292 2793
1775 1749 2030 1893
1057 1710 1325 1880
1286 1703 1442 1906
1893 1684 2160 1853
959 1651 1090 1788
2049 1625 2369 1847
248 1625 698 2043
2297 1599 2448 1853
1057 1592 1475 1840
1325 1566 1742 2075
1997 1547 2219 1729
398 1540 783 1821
228 1521 450 1742
1286 1462 1442 1638
2088 1410 2421 1684
594 1396 1103 1938
652 1383 835 1553
887 1351 1122 1566
1024 1344 1318 1658
1886 1338 2199 1651
0 1331 345 1573
261 1272 404 1410
1560 1253 2069 1808
1847 1233 2004 1390
861 1214 1005 1403
1455 1194 1782 1521
150 1188 907 1664
1710 1168 1964 1318
32 1129 646 1370
1860 1103 2310 1468
1977 1011 2297 1240
1331 998 1475 1175
1618 992 1867 1201
998 972 1788 1684
528 913 731 1051
1782 887 2108 1201
313 887 509 1018
143 848 1292 1462
1253 829 1769 1286
1925 809 2167 940
913 770 1077 907
319 757 815 907
705 731 1005 946
2004 705 2448 1494
2036 691 2226 907
750 691 992 822
522 691 711 822
0 691 398 1201
541 626 757 815
953 600 1410 985
91 594 463 815
1403 587 1651 776
1011 548 1357 783
2049 541 2448 802
1442 535 2088 1077
1168 496 1573 842
809 443 992 574
182 424 352 580
0 345 293 639
326 293 1051 802
822 235 1024 385
404 208 613 548
633 195 1266 580
1233 0 2448 796
881 0 1592 274
0 0 1390 398
0 0 2448 1808
0 691 2448 3263
1684 2186 1880 2376
0 691 1318 3263
1181 2010 1468 2337
1181 2010 1468 2239
1827 2630 2284 3263
424 972 2448 3263
848 972 1945 2630
1051 2134 1253 2337
1233 0 2448 1808
424 1507 2448 3263
424 2284 1932 3263
835 3055 1005 3263
1521 1507 2448 3263
1938 1997 2448 3263
0 691 1292 1873
1573 1997 1788 2180
0 0 2167 1286
0 0 1592 815
848 2030 1664 2630
613 496 2167 1286
959 972 1945 2421
1521 1507 2448 2839
0 1344 1318 3263
1566 1507 2448 2839
248 1344 1318 2793
541 1847 868 2219
587 1847 868 2043
1938 2297 2448 3263
770 2284 1188 2637
874 2291 1188 2637
685 496 2167 1286
848 2030 1481 2519
424 2448 1932 3263
0 1827 796 3263
424 2448 1899 3263
685 496 2088 1286
1651 1507 2448 2839
1651 1684 2160 1893
966 2030 1481 2506
1658 1507 2448 2839
652 3028 881 3263
0 1827 561 3263
959 1651 1325 1880
1938 2389 2448 3263
1566 1827 1899 2102
998 972 1945 2421
2245 1507 2448 1853
1090 1880 1945 2421
1462 2017 1658 2265
1560 541 2448 1808
1658 1547 2448 2839
1318 3048 1860 3263
1090 1880 1945 2395
1710 1168 2004 1390
1370 2186 1697 2421
770 2284 920 2611
1775 1684 2160 1893
1827 2630 2284 3211
966 2030 1331 2330
0 483 463 815
169 2643 541 3068
1827 2663 2095 3211
248 1344 1318 2265
0 195 1266 815
1605 2023 1945 2395
1090 1880 1788 2199
1090 1880 1501 2199
424 2448 1233 3263
1658 1625 2448 2839
0 1938 450 3263
0 1938 450 2780
855 2813 1233 3263
1690 1625 2448 2069
946 2813 1233 3263
424 2448 1011 3263
678 2448 1011 3113
685 2506 1011 3113
0 1129 907 1873
1690 1625 2369 2069
0 691 1292 1462
0 1938 450 2565
953 496 2088 1286
953 496 1573 985
998 972 1788 2075
1064 2448 1899 3263
1390 2702 1899 3113
0 691 815 1201
1658 2004 2389 2839
424 2761 783 3263
1782 541 2448 1494
1782 887 2297 1240
248 1396 1103 2265
1860 541 2448 1494
0 0 1592 398
1560 1253 2421 1808
1886 1338 2421 1684
2004 541 2448 1494
0 2049 450 2565
0 1129 646 1873
1801 2004 2389 2565
1840 2004 2389 2565
1057 1566 1742 2075
0 208 613 665
0 1331 372 1873
248 1625 698 2265
822 2180 1253 2552
1775 1997 2448 3263
913 1592 2193 2624
972 1592 2193 2624
1051 1592 2193 2624
1051 1592 2193 2591
913 2010 1475 2539
1814 1997 2448 3263
913 2010 1462 2539
1932 2095 2448 3263
0 0 2448 2154
1181 2010 1462 2343
1938 2095 2448 3263
1938 2441 2448 3263
110 2461 319 2676
1827 1233 2108 1436
0 900 2448 3263
933 1645 2448 3263
933 2004 2252 3263
2154 1024 2330 1214
1514 2121 2069 2493
2206 2095 2448 2630
2265 2095 2448 2604
633 411 1521 1044
1612 2121 2069 2493
0 900 1272 3263
1645 1645 2448 2304
1775 1645 2448 2304
1971 1645 2448 2304
1971 1645 2448 2232
0 339 463 855
2226 1370 2448 1612
809 411 1521 1044
0 1188 1272 3263
0 2056 1272 3263
0 2056 1148 3263
0 1188 1175 2461
0 339 463 815
1814 1997 2448 3211
887 502 1521 1044
0 2115 1148 3263
1814 2526 2271 3211
0 2232 1148 3263
0 2232 985 3263
0 900 404 1645
1971 1788 2448 2232
0 2232 966 3263
0 1188 907 2461
267 2232 966 3166
1827 3107 1984 3263
1096 3087 1253 3263
2271 2891 2448 3211
1971 2872 2121 3002
398 2813 985 3263
1938 2748 2402 3263
2082 2735 2271 2898
874 2696 1148 2898
306 2696 450 2924
509 2683 796 2813
1814 2650 2271 3211
0 2565 483 3263
1938 2526 2258 2715
267 2506 966 3166
182 2448 411 2611
2206 2441 2448 2931
998 2382 1253 2552
2265 2317 2448 2604
1801 2291 2069 2493
874 2291 1272 2774
1214 2245 1507 2461
359 2232 920 2774
822 2180 1031 2408
1514 2141 1723 2454
1612 2121 1886 2395
0 2115 450 2748
1272 2102 1462 2343
2121 2069 2389 2304
235 2056 404 2304
1971 2036 2278 2232
913 2036 1338 2539
1220 2017 1664 2591
1181 2010 1338 2343
2121 1997 2448 2572
2075 1958 2239 2088
2147 1788 2448 2186
802 1762 1175 2278
2147 1716 2421 1847
2297 1645 2448 1801
1775 1645 2154 1853
1051 1592 2193 2212
665 1586 802 1769
0 1521 881 2461
1109 1462 1442 1638
2239 1370 2448 1605
1971 1299 2108 1436
868 1272 1005 1521
1827 1233 2004 1390
0 1233 404 1645
1429 1194 1605 1344
150 1188 907 1671
2193 1083 2330 1214
1899 1064 2147 1266
1618 985 1906 1214
0 900 176 1357
522 691 698 848
0 620 2017 2154
1919 580 2317 770
887 522 1521 1044
992 502 1331 731
633 456 979 685
809 411 1005 574
404 293 613 548
0 0 2448 1840
874 1462 2448 3263
0 900 1175 3263
0 339 2108 2154
0 411 2108 2154
0 411 2017 2154
1051 1462 2448 2493
0 2056 985 3263
0 900 1175 2461
913 2010 1507 2539
1181 2010 1507 2461
874 2004 2252 3263
874 2017 1723 2898
1645 1645 2154 1853
0 2115 985 3263
633 456 1521 1044
874 2017 1723 2774
1220 2017 1723 2591
1051 1592 2448 2493
1051 1592 2448 2232
267 2232 985 3263
0 1188 907 1671
267 2506 985 3263
0 2115 483 3263
907 2102 1351 2539
907 2102 1272 2519
907 2102 1240 2382
1684 2056 2448 3263
1096 1886 1488 2206
705 2807 868 2976
1775 2056 2448 3263
1051 1194 1547 1775
1051 1240 1370 1775
1024 313 1299 502
1390 2741 1547 2970
1383 940 1716 1135
789 2010 1658 2611
1175 0 1364 143
789 2017 1658 2611
1037 2154 1658 2578
1037 2160 1658 2578
1051 2232 1658 2578
1109 2232 1658 2578
1945 920 2252 1109
2147 1507 2448 2082
1847 1899 2271 2356
1847 1899 2167 2069
2239 2500 2448 2865
1051 1286 1299 1775
1449 1658 1618 1880
0 0 254 352
0 71 254 352
1964 2865 2448 3263
1351 235 1808 509
1351 235 1729 509
2154 1507 2448 2082
1109 2376 1658 2578
1462 2865 1716 3263
1481 2865 1716 3126
0 0 2448 2232
0 900 2193 3263
2271 0 2448 235
228 900 913 1312
789 2017 1122 2611
0 933 2193 3263
163 2461 580 2931
163 2461 509 2931
163 2558 509 2931
163 2650 509 2931
1351 1899 2141 2428
1351 1899 1853 2428
1351 2023 1723 2428
1351 2023 1677 2245
1560 1037 2023 1853
1560 1037 1991 1592
1560 1037 1912 1383
150 1605 378 1775
411 1286 985 1853
411 1383 985 1853
411 1403 985 1853
1455 1899 1853 2173
1122 1762 1436 1912
1592 1553 2023 1853
1534 2193 1723 2428
789 2539 1246 2800
874 2572 1246 2800
1396 39 1795 195
1553 39 1795 195
933 933 1475 1396
1658 26 2075 280
0 483 254 815
1005 933 1442 1161
2088 1103 2448 1612
2088 1318 2448 1612
1775 2147 2448 3263
2115 2147 2448 2617
0 1064 2193 3263
672 1729 1018 2291
1103 1286 1299 1566
1827 26 2075 208
2212 1645 2448 2082
228 933 913 1312
228 933 705 1286
933 1024 1475 1396
933 1024 1370 1396
1155 587 1618 829
2193 2865 2448 3263
672 1742 998 2291
731 1742 998 2069
783 1893 998 2069
2193 2931 2448 3263
1925 626 2448 1148
528 2944 770 3166
1716 1364 1991 1592
1729 1168 1912 1383
1651 535 2075 913
1847 535 2075 718
2088 1318 2317 1540
1984 2539 2448 2989
1005 933 1364 1161
221 45 476 215
0 0 2448 1521
208 411 815 626
319 411 815 626
319 411 626 626
319 411 613 626
1155 691 1618 829
1201 2715 1449 3185
1455 1899 1769 2128
1775 2519 2206 3263
1651 620 2030 913
411 1494 842 1853
411 1527 842 1853
535 1527 842 1853
626 1527 842 1723
319 476 476 626
104 1847 424 2069
1814 1436 1991 1592
0 1560 770 3263
0 1560 326 1860
45 91 2448 2232
678 881 1031 1142
0 1560 208 1853
0 1834 770 3263
0 1912 770 3263
0 1912 241 2291
0 2036 202 2291
1233 2715 1449 3185
1233 2813 1429 3185
1292 0 2448 463
0 1971 770 3263
0 2049 770 3263
1925 626 2448 1135
1925 809 2448 1135
0 0 1664 1521
0 802 541 1521
0 959 541 1521
0 0 1664 972
274 202 470 385
26 1051 541 1521
933 1024 1272 1396
933 1109 1272 1396
678 881 1031 1064
274 2147 2193 3263
274 2513 1051 3263
463 2513 835 2728
463 2513 750 2728
26 1148 541 1521
26 1148 496 1403
933 2147 2193 3263
1684 620 2030 913
2043 626 2448 1005
2010 809 2448 1135
2010 861 2448 1135
1697 1468 2408 2232
45 528 424 972
45 600 424 972
45 691 424 972
45 691 319 926
1109 2147 2193 3055
1383 2585 1958 3055
1579 2585 1958 2904
1690 2585 1958 2904
1410 0 2448 463
1410 0 2395 248
1410 0 2323 235
2199 718 2448 1005
2199 718 2448 894
163 2696 443 2931
933 2735 1540 3263
274 2637 1051 3263
365 2637 1051 3263
365 3068 685 3263
587 1403 985 1566
1410 0 2010 182
1690 2585 1958 2807
0 0 1664 620
1129 404 1664 620
1129 463 1553 620
1697 1468 2363 2232
1697 1468 2363 2115
1697 1560 2363 2115
0 2049 770 3133
0 2049 770 3081
0 2049 770 3035
0 0 1586 587
0 1064 1821 3263
1390 1566 1729 1860
1396 1566 1729 1860
1396 1579 1664 1860
0 2049 770 2793
0 0 1507 587
0 0 1181 587
646 19 1181 567
0 2049 770 2709
1018 0 1507 430
1024 52 1507 430
1057 1064 1821 2004
1057 1442 1599 2004
1057 1592 1599 2004
1057 1658 1357 1886
933 2735 1331 3263
0 0 744 587
633 2637 1051 3263
678 2637 1051 3263
933 2735 1305 3250
1109 2147 2193 2787
842 182 1181 567
933 2735 1305 3166
0 143 254 352
45 91 2448 1560
0 1155 1194 3263
672 1357 1194 2095
926 1462 1194 2095
926 1462 1194 1984
926 1592 1161 1984
1194 1064 1821 1618
1377 1064 1821 1618
1377 1064 1703 1507
1024 52 1507 417
1024 52 1507 359
1116 124 1507 359
45 91 2448 1161
1964 372 2448 724
2056 372 2448 724
0 1155 1175 3263
594 1155 1175 1468
0 0 587 587
0 0 443 587
0 241 443 587
0 339 443 587
1618 2774 1860 3263
646 19 1161 215
678 2637 1051 2911
0 1161 881 3263
143 1808 881 3263
522 1808 842 2317
1357 2147 2193 2774
1370 2147 2193 2709
1481 2147 2193 2709
0 1161 639 2258
1481 2389 1873 2709
1834 966 2395 1560
143 2258 881 3263
1194 1259 1566 1494
0 1305 639 2258
0 1305 639 1847
0 1305 639 1703
0 1325 411 1703
1259 1592 1599 2004
45 91 2271 1161
143 2330 796 3263
1684 2147 2193 2532
45 91 1077 1161
450 91 1077 920
796 143 2271 1109
0 2049 770 2545
705 2258 881 2565
1507 143 2271 548
65 1325 411 1703
1579 2389 1873 2709
718 2807 1005 3263
1684 2147 2004 2428
796 365 2069 1109
2180 1103 2448 1357
796 404 2069 1109
1442 515 2069 1109
796 404 1527 1018
933 522 1527 1018
940 626 1527 1018
326 0 744 221
672 1155 1175 1468
541 91 1077 920
691 91 1077 456
940 652 1527 1018
287 1723 639 2258
287 1723 639 2154
1697 1560 2271 2030
1834 1051 2395 1560
1899 2519 2206 3172
45 600 776 1161
45 763 776 1161
241 763 776 1161
345 763 776 1044
345 763 776 913
940 652 1481 985
1507 143 2167 548
1697 1690 2193 2030
143 2330 796 3211
391 2330 796 2728
1834 1083 2395 1560
2186 372 2448 724
143 2722 796 3211
143 2839 476 3211
437 2722 796 3015
672 1155 1161 1429
0 2186 770 2545
71 2186 770 2467
541 300 1044 920
1442 515 1801 1070
1507 143 2062 548
1671 750 2069 1109
1383 1253 1821 1618
541 300 1044 737
1109 3133 1331 3263
691 3126 972 3263
1684 3113 1821 3263
0 3100 189 3263
150 3074 404 3263
365 3068 587 3263
1971 3061 2219 3263
1462 3061 1697 3263
842 3061 1005 3263
633 3042 855 3263
1775 3035 2128 3263
2265 3015 2448 3263
1259 3002 1540 3263
953 3002 1148 3250
1044 2996 1240 3172
417 2963 600 3198
1116 2957 1305 3166
528 2944 770 3133
2193 2931 2337 3068
110 2931 280 3081
1964 2924 2265 3126
1618 2918 1860 3263
1233 2918 1429 3185
143 2918 411 3211
39 2911 235 3042
1788 2891 1938 3068
1142 2885 1292 3035
2239 2865 2448 3055
1573 2865 1710 3081
267 2839 476 3068
1246 2813 1383 2983
1821 2807 1951 2970
718 2807 959 3133
1383 2800 1671 3055
437 2800 652 3015
1984 2787 2323 2989
1697 2774 1834 3042
163 2767 345 2931
1501 2761 1658 2918
881 2761 1051 2898
1782 2754 1919 2904
1579 2741 1775 2885
1396 2741 1547 2911
933 2735 1227 3035
489 2722 796 2983
1259 2715 1449 2911
313 2696 443 2898
1899 2683 2082 3172
1122 2676 1299 2839
1690 2669 1958 2807
0 2656 254 3035
365 2650 509 2780
678 2637 920 2911
1507 2624 1723 2780
1109 2585 1462 2787
940 2578 1246 2800
463 2572 678 2728
1357 2558 1592 2774
221 2558 417 2715
2082 2539 2448 2911
1827 2539 1984 2774
1991 2519 2206 2865
1945 2513 2115 2780
535 2513 750 2715
2239 2500 2448 2767
391 2493 580 2728
1579 2474 1801 2709
979 2461 1377 2650
1782 2454 2102 2630
0 2448 352 2709
1109 2428 1462 2578
1645 2389 1873 2663
1723 2376 1873 2506
1403 2376 1658 2552
705 2356 881 2565
365 2356 607 2572
1011 2350 1272 2519
1671 2343 1808 2500
417 2330 796 2617
1860 2323 2056 2500
1945 2317 2193 2532
1051 2317 1299 2474
202 2310 443 2506
1586 2297 1723 2428
2115 2291 2448 2617
1729 2284 2004 2428
2128 2265 2271 2448
711 2258 842 2434
496 2245 770 2467
1377 2239 1605 2415
0 2239 241 2545
1207 2232 1507 2506
907 2186 1077 2382
71 2186 541 2454
1037 2160 1305 2382
1605 2154 1808 2389
1364 2154 1560 2291
789 2154 1116 2611
2160 2147 2402 2480
1684 2147 1951 2310
104 2115 365 2278
1808 2102 2141 2408
979 2102 1240 2297
1201 2088 1370 2265
359 2088 554 2258
1971 2069 2271 2356
2304 2056 2448 2291
150 2049 424 2291
1325 2043 1488 2206
45 2036 202 2173
1997 2030 2265 2232
1468 2030 1677 2245
1599 2023 1853 2173
1351 2023 1507 2226
815 2017 1122 2212
1083 2010 1338 2186
1808 1991 2004 2193
522 1971 842 2317
2095 1958 2363 2115
1455 1958 1605 2128
959 1925 1148 2095
1697 1919 1847 2102
65 1912 241 2082
1847 1899 2023 2049
1468 1899 1769 2062
1096 1886 1462 2115
104 1873 411 2069
672 1853 913 2291
287 1847 424 1997
0 1834 137 2180
548 1808 737 2056
1697 1801 1964 2030
365 1801 639 2154
2212 1788 2448 2082
1266 1762 1436 1912
1390 1756 1599 2004
926 1749 1161 1984
731 1742 972 1938
887 1729 1018 1919
1057 1723 1266 1886
287 1723 430 1958
1455 1710 1618 1880
58 1710 326 1860
1873 1690 2193 2017
2049 1684 2408 1840
1390 1671 1527 1808
1507 1664 1664 1860
1449 1658 1586 1814
1201 1658 1357 1840
0 1651 208 1853
535 1645 757 1853
339 1599 587 1847
1259 1592 1449 1782
979 1592 1161 1749
665 1586 802 1723
411 1579 580 1710
19 1566 189 1742
1971 1560 2271 1795
1051 1560 1286 1775
1592 1553 2023 1827
626 1527 842 1677
2154 1507 2448 1769
705 1475 926 1612
1951 1468 2199 1605
1299 1468 1442 1631
1031 1462 1194 1645
78 1455 411 1703
1207 1442 1338 1605
1383 1416 1756 1618
587 1410 822 1566
0 1396 300 1579
1716 1364 1958 1501
300 1364 541 1521
1194 1357 1351 1494
672 1357 1096 1886
65 1325 319 1488
2291 1318 2448 1494
2088 1318 2284 1481
594 1305 815 1468
313 1305 639 1671
2206 1299 2395 1560
1468 1292 1703 1507
1161 1286 1299 1488
705 1286 940 1416
1873 1266 2121 1521
1305 1259 1566 1488
1018 1259 1272 1396
1592 1253 1821 1429
1168 1240 1370 1370
2180 1214 2448 1357
1729 1168 1912 1318
861 1161 1161 1429
672 1155 907 1325
