0 0 2448 3263
1312 0 2448 195
1827 1051 2043 1194
855 0 1299 163
2036 1455 2448 1801
2036 1553 2382 1716
254 1051 509 1266
0 979 319 1201
221 1057 1155 1938
300 1233 1155 1938
300 1233 731 1534
300 1286 665 1534
1592 705 2448 1057
1592 705 2448 1031
0 0 2448 600
0 0 2448 378
0 332 2448 3263
0 176 1788 600
0 332 2448 2115
0 470 2448 2115
430 1357 1155 1938
509 1357 1155 1801
430 1671 802 1938
430 1671 737 1938
0 1103 2448 3263
0 1677 345 2206
757 1429 1155 1801
124 587 548 776
293 587 548 770
0 1475 2448 3263
0 470 2448 2049
0 2343 783 3192
0 1677 345 2030
509 1357 1005 1710
763 1762 2448 2996
456 169 2448 378
874 940 1214 1129
0 2023 156 2206
724 443 2448 776
868 3068 1077 3263
1449 705 2121 855
0 1103 391 1540
802 1116 1194 1462
456 169 2448 365
0 0 1462 313
757 1429 1077 1716
639 1749 1560 2434
1481 110 2036 261
437 1671 737 1899
0 0 933 313
0 2343 274 3074
868 443 2448 776
868 443 2448 750
1579 2128 2448 3042
0 1475 2310 3263
0 78 691 313
0 2173 189 2356
757 65 1462 254
1188 1344 2448 2049
156 2585 783 3192
1821 1011 2356 1227
1449 705 2062 855
1579 2128 2448 2911
763 1762 2448 2865
0 1867 2310 3263
0 470 2448 1521
0 470 900 698
150 470 900 607
763 1762 2448 2767
0 78 600 313
0 0 933 169
437 1919 789 2173
868 450 1769 691
907 1749 1560 2434
907 1756 1560 2434
868 450 1658 633
868 450 1390 626
156 2585 724 3192
1945 2415 2304 2996
1951 2415 2304 2996
1951 2513 2304 2996
1951 2513 2304 2911
0 541 2448 1521
1599 2604 1808 2767
763 1762 2448 2761
195 2585 724 3192
639 1756 1024 2043
2088 2513 2304 2826
1579 2258 2108 2709
1834 2102 2219 2408
91 1475 1011 1971
1834 2102 2108 2291
221 1057 809 1383
1951 2643 2173 2911
0 2408 274 3074
1586 443 2448 750
0 705 705 1109
32 705 705 1109
241 705 705 966
0 2598 274 3074
267 541 2448 1521
2219 3009 2448 3263
2219 3100 2448 3263
1370 2709 1625 2918
0 2709 822 3263
195 2598 724 3192
522 1919 789 2173
65 78 600 235
0 215 1788 600
1351 1762 2448 2474
920 1756 1560 2434
763 2095 1736 2761
1338 2793 1703 3048
1455 2898 1703 3048
0 2709 672 3263
705 2232 1109 2532
71 1867 2310 3263
0 2709 587 3263
84 1867 659 2258
815 2904 1135 3211
71 2017 2310 3263
594 541 2102 770
1664 2128 2448 2911
0 2709 443 3263
763 2160 1703 2761
920 1984 1560 2434
1664 2128 2448 2611
1664 2128 2317 2611
1083 2715 2310 3263
1083 2891 1658 3263
1188 1442 2448 2049
1664 2128 2206 2526
1351 1762 2448 2350
195 2598 535 2898
920 1984 1560 2408
267 594 2448 1521
32 2173 424 2454
1325 2944 1658 3263
1501 2715 2310 3263
91 2173 424 2454
117 2212 424 2454
1534 1762 2448 2350
1534 1775 2448 2350
71 2017 1501 3263
1579 2715 2023 3146
71 2017 776 2839
71 2017 737 2663
267 594 1325 1135
71 2017 737 2630
1064 881 2448 1521
1501 2970 2310 3263
1501 2989 2128 3263
711 2506 1501 3263
731 2506 1501 2970
731 2506 1501 2904
78 2813 443 3263
71 2017 737 2500
2219 3120 2448 3263
313 3120 587 3263
1455 3087 1658 3263
1338 3074 1507 3263
241 3068 391 3263
1090 3048 1240 3263
600 3028 822 3263
1710 3022 2128 3263
2278 3009 2448 3166
1501 2989 1801 3179
287 2983 489 3185
2017 2970 2310 3224
1325 2944 1540 3133
959 2944 1135 3211
78 2944 287 3263
1684 2904 2017 3146
815 2904 1011 3055
1083 2891 1396 3263
476 2872 698 3015
372 2852 724 3192
1951 2846 2121 3048
953 2820 1090 2976
711 2820 992 3263
2043 2813 2226 2996
221 2813 443 3068
1103 2800 1364 3042
1338 2793 1527 2989
2102 2787 2448 3042
607 2761 783 2937
1951 2735 2147 2911
1579 2715 2023 3009
1370 2709 1625 2865
731 2696 953 2865
235 2683 535 2898
887 2643 1201 2970
450 2643 659 2904
1782 2630 2088 2865
1599 2630 1775 2767
1188 2617 1501 2904
32 2604 274 3074
195 2598 404 2767
2226 2519 2448 2911
2088 2513 2278 2826
731 2506 1259 2839
443 2441 776 2839
0 2421 130 2572
1951 2415 2121 2604
0 2408 163 2741
2134 2389 2317 2611
476 2363 633 2539
130 2356 411 2663
1103 2350 1305 2519
763 2330 1703 2761
2206 2317 2448 2474
705 2304 920 2532
372 2304 515 2630
1579 2258 2108 2683
2069 2252 2219 2408
1834 2239 2206 2526
711 2232 1109 2421
241 2226 424 2415
117 2212 326 2454
868 2160 1370 2474
1664 2128 2010 2376
502 2128 659 2258
1175 2102 1560 2408
1449 2095 1736 2395
280 2095 737 2500
1423 2062 1645 2239
646 2023 920 2330
71 2017 372 2310
920 1984 1436 2186
1586 1964 1951 2167
437 1964 574 2147
522 1958 705 2173
561 1919 789 2062
1364 1880 1658 2043
1775 1873 2448 2350
84 1867 587 2206
0 1821 345 2030
750 1782 972 2173
639 1782 842 2043
483 1782 802 1938
1534 1775 2049 2036
1645 1762 1860 1945
1161 1756 1403 2069
966 1756 1272 2056
796 1756 1024 1899
1077 1736 1279 1938
221 1723 541 1971
587 1677 1024 1867
0 1677 156 1906
678 1671 926 1801
515 1671 737 1847
1507 1638 1801 1808
2030 1605 2448 1925
1860 1573 2448 2049
2036 1560 2317 1716
959 1560 1155 1801
2199 1553 2382 1684
91 1475 1011 1932
2147 1455 2448 1801
1188 1442 2141 1945
1488 1436 1795 1631
855 1436 1018 1651
509 1436 744 1710
861 1429 1077 1638
953 1403 1612 1749
300 1390 522 1534
0 1383 391 1814
587 1357 1005 1703
1762 1344 2232 1527
470 1318 861 1468
1370 1286 1834 1521
802 1286 966 1436
946 1246 1194 1462
496 1233 731 1383
0 1148 287 1292
802 1116 1116 1325
685 1103 985 1344
1964 1096 2356 1227
972 1064 1664 1455
280 1057 809 1312
1827 1051 2043 1188
1586 1011 2448 1521
587 1005 926 1181
32 946 372 1109
1064 881 2252 1201
0 881 241 1024
267 835 992 1135
274 757 685 946
0 711 319 900
1592 705 2448 1011
1214 678 1638 933
1148 600 2102 770
430 594 1325 1011
594 541 1246 685
1586 515 2448 750
150 476 731 607
0 476 424 698
868 450 1135 626
1645 443 2448 613
502 404 665 554
0 332 280 528
1299 319 2448 502
0 150 208 313
300 124 868 261
1651 110 2036 241
300 78 600 235
900 65 1462 228
1312 45 1847 241
985 26 1299 163
1312 0 2448 150
1070 0 1631 163
855 0 1103 130
0 0 907 130
0 705 2448 3263
0 0 2448 1057
0 1736 2448 3263
430 1638 1037 1938
0 705 2448 2310
0 0 2448 1031
313 1233 731 1390
678 1638 1037 1801
0 0 2448 1011
2049 1488 2382 1684
0 705 1214 2310
802 842 2448 2115
1853 1821 2056 1984
802 881 2448 2115
711 1873 2448 3263
509 1246 1155 1801
0 1677 345 2121
0 1821 345 2121
1181 280 2448 502
0 0 1299 313
855 1429 1155 1801
0 561 718 776
300 1390 522 1560
0 0 1299 202
1096 2539 1233 2696
221 1051 809 1383
124 561 718 776
868 3068 1168 3263
855 1429 1077 1651
0 150 483 313
0 1736 1703 3263
0 0 907 202
110 176 483 313
0 1958 861 3263
561 1736 1703 2761
0 705 1214 1468
0 946 372 1201
1423 1873 2448 3166
711 2506 2448 3263
65 0 2036 261
1070 0 2036 241
1070 0 1847 241
1423 1873 2448 3048
65 65 1462 261
65 78 868 261
887 894 1214 1064
65 78 691 235
0 215 2448 1011
0 705 992 1468
0 705 992 1344
0 215 1788 626
711 2506 2310 3263
0 2023 189 2408
0 2173 189 2408
19 2232 189 2408
2265 2415 2448 2585
1951 2735 2147 3048
646 1736 1703 2761
907 1736 1279 2069
437 1964 659 2258
1161 1011 2448 2115
0 1103 1011 2310
646 1756 1703 2761
685 2304 920 2637
0 705 992 1181
241 705 992 1181
907 1756 1272 2069
1370 1011 2448 1801
1370 1011 2448 1527
1370 2709 1625 3048
1455 2807 1586 3048
267 835 992 1181
0 443 2448 1011
600 2761 861 3263
600 3028 861 3263
0 1958 776 3263
241 2983 672 3263
287 2983 672 3263
313 3120 672 3263
1423 1873 2448 3042
1599 2591 1912 2767
607 2761 783 3068
0 2598 156 3263
0 476 2102 1011
502 404 900 587
0 2709 156 3263
959 2944 1240 3263
1690 2591 1912 2748
2108 3120 2448 3263
802 881 2252 1749
907 1756 1272 2056
1161 1436 2448 2115
0 3081 156 3263
0 476 1325 1011
0 476 731 698
1161 1436 2141 2108
0 1383 1011 2310
71 1723 587 2310
1860 1573 2448 2115
1782 2415 2448 3042
1782 2513 2448 3042
1782 2630 2173 2865
78 1958 776 3263
78 2598 724 3263
450 2643 698 3015
0 711 319 1024
1214 443 2448 1011
711 2506 1527 3263
274 541 1325 1011
1455 3087 1814 3263
71 1867 587 2310
1148 541 2102 770
117 1958 776 2839
750 1756 1024 2173
0 1383 1011 1932
731 2506 1527 2989
646 1984 1703 2761
646 2023 1109 2421
711 2696 1011 3263
274 757 835 946
78 2813 724 3263
430 541 1325 1011
802 1064 1664 1749
802 1064 1664 1462
2043 2513 2448 3042
2088 2513 2448 3042
1214 678 2448 1011
1423 1873 2448 2683
1579 2239 2317 2683
117 2095 776 2839
1083 2891 1540 3263
731 2506 1501 2976
1161 1442 2141 2108
1161 1756 2049 2108
1161 1756 1658 2108
1351 1880 1658 2108
731 2506 1259 2976
117 2212 411 2663
887 2643 1201 2976
1083 2891 1507 3263
711 2820 1011 3263
2102 2519 2448 3042
1579 2239 2206 2683
280 2095 776 2839
1534 1762 2049 2036
1586 1011 2448 1527
372 2304 776 2839
1449 705 2448 1011
1423 1873 2448 2395
1423 1964 2010 2395
1449 1964 2010 2395
1449 2095 2010 2395
763 1984 1703 2761
868 1984 1560 2474
1501 2904 2310 3263
1501 2904 2128 3263
868 2102 1560 2474
1501 2904 2017 3179
1279 0 2448 150
437 1286 1155 1906
1821 1011 2167 1240
1984 1442 2154 1782
0 176 2448 3263
0 0 2448 385
58 998 815 1383
58 998 561 1266
58 998 561 1240
58 1051 561 1240
0 1429 2448 3263
0 176 2448 2839
58 1083 319 1240
424 842 1788 1383
424 842 1749 1383
1586 907 2448 1521
437 1423 1155 1906
424 0 2448 208
221 1057 815 1383
450 417 946 685
450 535 907 685
0 1462 2448 3263
1710 3074 1932 3263
0 65 2448 385
489 1423 1155 1847
489 1423 1155 1801
685 1429 1155 1801
861 1429 1155 1801
685 1664 992 1801
0 65 2448 313
424 842 1514 1383
1521 1671 1795 1867
0 65 1671 313
489 1423 1005 1710
868 248 2448 385
1912 907 2448 1057
424 946 1207 1383
1436 705 2141 861
352 137 1410 267
1161 842 1514 1037
2186 2989 2448 3159
887 65 1671 254
0 176 2448 1214
0 78 1037 313
0 437 1769 1201
1318 842 1514 1037
0 2030 254 2408
0 2030 189 2408
228 1057 2448 2839
1436 705 2121 848
443 1671 1364 2167
443 1671 1103 2167
443 1756 1024 2167
0 78 933 313
65 78 933 235
0 2852 691 3263
1070 2767 1377 3244
2160 2317 2448 2624
1690 2904 2036 3146
1005 1736 1364 2036
0 1462 1521 2669
0 437 1769 1129
698 1057 2448 2839
776 2108 1521 2480
443 1899 776 2147
1880 1325 2330 1494
156 2239 2448 3263
1834 3002 2186 3263
0 2852 574 3263
0 1462 1018 2669
0 332 489 528
156 2441 2095 3263
0 437 1338 1129
0 1788 920 2669
711 1573 2448 2839
0 2996 574 3263
156 2441 1272 3263
1161 2630 2095 3048
228 2767 1083 3263
97 1977 920 2669
313 3133 574 3263
502 3120 691 3263
1834 3028 2141 3263
2278 3009 2448 3159
2017 3002 2186 3198
0 2996 398 3263
2186 2989 2317 3126
1325 2944 1847 3263
633 2833 796 2976
228 2813 509 3166
1070 2767 1344 3244
319 2767 1083 3263
607 2722 907 2872
0 2709 274 3074
1579 2702 2095 3048
1161 2630 1703 3048
1756 2572 1938 2702
685 2506 1272 3263
2252 2474 2448 2624
156 2441 815 2911
1840 2350 1991 2526
0 2343 254 2774
2160 2317 2448 2513
1612 2271 1788 2415
1886 2239 2448 3263
711 2232 2193 2839
97 2212 509 2669
91 2173 254 2304
1331 2108 1573 2245
776 2108 1370 2480
0 2030 189 2356
287 1977 920 2539
443 1958 646 2147
561 1899 776 2062
1161 1867 1364 2036
1847 1834 2056 1984
39 1795 241 1932
0 1788 783 2317
633 1756 1024 2167
1005 1736 1279 2030
587 1684 1018 1867
600 1677 731 1808
920 1671 1103 1873
685 1671 992 1801
496 1671 737 1847
1984 1625 2121 1782
926 1573 2448 2526
2030 1560 2356 1742
868 1514 1155 1801
84 1462 1018 1971
1991 1442 2154 1631
861 1429 1057 1638
855 1429 1011 1638
489 1429 757 1697
502 1423 1005 1710
1044 1410 1573 1795
698 1357 868 1514
228 1292 848 1481
802 1286 966 1429
946 1246 1194 1468
221 1148 424 1377
0 1135 398 1906
58 1096 319 1240
698 1057 2448 2062
228 1057 815 1383
1834 1051 2049 1188
1821 1044 2167 1240
587 1024 933 1175
613 946 1207 1344
0 894 372 1201
1161 868 1344 1018
1475 855 1749 998
110 855 345 1024
1318 842 1514 985
483 763 861 900
235 705 757 926
1181 672 1501 861
1018 502 1769 691
287 450 1338 1129
0 437 802 972
548 417 946 587
0 332 293 528
0 221 2448 1214
744 182 1566 326
0 176 940 359
0 150 228 313
293 78 600 235
913 65 1090 215
424 0 2017 208
0 894 2448 3263
0 0 2448 1240
1984 1442 2271 1782
437 1664 1018 1906
0 0 2448 1214
0 0 796 143
0 0 783 143
0 894 1279 3263
698 1286 966 1514
437 1671 1018 1906
685 1011 2448 3263
685 1573 2448 3263
437 1671 737 1906
267 2957 424 3179
1279 0 2448 372
1357 78 2448 372
1357 169 2448 372
698 1011 2448 2069
0 894 1207 2317
698 1011 2448 2062
0 1736 1279 3263
0 1795 345 2030
1756 78 2448 215
489 1423 1155 1873
0 0 2017 385
1834 1011 2167 1188
685 2239 2448 3263
1318 842 1788 998
1318 842 1749 998
548 417 946 620
0 894 1207 1383
0 894 815 1383
0 894 561 1201
424 894 1207 1383
587 894 1207 1344
613 894 1207 1344
424 0 2017 215
0 332 2121 1129
1521 1671 1860 1867
0 78 1671 385
0 78 1566 385
548 137 1566 326
711 2108 2193 2839
0 78 1494 385
0 1135 1018 2317
0 437 2121 1129
574 65 1090 215
0 2709 1083 3263
0 176 1494 385
0 1736 1279 2911
443 1736 1279 2167
0 1977 920 2911
1834 2239 2448 3263
0 1135 1018 1971
633 1736 1279 2167
907 1736 1279 2030
946 1246 1573 1795
0 2709 574 3263
1181 672 2121 861
0 2030 254 2774
319 2722 1083 3263
685 2506 2095 3263
235 705 861 926
0 2709 398 3263
97 1977 920 2911
685 2506 1344 3263
1161 2630 2095 3263
1579 2702 2095 3146
1161 2630 1847 3263
97 2212 815 2911
718 293 1834 476
0 39 2448 3263
1044 1403 1651 1749
1044 1403 1612 1749
0 0 2448 215
652 0 2448 215
391 1788 789 1971
1292 0 2448 150
0 1436 391 2121
0 1534 391 2121
0 1677 391 2121
0 1064 2448 3263
0 39 2448 1462
221 1057 750 1383
1051 0 2448 215
1233 19 2448 215
1233 19 1925 215
0 326 2448 1462
0 1677 391 2030
509 1364 1286 1991
509 1364 1286 1977
509 1364 1129 1977
509 1364 992 1703
541 1364 992 1703
541 1364 855 1703
1403 1697 1690 1984
0 39 2448 456
0 39 2448 430
0 2343 313 3205
868 274 2448 430
1396 274 2448 430
1044 1403 1612 1697
0 39 2448 339
0 1534 241 1808
1233 1070 1690 1305
1756 900 2448 1090
587 1436 1129 1977
587 1436 1116 1977
587 1566 1116 1977
182 1051 502 1259
2017 417 2448 580
1292 0 2395 137
0 39 1031 267
483 104 1031 261
110 124 2448 339
685 124 2448 339
613 3068 776 3263
0 2017 228 2304
0 2017 176 2304
509 1625 992 1847
0 39 731 267
0 39 731 176
613 913 1090 1351
1612 2441 1886 2800
685 176 2448 339
685 176 1951 339
0 2343 313 3126
2147 2643 2448 3159
2147 2643 2448 2957
2147 2643 2448 2891
2088 1383 2448 1612
652 0 1390 169
496 1788 861 2082
0 326 2448 1383
1416 796 2448 1044
0 339 2448 1383
1736 1436 2448 1808
2030 1455 2448 1795
2030 1501 2448 1795
0 339 2088 1383
685 182 1951 339
0 91 594 267
0 91 404 267
143 91 404 267
0 887 724 1201
0 920 724 1201
1971 913 2448 1044
0 1116 1201 1873
0 1116 1201 1579
822 2474 1122 2735
1736 1436 2167 1808
2036 443 2448 580
2030 1501 2310 1710
1161 1064 2448 2297
0 1377 2448 3263
1390 1919 2219 2252
966 404 2448 822
1410 522 2245 737
2036 1618 2448 1919
0 1116 1201 1475
32 2774 274 3126
1161 1064 2448 2193
711 2167 1344 2624
2245 2317 2448 2585
293 920 724 1116
1024 404 2448 822
1331 430 2448 822
1416 430 2448 822
1540 430 2448 750
0 1220 496 1475
1064 2030 1703 2839
1064 2030 1579 2428
1168 2030 1579 2428
398 1116 1201 1475
398 1312 848 1475
2304 2944 2448 3159
1161 1064 2448 2121
306 1540 620 1873
496 1795 822 2082
1697 2199 2102 2820
274 326 946 528
0 2343 313 2931
0 2500 313 2931
1161 1064 2448 2023
0 339 2088 1096
1631 0 2395 137
1416 613 2448 822
1416 613 1997 809
1697 2265 2102 2820
1697 2265 2102 2748
1756 2265 2102 2565
1840 2323 2102 2565
652 757 1051 998
2069 1064 2448 1292
0 1377 574 2330
0 1377 470 2330
0 1377 470 2115
0 1377 450 1958
169 1658 450 1958
711 2167 1266 2624
1161 1155 2448 2023
1188 1155 2448 1945
1188 1449 1631 1945
1188 1723 1390 1945
274 326 796 528
0 1377 332 1697
1390 1919 2004 2108
1618 1919 2004 2108
0 1782 2448 3263
633 2663 1161 3263
633 2722 1161 3263
633 2722 1142 3263
633 2793 1142 3263
1455 3107 1788 3263
1912 2558 2389 3237
1912 2558 2193 2807
1214 1155 2448 1840
1214 1155 2448 1788
1514 1338 2023 1788
1514 1501 1814 1788
711 2258 1266 2624
1455 3107 1651 3263
633 2839 1142 3263
1214 1155 2448 1527
1396 1155 2448 1527
1736 1194 2448 1527
1977 2095 2219 2252
0 398 2088 1096
541 509 1547 744
1396 1155 1788 1390
1964 1880 2310 2108
1514 1514 1788 1788
1697 2500 2036 2748
2049 2787 2389 3237
2049 2787 2389 3035
920 685 1494 855
1227 1449 1631 1945
91 2069 293 2330
1612 2918 1867 3074
1011 933 1592 1383
1057 1116 1521 1383
979 1801 2448 2787
1729 1625 2141 1840
1566 1514 1788 1690
776 2793 1011 3022
1521 1338 2023 1527
1840 1742 2448 2121
1266 1801 2448 2787
1468 2010 2030 2193
1586 2049 2030 2193
1736 1194 2448 1429
1011 933 1592 1220
0 1964 1044 3263
1253 2415 1703 2839
783 1116 1201 1416
195 2598 502 2833
711 2258 1148 2565
110 2989 561 3263
750 1782 2448 3263
1109 2689 2448 3263
1109 2689 1945 3263
1109 2754 1586 3263
1109 2754 1586 3133
0 483 2088 1096
0 483 1325 1018
0 483 1122 946
1645 1801 2062 2036
750 1782 1534 2846
1011 2500 1377 2846
1266 1880 2448 2787
1266 1880 2010 2545
1514 2095 2010 2545
750 1782 1534 2656
1266 1880 1645 2239
1266 1945 1645 2239
750 1782 1534 2565
1051 2108 1534 2565
2036 2271 2219 2663
750 1782 1181 2317
750 1782 1116 2186
1716 2989 2448 3263
1814 2989 2448 3263
1938 1984 2448 2787
228 2199 1044 3263
1840 1742 2448 2056
1840 1742 2330 1964
2043 1782 2330 1964
0 1964 718 2637
0 2069 698 2637
0 2095 639 2637
0 2226 639 2637
0 2226 496 2637
0 2226 483 2637
150 2291 483 2637
339 2199 1044 3263
1109 2754 1586 3042
0 483 1122 842
1938 1984 2448 2722
470 2199 1044 2852
1011 2572 1351 2846
1938 1984 2448 2545
1938 1984 2389 2330
1403 2689 1945 3179
502 2454 1031 2852
470 2199 1044 2689
339 2519 835 3263
1233 2180 1534 2565
156 483 1122 842
339 2519 718 3263
339 2650 718 3263
1051 2108 1344 2415
691 2304 1044 2689
1997 2049 2389 2330
1514 2689 1945 3028
1514 2095 1886 2545
215 3113 561 3263
1318 3074 1507 3263
2245 3068 2448 3263
0 3068 254 3263
1716 3002 1912 3185
2304 2989 2448 3159
1814 2989 2252 3263
110 2989 372 3205
372 2983 535 3179
2121 2957 2291 3120
2056 2950 2310 3237
1325 2950 1540 3133
1403 2937 1801 3179
1612 2931 1775 3074
1684 2918 1867 3061
1051 2891 1396 3263
633 2878 1018 3263
483 2872 691 3015
339 2859 718 3263
920 2839 1142 3218
2049 2800 2310 3035
1109 2800 1338 3042
776 2793 979 2957
2108 2787 2389 3009
620 2787 783 2944
1018 2780 1161 2931
1912 2774 2121 2911
1853 2774 2121 3048
1651 2774 1945 3028
1175 2774 1364 2904
32 2774 248 3126
1318 2754 1586 2976
228 2702 476 3055
1514 2689 1853 3009
522 2689 763 2846
2147 2676 2382 2865
900 2663 1037 2800
45 2663 313 2931
1997 2656 2193 2807
1938 2656 2082 2800
1253 2656 1501 2839
443 2650 672 2904
1782 2624 1977 2820
1148 2617 1351 2826
365 2611 502 2833
