0 0 3263 2448
1553 626 1782 1083
1599 1286 1814 1429
1096 972 1729 1507
0 0 215 365
535 0 3263 2448
0 0 1227 2448
97 0 770 613
0 293 1227 2448
0 293 972 2448
0 293 887 2448
0 293 881 2448
1194 2082 1631 2356
496 998 705 1259
332 783 561 979
450 1795 705 2043
796 926 3263 2448
796 1416 3263 2448
796 1423 3263 2448
1782 0 1984 150
0 293 868 2448
1194 2082 1534 2356
443 718 770 1259
535 0 3263 1925
535 0 1853 1925
535 130 1742 1925
1175 1370 1331 1527
352 437 607 881
352 515 607 881
1592 0 3263 1886
1592 0 3133 1886
0 855 300 1605
443 718 770 1135
215 1390 515 1742
2461 0 3263 1560
0 979 169 1514
0 293 522 1703
0 293 509 1331
0 613 509 1331
0 613 509 1286
0 1357 868 2448
0 1534 868 2448
143 1214 522 1703
1951 0 2500 339
2709 783 3087 1560
2780 783 3087 1364
574 0 1853 528
0 1671 868 2448
1951 0 2500 326
646 130 1742 1925
1553 626 1782 966
2461 0 3263 1044
2617 0 3263 1044
2617 365 3263 1044
574 0 1853 417
0 613 509 1051
0 1671 626 2448
143 1795 626 2245
339 1906 626 2245
1631 0 3133 1410
646 130 1742 1710
796 0 1853 339
1592 770 2820 1886
1592 770 2820 1736
0 1671 228 2448
574 0 1312 417
2617 365 3263 894
2617 365 3185 783
2291 0 3133 835
1631 65 2663 1410
450 2304 626 2448
267 2291 574 2448
2493 2271 2820 2448
535 2239 737 2448
1723 2219 1867 2369
822 2199 953 2369
1194 2173 1344 2356
78 2173 208 2448
855 2141 1227 2448
156 2128 352 2448
2069 2108 2572 2448
1618 2095 1821 2310
789 2088 972 2239
1272 2082 1534 2245
267 2082 554 2350
2800 1977 3263 2448
189 1977 319 2212
1906 1964 2036 2212
3100 1951 3250 2128
456 1951 626 2245
574 1945 711 2082
339 1906 476 2082
450 1853 620 2004
528 1808 868 2448
496 1795 705 2043
143 1795 450 2167
1024 1788 1161 1932
65 1762 235 2023
483 1742 737 1919
0 1671 228 2252
1919 1618 2095 1886
2265 1605 2415 1801
19 1560 254 1788
705 1547 1188 1925
554 1540 757 1671
169 1534 757 2023
143 1507 274 1703
796 1475 2532 2448
2219 1462 2363 1612
1468 1462 1710 1651
215 1442 515 1742
2448 1436 2643 1618
2284 1423 3263 2382
1305 1416 1521 1631
705 1403 868 1573
261 1390 470 1566
1625 1370 1840 1573
84 1357 248 1573
1527 1312 1671 1442
1599 1286 1775 1429
2402 1240 2591 1429
182 1214 522 1527
2709 1188 3009 1560
502 1148 750 1579
0 1148 215 1605
215 1096 378 1331
587 1077 724 1331
208 1024 378 1207
659 1018 796 1161
1161 998 1344 1142
496 998 659 1259
0 979 169 1299
1592 972 2506 1736
1984 966 2115 1109
2957 926 3263 1579
450 913 580 1259
45 855 300 1233
1573 842 1723 1083
678 822 1266 1710
2696 809 2872 1057
2780 783 3087 1279
332 783 502 979
2428 770 2820 1514
0 724 176 933
1553 711 1716 966
352 705 483 881
2872 691 3263 1044
176 613 509 1051
2010 600 2663 1410
163 600 313 731
2833 554 3263 894
535 528 691 796
430 515 607 809
208 450 411 757
359 437 496 659
0 424 137 718
2617 417 2787 750
2715 365 3185 783
698 332 835 528
241 313 385 463
0 293 287 881
2461 254 2787 594
0 221 130 365
2193 182 2323 326
594 143 770 339
646 130 1742 1083
1964 71 2147 339
1631 65 2395 1057
796 52 1070 280
2859 0 3263 633
2859 0 3133 274
2728 0 2931 156
2291 0 2937 835
1951 0 2500 267
1070 0 1853 339
691 0 1312 163
574 0 848 417
97 0 750 613
0 0 215 293
646 0 3263 2448
0 0 1070 2448
646 0 3263 1109
1573 705 1834 1083
156 548 313 731
678 535 3263 2448
2010 535 3263 2448
678 822 2532 2448
2010 554 3263 2448
0 359 137 763
0 359 137 718
1658 705 1834 1031
143 1390 470 1703
528 1540 757 1671
587 1018 796 1331
450 1742 737 2082
208 437 496 757
678 822 2506 1932
685 2088 972 2448
646 0 1853 1083
1631 0 3263 1109
796 1370 2532 2448
796 1462 2532 2448
2728 1207 2885 1383
1631 0 3263 1057
685 2088 972 2369
789 2088 972 2369
1527 1286 1775 1442
450 1795 711 2082
2160 182 2323 385
0 881 868 2448
0 0 1070 1233
587 1064 724 1331
176 1977 319 2212
2010 554 3263 1579
1194 2082 1821 2356
2069 1423 3263 2448
208 881 659 1331
208 913 659 1331
208 913 580 1331
208 992 476 1331
678 822 1344 1932
215 992 476 1331
0 979 868 2448
0 1560 254 2448
1096 972 2506 1886
0 1671 235 2448
0 979 522 1605
0 1148 522 1605
143 1148 868 2448
502 1148 868 1579
0 293 770 1233
143 1442 868 2448
678 822 1266 1932
1096 972 2506 1736
0 293 509 1233
1468 1370 1840 1651
84 1214 522 1573
2252 1605 2415 2095
97 0 1070 796
267 1808 868 2448
456 1808 868 2448
143 1442 757 2448
143 1795 554 2448
143 1795 554 2350
430 515 770 1135
2291 0 3263 835
2461 254 2787 750
1631 0 2500 1057
97 0 848 796
0 293 300 1233
0 293 287 933
1096 972 1729 1631
169 1442 757 2023
678 822 1266 1925
97 0 848 613
574 0 848 528
2709 554 3263 1579
2709 691 3263 1579
2291 0 3185 835
2069 1977 3263 2448
2493 1977 3263 2448
2780 554 3263 1279
2010 600 2820 1514
691 0 1853 339
2872 691 3263 1579
300 274 463 430
1599 718 1808 1031
65 0 3263 2448
1175 1370 1390 1521
0 0 998 2448
0 319 998 2448
757 2173 920 2448
1605 1253 1880 1560
0 319 966 2448
2206 0 3263 1710
815 2141 998 2448
443 1749 737 2036
2206 0 3263 1645
1821 881 2219 1109
1977 933 2219 1109
0 430 966 2448
515 1410 829 1651
2258 0 3263 920
2689 476 2911 920
2689 476 2859 802
0 430 796 1775
0 430 561 1775
0 541 561 1775
0 541 561 1697
0 1547 966 2448
0 1690 868 2448
0 1690 567 2448
450 2317 613 2448
2983 2271 3179 2448
672 2265 848 2448
437 2212 646 2350
1233 2186 1494 2343
757 2173 920 2323
0 2167 215 2448
815 2141 998 2382
796 2095 959 2258
176 1997 319 2199
3100 1951 3250 2160
326 1906 541 2284
443 1853 620 2036
496 1801 691 2017
456 1795 868 2448
437 1782 626 2010
1005 1749 1161 1951
156 1631 287 1782
1945 1625 2095 1795
124 1618 254 1808
143 1547 966 2069
19 1547 274 1762
1083 1521 1233 1671
515 1488 691 1651
691 1410 829 1573
0 1370 248 1775
580 1064 711 1246
496 1037 744 1566
130 1037 554 1697
424 940 659 1331
1977 933 2128 1109
1821 881 1977 1057
2722 744 2911 920
1599 718 1808 1024
2206 587 3263 1645
2323 587 2572 770
2689 574 2859 802
0 541 561 1573
3061 515 3263 750
2865 502 3100 724
352 463 691 796
202 437 796 1410
0 430 306 933
228 385 359 541
0 319 130 724
2846 137 2983 274
2258 0 3263 809
1853 0 1997 163
0 0 215 378
0 430 998 2448
235 2258 398 2421
208 926 372 1207
456 698 724 835
672 2095 998 2448
672 2095 959 2448
757 2095 959 2448
19 1494 359 1808
19 1494 359 1762
757 2095 959 2323
1599 1253 1880 1560
293 1880 646 2350
293 1880 541 2284
424 940 829 1651
424 940 744 1651
1599 1292 1762 1488
0 0 215 724
443 1801 691 2036
496 1037 744 1651
0 430 561 1697
143 1547 966 2448
1821 881 2128 1109
182 894 372 1207
2983 698 3263 894
1325 509 1560 802
372 2154 548 2323
2676 959 2918 1325
3133 0 3263 326
678 907 881 1286
711 528 1103 966
2258 1840 2467 2115
783 0 1390 202
900 718 1880 1925
900 1494 1233 1925
1070 1122 1396 1429
2572 1455 2891 1925
352 0 815 913
352 0 815 796
352 0 815 659
1142 718 1880 1925
1429 1860 2128 2448
1527 1860 2128 2448
1527 1860 2036 2448
1612 1860 2036 2310
1658 1880 2036 2310
1658 1951 1984 2310
1142 718 1880 1827
920 1716 1109 1925
2689 339 3185 776
2134 0 2330 293
156 1259 1044 2232
156 1651 789 2232
535 1651 789 2049
0 0 391 718
0 45 391 718
1142 1442 1449 1827
587 1945 1475 2448
1357 718 1880 1769
1357 718 1867 1769
1390 718 1867 1769
1390 1044 1814 1769
750 1945 1475 2448
1468 718 1867 1227
1468 718 1769 1227
1468 718 1690 1096
2676 959 2918 1201
874 398 1305 724
966 398 1305 718
26 541 502 1103
966 398 1292 718
966 470 1188 718
1390 1044 1664 1442
750 1945 1396 2448
750 1945 1325 2448
783 0 1292 202
3048 1181 3263 1540
3048 1259 3263 1540
1481 1305 1814 1769
1527 2049 1736 2448
2088 1181 2500 1801
672 1259 1044 1697
672 1331 1044 1697
424 0 815 659
2833 1188 2989 1377
2088 1181 2467 1801
2128 1181 2467 1801
600 352 770 522
2689 339 3185 633
2878 365 3185 633
0 45 241 718
26 607 502 1103
58 665 502 1103
58 783 502 1103
221 783 502 1064
300 783 502 1064
1201 0 3263 2448
1612 365 1958 770
1710 365 1958 770
1710 365 1893 770
796 2017 1325 2448
2212 2141 2578 2448
424 0 815 613
424 0 815 424
509 110 815 424
509 208 757 424
156 1664 607 2232
156 1664 561 2232
221 1664 561 2232
221 1821 372 2232
221 1821 372 2095
2526 1886 3263 2448
2526 1958 3263 2448
2852 1977 3263 2448
2983 1977 3263 2448
2983 2108 3263 2448
1142 1475 1449 1827
1259 1475 1449 1827
1684 1742 2350 2448
2036 1742 2350 2408
2526 1958 2885 2382
1684 2017 2186 2448
0 0 2252 2448
2128 1423 2369 1801
1201 2147 1540 2448
1351 0 3263 2448
2212 2310 2428 2448
587 2239 842 2448
0 0 1573 2448
829 1331 1044 1671
117 0 574 731
117 0 574 476
1429 2049 1645 2448
1351 0 3263 2356
0 476 1573 2448
900 1814 1436 2317
1024 1827 1436 2317
2265 0 2735 359
306 65 574 476
2265 0 2624 359
2722 659 3009 972
2036 1742 2350 2219
2382 1122 2741 1534
1396 1044 1664 1331
2617 1729 3185 2239
2780 659 3009 972
672 0 2252 1403
1893 0 2252 411
1893 0 2226 235
1971 0 2226 235
1129 1827 1436 2062
587 2239 789 2448
2545 2265 3074 2448
2669 2265 3074 2448
2669 2304 2937 2448
672 0 2141 1403
672 0 2141 1090
1488 1351 1814 1769
1442 470 2115 1090
1527 561 2115 1090
1749 639 2115 1090
1749 639 1945 1057
0 1279 254 1762
19 1390 254 1762
672 0 2141 966
737 1188 1246 1507
737 1188 1090 1507
0 476 1573 1618
221 887 750 1599
221 1057 750 1599
672 0 2062 966
907 0 2062 966
907 130 1370 574
907 150 1370 574
2310 815 2526 998
2265 0 2532 359
2722 0 3224 254
2735 0 3224 254
2735 0 2996 156
1201 2206 1521 2448
985 0 2062 966
1220 737 1553 926
672 0 1051 639
1351 150 3263 2356
2572 1455 2839 1925
0 1436 972 2448
698 1651 907 1886
1723 1011 2030 1403
1729 1011 2030 1227
900 1814 1161 2082
2128 1423 2369 1690
2128 1429 2323 1690
1684 2147 2186 2448
1220 1827 1436 2062
835 685 1390 1122
1011 992 1573 1618
1064 992 1573 1618
1155 992 1573 1618
1155 992 1514 1599
1253 992 1514 1494
1122 0 2062 802
1514 1090 2121 1906
2617 1729 3074 2239
2617 1729 3074 2121
2617 1742 2983 2121
1671 1090 2121 1716
2095 150 3263 796
2095 150 2957 705
1684 2239 2186 2448
1684 2245 1899 2448
2944 0 3224 254
1514 1586 1769 1906
1122 0 2062 613
2010 176 2141 430
0 476 1253 1488
0 724 437 1488
0 724 169 1344
1122 0 1938 613
1122 0 1893 613
1122 0 1840 613
1390 0 1840 443
1449 0 1840 443
1449 0 1840 424
1122 19 1677 613
1449 0 1840 391
1449 0 1716 248
2095 248 2904 705
2095 319 2904 705
835 685 1279 1122
2572 1958 2885 2382
2572 2062 2885 2382
783 0 1168 202
2382 1122 2741 1423
0 476 1253 1338
1011 1057 1253 1233
2859 169 3263 796
835 770 1272 1122
0 476 1070 1338
411 476 1070 1338
574 476 1070 1338
646 476 1070 1338
1351 241 3263 2356
1351 1220 2735 2356
1351 1246 2735 2356
2141 1246 2735 2356
2310 1246 2735 2350
2310 1442 2735 2350
646 476 953 1161
672 678 953 1161
0 1436 868 2448
0 1795 868 2448
2095 319 2774 705
2095 319 2558 705
1671 1501 1886 1716
1886 241 3263 2265
2382 776 3263 2265
0 1436 711 1945
907 169 1370 574
737 1011 1070 1338
267 1795 868 2448
52 1024 437 1488
300 1795 685 2245
300 1795 685 2239
1886 241 2833 1312
2199 594 2421 822
2369 463 2532 763
1886 241 2650 1312
1886 241 2624 1312
117 1024 437 1488
1351 1377 2598 2147
1351 1377 2304 2147
1351 1377 2206 2147
1351 1729 2036 2147
1690 1729 2036 2004
1351 1749 1736 2147
1521 1749 1736 2075
2676 842 3263 2265
2676 972 3263 2265
2859 215 3263 796
1912 241 2624 1312
1912 241 2506 1312
1912 411 2506 1312
1912 470 2506 1312
1912 613 2506 1312
1912 613 2493 1312
1984 724 2493 1312
2010 868 2493 1312
1925 1377 2206 1964
2121 868 2493 1312
2121 868 2493 1292
2134 868 2493 1214
163 1436 711 1860
2676 1175 3263 2265
2676 1175 3263 2056
2676 1175 3263 1788
835 770 1188 1122
2957 842 3263 1175
2095 489 2395 705
267 1991 868 2448
2572 535 2833 855
0 509 483 874
2382 776 3126 1227
2448 776 3126 1227
620 1677 972 2141
2572 535 2813 855
2931 972 3263 1299
1122 19 1605 613
2676 1175 3139 1560
2735 1175 3139 1560
2448 776 3126 1175
2448 822 3061 1175
2598 822 3061 1090
2310 1507 2735 2350
2232 1181 2467 1481
2813 1468 3263 1788
1351 1775 1586 2147
1925 1429 2121 1964
2735 1175 2983 1560
2310 1507 2735 2056
2356 1984 2617 2350
1194 19 1605 522
2310 1507 2735 1840
1697 1090 2121 1690
1194 19 1605 443
750 110 1051 639
2859 215 3263 600
3081 2310 3263 2448
2212 2310 2343 2448
2793 2304 2937 2448
1383 2304 1521 2448
2545 2278 2741 2448
1527 2271 1710 2448
2911 2265 3074 2448
424 2265 626 2448
1860 2239 2186 2448
985 2212 1325 2448
1201 2206 1468 2448
1821 2193 2010 2395
267 2193 548 2448
3100 2180 3263 2350
796 2173 1031 2448
2062 2160 2219 2408
1429 2154 1625 2448
2572 2147 2741 2323
1011 2147 1142 2304
2363 2141 2578 2448
2461 2102 2617 2350
2852 2095 3022 2317
2643 2062 2885 2382
3002 2049 3192 2265
1605 2049 1736 2297
1481 2049 1645 2206
1135 2030 1318 2271
2526 2023 2728 2167
2141 2023 2408 2356
1214 2017 1396 2239
796 2017 1070 2310
2950 2010 3159 2206
502 2010 685 2212
535 1991 868 2317
0 1991 391 2448
2356 1984 2611 2199
2082 1984 2350 2219
345 1984 515 2245
2258 1971 2467 2115
1971 1964 2128 2180
2656 1958 2846 2088
1658 1958 1808 2239
1729 1951 1984 2310
750 1945 913 2193
1351 1932 1586 2147
1024 1925 1246 2317
1220 1919 1364 2062
235 1919 372 2095
1521 1906 1677 2075
2617 1880 2787 2017
900 1873 1051 2082
0 1867 189 2232
1612 1860 1749 2069
620 1847 796 2043
2304 1840 2448 2043
2167 1827 2323 2023
2428 1821 2689 2056
1024 1814 1161 1991
2983 1795 3185 2023
300 1795 607 2239
535 1788 757 2049
65 1788 287 1997
1690 1775 1964 2004
1377 1775 1560 1991
1553 1749 1736 1912
1220 1749 1364 1925
2761 1742 2983 2121
2036 1742 2265 2049
1116 1742 1286 1997
3094 1729 3263 2056
1867 1729 2036 1886
1938 1723 2121 1964
966 1716 1109 1867
920 1716 1051 1925
0 1716 208 1945
470 1697 607 1899
2297 1690 2598 1925
698 1690 835 1886
744 1677 972 2141
319 1664 561 1932
2023 1658 2304 1886
1383 1658 1547 1840
580 1651 789 1880
1703 1625 1984 1814
2598 1612 2839 1925
2983 1605 3185 1821
476 1605 698 1762
1292 1599 1449 1827
1553 1586 1769 1788
2069 1573 2206 1729
19 1573 254 1762
1488 1560 1618 1769
1142 1560 1344 1782
2474 1553 2735 1801
1671 1540 1827 1716
0 1540 143 1749
235 1514 437 1697
2310 1507 2637 1840
2728 1501 2891 1677
2088 1501 2232 1684
2813 1494 3055 1782
900 1494 1233 1834
1259 1475 1442 1651
3009 1468 3263 1788
163 1468 515 1860
2572 1455 2774 1638
835 1455 1044 1671
483 1436 711 1651
2128 1429 2265 1599
1925 1429 2115 1736
672 1429 894 1697
3074 1423 3263 1599
2212 1423 2369 1612
1403 1423 1573 1618
2356 1403 2500 1579
84 1390 254 1599
2539 1377 2689 1534
2043 1377 2206 1527
1011 1370 1161 1527
587 1364 744 1494
1697 1357 1991 1690
1566 1351 1814 1645
2735 1344 2983 1560
829 1331 998 1514
2676 1318 2820 1521
1481 1305 1671 1488
1005 1299 1246 1449
737 1286 887 1507
0 1279 189 1605
2970 1253 3139 1507
2480 1246 2650 1475
1605 1240 1814 1423
1795 1227 1991 1403
2062 1220 2271 1449
1488 1201 1618 1377
52 1194 215 1364
848 1188 1090 1410
3087 1181 3263 1403
2382 1181 2532 1423
2232 1181 2408 1481
2754 1175 2885 1377
2931 1155 3166 1299
1253 1155 1468 1494
221 1129 535 1599
2461 1122 2741 1416
1723 1122 2010 1403
1122 1122 1396 1429
737 1116 953 1338
1011 1103 1188 1233
1912 1090 2121 1494
2010 1083 2154 1253
1729 1077 1906 1227
894 1077 1031 1207
476 1057 750 1573
1455 1044 1664 1240
163 1044 437 1488
117 1024 254 1233
1867 1011 2030 1155
874 1011 1070 1148
2820 1005 3087 1227
2448 998 2735 1175
1592 998 1769 1227
463 998 659 1240
1331 992 1514 1207
2121 985 2337 1292
1710 979 1880 1161
3087 972 3263 1214
2741 972 2918 1201
678 966 822 1286
2676 959 2807 1122
2245 953 2493 1214
1932 933 2115 1090
2519 926 2663 1070
1090 926 1272 1070
456 926 613 1135
2957 913 3185 1175
2382 913 2565 1090
926 907 1188 1122
796 907 953 1161
744 907 881 1044
2774 900 3061 1051
1468 900 1684 1096
372 887 509 1286
1808 881 1945 1057
2134 868 2291 1011
300 861 437 1064
3081 842 3263 992
953 835 1103 966
0 835 169 1344
1220 829 1390 1109
2598 822 2800 1090
574 809 815 1122
58 796 274 1103
1690 783 1867 1024
2878 776 3126 972
2780 763 2924 972
1357 763 1592 1051
2722 744 2865 887
2317 744 2506 887
1344 744 1553 926
3126 724 3263 894
1984 724 2343 998
0 724 156 933
1893 718 2062 900
1553 718 1690 907
633 718 815 913
2983 698 3192 887
672 678 874 913
97 665 267 881
2199 639 2356 822
1749 639 1938 907
2572 633 2813 855
985 626 1233 966
411 626 659 979
2056 620 2212 776
1723 620 1853 770
1912 613 2108 802
26 607 215 776
1233 600 1370 802
2376 594 2519 763
2284 594 2421 757
561 594 705 796
2963 587 3094 770
2800 561 2976 776
1527 561 1769 829
1867 554 2017 705
235 541 483 874
2585 535 2813 705
2095 535 2395 705
966 535 1109 718
874 535 1005 724
3061 528 3263 796
2454 528 2650 835
711 528 1083 868
1344 509 1560 770
0 509 235 763
2095 489 2232 633
515 489 685 659
1612 483 1742 685
646 476 835 705
1932 470 2141 639
1442 470 1690 626
998 470 1188 659
365 470 528 731
2891 463 3185 633
2369 463 2532 626
2748 443 2904 607
1984 411 2173 574
483 404 633 613
1096 398 1292 580
1540 391 1677 528
97 378 241 587
1710 365 1893 678
2689 339 2904 541
2487 326 2774 594
1795 326 1938 483
1325 326 1560 522
907 326 1155 574
2330 319 2558 594
1886 319 2095 476
300 313 476 554
1514 306 1664 443
3100 280 3263 600
1122 280 1455 613
32 254 163 509
2493 248 2722 391
750 248 985 639
2147 241 2441 574
443 228 574 476
2859 215 3120 470
2330 215 2513 359
933 215 1064 359
2095 208 2252 411
528 208 757 424
1351 202 1605 443
137 176 391 580
3035 169 3218 385
1625 169 1788 424
1122 169 1370 359
2506 156 2735 293
2689 150 2957 391
1710 150 1840 391
1024 150 1168 359
2408 130 2578 326
1847 117 1984 339
789 110 1051 404
613 110 815 372
2134 104 2330 293
1514 91 1716 248
130 84 326 306
110 84 241 254
306 65 463 359
2859 58 3055 254
1893 45 2062 365
0 45 169 718
2722 39 2904 195
1194 19 1462 254
3133 0 3263 176
3022 0 3224 254
2604 0 2787 195
2265 0 2532 241
1586 0 1893 195
1449 0 1651 182
1390 0 1566 274
1135 0 1292 150
953 0 1168 163
783 0 1011 202
672 0 829 163
567 0 737 215
580 0 711 130
424 0 620 261
352 0 502 332
117 0 404 176
0 0 1867 2448
672 0 3263 2448
1325 0 3263 1684
672 979 3263 2448
456 926 659 1240
117 0 1867 1573
0 45 1161 2448
156 1886 372 2232
156 1886 372 2095
26 541 502 1064
26 607 502 1064
254 665 502 1064
1775 1175 3263 2448
0 1364 254 1749
672 979 2128 2448
1011 1370 1188 1579
1416 1560 1618 1906
117 0 1605 1573
1860 1175 3263 2448
2193 1586 2363 1801
0 1390 254 1749
