0 0 1536 2048
782 155 1241 823
1413 745 1536 860
1413 778 1536 860
782 155 1191 823
782 319 1191 823
1339 331 1536 503
1339 364 1536 503
0 1556 339 2048
856 319 1191 823
212 253 528 466
843 1417 1028 1806
880 319 1191 823
397 0 618 102
0 1556 290 2048
0 1556 286 2048
233 1126 417 1273
905 131 1245 524
0 1556 131 1785
0 1654 286 2048
880 319 1191 770
1073 233 1536 942
880 319 1171 618
0 1654 135 2048
0 1773 135 2048
905 131 1175 462
1368 471 1536 692
360 704 520 806
1122 233 1536 942
1122 233 1454 589
1122 233 1454 520
1122 233 1454 483
200 1118 1536 2048
200 1646 450 2048
200 1646 434 2048
1163 438 1536 942
1179 438 1536 942
356 1118 1536 2048
0 0 1536 1945
622 0 1536 598
622 0 987 598
274 1646 434 1806
827 0 1536 393
0 610 282 1081
0 610 237 1064
0 1155 434 1748
0 1155 434 1675
274 1687 389 1806
1175 1622 1290 1777
872 0 1536 393
0 1155 434 1507
0 1155 212 1499
655 0 851 167
0 262 212 593
0 262 212 552
0 262 151 503
1118 1212 1536 1925
708 0 851 167
1228 643 1536 942
1302 647 1536 942
1302 647 1536 839
1163 1212 1536 1822
143 1241 434 1507
524 503 1536 1605
274 827 471 983
49 0 573 462
274 851 425 983
307 851 425 962
0 610 200 811
356 1118 1257 2048
16 1507 151 1617
589 503 1536 1605
1191 684 1388 892
1191 786 1388 892
589 503 1536 1527
794 647 1536 1527
864 999 1110 1396
864 1036 1110 1396
876 1073 1110 1396
876 1073 1110 1335
1380 577 1536 720
622 163 987 598
0 671 237 1064
49 0 561 397
49 32 561 397
49 32 528 331
270 65 528 331
270 65 528 282
524 528 647 802
589 503 835 966
589 503 835 901
647 503 823 782
1015 1859 1257 2048
1196 1720 1536 2048
143 1298 434 1507
1196 1728 1536 2048
1220 1728 1536 2048
278 1359 434 1482
49 32 438 323
1212 860 1536 1187
1212 860 1388 995
872 0 1536 364
524 528 630 802
356 1118 1163 2048
356 1323 1163 2048
536 1323 909 1839
208 442 352 626
630 163 987 598
536 1323 847 1839
49 61 438 323
49 94 348 323
356 1404 1163 2048
630 290 929 598
1220 1728 1503 2048
380 1404 1163 2048
446 1118 659 1388
0 0 1261 1945
1409 1855 1536 2048
1191 790 1388 892
208 442 327 626
544 528 630 753
294 1486 450 1626
647 585 815 782
327 851 1261 1933
327 851 749 1400
40 610 200 811
0 0 864 1945
262 0 864 577
262 229 659 577
0 1449 204 1675
872 0 1146 208
475 229 659 516
1015 0 1536 364
0 0 692 1945
139 1323 692 1945
139 1355 692 1945
159 1409 352 1662
159 1536 352 1662
602 1019 1261 1933
1056 1421 1261 1933
602 1019 1253 1486
479 0 864 360
479 0 823 360
479 32 618 225
581 0 823 360
139 1355 692 1875
151 1355 692 1875
245 1355 692 1794
413 1404 1163 2048
0 0 651 1351
0 802 491 1351
0 942 491 1351
1253 901 1536 1187
172 802 389 958
0 942 491 1347
753 0 917 217
679 614 815 782
1277 1728 1503 2048
0 0 651 913
581 90 823 360
663 1019 1253 1486
663 1081 921 1298
843 1019 1253 1486
983 1019 1253 1486
1282 1728 1503 2048
0 0 651 901
1015 0 1253 159
69 942 491 1347
81 942 491 1347
81 1077 491 1347
1048 1019 1253 1486
1048 1236 1196 1486
1056 1503 1261 1933
270 1179 491 1347
245 1355 692 1703
417 1404 1163 2048
417 1519 1163 2048
417 1658 749 2048
442 1921 679 2048
1282 1818 1478 2048
1024 0 1536 364
0 671 237 1044
0 0 577 901
0 0 294 651
0 0 294 557
0 0 143 274
417 1658 749 1937
507 1658 749 1937
1212 0 1536 262
90 516 577 901
585 1519 1163 2048
1277 1966 1363 2048
532 1966 679 2048
28 1929 241 2048
1228 1925 1314 2048
442 1921 569 2007
1327 1888 1478 2048
741 1863 1085 2048
1064 1859 1257 2048
1454 1855 1536 2011
770 1851 864 1982
1220 1847 1310 1949
425 1822 536 1941
356 1822 471 1982
94 1822 286 2035
1282 1818 1449 2007
577 1781 659 1912
0 1773 135 2002
417 1761 532 1867
200 1732 425 2048
1396 1728 1503 1896
98 1712 196 1871
585 1699 950 2048
507 1695 622 1937
1056 1691 1183 1933
638 1679 843 1839
28 1671 131 1785
86 1662 192 1748
561 1658 749 1826
0 1654 131 1855
151 1650 372 1875
581 1638 671 1728
1118 1634 1409 1925
139 1622 278 1777
303 1593 565 1794
1454 1572 1536 1822
0 1544 204 1675
245 1540 352 1662
294 1536 393 1626
159 1536 278 1650
778 1523 966 1769
942 1519 1163 1921
49 1515 151 1617
1142 1503 1261 1773
352 1486 450 1601
425 1482 540 1699
475 1458 692 1703
45 1449 196 1585
1437 1437 1536 1605
1093 1421 1220 1597
167 1409 278 1540
987 1404 1114 1642
983 1392 1077 1474
335 1384 425 1482
761 1363 909 1499
245 1355 557 1560
1064 1335 1179 1486
536 1323 847 1736
323 1323 442 1413
1011 1310 1105 1396
143 1298 356 1507
700 1290 847 1433
663 1245 806 1396
1048 1236 1196 1380
81 1232 225 1351
1273 1228 1380 1331
843 1224 1060 1474
602 1220 737 1372
1163 1212 1536 1773
921 1212 1007 1335
0 1212 212 1499
270 1208 417 1347
372 1179 491 1343
663 1126 839 1298
233 1126 393 1273
28 1126 143 1228
716 1081 921 1265
81 1077 307 1290
876 1073 1110 1323
1052 1019 1253 1347
446 1019 528 1110
69 1019 245 1175
913 999 1019 1114
188 995 282 1081
618 987 700 1097
1253 954 1536 1187
0 954 90 1167
155 942 401 1146
1323 901 1495 1077
430 888 532 995
1253 876 1388 995
327 868 704 1400
1212 860 1335 954
561 851 749 978
319 851 425 933
172 847 311 958
0 831 237 1044
860 815 1536 1527
278 802 389 921
1351 790 1536 942
1290 790 1388 892
1191 790 1294 888
90 790 266 897
1056 786 1175 868
483 761 634 913
630 737 929 1134
237 733 503 901
360 712 520 806
69 704 184 811
679 688 815 782
1228 684 1359 811
0 671 135 860
733 659 827 745
794 647 1191 946
1228 643 1310 753
1073 614 1257 815
856 610 1146 716
40 610 200 724
1380 598 1523 720
1048 573 1191 770
1368 565 1495 692
589 565 835 901
544 528 630 618
90 516 577 815
942 512 1118 651
700 503 823 688
774 495 999 667
266 487 352 585
1269 479 1351 589
1163 475 1290 606
782 475 929 606
0 475 233 651
1413 471 1536 659
1077 462 1171 618
49 462 212 552
1179 438 1470 692
1208 434 1302 520
528 434 651 585
1130 425 1245 524
1433 413 1536 503
262 409 540 577
1351 405 1482 503
0 405 151 503
1339 380 1470 503
475 376 573 462
1048 372 1146 479
880 368 1122 634
1449 364 1536 458
1294 339 1495 507
630 335 921 598
241 335 364 430
1290 331 1392 417
880 319 1134 483
901 319 983 425
622 307 745 450
176 307 270 430
1122 303 1355 483
532 303 659 516
770 290 929 380
212 253 495 458
425 249 561 397
24 249 294 557
1204 233 1454 364
475 229 638 327
724 221 892 307
684 204 823 360
114 200 245 311
1335 192 1454 278
335 192 450 331
417 172 618 307
802 163 987 356
897 155 1007 331
1388 147 1536 393
905 131 1138 413
655 118 864 241
819 102 917 217
1024 98 1269 364
1019 98 1105 245
229 94 348 217
49 94 307 323
581 90 696 282
1331 69 1536 212
479 61 606 225
303 61 438 159
0 57 81 274
708 49 851 167
520 32 618 126
147 32 266 176
876 20 1003 192
1425 0 1536 122
1273 0 1437 114
1212 0 1372 262
1110 0 1253 159
1015 0 1150 102
872 0 1146 200
827 0 925 94
806 0 892 135
753 0 868 135
602 0 745 135
397 0 569 102
331 0 442 90
106 0 344 126
0 0 143 159
0 815 1536 2048
0 0 1536 1585
0 0 929 1585
589 0 1536 1134
0 1323 1097 2048
806 0 925 135
581 815 1536 2048
856 319 1191 868
1339 331 1536 720
1339 364 1536 720
1368 413 1536 720
1400 724 1536 860
1441 745 1536 835
933 69 1110 245
958 94 1110 245
28 1626 196 1871
28 1671 196 1871
0 528 749 1585
0 1155 139 1277
1368 471 1536 720
0 0 929 901
950 1957 1097 2048
0 1323 1085 2048
208 512 303 626
581 999 1536 2048
1056 1212 1536 2048
1236 1605 1323 1716
581 999 1253 1921
1056 761 1175 868
86 1626 233 1748
0 610 749 1585
110 991 282 1081
712 0 1536 614
1130 425 1351 614
1019 98 1110 245
880 319 1171 634
712 0 1536 507
712 0 987 356
724 0 987 356
589 438 1536 1134
663 999 1253 1921
589 438 1470 1134
0 671 749 1585
700 503 827 745
1130 425 1290 614
872 0 1536 507
880 319 1146 634
880 319 1146 483
454 360 573 462
724 163 987 356
983 1310 1105 1474
0 397 212 593
544 528 647 753
1191 643 1536 995
1191 647 1536 995
1191 790 1536 995
1056 1589 1183 1990
0 405 212 593
49 462 212 593
425 0 929 782
1130 425 1290 606
0 671 737 1585
270 761 737 1413
1064 1212 1536 2048
1093 1212 1536 2048
479 0 929 782
0 0 618 901
872 0 1536 413
0 1323 909 1875
1122 147 1536 507
1290 147 1536 507
479 0 921 782
245 442 352 585
0 249 364 651
0 1654 135 2002
1056 1589 1183 1933
479 32 921 782
0 671 434 1585
0 671 401 1585
90 790 389 958
200 1658 1085 2048
544 1781 671 1970
1294 147 1536 507
1314 192 1454 290
528 49 921 782
663 999 1253 1486
1277 1728 1536 2048
589 495 1191 1134
0 1323 847 1875
0 0 618 331
0 1515 352 1777
0 1515 352 1675
0 1536 352 1675
528 49 921 598
1093 1212 1536 1822
1277 1818 1536 2048
1073 438 1470 815
1191 790 1536 942
1290 790 1536 942
1093 1212 1536 1773
1282 1818 1536 2048
413 1716 536 1941
413 1716 532 1867
0 954 143 1228
1093 1421 1261 1773
147 32 438 217
0 249 294 651
229 61 438 217
528 90 921 598
151 1323 847 1875
0 1212 278 1585
0 0 569 331
200 1732 471 2048
90 253 577 901
237 712 520 901
581 1638 843 1839
270 761 704 1413
0 0 569 323
270 1179 491 1413
663 1019 1253 1474
0 671 401 1290
442 1658 1085 2048
0 0 528 323
589 565 1191 1134
327 761 704 1400
270 1208 442 1413
581 90 921 598
581 90 864 450
778 1404 1163 1921
716 1019 1253 1474
151 1593 565 1875
589 565 929 1134
90 253 577 815
663 1126 847 1433
45 1409 278 1585
872 0 1253 200
245 1323 847 1736
778 1404 1114 1806
1064 1634 1409 2048
778 1417 1028 1806
0 831 401 1290
0 831 245 1175
581 90 823 450
622 204 823 450
0 0 344 274
0 0 344 159
49 65 528 323
507 1658 1085 2048
1024 0 1372 364
81 942 401 1290
585 1699 1085 2048
425 1323 847 1736
425 1458 692 1703
716 1081 1060 1474
90 409 577 815
876 1019 1253 1347
778 0 1257 864
1286 233 1536 860
778 0 1191 864
0 1556 241 2048
778 401 1146 708
856 401 1146 708
806 0 1191 864
806 0 1007 331
806 0 917 167
880 319 1191 864
0 0 987 1880
0 303 950 1880
1286 364 1536 860
1286 417 1536 860
1286 471 1536 860
1286 471 1536 831
1286 565 1536 831
880 319 1191 716
0 0 987 1429
0 0 987 1347
0 1073 1179 2048
0 1662 241 2048
663 0 1536 2048
880 319 1183 585
0 1478 561 2048
0 1478 323 2048
0 1495 323 2048
0 1495 278 1781
827 0 1536 532
1286 581 1536 831
663 401 1536 2048
1163 401 1536 1003
1212 860 1495 1003
118 1740 323 2048
282 1921 561 2048
1273 0 1536 122
663 565 1536 2048
1343 1368 1449 1523
0 671 434 1347
1163 401 1536 937
1163 401 1359 614
0 0 987 815
663 647 1536 2048
581 1486 835 1822
0 249 704 815
180 1867 323 2048
1433 1368 1536 1605
0 0 987 528
1175 401 1359 520
1409 471 1536 692
0 249 659 815
1011 1044 1294 2002
1011 1048 1294 2002
585 1486 737 1703
1105 1720 1536 2048
1187 1720 1536 2048
40 0 987 528
0 262 221 684
1011 1048 1294 1908
1191 405 1536 937
200 1961 286 2048
311 1921 561 2048
196 1921 323 2048
180 1867 274 1970
729 1863 864 1986
188 1839 286 1945
1048 1814 1134 2002
1187 1769 1536 2048
581 1638 835 1822
884 1556 1024 1712
643 1556 737 1703
0 1519 278 1781
1056 1515 1294 1908
737 1499 819 1597
585 1486 708 1576
352 1486 528 1675
126 1478 229 1585
1433 1437 1536 1605
901 1417 1003 1523
1359 1413 1449 1523
749 1314 839 1433
327 1110 413 1196
237 1073 1179 2048
1011 1048 1245 1560
921 999 1015 1114
155 905 286 1081
929 897 1015 987
1212 860 1466 1003
663 815 1536 2048
0 790 434 1347
1269 786 1536 937
1028 757 1175 864
225 720 323 802
970 663 1146 770
741 647 1191 946
1064 643 1191 794
860 614 1146 708
1286 602 1536 831
1155 593 1257 815
1073 573 1191 716
1368 565 1523 720
688 565 806 696
962 552 1118 647
1073 512 1167 684
778 499 999 667
1409 495 1519 692
778 495 995 610
1163 491 1273 614
1421 471 1536 606
1069 458 1183 585
1175 434 1302 520
1425 417 1536 516
1191 405 1482 811
856 401 1130 663
0 397 221 684
1339 393 1470 503
921 372 1040 466
1449 364 1536 454
454 360 589 462
1331 339 1495 466
606 323 692 434
880 319 1089 495
176 319 327 430
0 262 139 417
45 249 659 815
1404 233 1536 425
917 176 1146 466
901 155 1007 331
479 61 598 208
819 32 917 167
892 0 1536 532
827 0 1253 245
753 0 864 135
516 0 987 364
40 0 618 528
303 0 438 159
0 0 344 286
1359 569 1454 720
0 0 1536 1880
0 0 950 1880
475 0 1536 1007
475 0 1536 1003
806 0 1146 466
0 999 1294 2048
1331 339 1536 516
1400 724 1536 806
0 1478 286 2048
860 614 1175 864
860 614 1146 770
1343 1368 1449 1507
475 0 1191 794
0 0 659 1347
237 999 1294 2048
237 1044 1294 2048
1331 339 1536 503
1331 339 1495 503
688 0 1536 1003
856 319 1191 794
475 0 987 520
430 360 589 479
880 319 1191 794
1105 1572 1536 2048
475 0 987 434
176 303 327 430
0 1478 278 2048
0 1495 278 2048
1163 434 1302 614
479 0 987 434
516 0 987 434
688 401 1536 1003
1191 401 1536 1003
0 0 659 815
1191 405 1536 1003
688 499 1257 946
880 319 1130 495
1011 1044 1294 1908
741 499 1257 946
741 499 1191 946
0 0 618 528
782 303 1306 823
782 303 1191 823
0 1552 348 2048
782 303 1187 806
0 1552 319 2048
782 368 1187 806
876 303 1171 573
1208 323 1536 745
1335 339 1536 745
1363 417 1536 745
802 0 1003 331
782 368 1183 806
856 368 1183 806
1335 339 1536 528
0 1552 262 2048
720 221 1081 913
1159 1298 1302 1400
0 1552 221 1970
1363 471 1536 745
1208 323 1392 458
1400 1294 1536 1572
946 1048 1122 1310
806 0 1003 327
1241 684 1347 811
20 1822 262 2048
1335 364 1536 528
720 290 1081 913
1204 1740 1363 2048
1363 491 1536 745
0 0 876 1601
1363 598 1536 745
0 0 856 1601
946 1855 1101 2007
1069 1605 1216 1929
663 987 843 1142
827 0 1536 1286
1146 397 1536 1286
0 360 1536 2048
737 1880 892 2048
909 0 1126 208
909 16 1126 208
1146 405 1536 1286
1204 1871 1363 2048
1097 1605 1216 1929
1187 405 1536 1015
1187 405 1536 942
1191 405 1536 794
1302 573 1536 794
1167 516 1331 806
385 1019 655 1261
675 573 757 688
827 0 1536 552
856 598 1183 806
1294 901 1536 1015
884 0 1536 552
720 290 1081 860
843 495 995 606
53 360 1536 2048
274 1495 942 2048
274 1552 942 2048
692 1552 942 1802
737 1552 942 1802
618 221 770 450
172 0 413 90
28 45 307 327
1191 405 1482 729
720 290 1056 806
757 479 1056 806
1400 1413 1503 1572
1187 716 1536 942
274 1691 737 2048
385 1019 589 1261
385 1110 589 1261
131 245 364 430
192 1626 368 1818
0 1212 229 1691
0 1507 229 1691
884 0 1536 393
49 1671 221 1970
155 749 282 868
909 16 1024 151
28 1507 229 1691
901 978 1536 2048
1040 1069 1204 1355
1040 1069 1200 1355
737 1626 921 1802
770 1626 921 1802
1155 245 1466 393
884 0 1536 331
892 118 1302 552
892 118 1179 409
1269 716 1536 942
659 221 770 385
770 565 1056 806
770 565 974 757
1232 1253 1495 1622
397 0 856 327
475 0 856 327
0 0 647 1601
0 262 86 409
958 0 1536 331
454 319 598 450
454 360 598 450
892 118 1101 352
274 1744 724 2048
995 0 1536 331
1073 1400 1216 1585
475 0 856 274
1040 1069 1196 1355
1089 1069 1196 1273
53 360 1445 2048
647 819 1445 1609
380 1400 491 1601
380 1400 475 1536
0 0 647 1531
380 1495 708 1781
81 1069 188 1171
53 360 1179 2048
380 1564 655 1781
380 1601 589 1781
380 1634 557 1781
806 176 978 315
192 1626 339 1818
647 819 1445 1445
647 1007 1019 1445
663 1007 1019 1445
663 1159 974 1445
663 1175 901 1445
663 1175 835 1445
663 1175 831 1445
663 1298 831 1445
512 708 839 1011
573 708 839 1011
573 708 839 946
622 708 839 946
622 708 839 856
622 733 839 856
1269 978 1536 1236
28 1507 200 1675
0 610 139 806
1269 978 1536 1187
274 1888 544 2048
573 798 753 946
28 1527 196 1675
1146 987 1400 1286
512 835 606 958
1323 978 1536 1187
720 290 933 552
0 1212 217 1523
901 1175 1536 2048
901 1175 1486 2048
1232 1294 1429 1622
958 819 1445 1171
724 1347 905 1609
1286 405 1482 659
188 552 548 925
188 552 548 856
647 1146 729 1302
983 819 1445 1089
1097 1605 1216 1806
0 0 438 274
0 0 204 274
0 0 155 274
0 0 94 274
0 86 81 274
425 1744 724 1982
536 1744 724 1982
536 1826 696 1982
475 24 856 274
995 0 1536 327
995 0 1523 327
1011 0 1523 327
1159 0 1523 299
1159 0 1478 299
1220 0 1478 102
0 86 647 1531
0 1060 180 1376
1323 978 1495 1167
1220 0 1441 102
389 618 573 802
1011 20 1253 327
462 1118 589 1249
925 1175 1486 2048
1179 1175 1482 1429
1179 1175 1482 1347
1269 1175 1482 1335
147 32 438 176
147 32 348 176
53 1351 737 1933
925 1347 1486 2048
925 1347 1363 1753
925 1347 1363 1679
925 1351 1232 1679
925 1351 1163 1679
925 1351 1085 1642
192 1208 462 1486
974 1585 1486 2048
200 360 1179 2048
974 1830 1286 2048
1171 1585 1486 1863
573 360 831 888
188 552 548 835
192 1208 344 1470
200 704 1179 2048
200 704 1081 1433
53 1417 663 1933
81 1667 274 1916
983 1003 1232 1089
1159 8 1380 299
53 1417 663 1822
1310 1724 1536 1994
1015 819 1445 1048
200 704 1081 1380
200 749 864 1380
200 942 434 1196
1105 20 1253 241
1040 847 1445 1048
712 704 1081 1245
1171 1585 1462 1863
0 86 647 1024
0 86 647 794
0 86 647 761
434 434 647 761
434 434 647 643
589 360 831 774
626 360 831 753
626 421 831 753
475 24 819 204
475 24 778 204
442 1245 1179 2048
528 1540 782 1765
0 86 638 663
0 86 630 663
0 299 507 663
0 299 241 499
270 749 864 1380
270 749 864 1343
364 749 864 1343
364 901 864 1343
364 921 729 1343
364 921 729 1212
0 671 229 1024
442 1753 802 2048
442 1888 786 2048
442 1925 688 2048
1073 847 1445 1032
200 942 389 1191
102 724 581 1531
102 724 466 1257
102 724 466 1118
0 389 507 663
684 1245 1179 2048
684 1372 1024 2048
192 389 507 651
0 671 229 962
0 671 229 917
712 778 1081 1245
712 802 1081 1245
53 1417 663 1716
53 1417 528 1716
262 1134 581 1531
880 1245 1179 1490
200 1003 389 1191
684 1396 1024 2048
753 1462 1024 2048
753 1462 1024 2007
507 1134 684 1343
229 86 630 458
135 724 466 1032
364 921 688 1146
135 724 385 1032
135 811 385 1032
