0 0 3024 4032
2209 2830 2443 3830
2274 3144 2443 3830
749 1524 967 2072
1483 653 1774 1596
1483 653 1774 1540
2790 2499 3024 2677
1645 0 2362 2016
306 370 717 733
2483 290 2774 991
1145 3507 1403 3701
653 2774 838 3015
919 96 1427 499
1588 3225 1903 3532
846 596 1161 1225
628 0 846 233
862 2959 1193 3233
588 1024 782 1306
1403 1927 1636 2177
758 2774 1048 3064
370 1838 911 2854
370 1838 766 2443
2483 596 2774 991
306 370 556 556
1749 0 2362 2016
1895 0 3024 4032
0 0 2483 4032
693 991 1362 1499
782 991 1362 1499
1016 991 1362 1282
1645 0 1895 895
1749 0 2120 1677
1911 758 2120 1677
1959 1120 2120 1677
370 1838 685 2153
0 0 2040 4032
717 258 1338 927
1443 725 2483 4032
532 3765 1016 4032
620 3765 1016 4032
975 508 1338 927
975 508 1338 895
975 508 1338 798
0 2274 508 3580
0 2564 435 3580
0 3185 290 3580
2241 943 2475 1233
2080 1854 2782 4032
2088 3669 2322 3991
379 1911 685 2153
0 572 354 1612
596 1346 935 1774
596 1346 935 1604
669 1387 935 1604
540 2346 911 2854
1524 725 2483 4032
137 3306 620 3943
717 258 1072 661
814 459 1072 661
1975 1032 2201 1362
1411 298 1653 508
0 951 306 1612
2120 1935 2782 4032
1524 725 1943 1507
1701 725 1943 1507
0 1645 733 2701
0 1645 516 2701
0 2007 467 2701
0 0 798 862
137 3306 620 3911
137 3306 620 3878
225 3306 620 3822
814 3782 1016 4032
1927 0 3024 4032
290 3306 532 3515
2330 0 2822 282
249 2427 749 3233
911 1483 1354 1967
1540 951 2483 4032
1701 951 2233 2717
1959 1306 2233 2717
2120 1935 2782 3790
1443 588 1749 999
1540 2088 2483 4032
1540 2088 2378 4032
2556 0 3024 1145
2556 0 3024 903
2556 0 3024 774
2556 0 3024 661
1524 741 1830 1507
2362 346 2540 846
2653 274 3024 774
1387 1032 1636 1943
943 2249 1362 2693
943 2395 1362 2693
0 0 798 701
0 0 798 564
0 0 774 564
0 1645 516 2177
927 2653 1233 2991
540 2346 854 2854
249 2620 749 3233
0 3346 1249 4032
0 3459 516 4032
443 3346 1249 4032
556 3346 1249 4032
1524 943 1830 1507
1306 3862 1822 4032
2515 3556 2749 4032
1387 1032 1636 1830
2346 137 2677 758
0 0 556 443
8 72 556 443
1572 2088 2378 4032
556 3346 1112 3846
225 3378 620 3822
249 2620 749 3120
1701 951 2024 2104
1048 1749 1354 1959
1830 951 2024 2104
1854 1395 2024 2104
0 0 282 249
0 370 298 701
1306 3862 1612 4032
0 0 177 249
0 0 2040 3999
0 499 1056 2136
0 499 1056 1774
0 2338 443 2701
1088 3507 1370 4032
1145 3652 1370 4032
0 2370 395 2701
201 0 2040 3999
1483 1217 2040 2572
1556 1217 2040 2572
1572 2169 1919 2515
2322 2604 2644 3201
1572 2088 2370 4032
1895 2088 2161 2661
1895 2088 2120 2524
0 499 1008 1774
459 1475 887 2136
201 0 1806 3999
516 0 1217 564
516 120 1209 564
911 1483 1298 1967
1572 2427 2370 4032
2515 3556 2749 3822
653 0 1806 2846
653 1878 1257 2846
653 1919 1145 2846
653 1919 1145 2693
653 1919 1145 2572
846 1919 1145 2185
790 290 1209 564
2120 1935 2507 2886
1604 2427 2370 4032
854 370 1209 564
201 2153 1798 3999
201 2153 1685 3951
2386 177 2677 758
1556 943 1830 1507
717 0 1217 185
0 2451 395 2701
249 2685 749 3120
169 499 1008 1741
967 1878 1257 2282
169 499 1008 1443
1572 2790 1886 3354
1604 2548 2370 4032
1604 2564 2370 4032
854 0 1806 2604
1927 0 2790 1387
2169 1056 3024 4032
2451 1056 3007 1919
2451 1056 3007 1782
806 3628 1249 4032
1927 0 2790 1314
1927 0 2669 1314
1927 32 2282 935
2169 1257 3024 4032
459 1475 846 2112
1572 2790 1886 3072
2386 177 2661 516
854 0 1806 2475
854 741 1806 2475
854 1185 1806 2475
1169 1895 1806 2475
1169 1895 1717 2475
249 2685 612 3120
2080 0 2669 1314
2032 3838 2322 4032
1161 741 1499 1475
1104 0 1798 1088
201 2153 1685 3685
201 2886 1104 3685
983 2153 1685 3677
2862 1257 3024 1943
2080 64 2669 1314
2080 64 2338 733
2185 314 2669 1314
2185 782 2669 1314
2185 782 2475 1088
0 1137 306 1612
2612 1056 3007 1604
169 499 1008 1435
209 499 1008 1266
209 548 1008 1266
209 628 1008 1266
628 790 1008 1266
701 854 1008 1266
701 1008 1008 1266
2169 1524 3024 4032
1427 3032 1628 3386
2080 64 2306 395
2169 1524 3024 3225
201 2886 1080 3685
201 2975 1080 3685
1112 0 1798 1088
362 1209 733 1774
1185 741 1499 1475
2532 3128 3024 4032
1604 2564 2370 3991
1604 3394 2048 3991
1757 3443 2048 3991
983 2370 1685 3677
1088 2370 1628 3120
1088 2548 1572 3120
1596 943 1830 1507
2814 2653 3024 2919
1112 225 1798 1088
1112 225 1556 1088
854 1185 1532 2072
1709 2564 2370 3854
2636 1056 3007 1540
2636 1096 2878 1540
1709 2564 2370 3822
1709 2564 2370 3652
1709 2564 2233 3588
1709 2564 2153 3515
1862 2838 2153 3515
1322 0 1709 370
717 0 1137 185
1927 32 2177 782
516 120 935 330
209 628 790 1112
2169 1524 2903 3225
2169 1524 2499 2024
1709 2564 2040 3032
1185 959 1475 1475
241 628 790 1080
2298 1636 2903 3225
1112 411 1507 1088
1862 3040 2153 3515
1088 2685 1572 3120
2298 1636 2644 2636
1193 1475 1532 2072
2298 1967 2644 2636
2532 3153 3024 4032
1749 0 2072 1128
1306 3862 1483 4032
2717 3846 2886 4032
2032 3838 2217 4032
2088 3814 2265 3991
443 3814 669 4032
2749 3806 2959 4032
814 3782 1016 3943
1491 3765 1798 3999
620 3765 862 4032
1999 3749 2177 3927
2515 3725 2733 4032
927 3669 1249 4032
1145 3652 1370 3935
806 3628 1032 3846
2548 3596 2749 3822
1935 3564 2169 3822
1314 3564 1653 3951
2136 3556 2322 3854
1757 3556 2048 3991
2774 3540 2943 3733
1088 3507 1257 3701
137 3507 443 3878
427 3491 620 3822
0 3459 282 4032
1838 3443 2032 3604
1604 3394 1903 3806
225 3378 475 3620
2177 3362 2370 3652
741 3346 983 3556
1588 3257 1790 3532
983 3257 1177 3475
1975 3233 2233 3588
1395 3225 1685 3572
0 3185 290 3532
1427 3177 1628 3386
2532 3153 3024 3935
798 3136 1104 3362
2862 3128 3024 3451
1862 3120 2080 3515
1653 3104 1951 3338
2862 3064 3024 3273
862 3056 1088 3233
201 3056 830 3685
1895 3040 2153 3257
475 3024 637 3233
983 2999 1685 3677
1588 2975 1766 3354
556 2975 1080 3354
2112 2919 2298 3411
1653 2886 1935 3193
548 2886 758 3096
1314 2862 1572 3072
1886 2838 2104 3161
249 2814 580 3120
758 2806 943 3064
1717 2790 1886 3072
1572 2790 1749 3040
1016 2782 1233 2991
2709 2725 2935 3024
1088 2725 1370 3120
499 2693 749 2999
1782 2685 2040 3032
1257 2685 1572 2903
419 2685 612 2886
2249 2669 2782 3790
1475 2669 1685 2886
927 2653 1193 2870
685 2636 975 2846
266 2620 467 2838
2322 2604 2604 3088
2072 2604 2249 2959
1709 2564 1967 2830
1040 2564 1274 2749
0 2564 435 3322
1580 2556 1806 2822
1257 2548 1499 2806
1443 2532 1620 2782
685 2532 911 2709
2467 2515 2903 3225
846 2483 1040 2693
88 2467 395 2653
0 2451 177 2701
1717 2427 1927 2620
1298 2427 1499 2604
354 2427 653 2677
1193 2419 1362 2693
2806 2411 3007 2604
1983 2395 2169 3056
943 2395 1225 2693
2338 2386 2515 2636
637 2386 854 2572
1322 2370 1628 2644
2564 2346 2806 2620
540 2346 774 2854
129 2338 443 2580
870 2298 1088 2540
2177 2282 2419 2886
225 2274 508 2701
2733 2265 3024 2572
1362 2209 1620 2475
1524 2193 1798 2604
1572 2185 1741 2370
1725 2169 1919 2515
1153 2153 1419 2419
653 2080 991 2572
2580 2056 2878 2354
459 2040 766 2443
2064 2024 2233 2717
2475 2016 2701 2201
1645 2016 1806 2249
8 2007 467 2515
2298 1967 2644 2491
1483 1959 1701 2177
2120 1935 2507 2395
1435 1927 1636 2112
959 1927 1145 2185
846 1919 1024 2128
379 1911 556 2153
1169 1895 1717 2354
1056 1878 1257 2169
2080 1854 2241 2064
1564 1838 1741 2064
2717 1798 3024 2346
749 1790 967 2072
2596 1782 2911 2217
443 1774 733 1975
56 1766 217 1975
1806 1757 1975 2032
1048 1749 1298 1959
911 1709 1112 1967
2169 1693 2443 2024
1249 1677 1532 2072
2709 1661 2919 1919
443 1645 628 1806
2862 1636 3024 1943
2403 1636 2636 2048
596 1636 846 2112
1556 1564 2040 2572
2298 1524 2499 1733
798 1524 959 1822
0 1507 314 1774
2725 1483 2951 1733
1016 1483 1298 1838
1701 1475 1927 1749
1193 1475 1467 1749
459 1475 774 1822
2451 1427 2709 1782
1411 1403 1636 1830
233 1370 508 1741
2612 1338 2790 1604
419 1330 733 1774
1241 1298 1475 1645
0 1274 241 1443
782 1257 1064 1499
2032 1233 2362 2016
1185 1233 1403 1475
1556 1217 1854 1636
2644 1209 2878 1540
362 1209 701 1387
854 1185 1314 1749
2096 1177 2604 1669
0 1177 306 1612
2854 1137 3024 1395
0 1137 241 1354
1669 1128 1830 1507
427 1104 588 1266
2636 1096 2878 1290
2838 1056 3007 1257
2241 1056 2443 1233
1387 1032 1588 1516
475 1024 637 1249
701 1016 862 1177
806 1008 1008 1266
169 1008 516 1435
1016 991 1185 1282
1257 959 1475 1306
1701 951 1943 1507
0 951 258 1257
2249 943 2475 1161
1596 943 1757 1145
1266 854 1451 1080
733 854 1008 1080
209 822 645 1112
2403 814 2669 1314
2515 798 2790 1096
2048 790 2419 1274
628 790 798 1064
459 790 677 1080
2185 782 2459 1032
2669 766 3024 1145
2322 766 2491 927
2612 758 2774 991
1556 741 1782 1008
1330 741 1499 1072
1717 725 1927 1112
709 725 895 887
2007 653 2282 935
1483 653 1774 1338
1322 653 1588 838
1112 637 1387 1088
241 628 790 903
2693 620 2975 903
2483 596 2741 870
854 596 1161 1225
1516 588 1749 838
2362 580 2540 846
0 572 354 1080
2774 556 3024 774
1427 556 1596 741
637 548 911 806
975 532 1201 798
1064 508 1338 709
314 499 540 782
467 467 717 733
233 451 411 620
0 435 298 701
1959 419 2177 782
1499 411 1798 822
1209 411 1507 749
1854 395 2072 1128
314 395 556 556
943 370 1209 564
516 370 774 564
2483 346 2661 516
88 338 322 564
2201 314 2451 846
516 314 741 516
2806 290 3024 661
790 290 1016 499
2104 282 2338 733
2653 274 2919 685
1540 266 1725 475
717 258 919 564
0 241 201 419
201 233 556 443
1161 225 1556 564
1661 193 1895 895
508 185 798 403
2386 177 2653 475
1999 161 2185 661
2136 112 2306 395
919 96 1427 395
306 72 524 354
8 72 379 306
1104 32 1443 201
2556 0 3024 419
2580 0 2822 233
2330 0 2636 282
2169 0 2386 193
1895 0 2257 225
1749 0 1959 483
1507 0 1709 370
1322 0 1556 290
717 0 1064 185
395 0 693 290
1733 3314 1895 3499
0 0 2548 4032
0 0 1362 4032
40 2636 2548 4032
782 0 3024 4032
782 0 2443 3830
40 2636 2483 4032
1403 1959 1701 2177
1016 733 1201 927
782 0 2104 3354
137 2636 2483 4032
1387 653 2443 3830
1387 653 1782 1516
1483 653 1782 1338
854 427 1072 661
1556 1128 2443 3830
2774 556 3024 862
1201 1766 1362 2032
2169 0 3024 2798
2169 0 3024 2620
201 2636 2483 4032
516 306 766 524
822 3846 999 4032
2120 1886 3024 4032
2120 1935 3024 4032
2209 2749 2443 3830
0 0 1161 2282
0 0 1145 2282
0 1548 1362 4032
709 2007 887 2257
1411 0 2072 1128
2556 1064 2749 1507
2556 1064 2749 1387
1999 3475 2483 4032
1999 3556 2483 4032
201 2636 2370 4032
419 2685 838 3015
419 2685 749 2999
1556 1128 2298 3435
1556 1128 1854 1636
1895 0 2903 3225
1556 1306 2298 3435
137 3507 540 3943
137 3507 540 3911
1556 1306 2298 3411
2822 2548 3024 2798
1161 3862 2056 4032
1306 3862 2056 4032
1306 3862 1935 4032
2378 177 2774 991
2854 1137 3024 1717
1411 266 1725 508
1507 266 1725 475
2322 766 2491 1088
459 790 717 1249
475 1024 717 1249
1032 3507 1403 3741
1088 3507 1403 3701
233 395 556 620
1588 3104 1951 3532
1653 3104 1951 3427
693 1145 1056 1419
693 1145 911 1419
137 3507 443 3911
782 959 2104 3354
1411 1403 1741 2112
1411 1403 1741 2064
1443 1645 1741 2064
2685 1491 2919 1919
798 1524 1145 2282
798 1524 1145 2185
798 1524 1112 1967
685 2249 1362 2749
846 2249 1362 2749
1088 2249 1362 2693
1128 2378 1362 2693
2040 2459 2298 3411
2040 2459 2249 2959
1314 2846 1628 3072
1419 2846 1628 3064
1999 1749 2290 2717
0 0 1137 1975
1806 1757 2024 2104
790 0 1983 1749
790 290 1338 709
943 370 1338 709
0 1548 1032 4032
88 3628 1032 4032
1895 0 2475 1274
2386 177 2774 991
2386 177 2741 870
919 0 1983 1749
1016 741 1499 1475
1016 741 1499 1282
1266 741 1499 1080
201 2636 1685 4032
0 1548 1024 4032
88 2064 653 2701
322 2064 564 2330
1645 0 2072 1128
846 2298 1274 2749
2282 3596 2483 4032
225 3306 532 3620
88 2274 653 2701
1145 3040 2370 4032
1016 991 1370 1282
1999 3556 2322 3927
1556 1306 2169 3056
1145 3120 2370 4032
2032 1177 2903 3225
1669 2322 1927 2620
225 2274 653 2701
1145 3120 2370 3999
919 0 1628 395
919 0 1556 395
0 0 395 249
2515 2653 3024 4032
2709 2653 3024 3451
2709 2653 3024 3241
0 1645 516 4032
56 1677 314 1975
2032 3814 2265 4032
1854 1306 2056 1838
741 3136 1104 3556
1556 1564 2169 3056
2451 1096 3024 2620
1322 588 1749 838
2451 1338 3024 2620
2564 1338 3024 2620
2564 1483 3024 2620
782 959 1919 2693
1645 2016 1919 2515
1048 0 1467 201
1104 0 1467 201
2169 0 3024 1314
2362 274 3024 1314
975 0 1983 1749
1499 411 1983 1749
1524 943 1943 1749
1524 943 1943 1507
2515 3153 3024 4032
1145 3120 2233 3999
201 185 991 637
201 233 991 637
717 258 991 637
201 233 774 564
0 548 1008 1975
733 854 1008 1266
249 1548 1024 3120
532 1548 1024 2128
596 1548 1024 2128
596 1548 878 2112
2169 0 3024 419
2169 0 2636 282
758 2806 999 3064
88 3765 862 4032
443 3765 862 4032
2709 2653 3024 3177
2709 2717 2967 3024
782 959 1798 2693
1314 3120 2233 3999
943 2161 1225 2693
975 0 1709 1088
2362 580 3024 1314
1257 2370 2104 3354
1322 2370 1806 2822
2403 766 3024 1314
2653 274 2975 903
2483 346 2677 758
1661 0 2072 1128
1257 2427 2104 3354
1999 1749 2233 2717
2725 1483 3024 1943
0 0 1137 1080
0 0 1137 701
0 0 1137 564
249 1911 991 3120
2403 798 2790 1314
975 225 1556 1088
846 2483 1274 2749
1257 2427 1572 2903
1257 2548 1572 2903
782 959 1798 2604
1153 1895 1798 2604
1499 411 1983 1403
201 2975 1249 4032
2564 1782 3024 2620
1475 2564 2104 3354
628 790 862 1177
1314 3233 2233 3999
782 959 1532 2169
0 548 911 1975
0 548 911 1774
1999 161 2475 1274
1895 0 2257 782
427 3346 1249 4032
249 2596 758 3120
1491 3233 2233 3999
233 1104 733 1774
233 1209 733 1774
233 1330 733 1774
0 0 935 564
0 0 935 419
0 72 524 419
0 72 379 419
1717 725 1983 1403
379 1911 991 2854
782 1185 1532 2169
782 1185 1532 2072
782 1185 1475 1838
1314 3394 1903 3951
0 467 717 1080
1757 3233 2233 3991
1895 0 2257 427
0 499 540 1080
395 0 935 330
2580 1782 3024 2572
1048 1677 1532 2072
249 2620 758 3120
1572 2564 2104 3354
1709 2564 2104 3161
459 2040 991 2854
0 1177 314 1774
782 1185 1467 1838
1572 2790 1766 3354
1709 2564 2040 3072
443 1475 774 1975
2096 1177 2903 3225
459 2040 774 2854
749 1790 1024 2128
2580 1782 2911 2354
2096 1177 2644 2636
685 2636 1685 3677
685 2636 1370 3120
2096 1177 2636 2048
233 1370 588 1741
782 1185 1467 1749
1153 2153 1798 2604
1999 161 2459 1274
2185 314 2459 1032
685 2636 1193 2870
249 2814 758 3120
1999 161 2419 1274
782 1185 1314 1749
1935 3233 2233 3822
1362 2193 1798 2604
1161 225 1556 749
2717 1798 3024 2572
0 548 911 1435
209 548 911 1112
0 951 516 1435
2322 2515 2903 3225
1999 161 2338 935
1999 161 2338 733
0 2564 435 4032
0 3185 290 4032
0 1645 516 2515
1491 677 1757 1540
1645 0 1927 1016
282 298 580 556
330 1249 814 1507
1951 1112 2886 4032
2814 2411 3024 2677
1967 1112 2886 4032
2185 2540 2886 4032
2249 2669 2886 4032
717 1524 878 1903
387 1838 887 2395
387 1838 887 2257
387 1838 725 2120
0 3411 540 4032
814 3564 1475 4032
814 3564 1370 4032
903 3564 1370 4032
225 1975 419 2217
1524 0 3024 4032
1556 1338 2169 3007
2483 0 2741 661
2483 0 2741 322
1596 1338 2169 3007
556 2644 1185 3435
556 2790 1185 3435
0 2338 596 3451
0 2483 596 3451
0 2483 596 3330
1951 1153 2233 2717
282 346 532 556
0 3411 435 3943
1967 1112 2725 2644
1967 1112 2241 2136
556 2838 1185 3435
2580 0 2741 322
2185 782 2911 2346
1774 0 3024 4032
1774 0 2451 2040
1346 1854 2483 4032
0 951 258 1628
0 3411 322 3620
1524 653 2024 2112
2088 0 3024 4032
2217 1572 3024 4032
556 2838 1185 3370
556 2911 1185 3370
556 2911 1185 3306
2088 0 3024 1741
2177 0 3024 1741
274 2588 532 2838
1524 758 2024 2112
1524 758 2024 2040
2217 2257 3024 4032
0 0 1798 4032
1346 1854 2386 4032
1951 1153 2225 2709
2016 1757 2225 2709
2201 0 3024 1741
1411 1854 2386 4032
1024 0 1766 999
1540 1854 2386 4032
2612 0 3024 1669
2201 177 2927 1741
1556 758 2024 2040
0 233 1798 4032
217 1370 846 1975
1564 1854 2386 4032
1564 1854 1927 2620
1411 2653 1701 3620
0 951 258 1524
1459 2653 1701 3064
1556 758 1959 1749
1677 1427 1959 1749
1572 2096 2386 4032
0 0 1112 1120
2322 177 2927 1741
1556 758 1846 1516
2322 274 2927 1741
0 2007 508 2540
1443 596 1749 999
1951 3814 2322 4032
2040 1225 2443 2040
0 233 1636 3040
1024 0 1766 822
1999 1346 2241 2136
0 1991 1798 4032
2612 637 3024 1669
2435 274 2927 1741
1104 0 1766 822
2435 588 2927 1741
2427 177 2677 758
2145 1935 2725 2644
967 1991 1798 4032
1411 3032 1669 3620
0 233 1636 2846
1612 2096 2386 4032
2636 1177 2870 1532
1798 3314 1991 3588
2515 822 2927 1741
2515 822 2782 1209
0 0 1112 1080
628 508 1120 1233
1104 0 1766 741
1564 1854 1886 2467
1572 2790 1903 3354
1104 0 1766 653
1290 0 1766 653
1298 0 1766 653
2515 1185 2927 1741
2515 1185 2830 1733
782 233 1580 1596
927 233 1580 1596
2217 2257 3024 3282
1427 0 1766 653
1895 2096 2265 2967
967 1991 1782 4032
1596 951 1846 1516
0 2774 1096 4032
2217 2257 2894 3225
2524 3072 3024 4032
2774 3072 3024 3661
1491 0 1766 653
0 435 1636 2846
1499 32 1766 653
1298 0 1628 290
2524 3144 3024 4032
1161 741 1580 1596
1612 2524 2386 4032
1612 2911 2386 4032
516 0 1112 524
1701 2524 2032 3112
967 2193 1782 4032
0 435 1314 2846
1008 1411 1636 2048
1185 741 1580 1596
2725 2604 3024 3282
927 233 1467 1056
975 233 1467 1056
330 975 1314 2846
330 1064 1314 2846
967 2370 1741 4032
443 1499 846 1975
330 1943 1225 2846
1685 3846 1895 4032
1951 3838 2201 4032
2693 3806 3024 4032
814 3790 983 4032
2298 3757 2483 4032
161 3757 540 4032
790 3709 1064 3927
903 3661 1370 4032
1306 3636 1475 4032
1596 3572 1774 3886
919 3564 1290 3749
2717 3540 3024 3798
137 3523 435 3943
1725 3491 1935 3669
0 3491 233 4032
2072 3467 2282 3902
322 3467 491 3765
1612 3443 2136 4032
2822 3411 3024 3661
0 3411 241 3580
1645 3346 1838 3564
2338 3282 2886 4032
145 3282 314 3451
1588 3225 1766 3483
1411 3177 1669 3620
1983 3169 2209 3394
798 3169 999 3370
927 3161 1112 3411
2524 3144 2927 3878
2774 3072 3024 3475
0 3024 1096 4032
556 2991 1048 3306
1636 2975 1935 3499
1862 2911 2386 3862
943 2911 1185 3072
1217 2903 1387 3128
967 2846 1741 4032
1459 2838 1636 3064
830 2838 1008 3080
2862 2830 3024 3282
1572 2790 1903 3080
725 2790 927 2999
1733 2782 1895 2951
1798 2774 2032 3112
499 2774 846 3153
2709 2725 2935 3015
2249 2669 2733 3757
1475 2653 1701 2862
895 2653 1233 3040
725 2644 959 2814
274 2628 451 2838
2725 2604 3024 2919
1572 2580 1806 2822
1701 2524 2024 2846
2064 2499 2265 2967
1983 2491 2169 3007
1749 2427 1927 2620
2814 2411 3024 2580
2709 2403 2886 2669
1443 2370 1620 2588
1193 2370 1628 2927
88 2370 274 2596
120 2338 443 2693
2217 2282 2894 3225
2620 2257 2782 2596
749 2249 1225 2798
709 2217 887 2395
1387 2193 1782 2596
1540 2185 1733 2370
1064 2145 1419 2524
967 2128 1153 2338
2056 2104 2225 2709
1895 2096 2120 2524
1604 2016 1886 2467
0 2007 467 2524
1137 1991 1693 2282
330 1943 911 2846
1475 1927 1636 2177
1024 1927 1274 2096
1564 1854 1749 2072
387 1838 653 2007
1838 1774 2007 2112
2040 1749 2241 2136
2169 1685 2443 2040
1854 1645 2024 2040
