0 0 2048 1536
12 1089 196 1277
589 0 1056 425
1658 438 1896 688
512 1245 929 1482
1736 1380 1826 1478
0 331 204 544
319 774 458 860
1941 253 2048 557
1941 253 2048 483
434 552 966 905
548 552 966 905
548 733 847 905
970 675 1228 905
131 909 720 1413
757 552 966 888
1589 110 1892 520
1654 176 1892 520
282 909 720 1413
1757 1093 1916 1282
282 1007 401 1413
286 1007 401 1413
1953 417 2048 557
0 356 180 544
1650 675 1871 778
1286 806 1683 1011
614 925 925 1265
1736 774 1982 917
1359 1200 1626 1449
1429 1200 1626 1449
1310 806 1683 1011
0 528 602 1282
0 528 602 946
0 684 327 851
962 0 2048 1523
1675 1294 2007 1515
0 786 385 1282
0 786 385 1130
753 667 897 851
1851 774 1982 917
1019 1159 1208 1490
1032 1159 1208 1490
516 1064 716 1384
1163 909 1585 1363
1290 909 1576 1040
1548 675 1794 835
1622 675 1728 798
516 1097 716 1384
1064 28 1675 569
356 909 720 1114
1675 1294 1843 1413
1064 172 1675 569
970 675 1208 905
90 856 385 1130
1163 974 1585 1363
1163 974 1576 1355
0 0 864 790
0 180 847 790
249 573 380 671
0 212 2048 1536
1183 1085 1732 1507
561 1097 712 1253
0 786 307 1093
0 786 307 909
692 212 1073 724
892 212 1073 679
32 528 438 757
94 577 438 757
741 925 925 1265
962 0 2048 651
1810 405 2048 651
1654 176 1757 512
962 0 2048 491
1859 552 2048 651
1499 1351 1581 1490
1105 28 1654 286
692 311 995 724
0 405 2048 1536
954 737 1335 1224
954 1069 1171 1224
1064 1069 1171 1183
1290 589 2048 1523
1290 589 2048 1413
1290 589 2048 1363
1880 589 2048 872
1810 1163 2048 1413
1130 1425 2048 1536
1241 1085 1732 1417
0 405 1740 1536
925 405 1740 802
966 405 1740 761
966 569 1339 761
1290 638 2048 1363
1011 0 2048 491
0 720 1257 1536
1310 806 1605 1011
704 311 995 671
716 311 995 655
835 327 995 548
0 0 864 434
0 671 602 946
851 720 1155 954
516 1101 716 1384
1236 1089 1576 1314
0 671 602 888
0 720 393 888
1163 974 1544 1355
962 737 1335 1118
339 671 602 815
1294 1085 1732 1417
90 856 385 1097
90 856 364 1097
339 671 512 786
1253 1425 2048 1536
1077 405 1740 700
1077 405 1720 700
1118 737 1335 1007
0 180 757 790
1261 28 1654 286
1077 405 1634 700
1290 638 2048 1024
1302 741 2048 1024
1556 929 2048 1363
1400 1085 1732 1396
1654 847 2048 1024
1654 880 2048 1024
1400 1085 1724 1396
0 180 675 790
438 618 675 790
606 1101 716 1277
1269 1089 1576 1314
1269 1089 1523 1314
1269 1097 1490 1314
1269 1130 1478 1314
1253 1425 1871 1536
1060 0 1257 159
1400 1101 1626 1396
1523 1101 1622 1196
0 823 1257 1536
0 1142 331 1536
294 823 1257 1536
675 913 1093 1323
864 913 1093 1323
1290 638 1916 839
1290 638 1875 798
1290 688 1650 798
294 1069 1257 1536
294 1081 1257 1536
294 1236 1257 1536
565 1097 712 1253
1622 1114 1732 1318
851 749 1028 954
1966 196 2048 344
1163 974 1482 1355
1163 974 1482 1314
675 1093 925 1306
434 823 937 1191
434 864 937 1191
0 1269 307 1536
1314 1425 1871 1536
1417 1425 1871 1536
466 643 675 790
1187 974 1482 1196
434 864 937 954
311 1081 532 1470
0 1269 303 1490
757 1093 925 1306
753 737 897 851
122 1269 299 1445
679 864 937 954
294 1236 1134 1536
294 1261 1134 1536
0 0 794 434
1269 1130 1478 1220
1310 806 1589 970
1306 688 1650 790
0 180 667 761
1556 929 2048 1269
32 950 176 1114
1077 405 1478 667
1634 20 2048 491
1261 143 1462 249
90 868 274 987
1310 143 1462 249
1302 741 1695 958
1400 1122 1626 1396
716 311 917 655
327 0 794 335
118 856 364 1097
1294 1306 1474 1417
0 753 258 888
0 1392 303 1490
1011 0 2048 229
1290 909 1495 1028
294 1327 1134 1536
294 1327 1019 1536
1712 249 1978 491
1880 602 2035 856
294 1327 753 1536
294 1327 692 1536
1073 0 2048 196
1351 843 1589 970
1810 405 2002 593
1634 20 2048 294
1077 462 1478 667
1400 28 1654 286
1474 1122 1626 1363
208 491 462 675
0 278 667 761
176 278 667 622
1073 0 1601 196
1212 0 1601 196
1310 0 1585 86
1585 0 2048 98
1785 0 2048 98
0 0 651 434
1085 536 1478 667
245 139 651 434
245 139 581 380
1085 536 1343 663
0 0 540 262
0 0 299 262
1064 172 1662 569
1417 1425 1777 1536
729 1380 1019 1536
1912 1368 2048 1523
364 1363 692 1536
1675 1327 1769 1413
294 1327 434 1503
1359 1323 1540 1433
1183 1310 1511 1507
1032 1302 1208 1490
1429 1298 1626 1449
1769 1294 2007 1515
1761 1294 1843 1409
0 1294 167 1445
1400 1290 1556 1396
204 1290 319 1536
1953 1286 2048 1413
512 1282 917 1482
1474 1277 1613 1363
311 1277 520 1470
122 1277 258 1445
942 1261 1134 1474
1019 1241 1130 1339
1232 1200 1392 1355
1335 1183 1429 1314
1163 1183 1249 1314
1810 1163 2048 1327
516 1159 675 1384
176 1142 331 1392
1757 1134 1912 1282
565 1134 688 1253
1323 1130 1478 1220
1564 1122 1785 1490
1486 1122 1626 1290
1236 1118 1413 1277
1622 1114 1724 1273
1318 1114 1585 1363
1187 1114 1277 1196
1159 1114 1245 1249
942 1114 1150 1380
954 1110 1093 1224
1699 1101 1839 1363
675 1097 761 1298
1835 1093 1916 1265
16 1089 114 1183
1609 1085 1724 1175
339 1081 532 1327
401 1069 581 1216
131 1064 319 1257
0 1040 126 1282
1327 1032 1544 1118
1458 1024 1622 1175
1327 1015 1478 1101
614 1007 745 1196
286 1007 401 1110
65 1007 176 1097
933 999 1093 1249
491 983 610 1064
1212 974 1482 1130
118 958 311 1097
32 950 139 1114
1355 946 1576 1040
286 942 385 1064
1556 937 1921 1146
1880 929 2048 1269
749 925 925 1265
962 921 1331 1118
557 921 745 1081
864 913 946 1323
540 913 720 1060
1290 909 1486 1003
356 909 602 1114
1654 901 1884 1024
450 901 851 1191
0 884 106 1093
1458 872 1589 970
360 872 499 1019
90 868 249 987
188 856 364 1028
1286 847 1486 966
1351 843 1490 942
929 835 1028 954
1662 815 1822 921
1118 815 1335 1007
1150 815 1241 901
1310 806 1470 905
757 798 929 888
434 798 561 880
262 790 397 946
110 786 307 884
1462 778 1695 958
1851 774 1982 884
0 761 126 888
1060 753 1208 905
380 753 512 901
98 753 258 835
851 749 974 856
1302 741 1523 880
753 741 843 823
1159 737 1306 897
770 737 897 851
950 720 1155 913
253 720 393 802
1622 712 1728 798
0 712 192 851
643 704 770 847
339 704 487 786
1527 700 1650 790
1290 700 1564 798
1880 692 2011 856
1306 688 1617 770
1720 684 1871 778
188 684 327 782
1650 675 1744 774
970 675 1130 839
385 671 512 765
765 667 892 765
1724 659 1916 839
466 643 651 790
270 643 438 753
438 618 520 733
593 610 696 712
1884 602 2035 831
520 598 610 696
249 585 335 671
94 577 307 757
1634 569 1740 651
966 569 1167 761
1085 565 1241 663
1859 552 2023 651
819 552 966 802
483 552 757 708
704 544 856 671
413 544 585 679
1732 540 1896 688
1634 536 1720 643
1077 536 1634 700
1167 536 1343 651
393 532 483 626
32 528 225 712
716 524 917 655
208 512 372 626
327 491 462 675
1810 466 1994 593
1077 462 1204 651
1581 454 1671 561
1658 438 1851 610
0 438 237 761
114 421 217 503
1953 417 2048 528
1900 405 2002 499
1458 405 1540 507
1130 405 1318 512
1200 389 1675 569
0 380 180 544
1712 376 1843 491
593 376 847 610
835 352 974 548
1945 348 2048 483
0 331 204 430
1589 311 1671 442
765 311 917 581
176 307 458 536
503 294 651 434
1527 278 1658 380
237 278 667 622
892 274 1040 409
1736 249 1978 434
1314 245 1662 483
172 233 266 335
0 221 135 339
1675 217 1757 512
1064 212 1150 397
901 212 1073 679
1691 200 1867 352
1966 196 2048 286
962 196 1048 286
897 192 999 389
0 180 212 356
278 176 581 380
1064 172 1482 569
1310 147 1421 249
245 139 352 286
1400 135 1597 286
905 81 1056 282
1802 69 2048 294
192 65 315 147
1552 28 1654 221
1212 28 1478 163
1085 24 1314 118
1634 20 1945 229
450 16 548 106
1789 0 2048 98
1445 0 1601 196
1425 0 1585 86
1060 0 1257 131
1011 0 1339 229
589 0 1036 425
704 0 794 106
327 0 753 335
249 0 540 167
49 0 299 262
0 0 110 192
892 0 2048 1523
0 0 1871 1536
98 671 1871 1536
0 0 1036 1536
557 921 745 1134
1429 1298 1626 1490
1130 737 1306 901
167 942 405 1536
1654 172 1802 512
294 847 1871 1536
1527 700 1875 897
1527 700 1794 835
1548 712 1794 835
98 671 974 1191
1675 1327 1826 1478
561 913 1093 1486
176 942 405 1536
176 1081 356 1536
1163 1183 1249 1372
393 532 757 708
675 913 1093 1486
675 1097 925 1306
929 569 2048 1523
147 458 360 577
892 0 2048 958
1064 0 2048 958
1769 196 2048 528
1187 847 1724 1433
1859 552 2048 925
176 1081 339 1536
0 0 1036 851
1675 1327 1777 1470
286 942 405 1110
0 380 925 1536
98 671 974 954
892 0 1384 679
1187 974 1724 1433
380 671 974 954
1150 737 1306 901
1286 847 1576 1040
294 1310 1871 1536
892 0 1339 679
692 647 892 823
98 704 487 835
253 704 487 802
753 667 892 823
864 913 1093 1486
864 913 1003 1486
1900 196 2048 528
311 872 925 1482
1187 974 1626 1433
1880 589 2048 925
901 0 1339 679
905 0 1339 397
380 671 937 954
434 798 937 954
0 221 217 503
286 942 401 1110
311 909 925 1482
0 331 217 503
1900 196 2048 499
1900 249 2048 499
0 221 135 360
933 917 1093 1249
929 569 1335 1490
679 798 937 954
1187 974 1626 1417
1212 974 1626 1417
1941 249 2048 405
1302 741 2048 1523
0 380 847 1536
0 761 397 1536
380 671 512 901
905 0 1339 286
1122 638 2048 958
0 786 397 1536
0 380 847 905
520 598 696 712
892 274 1040 466
692 647 839 786
1064 0 2048 700
0 786 364 1536
942 569 1335 1490
1327 1032 1544 1175
892 1236 1003 1486
614 1007 811 1261
1306 638 2048 958
1601 638 2048 958
1601 638 1916 839
1232 1024 1626 1417
1232 1130 1478 1417
1581 20 2048 688
1581 454 1994 688
311 909 917 1482
561 1097 712 1236
1064 0 1675 700
1581 454 1740 651
0 0 1036 434
294 1310 1777 1536
1318 1024 1626 1396
1589 20 2048 491
176 1142 331 1536
0 0 1036 425
905 81 1056 286
704 0 864 106
1318 1024 1622 1396
1318 1097 1613 1396
1318 1097 1585 1396
1318 1097 1585 1363
548 643 847 905
0 380 651 880
0 380 651 851
942 675 1335 1490
942 1114 1245 1490
1769 774 2048 958
1130 1114 1245 1372
434 741 602 880
0 856 364 1536
0 380 585 851
0 438 585 851
1232 1130 1478 1376
1232 1130 1478 1355
0 438 438 851
32 528 438 782
94 577 438 782
0 1392 307 1536
950 1310 1777 1536
1241 0 1585 86
950 675 1335 1118
0 856 364 1445
0 1040 258 1445
0 1277 258 1445
1261 147 1421 249
176 139 974 851
1708 458 1994 688
716 311 974 851
962 675 1335 1118
962 753 1335 1118
1060 753 1335 1007
0 856 364 1257
1564 929 2048 1523
438 618 651 790
94 577 327 782
942 1114 1208 1490
1183 1310 1777 1536
208 491 585 679
1708 458 1994 593
90 856 364 1257
1761 1294 2048 1523
1581 454 1720 643
364 1363 1019 1536
1626 675 1871 778
1302 741 1921 1146
0 0 212 356
1761 1294 2007 1515
716 311 974 802
1064 0 1662 569
1073 0 1654 286
1073 0 1314 118
176 139 847 622
118 921 311 1097
491 913 720 1064
548 1380 1019 1536
0 438 237 851
1212 0 1654 286
1077 389 1675 700
1564 929 2048 1490
1699 929 2048 1363
1757 929 2048 1327
0 884 139 1114
1212 0 1601 286
176 278 847 622
1462 778 1921 1146
716 311 966 802
1400 0 1601 286
716 524 966 802
49 0 1036 425
512 1159 917 1482
1691 200 1978 491
942 1114 1150 1474
1691 200 1978 434
1810 929 2048 1327
1556 901 1921 1146
49 0 753 335
311 909 602 1470
49 0 540 262
1638 69 1720 290
0 1064 319 1277
749 921 925 1265
749 921 925 1261
1404 827 1490 929
843 122 1069 561
409 712 925 909
1757 1130 1941 1282
0 221 196 544
0 348 180 544
921 196 1069 561
950 1069 1560 1536
1114 1302 1560 1536
0 1093 114 1261
950 1069 1200 1372
528 1282 917 1482
1957 430 2048 557
0 696 401 1114
319 753 516 1101
962 655 1130 880
1798 1130 1941 1261
319 753 516 995
319 770 458 995
319 770 458 860
221 442 704 745
221 442 638 745
385 532 638 745
1425 1064 1667 1392
1531 1064 1667 1327
274 0 1843 765
512 1064 716 1343
1732 819 1961 933
0 458 1761 1536
425 692 602 815
1769 819 1961 933
512 1097 716 1343
1007 102 1843 765
1064 102 1843 765
0 696 307 1114
0 786 307 1114
0 786 307 929
0 696 192 888
1568 1101 1761 1490
1060 0 1232 155
1306 794 1470 970
0 458 1622 1536
32 458 499 1470
512 1105 716 1343
0 577 1622 1536
208 1069 401 1470
1568 1114 1761 1490
32 458 499 1163
1290 864 1605 1040
1417 864 1605 1040
774 577 1167 925
1425 1277 1613 1392
0 733 1622 1536
1155 962 1622 1441
1155 962 1605 1441
1155 962 1605 1363
1269 962 1400 1077
0 733 1478 1536
933 733 1335 1114
1515 1097 1622 1228
0 823 1478 1536
1163 1171 1601 1441
933 749 1335 1114
1220 1171 1601 1441
1220 1171 1433 1400
1560 401 1818 782
1560 475 1818 782
1560 475 1818 712
1605 475 1818 651
413 823 937 1327
32 458 479 1163
32 819 380 1163
413 864 937 1327
1462 864 1564 946
126 458 479 946
126 544 479 946
1064 102 1671 765
1228 1298 1601 1441
147 458 303 577
1048 0 2048 1536
1318 741 2048 1536
1527 1130 2048 1536
1527 1130 2039 1536
208 512 364 667
786 577 1167 925
851 749 1167 925
0 172 1486 856
352 0 552 106
1220 1196 1433 1400
1155 1015 1605 1363
1048 0 2048 958
1548 249 2048 958
1708 249 2048 872
1708 430 2048 872
319 905 737 1470
0 172 1073 856
0 253 1073 856
430 536 843 765
0 172 253 356
0 913 1478 1536
135 675 479 946
262 675 479 946
1527 1253 2039 1536
1871 557 2048 872
1318 741 2048 1314
1708 430 2023 651
851 913 1093 1507
155 253 1073 679
155 270 1073 679
1548 585 1916 958
1548 585 1916 905
1548 651 1916 905
1155 1015 1478 1196
1048 0 2048 450
126 544 438 790
1048 0 2048 221
516 643 708 815
0 1245 1478 1536
0 1245 1040 1536
0 1355 1040 1536
294 1355 1040 1536
1658 20 2048 450
106 819 380 1163
1220 1196 1429 1400
237 270 1073 679
1196 1024 1605 1363
274 0 1060 434
1617 585 1875 716
212 983 339 1101
1196 1024 1605 1282
106 901 380 1163
1064 163 1351 294
1282 0 2048 114
0 0 401 278
0 0 352 274
1908 249 2048 548
1658 20 2048 409
1658 20 2048 286
1048 0 1658 221
1282 0 2048 98
1298 1179 1523 1363
1306 1179 1523 1363
311 1355 1040 1536
1658 20 2048 282
1310 0 2048 98
606 1105 716 1261
724 1449 1040 1536
0 1449 323 1536
0 1409 303 1490
1527 1355 1867 1536
311 1355 753 1536
1400 1323 1548 1433
1945 1314 2048 1490
1425 1310 1548 1392
1241 1310 1429 1400
1363 1298 1601 1441
528 1290 917 1482
1470 1277 1613 1359
0 1277 299 1449
1765 1253 2039 1503
757 1245 933 1478
1445 1236 1564 1335
1568 1232 1761 1490
561 1232 716 1327
1306 1224 1458 1363
1531 1200 1617 1298
1220 1196 1396 1376
1298 1191 1429 1318
1421 1179 1523 1302
512 1179 675 1343
1490 1175 1617 1277
1798 1130 1916 1261
1728 1130 1839 1368
1515 1122 1622 1228
1196 1118 1486 1282
1159 1118 1245 1249
1622 1114 1728 1273
946 1114 1134 1478
1527 1097 1617 1191
1155 1093 1298 1196
0 1093 241 1277
950 1085 1097 1200
319 1081 540 1470
1093 1069 1200 1372
397 1069 581 1212
1409 1024 1605 1228
1277 1015 1478 1126
942 1003 1093 1261
212 991 311 1101
253 983 339 1073
1294 962 1400 1077
106 954 299 1130
1536 925 2048 1314
933 917 1331 1114
851 913 1052 1507
1290 909 1519 1040
208 909 339 991
0 909 106 1114
372 905 737 1101
282 901 380 1163
1417 892 1605 1040
413 864 937 1290
1867 847 2048 942
1679 839 1863 958
90 831 274 983
1830 827 1961 933
188 819 364 946
1306 806 1462 970
385 802 516 917
0 802 159 929
409 798 585 905
262 794 397 946
118 786 307 880
950 778 1167 913
0 761 139 888
946 749 1335 1024
851 749 966 925
774 749 892 851
1318 741 1695 958
720 737 843 823
1110 733 1306 901
962 720 1130 880
249 720 401 802
552 712 925 909
544 712 708 815
1548 696 1904 905
24 696 192 851
135 692 393 811
319 675 479 802
1650 655 1871 774
966 655 1130 831
1818 651 1916 806
663 647 843 765
270 647 438 749
516 643 667 790
385 634 552 733
966 622 1486 778
1880 606 2035 860
589 606 704 696
1617 585 1777 704
786 577 970 835
315 577 499 675
1077 565 1241 675
1732 544 1896 688
126 544 339 790
430 536 757 671
397 532 638 745
32 528 208 704
868 520 983 634
327 520 413 630
208 512 364 626
147 495 262 577
1634 475 1818 643
1814 471 2023 651
221 442 442 536
0 434 237 856
1708 430 1929 516
520 425 659 532
1118 405 1318 495
909 401 1073 679
0 401 180 544
1851 380 1994 516
1908 368 2048 548
1814 335 1949 450
155 303 454 536
503 294 614 393
237 270 991 671
1949 249 2048 401
32 233 163 356
0 221 196 425
1662 212 1843 512
1851 200 1937 294
921 196 1044 413
1757 192 2002 409
1691 192 1798 434
245 180 401 278
0 172 253 348
1380 167 1560 262
1064 163 1269 294
1937 155 2048 249
1785 147 1888 286
843 122 1032 487
1064 102 1671 696
1830 69 2048 282
1638 69 1720 212
1658 20 1945 249
1413 20 1658 221
1310 0 1593 90
1048 0 1458 212
905 0 1060 282
450 0 552 106
352 0 540 98
274 0 1036 434
0 770 2048 1536
0 0 2048 1482
663 0 2048 1114
0 0 1060 1482
1286 794 1490 929
1310 794 1490 929
1638 69 1843 512
208 770 516 1470
843 0 1097 679
1290 1171 1433 1318
32 233 163 376
1875 561 2048 880
1880 561 2048 880
0 806 2048 1536
1163 1064 1667 1441
1228 1064 1667 1441
212 442 757 696
0 1277 1490 1536
1445 1064 1667 1335
868 0 1097 679
1880 589 2048 880
1908 110 2048 557
208 770 458 1470
282 770 458 1163
946 806 2048 1536
1269 962 1552 1130
0 221 937 1482
987 0 1097 561
0 634 552 929
1527 1323 1867 1536
741 1089 831 1261
1908 110 2048 548
319 770 458 1101
372 770 458 995
409 692 516 823
1560 520 1662 712
1908 155 2048 548
663 577 2048 1114
1605 827 2048 962
0 0 1060 671
0 647 438 929
0 647 438 888
0 692 393 888
319 643 937 1482
516 643 925 909
544 712 925 909
1277 1015 1552 1130
868 196 1073 679
1048 0 2048 716
1617 544 1896 716
1908 196 2048 548
290 520 413 667
946 1024 1622 1536
561 1232 880 1327
0 221 638 1277
188 819 364 1101
208 909 339 1101
1155 1024 1622 1433
1048 0 2048 696
1155 1024 1622 1400
1007 0 1097 561
319 864 937 1482
946 1069 1560 1536
1290 909 1564 1040
516 643 679 790
1679 827 2048 958
221 442 757 696
221 442 757 671
147 495 364 667
1732 827 2048 942
0 999 241 1277
208 909 339 1073
1196 1024 1622 1400
1306 806 2048 1503
65 999 176 1097
1306 806 1605 1040
1536 925 2048 1503
909 196 1073 679
663 577 1916 1114
1830 827 2048 942
0 0 1036 671
0 221 638 1261
0 221 454 856
32 528 339 790
1634 20 2048 651
1814 471 2048 651
663 577 1916 958
1626 651 1916 806
1048 0 1671 696
1196 1024 1622 1363
0 532 638 1261
1945 1208 2048 1490
