0 0 3024 4032
717 3693 2104 4032
0 2903 959 3806
0 2903 846 3806
2443 3104 2709 3354
0 983 387 1830
0 983 387 1693
0 983 387 1677
2822 2153 3024 2580
169 2282 403 2451
1935 0 2217 225
1693 1096 2007 1387
0 2903 814 3806
975 1032 1185 1306
2185 1322 2378 1540
0 2903 556 3169
314 2983 540 3169
2838 1612 3024 1838
1451 2080 1806 2604
0 2741 3024 4032
2661 3362 2878 3701
0 0 3024 3177
1225 2443 1620 2636
1451 2080 1709 2604
1524 2080 1709 2386
0 2838 3024 4032
491 1540 975 1983
491 1540 895 1911
2338 1249 2507 1451
661 2838 3024 4032
2515 3056 3024 3677
0 0 3024 1274
2145 3628 3024 4032
2475 3628 3024 4032
0 370 3024 3177
1056 1225 1233 1459
0 983 387 1459
193 709 3024 3177
0 3475 2088 4032
951 3572 2088 3870
0 370 1774 3112
0 370 943 2854
2145 3798 2628 4032
0 983 346 1459
653 709 1008 1499
0 3475 1290 4032
419 3475 1290 3959
661 2838 2741 3935
935 2838 2741 3935
193 782 3024 3177
1782 3475 2225 3830
1266 822 3024 2459
2628 1314 3024 1653
2774 3056 3024 3677
0 2564 1774 3112
2249 1322 3024 2459
2249 1556 3024 2459
1798 2177 1991 2427
661 3072 1661 3677
1354 3572 2088 3870
2774 3056 3024 3612
2774 3056 3024 3483
2806 3056 3024 3362
370 2096 701 2322
653 709 1008 1056
2306 1556 3024 2459
2314 1556 3024 2459
2354 1556 3024 2459
0 1016 258 1459
346 3515 741 3765
790 3298 1661 3677
661 3072 1201 3394
661 3072 1056 3346
2427 2596 2765 2991
2427 2604 2765 2991
620 2580 959 2806
951 3620 1636 3854
2386 1556 3024 2386
1266 822 2395 1741
919 0 3024 1217
0 370 798 1257
0 370 685 854
2427 2604 2733 2991
1451 3572 2088 3870
0 854 943 2854
983 2088 1330 2330
2290 1322 2701 1741
193 1233 3024 3177
1241 1548 1814 1983
556 2427 943 2653
0 854 887 2854
564 2653 1774 3112
564 2653 1725 3112
1354 1548 1814 1854
887 782 3024 1572
0 1830 741 2854
80 370 685 854
0 854 887 2016
1330 1774 1878 2120
0 2064 741 2854
40 2395 741 2854
40 2395 685 2725
233 2499 685 2725
40 2395 443 2644
290 2249 782 2532
129 854 887 1854
129 854 878 1854
209 854 878 1588
911 782 3024 1572
911 790 1499 1459
1725 1548 2548 2338
0 2064 282 2580
1741 1548 2548 2338
1741 1548 2403 2338
1266 782 3024 1572
1266 782 2919 1572
2290 1322 2556 1741
1266 782 2298 1572
2564 3628 3024 4032
790 3298 1516 3677
2386 1556 2927 2386
2556 1556 2886 2048
129 1322 580 1854
0 0 2427 1274
1362 2096 3024 3177
1266 822 2346 1741
2185 1032 2919 1467
1693 2096 3024 3177
1266 798 2298 1572
1741 1548 2346 1886
1266 798 2136 1572
1580 1225 2136 1572
806 435 2427 1274
193 1233 2241 2830
766 1233 1645 1959
1266 798 1685 1298
1266 822 2274 1709
193 1749 2241 2830
193 1749 2120 2830
282 2507 685 2693
1701 1225 2136 1572
1693 2338 2209 2709
564 2749 1725 3112
1112 2749 1725 3112
1241 2749 1725 2919
1919 2096 3024 3177
1959 2112 3024 3177
2048 2112 3024 3177
193 1749 2120 2620
241 1749 2120 2620
806 435 2427 1217
1999 1886 2403 2338
2386 1895 2927 2386
1330 1774 1677 2120
2048 2112 2919 3177
2080 2112 2919 2677
903 2411 1451 2830
2515 2112 2919 2677
2080 2354 2620 2653
766 1233 1645 1870
580 1749 2120 2620
1080 1830 2120 2491
1362 2419 2161 2943
1362 2419 1911 2790
1080 1878 2120 2491
580 1749 1209 2620
580 1749 1209 2499
2604 2693 3024 3104
766 1233 1645 1790
766 1233 1645 1685
2048 2588 2782 3177
1693 2515 2161 2943
1016 2411 1451 2765
1080 1878 2120 2370
1467 3814 2104 4032
2830 3806 3024 4032
2145 3806 2499 4032
2395 3798 2628 3967
419 3717 1072 3959
1749 3709 2088 3870
717 3693 1806 4032
951 3669 1491 3854
1685 3661 1967 3822
2048 3620 2225 3830
0 3620 959 4032
524 3588 709 3749
2507 3580 2693 3935
1451 3572 2072 3757
870 3515 1516 3677
483 3515 741 3765
2056 3491 2338 3773
1782 3475 2080 3636
572 3475 1290 3854
2782 3443 3024 3693
2677 3362 2878 3701
1024 3362 1306 3636
1427 3346 1661 3588
1048 3330 1411 3604
790 3298 1056 3564
1999 3265 2209 3491
2806 3217 3024 3612
645 3177 959 3403
2830 3144 3024 3362
2459 3104 2685 3306
838 3104 1056 3346
2515 3088 2854 3459
564 3080 846 3499
661 3072 1016 3290
2806 3056 3024 3249
443 3007 653 3257
0 2991 814 3806
0 2951 322 3153
1112 2903 1709 3112
2354 2878 2782 3177
2790 2870 3024 3088
935 2838 2741 3911
564 2774 1217 3112
1693 2749 2088 2943
1322 2749 1725 2919
2564 2701 2733 2991
2096 2644 2257 2806
2661 2636 3024 2911
2427 2604 2620 2862
2048 2588 2507 2943
1362 2588 1911 2790
903 2588 1274 2830
701 2580 959 2806
274 2572 741 2854
0 2564 669 3056
2782 2515 3024 2677
1701 2515 2161 2822
451 2507 685 2693
233 2499 475 2725
685 2451 943 2653
556 2427 774 2620
1516 2419 1830 2612
1016 2411 1306 2628
1693 2395 2088 2709
790 2395 1161 2620
40 2395 443 2588
2274 2386 2620 2653
2749 2362 2919 2556
2532 2354 2798 2677
2080 2354 2403 2612
1943 2338 2209 2564
451 2322 782 2532
1451 2282 1645 2604
2822 2274 3024 2580
0 2274 225 2580
1540 2265 1749 2467
878 2249 1120 2419
290 2249 596 2524
1032 2225 1362 2459
2048 2217 2427 2419
1266 2217 1516 2491
1677 2209 1862 2435
1798 2177 1991 2346
2862 2153 3024 2386
2354 2145 2636 2459
1532 2145 1709 2386
2515 2112 2919 2419
693 2112 1064 2499
2322 2080 2483 2241
0 2064 282 2427
2765 2016 3024 2314
1999 1999 2403 2338
2580 1975 2927 2386
2564 1975 2749 2136
193 1975 516 2282
1354 1927 1628 2120
1080 1903 1604 2370
2386 1895 2685 2193
2096 1886 2314 2120
1588 1878 2120 2249
2741 1870 3024 2161
1999 1870 2241 2136
1548 1830 1878 2032
0 1830 362 2120
1241 1806 1451 1983
241 1806 870 2217
1661 1798 1830 1975
1330 1774 1677 2007
2765 1757 3024 1999
2249 1757 2507 2016
967 1749 1419 1959
580 1749 1209 2330
1975 1741 2241 1959
483 1741 790 1903
2096 1709 2346 1886
137 1693 322 1895
919 1685 1225 1870
0 1685 249 2016
2314 1677 2475 1838
2556 1669 2814 2048
628 1669 895 1911
2862 1653 3024 1838
249 1636 580 1854
814 1628 975 1983
2661 1556 2886 1838
2403 1556 2709 1911
1741 1548 2185 1854
1451 1548 1814 1838
491 1540 814 1830
1128 1532 1435 1790
2136 1524 2346 1741
298 1524 612 1709
1419 1475 1741 1766
2467 1451 2701 1636
379 1451 588 1645
2306 1443 2556 1741
532 1443 838 1701
1314 1435 1645 1677
2749 1411 3024 1653
1911 1330 2274 1645
2290 1322 2499 1507
129 1322 419 1725
1580 1249 1766 1435
1701 1241 1967 1572
766 1233 1596 1685
475 1233 878 1588
1919 1225 2136 1499
225 1153 387 1330
1693 1096 1999 1314
2580 1080 2919 1451
1169 1040 1499 1314
2185 1032 2644 1467
975 1032 1185 1257
2774 1024 3024 1572
798 1024 1008 1499
2040 1016 2298 1395
0 1016 193 1395
145 983 346 1274
564 951 887 1330
1387 935 1685 1298
1580 919 1838 1274
887 911 1201 1298
209 854 862 1564
1266 822 1951 1709
1266 798 1556 999
911 790 1435 1459
1709 782 2088 1233
2225 749 2580 1185
0 733 330 1112
653 709 975 1024
241 685 798 1257
604 596 878 814
2515 564 3024 1217
1507 459 2427 1217
80 459 564 854
806 435 1524 975
177 411 451 661
1443 387 1725 766
443 370 685 741
685 362 967 669
1048 185 1241 346
2282 48 2443 282
1032 32 1443 435
919 0 3024 927
0 0 1443 685
951 3523 2088 3870
0 0 3024 1983
0 2903 653 3257
0 2903 556 3153
2774 3128 3024 3693
0 1249 3024 4032
0 1540 2741 4032
0 1540 2620 3112
2145 1249 3024 4032
0 2838 2741 4032
508 2580 959 2846
2145 1314 3024 4032
2185 1322 2556 1741
983 2814 2104 3112
983 2846 2104 3112
0 0 1556 1830
1314 2628 1628 2790
1112 2886 2104 3112
0 2983 1806 4032
0 2991 1806 4032
0 0 1556 1806
766 0 3024 1983
1112 2903 1774 3112
2249 1314 3024 3459
564 2838 2741 4032
2249 1314 3024 3249
322 1435 588 1645
2249 1314 3024 3201
2765 2016 3024 2386
564 2838 2741 3911
991 3249 1306 3636
1669 2644 2257 2943
2806 3217 3024 3677
1693 2644 2257 2943
0 1540 2120 2693
532 806 1201 1701
685 806 1201 1524
2249 1451 3024 3201
766 387 3024 1983
766 919 2395 1983
878 2088 1330 2419
2145 3362 3024 4032
685 806 1008 1524
1564 3451 2338 3830
1564 3451 2080 3636
1878 2644 2257 2886
2249 1556 3024 3201
1451 2080 1927 2604
798 806 1008 1499
0 1540 2120 2620
1330 1709 1878 2120
0 1870 2620 3112
0 2274 1217 3112
233 2322 943 2854
233 2322 782 2854
233 2322 782 2725
0 1685 322 2016
2136 1516 2395 1741
2354 2701 2782 3177
2395 3362 3024 4032
2048 3491 2338 3830
766 919 2346 1983
1451 2080 1862 2604
903 1870 2620 2943
1693 1870 2241 2564
1693 2096 2209 2564
951 3652 1830 3854
72 596 975 1806
1693 2096 2112 2427
1693 2096 2112 2403
1798 2177 2112 2403
2306 1999 2483 2241
104 983 346 1459
2395 3580 3024 4032
249 1540 895 1911
0 0 1556 1459
766 919 2346 1975
1387 919 1999 1572
564 3072 1661 3677
2314 1556 3024 3201
2314 2145 2636 2515
249 1540 814 1854
1443 387 3024 1572
903 1886 2620 2943
2386 1556 3024 3201
0 3620 1806 4032
0 2274 443 2588
1387 935 1999 1572
1580 1096 1999 1572
1693 1096 1999 1572
72 596 878 1806
282 2427 774 2693
766 1233 2346 1975
2386 1669 3024 3201
2556 1669 2814 2136
564 3080 1661 3677
2395 3628 3024 4032
0 362 1556 1459
2749 2274 3024 2580
129 596 878 1725
564 3080 959 3499
0 2991 1290 3854
766 1233 2346 1886
0 1749 2120 2620
2386 1870 3024 3201
2604 2515 3024 3201
2604 2515 3024 3104
870 3330 1661 3677
870 3346 1661 3677
2403 1556 2886 1911
2386 1870 3024 2677
2386 1895 2927 2677
1661 1798 2104 1975
693 2112 1362 2620
911 790 1556 1459
2040 1016 2919 1467
129 685 862 1725
0 1749 2120 2524
1451 1548 2346 1886
1241 1886 2620 2943
766 1233 1741 1870
1241 2265 2161 2919
1241 2395 2161 2919
1999 1886 2620 2943
580 1749 2120 2491
0 362 1524 1112
1443 387 2580 1233
2661 2515 3024 2911
2386 1895 2919 2677
1507 459 2580 1233
129 854 862 1725
1322 2395 2161 2919
1322 2515 2161 2919
0 2564 1217 3112
1999 1999 2620 2943
1516 2265 1830 2612
1999 1999 2427 2612
443 362 1524 975
564 709 975 1330
2048 2386 2620 2943
1322 2588 1911 2919
0 1806 870 2524
0 3620 1072 4032
580 1749 2120 2370
443 362 967 741
1507 459 2427 1233
0 411 564 1112
1999 1999 2427 2419
693 2112 1161 2620
0 1806 870 2427
766 1233 1596 1790
2515 564 3024 1572
2386 1895 2919 2419
0 1830 516 2427
0 1975 516 2427
0 459 564 1112
1185 258 1524 693
2741 1298 2951 1499
2072 3709 2507 4032
2096 3806 2507 4032
2153 3814 2507 4032
0 2903 1185 3282
0 2903 701 3257
0 2903 572 3193
427 1403 709 1653
2765 2016 3024 2362
2330 2878 2854 3459
1346 2177 1709 2604
919 0 3024 1201
1314 1104 1645 1451
0 2846 2878 4032
1411 2870 2088 3112
314 2983 540 3193
411 2846 2878 4032
806 362 991 564
2225 2145 2636 2451
0 1572 330 1862
411 2870 2878 4032
1443 2177 1709 2604
2588 2701 2765 2975
0 0 1774 3104
1217 524 3024 4032
564 2870 2878 3935
733 2870 2878 3935
411 3451 2225 4032
516 3451 2225 4032
548 3451 2225 4032
1411 3451 2225 3878
1411 3483 2225 3878
1411 3548 2088 3878
0 1572 306 1862
2233 1822 2620 2120
548 3652 1927 4032
548 3652 1822 4032
0 0 1741 3104
2016 1137 2774 1741
2016 1137 2644 1741
2016 1137 2628 1741
2016 1137 2628 1628
0 0 1524 1080
0 693 1741 3104
282 395 806 806
0 2395 790 2991
40 2395 604 2653
2016 1137 2411 1540
1217 524 3024 2386
2265 2145 2636 2451
1338 524 3024 2386
2306 1370 3024 2386
1322 1540 3024 4032
1322 1540 3024 3677
491 2677 1685 3104
491 2782 1685 3104
2733 1870 3024 2161
2306 1451 3024 2386
2306 1451 2943 2386
2306 1451 2830 2386
2306 1556 2830 2386
0 693 1741 2935
2790 3080 3024 3669
2386 1556 2830 2386
1322 1540 3024 3233
1338 524 3024 1572
0 693 887 1774
0 693 330 1459
0 798 1741 2935
40 717 887 1774
1419 1032 2136 1572
1588 1096 2136 1572
1322 1540 3024 3032
1217 790 2395 1741
1338 524 3024 1427
1548 524 3024 1427
2556 2765 3024 3233
491 2782 1282 3104
201 717 887 1564
1443 1088 2395 1741
1443 1088 1951 1709
2741 1370 3024 1653
709 2411 1741 2935
1338 790 1693 1282
2403 1556 2830 2386
0 798 1741 2765
1516 2120 3024 3032
1322 1540 2548 2435
2274 2112 2854 2669
2274 2112 2661 2653
709 2572 1741 2935
0 1701 1604 2765
709 2572 1677 2830
1516 2217 3024 3032
1516 2322 3024 3032
298 798 1741 1903
1516 2322 2661 3032
1507 3822 2104 4032
2411 3741 2636 3935
516 3709 733 3870
943 3669 1403 3870
1693 3628 2088 3878
2483 3604 3024 4032
508 3580 701 3757
1411 3548 2048 3757
411 3548 814 3765
1943 3483 2225 3782
2669 3459 2878 3685
1459 3451 1846 3636
1306 3394 1532 3604
1024 3330 1241 3580
2790 3185 3024 3669
2556 3120 2854 3459
564 3120 1516 3669
661 3080 1024 3346
2741 3072 2943 3233
564 3024 1185 3282
443 3007 701 3257
0 2991 1233 4032
2467 2975 2943 3677
1137 2911 1685 3096
0 2903 572 3080
2330 2878 2636 3233
733 2870 2782 3935
2556 2765 3024 3128
830 2741 1741 2935
2862 2661 3024 2870
1024 2596 1677 2806
1443 2588 1943 2790
709 2572 1322 2830
0 2564 790 2991
2556 2515 3024 2911
1266 2467 1620 2628
1516 2411 1830 2612
40 2395 443 2653
2274 2346 2661 2653
1653 2322 2661 3032
1443 2298 1645 2580
2265 2290 2564 2451
2765 2249 3024 2580
2596 2217 2854 2669
2048 2217 2443 2475
1451 2177 1709 2604
2451 2145 2636 2435
362 2145 741 2322
1798 2120 1991 2346
1516 1991 1685 2249
2532 1975 2830 2386
2822 1959 3024 2161
2386 1951 2685 2185
2403 1822 2620 1991
1330 1774 1499 2007
2806 1725 3024 1991
0 1709 935 2580
185 1701 1604 2765
0 1685 306 1862
2306 1677 2475 1846
701 1645 999 1935
225 1636 548 1806
1548 1628 2548 2435
1749 1572 2185 1854
2685 1556 2943 1838
2403 1556 2749 2032
1322 1540 1806 2120
2741 1467 3024 1653
2499 1451 2782 1814
919 1435 1741 1903
379 1411 612 1645
40 1411 427 1774
540 1403 709 1588
1911 1387 2395 1741
2330 1378 2628 1628
2782 1370 3024 1572
2016 1322 2386 1540
1088 1274 1282 1499
580 1233 878 1483
991 1225 1233 1516
1919 1209 2136 1499
1782 1209 2007 1387
2112 1137 2411 1395
1435 1104 1645 1451
1588 1096 1967 1572
1443 1088 1886 1620
177 1088 403 1435
911 1064 1161 1306
1419 1032 1669 1330
2701 1024 3024 1427
1387 943 1693 1282
145 838 483 1274
145 830 370 1193
298 798 1596 1830
1338 790 1556 975
1217 790 1475 1104
0 693 330 1395
1548 524 2927 1419
604 516 1346 1080
282 435 693 806
1290 314 1524 693
1185 258 1427 467
919 0 3024 975
0 0 1524 846
943 3548 2088 3878
2330 2878 2636 3282
0 0 3024 2161
0 1435 3024 4032
1185 258 1540 774
1290 314 1540 774
443 3007 1185 3282
0 1435 3024 3233
0 2790 3024 4032
2048 2790 2362 2999
0 0 1604 1935
0 2870 3024 4032
0 0 1596 1935
919 0 3024 2161
1943 3483 2225 4032
2540 1137 2951 1580
2540 1137 2878 1580
1443 1991 1693 2580
2540 1137 2774 1580
0 830 370 1766
919 1435 3024 3233
104 830 370 1459
0 1636 1943 3104
0 1701 1943 3104
1919 1137 2628 1846
1919 1137 2628 1741
1919 1137 2507 1499
564 2870 3024 4032
2153 2975 3024 4032
0 1636 548 1862
564 2870 2782 3935
2709 1749 3024 2362
2709 1749 2886 2064
1217 524 3024 2161
0 0 1596 1830
2306 1378 2628 1741
943 3669 1491 3870
0 2991 2104 4032
1217 709 1951 1709
709 2411 1943 3096
1443 2088 1693 2580
2411 2975 3024 4032
1217 790 1951 1709
1338 524 3024 2161
1338 524 3024 1967
2467 1241 3024 2161
2499 1298 3024 2161
2499 1370 3024 2161
2499 1370 3024 2080
2499 1370 3024 1991
516 3652 2104 4032
564 3080 1532 3669
564 3120 1532 3669
1919 1137 2411 1499
1338 790 2395 1967
0 1701 1604 3104
193 2145 741 2322
1516 2120 3024 3233
1733 2120 2096 2475
1798 2120 2096 2419
1798 2120 2096 2395
40 838 878 1774
145 838 483 1435
2499 1451 3024 1991
2499 1451 2943 1838
516 3652 1822 4032
2411 3459 3024 4032
1516 2217 3024 3233
919 1435 3024 2669
1387 943 2395 1967
40 1233 878 1774
1588 1096 2395 1967
0 2395 1282 3104
0 0 1524 1395
2701 798 3024 1427
379 1233 878 1645
2386 1556 3024 2669
201 435 1596 1830
2467 2975 3024 3677
1749 1387 2395 1967
1749 1572 2185 1967
1217 790 1886 1620
830 2411 1943 3096
1137 2903 1774 3096
2411 3604 3024 4032
2386 1556 3024 2580
201 435 1346 1564
830 2411 1943 2935
919 1435 2548 2435
2386 1951 3024 2580
1653 2322 3024 3032
2386 1951 2830 2386
282 435 1346 1080
1016 2411 1677 2806
0 2564 1282 3104
830 2588 1943 2935
919 1435 1806 2120
0 1016 266 1838
1459 225 1983 653
1685 3386 2403 4032
1685 3386 2225 4032
1685 3386 2080 3822
2209 3104 2685 3685
1846 3177 2104 3354
2580 411 3024 749
0 1016 266 1669
2838 1435 3024 1693
169 838 483 1209
169 887 387 1209
604 604 887 806
1540 693 1806 919
0 2709 2540 3749
411 3273 1072 3749
596 3475 1072 3749
2580 524 2927 749
2386 3104 2685 3685
2145 3733 2403 4032
1822 798 2096 1201
0 2709 2540 3556
0 2846 2540 3556
1822 798 2096 1153
1104 249 1524 943
411 3273 927 3540
717 3540 1072 3717
0 2903 395 3282
596 798 1314 1193
951 798 1314 1193
999 798 1314 1193
2185 1217 2443 1524
782 3548 1072 3717
628 1709 887 1903
153 2846 2540 3556
822 3677 1491 3854
2362 1008 2806 1661
2362 1032 2806 1661
2459 1169 2806 1661
2467 1241 2806 1661
2475 1241 2806 1661
282 2846 2540 3556
1306 2072 1612 2314
290 88 516 661
2483 1290 2806 1661
1838 1427 2225 1749
1241 354 1524 943
2241 0 3024 346
282 2846 2540 3411
0 3048 3024 4032
0 3153 3024 4032
0 0 3024 3249
217 0 911 306
314 0 911 306
427 0 911 306
290 258 508 661
1967 274 2725 943
1967 274 2572 943
741 2709 1580 3064
145 1056 749 1620
0 2903 395 3193
2338 0 3024 346
2338 0 2999 346
2338 0 2999 249
2701 0 2999 249
1886 749 2225 1403
903 1137 1169 1459
0 2096 225 2306
524 2846 2540 3411
2032 274 2467 637
145 1072 749 1620
749 177 1387 878
814 177 1387 661
814 217 1387 661
427 0 814 306
1403 0 1669 177
2604 3443 3024 3870
1838 1548 2225 1749
2088 3290 3024 4032
919 0 1798 419
0 0 419 774
0 0 419 645
0 0 419 572
0 96 298 572
0 290 298 572
685 2846 2540 3394
451 1653 943 2112
451 1653 935 1903
2572 3048 3024 3677
0 3153 2153 4032
685 2846 2411 3394
685 2951 2411 3394
685 2999 2096 3394
685 3040 1588 3394
685 3048 1177 3370
1895 798 2096 1153
2620 991 3024 1548
2620 1040 3024 1548
2701 1040 3024 1548
1886 1016 2177 1403
1145 991 1814 1604
919 0 1612 419
919 0 1362 169
2088 3362 3024 4032
1145 991 1806 1604
145 1072 564 1620
145 1072 548 1620
145 1072 548 1499
2338 0 2790 241
1967 548 2572 943
1145 991 1564 1395
1145 991 1475 1298
1282 637 1524 943
0 3153 2080 4032
1306 3153 1717 3532
0 3161 2080 4032
2765 1040 3024 1548
2765 1145 3024 1548
1661 2669 2354 3015
935 2080 1717 2677
935 2411 1669 2677
2088 3386 3024 4032
2249 3475 3024 4032
1572 0 3024 1048
1572 0 3024 669
1572 0 3024 572
1572 0 3024 499
2072 0 3024 499
2072 0 2628 451
2072 0 2628 370
2072 0 2628 330
1572 451 2169 1048
0 3161 1233 4032
2080 2128 2386 2306
2693 3048 3024 3677
0 3338 1233 4032
0 1241 895 1967
2693 3048 3024 3580
0 3435 1233 4032
0 3620 1233 4032
0 3644 1233 4032
169 3644 1233 4032
403 3644 1233 4032
0 1241 830 1967
48 1241 830 1846
2556 1628 3024 2757
2604 1628 3024 2757
2741 1628 3024 2677
2757 1870 3024 2677
2088 645 3024 1838
2145 645 3024 1838
2145 645 3024 1766
2145 645 3024 1451
2145 645 3024 1314
2145 645 3024 1266
0 2362 354 2967
0 2459 354 2967
1757 2411 2080 2709
129 3338 379 3588
1298 1564 1580 1943
1298 1564 1532 1814
967 3628 2080 4032
1403 3628 2080 4032
2572 104 3024 499
2572 104 2854 499
403 3790 1233 4032
604 3790 1233 4032
975 3201 2048 3798
1128 3201 2048 3798
1314 3201 2048 3749
2757 1870 3024 2588
2765 1870 3024 2346
741 2709 1499 2959
814 338 1387 661
516 2209 1056 2499
516 2233 1008 2499
685 3064 1024 3370
48 1241 379 1846
2378 3475 3024 4032
2419 3475 3024 4032
2491 3548 3024 4032
451 0 2419 1991
451 0 1064 911
451 193 943 911
491 362 935 911
540 362 935 709
