0 0 3024 4032
1830 0 2548 1387
0 1016 717 2048
0 1016 717 2024
2185 0 2919 1177
2717 314 3024 943
2717 427 3024 943
491 1645 717 1951
258 1104 628 1338
258 1104 556 1322
1991 0 2757 1225
1991 0 2757 1201
2193 1104 2701 1451
0 1878 3024 4032
0 1886 3024 4032
1709 0 2362 1225
2556 2451 3024 2983
0 0 3024 3838
1209 0 1451 1677
1233 2096 1596 2604
604 0 1580 2072
878 1612 1580 2072
2314 0 3024 1032
2322 1104 2701 1451
2572 2136 2741 2330
0 0 814 1814
1298 0 1862 1588
0 0 782 1814
2354 0 3024 935
362 0 943 1838
604 0 1225 1846
0 717 3024 3838
1298 717 3024 2330
0 1314 1443 3838
0 0 782 1709
637 3749 1128 3943
2725 314 3024 766
1991 153 2636 1201
1991 153 2636 1169
2475 0 3024 830
1475 717 3024 2330
1475 1298 2330 2330
1475 1298 2330 2225
0 1677 1443 3838
548 1693 878 2169
548 1757 878 2169
0 1314 451 2024
604 0 1225 1774
604 0 1032 645
1790 717 3024 2145
1838 717 3024 2145
0 1467 451 2024
1298 1427 1516 1830
1322 1080 1524 1499
1338 1080 1524 1362
1854 717 3024 2145
1927 717 3024 2145
1927 1120 3024 2145
709 0 1225 1774
2225 717 3024 1564
2007 919 2241 1201
233 604 782 1709
1991 258 2507 1169
2499 2693 2894 3330
733 620 1217 1774
1628 1137 1903 1491
1628 1201 1903 1491
1298 637 1685 1588
0 1677 1354 3838
677 1903 1354 2677
2370 1266 3024 2145
419 2249 878 2765
0 1677 951 3838
387 2298 1975 3556
2419 717 3024 1564
2499 3491 2814 4032
1709 88 2233 1225
1709 88 2193 1225
1395 0 1862 782
2475 48 3024 830
1927 1120 2580 1975
1854 1209 2153 1467
709 0 1225 822
733 201 1217 822
0 725 370 1411
2717 3419 3024 4032
1927 1120 2507 1975
2016 1120 2507 1975
2096 1120 2507 1975
0 1467 379 1854
0 1782 951 3838
8 1782 338 2120
2419 774 3024 1564
2201 1378 2507 1975
2209 1378 2507 1814
733 209 1217 822
2419 774 3024 1217
2419 774 3024 1185
0 1975 951 3838
0 1975 741 3177
0 1975 596 3177
314 2145 596 2451
1233 2096 1588 2524
2467 1266 2911 1628
2669 774 3024 1169
233 604 709 1645
233 870 709 1645
2790 2886 3024 3193
0 0 524 911
709 0 1225 419
733 620 1217 1516
887 2145 1266 2362
2346 2894 2685 3346
1395 0 1822 782
1395 249 1774 782
733 209 1217 733
1903 1209 2153 1403
1298 806 1653 1588
1354 806 1653 1370
419 2854 951 3838
0 1975 572 3177
0 2693 435 3177
2499 2693 2894 3233
2209 1378 2507 1790
1330 1886 3024 3378
0 2951 3024 4032
2677 1177 2983 1564
1354 806 1653 1249
419 2854 790 3580
266 2975 725 3717
2499 3636 2814 4032
540 2854 895 3282
733 258 1217 733
733 258 1088 693
0 1975 572 2757
1903 88 2193 628
266 3201 532 3717
1709 556 2120 1225
709 0 999 419
0 2693 379 3177
1330 1886 2435 2991
2604 48 3024 524
0 2951 2757 4032
0 3153 338 3612
0 3153 306 3612
1757 2467 2161 2790
1790 2467 2161 2725
814 1048 1201 1774
0 3475 967 4032
0 3475 790 4032
0 3580 790 4032
403 3798 790 4032
0 3580 499 4032
419 2854 790 3451
362 3677 685 3862
975 3007 1975 3556
741 2951 2757 4032
2145 1967 3024 3378
0 0 443 653
758 2951 2757 4032
2233 2725 2620 3378
2233 2814 2620 3378
1128 2951 2757 4032
1128 3193 1645 4032
2145 1967 3024 3185
2185 1967 3024 2927
1209 3403 1645 4032
2636 3153 3024 3725
2717 3540 3024 4032
2282 1967 3024 2806
2346 1967 3024 2588
1483 2951 2757 4032
2346 1967 3024 2564
758 3330 1330 4032
814 2636 1709 3096
548 3830 790 4032
1588 3798 1782 4032
403 3798 572 4032
637 3749 999 3943
1749 3741 2024 4032
2548 3733 2814 4032
64 3709 395 4032
201 3685 499 4032
362 3677 580 3838
2217 3644 2580 4032
887 3644 1330 4032
2717 3636 3024 4032
2499 3636 2790 3927
0 3580 266 4032
2854 3540 3024 3790
1209 3523 1645 4032
669 3515 951 3838
137 3499 354 3693
2572 3491 2749 3661
459 3475 774 3773
1225 3443 1395 3644
274 3443 532 3717
2636 3419 2975 3725
1338 3403 1645 3644
0 3378 306 3612
1733 3370 1895 3556
758 3330 1282 3814
2177 3306 2354 3564
927 3257 1088 3419
1483 3249 2757 4032
153 3225 338 3483
2653 3209 2894 3435
266 3201 451 3475
1128 3193 1427 3507
596 3177 790 3451
2741 3153 3024 3548
0 3153 225 3419
741 3128 1032 3435
153 3104 354 3282
2346 3064 2515 3265
2233 3024 2499 3378
548 3015 895 3282
1507 3007 1975 3556
975 3007 1669 3499
2636 2991 2903 3314
298 2975 725 3548
2790 2959 2983 3193
2048 2951 2225 3128
1782 2951 2322 3612
1870 2911 2048 3120
1507 2903 1782 3153
2459 2894 2685 3346
2854 2886 3024 3185
2145 2886 2378 3185
1645 2862 1886 3088
419 2854 645 3265
0 2846 209 3217
2588 2822 2894 3233
2346 2814 2620 3088
1112 2806 1370 3120
814 2782 1298 3096
88 2765 379 3177
2282 2725 2532 2967
1741 2717 2209 3024
2604 2701 2765 2862
225 2693 435 2999
0 2693 258 2975
1943 2669 2128 2854
1193 2636 1709 3080
1507 2604 1854 2927
2185 2572 2475 2927
169 2564 395 2757
1959 2556 2161 2725
2830 2540 3024 2814
483 2532 878 2765
1790 2467 2024 2709
2822 2386 3024 2588
1177 2346 1338 2556
0 2330 572 2757
2282 2298 2677 2806
387 2298 1411 3177
1257 2282 1596 2604
314 2257 491 2427
1362 2249 1588 2524
419 2249 758 2604
2596 2241 2894 2564
2741 2209 3024 2427
2161 2177 2362 2346
887 2161 1177 2362
1096 2145 1266 2362
419 2145 596 2451
2225 2136 2572 2403
677 2128 1137 2677
572 2112 741 2282
1233 2096 1483 2395
1354 2048 1628 2378
483 2007 677 2177
1161 1975 1443 2185
0 1975 540 2443
2346 1967 3024 2322
0 1967 209 2225
846 1935 1096 2112
701 1903 1354 2298
1330 1886 2435 2927
548 1870 790 2169
8 1862 290 2120
2201 1790 2403 1975
491 1782 717 1951
72 1782 338 1967
225 1774 451 2024
653 1757 878 1967
2282 1725 2580 1935
943 1685 1137 1846
0 1677 274 1878
878 1669 1354 2072
2290 1645 2507 1814
193 1645 379 1854
411 1628 612 1814
1112 1612 1580 2024
2209 1588 2403 1790
1016 1499 1282 1741
0 1467 306 1733
2370 1443 3024 2145
395 1443 782 1709
1306 1427 1516 1653
2274 1378 2507 1733
2604 1362 2911 1628
878 1362 1185 1774
201 1354 508 1862
1524 1330 2330 2225
1628 1330 1822 1491
1298 1306 1540 1588
2790 1298 2983 1564
1475 1298 1661 1870
2467 1266 2790 1524
2016 1266 2185 1483
258 1185 516 1435
2677 1177 2886 1354
2475 1145 2636 1338
1669 1137 1886 1306
266 1128 459 1322
104 1128 306 1411
2475 1120 2701 1322
2096 1120 2459 1443
451 1112 628 1338
2322 1104 2532 1451
258 1104 556 1290
233 1056 709 1645
2677 1048 2886 1217
814 1048 1201 1507
2862 1016 3024 1459
0 1016 596 2024
2419 943 2830 1185
2007 943 2177 1201
1709 943 1935 1225
2830 887 3024 1169
370 870 645 1104
2225 846 2548 1145
2556 838 2774 1032
798 838 1128 1169
1830 806 2120 1387
1354 806 1604 1249
2669 774 3024 1072
0 725 370 1241
2354 717 2556 935
1991 693 2330 1169
1387 669 1588 967
1524 637 1685 895
338 604 604 1024
2862 588 3024 846
0 588 330 854
1782 556 2120 1112
2241 516 2475 790
258 508 524 911
2725 499 2967 766
733 491 919 693
2475 483 2757 830
1395 475 1709 782
2604 346 2838 524
1903 346 2193 628
0 330 443 653
2830 314 3024 572
2040 274 2233 475
959 274 1217 733
2217 258 2507 709
870 258 1088 628
1411 249 1774 661
661 233 1032 645
1032 177 1225 822
814 177 975 419
314 177 483 548
2443 153 2636 395
2524 88 3024 951
2306 88 2515 516
1975 88 2136 411
2725 48 3024 387
2274 32 2903 1064
2257 0 2919 1040
2298 0 2765 830
2491 0 2757 330
1967 0 2548 1193
2072 0 2362 338
1548 0 2080 1499
1669 0 1862 217
1467 0 1822 411
1451 0 1628 322
1290 0 1451 943
1209 0 1370 1677
951 0 1225 241
709 0 999 274
403 0 943 1838
362 0 588 758
104 0 370 540
1830 32 2903 1387
0 0 3024 2451
0 1362 3024 4032
1161 1895 1572 2185
266 1112 628 1338
903 0 3024 1975
411 1628 677 1814
1830 806 2314 1387
1830 806 2241 1387
201 1774 483 2096
1330 1362 3024 3548
266 0 588 758
903 0 1524 1741
201 1774 451 2096
903 0 1370 1741
1290 0 3024 1975
1903 88 3024 1975
903 0 1370 1677
903 96 1225 822
0 1854 209 2225
2225 88 3024 1145
0 0 2330 2451
1903 314 3024 1975
0 2048 3024 4032
0 1137 2330 2451
733 2636 3024 4032
758 2636 3024 4032
1290 0 3024 1870
2257 0 3024 1040
0 0 1225 2024
1290 0 2757 1870
1548 0 2757 1499
1790 1419 1951 1645
0 1330 2330 2451
1903 774 3024 1975
0 2048 1645 4032
1290 0 1862 1870
1298 1588 1516 1830
1709 0 2757 1225
2161 2112 2427 2346
1516 1943 1790 2330
403 0 1225 1846
0 2564 395 2975
0 0 878 2024
2556 314 3024 1032
2556 499 2967 1032
298 870 645 1104
491 1588 878 1967
491 1588 838 1951
2556 717 2774 1032
1903 774 3024 1935
1298 0 1862 1870
2499 2693 2765 2894
2499 2693 2717 2894
612 1588 838 1814
0 0 782 2024
2096 774 3024 1935
1177 2249 1596 2604
2032 3765 2411 4032
1257 2249 1596 2604
2096 774 3024 1814
1967 0 2757 1193
0 2693 1032 4032
661 0 1225 1846
1330 1886 2572 3153
1757 2467 2128 2854
2161 2507 2475 2991
104 1056 782 1709
104 1104 556 1411
0 1467 596 2451
2209 1588 2507 1814
548 1330 2330 2298
1854 1346 2056 1564
0 1467 540 2443
1790 2467 2128 2854
48 3225 338 3483
758 3249 3024 4032
1588 3741 2024 4032
1354 0 1862 1870
233 1056 782 1709
1782 88 2193 1112
1427 1145 1661 1870
661 3314 951 3838
0 2048 1645 3177
1233 2048 1645 2395
1233 2048 1628 2395
0 1467 379 1967
0 1467 379 1878
661 0 1225 1516
362 3677 685 4032
1330 1886 2435 3153
1298 1306 1540 1653
1790 2467 2024 2798
1354 0 1862 1249
1387 0 1862 967
1411 0 1862 661
2096 774 3024 1733
225 2693 1032 3451
548 1669 1354 2298
2185 2507 2475 2927
878 1362 1185 1846
0 1862 540 2443
2096 1104 2983 1733
548 1870 790 2282
1733 3306 1991 3556
0 2765 999 4032
548 3749 999 4032
0 2765 774 4032
266 3201 499 3491
1507 2604 1886 3153
1507 2604 1886 3088
2282 1362 3024 3548
2741 2209 3024 2814
0 2128 1411 3177
661 0 1217 1516
661 0 1088 693
2556 2886 3024 3548
2556 2991 3024 3548
2556 2991 2903 3330
0 1645 379 1878
814 2636 2685 3612
2274 1266 2983 1733
2467 1266 2983 1564
2145 2725 2685 3378
540 2854 1032 3435
2653 3153 3024 3548
2822 2386 3024 2814
2145 2814 2685 3378
2282 1362 3024 3233
2370 1362 3024 2145
733 274 1217 1516
225 2693 790 3451
661 0 1032 645
0 0 604 1241
2096 1104 2532 1451
814 2636 2322 3612
814 2636 1709 3120
1411 0 1822 661
0 2765 499 4032
0 330 604 1241
1112 1330 2330 2225
0 2765 395 4032
0 2765 379 3217
975 2717 2322 3612
2282 1967 3024 3233
2233 2814 2685 3378
758 3330 1645 4032
1782 346 2193 1112
2556 2241 3024 3233
2556 2451 3024 3233
0 3104 395 4032
0 3153 395 4032
298 2975 774 3773
0 2249 758 2757
387 2128 1411 3177
0 330 524 1241
0 330 524 911
661 177 1032 645
798 838 1201 1507
975 2951 2322 3612
701 1669 1354 2298
1483 3249 3024 4032
2217 3419 3024 4032
2217 3419 2975 4032
2217 3636 2790 4032
0 3580 395 4032
1209 0 1451 1685
2136 0 2943 1217
1878 0 2556 1346
362 0 951 1903
1507 0 2080 1572
1507 0 2064 1572
1878 0 2540 1346
2524 80 3024 951
2524 96 3024 951
2136 0 2903 1217
0 999 717 2048
0 999 669 2048
0 999 604 2048
1878 0 2386 1241
387 1636 669 1935
2136 0 2765 1217
0 1072 3024 4032
0 1290 604 2048
0 1290 604 2024
0 0 1854 2556
0 0 1274 2507
2524 80 3024 846
2524 362 2846 846
1628 0 3024 1975
604 0 1854 2556
0 0 1088 2507
604 0 1701 2556
870 1209 1701 2556
0 1903 3024 4032
604 0 1233 1709
604 0 1233 1636
604 0 1225 1636
0 2620 330 2959
1709 0 2362 1298
1628 427 3024 1975
604 0 1225 1516
604 0 1217 1516
1096 1072 3024 2903
2725 314 3024 749
870 1290 1701 2556
2185 0 2749 790
0 1596 1088 2507
0 1733 1088 2507
0 1733 878 2507
0 0 806 1717
2378 427 2717 935
0 0 774 1709
258 1088 774 1709
2403 1008 2983 1548
870 1290 1701 2548
2403 1008 2975 1354
0 1991 604 2507
2669 1193 2983 1548
870 1290 1693 2548
1298 1612 1516 1774
2636 0 3024 508
2636 48 2975 508
0 1903 1733 4032
959 209 1217 814
1628 774 3024 1975
1628 1169 2153 1540
0 3153 758 4032
2475 1008 2975 1354
951 2209 3024 4032
0 0 628 1378
2072 774 3024 1975
709 0 1233 338
1306 1290 1661 1878
1306 1483 1661 1878
2185 258 2556 790
0 0 249 653
2072 1104 2507 1975
0 1314 435 2104
2572 2064 2757 2362
870 1814 1693 2548
951 2870 2604 4032
0 3153 653 4032
1766 2209 3024 4032
1628 1185 2096 1540
951 2919 2330 4032
1362 0 1854 1330
1378 1072 3024 2903
951 2983 2330 4032
1128 2983 2330 4032
0 32 249 653
2201 1387 2507 1975
0 3483 653 4032
0 3628 653 4032
2145 2209 3024 4032
1128 2983 2024 4032
1766 2467 2386 3120
1911 3765 2330 4032
370 3741 653 4032
0 3628 499 4032
1209 3620 1645 4032
749 3564 943 3773
1387 3499 2024 4032
1225 3483 1387 3652
0 3483 354 3894
2572 3467 2757 3661
225 3330 451 3523
1717 3306 1975 3556
72 3185 499 3491
0 3153 314 3580
758 3144 1282 3919
2177 3136 2515 3596
1459 3128 1701 3394
951 3128 1193 3314
508 3096 693 3330
2499 2991 3024 4032
1128 2983 1669 3652
1507 2919 1766 3096
1556 2870 2604 4032
80 2774 258 2935
2153 2725 2386 2959
0 2644 1330 4032
0 2644 249 2959
1766 2467 2209 3120
2201 2362 2362 2677
1274 2249 1596 2596
1249 2241 1612 2733
2145 2209 3024 3572
419 2145 604 2451
870 2120 1257 2548
2274 2112 2524 2298
2572 2064 2757 2274
1096 2048 1653 2386
0 1991 540 2507
0 1975 209 2241
0 1959 387 2120
0 1903 1733 3419
846 1895 1088 2185
379 1822 604 2024
1056 1814 1693 2185
258 1806 532 2048
499 1733 878 2217
1193 1709 1524 1975
1459 1677 1661 1878
1112 1645 1306 1822
878 1645 1274 2153
483 1645 669 1935
387 1636 612 1806
0 1636 435 2104
2201 1604 2507 1975
580 1596 838 1830
1217 1588 1451 1838
991 1516 1233 1741
1306 1483 1556 1725
2282 1387 2507 1757
1378 1362 2435 2903
0 1314 258 1701
2669 1298 2983 1548
1628 1298 1895 1540
1370 1290 1540 1540
0 1290 403 1838
2693 1193 2854 1354
1854 1185 2096 1540
1943 1169 2153 1330
1645 1161 1846 1403
266 1128 459 1330
2475 1112 2685 1322
2072 1104 2451 1443
862 1096 1201 1636
274 1096 588 1314
258 1088 774 1701
2274 1072 3024 2346
0 1032 516 1951
2669 1008 2975 1354
370 1008 645 1322
0 999 516 1862
1959 919 2241 1249
2249 895 2532 1120
2548 838 2757 1032
2419 774 3024 1193
2136 774 2338 1217
2604 717 2774 919
2378 717 2572 935
2145 709 2322 943
1983 709 2217 1185
2717 653 2951 943
2862 645 3024 927
1362 637 1685 1330
2209 612 2427 1008
2822 588 3024 846
749 580 1217 1516
2725 499 2967 749
290 483 451 645
2757 427 3024 766
2411 427 2717 854
2185 395 2524 790
0 395 628 1378
2612 362 2846 701
2636 346 2814 508
959 330 1217 814
0 330 249 653
2265 258 2556 637
2524 241 3024 951
1056 177 1225 822
2822 96 3024 379
2806 80 3024 379
2548 64 2709 354
2669 48 2975 427
2290 32 2903 1024
0 32 177 387
2274 0 2943 1040
2290 0 2765 862
2451 0 2749 322
2330 0 2556 491
1983 0 2386 951
1782 0 2080 935
1596 0 2064 1411
1403 0 1854 749
943 0 1233 282
709 0 1024 338
604 0 1088 693
104 0 475 532
1798 0 2556 1411
1048 0 3024 4032
0 0 1733 4032
2209 0 2765 1008
1193 0 3024 2903
1798 0 2540 1411
1048 2064 3024 4032
1507 0 2064 1499
0 1314 1733 4032
0 0 1516 2024
2612 80 3024 701
1177 2241 1612 2733
1943 0 2943 1370
0 0 1491 2024
991 0 1491 1838
1056 0 1491 1838
1056 0 1451 1838
1128 2064 3024 4032
1943 1169 2193 1370
2427 96 3024 1040
2427 241 3024 1040
0 1314 435 2241
0 1959 387 2241
1628 0 3024 2346
1645 0 2362 1403
0 0 1233 2024
0 1032 669 2024
0 1032 604 2024
2403 1112 2685 1338
2403 1112 2636 1338
991 1298 1233 1741
2249 0 3024 1120
0 0 1233 1903
362 0 1233 1903
2378 0 3024 935
2548 314 3024 1032
2548 499 2967 1032
0 0 838 1830
1128 2112 3024 4032
1193 0 2435 2903
0 0 774 1701
0 1645 1733 4032
0 2644 1387 4032
1306 0 1854 1580
1628 709 3024 2346
2548 717 2774 1032
2378 48 2975 935
1056 0 1451 1685
1459 3032 1701 3394
580 1556 838 1830
274 1008 645 1322
1128 2467 2604 4032
0 1645 1733 3419
1362 0 1854 1540
0 1645 1693 2548
2411 48 2975 854
1628 709 2322 1540
2072 774 3024 2346
1628 919 2241 1540
2265 0 2749 637
2145 2112 3024 4032
0 1645 1274 2507
2072 1072 3024 2346
0 330 774 1701
1193 1362 2435 2903
758 3128 1282 3919
1193 1483 1661 1975
604 0 1217 1636
2072 1104 2507 1757
749 330 1217 1636
1507 2467 2386 3120
1128 2870 2604 4032
0 0 475 532
499 1645 1274 2217
1193 1677 1661 1975
1507 2467 2209 3120
0 395 774 1701
749 580 1217 1636
0 3483 499 4032
1209 3499 2024 4032
1507 0 2072 1580
1209 0 1475 1733
919 2265 1475 2677
919 2338 1241 2653
1016 1548 1241 1919
0 1016 612 2080
2515 88 3024 967
2136 0 2927 1225
2136 475 2644 1225
2427 0 2927 596
153 1516 612 2080
1830 0 2556 1387
362 0 951 1911
0 0 3024 3225
637 878 951 1911
717 1201 951 1911
362 0 661 1008
991 2338 1241 2653
2596 1362 2790 1774
0 1588 3024 4032
1209 88 1475 1733
1620 0 2072 1120
1620 0 1975 1120
1620 298 1854 1120
0 0 878 1967
0 0 854 1830
1370 3144 1774 3507
1370 3144 1693 3499
2354 3451 2774 3725
1895 596 3024 2120
0 0 2088 3225
0 1193 2088 3225
0 1322 2088 3225
0 1330 2088 3225
1314 2338 2048 2886
1314 2338 1886 2790
1999 0 2749 1225
1999 596 3024 2120
2161 1983 2524 2298
1725 508 1895 967
1612 2056 1895 2330
475 3346 1249 4032
475 3346 1153 4032
1798 2128 2153 2330
2540 0 2927 532
1830 411 2330 1387
0 1330 1943 3225
0 1322 733 2443
2636 596 3024 1177
2330 2782 2749 3257
1999 854 2717 2120
2096 854 2717 2120
2112 854 2717 2104
2112 854 2717 1548
2749 2894 3024 4032
2749 3136 3024 4032
2636 2080 3024 2564
0 1330 1878 3225
233 1596 612 2080
1314 0 1870 1540
1056 2024 1628 2378
0 1322 540 2443
0 3024 911 4032
1274 2265 1596 2580
2757 2080 3024 2427
1314 129 1766 1540
0 1620 1790 3225
0 1620 1790 2774
0 1620 1790 2709
508 1588 3024 4032
1588 3161 2096 3443
1588 3161 1927 3443
1588 3161 1903 3419
0 1322 451 2443
1516 2153 2032 2588
2540 1588 3024 2257
508 1709 3024 4032
508 2403 1491 3580
1677 2257 2032 2588
1112 1330 1878 1878
2790 2894 3024 3185
2540 1588 3024 2145
2830 951 3024 1693
2830 951 3024 1580
2741 596 3024 1177
258 1620 1790 2580
258 1725 1427 2580
612 0 1233 1757
943 3693 1120 3919
0 0 814 1717
72 2572 838 3225
72 2693 483 3225
1516 2153 1830 2378
2112 854 2717 1451
2628 314 3024 919
951 1709 3024 4032
1749 1709 2201 2306
2080 0 2749 1024
1749 2507 2048 2886
669 2774 1249 3241
1411 129 1766 895
2112 862 2717 1451
2201 862 2717 1451
669 2862 1048 3241
951 2040 3024 4032
1596 2677 1895 3088
1806 0 1975 411
1757 1499 2088 1967
2024 2177 2427 2596
1749 3604 2282 4032
1878 3604 2282 4032
2290 2265 3024 2822
830 741 1209 1757
0 1016 338 1572
612 0 1233 1249
72 2693 427 3048
1411 129 1766 709
1749 1709 2201 2177
2459 2588 3024 3338
2540 1701 3024 2145
2499 2588 3024 3338
612 0 1233 919
2749 2588 2959 2846
951 2040 2935 4032
2233 1483 2685 2104
2024 2201 2427 2596
508 2612 1491 3580
741 2612 1491 3427
1096 2612 1370 3193
1685 0 2362 1282
508 3048 854 3580
1886 2241 2354 2798
1959 2378 2354 2798
2080 145 2628 1024
2225 145 2628 838
951 3007 2935 4032
951 3185 2935 4032
2499 2596 3024 3338
2499 2596 3024 3265
2499 2596 3024 2991
2499 2596 2894 2991
741 2999 1491 3427
782 2612 1169 2951
741 2999 1257 3427
1072 3185 2935 4032
1072 3185 1895 4032
1725 3225 2935 4032
1725 3298 2935 4032
1725 3370 2782 4032
1725 3370 2564 4032
