0 0 4208 2364
2247 1792 3038 2364
0 0 2684 2364
159 0 2684 2364
1321 0 4208 2364
0 0 1523 2364
1817 0 2356 513
1481 841 2129 1136
1531 639 2162 1077
3156 1043 3534 1540
2373 1843 3156 2364
2078 1068 2575 1523
446 0 1523 706
589 0 1523 664
2777 841 2945 1026
1742 0 2196 605
0 0 925 2364
3812 1632 4208 2129
3812 1632 4208 2019
2911 446 3349 875
2726 841 3400 1447
2524 892 2878 1136
2583 799 2970 1346
589 33 1489 664
589 33 1371 639
2011 0 4208 2364
2280 1489 2558 1700
2390 858 2768 1287
2743 841 3400 1363
2322 0 2777 218
2373 1843 3080 2364
2693 1548 3122 1809
2693 1548 3021 1792
1321 471 2247 1077
1321 471 2247 908
3400 951 3618 1388
218 925 563 1380
3770 942 4031 1161
2390 875 2659 1287
2415 1952 3374 2364
2390 1237 3038 1657
1009 0 1523 664
1077 84 1523 664
0 0 622 2070
2432 1237 2735 1481
2112 117 2406 496
2726 235 3046 530
2213 1548 2794 1935
2011 159 2954 1110
2011 345 2954 1110
0 0 622 1683
0 0 471 1683
117 387 622 673
2474 0 4208 2364
134 387 622 673
134 387 563 631
2011 345 2920 1110
2011 345 2625 1110
100 1817 462 2061
2608 0 4208 2364
3585 681 3980 1556
3585 774 3980 1556
3374 1540 4208 2364
3736 1792 4208 2364
3736 1902 4208 2364
3820 1902 4208 2364
3820 1902 4208 2305
2070 387 2625 1110
2070 387 2625 807
2752 1329 3787 2364
3012 1329 3559 1758
2608 0 4208 1986
0 866 471 1683
0 866 235 1548
0 866 227 1397
2752 1674 3787 2364
2752 1674 3787 2162
2625 1195 3122 1708
2625 1195 3063 1498
286 1624 925 2364
420 1624 925 2238
2238 159 2777 530
3046 1085 3475 1674
3408 2028 3694 2364
2104 614 2550 1110
1077 84 1489 622
3391 1085 3585 1649
3593 1481 3913 1775
2768 328 3130 698
0 1119 185 1380
3820 1935 4098 2305
3408 1253 3585 1649
2608 0 3719 984
2608 0 3719 429
2390 875 2659 1127
3231 0 4208 1986
3349 0 4208 1986
3374 1540 3896 2263
3374 1540 3854 2129
2928 765 3223 1119
2684 0 3719 429
3349 0 4208 1540
3349 0 4208 1498
3374 0 4208 1498
3677 0 4208 1498
3719 319 4208 1498
3879 319 4208 900
2684 0 3602 429
2979 235 3501 984
3947 319 4208 648
3719 765 4208 1498
2373 2171 2709 2364
3408 2129 3686 2364
0 2112 370 2348
286 2045 504 2364
3442 2028 3694 2331
2954 1969 3156 2272
420 1969 925 2238
2415 1952 3080 2364
3888 1935 4098 2305
3088 1910 3484 2364
0 1910 395 2188
3972 1902 4208 2230
2247 1851 3038 2364
2659 1843 3080 2221
100 1834 269 2061
176 1817 462 2028
2381 1792 2895 1994
4006 1767 4208 2129
3357 1750 3787 2162
3231 1733 3408 1944
3812 1725 4115 2019
2752 1674 3383 2137
2659 1649 2827 1893
2768 1641 3122 1809
3989 1632 4208 1952
462 1624 656 2120
2213 1582 2718 1910
2550 1548 2794 1935
3374 1540 3787 1851
1245 1531 1464 1742
3703 1498 4165 1986
3593 1498 3787 1674
0 1489 504 2070
3660 1481 3913 1775
488 1447 749 2036
3012 1439 3559 1758
3997 1321 4174 1683
3888 1321 4090 1540
3408 1321 3585 1649
3265 1312 3475 1674
3837 1296 4081 1472
2390 1270 3038 1657
2920 1253 3122 1708
2474 1245 2735 1481
0 1228 387 1649
2844 1195 3063 1405
0 1169 235 1548
673 1161 984 1582
3905 1152 4208 1498
2398 1102 2617 1287
2693 1094 2970 1380
3046 1085 3357 1481
3753 1068 4073 1270
2078 1068 2432 1481
2743 1060 3071 1363
277 959 563 1380
3400 951 3610 1279
218 925 538 1102
100 925 471 1683
2583 908 2970 1346
3366 892 3660 1220
2928 892 3164 1119
2524 892 2869 1127
1657 892 2003 1077
3585 875 3980 1556
2701 858 2920 1102
3627 841 3795 1052
2970 841 3400 1203
1792 841 2129 1052
1641 807 2045 1052
3694 774 3955 1085
3719 765 4208 1253
2937 765 3223 976
2104 765 2550 1110
2592 706 2954 883
3644 690 3820 892
159 639 547 1043
3770 631 3963 799
3879 622 4208 900
2263 614 2474 858
2129 614 2390 866
3349 589 3551 866
50 580 563 942
2440 547 2625 807
3147 530 3501 984
2516 521 2920 799
3660 479 3862 765
3433 471 3652 664
1918 471 2247 908
370 462 622 673
2928 446 3349 875
3837 420 4031 648
134 420 488 631
2289 412 2482 614
1851 412 2104 614
2768 387 3004 698
2070 387 2440 740
1203 387 1489 622
3778 370 3955 538
2465 361 2693 614
462 361 639 572
2011 345 2204 589
1977 336 2196 605
2954 328 3130 673
3947 319 4199 639
3374 319 3795 1018
2987 311 3256 479
799 294 1489 664
3787 286 4064 690
151 286 370 547
3156 260 3416 496
2575 252 2777 504
2726 244 2954 530
2979 235 3475 605
2684 235 2861 462
2221 210 2406 403
765 193 1371 639
3113 168 3383 353
471 168 740 353
2238 159 2575 530
1119 151 1523 664
2112 117 2381 496
1077 84 1321 395
1851 58 2120 311
446 50 875 706
589 33 1237 614
218 25 513 504
3677 0 4182 462
3938 0 4132 277
3770 0 4056 319
3324 0 3804 479
3181 0 3602 429
3105 0 3400 227
2684 0 3231 319
2474 0 2777 218
2322 0 2541 210
2171 0 2356 168
1817 0 2255 513
1742 0 2162 597
260 0 2684 2364
1009 0 1354 235
530 0 1363 622
235 0 479 294
0 0 328 1043
1321 0 2247 1136
1321 471 2247 1136
1817 0 4208 2364
1742 0 2196 614
3812 1363 4208 2305
2104 0 2634 218
2297 0 2634 218
2398 706 2970 1346
3812 1632 4208 2305
3938 0 4165 277
2297 0 2541 218
2440 521 2676 807
2104 0 2356 168
3231 892 3660 1649
3240 892 3660 1649
3240 951 3635 1649
2482 706 2970 1346
2415 1329 4208 2364
0 0 1363 2364
446 0 1363 706
1817 0 3256 1110
3391 951 3635 1649
3391 1085 3635 1649
50 462 622 1043
3408 2028 3719 2364
2583 841 2970 1346
2583 858 2970 1346
2078 0 4208 2364
0 2112 420 2364
2415 1952 3164 2364
3812 1632 4208 2028
277 959 749 2171
2112 117 3256 799
2289 361 2693 614
2482 706 2954 993
2752 1329 4208 2364
2482 706 2954 892
2987 311 3256 664
2078 875 3534 2364
2112 117 3156 799
3349 521 3618 866
2213 1043 3534 2364
2213 1060 3122 2364
2213 1270 3122 2364
277 959 749 2120
277 959 597 1716
0 0 572 1397
0 0 572 1043
2247 1548 3122 2364
3046 1043 3534 1674
446 168 740 429
3374 521 3618 807
2381 1237 2617 1523
412 1304 749 2120
462 1447 749 2120
1817 0 2550 1110
2070 387 2550 1110
0 925 925 2364
0 1489 925 2364
0 1910 925 2364
2474 134 2861 462
2112 117 3156 749
2112 117 3130 698
2482 151 2861 462
2474 0 4208 1986
3585 286 4208 1986
3585 765 4208 1986
3585 765 4208 1683
2474 1060 3071 1498
2625 1060 3071 1498
50 462 622 942
117 462 622 673
3694 286 4208 1085
3787 286 4208 900
3618 1784 4208 2364
0 925 538 1683
0 925 471 1683
2078 875 2869 1481
2078 892 2869 1481
2078 984 2558 1481
2625 1312 2920 1498
3753 942 4107 1388
2247 1641 3122 2364
2659 1641 3122 1893
2474 0 4182 1203
2474 0 3719 605
2474 0 3602 605
2474 0 3475 605
2684 0 3475 605
3080 446 3256 664
2928 0 4182 1203
3618 1784 3854 2272
3324 0 4182 1018
0 0 513 1043
2112 117 2802 622
3660 1321 4165 1986
3660 1481 4165 1986
2752 1439 3787 2364
2853 235 3475 605
3736 1876 4208 2364
0 1910 504 2364
2684 0 3400 530
3753 1068 4107 1388
3804 1110 4107 1388
3719 765 4208 1683
2928 446 3501 1203
2112 117 2777 530
2928 446 3501 984
3644 631 3963 892
3374 0 4182 1018
2608 151 2861 462
2684 0 3400 319
2213 1270 3038 1935
2928 765 3400 1203
2928 841 3400 1203
3012 1439 3787 2364
3736 2146 4208 2364
3012 1439 3787 2162
3012 1439 3787 1851
0 0 2827 2364
159 0 2827 2364
0 0 1514 2364
1279 0 4208 2364
437 0 1514 706
2406 883 2869 1279
2617 1052 3071 1371
2507 883 2869 1245
2272 1329 2625 1565
0 0 706 984
117 0 706 698
0 833 925 2364
2423 521 2954 1127
2903 900 3467 1363
0 833 749 2112
0 833 648 2112
0 1237 648 2112
3492 1540 3761 2011
0 833 286 1464
0 833 286 1388
2423 749 2954 1127
1279 0 2987 1136
2566 244 2987 656
117 925 749 1977
2221 159 2810 614
2423 749 2853 1127
2432 749 2853 951
3501 0 3728 185
117 100 706 698
117 925 589 1649
1279 0 2592 1136
1279 0 2516 1136
2903 900 3383 1363
2078 1068 4140 2364
2188 1237 4140 2364
2188 1481 3164 2364
2390 1565 3164 2364
2339 0 4208 2364
2566 227 3071 866
2566 479 3071 866
2516 0 4208 2364
2693 1565 3130 2238
0 1868 925 2364
2575 706 2911 883
2078 1068 2827 1472
2516 0 4208 2179
2516 0 4208 2019
3156 841 3660 1296
2566 479 3012 866
3660 1321 4208 2019
2280 1237 4140 2364
2423 866 2760 1127
269 100 706 589
2516 0 4208 1750
2516 0 3829 765
3416 0 4208 1750
3416 227 4208 1750
3425 227 4208 1750
2987 0 3829 765
0 2104 370 2364
294 2070 496 2247
3442 2028 3728 2331
2373 2028 2895 2364
2390 1994 3164 2364
2592 1859 3046 2154
2785 1843 3122 2238
143 1817 437 2019
3989 1792 4157 2028
3854 1792 4208 2364
3492 1733 3753 2011
3660 1624 4208 2019
2491 1582 2844 1902
2693 1565 3130 1893
3517 1540 3761 1784
2188 1481 2550 1801
479 1447 749 1977
2962 1329 4140 2364
2272 1329 2575 1565
3854 1321 4157 1683
3265 1304 3484 1632
3416 1296 3585 1649
698 1296 984 1506
0 1279 210 1464
2928 1245 3122 1582
2280 1237 3063 1666
2339 1186 2827 1472
2903 1144 3080 1363
3080 1110 3543 1523
100 1110 286 1388
2617 1094 2970 1371
0 1077 218 1413
3256 1068 3509 1245
2078 1068 2533 1388
2743 1052 3071 1363
3038 1043 3256 1354
3198 959 3467 1203
3753 942 4073 1270
117 925 589 1624
2970 900 3383 1161
3576 892 4208 1750
3332 883 3660 1296
2701 883 2954 1127
2507 883 2869 1127
0 833 201 1169
2928 749 3214 1102
3719 723 4208 1237
3879 706 4208 883
2735 706 2911 883
3627 698 3820 908
2785 648 3012 866
3694 631 3955 1110
1960 631 2179 883
185 605 580 917
3139 547 3509 1001
2482 521 2684 807
3332 488 3635 765
2566 479 2920 740
2423 471 2592 791
3088 446 3315 664
2954 437 3349 866
117 420 479 698
370 378 639 681
1977 336 2474 757
2987 328 3256 681
1279 328 2516 1136
3156 260 3492 496
2684 244 2987 656
3425 227 4208 1060
2853 227 3055 605
2608 159 2844 345
2221 159 2718 614
269 100 706 530
2272 33 2651 286
437 33 959 706
3854 0 4182 336
3711 0 4165 420
2987 0 3829 614
3543 0 3728 185
2844 0 3400 302
2516 0 3248 302
2339 0 2634 210
2095 0 2364 504
1817 0 2036 311
1742 0 2289 597
799 0 1514 664
530 0 1481 622
0 0 462 984
0 1540 420 1725
0 1110 286 1464
2406 1110 2701 1279
2928 1043 3256 1582
403 1287 749 1977
2078 841 4140 2364
2928 0 4208 2364
3467 513 3669 824
3416 1287 3610 1649
1279 0 3728 1136
1279 328 2911 1136
1742 0 3728 1127
3753 942 4165 1270
0 2104 420 2364
1742 0 3711 1127
2617 841 3509 1371
2743 841 3509 1363
3879 622 4208 883
2423 706 2911 1127
2970 841 3509 1203
2482 227 3071 1127
2566 227 3071 1127
2701 227 3071 1127
2853 227 3071 765
0 0 706 1624
0 0 706 1413
0 0 706 1169
1742 0 3711 757
2701 648 3012 1127
2970 900 3467 1203
2272 33 2844 345
2743 1052 3080 1363
2785 648 3012 1043
2078 1068 3164 2364
2390 1843 3164 2364
2423 807 2869 1127
0 1237 925 2364
2221 0 3711 656
1742 0 2474 757
2221 0 3400 656
2465 807 2869 1127
437 0 1481 706
2928 0 4208 1750
3080 883 3660 1632
2928 328 3509 1102
3660 1321 4208 2364
2078 1068 3130 1902
2078 1068 3063 1902
2221 159 2794 614
2987 0 4208 1750
3627 631 4208 1237
3694 631 4208 1237
3627 698 3820 1043
3080 1110 3543 1632
2516 0 3400 656
2188 1237 3063 1902
2188 1481 2844 1902
117 378 639 698
2954 328 3349 866
2516 0 3400 302
2928 547 3509 1102
2987 0 4165 614
3332 227 4208 1750
3332 227 4208 1060
0 2104 353 2348
1363 134 1632 462
563 1144 757 1439
1859 1952 2474 2364
1910 698 2608 1195
866 1809 1716 2305
2305 1944 2743 2247
1918 1296 2583 1910
1918 1296 2541 1910
3947 0 4208 462
286 690 1329 2095
1918 1296 2541 1817
286 690 1203 2095
3097 1590 3753 2104
2305 1944 2743 2230
1851 0 2491 176
3307 622 3660 1413
2179 1767 3374 2364
2179 1767 3139 2364
3812 1329 4208 2120
3812 1329 4208 2019
4006 1329 4174 1742
1918 1296 2541 1750
1994 1085 2701 1354
1994 1085 2533 1354
799 563 1649 1178
2693 1548 3130 1801
900 1405 1203 1624
1447 2019 1716 2305
286 690 967 2095
286 690 967 1801
286 690 791 1775
286 690 715 1380
1068 774 1649 1068
1068 774 1514 1068
3315 1733 3753 2104
1312 1077 2204 2104
2162 0 2491 176
1312 1077 2204 1918
1312 1077 2204 1767
1397 1077 2204 1767
1725 1077 2204 1725
3745 951 4115 1321
3947 0 4165 260
3753 951 4073 1186
2406 1843 3139 2364
0 1296 723 2364
0 1388 723 2364
0 1624 723 2364
0 1834 723 2364
0 1834 723 2230
1742 1792 1960 2104
0 0 2238 2364
1060 0 2188 1195
1060 0 2162 1195
1110 555 2162 1195
1110 555 2162 1110
1110 580 2162 1110
1657 0 4208 2364
1498 67 1876 572
1556 67 1876 345
1859 1952 2305 2305
799 563 1245 1178
2726 614 3627 1607
286 690 715 1203
286 850 715 1203
1498 260 1750 572
302 1085 597 1380
2499 723 2878 892
0 0 1489 1565
2137 92 2861 521
2709 1843 3139 2364
2709 1893 3139 2364
2752 2154 3139 2364
0 1624 395 1952
1464 631 2162 1110
1464 631 2162 1009
168 1296 648 2112
572 1119 2238 2364
572 1641 1068 2364
572 1641 1068 2120
2406 1944 2886 2314
706 1119 2238 2364
706 1119 1455 1607
0 479 530 1565
0 925 530 1565
732 1506 2238 2364
0 0 1489 732
1060 0 1523 614
732 1506 1775 2061
1136 126 1523 614
706 1119 1270 1514
824 1119 1270 1514
959 1119 1270 1514
504 370 1136 934
917 1927 2238 2364
732 1506 1599 1960
732 1506 1599 1952
732 1556 1599 1952
3383 1220 4208 2364
917 2011 2238 2364
0 0 959 732
0 0 698 732
0 0 530 732
0 0 530 631
0 0 530 572
917 2028 2238 2364
917 2028 1960 2364
917 2028 1809 2364
917 2028 1615 2364
572 749 1102 1380
168 1489 648 2112
3029 967 3543 1540
3029 967 3526 1447
3383 1565 4208 2364
3652 1935 4208 2364
3921 706 4208 1186
3130 614 3357 1001
3156 967 3526 1439
3156 1077 3526 1439
1657 664 2289 1077
917 2028 1430 2364
1868 0 4208 2364
2255 1253 3854 2364
0 1834 462 2230
143 934 530 1565
2255 1312 3854 2364
538 0 1489 639
1868 0 4208 1986
2255 1312 3711 2364
168 1489 521 2087
286 976 715 1203
1868 33 2659 850
2255 504 2659 850
1918 336 2314 740
2179 0 4208 1986
2179 201 3046 656
2179 201 3004 656
2726 892 3627 1607
2726 892 3408 1363
0 0 328 572
1657 841 2003 1077
1397 1102 1843 1767
2364 0 4208 1986
2364 0 4208 1472
3585 875 3938 1472
2617 504 3038 934
2617 0 3265 336
3669 1136 4208 1986
2507 866 2768 1110
1725 1144 2036 1725
3383 1565 3879 2019
2558 1253 3105 1657
3105 1312 3534 1649
3820 1935 4208 2364
2255 1371 3711 2364
2255 1489 3711 2364
2255 1489 3113 1935
2255 1573 3113 1935
1868 33 2465 631
2179 201 2810 614
2179 201 2676 597
504 370 1136 807
2583 0 4208 1447
2701 0 4208 1211
2878 0 4208 1127
2954 0 4208 976
3097 0 4208 976
2457 159 2861 521
2878 488 3290 1127
2928 488 3290 1127
3063 1674 3711 2364
3063 1674 3475 2364
892 0 1489 639
3097 0 3795 925
3097 0 3787 925
3097 0 3787 765
2954 235 3307 538
3669 1346 4090 1986
2878 892 3408 1279
3517 1573 3879 2019
572 749 917 1228
3627 0 4208 976
3669 1346 4064 1986
3669 1481 4039 1986
3147 0 3787 765
1110 1195 1455 1607
3669 1582 4014 1986
3627 244 4208 976
3147 75 3677 765
3366 892 3627 1607
3627 336 4208 976
3627 395 4208 976
143 1077 387 1565
1102 959 1540 1245
732 1556 1413 1952
2390 2179 2752 2364
1834 2179 2238 2364
0 2171 260 2348
294 2162 622 2364
2752 2154 3105 2364
3408 2129 3711 2364
917 2129 1203 2364
1498 2095 1716 2305
1859 2078 2112 2305
622 2061 993 2364
2238 2053 2474 2364
3299 2036 3475 2364
1674 2036 1960 2364
1077 2028 1430 2364
866 2028 1211 2263
412 2028 723 2230
1447 2019 1666 2204
2406 2011 2701 2314
1270 2011 1565 2314
2305 2003 2541 2230
3307 1994 3568 2238
2886 1986 3080 2230
3652 1977 3913 2297
2003 1952 2305 2297
2566 1944 2886 2255
2499 1944 2743 2154
3930 1935 4208 2272
3383 1935 3711 2238
1615 1927 1834 2255
0 1902 244 2154
2709 1893 3080 2364
757 1868 1068 2120
1481 1851 1775 2061
2726 1843 3071 2036
117 1834 462 2230
3501 1809 3753 2104
1868 1809 2230 2129
866 1809 1523 2120
1304 1775 1531 1960
3989 1767 4165 2036
2179 1767 2726 2104
488 1758 866 2095
2137 1750 2331 1969
3156 1742 3408 1994
3315 1733 3635 1977
3627 1725 3879 2019
1119 1725 1413 1952
1329 1708 1599 1935
2726 1700 3113 1935
1649 1691 1944 1868
168 1683 496 2087
3063 1674 3425 2314
1960 1649 2188 1910
16 1649 395 1952
3812 1641 4208 2019
3694 1641 4014 1986
572 1641 892 1977
1801 1632 2011 1918
2785 1599 3130 1801
3787 1590 4090 1801
3097 1590 3442 1775
3669 1582 3871 1775
3517 1573 3761 1817
2255 1573 2810 1927
3383 1565 3652 1826
1245 1556 1439 1742
732 1556 1186 1851
1094 1506 1354 1758
2280 1489 2785 1691
1918 1481 2541 1750
1691 1439 1902 1716
504 1439 967 1801
1792 1422 2036 1725
3593 1413 3905 1725
900 1405 1203 1573
0 1388 420 1683
1270 1380 1455 1607
2962 1371 3231 1733
2179 1371 2390 1565
2558 1354 3063 1657
3105 1346 3282 1531
1296 1346 1498 1531
2356 1338 2583 1523
3198 1312 3534 1649
2003 1296 2398 1514
959 1287 1152 1514
479 1262 791 1775
2810 1253 3105 1472
589 1253 757 1439
2364 1245 2617 1472
706 1228 1026 1498
168 1228 387 1565
3416 1220 3719 1641
1312 1220 1540 1455
3374 1211 3543 1540
1110 1195 1346 1464
1994 1161 2171 1354
1725 1144 2036 1481
563 1144 749 1354
3913 1136 4208 1691
2726 1127 2937 1363
1035 1119 1270 1312
3829 1110 4107 1388
1397 1110 1775 1767
1498 1102 1843 1338
2423 1094 2701 1262
690 1094 1102 1380
2137 1085 2533 1346
302 1085 513 1380
2878 1077 3071 1279
2583 1077 2928 1447
1986 1077 2204 1253
143 1077 328 1363
0 1077 227 1422
3745 1068 4115 1321
3029 1060 3315 1447
1674 993 1994 1195
664 993 917 1228
446 976 715 1161
3206 967 3484 1169
1102 959 1506 1228
3804 951 4073 1169
210 934 530 1169
0 925 235 1287
3442 892 3660 1413
3366 892 3610 1296
3021 892 3408 1203
673 892 1026 1161
1464 883 1733 1110
2516 866 2768 1110
2701 841 2937 1211
1817 841 2003 1009
3921 833 4208 1237
1068 833 1262 1026
2928 807 3223 1127
3686 799 4014 1169
1607 782 1859 1009
1439 782 1649 976
1211 774 1514 1068
1910 765 2608 1195
631 757 925 934
3130 749 3357 1001
572 749 749 1018
2878 740 3080 951
3921 706 4208 900
2053 698 2398 993
353 690 563 925
109 690 496 984
1969 664 2289 959
1464 631 2162 959
3307 622 3568 917
3627 614 4208 976
639 605 866 807
437 589 723 875
1110 580 1674 858
3265 572 3509 740
833 572 1035 740
2617 563 2928 749
799 563 1245 1001
2255 555 2499 791
1245 555 1868 732
235 530 530 732
2768 504 3038 934
2465 504 2659 850
454 504 639 681
3021 488 3290 875
0 479 286 1043
3501 471 3719 925
1918 471 2221 723
3080 454 3256 706
1666 446 2036 614
1447 437 2036 673
134 420 412 631
3660 403 3854 774
4022 395 4208 648
3147 395 3660 765
504 370 1136 639
454 361 698 563
2794 345 3004 656
3837 336 4199 648
1977 336 2314 740
0 336 328 572
2954 302 3223 538
2314 294 2676 597
993 294 1489 639
2566 260 2810 521
1498 260 1674 572
3745 244 4140 639
1371 244 1590 462
2996 235 3307 446
2709 235 3046 504
1136 235 1523 614
1910 227 2465 631
555 218 959 446
2179 201 2423 437
3181 159 3501 395
2457 159 2861 370
1674 151 2188 614
1556 143 1758 345
1363 134 1632 319
2903 92 3265 336
2137 92 2524 361
3231 75 3677 504
3719 50 3888 277
1868 33 2238 361
3947 0 4115 260
3736 0 4056 403
3501 0 3787 328
3097 0 3408 235
2617 0 3021 269
2474 0 2701 218
2322 0 2491 176
2162 0 2364 176
1312 0 1885 176
1060 0 1413 210
892 0 1321 378
538 0 1018 504
496 0 782 412
286 0 530 563
