0 0 4160 3120
3652 765 3968 990
990 574 2071 1248
1089 1946 1622 2387
898 2612 1356 2920
457 91 2163 657
990 790 2038 1248
990 906 2038 1248
2071 0 2471 732
2188 0 2471 732
549 1996 798 2329
457 91 2163 440
2412 2362 2795 2529
3086 349 3469 673
3194 349 3469 673
973 499 1156 707
3036 1622 3377 2088
956 1572 1314 1921
1439 574 2071 1198
0 2404 640 3120
1089 2013 1622 2387
1089 1572 1314 1921
457 108 2046 440
1372 1797 1655 2063
2163 2171 2446 2570
2171 2171 2446 2570
2462 1015 3610 1439
2770 2920 3303 3120
2188 0 2471 490
183 49 3411 1763
183 266 3411 1763
2795 1505 3153 1996
0 1788 249 2179
790 1805 2396 3120
1805 49 2554 1680
3144 1622 3377 2088
1921 1614 2221 1855
3311 432 4160 915
3311 432 4160 890
3427 432 4160 890
2362 1089 2737 1530
2113 49 2554 1056
2113 166 2554 1056
2246 166 2554 1056
1805 91 2312 1680
790 2146 2396 3120
183 266 2462 1763
257 940 2462 1763
257 940 2462 1738
2321 682 3411 1148
183 266 1597 1248
3427 432 4093 890
3427 474 4085 890
2595 2129 2803 2362
3444 1622 4160 2803
3444 2204 4160 2803
3444 2312 3744 2679
1805 91 2271 1680
1805 91 2271 1148
1872 91 2271 1148
0 0 2146 1447
2412 682 3411 1148
2604 848 3411 1148
2604 898 3361 1148
1289 1514 1921 1763
0 0 2146 1114
0 0 2146 665
0 0 2146 374
2271 1780 2570 2354
2479 1156 2887 1522
2795 1505 3053 1763
840 1805 1206 2437
2479 1156 2853 1464
3552 2337 3744 2679
2246 0 4160 2046
3144 1497 3336 1738
582 108 2046 440
257 998 2204 1730
257 998 1896 1597
682 316 2063 923
2795 465 4160 2046
2795 740 4160 2046
0 1214 4160 3120
0 1505 1281 3120
1314 1547 1921 1763
2271 1913 2570 2354
3519 1622 4160 2446
682 465 2063 923
2246 0 4160 1089
3852 1422 4160 1763
990 906 1955 1164
3677 2803 4160 3120
2637 1156 2853 1456
2795 848 4160 2046
399 956 773 1248
2795 848 4160 1905
183 266 1597 1198
0 1722 1281 3120
0 0 1971 374
0 0 1813 374
0 0 1672 374
0 0 1514 374
0 0 432 374
3203 740 4160 1322
416 0 1514 291
1040 2679 1381 2945
3552 457 3968 648
2928 2704 4160 3120
2928 2895 3818 3120
948 33 1539 224
2970 316 3311 540
0 432 232 1114
416 0 1248 291
257 1015 1896 1597
832 2146 2396 3120
0 1722 1114 3120
1272 0 1672 199
832 2146 2138 3120
790 2762 1414 3120
391 582 873 923
3477 740 4160 1322
0 615 232 1114
0 1214 3935 3120
0 1214 1930 2196
0 1214 1747 1963
0 2013 565 2604
0 0 282 374
3644 2704 4160 3053
1730 1331 3935 3120
2728 2288 3536 2704
0 1214 1156 1847
2795 848 4160 1822
2246 0 4143 1089
2379 0 4143 1089
2379 0 3519 1089
3585 2204 4160 2803
1464 1755 1930 2196
2379 0 3386 1089
1755 1331 3935 3120
3361 0 4143 474
3361 0 4126 474
3361 0 3852 366
3361 0 3835 349
3361 0 3768 349
2379 0 3386 1048
0 1239 1156 1847
0 1239 1106 1847
0 1239 1106 1797
707 998 1231 1239
3477 848 4160 1322
3677 2862 4160 3120
1098 1397 1747 1963
183 307 1256 1198
183 316 890 1198
266 823 890 1198
0 1722 1040 3120
66 2429 1040 3120
66 2537 1040 3120
66 2554 1040 3120
66 2712 757 3120
66 2712 540 3120
266 823 765 1198
3852 1539 4160 1763
832 2146 2138 3070
1098 2146 2138 3070
1098 2146 2138 3061
1464 1847 1930 2196
1672 1847 1930 2196
183 316 707 915
183 324 707 915
41 2404 640 2695
1098 2171 2138 3061
1098 2171 2121 3061
1664 2762 2046 3070
682 465 1780 923
1830 1331 3935 3120
2995 848 4160 1664
3627 1239 4160 1664
2728 2404 3536 2704
2728 2404 3502 2704
3486 1164 3852 1580
3502 1164 3852 1472
2379 0 3386 840
2462 158 2978 840
2579 158 2978 840
0 1722 973 2787
2379 0 3386 416
2379 49 2928 416
2379 58 2753 416
1755 1697 2146 2013
2579 307 2978 840
1946 2404 2396 3120
3369 1597 3735 2362
3369 1672 3735 2362
124 1505 998 2279
3585 2204 4076 2695
2154 2421 3502 3120
2354 2454 3502 3120
2354 2454 3502 3020
2354 2454 3502 2961
3369 1672 3735 2221
1098 2221 2121 3061
1098 2221 2121 2762
582 2554 1040 3120
1098 740 1938 1098
41 1722 973 2604
257 1098 1896 1597
349 1106 1896 1597
1098 1397 1597 1963
490 0 1248 249
2762 0 3386 382
490 0 1248 241
2454 2454 3502 2961
1830 1331 3935 2945
3103 2138 3935 2945
3261 2246 3935 2945
3377 2404 3935 2945
3377 2404 3893 2945
3377 2404 3893 2895
366 1722 973 2462
2753 2479 3502 2961
2803 2587 3502 2961
2920 2587 3502 2961
1206 2371 1605 2579
2995 848 4085 1339
1963 2637 2387 3120
2421 2554 3211 3020
2421 2645 3211 3020
1946 2404 2396 2745
399 1347 1106 1647
1830 1331 3594 2471
1181 2221 2121 2762
216 2404 640 2654
216 2404 599 2654
2055 2637 2387 3120
2795 1256 3552 1822
2421 2712 3211 3020
1181 2221 2013 2762
1664 2770 1955 3070
1830 1331 3452 2471
1830 1331 3286 2471
1830 1605 3286 2471
2412 1780 3286 2421
449 1106 1896 1597
2371 1331 3003 1938
2371 1331 3003 1830
1830 1605 2629 2471
1830 1697 2629 2471
0 1239 540 1797
1447 2795 1772 3053
2421 2728 3211 3020
2995 848 3727 1339
574 1722 973 2462
2437 1788 3286 2421
2687 1788 3286 2354
2995 848 3502 1281
574 1722 973 2154
166 1505 998 2279
391 1505 998 1938
1830 1697 2421 2179
1930 1697 2421 2179
166 1896 524 2279
2437 1813 3011 2421
2737 1963 3286 2354
0 1048 349 1447
2770 2920 3128 3120
1239 2920 1414 3120
1805 2903 2021 3120
3178 2895 3727 3061
0 2878 166 3061
3976 2862 4160 3095
2512 2853 2870 3120
2687 2837 3211 3020
1447 2837 1655 3053
1680 2820 1955 3070
2437 2812 2720 2978
1522 2795 1772 3036
2920 2770 3303 2961
1963 2770 2171 3078
1664 2770 1855 2978
1797 2762 2046 3070
790 2762 1372 3086
3336 2745 3619 2970
3577 2728 3835 2945
798 2728 998 2936
2362 2720 2612 3120
2612 2712 2995 2928
2179 2712 2387 3120
199 2712 540 3003
374 2687 657 3045
2803 2679 3120 2903
1680 2679 2063 2878
1106 2679 1381 2945
898 2645 1131 2920
582 2645 881 3120
2055 2637 2329 3061
0 2637 532 3120
1223 2620 1522 3061
3228 2587 3502 2961
1522 2587 1747 2853
3519 2579 3893 2895
3719 2570 3935 2770
856 2554 1040 2828
1946 2545 2396 2745
2354 2512 2645 2728
1347 2512 1639 2795
3910 2504 4160 2803
1622 2487 2013 2762
2753 2479 3045 2795
3253 2471 3536 2645
2454 2454 2878 2695
3003 2437 3502 2704
1872 2437 2096 2662
624 2429 898 2970
382 2429 599 2645
41 2429 299 2695
2154 2421 2362 2612
3377 2404 3652 2620
2845 2404 3144 2645
2728 2404 3061 2687
1955 2404 2221 2662
216 2404 449 2654
1098 2387 1456 2645
3802 2379 4076 2695
1347 2371 1605 2579
3918 2362 4160 2587
1872 2337 2121 2595
1722 2329 1963 2496
524 2329 707 2545
3444 2312 3677 2512
41 2296 540 2604
2995 2288 3477 2520
0 2271 166 2604
3261 2246 3494 2421
1730 2221 2138 2462
1181 2221 1788 2654
3585 2204 3993 2662
2487 2188 2778 2412
3427 2179 3677 2362
2171 2171 2371 2562
1980 2146 2279 2446
832 2146 1139 2662
3103 2138 3602 2346
2595 2129 2803 2304
2229 2129 2629 2471
607 2129 931 2462
549 2121 782 2329
1006 2096 1181 2437
0 2096 208 2263
2795 2030 3286 2354
366 2021 757 2379
0 2013 565 2462
2263 1996 2446 2188
3527 1980 3710 2288
1697 1971 1930 2196
2737 1963 3020 2188
3369 1946 3577 2221
2437 1938 3011 2421
2412 1938 2670 2238
2396 1930 2570 2354
2986 1921 3269 2121
1830 1921 2080 2179
1231 1921 1564 2104
1464 1905 1747 2196
574 1888 931 2154
1148 1880 1364 2071
465 1855 673 2071
3186 1847 3452 2229
1930 1847 2246 2171
3144 1838 3377 2088
1872 1822 2146 2013
2479 1813 2803 2104
840 1805 1206 2238
2687 1788 2912 2021
2412 1780 2620 1996
915 1780 1106 1955
565 1780 840 2005
1497 1772 1747 1963
2812 1738 3153 1996
3985 1722 4160 1896
757 1722 973 1971
3328 1713 3594 2021
3036 1713 3219 1980
2104 1697 2421 2179
1755 1697 1938 1971
257 1697 549 1988
3494 1672 3735 2005
2570 1655 2812 1938
124 1655 374 1955
565 1647 807 1822
1181 1630 1597 1963
24 1630 208 1847
3194 1622 3377 1896
1589 1622 1788 1838
1921 1614 2221 1813
3793 1605 4085 1813
1855 1605 2129 1888
2396 1597 2645 1797
2795 1572 3028 1763
1089 1572 1289 1797
366 1564 540 1797
2254 1547 2446 1763
1314 1547 1747 1763
3952 1539 4160 1763
2812 1522 2995 1722
3020 1505 3228 1905
632 1505 998 1805
391 1505 723 1938
3161 1497 3336 1672
1023 1431 1189 1597
0 1422 366 1797
682 1414 1106 1647
2371 1397 2687 1738
1098 1397 1464 1755
399 1347 715 1622
3627 1331 3993 1664
2637 1331 3003 1830
3194 1306 3552 1822
2679 1281 2853 1456
3045 1264 3319 1431
2562 1264 2728 1522
2795 1256 3278 1580
3835 1239 4160 1530
3219 1239 3610 1439
208 1239 540 1713
0 1214 208 1414
2787 1189 3045 1447
1614 1181 2204 1730
2479 1173 2778 1464
449 1173 856 1406
3502 1164 3852 1456
3361 1148 3727 1339
3702 1123 4085 1331
349 1123 599 1414
698 1106 1896 1597
108 1106 349 1447
3411 1089 3669 1264
2362 1089 2545 1530
1372 1073 1730 1272
1231 1056 1464 1248
0 1048 241 1281
2995 1023 3427 1281
2229 1023 2396 1198
2462 1015 3560 1431
349 1015 524 1239
707 998 1073 1239
1955 981 2146 1680
1322 981 1955 1164
524 981 773 1248
1738 956 2038 1248
399 956 574 1123
2088 940 2462 1738
2878 931 3361 1148
2321 906 2654 1131
1281 906 1938 1098
990 906 1389 1131
2604 898 2945 1106
2129 865 2312 1098
3477 848 4026 1164
3111 848 3502 1148
2579 823 3011 1089
832 823 1081 1048
266 823 582 1198
3827 790 4160 1056
3203 740 3519 931
2113 740 2304 931
1098 740 1921 1081
391 723 682 923
2412 682 2670 1006
782 682 1006 881
3993 632 4160 873
2595 632 2862 840
0 615 208 1006
648 582 873 798
1439 574 1988 1098
3311 565 3602 790
1173 565 1431 732
3452 540 4085 890
682 532 1223 923
183 532 707 915
3003 515 3236 723
1688 499 2063 832
3427 474 3777 690
3028 465 3427 940
1206 465 1780 765
2462 449 2629 815
0 432 183 840
1589 399 1847 657
3086 391 3311 607
2803 391 3244 1048
690 391 873 565
2970 374 3261 540
1464 357 1680 557
432 349 690 565
615 324 865 640
257 324 532 657
1647 316 1980 499
382 316 549 557
2579 307 2978 823
690 307 1256 673
2471 291 2662 690
965 266 1597 632
2820 249 2986 432
3810 241 4126 474
3311 241 3935 565
1805 232 1971 416
2304 199 2471 490
582 199 1605 382
3852 191 4143 399
2279 183 2554 1056
3610 174 3852 366
2620 158 2862 673
416 116 624 291
0 116 490 665
1505 108 2046 440
3269 99 3536 299
1872 91 2196 1148
2379 83 2562 391
0 83 166 374
2512 58 2753 416
2720 49 2928 307
732 49 940 249
3577 0 4160 299
3519 0 3768 349
3361 0 3635 324
3070 0 3328 216
2188 0 2446 241
1480 0 1672 191
490 0 873 241
232 0 432 208
0 0 282 174
0 0 2221 3120
1863 0 2928 1738
873 0 4160 3120
2104 0 4160 2288
873 1522 4160 3120
3952 482 4160 682
557 1647 840 2005
565 1647 840 2005
1872 0 2928 1738
2437 931 3610 1439
3194 424 3544 673
2437 1015 3610 1439
1622 2171 2121 2662
990 574 2038 1272
2362 2362 2795 2570
524 707 840 990
524 807 765 990
1872 2337 2121 2662
990 906 2038 1272
707 2537 1173 2936
915 1580 1364 2113
1131 1780 1364 2113
1148 1880 1364 2113
366 1472 590 1797
707 2537 1131 2936
3511 2304 3735 2562
640 2246 990 2529
640 2354 990 2529
0 0 2063 1314
257 956 682 1314
3985 1722 4160 2046
0 0 2063 1248
1872 0 2862 1738
915 1580 1156 1955
956 1580 1156 1872
3303 1081 4101 1264
832 790 1198 1048
2104 1156 3735 2288
798 2554 1131 2936
2246 0 4160 1672
3594 108 3852 366
2321 898 2945 1131
2970 2803 4160 3120
257 956 574 1314
0 0 2046 1248
1464 232 1980 690
1464 316 1980 690
1464 357 1971 690
1322 2762 2229 3120
3411 1081 4101 1264
3411 1081 4001 1264
2188 0 2562 490
990 906 1955 1272
2970 2895 3727 3095
2371 1522 4160 3120
2487 2129 2803 2412
0 1048 2221 3120
3627 1306 4110 1672
257 1015 524 1314
457 99 1605 382
3627 1306 4035 1672
2104 1156 3710 2288
2246 0 4160 1580
3070 0 3519 216
0 2013 1788 3120
2371 1688 2620 1996
2104 1156 3594 2229
1322 2762 2046 3120
1797 2762 2046 3120
1872 91 2862 1738
2088 940 2545 1738
873 1605 2878 3120
1231 1056 1763 1272
1231 1056 1730 1272
41 2271 582 2604
2188 0 2562 391
1872 91 2862 1148
2113 158 2862 1056
2113 166 2354 931
1622 2171 1963 2496
2421 1522 4160 3120
3253 2471 3835 2970
3253 2471 3627 2970
3086 241 4160 890
3311 540 4160 890
3311 540 4085 890
1464 1772 2138 2462
2113 316 2304 931
3303 2803 4160 3120
3336 2637 3627 2970
3336 2745 3627 2970
2437 1522 4160 2961
3552 2379 4076 2770
3552 2496 3935 2770
3552 2496 3744 2679
3086 241 4160 690
2279 158 2862 1056
3569 2803 4160 3120
856 2554 1131 2920
1589 1622 1838 1905
199 2687 657 3045
391 582 1006 923
648 582 1006 881
873 2504 2063 3120
873 2512 2063 3120
3627 1331 4035 1672
3086 241 4160 648
1622 1605 2878 3120
0 1048 2221 2437
0 1048 1206 2437
0 0 2046 440
0 0 624 291
3427 1522 3810 1738
1589 399 1971 690
1622 1605 2629 3078
3086 241 4093 648
3793 1539 4160 1813
349 1106 2221 2104
391 707 765 923
0 83 1597 1248
0 83 1231 1248
0 2129 1788 3120
2812 1505 3053 1747
490 0 2046 440
490 0 1971 249
490 0 1813 249
2421 2404 3211 3120
873 2512 1838 3120
873 2512 1772 3120
1480 0 1813 191
349 1106 2204 2104
1089 1397 1655 2104
1938 723 2146 1680
3086 241 4093 582
2246 0 4160 723
2246 0 2812 416
615 266 1597 673
2254 1156 3594 2229
2371 1156 3594 2229
2637 1156 3278 1580
2787 1189 3278 1580
266 823 1231 1248
0 83 707 1064
3569 2862 4160 3120
1098 1397 1655 2104
2995 465 4160 1580
2995 790 4160 1580
3835 1081 4160 1530
1347 2512 1747 2853
0 0 432 208
490 0 1514 249
2412 307 3244 1089
2437 1622 4160 2961
3028 465 3427 998
349 1106 2204 1763
3519 1622 4160 2803
3910 2362 4160 2803
2437 1655 3893 2961
3377 2312 3893 2895
2371 1173 3594 2229
2421 2479 3211 3120
0 2146 1788 3120
832 2146 1788 2662
0 116 707 1064
0 116 707 1006
1231 1797 1655 2104
873 2620 1772 3120
0 116 707 915
2246 0 2753 416
0 1048 1106 2379
0 1048 1106 2329
0 2329 1381 3120
1464 1772 1830 2238
2579 307 3244 1048
0 2329 898 3120
0 2329 707 3120
582 2429 898 3120
1223 2620 1772 3120
391 707 682 923
0 2404 599 3120
2421 2554 3211 3120
3486 1123 4085 1580
3502 1123 4085 1472
1622 2404 2396 3078
1946 2404 2396 3078
1946 2404 2396 2928
1672 1605 2629 2471
2479 1173 2778 1522
266 823 1073 1248
524 873 1073 1248
524 981 1073 1248
698 1106 2204 1763
457 199 1605 382
2762 0 4160 723
2970 374 3261 723
2762 0 4160 474
1464 1772 1747 2196
2055 2454 2878 3120
2354 2454 2878 2728
2437 1655 3677 2961
2803 2404 3502 2961
1755 1605 2629 2471
2412 682 3011 1089
832 2146 1605 2662
1672 1847 1855 2088
1223 2620 1655 3120
1223 2620 1522 3120
2437 2812 3128 3120
2845 2404 3502 2961
2471 158 2862 690
948 0 1514 166
2995 790 4160 1339
2371 1281 3594 2229
2637 1281 3594 2229
2812 1306 3594 2229
2812 1505 3377 2121
2812 1738 3269 2121
2995 790 4160 1281
2995 848 4026 1281
690 266 1597 673
3311 241 4093 582
1098 2371 1605 2645
0 1048 1106 2279
0 1048 540 1713
108 1106 540 1713
2637 1281 3003 1830
2845 2404 3502 2704
2437 1655 3677 2421
3186 1306 3594 2229
2055 2637 2612 3120
2762 0 3768 382
0 1347 1106 2279
0 1422 723 2279
1855 1605 2629 2471
2229 1930 2629 2471
3577 0 4160 474
0 1422 524 2279
2263 1930 2570 2354
790 2679 1381 3086
1855 1605 2279 2446
2437 1655 3602 2421
349 1123 856 1414
3269 0 3768 349
3269 0 3635 324
3194 1306 3594 2021
698 1106 2204 1730
399 1347 1106 2154
399 1347 1106 1971
632 1505 998 1971
3020 1505 3377 2088
2437 1938 3602 2421
2479 1655 3020 2188
1946 2421 2396 2745
2512 2853 3128 3120
0 1422 374 2179
1855 1605 2246 2171
2421 2712 2995 2928
257 324 690 657
3519 1622 4160 2662
2479 1813 3020 2188
0 1422 366 2179
2437 1938 3286 2421
1131 582 2071 1198
2104 865 2312 1164
1356 582 2071 1198
2462 1015 3610 1431
457 74 1605 374
349 1015 524 1281
1830 2903 2146 3120
1955 2312 2354 2662
1480 607 2071 1198
981 407 1248 632
183 0 2778 1788
3352 1697 3710 2454
183 0 2704 1763
183 108 2080 1763
183 108 2038 1763
449 1081 1955 1763
183 108 2038 1248
183 108 2038 1239
682 532 2038 1239
2587 2920 3219 3120
2795 1480 3444 2096
3702 648 4160 890
1872 0 2704 1738
682 532 1489 898
998 782 2038 1239
183 108 1680 1239
0 0 2462 3120
1938 0 2704 1738
2071 0 2704 1738
2071 624 2704 1738
2071 898 2704 1738
183 266 1680 1239
1173 474 1431 732
0 0 2196 873
0 0 1189 790
823 0 2196 873
574 0 4160 3120
3053 1622 3261 1905
998 782 2038 1214
823 0 2196 440
3336 1539 3552 1722
1863 1181 2080 1622
183 274 1680 1239
2404 0 4160 3120
3444 1605 4160 3120
2404 0 4160 2163
2961 0 4160 607
2845 2795 3952 3053
574 1156 3893 3120
432 2329 1381 3120
399 823 765 1239
399 948 765 1239
1322 316 2055 873
1589 316 2055 873
0 673 2462 3120
432 2429 1381 3120
416 0 1189 266
183 274 1680 1198
183 274 1680 1040
2545 1156 3045 1805
2545 1164 3045 1805
574 1406 3893 3120
574 1406 1830 2238
732 1406 1830 2238
1680 2437 2462 3120
782 2679 1439 3120
1697 1530 3893 3120
249 274 1680 1040
249 274 1522 1040
474 274 1522 1040
474 407 1023 1040
474 582 1023 1040
0 673 2196 3120
931 1913 2196 3120
432 0 1189 266
2462 399 2912 898
3519 1697 3710 2154
0 673 1123 3120
574 274 1522 673
815 1780 1131 1971
432 2429 1356 3120
432 2554 1356 3120
532 2554 1356 3120
1089 1406 1830 2238
1089 1406 1788 2088
474 648 1023 1040
2945 832 4160 2163
823 0 2196 249
823 0 1971 249
2329 1089 2778 1788
2071 1023 2462 1738
474 682 1023 1040
3918 2371 4160 2737
3444 2080 4160 3120
732 1456 1214 2213
956 1456 1214 1838
1938 83 2254 1680
2720 0 2953 432
1697 1530 3677 3120
1697 1530 3652 3120
2637 2404 3511 2978
931 2138 2196 3120
998 782 1963 1214
2961 0 3835 607
432 0 940 266
3411 1064 4101 1489
3411 1064 4101 1264
0 1381 1073 3120
1023 2412 2196 3120
1872 2770 2196 3020
1064 1913 2030 2762
1064 1913 1855 2762
3169 2204 3677 2512
1023 2412 1955 3120
2903 2462 3511 2978
1855 1996 2238 2396
1023 2412 1605 2920
1447 2778 1955 3120
0 1381 1073 2803
1697 1530 3652 2745
2986 1896 3544 2229
3344 832 4160 2163
3344 1123 4160 2163
0 1381 1073 2645
1855 1530 3652 2745
2945 848 3544 1264
2171 1530 3652 2745
2171 1772 2753 2745
0 1381 1006 2645
349 1406 1006 2471
349 1406 931 2471
0 1381 765 2645
2587 2928 2820 3095
2770 2920 3219 3120
1239 2920 1439 3120
1830 2903 2021 3078
1347 2870 1522 3061
1447 2837 1688 3078
574 2803 765 2970
3744 2795 3952 3053
1872 2795 2146 2986
1522 2778 1955 3120
2903 2770 3369 2978
2013 2770 2196 3020
1847 2762 2046 2953
856 2762 1048 2936
3486 2728 3868 2953
2620 2712 2978 2903
2321 2712 3186 3120
2753 2679 3086 2903
782 2679 1372 3120
1156 2670 1381 2945
1406 2637 1605 2920
208 2637 657 3120
0 2629 524 3120
1256 2612 1480 2878
890 2562 1356 2920
532 2554 998 3120
1680 2545 2437 3120
1339 2512 1747 2853
3336 2496 3893 2970
3003 2462 3511 2928
1622 2462 2030 2695
1822 2437 2096 2662
607 2429 898 2870
2387 2412 2753 2745
1023 2412 1514 2728
0 2412 440 2803
2637 2404 3061 2712
1980 2404 2354 2662
3677 2379 4160 3120
1214 2379 1530 2579
3918 2371 4160 2587
2570 2362 2778 2529
1955 2312 2129 2504
2121 2279 2304 2462
3261 2246 3677 2512
1697 2188 2096 2479
1622 2179 1855 2496
832 2146 1073 2604
931 2138 1248 2554
3352 2129 3702 2454
590 2104 931 2471
0 2088 208 2254
3444 2080 4001 2770
1697 1971 2021 2238
0 1946 765 2645
2986 1938 3211 2121
2404 1938 2670 2238
1064 1913 1697 2762
3161 1896 3544 2229
1622 1896 1830 2238
574 1888 881 2080
1322 1838 1514 2088
732 1797 1214 2213
1372 1788 1688 2179
915 1780 1131 1946
574 1780 815 1971
2171 1772 2629 2562
2812 1738 3144 2030
3544 1697 3710 1938
1697 1697 2246 2146
1655 1688 1838 1888
3144 1622 3444 2096
2329 1614 2570 1797
1089 1614 1788 2088
3569 1605 4160 2504
