0 0 3120 4160
1747 990 2288 1530
1040 1780 1356 2055
2412 407 2645 782
66 1223 299 1389
1630 665 2138 1281
1106 865 1331 1164
0 3286 399 3685
191 2030 848 2421
191 2113 848 2421
216 2562 607 2887
216 2637 607 2887
116 823 782 1306
1239 3244 1713 3677
1921 2088 2138 2346
956 2163 1597 2537
973 2163 1597 2537
0 3419 249 3685
2579 3178 2995 3536
2695 0 2878 515
116 890 673 1306
2579 3178 2995 3411
2279 3494 2878 4160
2820 2005 3120 2687
2903 2005 3120 2687
1239 3244 1688 3677
1281 3278 1688 3677
998 241 2387 2179
2820 0 3120 615
2820 83 3120 615
2820 83 3120 524
2504 83 2687 357
124 890 673 1306
832 2970 1248 3352
2953 3560 3120 3960
299 2878 798 3236
299 2953 798 3236
998 416 2387 2179
1564 416 2387 1464
1630 416 2387 1331
1630 416 2387 1289
2279 3494 2870 4160
1913 3344 2329 3960
1988 3344 2279 3569
1913 3452 2329 3960
2038 3627 2329 3960
440 823 782 1181
2953 1306 3120 1639
2953 1306 3120 1505
998 1231 2312 2179
133 16 807 582
199 16 807 582
349 16 807 582
449 16 807 582
499 16 807 407
382 1181 940 1913
2196 1913 2936 2387
424 1181 773 1547
1630 416 2387 1164
1630 540 2071 1164
2279 3494 2870 3843
382 1198 940 1913
2279 3502 2870 3843
2496 3502 2870 3843
1921 0 2562 465
740 0 1605 965
1772 416 2387 1056
2953 3560 3120 3868
1913 990 2288 1456
1747 2995 2096 3253
1872 2995 2096 3169
740 0 1605 931
740 432 1256 931
2005 0 2562 465
2820 83 3120 266
856 0 1605 698
856 0 1605 682
1364 3020 1572 3286
1863 965 2096 1239
2196 1971 2936 2387
2196 1980 2936 2387
998 1322 2071 2179
0 0 3120 2953
2321 1148 2953 1805
2046 1231 2312 1730
1006 1006 1547 1522
0 2196 3120 4160
1031 3461 1447 4160
1031 3461 1447 3985
1064 3511 1447 3985
1189 3511 1447 3985
1256 3511 1447 3985
0 457 457 1148
0 457 457 1040
1614 241 1913 557
1539 1322 2071 1763
1539 1406 2071 1763
1006 1281 1214 1522
1797 3610 2179 4160
1797 3785 2179 4160
1847 3802 2179 4160
998 1580 1855 2179
1031 3461 1372 3852
1181 1006 1547 1414
2038 632 2337 1056
1772 416 2387 757
1664 0 1896 191
1256 3719 1447 3985
998 1580 1564 2179
1555 2762 1797 3011
2579 3219 2945 3536
2371 1980 2936 2312
1223 2387 1664 2795
191 2146 848 2421
2520 83 2687 357
2154 266 2895 1447
856 0 1589 607
856 0 1589 424
1098 1580 1564 2146
632 2238 1048 2637
632 2238 1048 2579
632 2238 848 2545
407 1198 940 1896
482 1198 940 1688
657 1198 940 1630
2321 2862 2745 3128
91 2271 465 2487
740 432 1223 931
798 432 1223 923
1888 432 2387 757
1664 241 1913 557
2030 0 2562 241
2662 2196 3120 3095
116 3286 399 3552
2196 374 2895 1447
2196 923 2454 1447
2321 1347 2953 1805
0 2213 3120 4160
2229 2321 2662 2762
2229 2354 2662 2762
2362 2479 2662 2762
2038 632 2337 948
807 2213 1322 2795
881 2279 1322 2795
2645 3610 3120 4160
2645 3760 3120 4160
2737 673 3120 1015
574 823 773 1131
66 557 457 1040
66 665 349 1040
2204 374 2895 1322
2496 1347 2953 1805
2587 1505 2953 1805
1497 0 2121 515
0 1547 216 1863
1314 1006 1547 1414
1314 1198 1497 1414
1223 2387 1564 2795
2171 0 2562 241
174 2329 698 2728
1913 3685 2645 4160
1913 3760 2412 4160
865 0 1589 424
865 0 1297 424
0 0 1797 2737
1297 2587 1780 3003
2371 2013 2795 2312
890 1572 1314 2055
890 1572 1181 2055
0 3369 906 4035
282 2213 3120 4160
282 3461 1281 4160
1456 3652 1738 4160
1497 0 2121 449
1680 124 2121 449
2496 1347 2770 1655
2055 1597 2279 2021
1381 0 3120 2953
2870 782 3120 1081
1306 698 1738 1572
0 2371 698 3519
0 3278 282 3519
856 3461 1281 4160
856 3610 1281 4160
2005 141 2437 524
1223 208 1472 607
2737 673 3120 998
391 2213 3120 4160
391 2629 1306 3594
391 2903 1306 3594
133 3369 906 4035
133 3369 906 4026
1098 1630 1564 2146
1239 1697 1564 2146
2662 2196 3120 2936
1148 2071 1672 2337
0 0 1797 2321
116 1880 1306 2321
2179 3685 2645 3885
640 2213 3120 4160
1206 2213 3120 4160
2204 374 2837 1306
2204 374 2837 1281
2346 732 2837 1281
2537 1040 2837 1281
2787 3877 3120 4160
391 2903 1289 3469
1314 2213 3120 4160
1489 2213 3120 3785
1489 2354 3120 3785
1489 2437 3120 3785
1489 2487 3120 3785
282 3527 1031 4160
282 3544 1031 4160
282 3544 790 4160
2263 3120 2471 3419
241 3369 906 4026
1497 0 1763 374
174 2329 698 2579
2512 2487 3028 2837
1314 3419 1921 4160
1164 0 1589 299
1489 2662 3120 3785
2329 2953 3120 3727
1672 3502 1921 4160
465 3369 906 4026
116 1880 1031 2321
116 1880 790 2171
1431 2587 1780 2936
2662 2196 3120 2887
2662 2196 3070 2595
2662 2196 2928 2570
366 3544 665 4101
366 3685 665 4101
407 3735 665 4101
640 2604 1439 3286
898 3610 1281 4160
0 2371 698 3294
1472 3652 1738 4160
1489 2662 2845 3785
1489 2662 2620 3785
391 2903 1139 3303
274 890 532 1164
0 0 1797 2279
0 0 990 1023
1489 2662 2462 3785
0 449 1797 2279
515 1772 965 2005
607 1772 965 1996
0 3536 216 3852
615 3652 906 4026
590 0 898 166
1489 2662 2462 3569
0 2371 465 3294
1456 698 1738 1439
698 2604 1439 3286
1381 1364 2812 2953
282 3818 790 4160
1381 1364 2662 2953
549 3203 1289 3469
590 74 990 856
0 1064 249 1572
898 3610 1231 4160
898 3610 1114 4093
1206 2903 1772 3394
973 0 1322 257
2396 0 3120 2396
2121 2354 2379 2595
2545 0 2762 499
382 1647 732 1913
0 2371 465 3286
1713 2662 2462 3411
241 3461 474 3785
1988 2437 2579 3003
2329 3011 3120 3727
2737 3011 3120 3727
2737 698 3045 998
1639 1406 2071 1763
2196 923 2454 1364
2637 2487 3028 2837
465 3369 807 3802
590 349 948 856
1822 2662 2462 3411
2479 0 3120 2396
1381 1364 2545 2953
0 0 765 1023
0 0 765 965
0 0 682 965
0 0 682 732
0 0 607 648
0 0 607 624
0 0 607 399
0 0 607 357
0 0 291 357
698 2604 1439 3144
158 0 607 282
158 24 599 282
391 2903 1139 3211
0 2371 465 3153
66 2371 366 2895
1822 2662 2329 3411
0 2154 332 2737
2737 3294 3120 3727
1306 1314 1564 1572
698 2604 1439 3020
1822 2662 2296 3178
1971 2662 2296 3178
1971 2737 2296 3178
707 74 990 599
1381 1572 2545 2953
1381 1713 2545 2953
449 2903 1139 3211
740 2903 1139 3211
981 2604 1439 3020
1988 2437 2421 2887
282 3818 665 4160
2487 0 3120 2304
2637 1930 3120 2304
307 391 574 648
998 1339 1530 1730
1381 1713 2545 2545
1547 1713 2545 2504
1630 1713 2545 2504
1688 1713 2545 2379
0 1098 782 2279
2487 0 3120 2104
2487 199 3120 2104
723 449 1797 1730
1314 3419 1672 4160
1688 1805 2055 2379
0 1098 540 2279
0 1239 540 2279
0 1239 540 2129
124 1239 540 1913
2204 1572 2471 1905
1888 1713 2545 2371
91 1946 540 2279
2487 324 3120 2104
2487 324 3120 1913
2487 324 3120 1639
2487 324 3120 1223
723 807 1414 1730
2645 1248 3070 1913
124 1389 540 1913
2704 324 3045 823
2396 33 2695 632
1089 449 1797 1064
1888 1713 2263 2371
1630 540 1872 1164
723 807 1281 1730
815 1139 1098 1730
723 807 1281 1364
2487 648 3120 1223
1688 1805 1988 2238
2645 1331 3070 1913
2545 3993 2887 4160
1456 3993 1647 4160
2254 3943 2446 4160
1081 3927 1447 4160
940 3902 1114 4093
2787 3877 3020 4085
407 3868 648 4101
2071 3852 2412 4068
732 3843 898 4026
2412 3835 2803 4160
1056 3827 1281 4010
282 3818 482 4068
0 3818 257 4160
1256 3810 1431 3985
1847 3802 2013 4160
1747 3777 1921 4160
1913 3760 2337 4160
723 3735 1031 4160
499 3735 665 3918
291 3719 457 3985
1064 3710 1231 3902
133 3694 374 3877
2179 3685 2645 3877
366 3685 615 3918
1356 3669 1597 4160
1472 3652 1738 4035
615 3652 906 4018
2512 3635 2695 3843
2695 3627 2870 3843
2778 3610 2995 3902
1805 3610 1971 3818
898 3610 1114 3918
2279 3577 2554 3768
2953 3560 3120 3793
416 3544 665 3768
2046 3527 2271 3719
632 3527 940 3785
24 3519 208 3685
1264 3511 1447 3943
2496 3502 2770 3835
1672 3502 1847 3843
1131 3502 1339 3835
2570 3494 2745 3669
241 3486 416 3694
865 3461 1098 3685
282 3461 474 3785
1913 3452 2163 3677
2737 3436 2920 3694
565 3436 807 3802
1314 3419 1672 3719
0 3419 249 3635
1655 3386 2063 3785
2088 3377 2354 3760
948 3369 1306 3594
465 3369 798 3669
2113 3361 2279 3569
0 3328 282 3519
2404 3319 2828 3644
1530 3311 1713 3577
224 3311 399 3552
2862 3294 3120 3727
1281 3286 1688 3677
116 3286 282 3477
1439 3278 1680 3594
307 3253 549 3444
1064 3244 1289 3469
2629 3219 2978 3411
2604 3219 2945 3494
2579 3219 2920 3536
549 3203 1139 3411
1489 3169 2038 3569
1713 3144 1955 3394
1996 3136 2329 3411
1888 3128 2129 3411
2296 3120 2471 3286
1156 3078 1414 3286
2329 3061 2853 3585
1747 3061 1996 3253
2454 3020 2803 3194
1364 3020 1572 3203
2837 3011 3120 3352
91 3011 424 3211
782 2986 1015 3211
1971 2978 2254 3178
873 2970 1248 3352
2188 2961 2462 3261
449 2961 815 3178
2820 2953 3036 3161
1123 2953 1297 3144
299 2953 574 3211
1713 2945 1980 3111
391 2945 624 3128
1422 2920 1772 3236
1206 2903 1530 3394
740 2903 1139 3161
2479 2862 2745 3078
2412 2862 2620 3095
2920 2845 3120 3045
2870 2837 3070 3053
2712 2837 2945 3095
1822 2787 2138 3028
0 2778 465 3153
424 2770 698 3003
1555 2762 1747 3011
2296 2745 2579 3003
2080 2737 2296 3053
1297 2728 1647 3003
2437 2712 2845 2953
1198 2712 1364 2887
2770 2704 3028 2936
981 2704 1439 3020
698 2704 1031 2995
1872 2687 2204 2945
216 2637 607 2820
1522 2629 1780 2936
565 2629 748 3036
1015 2604 1239 2770
640 2604 923 2803
2579 2587 2762 2770
307 2562 532 2753
2936 2554 3120 2887
183 2496 407 2670
2637 2487 2978 2795
416 2487 682 2728
2396 2479 2570 2662
2163 2471 2421 2887
1988 2437 2304 2679
2213 2421 2379 2595
940 2421 1322 2795
1888 2404 2071 2679
2778 2396 2953 2579
1223 2387 1564 2612
174 2379 698 2579
673 2371 956 2637
66 2371 232 2895
2662 2321 2928 2570
2379 2321 2637 2554
1988 2296 2221 2471
91 2296 307 2487
0 2296 166 2737
632 2288 807 2545
2820 2279 3028 2462
1381 2279 1605 2545
881 2279 1164 2562
823 2279 1048 2579
1605 2254 2113 2953
191 2254 773 2421
2945 2246 3120 2446
973 2221 1339 2446
2545 2213 2753 2562
2479 2204 2670 2396
1813 2204 2055 2379
2712 2196 2920 2387
1164 2163 1597 2537
1148 2163 1314 2337
0 2154 332 2545
2196 2146 2529 2387
2637 2104 3011 2304
1921 2088 2121 2288
2371 2080 2562 2288
2512 2013 2795 2312
1755 2013 1988 2238
1630 2013 1896 2504
2903 2005 3120 2454
998 1996 1431 2179
2679 1980 2936 2171
2379 1971 2728 2146
2171 1963 2545 2354
241 1963 540 2279
2030 1946 2263 2371
91 1946 357 2263
2853 1930 3120 2188
407 1921 1031 2321
1264 1896 1564 2146
391 1896 790 2171
116 1880 532 2055
990 1813 1181 2030
1688 1805 1938 2138
2196 1772 2412 2046
607 1772 865 1996
0 1772 349 2129
224 1763 465 1946
1505 1747 1805 2096
2712 1713 3120 2104
1888 1713 2113 2121
1747 1705 2038 1938
1239 1697 1555 1955
2487 1680 2662 1872
2204 1664 2471 1905
549 1664 732 1847
1555 1655 1855 1930
382 1647 648 1913
1106 1639 1314 1822
1098 1630 1472 1930
2487 1605 2812 2055
2695 1597 3070 1913
2055 1597 2279 1813
1339 1580 1555 1772
2221 1572 2429 1738
1738 1572 2046 1763
890 1572 1148 2055
407 1572 906 1896
0 1572 216 1863
124 1547 524 1913
2321 1522 2570 1780
2587 1505 2820 1805
873 1505 1098 1730
998 1464 1364 1730
2046 1456 2312 1730
482 1456 823 1688
1539 1447 1755 1763
1639 1406 2071 1713
2188 1397 2454 1630
149 1389 540 1614
2329 1364 2537 1664
1747 1339 2113 1530
1123 1339 1530 1622
2645 1331 3045 1730
424 1331 615 1547
1664 1322 1996 1564
2196 1281 2421 1447
1913 1256 2154 1456
2720 1248 2912 1414
224 1239 515 1564
2121 1231 2304 1522
91 1223 299 1389
2853 1206 3120 1639
0 1206 241 1572
1564 1198 1730 1464
657 1198 873 1622
574 1181 773 1464
2562 1164 2753 1414
2446 1148 2620 1381
815 1139 1089 1547
465 1131 782 1406
1456 1098 1697 1439
199 1098 416 1331
2196 1089 2454 1364
0 1064 249 1306
2537 1040 2837 1248
1214 1031 1414 1239
274 1015 673 1306
1339 1006 1547 1256
1123 981 1331 1164
2520 956 2795 1139
574 956 773 1131
723 931 1114 1264
2213 923 2421 1239
1680 923 2104 1331
1905 915 2179 1289
2662 898 3120 1223
440 898 782 1181
124 890 440 1281
2479 873 2695 1089
316 856 524 1040
1139 832 1414 1081
848 807 1281 1364
2737 798 2912 998
2113 798 2312 1056
2953 782 3120 1015
2288 748 2462 1031
2346 732 2604 1239
624 723 840 1015
249 723 457 1023
2096 707 2288 956
2853 698 3045 940
1472 698 1738 1123
2038 690 2213 948
416 682 682 965
1630 665 2138 1189
66 665 349 981
2487 648 2803 973
1089 648 1564 1064
1031 640 1214 832
2088 632 2337 848
798 632 1089 923
1838 590 2071 832
116 557 457 740
1089 549 1322 757
391 549 682 732
1688 540 1872 923
0 532 208 923
673 515 948 856
2171 507 2387 757
2770 499 3045 823
574 490 765 682
2945 482 3120 757
1314 474 1522 698
2462 449 2654 657
1456 449 1797 773
2604 432 2795 707
1888 432 2271 707
881 432 1223 798
1772 416 2038 624
307 391 490 590
2204 374 2562 782
1672 366 1913 557
0 366 316 624
1239 349 1472 607
590 349 832 765
2462 332 2695 632
1522 332 1722 515
2704 324 3003 690
782 316 990 599
2005 299 2312 524
449 299 757 582
2154 266 2387 440
865 249 1264 499
391 241 657 424
2912 216 3120 524
1339 216 1514 490
1223 208 1406 532
2820 199 3095 382
499 199 807 407
1056 191 1297 424
249 191 490 382
199 191 399 457
0 158 199 357
133 149 307 416
2138 141 2437 465
1888 133 2121 449
1680 124 1946 424
2005 116 2171 465
707 74 973 366
1497 66 1713 374
1164 66 1439 274
2396 33 2604 382
158 24 490 282
2753 0 3095 274
2254 0 2562 241
2030 0 2196 183
1921 0 2088 316
1289 0 1589 299
1123 0 1322 199
973 0 1198 257
865 0 1181 266
0 0 291 241
1630 665 2288 1456
1780 906 2288 1456
1905 915 2288 1456
0 2179 3120 4160
0 0 3120 3677
0 0 2113 3677
632 0 3120 3045
0 2254 3120 4160
1256 2071 1688 2238
1023 191 1306 449
1023 191 1297 449
1281 216 1572 848
1281 474 1522 848
624 723 873 1015
0 0 2113 2179
2412 407 2654 782
2462 449 2654 715
940 2254 3120 4160
0 2903 2013 4160
1198 2570 1480 2887
0 823 1688 3677
0 823 1181 3286
1505 923 2104 1763
1747 3610 2013 4160
1747 3777 2013 4160
1522 0 3120 2021
1339 216 1572 490
632 1522 3120 3045
0 2903 1847 4160
158 24 807 424
2820 0 3120 266
0 823 1139 3286
2604 3219 2995 3494
1031 3461 1447 3943
632 2213 965 2545
823 1522 3120 3045
91 2296 449 2487
2404 1148 2695 1464
2404 1148 2620 1381
1472 540 1872 1164
1231 2570 1480 2795
457 3111 1688 3677
2096 707 2462 1239
2096 707 2421 1239
0 898 1139 3286
0 3169 341 3635
0 3278 282 3635
0 0 2013 1572
482 515 2113 2179
2379 1913 2753 2146
865 183 1472 607
1888 0 3120 2021
2520 1505 2953 1805
2520 1505 2820 1805
1522 332 2387 832
1505 1198 1755 1763
2080 2354 2570 2662
2337 2412 2570 2662
1539 1198 1755 1763
0 881 440 1572
823 1522 3120 2795
823 2221 1339 2728
1422 2828 2254 3261
1422 2920 2254 3261
1422 2920 2254 3253
0 0 2013 1256
865 183 1264 499
998 1780 1564 2179
782 2903 1847 4160
998 1896 1564 2179
391 199 807 424
457 3178 1688 3677
2604 3219 2978 3494
1672 366 2387 832
2853 216 3120 615
116 1763 865 2171
956 1522 3120 2795
2379 1605 2812 2055
1081 3502 1447 4160
1131 3502 1431 3985
0 3253 1306 4160
2662 2321 3120 3045
2870 2446 3120 3045
2520 0 2878 515
2520 0 2762 499
1713 2828 1980 3111
0 881 440 1381
0 890 440 1381
124 890 440 1331
2055 1281 2454 2021
2055 1397 2454 2021
1456 3893 1713 4160
282 3461 665 3785
2113 798 2421 1239
1772 416 2387 832
1913 3377 3120 4160
2545 3760 3120 4160
2545 3902 3120 4160
2853 3902 3120 4160
482 515 2113 1955
1772 416 2271 832
116 474 574 740
440 898 782 1406
407 3652 1031 4160
2080 2354 2487 2612
2679 1930 3120 2462
1913 3436 3120 4160
2496 3436 3120 3902
2496 3502 2770 3843
0 1064 249 1381
2695 3436 3120 3902
0 1139 1139 3286
91 2146 1139 3211
940 2254 3120 3785
2254 2487 2945 3194
2254 2487 2945 3095
2437 2487 2845 2953
1888 0 3120 1730
2329 482 3120 1730
116 515 465 740
1913 3452 3020 4160
2870 2554 3120 3045
956 2055 1597 2537
956 2055 1314 2337
457 3203 1688 3677
2254 2745 2945 3095
1838 432 2271 832
0 0 2013 1164
865 0 2013 532
865 3369 1306 3685
183 2487 748 3036
823 2221 1339 2579
2071 3752 2554 4068
183 2496 607 2820
1888 0 3095 1730
2820 1930 3120 2462
973 0 2013 532
973 0 2013 424
973 0 1946 424
0 0 1797 1164
0 532 349 1031
1422 2920 2096 3253
1747 3028 2096 3253
1913 3452 2645 3960
549 3203 1688 3677
2071 3835 2554 4068
823 2279 1164 2579
873 2903 1847 4160
2512 2487 2762 2770
2254 2745 2745 3095
2254 2745 2579 3011
673 515 2113 1955
1555 1339 2113 1930
1639 1339 2113 1763
1381 1522 3120 2795
515 1772 865 2005
673 515 1697 1955
673 515 1089 923
2504 191 2687 357
723 807 1697 1955
1888 0 3095 1364
249 682 682 1164
249 723 532 1164
0 532 208 1031
2487 482 3120 1730
0 1139 1098 3286
0 2154 499 3286
0 2154 332 2895
91 2254 1139 3211
0 1139 1098 2321
1888 0 3095 823
2753 0 3095 382
873 2903 1847 4035
2196 374 2604 1364
2404 3835 3020 4160
2321 2961 2803 3194
2321 3020 2803 3194
2404 3835 2803 4160
873 2903 1847 3843
873 2903 1680 3594
873 2903 1572 3394
873 2903 1530 3394
873 2953 1414 3352
0 0 1797 1081
0 3253 1114 4160
0 3694 374 4160
1988 2080 2562 2679
1988 2146 2529 2679
1988 2296 2304 2679
1888 0 3045 823
1888 0 2312 524
116 1763 532 2055
174 2254 956 2803
174 2254 956 2637
174 2271 956 2637
2695 3436 2995 3902
998 1098 1697 1955
1098 1630 1555 1955
2487 482 3120 1414
2487 482 3120 1248
0 2687 499 3286
2870 2554 3120 2887
241 3253 1114 4160
282 3436 1114 4160
282 3719 790 4160
1888 116 2312 524
2005 116 2312 524
91 2704 1139 3211
299 2704 1139 3211
1381 1713 2263 2545
1123 2953 1414 3286
2487 482 3120 1223
0 2687 465 3286
0 2778 465 3286
2171 1522 3120 2795
282 3719 665 4160
940 2254 2421 3028
2171 0 3045 823
2604 324 3045 823
299 2770 698 3211
241 3253 798 3694
241 3369 798 3694
349 3369 798 3669
2080 2354 2379 2612
1223 2387 1589 2778
998 1098 1697 1772
998 1339 1555 1772
1123 1339 1555 1772
615 3652 1031 4160
973 0 1713 374
1123 0 1713 374
1289 0 1713 374
2196 1522 2662 2046
2204 1522 2662 1905
2412 2862 2745 3095
0 16 1797 1081
1314 3419 1738 4035
366 3436 1114 3918
1306 1098 1697 1572
2737 3436 2995 3902
1381 1713 2121 2545
1888 1713 2121 2288
2171 0 2695 632
0 1139 1098 2279
407 1139 1098 1980
299 2945 624 3211
449 2704 1139 3178
0 16 1015 765
590 16 1015 599
590 16 1015 366
590 16 973 366
2171 1597 3120 2795
1489 2737 3120 3785
1888 2737 3120 3768
2080 2737 3120 3768
2080 2737 2462 3261
2279 2953 3120 3768
1888 3128 2329 3477
0 1239 648 2279
0 1239 648 2263
0 1772 357 2263
2204 374 2604 1239
416 2487 748 3036
0 191 832 765
723 807 1414 1397
2853 1930 3120 2454
124 1239 648 1913
124 1389 648 1913
1381 1747 2055 2545
565 3436 1114 3918
2853 482 3120 940
1639 1339 2113 1713
1505 1747 2055 2504
2279 3011 3120 3768
2837 3011 3120 3727
1123 1339 1539 1622
2321 1522 2662 1872
2379 2213 2978 2795
174 2271 698 2579
407 1572 1081 1980
449 299 832 765
2279 3061 2853 3768
881 432 1797 1081
1089 449 1797 1081
0 191 490 624
2296 3061 2853 3644
1664 16 1946 424
1888 3128 2329 3411
1489 3144 2063 3785
632 3527 1114 3918
815 1597 1081 1980
1547 2013 2055 2504
1123 981 1414 1397
2171 1597 3120 2354
2171 1713 3120 2354
1505 1747 1938 2138
2329 3061 2853 3644
0 191 399 624
1630 2013 2055 2504
2171 1963 3011 2354
2171 1963 2795 2354
1064 3244 1688 3677
1181 1031 1414 1397
981 2254 2421 3028
1522 2254 2421 3028
1522 2254 2113 2953
698 2704 1139 3161
981 2604 1647 3020
