0 0 4208 2364
2819 1060 3214 1228
2154 1228 2667 1430
0 917 850 1582
2869 1178 3290 1851
3349 218 3669 648
2785 1237 3307 2364
774 732 1110 1397
807 0 1708 370
1708 530 2625 1077
1700 244 2036 446
2558 1708 2886 2053
244 1371 715 1708
260 462 605 740
2785 1237 3231 2364
286 168 917 850
3147 1826 3602 2364
3147 2171 3383 2364
3147 2171 3332 2364
286 168 883 673
2869 1262 3265 1851
3206 791 4208 1237
3374 791 4208 1237
3458 791 4208 1110
2348 185 2701 614
959 1784 1708 2364
959 1784 1430 2137
3214 1826 3602 2364
1708 530 2507 1077
1708 673 2507 1077
3947 1902 4208 2297
1169 1851 1708 2364
3829 791 4208 1110
3829 816 4208 1110
1169 1851 1422 2364
1169 2053 1413 2364
1397 1910 1708 2364
2137 1784 2432 2087
1211 622 1649 1052
2247 0 4208 2364
0 0 3299 2364
0 681 395 1338
1178 732 2659 1691
2785 631 3055 850
1228 1851 1422 2247
2743 0 3719 572
1447 732 2659 1388
959 1784 1321 1977
446 2011 732 2364
841 0 2398 631
841 0 1354 193
1447 732 2600 1388
1716 732 2600 1296
1716 732 2305 1296
1851 732 2305 1296
1178 993 1767 1691
3660 2188 4208 2364
454 252 883 673
2196 1228 2667 1430
1851 1464 3122 2364
1851 1464 2844 2364
3618 1279 4208 2112
2255 446 3299 1977
2255 446 3113 1287
2516 732 3113 1287
0 0 2911 2364
3517 0 4081 437
0 875 395 1338
1127 1043 1397 1228
2533 1801 3122 2364
2667 1826 3122 2364
1253 58 1767 345
2255 446 2895 1026
0 0 2390 2364
0 0 1573 2364
0 0 740 1329
0 0 681 614
0 0 681 462
193 0 681 193
2247 0 3181 547
1346 1203 2911 2348
1346 1203 2794 2348
1700 1270 2794 1716
0 75 530 462
2247 0 3181 521
2247 0 3063 521
2339 0 3063 521
2339 0 2625 521
0 336 740 1329
345 1026 715 1245
1060 294 2390 1119
589 2019 917 2364
589 2137 850 2364
1346 1203 2491 2348
2078 1641 2491 2019
1464 0 2255 252
1775 0 2255 252
749 25 925 462
2550 244 4208 2364
0 1169 1043 2364
0 1346 1043 2364
0 1742 1043 2364
2726 1296 2911 1809
563 0 1573 2364
563 0 1531 2364
92 1742 1043 2364
1775 0 2129 185
2911 0 3719 572
0 1346 1026 1843
0 1531 1026 1843
1346 1203 2423 2348
0 336 740 1279
0 336 740 1136
42 336 740 1136
151 866 740 1136
2667 1826 2895 2146
1346 1405 2423 2348
664 1742 1043 2364
3172 1472 3509 1977
0 75 530 420
850 0 1354 193
2962 1009 4208 2364
3400 1018 4208 2364
3602 1018 4208 1489
3602 1018 4140 1489
2550 244 4208 1136
3172 387 3955 791
3172 387 3635 791
3172 479 3610 791
2684 1876 3122 2364
2684 1876 3088 2364
3164 1859 3400 2154
2550 311 3820 1136
1346 1455 2423 2348
2693 816 3820 1136
1304 353 1716 614
3602 1035 4140 1489
33 2011 555 2364
2550 311 3357 841
2550 311 3080 833
92 917 850 1582
3282 387 3635 597
631 0 1304 1077
631 0 1152 976
1060 294 1641 900
2718 816 3820 1136
563 866 1531 2364
3400 1237 3997 2364
3517 244 4208 1009
1624 1405 1994 1649
2718 866 3820 1136
1447 1018 2196 1388
2566 1481 2844 1767
2810 1262 3299 1977
3458 1018 3829 1363
2962 1009 3517 1683
2962 1245 3517 1683
100 1582 833 1994
3517 454 4208 1009
0 462 168 833
1354 345 2390 1119
1885 345 2390 866
1902 420 2390 866
1354 345 2087 1119
3618 1506 4208 2112
3585 0 3989 328
715 866 1531 2364
1489 1986 1893 2348
3400 1388 3997 2364
3400 1388 3871 2364
715 866 1531 1817
715 993 1531 1817
3400 1388 3795 2364
1346 1455 2423 2331
1498 1523 2423 2331
1556 1523 1784 1969
1590 1986 1893 2348
2659 185 2937 547
3795 1556 4208 1977
3905 1556 4208 1977
3930 1624 4208 1977
3400 1388 3795 1859
1043 605 1304 1077
42 336 706 1043
3627 454 4208 1009
3113 0 3719 572
1060 294 1565 900
2810 1262 3122 1599
2255 446 2853 959
2255 446 2575 866
3071 1009 3408 1312
2314 1439 2583 1615
3627 454 4208 959
2533 0 3063 412
2356 0 2625 412
3113 0 3568 572
1321 1960 1489 2364
1531 1523 2423 2331
1851 1464 2777 2364
1691 1523 2423 2331
1354 345 2061 757
1472 429 2061 757
1354 597 2087 1119
1060 294 1447 900
2550 311 2937 664
100 639 706 1043
3745 1279 4208 1725
1447 1018 1935 1388
1691 1523 2423 2154
3719 2188 4208 2364
883 2188 1085 2364
3189 2171 3383 2364
2457 2171 2709 2364
807 2162 1052 2364
1624 2129 1893 2348
4014 2120 4208 2297
67 2087 277 2364
2684 2061 3088 2364
2499 2061 2752 2364
1211 2053 1413 2364
698 2036 1043 2364
33 2036 227 2364
681 2019 917 2305
547 2011 732 2364
159 2011 555 2364
2693 2003 2920 2213
3787 1994 3997 2263
1590 1986 1893 2247
1489 1986 1683 2263
0 1952 193 2364
3652 1944 3871 2255
2667 1935 2886 2146
1439 1918 1708 2196
2171 1910 2373 2087
1397 1910 1657 2364
3947 1902 4208 2221
1851 1902 2491 2364
3164 1859 3366 2154
1531 1851 1784 2045
3930 1817 4208 2061
2625 1817 2810 2053
3517 1809 3770 2364
1052 1809 1430 2137
2533 1801 2819 2104
2608 1784 2886 2053
2137 1784 2432 2061
92 1784 774 2078
3088 1775 3307 2070
0 1775 513 1994
2238 1767 2491 2019
1826 1758 2053 2331
353 1758 639 1994
664 1742 976 2272
1397 1733 1573 1977
2558 1708 2836 1893
4014 1700 4208 1952
1447 1700 1666 1918
1498 1691 1733 1986
1952 1666 2423 2154
3282 1657 3509 1977
2078 1641 2474 1834
807 1632 1228 2364
201 1632 639 1843
1052 1624 1388 1826
1607 1599 1784 1969
244 1582 833 1994
3795 1565 4140 1893
3905 1556 4208 1960
2566 1548 2844 1767
816 1540 1026 1733
3492 1531 3795 1859
0 1531 841 1843
1691 1523 2196 1935
1397 1514 1615 1742
3618 1506 4090 2112
2120 1506 2423 1775
2954 1489 3299 1977
2583 1481 2827 1700
3930 1472 4140 1641
3172 1472 3400 1775
2348 1464 2777 2364
1346 1455 1615 1725
2735 1422 2911 1809
1624 1413 1885 1649
1708 1405 1994 1649
3400 1388 3703 1809
0 1388 227 1801
3745 1363 4208 1725
2600 1363 2777 1607
1918 1363 2179 1556
395 1354 850 1582
0 1346 387 1615
3871 1279 4090 1481
3719 1279 4090 1582
2869 1262 3181 1548
2810 1262 3122 1506
2962 1245 3467 1683
3442 1237 3627 1489
850 1237 1531 1817
2339 1228 2667 1397
1346 1203 1599 1556
690 1169 934 1565
563 1169 774 1371
319 1161 605 1329
4031 1144 4208 1397
1060 1127 1304 1405
1784 1110 2196 1363
3888 1102 4123 1321
1607 1102 1935 1371
0 1102 395 1338
1716 1077 1918 1270
2550 1060 2752 1245
1338 1060 1624 1312
3130 1052 3408 1312
1195 1043 1397 1228
3374 1026 3585 1237
345 1026 715 1228
3736 1018 3955 1203
1447 1018 1876 1388
2398 1001 2659 1245
715 993 1169 1498
3947 984 4208 1152
1405 959 1758 1161
176 959 370 1178
3282 951 3820 1136
210 951 454 1136
92 917 664 1430
0 875 185 1144
2718 866 3484 1085
1077 866 1422 1321
151 866 740 1127
1354 841 1708 1119
3955 816 4208 1043
1851 791 2137 1152
1279 782 1649 1052
2204 774 2600 1279
1119 749 1304 976
3804 732 4006 1009
1960 732 2305 1296
774 732 1009 1127
2171 698 2507 925
294 690 706 1043
0 681 193 1043
1708 673 2230 1077
3517 656 3787 908
1447 656 1868 967
2255 639 2516 866
1902 639 2154 866
100 639 580 858
1211 622 1573 807
1599 597 2087 1001
3349 580 3610 774
1060 580 1447 900
2886 530 3357 841
2230 530 2499 715
2474 521 2853 959
572 521 908 951
412 513 605 715
1472 504 2061 757
3172 479 3433 791
1927 479 2196 664
260 462 462 740
0 462 168 673
3627 454 4208 866
1253 446 1590 706
1556 429 1817 664
3602 420 3955 698
2053 420 2390 740
1809 403 2019 622
1304 403 1540 614
3635 387 3871 656
3282 387 3627 589
605 387 883 673
3391 361 3669 648
2550 361 2827 664
2726 353 3080 833
1885 345 2137 580
1354 345 1859 757
1253 336 1641 614
42 336 420 782
2768 311 2937 572
1321 311 1565 521
1068 311 1304 513
1178 294 1413 656
3787 277 4022 547
942 269 1152 976
244 269 614 614
2045 252 2390 547
454 252 791 580
3955 244 4208 664
2348 244 2600 605
1834 244 2036 446
2339 218 2524 521
1068 201 1708 370
3517 185 4081 437
2752 185 2937 446
2507 185 2701 614
2743 168 2920 387
3980 151 4208 429
2247 151 2415 462
0 143 437 462
2911 109 3214 479
2356 75 2550 412
1363 75 1767 345
92 75 530 420
3888 0 4208 252
3677 0 3854 193
3467 0 3719 252
3282 0 3568 286
3113 0 3559 572
2651 0 3063 412
2533 0 2827 269
2373 0 2541 218
2070 0 2415 387
1885 0 2255 252
1952 0 2179 185
1868 0 2129 185
1178 0 2398 631
1035 0 1354 193
841 0 1035 193
807 0 1195 353
631 0 1009 942
1346 0 4208 2364
3930 1472 4208 1641
0 0 2398 2364
1700 732 3871 2053
1346 0 3181 2331
538 0 1304 1397
0 0 883 1582
1397 0 4208 2364
1439 1296 2162 1540
2886 0 4208 2364
2608 1784 2895 2053
1700 732 3871 1893
2045 252 2507 925
1397 1237 3383 2364
2171 530 2507 925
0 959 1767 2364
749 0 2398 1371
572 0 1304 1397
1397 1237 3332 2364
1169 1851 1489 2364
2693 1725 3055 2331
2693 1733 3055 2331
0 993 1767 2364
345 1026 723 1279
749 0 2398 1321
1228 1851 1489 2364
959 1624 1388 1885
3172 185 4081 791
2078 1641 2474 2061
1068 84 1708 521
1068 201 1708 521
2726 1237 3332 2364
2726 1237 3231 2364
3652 1186 3888 1556
2154 1228 2667 1397
1397 1464 3088 2364
0 993 1531 2364
959 1809 1430 2137
1489 1464 3088 2364
2087 1506 2423 1775
2810 1262 3181 1599
1060 0 2398 1321
3391 185 4081 648
3172 471 3635 791
1060 75 2196 1321
1363 75 1918 403
1262 1851 1489 2364
1700 732 3113 1893
2718 732 3871 1136
2718 749 3871 1136
2693 1733 3046 2213
1885 0 3181 959
1060 244 2196 1321
33 2011 563 2364
1060 294 2196 1321
2735 1237 3231 2364
0 0 850 1582
2558 1363 2844 1893
2558 1481 2844 1893
2954 1009 4208 2364
2954 1009 3871 2364
2954 1472 3871 2364
2954 1489 3871 2364
2954 1489 3366 2154
3492 1018 4208 2364
3602 1018 4208 2364
631 0 1304 1397
749 0 1354 462
765 0 1354 462
807 0 1354 353
2718 816 3871 1136
0 277 462 1043
0 513 850 1582
1885 0 3181 833
3214 1809 3871 2364
2962 1009 3829 1809
1060 294 2137 1321
2962 1018 3829 1809
2827 816 3871 1136
2886 0 4208 1110
3517 0 4208 1110
1346 639 2600 2331
2718 858 3484 1085
0 1531 1043 2364
0 1582 1043 2364
0 1582 833 2078
3660 2120 4208 2364
3517 387 4208 1110
1397 1700 1666 1977
0 336 462 1043
2827 816 3871 1035
0 0 681 420
1060 294 2087 1321
563 993 1531 2364
151 0 681 193
563 1169 934 1565
2070 0 3181 833
0 639 850 1582
3602 1018 4208 2263
3618 1279 4208 2263
3795 1556 4208 1960
3787 0 4208 664
1851 1464 3088 2364
3888 0 4208 429
2070 0 3181 664
2348 244 2853 959
1346 639 2600 1725
1556 1363 2179 1691
1624 1363 2179 1649
0 1346 715 1801
3719 2120 4208 2364
1809 345 2137 622
0 1582 833 1994
2886 0 3989 841
2954 1489 3307 2070
3517 387 4208 1094
1700 732 3113 1716
2886 0 3854 841
1708 1851 1910 2162
1851 1464 2886 2364
572 521 917 951
1960 639 2600 1296
2457 446 2853 959
2558 1548 2844 1893
92 639 850 1582
1060 294 2087 1119
1094 294 2087 1119
1253 345 2087 1119
3517 387 4208 1009
0 143 614 614
715 993 1531 2364
3517 420 4208 1009
0 336 462 833
1498 1523 2196 2331
3787 244 4208 664
0 1346 387 1801
3602 420 4208 1009
3602 420 4208 959
1708 1363 2179 1649
3442 1018 3829 1489
1094 294 1413 656
100 639 740 1127
2886 0 3568 841
3467 0 3854 252
3602 1035 4208 1489
3947 816 4208 1110
2339 0 3181 664
1346 791 2196 1725
1346 1018 1935 1725
2339 0 2937 664
1784 791 2196 1363
3602 420 4208 866
1346 1203 1615 1725
2339 0 2701 614
1691 1523 2196 2331
2339 185 2701 614
33 2036 277 2364
3618 1506 4208 2263
3618 1506 4090 2263
2533 0 3181 412
2962 1052 3703 1809
2070 0 2415 462
3214 1809 3770 2364
1498 1691 1784 2045
1354 656 1868 1119
2886 0 3559 841
1253 353 1716 706
42 336 462 782
1960 732 2600 1296
2962 1245 3703 1809
3871 1102 4140 1380
2541 1422 2886 2104
563 521 993 1102
2356 2028 2743 2364
2777 1152 3307 1321
3012 0 3231 269
1868 1817 2331 2364
1068 67 1918 403
1094 67 1918 403
1094 67 1716 403
1397 1893 1700 2364
0 639 2592 2137
0 639 2592 1902
0 639 2592 1851
3139 2104 3332 2364
0 648 2592 1851
1565 799 1893 1161
2954 0 4208 2364
1094 875 1354 1169
3315 1052 3526 1472
0 0 4081 2364
0 0 2398 1784
538 597 883 1077
538 597 791 993
2078 0 4081 2364
2078 0 3719 942
1228 0 2398 639
0 765 3097 2364
2255 0 4081 2364
2667 1169 3181 2364
3879 1556 4208 2019
0 0 2356 1784
151 1371 715 1758
2162 1784 2432 2061
0 0 681 429
1026 1253 1262 1498
2255 0 4081 1245
3416 1624 3602 1902
2684 1506 3097 2364
2608 0 2979 462
1253 67 1843 345
1371 75 1843 345
1447 117 1843 345
2684 1708 3097 2364
1094 227 1716 403
2836 1262 3181 1615
0 294 875 1784
471 0 2356 1405
471 0 1363 1405
749 33 925 462
0 765 2895 2364
1346 765 2533 1733
1346 765 2533 1649
1649 1110 2263 1649
1649 1354 2263 1649
0 1203 2895 2364
1540 1203 2895 2364
3913 403 4208 706
0 1531 1733 2364
1077 1531 1304 1733
0 1540 1733 2364
1885 0 2280 252
1691 1363 2895 2364
1691 1464 2895 2364
1691 1464 2819 2364
1691 1506 2449 2364
0 513 875 1784
0 513 875 1548
0 513 740 1548
0 681 656 1548
0 681 656 1430
151 1371 538 1758
0 294 504 740
2398 0 4081 1245
2794 0 4081 850
75 1481 302 1784
1691 1506 2440 2339
1060 294 2356 1371
917 1649 1388 1986
471 0 1304 1405
1346 765 2533 1556
1346 993 2137 1556
2634 1809 2895 2146
0 1540 1641 2364
0 1540 1506 2364
0 1540 1270 2364
2255 446 2853 875
2255 446 2575 875
3660 2104 4208 2364
218 951 875 1371
1540 1203 2819 2364
2634 1809 2886 2146
100 1540 1270 2364
2962 0 4208 2364
589 1540 1270 2364
1868 1902 2331 2364
3660 2104 4199 2364
2398 715 3644 1245
2886 0 4081 833
2886 185 4081 833
353 1043 875 1371
589 2104 942 2364
2962 0 4208 2188
3458 0 4208 1152
3458 0 4208 1127
2078 0 2962 631
2962 1018 3955 2188
2608 50 2895 462
1834 302 2356 706
100 513 740 1052
1060 294 2087 1371
1060 294 1725 1371
1178 345 1767 706
100 513 740 984
2709 807 3644 1043
1885 302 2356 706
3635 0 4208 673
883 2179 1085 2364
3660 2171 4191 2364
1977 2171 2238 2364
656 2104 942 2364
1573 2087 2146 2364
2221 2045 2449 2364
715 2045 1043 2364
2474 2028 2743 2364
732 2019 959 2196
58 2019 555 2364
1447 1977 1683 2263
2676 1952 2886 2146
1397 1910 1615 2364
1868 1902 2331 2339
1405 1893 1700 2196
1211 1868 1506 2364
0 1859 673 2364
1026 1817 1405 2137
2634 1809 2836 2053
252 1801 547 1994
959 1792 1312 1986
3130 1775 3374 2188
3879 1750 4157 2019
0 1733 286 1902
1397 1716 1641 1994
3829 1700 4208 2263
1514 1691 1733 1969
917 1649 1388 1859
2053 1641 2247 1893
3913 1556 4208 1960
75 1548 286 1784
597 1540 1270 2364
151 1531 403 1758
1691 1514 2423 2339
1388 1514 1615 1750
2095 1506 2440 1775
2954 1489 3273 2129
319 1481 715 1674
126 1481 302 1657
0 1481 185 1801
3947 1472 4208 1683
2238 1464 2819 2364
1489 1430 1758 1733
1657 1413 1885 1649
1346 1397 1615 1725
286 1371 538 1599
1649 1354 2263 1632
0 1354 328 1548
2836 1262 3181 1556
3871 1203 4140 1380
1540 1203 2819 2179
336 1195 664 1363
3181 1186 4208 2364
3854 1144 4208 1489
1784 1110 2137 1346
0 1110 336 1321
3896 1102 4081 1321
1716 1060 1935 1270
1338 1060 1624 1321
3315 1052 3517 1447
353 1043 841 1371
2962 1018 3955 1834
1346 993 1935 1556
1565 993 1758 1161
3147 951 3820 1144
218 951 496 1136
1868 900 2078 1119
0 883 193 1152
1110 875 1354 1119
151 875 723 1127
134 850 648 1052
2768 807 3644 1043
1674 799 1893 1001
3955 791 4208 1152
2566 765 2768 1043
1960 765 2533 1296
2398 715 3071 1245
294 681 740 984
0 673 2230 1851
1447 673 1801 858
2255 656 2516 875
1211 656 1540 824
2120 648 2592 1009
1902 639 2120 866
1540 580 2087 942
1060 563 1725 1371
3458 555 4208 1127
3602 555 3820 723
2474 538 2853 866
4022 513 4208 706
100 513 622 951
2886 488 3433 833
260 462 504 740
1245 446 1599 706
2146 429 2356 706
1700 429 1885 614
328 403 631 572
605 395 934 850
1346 378 2019 765
1178 345 1767 656
2120 336 2348 530
1321 319 1565 521
1834 311 2272 664
1885 302 2146 614
1068 294 1489 605
0 294 370 740
2045 260 2516 715
3635 244 4208 673
361 218 597 387
3349 185 4081 774
471 176 791 521
2550 168 2962 631
2053 168 2255 387
2221 151 2415 462
0 126 437 462
1447 117 1700 328
1371 75 1540 277
2651 67 2895 412
1253 67 1506 244
1094 67 1304 235
2608 50 2785 462
3930 0 4208 429
3593 0 3980 336
2693 0 3719 942
2078 0 2768 614
1944 0 2280 252
1885 0 2129 176
1026 0 1363 193
850 0 1035 193
732 0 1304 1405
471 0 1018 1144
0 0 580 429
2566 664 3644 1060
2709 664 3644 1060
1338 1279 2162 1531
1464 1657 1733 1969
1851 0 4208 2364
1851 0 2962 1009
1902 260 2592 1009
0 0 2886 2364
2255 0 4208 2364
2398 0 4208 2364
75 1371 715 1784
1700 429 1952 622
1068 109 1716 521
1094 109 1716 521
1094 109 1716 403
0 0 2398 1851
3307 1052 3517 1447
1902 639 2137 866
471 0 1540 1498
1094 67 1540 277
471 0 1304 1498
0 765 2886 2364
1346 765 2533 1750
3593 0 4208 723
1851 0 2962 631
1885 0 2962 631
0 1203 2886 2364
2045 260 2592 1009
1211 1868 1700 2364
2709 807 3644 1060
1944 0 2962 631
0 294 2230 1851
850 0 2398 1371
850 0 2398 639
850 0 1363 193
3879 1472 4208 2019
2954 791 4208 2364
1253 67 1540 277
2398 0 4208 1245
1060 117 2356 1371
1447 117 1918 403
3913 1472 4208 1960
3593 0 4208 706
0 1531 1405 2364
0 1540 1405 2364
0 294 866 1801
0 513 866 1801
917 1531 1388 1986
1397 1203 2886 2364
151 1481 715 1758
2777 1161 3307 1615
917 1590 1388 1986
917 1590 1388 1859
563 395 993 1102
2398 446 3147 1245
2457 446 2853 942
1540 1203 2886 2364
0 0 681 572
3879 1641 4208 2019
2954 1018 4208 2364
3593 0 4208 673
2398 715 3147 1245
1573 1464 2886 2364
1691 1464 2886 2364
3593 0 3989 336
1573 1902 2449 2364
0 513 841 1801
0 513 841 1430
0 513 740 1430
0 681 723 1430
1060 294 2272 1371
0 294 504 782
2053 1464 2886 2364
2053 1464 2819 2364
3896 791 4208 1321
1346 900 2263 1733
2255 656 2617 967
2474 538 2853 942
0 883 336 1321
1346 900 2078 1733
0 1354 328 1801
84 513 740 1052
2053 1506 2440 1893
1540 1203 2886 2179
218 951 841 1371
84 513 740 984
2693 0 4208 1144
0 126 631 572
1068 294 2087 942
1178 345 2087 942
1178 345 2019 765
1346 900 2078 1725
1868 1902 2449 2364
1346 900 2078 1556
2886 185 4208 1144
2962 1018 4208 2364
3147 555 4208 1144
2954 1489 3374 2188
1447 1195 2204 1548
1279 1826 2204 2364
2507 723 3307 2364
3021 403 3938 765
1279 1826 1851 2364
488 681 749 976
1447 1195 2162 1422
0 0 3147 2364
0 0 2777 2364
2541 1270 3147 2364
0 0 2743 2364
0 1868 185 2364
0 1001 942 1902
1455 0 4208 2364
1455 0 2356 361
2179 0 4208 2364
2794 1035 3307 1657
976 0 2777 1700
1338 740 2415 1725
1523 740 2415 1380
976 0 2684 1700
1068 0 2684 1068
1068 0 2398 656
1068 227 1918 622
2819 1035 3307 1321
1742 1380 2070 1624
0 0 883 681
631 0 1018 1228
0 0 681 378
1338 1220 1885 1725
0 1346 698 1801
0 1346 622 1801
1312 2003 1548 2364
1716 740 2415 1354
0 0 1691 2364
976 723 2204 1700
151 1489 698 1758
0 1001 942 1843
0 1540 841 1843
2507 723 3181 2364
1052 614 1733 1321
2819 1035 3307 1270
0 286 875 1380
0 765 875 1380
0 765 715 1211
33 0 1691 2364
1792 740 2415 1354
0 100 883 681
3273 235 4208 639
3391 235 4208 639
2718 858 3383 1195
1447 1498 2743 2364
1397 1826 1851 2364
850 0 1026 193
1052 614 1733 1220
1666 1270 2718 1691
1346 92 1843 345
1700 260 1918 622
2541 1354 3147 2364
2541 1354 3097 2364
2541 1354 3046 2171
