0 0 3120 4160
1447 1505 2030 1797
1830 1913 2138 3103
1863 1913 2138 3103
1447 1505 2030 1697
1763 1505 2030 1697
2254 540 2620 740
0 16 199 332
2046 2487 2312 2803
1963 474 2346 715
1630 1031 1938 1264
2496 1888 2787 2071
1822 99 2030 316
0 332 374 590
1863 2088 2138 3103
149 2163 474 2570
2404 1073 2845 1431
2404 1073 2803 1347
449 1339 1123 1921
599 1339 1123 1921
690 1339 1123 1880
1356 3660 1788 4160
1422 3660 1788 4160
1347 3211 1738 3527
490 357 673 665
158 2329 474 2570
1397 723 1680 1106
599 1497 815 1921
773 2812 1156 3336
407 757 665 1339
2737 1647 3120 2204
2770 1647 3120 2104
2071 1788 2471 2188
124 1306 424 1780
124 1306 382 1664
848 1572 2030 3294
915 1572 2030 3294
940 1572 2030 3294
1056 1572 2030 3294
1106 1655 2030 3294
407 807 665 1339
2745 3927 3120 4160
2745 3968 3120 4160
2745 3968 3095 4160
2679 2629 3120 3028
2837 99 3120 665
2279 898 2762 1098
1780 624 2246 998
1123 1655 2030 3294
1297 2471 2030 3294
1414 2471 2030 3294
2171 0 2887 615
2770 1647 3120 2088
0 1530 316 2304
1863 2620 2138 3103
1106 2562 1381 2812
2104 1439 2371 1722
0 3744 307 4051
1131 732 1522 940
0 0 1572 1464
2837 316 3120 665
2171 0 2845 615
2171 0 2704 615
2171 0 2704 607
2171 191 2595 507
2171 191 2512 474
1231 0 1664 648
0 1530 232 2304
0 1530 232 2046
0 1996 216 2304
0 2055 216 2304
1339 166 1664 432
1231 0 1630 648
1231 0 1580 599
1231 0 1431 599
1547 3577 2454 4160
1780 624 2196 981
1913 624 2196 906
407 807 648 1272
1123 1655 1996 2820
299 1472 1281 2379
1281 965 2570 2412
1614 1971 1921 2396
0 33 1572 1464
0 33 507 524
108 158 507 524
0 366 374 1206
0 1530 232 1938
424 58 1572 1464
0 2545 840 3719
1281 1015 2529 2412
1281 1056 2529 2412
1281 1530 2529 2412
1281 1530 2263 2387
2679 2629 2986 2853
1547 3644 2454 4160
424 58 1572 1389
973 740 1272 1114
2629 3444 2903 3877
1414 166 1664 391
906 2812 1156 3336
424 58 1431 1389
1123 1655 1655 2820
349 1472 1281 2379
1239 224 1431 599
490 3278 1614 4160
1123 1655 1655 2645
2337 856 3120 1930
2504 856 3120 1356
2337 1056 3120 1930
2437 1056 3120 1930
2437 1056 3120 1913
1971 1872 2529 2412
1980 1872 2529 2412
2013 1872 2529 2412
2071 2005 2529 2387
0 2545 840 3702
0 2837 832 3702
0 2945 815 3702
0 3194 648 3702
582 58 1431 1389
1780 698 2013 981
0 440 374 1206
0 607 374 1206
0 723 341 1206
0 798 341 1206
0 798 257 1206
66 440 341 715
2437 1381 2803 1822
2171 191 2446 474
224 2545 840 3028
906 2812 1123 3336
2587 1056 3120 1913
0 3236 640 3702
449 1530 1281 2379
657 1530 1281 2379
2753 2629 2986 2853
349 1472 765 1896
374 1472 765 1896
391 1514 765 1896
2129 2496 2337 2828
2936 316 3120 582
1281 1655 2263 2387
1281 1697 1797 2387
266 2862 582 3028
2071 2063 2354 2387
2071 2171 2304 2387
2296 2695 2953 3236
2296 2695 2953 3070
2296 2695 2587 3011
2296 2695 2570 3011
1905 1056 2213 1672
1905 1056 2213 1505
1921 2787 2637 4043
1921 2887 2637 4043
1921 2887 2579 3777
2063 2970 2579 3777
2063 2970 2579 3627
1921 2887 2371 3286
224 2545 840 2978
224 2679 549 2912
823 1530 1281 2379
873 1530 1281 2379
873 1530 1281 2229
873 1705 1214 2229
507 0 3120 1688
873 1173 1605 1688
873 1173 1464 1688
873 1198 1464 1688
898 1198 1464 1688
898 1198 1339 1688
540 3278 1614 4160
574 3278 1614 4160
574 3502 1198 3868
682 3278 1614 4160
682 3278 1572 4160
682 3278 1514 4160
1123 3278 1514 4160
2570 856 3120 1356
507 0 3120 1431
2753 0 3120 465
1131 1389 1339 1639
1905 3644 2454 4160
1905 3644 2371 4160
2080 3893 2371 4160
1414 2512 2030 3294
1223 3319 1514 4160
1231 3519 1489 4160
2554 590 3120 931
2554 590 3120 915
2554 590 3028 915
0 366 3120 4160
2129 1114 2903 2579
2337 1763 2903 2579
2379 1763 2903 2462
2296 2088 2529 2412
507 0 3045 1431
1863 349 2387 890
582 58 1248 1064
1281 1697 1747 2387
1297 1697 1747 2387
0 3278 640 3702
0 3278 640 3627
0 3294 374 3627
507 0 1605 715
507 0 1322 624
2762 856 3120 1356
266 2945 815 3294
1297 1921 1630 2387
657 915 1431 1389
707 940 1431 1389
965 940 1431 1356
682 3527 1322 4160
0 3419 374 3627
2071 2970 2471 3303
0 2146 715 3361
2812 2005 3120 2695
2720 1056 3120 1913
2737 1098 3120 1913
956 1813 1198 2379
2753 0 3028 357
2354 3685 2637 4043
507 0 1322 532
1397 782 1680 1106
906 2812 1114 3253
0 2146 449 3361
0 2146 449 3228
0 2479 449 3228
41 2479 449 3020
58 2479 449 2903
956 0 3045 1431
2812 2271 3120 2695
2737 1198 3120 1913
2853 1198 3120 1913
2853 1198 3120 1589
2853 1198 3120 1439
2129 1114 2862 2071
2812 2337 3120 2695
2645 307 3045 632
690 1339 956 1880
1414 2512 2030 3169
582 58 1248 732
707 1081 998 1389
2845 2005 3120 2429
2629 3444 2895 3835
0 366 1738 3311
1006 2845 1738 3311
1006 2845 1564 3253
58 2479 449 2803
1863 449 2387 890
956 0 2753 1431
956 0 2579 1431
1855 715 2579 1139
698 0 1322 532
956 0 2562 1431
1339 0 2562 1431
1339 0 1763 407
1339 66 1547 382
0 2928 349 3228
2129 1306 2862 2071
2129 1306 2712 1755
956 648 1530 856
2862 2005 3120 2429
1464 0 2562 1431
241 2246 715 2704
0 366 1347 3020
665 2612 1347 3020
698 0 1322 341
698 0 1239 341
449 2545 840 2978
0 2129 3120 4160
2554 2129 2986 2637
1855 973 2304 1139
773 58 1248 732
1006 2845 1356 3161
1988 2887 2371 3095
532 1630 765 1896
0 2188 3120 4160
0 3868 848 4160
0 3902 848 4160
0 3902 615 4160
1464 0 2562 1389
1464 407 2005 1389
1464 507 2005 1389
2063 3194 2579 3627
798 2612 1347 3020
682 3560 1322 4160
0 366 1264 2662
0 1381 1264 2662
0 366 940 1589
2196 1306 2712 1680
0 366 906 1589
0 366 906 1456
0 765 524 1456
208 765 524 1297
698 0 1148 266
2213 1655 2862 2071
1713 2188 3120 4160
1713 3394 2404 3960
2213 1697 2812 2071
58 1622 1264 2662
2196 1306 2712 1672
1547 3802 2096 4160
773 58 1114 698
2046 2188 3120 4160
1572 0 2562 490
1896 0 2562 282
0 2970 2088 3976
166 2970 2088 3935
166 3369 748 3694
682 3685 1322 4160
607 2970 2088 3935
1464 3095 2088 3935
682 3685 1156 4160
682 3685 1156 4085
2171 2288 3120 4160
74 366 906 998
0 3519 657 3976
133 3552 657 3976
1639 507 2005 1098
141 1797 1264 2662
141 1797 790 2429
1464 3095 2088 3793
74 773 366 998
607 2970 1522 3702
607 2970 1439 3702
607 2970 1314 3702
648 2970 1314 3702
773 3161 1314 3652
216 366 906 956
58 1622 399 1880
2021 0 2562 282
648 2970 1131 3702
549 2080 1264 2662
2171 2362 3120 4160
2221 2362 3120 4160
2221 2362 3120 3427
2221 2362 3120 3128
216 673 906 956
2221 2362 2970 2953
2221 2362 2936 2862
2296 2362 2936 2820
2454 2479 2936 2820
1547 3802 1988 4160
2687 3053 3120 3427
141 1797 624 2429
141 1946 624 2429
549 2080 1264 2612
807 2329 1264 2612
2346 2995 3120 4160
2753 3194 3120 4068
2845 3519 3120 4068
1572 0 2005 490
2346 2995 2912 4160
906 3943 1156 4160
1106 3918 1314 4160
341 3902 615 4160
0 3902 382 4160
2271 3893 2612 4160
2080 3893 2263 4160
2504 3868 2704 4160
707 3868 873 4160
166 3868 416 4035
2188 3860 2454 4160
1872 3860 2096 4160
807 3852 1056 4085
1106 3827 1322 4018
1747 3818 1988 4160
1547 3802 1805 4118
0 3793 307 4051
1439 3760 1788 4160
2845 3727 3120 4068
2704 3694 2903 3877
1730 3685 2038 3935
682 3685 1156 3968
249 3677 657 3976
1422 3660 1705 3827
574 3652 890 3868
1905 3644 2196 4160
374 3644 599 3877
1580 3577 1788 3818
1031 3560 1289 3885
133 3552 382 3868
2321 3536 2537 3777
2878 3519 3120 3810
0 3519 191 3768
1356 3511 1589 3702
2662 3502 2895 3835
832 3502 1198 3752
1464 3461 1822 3793
1713 3436 2055 3768
116 3419 374 3602
0 3419 183 3627
2221 3394 2579 3627
1963 3394 2404 3960
166 3377 648 3694
416 3369 748 3610
2953 3352 3120 3669
1223 3319 1514 3810
1347 3311 1664 3527
1264 3311 1522 3494
782 3294 1131 3702
0 3294 332 3494
1123 3278 1306 3610
257 3278 640 3552
407 3236 607 3402
1572 3211 1813 3527
1564 3211 1738 3436
2753 3194 3020 3652
2063 3194 2312 3569
474 3194 648 3402
773 3169 1314 3652
2346 3161 2562 3527
956 3161 1231 3477
2554 3128 2837 3560
0 3128 274 3361
2071 3111 2304 3303
1314 3103 1738 3311
1772 3095 2088 3552
2928 3070 3120 3427
1539 3070 1963 3294
1023 3061 1439 3328
2687 3053 2995 3394
2496 2995 2812 3236
2462 2995 2912 4160
266 2986 815 3294
1189 2978 1564 3253
2104 2970 2471 3278
1921 2970 2304 3286
648 2970 848 3536
149 2953 449 3203
332 2945 574 3194
0 2928 257 3228
2412 2920 2687 3169
1006 2920 1356 3161
499 2920 690 3161
1539 2895 1788 3136
2154 2887 2371 3095
1988 2887 2288 3095
1331 2887 1514 3120
773 2853 998 3253
41 2853 324 3020
1056 2845 1281 3036
665 2837 832 3045
2870 2828 3120 3128
2645 2787 2970 2953
665 2770 856 2970
2570 2753 2953 3070
1414 2745 1722 2995
807 2728 1347 3020
2396 2695 2570 2978
324 2687 540 2853
0 2662 216 2837
2221 2645 2396 2862
449 2645 640 2870
58 2637 241 2803
2845 2629 3120 3028
1913 2620 2138 2920
2454 2612 2828 2820
798 2612 973 2795
1123 2587 1381 2812
940 2554 1198 2812
524 2545 840 2978
1422 2520 1697 2862
1630 2512 2030 3169
2579 2479 2936 2712
141 2479 449 2679
1614 2471 1830 2662
1231 2462 1580 2820
2063 2437 2296 2728
2853 2429 3120 2695
2362 2421 2695 2670
2903 2412 3103 2637
848 2412 1040 2645
241 2404 715 2704
773 2387 973 2662
1015 2379 1264 2612
2296 2362 2529 2762
807 2329 1173 2545
158 2329 440 2570
1597 2296 1996 2570
2329 2288 2537 2462
2554 2246 2928 2637
2920 2204 3120 2429
1830 2204 2030 2670
2046 2188 2321 2554
2071 2171 2304 2379
1614 2163 1830 2396
149 2163 374 2404
1772 2146 1946 2429
0 2146 266 2679
2637 2129 2986 2387
956 2129 1198 2379
807 2129 998 2379
2296 2104 2479 2412
440 2096 790 2321
0 2096 199 2304
1872 2088 2063 2712
549 2080 890 2537
2113 2063 2354 2246
1422 2063 1605 2387
208 2055 624 2429
2379 2021 2687 2462
1164 2021 1655 2645
2862 2005 3120 2296
2845 2005 3020 2254
2279 2005 2529 2238
2737 1996 2903 2204
1489 1996 1772 2296
524 1980 765 2163
1664 1971 1921 2229
141 1946 399 2163
1297 1921 1630 2271
657 1905 865 2163
2878 1872 3120 2104
2013 1872 2213 2412
0 1863 183 2046
956 1813 1181 2246
1048 1797 1223 2030
274 1797 490 2005
2129 1788 2471 2188
965 1788 1139 1963
449 1772 757 2005
2620 1763 2903 2221
2462 1755 2645 1930
1647 1755 1822 1921
2479 1730 2812 1988
74 1722 316 1888
0 1713 232 1938
906 1705 1214 2229
2213 1697 2595 2071
1397 1697 1747 1963
199 1697 399 1880
940 1664 1198 1863
2670 1655 2862 1863
1713 1655 2263 2221
1123 1655 1439 2146
1331 1639 1555 1855
2437 1605 2737 1822
881 1605 1123 1822
199 1589 382 1772
2129 1580 2362 1755
1056 1572 1339 1930
1347 1530 1813 1830
1048 1530 1281 1713
449 1522 624 1805
2437 1514 2612 1680
391 1514 624 1838
2337 1505 2704 1713
2104 1505 2354 1722
2512 1497 2695 1705
757 1480 956 1880
2803 1472 3020 1713
1921 1447 2171 1672
1131 1439 1297 1605
2737 1414 2961 1697
2887 1389 3120 1589
2612 1381 2803 1688
1680 1381 1996 1580
0 1381 208 1630
1456 1339 1713 1547
1281 1339 1605 1680
2196 1306 2712 1614
124 1306 307 1664
873 1297 1098 1514
2945 1272 3120 1439
2104 1248 2312 1439
1580 1239 1763 1439
757 1223 923 1389
216 1214 482 1589
2853 1198 3036 1439
1647 1198 1955 1422
898 1198 1223 1688
382 1181 698 1547
1189 1173 1431 1447
2454 1164 2845 1431
2038 1148 2213 1372
1489 1139 1747 1431
2587 1131 2845 1306
2179 1114 2471 1422
2620 1098 2803 1281
881 1081 1081 1306
707 1081 998 1314
2404 1073 2645 1347
0 1064 307 1456
1905 1056 2188 1505
2404 1048 2720 1264
1647 1048 1938 1264
965 1048 1431 1356
1256 1031 1572 1356
1755 1015 1988 1189
2870 981 3120 1356
341 981 532 1248
208 981 391 1297
407 973 607 1272
2154 965 2570 1189
574 956 798 1514
1464 940 1738 1389
2570 931 2953 1306
748 931 981 1123
149 931 341 1173
657 915 881 1214
2437 898 2762 1098
2928 881 3120 1048
2504 865 2903 1081
2762 856 3120 1131
1514 848 1680 1106
1988 798 2246 998
1139 798 1497 1081
1397 782 1597 1073
307 765 524 1048
973 740 1272 1106
1231 732 1522 940
2088 715 2579 1040
2554 707 2820 915
1813 698 2013 981
1206 673 1530 848
682 673 906 956
2928 657 3120 840
2163 657 2387 890
2720 648 3020 931
956 648 1281 856
1639 632 2005 1098
1913 624 2104 873
790 624 1231 1064
0 607 374 915
2579 590 3028 798
1472 590 1780 923
574 574 856 765
1123 549 1605 715
2254 540 2620 732
923 540 1248 732
66 524 307 715
1680 507 1930 748
2138 490 2337 665
2080 490 2346 715
1963 474 2196 665
2837 465 3120 665
1406 465 1630 648
2312 457 2753 948
1863 449 2171 748
632 424 865 640
266 424 499 732
1297 416 1580 582
2845 382 3045 590
399 366 665 748
66 366 274 590
1431 357 1655 540
1863 349 2154 549
1722 349 1938 549
2936 316 3111 582
2645 307 3045 607
2071 299 2446 640
582 299 865 549
1572 274 2005 490
249 266 507 524
998 224 1297 624
2171 191 2346 424
424 191 615 399
1780 174 2221 532
1464 166 1664 391
108 158 282 382
807 124 1114 698
199 124 499 341
0 108 199 332
599 99 881 341
2629 91 2878 515
2753 74 3028 357
940 74 1239 341
299 74 549 241
1339 66 1505 382
773 58 940 440
0 33 232 407
2803 0 3120 465
2787 0 3011 291
2512 0 2704 607
2121 0 2562 282
2021 0 2379 241
1896 0 2104 257
1672 0 1938 307
1497 0 1763 407
1231 0 1422 241
906 0 1148 266
507 0 865 282
382 0 590 191
1439 1505 2030 1797
0 0 3120 1456
0 590 3120 4160
1356 3660 1705 3827
0 590 2030 4160
599 1339 973 2146
1539 2471 2138 3294
1863 2471 2138 3103
166 3868 524 4060
0 16 232 407
407 1048 3120 4160
1489 1048 3120 4160
0 723 199 1139
0 723 199 1064
407 2812 2745 4160
0 1855 316 2304
0 1863 216 2304
1863 2471 2138 2920
407 2812 2704 4160
1872 1896 2163 2720
1872 1896 2071 2712
199 1472 682 1805
141 2246 565 2778
141 2479 449 2778
282 1472 682 1805
282 1472 682 1780
1314 1639 1555 1946
0 0 3028 1356
1872 1913 2071 2712
341 2246 565 2570
1123 549 1605 940
282 1522 449 1780
0 765 1381 4160
1439 1505 2030 1697
665 1339 973 2146
798 1788 973 2146
707 3793 915 4160
2645 0 3120 840
2645 307 3120 840
0 2762 341 2995
2620 1472 3120 2221
2770 1472 3120 2088
324 2620 640 2870
266 0 881 366
382 0 881 366
590 99 881 366
324 2645 640 2870
2504 815 3120 1456
848 590 2030 3527
1164 1697 2030 3527
2504 815 3120 1356
1206 673 1530 940
2679 2629 2912 2803
407 3161 748 3610
407 3194 748 3610
407 3236 748 3610
266 0 549 241
2005 1364 2512 1722
2005 1364 2354 1722
2005 1364 2304 1539
2620 1655 2903 2221
599 2812 2704 4160
765 3169 1514 3810
773 3169 1514 3810
2570 815 3120 1356
2753 0 3120 582
2803 0 3120 582
2936 99 3120 582
416 757 698 1272
665 1339 956 1921
848 590 1996 2246
973 740 1297 1114
2063 1872 3120 4160
2063 2005 3120 4160
0 923 357 1456
1089 158 1356 599
848 1297 1098 1514
0 923 307 1456
1489 1048 3120 3286
2337 2371 2695 2670
0 956 307 1456
307 1664 931 2321
307 1705 931 2321
657 1905 931 2163
1589 1755 1822 2021
881 590 1996 2246
2337 1505 2737 1930
2337 1505 2737 1822
382 0 865 282
881 590 1813 2246
0 1996 216 2246
0 158 507 715
1164 1697 1996 3527
1164 1697 1747 3527
1189 2978 1738 3527
1089 191 1356 599
1164 1697 1747 3144
1297 2654 1580 3144
0 266 507 715
0 366 341 715
0 1705 1381 4160
0 3294 332 3768
0 3519 224 3768
906 2920 1123 3336
1314 3103 1738 3527
1314 3103 1738 3377
2171 2005 3120 4160
1297 0 3028 1189
1780 0 2612 640
2071 0 2612 640
599 3419 773 3702
1297 91 3028 1189
1813 624 2246 998
1664 1971 2030 2670
1780 0 2379 549
307 1705 790 2321
307 1705 765 2163
2071 191 2595 640
2687 0 3011 349
2837 465 3120 840
1489 1139 1763 1439
0 3294 332 3627
607 2812 2704 4160
1905 3644 2704 4160
1164 1697 1747 2995
0 266 507 524
0 0 1763 1356
0 765 1015 2679
0 765 1015 2570
940 1530 1281 1963
940 1530 1281 1863
881 1198 1339 1822
881 1198 1223 1822
0 0 1763 748
2379 2021 2695 2462
2071 191 2537 640
2346 3652 2704 4160
1414 91 3028 1189
1414 216 1655 540
1905 3644 2612 4160
1905 3644 2221 4160
1913 624 2246 998
2071 191 2512 640
1921 2188 2587 3286
1921 2645 2587 3286
2038 2645 2587 3095
2038 2787 2396 3095
0 424 1431 1356
2046 2188 2321 2803
1489 1048 3120 2462
2737 1389 3120 1913
2887 1389 3120 1913
0 2637 1198 4160
490 3502 1198 3868
490 3585 890 3868
241 1705 1381 3161
1489 1048 2845 2462
607 2812 2404 4160
682 3519 2096 4160
956 590 1813 2246
1123 590 1813 2146
2454 1056 2845 1431
1281 1697 1747 1980
2454 1131 2845 1431
2063 3111 2620 3777
2046 2188 2321 2728
1780 0 2379 532
2071 191 2446 640
0 2637 848 4160
740 1364 1015 1647
0 2637 815 4160
0 3552 615 4160
0 3744 615 4160
0 3793 615 4160
2570 931 3120 1356
0 2146 374 2679
1297 2654 1514 3120
1139 590 1780 1680
0 540 1431 1356
1489 1048 2812 2462
1647 1048 2803 1688
2920 815 3120 1048
2171 2129 3120 4160
1647 1056 2188 1505
0 2637 815 3976
0 2637 815 3361
0 2862 815 3361
1572 91 3028 1189
0 765 881 2570
2104 1048 2803 1688
624 2329 1381 3161
773 2329 1381 3161
773 2329 1381 3020
1189 590 1780 1680
956 1797 1223 2246
0 765 881 2429
74 765 881 1896
241 1705 1214 3161
1921 2887 2471 3286
1921 2887 2304 3286
74 765 881 1664
2728 0 3011 349
773 2329 1173 2662
1489 1580 2812 2462
1489 1580 2362 2396
2063 3111 2620 3727
2903 2204 3120 2637
1439 0 1763 407
1572 174 3028 1189
1639 449 3028 1189
1855 457 3028 1139
1106 3519 2096 4160
1439 3760 2096 4160
2845 2429 3120 3028
1664 1971 1946 2429
0 1381 624 2429
166 3278 657 3976
166 3278 648 3719
166 3278 648 3702
166 3278 648 3694
2221 2645 2587 2978
2312 457 3028 948
2354 3685 2704 4160
1489 1996 1830 2396
2612 2787 2970 2953
2629 3053 3120 3835
2629 3053 3120 3652
707 940 1431 1356
74 765 881 1589
208 765 881 1589
607 2812 2404 3960
607 2812 1522 3702
607 2812 1439 3702
1189 848 1738 1680
682 3560 1289 4160
682 3560 1289 4085
1713 1580 2362 2221
307 1705 757 2096
0 0 1505 748
1164 0 1505 490
1231 0 1505 490
2104 1114 2803 1688
1106 3519 1572 4160
1106 3519 1489 4160
1164 1921 1722 2995
1414 2520 1722 2995
1639 449 2387 1189
1639 449 2171 1189
0 540 1281 1064
1980 1697 2812 2462
2296 2104 2537 2462
0 0 1297 748
906 0 1239 341
58 1622 624 2429
2845 3352 3120 4068
607 2812 1306 3702
1980 1697 2812 2412
1123 1530 1813 2146
241 2080 1198 3161
499 2545 856 3161
499 2545 840 3161
1356 3095 2404 3960
1464 3095 2404 3960
2113 2005 2529 2246
2221 2645 2570 2978
208 915 881 1589
574 915 881 1514
149 2862 815 3294
149 2953 815 3294
1572 174 2030 640
241 2080 1198 2704
241 2404 732 2704
707 1048 1431 1356
349 1705 757 2005
0 574 1281 1064
0 607 1281 1064
790 624 1281 1064
1980 1872 2213 2412
607 2812 1281 3702
607 2853 1231 3702
773 2853 1231 3477
2104 1114 2712 1614
2312 457 3020 948
2554 648 3020 931
2629 3053 3020 3652
1189 940 1738 1680
1189 940 1738 1464
199 0 1297 748
199 124 665 748
2878 3352 3120 3810
1639 449 2171 1098
1747 3818 2096 4160
1572 3095 2404 3960
1464 3461 1822 3818
532 2080 1198 2537
973 2812 1281 3036
2296 2129 3120 3560
1231 0 1505 382
1572 174 2030 490
2063 3111 2579 3627
607 2970 1131 3702
208 981 698 1589
2171 2995 2912 4160
2171 3161 2562 3527
0 2637 549 2912
58 2637 549 2912
208 981 482 1589
2296 2129 3120 3169
2296 2129 2986 3169
2296 2246 2953 3169
2296 2362 2953 3169
2296 2362 2953 3070
2454 2612 2953 3070
549 2080 1198 2537
2179 1114 2712 1614
