0 0 3120 4160
1788 1164 2728 2604
1805 1813 2728 3070
648 2978 2246 3577
648 3003 2246 3577
1181 2654 2379 3219
1181 2654 2379 3186
1198 2654 2379 3169
1339 2654 2346 3028
1439 3486 1713 3835
815 1514 1314 2030
1838 881 3120 2862
24 1098 2912 3461
24 1098 2912 3369
24 1098 2670 3369
24 1098 2396 3369
399 1098 2396 3369
1838 881 3120 2828
1838 881 3028 1872
1589 1822 2670 3253
24 1489 615 2362
1589 2080 2670 3253
2945 0 3120 507
1797 1164 2728 2604
1023 2046 1480 2337
1805 1996 2728 3070
2271 2529 2728 3070
432 1098 2396 3078
1023 549 1780 940
2837 3328 3120 3635
1622 2138 2670 3253
24 2762 357 2970
2446 1431 3120 2828
673 940 1822 1464
2046 3635 2529 4160
149 1106 565 2138
1980 1497 2912 3120
1381 74 1630 382
324 1106 565 2129
773 3469 1664 3968
773 3469 1181 3677
1722 3502 2104 4076
1722 3660 2104 4076
673 940 1655 1464
673 940 1555 1464
1830 3502 2038 3877
856 1514 1314 2030
1722 3735 2104 4076
2204 3635 2529 4160
2545 3519 3003 4160
2953 1680 3120 2146
1780 3095 2412 3511
33 981 740 1614
33 1015 465 1614
49 1015 465 1514
2770 2529 3120 3120
2770 2529 3120 3053
2204 3635 2504 4160
1622 2154 2670 3253
1622 2154 2654 3228
1622 2154 2304 2936
2770 2529 3120 2936
2188 782 2479 1131
732 99 1156 407
1181 3577 1664 3968
0 2912 224 3735
0 2912 224 3527
2238 790 2479 1131
1181 565 1780 940
0 0 3120 2304
0 1589 208 2304
0 0 3120 1780
1114 715 1480 1131
1980 1497 2878 2970
149 1647 540 2138
149 1647 532 1880
0 2088 3120 4160
2720 3011 3120 3644
2787 3011 3120 3444
2803 0 3120 1114
158 1647 540 2138
1056 3710 1414 3910
1156 3710 1414 3910
2720 3228 3120 3644
2720 3228 3103 3644
507 3976 848 4160
2446 1647 3120 2828
1297 565 1780 940
241 1015 465 1372
2121 1605 2728 2604
1514 3269 2304 4060
1680 3269 2304 3677
0 0 3086 1780
0 0 3053 1780
2570 1015 3120 1747
1921 3269 2304 3627
2604 3519 3003 4160
2604 3694 3003 4160
1514 3519 1896 4060
1780 3194 2271 3511
0 2895 3120 4160
416 3278 865 3710
416 3278 865 3594
0 0 2970 1780
0 0 2970 1422
0 0 2970 1322
0 0 2970 1206
0 3194 2496 4160
2337 2895 3120 4160
465 657 1239 1123
1780 3278 2096 3511
0 2088 632 3394
0 2238 632 3394
158 1647 540 2096
0 0 2970 1040
0 2238 557 3394
416 3278 798 3552
0 3194 1131 4160
2379 2895 3120 4160
0 3194 1048 4160
1422 3577 1713 3918
599 3552 1131 4068
307 3810 524 4160
2379 3178 3120 4160
2412 3178 3120 4160
2562 532 3053 1189
465 657 1139 1123
0 2238 490 3394
2579 2895 2837 3394
2379 3469 2612 4160
2379 3793 2595 4160
1431 3727 1713 3918
1064 3203 2496 4160
1131 3203 2496 4160
1896 0 2421 274
2055 0 2421 274
465 657 765 1081
0 0 2912 1040
2471 0 2912 807
0 3361 1048 4160
0 782 391 1322
407 440 740 657
382 2970 632 3336
0 2554 465 3394
16 3161 274 3394
1181 3203 2496 4160
0 0 374 274
0 2554 465 3328
1181 3461 2479 4160
0 0 2753 1040
2346 624 2695 1040
0 0 2753 940
1988 307 2171 698
0 840 316 1322
0 0 2654 940
1006 0 2654 856
2520 0 2912 349
2629 0 2912 349
2562 690 3053 1189
2562 690 3053 1015
0 0 1223 940
465 707 765 1081
1272 782 2221 1198
0 2637 465 3328
0 3486 1048 4160
0 3486 898 4160
0 3486 407 4160
1314 3461 2479 4160
1630 3461 2479 4160
2570 1015 3120 1397
2570 1015 3120 1322
1772 3461 2479 4160
1946 3461 2479 4060
1123 0 2654 856
1123 0 2113 856
2071 0 2654 657
2246 0 2654 657
2362 715 2695 1040
2088 366 2296 1206
1505 124 2113 856
1622 124 2113 856
0 3677 349 4160
0 0 1198 940
0 0 990 940
0 0 881 940
0 174 657 940
1123 0 1938 640
1173 0 1938 274
1622 232 2113 856
282 3735 898 4076
2080 3461 2479 4060
0 174 391 873
0 174 391 698
407 0 881 906
1272 782 1896 1139
407 0 881 540
1622 232 2113 624
615 3976 848 4143
2379 3968 2562 4160
2046 3960 2229 4160
1314 3927 1697 4160
0 3902 282 4160
1131 3885 1431 4160
1772 3877 2113 4160
1181 3827 1406 3993
732 3818 1048 4160
341 3810 524 4160
1772 3802 2104 4068
2396 3793 2595 4085
507 3793 898 4076
1514 3777 1738 4060
1547 3752 1713 3918
748 3744 940 3935
2604 3735 2795 4160
2337 3735 2529 4160
2080 3735 2346 4060
282 3735 565 3985
1156 3710 1331 3885
1056 3710 1239 3877
499 3702 673 3960
2762 3694 3003 4160
0 3677 349 4043
1738 3660 1996 4018
2204 3652 2504 4160
1256 3652 1664 3968
374 3610 599 3818
1946 3577 2296 3910
1422 3577 1630 3793
1181 3577 1447 3785
1048 3577 1322 3777
599 3552 1098 3868
2629 3519 2837 3935
1630 3519 1896 3843
515 3494 823 3710
1439 3486 1713 3735
249 3486 465 3685
41 3486 407 3943
773 3469 1023 3644
2179 3461 2479 3768
2887 3394 3120 3644
416 3369 723 3552
1921 3361 2304 3627
1680 3361 1921 3677
2837 3328 3120 3569
1780 3328 1996 3511
2745 3311 3103 3644
2537 3278 3120 4160
599 3278 798 3477
2063 3269 2279 3452
0 3244 224 3527
2720 3228 2912 3419
640 3219 881 3461
2803 3211 3120 3444
2246 3203 2496 3519
2013 3194 2271 3369
241 3194 624 3552
2412 3178 2654 3702
16 3161 274 3369
440 3070 632 3336
2887 3036 3120 3236
1514 3028 2246 3461
2787 3011 3070 3328
648 3003 1755 3577
1181 2986 2254 3186
690 2978 1198 3178
2612 2970 2837 3394
382 2970 549 3178
174 2970 465 3328
0 2912 199 3286
2803 2862 3120 3120
1872 2837 2346 3028
2720 2828 2912 3120
2171 2820 2654 3228
1788 2770 2288 2978
24 2762 266 2945
241 2728 424 3144
2787 2720 3120 3053
2945 2670 3120 2936
1198 2670 2379 3169
1339 2654 1930 2895
0 2637 282 3144
2271 2629 2728 3070
399 2595 832 3369
58 2554 440 2845
0 2554 332 2745
898 2537 1131 2720
2770 2529 3120 2912
2288 2529 2712 2895
1580 2520 2396 3061
2637 2496 2878 2970
2762 2412 3120 2862
1372 2412 1697 2604
1089 2362 1406 2687
1738 2337 2304 2936
58 2337 316 2595
2179 2288 2387 2612
391 2288 557 2512
0 2263 174 2637
158 2238 490 2604
1622 2154 1805 2387
1722 2138 2171 2645
2537 2113 3120 2828
2479 2113 2728 2604
58 2088 391 2412
1589 2080 1780 2254
1805 1996 2637 2986
2362 1938 2712 2604
316 1930 540 2138
0 1863 208 2304
2221 1847 2429 2221
2321 1813 2562 2146
2080 1813 2312 2154
24 1713 615 2362
2446 1647 3120 2204
158 1647 540 2071
307 1647 532 1880
149 1647 382 1855
2121 1605 2487 2113
856 1597 1314 2030
0 1589 191 1896
815 1572 1015 1847
1980 1497 2679 2595
141 1489 540 1763
2753 1431 3053 1955
49 1339 299 1514
2920 1306 3120 1747
324 1272 557 2129
83 1198 299 1422
1797 1164 2288 1788
1788 1164 2038 1589
83 1148 524 1855
1838 1139 3028 1872
2828 1131 3036 1397
673 1123 1555 1464
432 1098 2379 3078
2853 1015 3120 1297
2570 1015 2928 1322
291 1015 465 1248
357 981 740 1306
1123 940 1331 1139
2238 915 2404 1131
2595 881 2961 1189
2221 881 2753 1239
465 881 657 1081
1272 873 1780 1139
74 865 316 1322
257 856 507 1081
2088 832 2296 1206
1780 832 2221 1198
1015 815 1239 990
1272 798 1480 1131
2795 790 3053 1015
2238 790 2479 998
1713 782 1896 1064
832 782 1123 948
174 782 391 981
549 773 1139 1123
1339 765 1780 940
324 765 490 940
2429 715 2695 940
1114 715 1364 965
532 707 765 1015
2562 690 2903 948
2179 657 2404 881
1697 648 1863 856
1181 624 1406 815
1813 607 2113 973
915 599 1223 807
1672 590 1980 856
748 582 990 790
0 574 374 873
1297 565 1755 865
1023 549 1223 740
2778 532 2986 823
2712 490 2970 815
582 482 873 906
1988 465 2154 698
407 440 673 640
1322 399 1713 640
723 382 890 640
0 357 366 698
2471 341 2795 807
2171 341 2387 607
1331 324 1555 557
2512 316 2953 624
1031 274 1289 632
249 257 657 940
1622 249 2113 624
2545 232 2762 432
1705 232 2005 499
856 232 1198 698
765 232 981 540
2254 216 2654 657
2354 191 2520 366
0 191 166 440
524 183 748 540
49 174 391 432
2071 158 2288 374
1505 158 1747 482
1006 158 1231 349
848 141 1015 307
1747 124 2013 366
1123 91 1547 640
1381 74 1630 291
2520 66 2687 274
2862 16 3120 1114
2945 0 3120 257
2629 0 2887 266
2387 0 2753 257
2246 0 2496 366
2196 0 2421 266
2055 0 2246 274
1896 0 2154 191
1797 0 2046 191
1472 0 1938 274
1173 0 1497 199
1048 0 1356 216
407 0 881 382
241 0 682 191
91 0 374 274
690 2978 2254 3219
690 2978 2254 3186
1589 1822 1847 2254
1339 0 3120 4160
0 0 2537 4160
1339 2138 2670 3253
1797 0 3120 4160
1797 1164 2912 3120
1805 0 3120 4160
374 3486 632 3818
83 981 740 1855
0 2595 2537 4160
1797 1164 2878 2970
0 2595 2520 4160
83 1089 565 1855
83 1106 565 1855
141 1489 540 1855
981 3727 1223 4160
732 99 940 316
1372 2138 2670 3253
1164 3577 1447 3785
2778 0 3120 1114
1372 2412 2396 3061
0 0 2379 3078
2429 715 2695 1023
0 0 2221 1614
723 249 890 640
2171 2820 2670 3253
1805 1996 3120 4160
2013 3635 2504 4160
2013 3868 2337 4160
2379 2412 3120 4160
158 3968 399 4160
1838 0 3120 2828
2687 1306 3120 2146
2920 1306 3120 2146
2920 1306 3120 1888
2895 0 3120 507
2379 2670 3120 4160
0 2912 274 3735
0 2912 274 3527
1181 624 1780 940
449 3960 973 4160
2379 2720 3120 4160
2379 2862 3120 4160
0 1098 2379 3078
449 3960 848 4160
1422 3577 1655 3835
0 3161 274 3527
2770 2862 3120 3569
2770 3011 3120 3569
2787 3011 3120 3569
0 0 166 440
1156 3710 1414 3993
1514 3028 2412 3511
1514 3028 2412 3461
673 549 1822 1464
915 549 1223 807
2013 3960 2229 4160
1988 0 3120 1322
2762 2412 3120 2912
0 1272 615 2970
848 108 1231 349
2013 3095 2412 3452
407 440 873 906
1838 1131 3120 2828
2787 3011 3120 3328
1156 3710 1406 3993
0 1272 615 2845
2055 0 3120 1322
673 715 1822 1464
0 782 657 1614
2171 0 3120 1322
0 0 2221 1198
499 3702 840 3960
1630 3502 1996 4160
1630 3660 1996 4160
1630 3735 1838 4160
0 549 191 798
1015 715 1480 1139
1015 715 1364 1139
673 1040 1822 1464
241 0 773 291
2013 3095 2412 3369
0 2595 1755 4160
0 1272 615 2637
0 2595 1098 4160
33 782 657 1614
0 1647 615 2637
0 1713 615 2637
832 0 1497 216
2379 2970 3120 4160
199 3968 399 4160
2471 316 2953 807
1805 1996 2712 2986
515 3003 1755 3877
515 3003 1755 3777
0 1863 557 2637
1747 0 2171 366
1747 0 2154 366
1048 0 1497 216
2354 66 2687 366
1064 2670 2520 4160
2537 2970 3120 4160
599 3003 1755 3777
599 3003 1755 3594
457 482 873 906
2179 0 3120 1322
2196 0 3120 1322
940 3527 1322 3777
49 782 657 1514
49 856 657 1514
49 856 507 1514
58 2088 557 2604
0 1863 208 2637
848 141 1231 349
0 1456 216 1896
1131 3652 1738 4160
1198 2670 2520 3203
599 3278 865 3594
49 865 465 1514
2055 0 2296 1206
1272 324 2221 1198
1272 565 2221 1198
1630 3203 2496 4160
1630 3361 2304 3843
2570 790 3120 1322
2570 923 3120 1322
2196 0 2970 1239
2196 0 2903 1239
2071 158 2296 1206
241 0 773 191
1322 324 1713 640
74 865 465 1422
74 865 316 1422
2196 0 2762 1239
2196 0 2753 1239
1297 565 2113 973
1772 3203 2496 4160
1946 3203 2496 4060
158 2238 557 2604
1946 3203 2496 3910
1838 1131 3036 1872
1114 715 1364 1139
2196 0 2654 1040
0 3194 1098 4160
166 3194 624 3602
1297 565 1980 865
0 0 2113 1123
2246 0 2654 1040
2254 216 2654 1040
2221 790 2753 1239
0 3486 1098 4160
0 3677 1048 4160
282 3735 1048 4160
1131 3652 1697 4160
0 0 1139 1123
532 582 1139 1123
0 3677 524 4160
1946 3461 2479 3910
748 582 1123 948
765 0 2113 698
0 2595 832 3369
1272 648 2221 1198
1272 648 1896 1139
1630 3361 1921 3843
765 91 2113 698
765 91 1547 698
0 0 657 940
0 0 391 873
2254 216 2654 890
1505 158 2113 624
532 707 1139 1123
0 357 374 873
856 91 1547 698
1256 3652 1697 4160
1031 91 1547 640
1738 1173 2920 3028
1822 1223 2920 2970
1738 1173 2737 3028
2263 2063 2737 3028
1755 3818 2013 4068
99 2013 565 2545
407 1114 2595 3178
640 2995 2096 3635
640 2995 2096 3602
640 2995 2096 3577
698 2995 2096 3577
2371 2221 2737 3028
58 1106 615 2354
1281 3694 1730 4060
640 3194 1189 3577
2213 1822 2654 2637
1073 1888 2720 3536
1073 1888 2720 3369
1073 1888 2679 3369
648 3194 1189 3577
1073 1888 2487 3369
1073 2113 2487 3369
2737 1256 3120 2146
2737 1397 3120 2146
2953 1397 3120 2146
1114 532 1763 856
2770 2412 3120 2862
1073 2113 2396 3369
149 1248 557 2138
1073 2570 2396 3369
149 2778 349 2970
607 815 815 1015
1073 2837 2396 3369
407 291 673 723
2803 0 3120 1248
2812 0 3120 1248
1747 2837 2396 3369
1988 1431 2920 2604
2920 1256 3120 1464
2196 881 2737 1239
2196 898 2687 1239
2121 2520 3120 4160
2912 474 3120 1248
407 2936 1414 3968
407 2936 1414 3777
407 2936 1406 3710
0 599 191 798
1813 58 2188 956
1289 2570 2288 2978
1946 58 2188 698
1946 58 2188 457
407 2936 1023 3710
149 1647 540 2129
2629 3519 3003 4160
1356 399 1713 607
149 1647 540 2121
2787 3244 3120 3752
158 1647 540 2104
1589 2113 2296 2912
965 3278 2304 4051
1589 3278 2304 3843
2179 499 2479 973
965 3560 1747 4051
965 3560 1713 3976
965 3560 1472 3976
224 1647 540 2104
224 1647 532 1863
1256 3594 1472 3818
965 3560 1314 3893
1780 3278 2304 3810
2179 499 2404 923
2912 474 3120 1123
2121 2828 3120 4160
0 0 183 391
0 0 183 274
1780 3344 2304 3810
1780 3344 2304 3710
0 0 3120 1896
0 0 3120 1389
0 1863 2496 4160
0 2163 2496 4160
0 2163 540 3394
407 2936 632 3336
0 2912 2496 4160
0 657 2221 1896
2562 532 3120 1389
1847 3344 2304 3710
0 0 2945 1206
0 2912 241 3735
582 208 865 773
2121 2895 3120 4160
2238 2895 3061 3369
0 657 2146 1896
0 2263 316 2604
2121 3020 3120 4160
2362 3020 3120 4160
58 2304 316 2604
1406 3577 1713 3918
465 657 757 898
0 3203 2496 4160
41 3211 615 4076
141 3211 615 3710
0 740 2146 1896
2562 881 3120 1389
1655 3203 2496 4160
1763 3203 2496 4160
0 3602 1713 4160
2379 3278 3120 4160
2529 3278 3120 4160
0 3677 1713 4160
0 740 2146 1505
0 0 2945 1081
1896 3203 2496 4160
2570 532 3070 1048
2362 682 2712 1040
141 3211 615 3602
66 740 2146 1505
1123 740 2146 1173
0 3727 1713 4160
199 3727 1713 4160
66 765 1189 1505
357 765 1189 1148
0 2579 515 3394
0 0 2063 1081
0 0 1597 1081
0 0 1597 965
249 257 657 1081
474 3727 1713 4160
1555 0 2945 890
1555 0 2862 890
1173 0 2063 873
474 3727 1589 4160
0 0 1439 965
299 0 1439 673
740 108 1439 673
1555 0 2862 449
1763 3985 1930 4160
2379 3976 2562 4160
1314 3968 1713 4160
199 3918 507 4160
1763 3885 2013 4068
1464 3885 1730 4060
474 3802 1048 4160
1239 3793 1472 3976
257 3793 440 4026
1414 3777 1747 4051
1655 3735 1847 4160
324 3735 574 3968
1431 3727 1688 3910
1015 3727 1589 4160
1822 3719 1996 3993
765 3710 940 3877
499 3702 673 3968
2895 3694 3061 4010
1281 3694 1614 3943
2204 3660 2537 4160
2096 3660 2446 4118
382 3610 599 3818
1896 3602 2213 4160
607 3602 1031 4001
1256 3594 1439 3785
1064 3585 1414 3777
599 3569 931 3760
965 3560 1248 3877
940 3502 1406 3677
299 3486 465 3710
41 3486 465 4076
2396 3469 2612 4060
2936 3461 3120 3752
2138 3461 2362 3669
141 3311 316 3602
2063 3278 2263 3452
1589 3278 2030 3843
2612 3253 2812 3419
2787 3244 3120 3635
0 3244 199 3735
1530 3228 2080 3536
648 3219 1189 3577
640 3219 873 3461
16 3219 257 3394
249 3211 615 3552
2912 3203 3120 3452
2154 3203 2496 3868
2013 3203 2254 3369
416 3194 1023 3710
16 3144 282 3369
2121 3061 2512 3278
1747 3028 2246 3369
2362 3020 2654 3702
765 3011 2096 3577
2753 2995 3061 3369
698 2995 1173 3261
0 2912 241 3286
2471 2895 2737 3186
2238 2895 2878 3328
2803 2862 3120 3377
407 2862 690 3178
2171 2837 2396 3194
2762 2828 2928 3103
2179 2820 2487 3061
2329 2720 2720 3011
74 2720 515 3394
1872 2704 2288 2978
2853 2695 3120 3053
1281 2670 2337 3153
2371 2629 2737 3028
0 2579 482 2912
1289 2570 1938 2895
0 2545 332 2745
2770 2520 3120 2912
1572 2520 2154 2845
1930 2496 2679 3003
2770 2462 3120 2862
2770 2412 3120 2820
58 2371 299 2604
2196 2288 2429 2645
0 2263 216 2554
2421 2221 2695 2737
2512 2196 2720 2629
2421 2188 2654 2637
1614 2179 2296 2912
58 2163 540 2637
1589 2113 1813 2387
2263 2063 2437 2279
99 2013 565 2362
1672 1888 2279 2654
2213 1822 2429 2221
149 1713 532 2121
2188 1672 2920 2604
1048 1597 1214 1780
848 1572 1023 1788
2737 1530 3045 1955
1988 1431 2196 1672
0 1422 224 1896
1822 1223 2878 2970
49 1198 299 1497
1738 1173 2346 2063
1838 1156 3120 2853
407 1114 2595 3120
1788 1073 2221 1256
2853 1031 3078 1214
2803 1015 3120 1389
66 906 482 1505
2562 881 2862 1281
2312 881 2737 1123
266 840 507 1081
2795 790 3070 1048
2238 790 2479 973
1738 790 2146 1173
1006 790 1198 990
1630 782 1855 1081
357 782 732 1148
174 782 391 973
707 765 1189 1123
1123 740 1822 1164
582 707 757 898
2179 690 2404 923
2471 682 2712 940
1064 624 1306 807
1813 599 2113 956
865 590 1131 798
2429 574 2679 881
1339 565 1780 940
1040 565 1223 740
2570 532 3003 948
665 507 990 906
2213 499 2379 773
2645 490 2945 815
582 482 865 773
407 449 673 723
1697 391 2063 873
2471 374 2745 590
1331 324 1597 524
2504 291 2953 624
2021 241 2188 457
740 232 1089 549
2254 216 2620 890
1372 199 1547 391
574 183 748 574
2346 174 2554 391
2088 158 2288 1206
856 108 1439 673
807 99 1231 349
1946 58 2154 291
1148 49 1364 224
2812 0 3120 1114
1797 0 2862 449
1555 0 1946 274
1173 0 2055 715
299 0 856 449
0 0 457 965
1988 1431 2920 2629
1738 1173 2695 2737
1738 1173 2437 2279
698 1223 2928 3602
698 2113 2737 3602
99 2013 582 2679
698 2113 2487 3602
1073 2113 2487 3602
1822 1223 2928 3103
1763 3719 2013 4068
1372 3228 2080 3602
2088 3253 2537 4160
640 3219 1189 3577
382 3486 931 3818
382 3552 931 3818
0 1106 3120 4160
1073 2520 2487 3369
1289 2520 2487 3194
0 0 3120 2853
1788 0 3120 2853
0 0 2862 1505
2204 3253 2537 4160
0 1106 2720 3153
0 2263 3120 4160
1289 2520 2487 3061
2837 3652 3061 4010
2787 3203 3120 3752
2129 2837 2396 3194
1672 1888 2720 3011
2787 3203 3120 3635
1813 0 3120 2853
2895 0 3120 607
1289 2570 2487 3061
1406 2412 3120 4160
0 1106 2595 3153
0 41 166 391
1040 565 1339 807
0 2263 2096 4160
1339 3702 1747 4060
1813 158 3120 2853
1406 2695 3120 4160
599 3552 931 3760
2429 291 2953 881
2121 3203 2346 3402
1406 2862 3120 4160
407 2862 782 3336
407 2862 782 3228
2920 1256 3120 2146
2770 2412 3120 2912
0 1106 2595 3120
0 141 166 391
0 1106 615 2637
1289 2570 2329 3011
257 3486 507 3710
257 3486 465 3710
465 657 815 1015
507 183 890 574
1073 2978 2246 3369
257 3702 673 4143
1930 2496 2720 3011
465 657 807 998
1946 58 2179 291
2238 2862 3120 3377
2013 3061 2512 3369
765 3011 2096 3976
1239 3594 1614 3976
1239 3694 1614 3976
324 3702 673 4143
1406 3020 3120 4160
1589 3020 3120 4160
1589 3278 2304 3993
765 3011 2096 3877
940 3502 1414 3877
1064 624 1339 807
507 183 840 574
1339 3702 1747 4051
0 2912 282 3735
324 3702 673 3968
1813 158 2337 1206
2013 158 2337 1206
2088 158 2337 1206
1838 490 3120 2853
0 2263 1713 4160
0 3760 282 4160
2179 490 3120 1389
0 0 2862 965
0 2912 282 3369
1738 3278 2304 3993
0 257 2146 1505
940 3502 1414 3777
0 324 2146 1505
1114 324 1855 1081
1114 324 1780 998
1114 532 1780 998
0 1123 540 2637
0 1123 224 1896
249 257 865 1081
0 2263 482 2912
0 2545 482 2912
1655 3020 3120 4160
1655 3020 2654 4160
1331 324 1713 607
2196 490 3120 1389
2795 790 3120 1389
149 1647 532 2121
807 0 1364 349
807 0 1231 349
249 257 673 1081
2196 490 3003 1281
2238 790 2479 1123
1114 532 1780 940
2379 3469 2687 4160
