0 0 4160 3120
1722 1040 2496 1705
1722 1098 2496 1705
1322 848 2953 2146
1847 1098 2496 1322
1322 848 2820 2146
1322 890 2820 2146
1322 931 2820 2146
1322 931 1938 1447
2970 557 3244 1614
74 0 499 990
74 0 440 990
3602 1921 4093 2279
3602 1921 4068 2279
3602 1921 3852 2279
1472 2745 1738 3020
807 0 1198 624
890 49 1198 332
3336 0 3852 216
1198 582 1431 782
1431 1123 2820 2146
1431 1206 2820 2146
1356 2021 2229 2545
208 2837 748 3120
1372 890 1664 1272
1713 2063 2229 2545
1863 349 2645 832
1431 1206 2728 2146
2562 2471 3136 3078
216 2912 748 3120
216 2912 615 3120
2745 2005 3211 2396
1322 948 1822 1447
2728 141 3685 1497
432 324 2928 1988
3211 1797 3436 2321
3269 1797 3436 2321
432 324 2928 1888
1356 1572 1680 1888
432 324 2928 1688
291 1738 757 1930
0 2321 316 3103
0 2321 199 2903
2021 1356 2479 1955
1713 0 2479 457
2512 1480 2820 1946
1655 2321 1913 2595
1431 1239 2146 2080
1431 1239 2055 2055
2063 1921 2704 2454
2063 2088 2545 2454
906 1913 1256 2254
906 1913 1231 2179
1805 2088 2229 2545
241 1098 865 1738
2728 141 3635 1497
2728 149 2920 440
1772 2487 2853 3120
1772 2545 2853 3120
432 324 2928 1639
3336 540 4160 1023
257 1098 865 1738
0 2030 1114 2587
0 2030 1073 2529
0 2030 973 2496
0 2038 915 2496
0 2221 732 2496
1347 83 1713 332
3361 2321 4026 2687
3402 2321 4026 2687
3519 2321 4026 2687
3627 2512 4026 2687
2745 2063 3211 2396
1248 324 1863 856
981 1996 1231 2179
2787 141 3635 1497
3136 690 3635 1497
1713 124 2071 399
1248 324 1855 765
1406 324 1747 582
2204 349 2645 832
1772 2545 2728 3120
1772 2545 2612 3120
1772 2928 2612 3120
2071 0 2479 457
74 0 440 906
74 0 440 798
432 424 2928 1639
1655 2321 1838 2562
3519 2321 3918 2654
956 1015 1289 1688
1805 2088 2113 2412
2071 1206 2728 2146
2071 1206 2720 2146
2071 1239 2595 2146
2071 1239 2562 2088
732 2246 1073 2529
2171 2171 2545 2454
2512 1514 2820 1946
1888 2088 2113 2404
2787 141 3253 873
1431 1239 1805 1946
1431 1239 1730 1747
1381 2903 1664 3078
2437 0 4160 3120
2437 773 3086 1156
2512 773 3086 1156
0 0 3078 3120
0 0 366 715
2080 0 2479 349
2080 0 2371 349
2479 0 4160 3120
2704 2912 3394 3120
2704 2912 3278 3120
282 1098 524 1497
574 1231 1073 1830
574 1231 1073 1705
382 1738 757 1930
482 1738 757 1930
0 1564 2887 3120
0 2046 2887 3120
1206 2046 1763 2520
0 2254 2887 3120
0 2271 2887 3120
1098 1530 1464 1996
1156 1530 1464 1996
2712 0 4160 1838
3494 956 3960 1838
1722 1797 2055 2055
0 0 3078 2238
2712 0 4160 1439
1206 1530 1464 1913
807 0 990 624
282 1181 524 1497
582 1564 2129 2679
815 1805 2129 2679
432 424 1863 1639
432 424 1722 1639
856 881 1048 1114
890 1688 1306 2080
890 1688 1231 2013
1223 2462 1555 2629
1206 1530 1439 1813
2479 898 4160 3120
2712 0 4160 931
1797 0 2113 174
0 2271 2637 3120
3136 690 3594 1431
574 1231 998 1680
2712 0 4160 773
3095 898 3560 2080
3103 898 3560 2080
2712 0 4160 698
3402 366 4160 648
2479 1081 4160 3120
2645 2512 2995 2745
465 2271 2637 3120
465 2537 1905 3120
465 2587 1905 3120
0 1331 748 2238
0 0 3078 1505
0 416 507 1505
0 765 507 1505
0 1497 748 2238
0 1497 524 2229
282 0 3078 1164
282 0 2188 1164
890 0 2188 549
1164 0 2188 549
1164 0 2088 549
1164 0 2055 549
1164 0 2055 540
1164 0 1938 540
1164 0 1938 324
1164 0 1938 307
1181 0 1938 241
1763 0 3078 990
0 1597 524 2229
0 1597 474 2229
0 1497 349 2030
948 1805 2129 2679
948 2096 1497 2679
3777 1397 4160 1888
0 1048 507 1505
881 2271 2637 3011
282 0 1206 1164
2446 2412 2953 2936
524 2862 915 3120
3436 665 4160 1439
3436 665 4160 1272
2712 0 4160 648
2712 0 3278 474
3045 0 4160 648
3203 0 3469 465
3436 665 4160 1223
432 424 1589 1639
0 2271 990 3120
191 2271 990 3028
1206 2046 1763 2421
1431 2046 1763 2412
3436 715 4160 1223
3660 823 4160 1223
881 2271 2296 3011
1672 2271 2296 2895
3827 1006 4160 1223
191 2271 848 3028
382 2670 848 3028
332 0 1206 1164
3777 1397 4160 1747
0 1597 440 2221
2138 2371 2637 2887
881 2554 1863 3011
881 2554 1730 3011
391 0 1206 915
191 2271 773 2820
682 1256 998 1680
465 2587 1173 3045
0 416 324 906
3045 133 4160 648
948 2096 1497 2520
0 0 366 374
0 0 366 357
1763 124 3078 990
424 1955 748 2238
2712 0 3169 407
2712 0 3128 357
1148 1805 2129 2221
391 0 965 915
1838 673 2928 1231
3777 1439 4160 1747
2970 557 3244 1297
881 2554 1597 3011
881 2554 1597 2862
881 2554 1597 2720
3078 1464 4160 2587
3436 1464 4160 2346
3436 1464 4160 2321
3768 1655 4160 2321
3777 1655 4160 2321
3777 1655 4160 2154
432 424 1539 1639
432 424 1256 1322
1064 2762 1331 3011
1763 124 3078 981
2046 124 3078 981
191 2454 773 2820
3402 133 4160 490
391 0 965 856
391 74 965 856
1938 682 2928 1231
257 1214 865 1738
257 1214 765 1738
257 1214 698 1722
3436 1464 3860 2046
432 424 1248 1322
41 416 324 906
41 416 266 856
2795 2329 4160 3120
3768 1996 4076 2312
2745 2063 3061 2371
2221 141 2662 599
0 0 224 349
2795 2337 4160 3120
1913 2545 2354 3028
3436 1464 3727 2005
890 216 1206 624
2970 33 3169 407
2479 1081 3303 2537
3560 2196 4160 2737
3777 2196 4160 2737
0 1048 507 1447
0 1497 241 2030
2637 1081 3303 2254
2637 1447 3303 2254
2795 2337 4101 3120
2795 2337 3985 3120
2795 2337 3860 3120
2795 2471 3860 3120
3228 2787 3860 3120
391 191 965 856
0 1048 382 1447
3103 1131 3560 2080
2795 2471 3253 2978
1763 424 2387 723
3078 2013 3744 2587
3560 2853 3860 3120
432 424 1248 1214
432 424 1248 1164
2637 1447 3053 2254
2554 124 3078 981
2645 374 3078 981
432 424 1248 1131
665 2629 1173 3045
2803 1480 3303 2213
1114 707 1539 1639
2304 2446 2637 2887
2795 2471 3136 2770
906 216 1156 416
1938 682 2778 1206
2762 1081 3061 1564
2795 1256 3061 1564
2803 1722 3194 2213
998 2820 1905 3120
1198 707 1530 1331
3078 2021 3744 2587
2479 2213 2870 2537
3469 416 4160 648
2046 515 2753 873
3011 1480 3303 2138
391 191 965 790
698 424 1248 1123
2803 1822 3194 2213
2104 848 2778 1206
1938 682 2362 940
2337 2945 2612 3120
3452 2936 3744 3120
1772 2928 2346 3120
216 2928 565 3120
682 2920 915 3120
2795 2912 3278 3120
332 2912 615 3120
2496 2895 2853 3061
3269 2887 3619 3120
3560 2870 3785 3120
1639 2870 1988 3053
2928 2862 3136 3078
524 2862 740 3086
3802 2853 4160 3120
3660 2853 3860 3120
998 2820 1547 3120
0 2812 316 3103
0 2803 332 3120
416 2795 632 3028
3228 2787 3660 3020
1098 2762 1331 2978
3702 2753 3877 2953
2179 2753 2612 2986
1597 2753 1863 2953
798 2737 1173 3045
1256 2720 1672 2920
3768 2704 4101 2878
1672 2704 1930 2895
2221 2695 2404 2912
3968 2679 4160 2895
382 2670 848 2953
2604 2662 2887 2903
948 2662 1431 2862
3303 2620 3502 2795
2679 2612 2953 2936
2454 2595 2637 2887
3336 2579 3985 2945
1913 2579 2354 3028
2936 2562 3253 2978
1980 2545 2321 2770
2645 2537 2995 2745
3627 2512 3943 2679
3927 2504 4160 2737
2837 2504 3136 2770
2412 2496 2695 2720
2795 2471 3053 2637
2562 2471 3095 2878
682 2471 890 2637
3544 2454 3918 2629
2304 2446 2545 2862
0 2446 199 2903
1489 2429 1946 2620
2446 2412 2845 2795
2138 2371 2446 2537
1655 2371 1838 2562
3128 2362 3527 2787
1372 2354 1580 2612
1306 2346 1505 2512
998 2346 1364 2679
773 2346 956 2520
3020 2337 3319 2604
2812 2329 3128 2529
3519 2321 3735 2654
3402 2321 3635 2587
2537 2321 2870 2537
1872 2321 2063 2487
1522 2304 1705 2520
1015 2304 1239 2504
224 2304 440 2496
1148 2296 1406 2520
557 2296 990 2570
1705 2279 1963 2562
1805 2271 2296 2862
299 2271 549 2520
3785 2263 4026 2545
108 2254 391 2612
3560 2246 3910 2595
732 2246 1015 2496
3078 2221 3477 2587
2479 2213 2720 2446
1980 2204 2229 2545
3777 2196 4160 2570
2171 2171 2487 2454
1597 2138 1763 2354
2088 2129 2288 2312
3211 2104 3402 2312
1930 2096 2113 2404
948 2096 1497 2346
2063 2088 2471 2337
3793 2080 4076 2312
981 2071 1256 2254
2820 2063 3061 2321
1713 2063 1905 2437
1431 2046 1713 2412
1356 2046 1605 2221
690 2038 915 2263
3369 2021 3744 2412
3095 2013 3377 2279
3785 1971 4068 2146
524 1955 748 2179
149 1955 474 2229
3436 1946 3627 2196
1015 1930 1356 2179
2412 1921 2704 2304
906 1913 1089 2138
341 1905 740 2088
2953 1888 3194 2213
815 1863 1023 2154
2712 1855 2878 2354
3777 1847 4051 2096
0 1838 274 2221
2803 1822 3120 2113
1148 1805 2129 2179
1722 1797 1930 2030
2637 1788 2820 2254
3602 1780 3860 2046
1156 1755 1422 1996
183 1755 382 2021
1223 1747 1464 1913
1356 1738 1680 1988
2221 1722 2595 2146
2263 1697 2837 2221
1431 1697 1680 1888
1006 1688 1231 2013
1605 1680 1805 1946
2512 1664 2770 1946
3960 1655 4160 2154
1747 1655 1980 2030
732 1639 1048 1830
2071 1630 2396 2088
3893 1622 4160 1888
66 1597 440 1955
2080 1580 2379 2021
1356 1572 1530 1855
582 1564 1106 2263
3111 1555 3303 2138
1098 1539 1331 1780
3644 1530 3818 1955
1206 1530 1406 1747
382 1530 590 1722
3777 1522 4093 1747
2520 1514 2820 1730
1996 1505 2188 1805
0 1497 241 1963
2238 1489 2421 1680
3011 1480 3211 1913
3461 1464 3727 1888
2803 1447 3053 1921
3818 1439 4160 1639
3677 1439 3960 1838
1389 1414 1589 1630
0 1331 341 1580
2795 1322 2961 1564
2471 1322 2728 1614
832 1314 1073 1605
1589 1272 1838 1772
748 1272 915 1456
1114 1264 1539 1639
3685 1256 3935 1439
3103 1256 3369 1880
2795 1256 3061 1514
1472 1248 1772 1431
574 1248 765 1738
2329 1239 2562 1822
1514 1239 1730 1688
1838 1231 2421 1880
1322 1223 1539 1447
2496 1206 2720 1456
956 1206 1272 1688
2021 1198 2421 1489
282 1181 474 1381
2362 1173 2537 1406
1722 1173 2263 1705
2778 1148 2953 1755
3228 1131 3560 2080
1847 1123 2496 1322
116 1114 382 1447
3577 1081 3777 1264
2762 1081 3036 1281
3710 1073 4160 1564
532 1056 1056 1322
0 1048 232 1331
1896 1040 2171 1231
2803 1023 3111 1372
3852 1006 4160 1223
931 990 1214 1306
1231 973 1472 1331
582 965 807 1164
3494 956 3735 1456
524 956 757 1214
1971 948 2520 1181
1431 948 1822 1372
2496 931 2928 1231
1647 931 1938 1181
2487 906 2778 1114
3186 898 3436 1397
1381 898 1664 1272
2662 848 3086 1156
2104 848 2562 1206
1855 848 2096 1106
3943 823 4160 998
3660 823 3993 1123
3169 823 3352 990
2637 823 3028 990
965 782 1181 1214
1081 773 1272 1189
0 765 382 1164
332 732 515 1164
3436 715 3927 1089
1198 707 1530 1164
2728 698 3011 881
1572 698 1863 923
432 698 923 1131
990 690 1256 865
881 690 1098 873
1971 682 2362 931
1938 682 2254 940
549 682 840 915
2046 673 2587 873
1838 673 2096 990
698 673 1048 1123
3494 665 3868 940
532 624 748 856
3536 615 4160 1023
1456 607 1722 790
199 599 432 906
1231 590 1431 782
41 574 266 856
2970 557 3219 1098
2204 549 2421 832
1098 549 1522 723
3336 540 3560 715
3161 524 3502 931
2687 524 3078 981
2354 515 2753 690
133 515 324 906
1248 507 1855 765
3976 499 4160 773
3086 499 3253 873
432 482 965 790
1763 432 2030 723
1921 424 2387 632
990 424 1248 698
3469 416 4160 632
1988 416 2238 582
624 391 815 574
2645 374 2928 657
1297 374 1522 540
2055 357 2229 532
2346 349 2645 557
1206 324 1480 540
2221 316 2429 599
1605 307 1913 549
2063 299 2429 482
890 299 1206 624
549 299 757 524
3610 266 3777 457
3045 266 3511 648
74 257 382 707
2071 232 2304 457
673 232 898 632
1322 208 1672 432
391 191 615 524
3203 174 3377 449
0 174 208 349
640 158 840 349
3777 149 4160 416
3585 149 4160 490
2970 149 3169 407
1888 149 2088 332
2787 141 3086 574
2321 141 2662 465
3402 133 3660 457
2554 124 2737 482
1713 124 1921 341
3269 116 3469 465
2920 116 3278 474
890 116 1198 332
1505 91 1713 332
1347 83 1522 324
399 74 673 449
1564 49 2055 474
2279 33 2479 249
174 24 366 357
3086 0 3261 199
2878 0 3128 357
2712 0 2936 257
2454 0 2662 183
2412 0 2587 224
2080 0 2288 307
1181 0 1497 241
890 0 1206 183
807 0 981 599
399 0 657 199
158 0 440 798
24 0 224 257
2021 1239 2837 2221
2071 1239 2837 2221
1713 0 4160 3120
2496 2895 2853 3086
2970 499 3960 2321
3602 1847 4068 2279
3602 1847 4051 2279
3702 1847 4051 2238
0 0 2887 3120
0 0 2537 2263
158 0 499 798
0 1530 2887 3120
1372 807 2537 1880
1456 807 2537 1880
0 0 2188 2263
1456 807 2537 1705
1472 931 2537 1705
2970 557 3960 2321
2238 0 2587 349
2238 0 2462 349
3627 2263 4026 2712
3719 2263 4026 2712
1472 1098 2537 1705
2878 2005 3303 2396
2878 2005 3303 2271
2878 2005 3086 2229
1838 0 4160 1639
332 2912 748 3120
241 1530 590 1722
2071 1239 2728 2146
1722 1098 2537 1705
2662 0 2920 465
2662 0 2920 440
1589 2862 1988 3053
0 2446 341 2903
1713 1123 4160 3120
2496 1123 2953 1946
2512 1123 2953 1946
465 2487 1123 2770
2654 1123 2953 1755
1980 2471 2362 2770
1797 0 2188 332
1838 0 4160 1622
0 0 2146 2263
1431 607 1722 873
3785 2263 4026 2687
1888 0 4160 1622
3369 266 4160 773
1139 2953 1905 3120
1921 0 4160 1622
1888 0 2188 332
1896 948 2520 1231
3560 1173 3760 1589
549 0 1056 682
607 2487 990 2670
3369 366 4160 773
1838 673 2121 1189
0 0 2113 2238
582 707 2146 2263
0 2221 673 2446
0 2246 183 2446
1713 1356 4160 3120
507 2279 765 2487
0 2753 565 3120
0 2753 449 3120
549 0 990 632
2479 1464 4160 3120
1223 2138 1963 2629
1522 2138 1963 2562
0 2753 449 3103
0 1688 2887 3120
607 2770 873 2986
2437 773 2737 998
2662 0 2870 382
3111 1555 3436 2321
607 2803 873 2986
1980 2471 2321 2770
2920 116 3511 474
2920 116 3469 474
2221 1239 2728 2146
2329 1239 2728 1822
1713 1356 3086 2545
1713 2063 2545 2545
191 1688 2887 3120
208 2753 449 2986
1522 2138 1830 2520
0 1863 1256 2845
241 1863 1256 2587
241 1863 1256 2496
241 2238 1015 2496
1713 2063 2288 2545
832 2720 2013 3120
391 0 2113 1830
2970 557 3960 2080
1938 0 4160 1622
2063 0 4160 1622
116 2928 565 3120
0 0 998 2238
0 1822 191 2096
832 2720 1863 3120
1223 2346 1580 2629
1098 1530 1680 1996
1098 1539 1680 1996
1081 582 1431 782
3020 2329 3328 2604
3494 665 3993 1439
1206 1530 1530 1855
690 1863 1256 2263
690 1863 1231 2263
690 1863 1023 2263
815 1863 1023 2263
3369 366 4160 648
3369 416 4160 648
582 707 1980 2263
798 782 1214 1306
1888 2088 2288 2545
0 2254 391 2845
1905 1813 2146 2080
1223 1713 1464 1913
3128 174 3377 449
0 1331 349 1639
1522 2138 1763 2520
1888 274 2229 532
1938 482 3111 1564
798 990 1214 1306
2970 557 3735 2080
3927 2088 4160 2346
632 0 990 632
632 0 981 599
632 0 856 232
332 682 574 1164
3045 0 4160 1622
1838 673 2096 1106
3136 2803 3427 3045
2520 1480 2820 1730
832 2720 1672 3120
2063 0 3394 981
1156 1738 1680 1996
2063 0 3261 981
2063 0 2429 482
1431 1239 1980 2030
1713 2063 1938 2437
3644 823 3993 1439
673 232 990 632
582 707 1822 2263
1114 948 1822 1639
1114 1264 1589 1639
3078 1464 4160 2787
3078 1946 3744 2787
3078 2021 3744 2787
582 707 1530 2263
3053 848 3244 1614
3644 823 3993 1272
1223 2354 1580 2629
1431 1239 1930 2030
574 1231 998 1738
1930 2096 2288 2545
1980 2129 2288 2545
2412 1356 3086 2354
890 1688 2129 2679
3436 1464 4160 2154
2221 0 3261 981
0 0 748 2238
0 0 432 981
0 0 208 349
391 0 2113 1322
3045 0 4160 1564
3045 133 4160 1564
732 1314 1073 1830
1098 83 1863 923
1164 83 1713 540
1164 83 1713 482
1164 166 1456 424
0 765 748 2238
2479 1480 4160 3120
1514 1239 1930 2030
1589 1272 1930 2030
890 1805 1089 2138
2454 0 3261 981
948 1688 2129 2679
1322 83 1713 482
1322 83 1713 432
1938 482 3086 1281
2637 698 3086 1156
2479 1480 3377 3120
956 707 1530 1688
0 1497 274 2221
832 2820 1547 3120
0 24 432 981
3585 0 4160 490
282 1098 515 1381
2412 1447 3086 2354
948 1688 2129 2520
391 0 840 449
399 74 840 449
1223 2354 1580 2620
3228 2080 4160 3120
1938 482 3036 1281
574 1248 998 1738
3228 2196 4160 3120
2712 0 3261 407
191 2271 2887 3120
191 2271 990 3120
191 2271 990 3086
3103 1206 3369 1880
3045 266 4160 1564
3161 524 4160 1564
948 1805 2129 2520
798 2271 2887 3120
798 2271 2612 3120
798 2429 1946 3045
890 0 2113 723
0 24 432 906
2970 0 3261 407
391 0 657 199
1098 507 1863 923
1672 2271 2612 3120
1772 2271 2612 3120
0 24 382 906
798 2554 1730 3045
2637 1447 3086 2354
391 191 1480 1322
881 690 1256 873
3161 524 3927 1089
881 2554 1730 2862
2970 557 3735 1456
2970 557 3594 1431
2795 1023 3111 1564
1414 2429 1946 2695
41 24 382 906
41 257 382 906
2454 0 3086 981
2637 823 3086 1156
1098 507 1855 765
2537 1480 3377 3120
2695 2329 3278 3120
465 2587 1123 2770
690 2021 915 2263
3228 2579 4160 3120
2046 848 3036 1281
2046 848 2778 1206
2046 848 2562 1206
890 0 2055 723
3602 1622 4160 2154
3602 1722 3927 2046
2645 141 3086 981
1181 0 2055 723
2221 2446 2887 2912
2454 0 2737 482
3228 2670 3660 3120
3228 2670 3660 3020
1439 0 2055 723
1164 2587 1730 2753
2695 2504 3278 3120
2637 1447 3053 2354
191 2271 990 2953
432 391 965 790
1605 1680 1930 2030
432 216 1480 1322
183 1755 748 2238
341 1905 748 2238
0 765 715 1955
2795 2329 3128 2637
732 1555 1073 1830
2304 2446 2887 2903
1938 482 2753 940
1938 515 2753 940
1564 49 2055 723
1605 307 2030 723
798 2737 1331 3045
3536 615 4160 1564
432 216 1480 1164
524 956 1056 1322
2795 2504 3278 3120
66 1214 715 1955
257 1214 715 1822
3336 2579 4160 3120
3768 2704 4160 3120
2071 0 2304 457
66 1597 532 1955
2537 1480 3377 2537
2953 1888 3377 2279
890 216 1480 698
890 216 1480 624
890 299 1480 624
2537 1480 3211 2537
2745 1480 3211 2371
2803 1480 3211 2113
881 2554 1431 2862
41 257 382 856
3893 1622 4160 2154
432 673 1048 1164
582 673 1048 1164
191 2271 848 2953
1805 2271 2354 3028
2412 2496 2887 2903
0 765 382 1447
2837 2504 3253 2978
3710 1006 4160 1564
3186 898 3560 2080
2995 1480 3211 1913
1938 673 2587 940
191 2454 848 2953
1772 2753 2612 3120
2496 931 3036 1281
1847 1081 2487 1322
1872 1081 2487 1322
1872 1098 2362 1322
1772 2063 1938 2337
1322 856 2878 2138
1322 898 2878 2138
1322 898 2537 2046
3694 1921 4093 2254
3694 1921 4068 2254
1322 898 2496 2046
3278 0 3827 208
1480 2046 1963 2554
2961 465 3444 1572
3011 465 3444 1572
3452 1747 3694 2129
3452 1747 3619 2055
2096 1081 2878 2138
1431 599 1722 906
1431 599 1713 906
3777 2254 4076 2637
2346 1713 2803 2196
1797 1131 2496 1855
2096 1081 2770 2138
0 2138 673 2504
0 2138 673 2354
1980 2271 2354 2554
3552 1456 3760 1655
3785 2263 4076 2637
1322 898 2013 2046
1139 2454 2961 3120
1223 1747 1813 2005
1139 2454 2953 3120
1139 2945 1847 3120
1896 948 2171 1231
1872 324 2645 798
2712 91 2920 349
1081 582 1347 790
1772 2454 2953 3120
3269 91 3610 490
232 2912 748 3120
2221 324 2645 798
3927 2695 4160 3020
3927 2695 4160 2953
1322 898 1980 2038
1322 1114 1980 2038
0 0 2778 2063
3336 424 4160 765
856 773 1098 1189
0 0 923 1397
2279 349 2645 798
1431 1139 1980 2038
1431 1239 1980 2038
1431 1580 1805 1788
948 773 1289 1347
948 782 1289 1347
1647 0 2454 349
856 773 1098 1114
898 0 1331 307
3344 108 3610 465
3727 807 4160 1148
3727 807 4160 1040
0 407 199 873
0 1480 3303 3120
2421 1480 3303 2421
1173 0 4160 3120
3128 2021 3910 2787
324 1206 524 1505
3369 424 4160 673
0 1522 2887 3120
1772 2545 2354 3036
0 1522 2845 3120
973 1697 2845 2720
973 1797 1980 2396
973 2021 1664 2396
3494 2138 3910 2595
2071 0 2454 316
2096 1306 2562 2138
2179 2446 2887 2912
0 1522 2038 3120
881 1805 1356 2179
0 1830 2038 3120
1647 0 2188 349
1647 0 2063 349
0 2005 2038 3120
1472 1239 1980 2030
