0 0 3120 4160
1855 1048 2138 1672
2121 2462 2387 2728
2229 3328 2604 3744
915 1963 1264 2288
515 3486 723 4051
2620 2204 2862 2903
58 0 607 1089
58 0 607 931
1813 1447 2238 1830
2770 0 3120 241
2138 99 2612 923
2163 307 2612 923
1381 349 1680 624
482 1439 757 2005
1847 848 2329 1214
1339 1089 1564 1672
682 1139 1339 1655
682 1139 1339 1605
682 2321 923 2612
981 973 1347 1389
1505 981 1788 1822
673 3469 948 4076
2080 3893 2537 4160
815 1356 1322 1655
391 0 1356 565
391 0 1231 565
507 0 1231 565
66 3577 657 4160
1505 981 1788 1797
1505 981 1755 1797
158 133 607 931
0 0 349 1064
0 0 208 1031
515 2171 815 2695
1181 1888 1655 2404
1331 881 2803 2238
1331 881 2046 2238
1331 1056 2021 2238
1331 1439 1913 2238
1331 1439 1863 2238
1331 1622 1863 2238
1331 1622 1697 2055
0 16 208 1031
2487 99 3120 840
474 1564 923 2496
624 0 1231 565
890 0 1231 565
2371 1356 3120 2213
2529 1356 3120 2213
956 133 2080 1164
1164 299 1788 765
2038 1048 2803 1564
648 2562 2213 4126
915 2704 2213 4126
1530 881 2046 1064
615 1564 807 1830
2828 1722 3095 2013
956 316 2063 1164
956 316 2055 1164
956 707 1622 1164
1056 707 1622 1164
2845 99 3120 823
2129 2163 3078 3594
2229 2304 3078 3594
0 1089 565 1730
648 2562 1081 3294
1580 2254 2021 2878
2038 1048 2504 1564
1123 707 1622 1164
2329 2412 3078 3594
2329 2412 2820 2903
108 499 349 1064
2129 2163 2728 2520
965 2903 2213 4126
1256 2903 2213 4126
24 1980 532 3036
66 1980 532 3036
66 1980 532 2970
99 2279 532 2970
174 2279 532 2970
282 2279 532 2745
2529 1356 3120 1813
24 2263 199 2579
2845 440 3120 823
515 0 2903 1248
515 24 981 723
515 83 881 723
0 1223 565 1730
0 1223 490 1730
0 1223 241 1522
33 1248 241 1447
116 3577 657 4160
183 3577 657 4160
341 3577 657 4160
341 3710 657 4160
2529 1580 3036 1813
607 0 2903 1248
183 3868 499 4160
474 1705 923 2496
474 1705 848 2496
2695 149 2953 357
0 33 3120 4160
515 108 815 723
1639 2637 2021 2878
1705 2637 2021 2803
2620 2204 2862 2704
1256 2903 2213 3827
2745 2562 3120 4160
2745 3186 3120 4160
2238 3893 2537 4160
648 3594 1456 4160
773 3594 1456 4160
848 3594 1456 4160
848 3727 1456 4160
1048 3727 1456 4160
1131 3727 1456 4160
1131 3727 1372 4126
108 499 349 1023
2745 3278 3120 4160
2787 2562 3120 3303
1256 3036 2213 3827
2229 2304 2787 2595
1289 3036 2213 3827
1289 3036 2163 3827
1289 3036 2055 3560
2487 291 3028 840
2762 3278 3120 4160
648 2562 1081 3153
0 682 3120 4160
0 1505 1356 4160
0 1505 1331 4160
0 1505 1306 4160
1713 33 3120 1289
2421 757 3120 1289
2912 765 3120 990
1123 1015 3120 4160
1123 1664 2903 4160
2762 3361 3120 4160
2762 3910 3120 4160
1921 2995 2471 3735
1289 3436 2196 4160
1289 3436 2055 4160
0 682 1772 3211
0 682 981 1614
0 682 940 1322
0 848 657 1322
249 998 657 1281
1805 1015 3120 2670
1805 1015 3120 2487
1805 1139 3120 2487
2246 1139 2995 1797
2412 1139 2995 1722
2412 1256 2995 1722
2412 1289 2928 1722
707 873 1772 3211
707 965 1772 3211
707 1015 1772 3211
707 1248 1772 3211
0 1505 1131 4160
1863 3344 2213 3768
1439 3436 1680 3993
707 1472 1772 3211
707 1472 1713 2920
707 1472 1713 2795
707 1472 1688 2795
707 1472 1680 2795
707 1472 1439 2795
707 1472 1331 2795
707 1472 1331 2404
848 1472 1331 1822
2254 3993 2537 4160
1805 1547 3120 2487
748 3194 1306 3902
0 1505 515 3519
0 2612 307 3519
2412 1406 2878 1722
2304 2163 2728 2429
1805 1614 3120 2487
1006 2304 1306 2795
1713 33 2837 1272
1830 2296 2903 4160
1980 2828 2903 4160
1980 3519 2903 4160
2396 3702 2903 4160
2545 3702 2903 4160
1980 3519 2437 3935
0 2421 1131 4160
1289 3461 2055 4160
2005 3211 2471 3735
1722 1056 2021 1830
2887 3361 3120 4110
2396 3702 2803 4160
707 1497 1164 2404
0 1505 515 2662
83 2421 1131 3960
83 2737 599 3960
83 2912 599 3960
2263 2828 2803 3760
2312 3061 2803 3760
2462 3136 2803 3760
0 1505 515 2587
607 0 2903 1181
815 0 2903 1181
199 2912 599 3610
199 2912 482 3577
1248 2853 1772 3211
1248 2853 1605 3153
1248 2928 1472 3153
2496 3045 2712 3594
1289 3461 1855 4160
2121 3752 2537 4101
1006 2304 1297 2795
1006 2346 1297 2795
1713 33 2213 357
1847 166 2837 1272
1847 166 2612 1272
1847 166 2462 1272
1946 166 2462 1272
1946 582 2462 1272
1946 582 2387 1098
166 3228 366 3486
391 2421 1131 3544
1289 3552 1855 4160
83 3344 507 3960
1830 2296 2437 3053
1830 2296 2437 3020
1123 1664 2080 3095
1431 2695 2080 3095
1830 2296 2254 3020
2828 1722 3095 1963
391 2421 1131 3427
549 2986 1131 3427
2263 2828 2496 3120
782 1497 1139 1971
773 3935 1314 4160
832 3935 1314 4160
1896 1614 3120 2487
2088 1830 3120 2487
0 1505 474 2587
0 1505 474 2379
2545 3702 2878 4043
1289 3552 1830 4160
1289 3610 1738 4160
391 2421 765 3120
391 2654 765 3120
1123 1664 2055 2745
1431 1747 2055 2745
1896 1614 2404 2271
815 0 2221 1181
815 332 1414 1181
873 332 1414 990
732 2986 1131 3427
732 2986 1131 3361
2462 2429 3078 3594
0 1505 474 2104
2529 3045 2712 3594
748 3377 1306 3902
748 3427 1181 3902
2204 0 2903 673
0 1505 449 2104
0 1963 199 2379
1822 3677 2196 4160
1123 1664 1489 1955
1713 2179 2055 2745
2204 0 2745 673
1431 2695 1980 3095
2421 91 2745 673
0 1505 299 2055
1189 2437 1589 2920
2462 2803 3003 3594
1289 3610 1547 3985
1431 2737 1830 3095
898 332 1414 790
773 3993 1023 4160
1730 3985 2055 4160
282 3976 499 4160
2936 3968 3120 4160
915 3968 1314 4160
1530 3960 1838 4160
2637 3952 2903 4160
1272 3943 1456 4160
648 3943 898 4160
832 3935 1081 4135
1688 3927 1855 4126
2337 3918 2537 4101
2762 3910 2945 4160
2462 3893 2803 4160
2238 3893 2404 4110
2080 3893 2279 4160
1996 3877 2196 4160
1397 3877 1738 4160
1131 3877 1372 4126
116 3877 316 4160
416 3868 657 4160
183 3868 349 4068
1439 3818 1639 4060
1747 3793 2013 4126
1331 3777 1547 3985
1048 3777 1231 4010
848 3768 1139 4001
2121 3752 2371 3935
698 3727 881 4068
2545 3719 2737 4043
341 3710 549 4060
2704 3702 2878 3993
2396 3702 2604 3960
1980 3685 2329 3902
1822 3677 2096 3935
2912 3635 3120 4110
1289 3610 1539 3885
1863 3577 2030 3768
374 3577 557 3827
748 3560 1181 3902
1655 3552 1830 3960
515 3536 723 4051
2154 3519 2437 3935
2629 3511 2803 3760
2745 3494 2953 3927
83 3469 507 3960
2362 3427 2604 3744
1822 3427 2021 3719
782 3427 1081 3719
1048 3377 1306 3710
1946 3344 2213 3694
83 3344 249 3719
2229 3328 2454 3610
2021 3278 2471 3735
1256 3278 1522 3502
1040 3261 1256 3469
565 3236 856 3544
183 3228 366 3486
2005 3211 2296 3602
998 3194 1331 3569
881 3194 1073 3461
2936 3186 3120 3394
1672 3178 2163 3827
416 3153 599 3610
2462 3136 2637 3635
1522 3136 1738 3369
2662 3070 3003 3594
648 3070 815 3303
2312 3061 2537 3494
1464 3061 2055 3560
732 3053 1123 3361
199 3053 482 3577
2529 3045 2704 3286
1289 3036 1514 3344
2912 3028 3086 3303
965 3003 1322 3261
1921 2995 2179 3286
690 2995 931 3294
549 2995 765 3344
2263 2953 2487 3120
648 2945 856 3153
199 2912 474 3203
1381 2903 1639 3186
1514 2895 1772 3211
391 2862 557 3120
2013 2845 2479 3303
2271 2828 2496 3070
2146 2812 2321 3053
2462 2803 2895 3194
1655 2770 1830 3095
1431 2737 1688 2920
915 2704 1356 3153
1788 2695 1980 3086
0 2687 307 3519
2887 2679 3070 2970
2329 2670 2720 2870
2196 2670 2379 3003
482 2654 765 3070
1705 2637 1880 2803
1547 2595 1780 2812
2196 2579 2437 2803
599 2570 765 2978
2787 2562 3120 3103
698 2562 1081 3078
1971 2554 2254 3020
2121 2537 2387 2728
99 2529 282 2728
1364 2512 1589 2812
1464 2471 1688 2645
1081 2454 1297 2745
174 2454 474 2970
682 2446 915 2612
1189 2437 1564 2920
2820 2429 3078 2961
449 2421 657 2770
2446 2412 2820 2903
1397 2404 1564 2595
2928 2387 3120 2670
856 2371 1056 2837
1006 2346 1248 2795
2496 2337 2787 2595
133 2337 366 2587
1713 2321 2055 2745
757 2321 923 2554
898 2312 1064 2587
2229 2304 2545 2579
2279 2304 2462 2545
1830 2296 2113 2604
1389 2296 1680 2504
282 2288 490 2745
1164 2279 1439 2545
1580 2254 1905 2679
2496 2188 2712 2371
2129 2179 2354 2520
515 2171 815 2612
890 2121 1139 2362
0 2113 174 2379
1955 2104 2154 2446
1431 2080 1713 2312
1181 2063 1505 2404
2728 2055 3120 2471
915 2046 1181 2288
2787 2038 3120 2296
1098 2021 1264 2520
66 1980 499 2396
0 1963 199 2129
1622 1955 1863 2238
241 1930 449 2104
1040 1905 1214 2080
1306 1888 1655 2163
707 1838 1164 2404
2088 1830 2837 2487
2812 1797 3120 2213
257 1797 474 2104
1605 1788 1913 2163
1896 1772 2304 2271
1431 1747 1738 2179
657 1747 923 2271
1805 1730 2121 2154
2828 1722 3086 1905
474 1713 848 2496
1064 1705 1347 2046
482 1705 798 2154
41 1688 282 2055
1123 1664 1480 1888
1123 1630 1331 1822
1331 1622 1664 1938
1955 1614 2404 1896
865 1614 1139 1971
2529 1580 2936 1813
615 1580 807 1830
166 1505 515 2005
0 1505 299 1780
782 1497 1031 1905
2246 1489 2512 1797
1081 1472 1322 1655
848 1472 1231 1713
2412 1456 2654 1722
1813 1447 2163 1830
524 1439 757 1880
2504 1406 2878 1705
2787 1356 3120 1805
815 1356 1164 1589
2146 1322 2312 1489
2138 1322 2471 1564
2870 1264 3070 1439
2387 1264 2803 1456
1248 1248 1497 1664
499 1239 981 1614
41 1231 490 1730
2870 1198 3120 1580
2670 1139 2853 1347
1023 1123 1347 1389
1364 1089 1564 1522
1822 1056 2021 1580
2038 1048 2504 1489
474 1040 673 1322
391 998 657 1214
1505 981 1730 1797
981 973 1248 1206
1114 965 1347 1231
2163 956 2462 1272
2421 948 3045 1289
1306 915 1572 1164
1555 890 2046 1064
815 881 1131 1181
2080 873 2387 1098
1938 848 2329 1214
1847 848 2146 1106
0 848 324 1322
1389 790 1763 990
2487 765 2837 1056
2637 757 3120 1198
1056 740 1239 923
1123 707 1622 940
241 707 457 1089
399 690 807 1081
532 682 940 1306
873 673 1073 990
108 673 349 1023
2845 607 3011 823
1946 582 2304 1056
1788 532 2063 1006
2487 507 2903 840
1272 499 1464 690
898 449 1306 790
607 432 931 773
906 424 1198 715
166 424 382 615
1847 407 2038 657
599 382 773 723
1381 366 1580 574
2163 357 2612 923
1389 349 1680 624
1040 332 1414 590
1547 316 2055 998
1364 299 1788 740
2745 291 3028 740
133 291 382 648
698 249 873 607
158 241 607 931
1231 183 1414 391
2013 166 2254 607
1788 133 2080 366
216 133 416 407
2421 124 2745 673
124 124 316 374
515 108 815 474
2870 99 3120 574
2254 99 2520 399
2421 91 2745 524
990 83 1289 474
2030 74 2213 332
1089 58 1356 416
2770 41 2953 241
1023 41 1214 224
1713 33 2204 357
790 24 981 524
2862 0 3120 216
2554 0 2903 224
2204 0 2471 224
1173 0 2221 432
1339 0 1755 208
1173 0 1514 216
624 0 940 216
391 0 590 341
58 0 416 241
0 16 1015 4160
499 665 3120 4160
682 3311 1015 3602
773 3311 1015 3527
0 0 3120 2013
1780 848 2329 1214
0 16 898 4160
1589 1040 2238 1830
1589 1040 2163 1830
1589 1048 2163 1830
1040 3219 1322 3469
1048 3594 1289 4010
1048 3710 1231 4010
890 2046 1181 2362
2279 2071 2862 2704
1705 1048 2163 1830
1722 1056 2163 1830
2279 2071 2795 2545
2279 2080 2795 2545
2279 2196 2471 2545
815 1239 1322 1713
2238 1780 2986 2013
698 83 881 607
499 665 2046 3303
565 1614 3120 4160
2080 3752 2537 4160
2304 2080 2795 2429
0 499 898 4160
2421 1780 2986 2013
2728 1780 2986 2013
0 16 316 1031
0 0 3120 1905
1589 1056 1788 1822
1622 1056 1788 1755
2720 1256 3070 1447
2720 1256 2995 1447
990 41 1414 474
1921 2737 2179 3286
499 881 1863 3303
1264 2213 1555 2387
990 58 1414 474
1089 58 1414 416
1331 1414 1863 2238
499 881 1730 3303
956 665 2046 1064
1040 665 2046 1064
0 848 898 4160
1123 1614 3120 3594
0 0 2520 1322
1855 0 3120 1905
1855 1048 2504 1672
815 1356 1322 1713
2030 74 2337 665
565 2437 3120 4160
1946 0 3120 1905
1248 2853 1772 3369
898 2021 1306 2795
2695 149 2895 440
108 499 482 1439
1006 2021 1306 2795
391 682 940 1322
1064 1630 1505 2404
1547 2595 2021 2878
1655 3552 2055 4160
0 848 848 4160
2030 74 2279 624
1006 2021 1264 2795
1822 2895 3120 4160
2263 2895 3120 4160
2912 2936 3120 3303
474 682 940 1322
108 673 482 1439
0 0 2520 1006
1139 366 1580 748
1123 665 2046 1064
1123 707 2046 1064
1123 707 1763 990
166 707 482 1439
166 915 482 1439
1822 3211 2471 3735
1547 2595 1880 2878
1064 1705 1505 2404
2129 2179 2820 2903
565 2437 2803 4160
673 3719 1081 4160
2263 2895 2587 3153
1272 366 1580 690
673 3719 881 4076
690 3719 881 4068
2312 3061 3120 4160
648 2371 1081 3303
1081 2454 1306 2745
2154 1139 3086 1905
2246 1139 3086 1905
2387 1139 3086 1905
1048 3278 1722 4126
1048 3278 1722 4093
1048 3278 1522 3710
1048 3377 1472 3710
1231 3444 1472 3710
2629 3186 3120 4160
2704 3186 3120 4160
2762 3186 3120 4160
2887 3186 3120 4110
0 0 1231 931
773 3935 1081 4160
474 1439 848 2496
0 848 765 4160
0 848 515 2862
0 2279 199 2862
2387 1264 3086 1905
1198 3436 1722 4093
1198 3436 1680 4093
499 881 1730 2404
1322 2853 1772 3211
1223 3436 1680 4060
0 2421 765 4160
1639 2637 1880 2878
58 0 1231 931
391 0 1231 773
1123 1664 2479 3303
2312 3061 2637 3635
0 848 515 2587
1289 3436 1680 4060
1439 3436 1680 4060
873 0 2520 1006
873 0 2520 990
648 2562 1081 3303
1123 1664 2387 2812
507 0 1231 773
607 0 1231 773
2080 3893 2404 4160
1123 1664 2055 2812
1064 1705 1347 2071
499 881 1572 2404
2936 3186 3120 3702
2129 2179 2787 2595
2129 2179 2545 2579
1248 981 1730 1797
1248 1015 1572 1772
1381 2895 1772 3211
1946 0 3120 1805
2421 0 3120 840
1364 33 2254 1006
1364 33 2204 998
2504 1406 3086 1905
2529 1580 3086 1905
1173 0 1755 216
391 690 807 1214
249 1023 482 1439
416 2978 740 4051
707 1614 1164 2404
1605 1788 2387 2728
1847 2088 2387 2728
1805 1614 3120 3594
2271 2429 3120 3594
2329 2429 3120 3594
2329 2471 2895 3194
1364 33 2204 740
133 133 607 931
1830 2296 2479 3303
499 881 1572 1614
1688 3927 2055 4160
416 2978 723 4051
1289 3036 2803 4160
1822 3427 2803 4160
1822 3427 2604 3960
1955 2104 2387 2728
1955 2104 2179 2620
565 2437 1980 4160
748 3560 1838 4160
748 3560 1456 4160
848 3768 1456 4160
174 2288 490 2970
1164 1747 2055 2745
1164 2080 1713 2645
1164 2080 1713 2545
1389 2080 1713 2504
1946 357 3120 1805
1331 3777 1838 4160
2421 0 3028 840
199 2421 765 3203
2329 2471 2720 2870
1289 3036 2196 4160
682 881 1572 1605
815 881 1572 1231
981 915 1572 1231
507 0 815 723
2421 91 3028 840
565 2437 1980 3719
782 3194 1331 3719
2254 3719 2803 4160
1248 1089 1572 1772
1181 1955 1505 2404
2745 3278 2953 3927
2163 357 3120 1805
981 965 1347 1231
1040 0 2520 590
2421 757 3120 1805
416 3153 723 4051
2529 2429 3120 3594
1248 1089 1564 1664
0 2687 657 4160
341 3577 557 4060
1306 1747 2055 2745
0 848 499 2587
1431 1747 1797 2446
1331 3777 1738 4160
1822 3519 2437 3935
2362 3427 2604 3960
2462 3719 2803 4160
0 848 499 2396
2728 2038 3120 2471
2421 948 3120 1805
565 2437 1980 3544
565 3003 1322 3544
1672 3178 2196 4160
1747 3793 2196 4160
166 1505 515 2104
915 2437 1980 3153
2487 757 3120 1198
915 3943 1456 4160
873 449 1306 990
66 1930 499 2396
2421 948 3120 1580
915 2437 1830 3153
915 2437 1564 3153
0 848 490 2055
0 1231 490 2055
690 2562 1081 3294
0 2687 507 4160
0 2687 507 3960
2662 2429 3120 3594
2662 2562 3120 3594
0 2687 482 3577
1173 0 2520 432
1788 166 2254 1006
2204 0 2520 399
565 3053 1123 3544
91 0 607 1089
91 0 607 948
91 0 599 948
1056 1896 1264 2071
0 632 332 1322
890 0 1289 607
1098 3594 1289 3810
399 407 940 1264
1847 0 2337 532
1763 1064 2146 1822
2437 2321 2912 3144
2196 2604 2512 3003
2296 2604 2512 2853
2837 2446 3120 2961
1905 798 2321 1206
0 2961 299 4160
0 2961 299 4068
0 2961 166 4068
0 2961 166 3943
0 3319 166 3943
2138 74 2337 532
1331 2903 1647 3278
91 0 599 906
1089 0 1514 416
2421 0 2812 341
0 0 382 898
1813 1447 2146 1813
399 640 940 1264
2787 91 3120 823
690 2579 1040 3294
316 0 607 690
1489 3669 2196 4160
1489 3752 2104 4160
2163 1713 3120 2579
2163 1713 2961 2579
2179 1713 2961 2129
2179 1713 2961 2096
2429 1763 2961 2021
515 3536 1139 4160
2038 357 2204 632
0 0 382 790
1946 2795 2196 3286
1530 732 2803 1813
1547 881 2803 1597
1530 732 1830 1813
1530 890 1830 1813
1181 1955 1722 2412
2753 981 3120 1156
2828 1738 3120 2013
2712 3494 3120 4160
2437 2803 2912 3144
1772 3669 2196 4160
2620 0 3120 374
2620 0 3120 366
690 2595 1040 3294
116 499 923 2629
2695 49 2961 366
1089 49 1422 416
2512 3660 3011 4160
2512 3660 2862 3968
2512 3660 2862 3935
316 0 599 474
391 0 2055 1322
391 0 2055 1206
815 0 2055 1206
391 0 981 1031
116 499 923 2537
507 1713 923 2537
2163 2113 2728 2579
1589 1064 1788 1813
657 3727 1139 4160
657 3727 898 4160
657 3727 890 4076
2163 2113 2728 2570
2163 2113 2728 2479
2179 2113 2728 2421
116 499 807 2154
149 898 807 2154
1489 3752 1830 4160
116 499 440 998
1589 1397 1755 1813
391 0 981 773
149 898 524 1339
1547 881 2146 1106
682 1098 1098 1322
2038 1048 2803 1597
0 1040 3120 4160
1123 1040 1863 2238
1123 1040 1730 1780
0 1206 3120 4160
1256 3070 1539 3669
1256 3070 1530 3494
515 3536 848 4160
1489 3752 1738 4160
0 1206 923 4160
1539 1705 1863 2238
499 0 3120 3652
1672 0 3120 3053
1672 357 3120 3053
1813 2304 2679 3053
1813 2304 2471 3053
1813 2304 2321 3053
1813 2304 2238 3011
2038 1048 2803 1472
1539 3877 2104 4160
1672 357 3120 2487
723 1647 3120 4160
1081 1647 1730 2171
1081 1647 1580 2030
424 1214 807 2154
2828 1738 3095 2013
149 898 440 1314
499 66 2229 3652
1056 66 2229 1231
1056 723 1614 1231
1156 723 1614 1048
0 1206 898 4160
723 2021 3120 4160
2254 3702 2903 4160
499 823 1830 3652
1289 2803 1830 3186
499 823 1788 3652
723 2163 3120 4160
2129 2462 2471 2803
449 2579 898 3627
2371 2021 3120 3244
2637 2620 2953 3244
158 1023 440 1314
0 1206 657 4160
0 1206 507 2104
33 1206 507 2104
33 1206 507 2005
0 1688 657 4160
1431 1040 1730 1780
2254 3702 2803 4160
2620 0 3120 224
2038 1048 2496 1472
1963 0 2870 1064
2762 3494 3120 4160
1281 66 2229 915
624 0 981 773
624 0 981 690
1539 1705 1747 2071
499 1189 1788 3652
499 1189 1788 3536
865 1955 1788 2679
865 2046 1788 2679
449 2579 865 3627
424 1214 798 2154
0 1688 615 3885
2562 2712 3120 3702
1980 357 3120 1888
2154 357 3120 1622
2154 357 3120 1372
2154 599 3120 1372
1855 2304 2238 3011
915 3835 1572 4160
915 3835 1555 4160
915 3843 1372 4160
499 1189 1755 3536
2562 3086 2903 3660
723 2163 2812 4160
723 2163 2554 4160
723 3028 2371 4160
723 3053 1830 4160
723 3053 1722 4160
682 0 981 690
890 2978 1239 3144
624 0 890 224
2371 2021 3120 2912
2728 2038 3120 2912
0 1688 540 3885
2154 915 3061 1372
1763 1064 2013 1822
2454 3045 2812 3768
2454 3136 2812 3768
2887 2712 3120 3702
2887 2712 3120 3444
1497 3028 2371 4160
1672 1730 2812 2487
2371 2371 2679 2862
1406 2163 2554 3918
1406 2229 2554 3918
1855 2745 2554 3918
1980 2795 2554 3918
1980 2845 2554 3918
540 1497 1755 3536
1406 2229 2055 3086
1406 2229 1980 3086
890 2129 1755 3536
2213 0 2870 782
2437 257 2870 782
1164 2204 1788 2679
1272 2279 1788 2654
1281 66 2163 915
1198 3444 1464 3652
1406 2229 1955 2712
906 2487 1755 3536
1614 2637 1980 3086
906 2487 1755 3411
1281 66 2163 807
0 1688 507 3885
723 3053 1539 4160
2446 948 3061 1372
2487 599 3120 1123
2487 599 3036 1123
116 3585 657 4160
1822 3669 2196 4160
515 3536 798 4160
1688 2163 2246 2728
832 3610 1539 4160
832 3777 1356 4160
2612 1256 3070 1622
1040 274 1414 590
1023 0 2055 856
1672 1838 2196 2487
723 3053 1456 3835
1081 1647 1489 2005
0 1688 490 2928
906 2487 1755 3095
