0 0 4208 2364
715 1489 1035 2171
1439 723 3080 1287
1868 84 2188 403
1009 1052 1590 1784
454 235 1599 648
454 235 1599 563
622 235 1599 563
3719 597 4208 1228
0 580 294 824
3374 580 3736 749
1439 723 3080 1262
3206 1590 3829 2364
1607 2019 1851 2364
1464 858 3080 1262
3206 1590 3501 2331
866 934 1144 1329
1338 1203 3214 2364
3753 1363 4208 2230
3770 597 4208 1228
0 1817 816 2364
294 1817 816 2364
378 1817 816 2364
1506 0 4208 2364
1506 0 3501 1826
1775 0 4208 2364
1826 1203 2314 1750
0 0 2752 2364
1464 951 3080 1262
1767 951 3080 1220
1952 951 3080 1136
3905 2045 4115 2364
1094 1910 1430 2230
2238 1666 2533 2095
1338 1346 3214 2364
2651 2154 3214 2364
2651 2154 2970 2364
605 631 1026 1363
3770 201 4149 538
1775 1977 2171 2238
1338 1346 2743 2364
1405 1489 1742 1817
1851 2137 2196 2364
1506 0 3425 1826
3980 597 4208 1228
3980 597 4208 875
2196 2087 2550 2364
782 1489 1035 2171
1009 1052 1590 1683
1009 1312 1489 1683
2651 1388 2954 1826
3442 1792 3829 2364
2104 0 2331 227
2104 0 2289 227
2667 1750 3290 2171
2667 1750 3256 2171
0 0 269 260
1439 723 1657 1110
1506 0 3425 1506
1413 0 1792 471
908 900 1245 1321
2667 1750 3080 2171
2785 1750 3080 2078
1270 1094 2087 1876
496 1001 732 1514
1338 1607 2743 2364
1700 1607 2743 2364
1809 1733 2743 2364
765 993 1026 1363
496 1001 732 1338
1498 1119 1910 1287
2381 0 2667 479
1338 1127 2087 1876
1733 0 3425 1506
1843 1203 2314 1657
1935 1203 2314 1657
1700 1607 2028 2129
3164 0 3711 488
1868 0 4208 2364
3164 0 3711 319
908 900 1220 1237
1868 942 4208 2364
2768 0 4208 1161
1868 1026 4208 2364
824 1590 1035 2171
504 1186 1893 2364
547 0 1102 218
0 319 210 664
1632 1127 2087 1876
1632 1136 2078 1876
1632 1136 2078 1388
3357 765 4048 1161
84 866 336 1253
1758 0 3425 1506
2524 0 2920 412
3930 1893 4208 2364
504 1186 1742 2364
1868 1026 4098 2364
2028 1035 3256 1506
2768 0 4208 934
1758 0 3425 1211
2297 664 2827 1001
3164 0 3694 319
2415 1338 2802 1902
3534 1792 3829 2364
3206 1775 3484 2331
2171 1733 2743 2364
0 0 2752 2356
0 681 858 2356
3198 942 3644 1195
3366 252 4208 791
0 0 2752 1195
0 0 1573 740
2028 1119 3256 1506
1758 0 2928 782
1758 0 2693 782
2247 370 2558 782
2886 1758 3324 2129
2886 1801 3189 2129
504 1186 1700 2364
3366 252 4208 749
824 1691 1026 2171
0 100 2752 1195
2087 513 2752 959
2087 580 2676 959
706 1186 1700 2364
799 1186 1388 2036
1758 0 2693 757
2768 0 3778 934
3046 673 3778 934
3046 690 3492 934
3854 1152 4208 1523
0 1043 858 2356
1700 1354 1969 1876
572 1994 850 2263
706 1531 1700 2364
2524 0 2920 361
0 100 2137 1195
816 100 2137 1195
0 681 807 1363
2087 1152 2465 1691
2768 0 3711 850
2768 0 3408 850
2768 0 3290 850
2314 1136 3256 1506
3189 75 3711 572
3559 824 4048 1161
706 1666 1700 2364
1868 1329 3400 2247
1868 1329 3349 2247
1868 1540 2920 2247
1868 1540 2709 2104
1868 1540 2625 2053
1868 1590 2465 2053
1868 1590 2457 1918
3223 1026 4098 2364
2457 1472 2718 1902
1809 2070 2255 2364
2221 631 2676 959
976 1666 1700 2364
1220 1700 1700 2364
3442 1464 3972 2364
0 850 631 1363
3652 1615 3972 2364
0 0 1573 589
1506 33 1876 513
42 0 1573 589
42 42 1573 589
67 42 1573 589
858 75 1573 479
0 1043 833 2356
33 1043 673 1691
799 1186 1388 1556
841 1186 1388 1556
3719 1615 3972 2364
2853 176 3256 850
3038 25 3408 765
2348 1540 2625 1918
2718 580 3425 1211
159 1043 639 1514
3753 1363 4208 1801
2087 580 2356 925
3223 1026 4098 1792
3223 1026 4098 1624
3282 1026 4098 1624
3349 286 3711 572
858 100 2137 1195
1556 100 2137 1026
1556 100 2137 698
2221 639 2617 959
0 1447 833 2356
269 1624 833 2280
3761 0 4208 437
858 471 1826 1195
1758 151 2693 757
2718 1329 3349 1885
3046 1834 3501 2364
1127 471 1826 1043
2331 1068 3021 1338
2331 1085 2794 1338
1127 471 1758 993
269 1733 833 2280
0 1447 496 2356
3046 2137 3501 2364
1927 151 2693 757
0 420 1035 1018
67 42 1001 589
2718 1329 3265 1885
370 420 1035 1018
370 479 715 1018
1085 92 1573 479
0 1556 496 2356
1363 605 1758 993
67 42 816 589
159 1043 530 1489
2423 1716 2920 2247
2171 1733 2524 2247
0 1556 269 2356
2465 1136 3256 1506
1927 151 2499 757
2449 2179 2743 2364
0 2179 403 2364
1270 2171 1700 2364
471 2162 749 2364
2928 2154 3214 2364
2651 2154 2895 2364
2196 2137 2550 2364
1851 2137 2171 2364
504 2129 875 2364
3652 2104 3820 2364
900 2095 1136 2364
2011 2087 2255 2364
1809 2070 2045 2364
984 2045 1363 2364
3206 2036 3484 2331
269 2036 454 2280
1203 2028 1430 2230
1607 2019 1784 2364
706 2011 1026 2364
3787 1977 3972 2364
2171 1977 2524 2247
1775 1977 2129 2238
1439 1960 1742 2364
2423 1952 2911 2247
1094 1910 1346 2154
3930 1893 4149 2171
2575 1893 2768 2095
3442 1885 3627 2364
2785 1868 3080 2078
2499 1868 2709 2104
3610 1859 3829 2364
3029 1859 3240 2070
1952 1859 2263 2087
4039 1851 4208 2095
2390 1851 2583 2045
378 1843 749 2364
3113 1834 3442 2162
1716 1826 2028 2129
454 1817 816 2364
2886 1801 3181 2019
3534 1792 3770 2221
201 1792 462 2036
2154 1775 2465 2053
0 1775 244 2356
3812 1767 4149 2230
1388 1767 1641 2162
1540 1758 1893 2061
437 1758 639 1935
2204 1733 2440 1994
1868 1733 2095 1918
370 1733 833 2070
2701 1716 2920 2028
2373 1700 2625 1918
1220 1700 1531 2171
2238 1666 2516 1885
976 1666 1388 2364
715 1657 942 2028
1826 1649 2137 1859
2617 1641 2802 1902
387 1624 690 1801
3719 1615 3947 2272
2667 1615 2861 1826
1338 1607 1733 1902
3282 1590 3501 1876
2036 1590 2457 1918
1405 1590 1742 1817
3172 1565 3433 1784
84 1556 496 1843
0 1556 269 1826
2348 1540 2625 1792
1969 1531 2137 1750
1144 1531 1397 1792
3778 1523 4107 1801
1826 1523 2061 1750
925 1523 1380 2036
547 1506 858 1809
3501 1498 3703 1792
1439 1489 1615 1691
1700 1481 1918 1876
2457 1472 2676 1809
3442 1464 3812 2053
1009 1464 1489 1683
134 1447 471 1624
3416 1439 3602 1750
2718 1439 3265 1885
3206 1430 3484 1641
2987 1422 3349 1784
2087 1422 2465 1691
2533 1397 2810 1666
2651 1388 2954 1784
0 1388 210 1607
3753 1363 4208 1666
1716 1354 1969 1523
1556 1354 1876 1590
1481 1346 1767 1750
841 1346 1026 1556
2415 1338 2752 1649
2886 1329 3214 1531
1388 1321 1599 1624
1152 1312 1489 1498
33 1312 673 1691
0 1304 378 1548
201 1296 479 1489
639 1287 883 1590
3854 1270 4208 1523
799 1245 1068 1439
3282 1228 3963 1624
1935 1203 2238 1657
1632 1203 2078 1388
1018 1186 1388 1514
2465 1178 2928 1506
420 1161 639 1514
159 1161 530 1489
4014 1152 4208 1354
2087 1152 2364 1455
2726 1136 3256 1481
1641 1136 1927 1312
3021 1127 3324 1363
1826 1127 2087 1296
3223 1119 3745 1413
2028 1119 2482 1363
791 1094 1026 1346
2415 1085 2794 1338
1144 1052 1590 1439
311 1043 504 1287
3004 1035 3206 1237
3686 1026 4098 1321
3467 1018 3770 1228
496 1001 706 1228
866 993 1144 1329
765 993 942 1363
1464 984 2339 1262
908 984 1178 1237
656 984 824 1220
1767 967 2718 1220
3559 934 3980 1161
967 900 1220 1119
235 883 631 1296
4022 866 4208 1228
84 866 311 1253
1994 858 2516 1060
1262 850 1489 1144
0 850 328 1363
3585 824 4048 1001
1548 816 1826 1043
2297 791 2827 1001
370 782 614 1018
3357 765 4048 1060
2777 757 3425 1211
1784 757 2112 1068
3046 715 3332 934
2752 715 2970 883
2087 706 2356 925
858 706 1405 1195
3980 690 4208 875
538 681 807 1077
2364 673 2617 959
1110 673 1413 959
2592 664 2810 858
1742 664 1986 1026
1573 656 1758 951
2221 639 2566 934
0 639 547 883
605 631 892 1001
0 631 210 824
1363 605 1657 993
3980 597 4208 791
2718 580 2970 816
2137 580 2339 749
0 580 294 807
1742 555 1994 757
2247 538 2449 782
1506 530 1767 698
1859 521 2137 698
2474 513 2752 698
3080 504 3408 765
370 479 715 791
1152 471 1556 648
1127 471 1422 765
2903 462 3256 850
816 462 1186 816
3804 437 4208 723
1927 437 2263 757
605 420 1035 732
168 378 496 740
2381 370 2558 664
622 353 1599 563
1809 345 2078 555
2617 328 2928 656
2095 328 2297 496
0 319 168 563
3492 311 3711 572
2398 302 2693 555
67 302 816 589
2701 294 2996 572
3349 286 3526 572
1228 286 1573 479
3770 277 4149 538
3366 252 3989 749
2482 252 2667 479
774 235 1161 412
3905 201 4115 454
1758 193 2036 547
3492 176 3778 471
2853 176 3063 513
3231 159 3400 547
2028 151 2499 622
3357 143 3627 488
446 143 799 345
1927 134 2188 403
715 117 1001 336
0 109 252 454
1556 100 1918 572
1085 92 1380 446
3189 75 3383 353
858 75 1152 336
126 42 530 353
2524 33 2777 311
1674 33 1876 387
3038 25 3231 555
547 25 774 218
3955 0 4208 437
3761 0 4064 302
3703 0 4014 345
3551 0 3787 235
3450 0 3694 319
3164 0 3534 294
2768 0 3290 294
2592 0 2920 361
2381 0 2659 345
2364 0 2533 277
2230 0 2440 260
2120 0 2289 227
2003 0 2179 252
1733 0 2028 168
1464 0 1792 471
1413 0 1674 311
1094 0 1531 201
252 0 723 244
100 0 269 227
1338 1321 1733 1902
0 0 2078 2364
2381 1851 2583 2095
0 0 1784 2364
1152 0 4208 2364
1405 1068 4208 2364
1152 0 4208 1498
3122 1590 3501 1910
1270 0 4208 1498
1152 0 3627 1068
1270 723 3080 1287
1413 0 3627 1068
2718 0 4208 1498
2718 0 4208 1472
2247 521 2474 782
3930 1152 4208 1472
1270 858 3080 1287
2718 0 4208 1413
1742 555 1994 1026
3442 1464 4149 2364
0 841 328 1363
1767 858 3080 1220
1952 858 3080 1136
0 0 1102 664
1413 0 3408 1068
1506 0 3408 1068
2457 1388 2954 1902
2457 1472 2802 1902
42 0 2078 1792
0 1843 749 2364
0 2053 446 2364
1270 984 2339 1287
1540 1607 3189 2364
2423 1716 3189 2364
3442 1464 4115 2364
2449 2154 2895 2364
1009 1052 2078 1792
1009 1052 2078 1683
0 378 1784 2364
1540 1607 2550 2364
1540 1607 2255 2364
1144 1052 2078 1590
1700 1607 2255 2364
1716 1826 2255 2364
0 1186 1784 2364
471 1657 942 2364
471 1994 875 2364
0 0 1102 563
900 2045 1363 2364
1338 1136 2078 1590
1405 1127 2314 1876
1405 1203 2314 1876
4039 1851 4208 2364
4039 1851 4208 2196
2423 1716 3189 2255
42 0 1826 1321
1405 1346 2137 1876
1405 1346 2061 1876
1405 1346 1969 1876
1405 1346 1767 1817
0 2053 403 2364
1952 1068 4208 2364
3930 1152 4208 1354
1952 1068 3501 2364
3770 816 4208 1228
4022 858 4208 1228
1270 1094 1691 1287
1506 0 3408 850
2171 1666 2524 2247
1784 370 2827 1068
3097 1228 4208 1902
42 0 1599 589
1784 513 2827 1068
2718 580 3501 1237
1952 1068 3484 2331
3021 0 4208 1413
3164 0 4208 749
0 378 1186 1691
33 984 1026 1691
3097 1228 4208 1851
1556 0 3408 850
656 984 942 1363
2415 1338 2810 1666
1338 1136 2078 1388
1556 0 2137 698
782 1094 1026 1413
3021 437 4208 1413
858 471 1826 1321
3206 1228 4208 1801
3349 0 4208 749
3097 1439 3703 1851
33 984 883 1691
33 984 706 1691
3770 201 4208 538
471 2104 875 2364
0 378 1186 1296
1338 1195 2078 1388
159 984 706 1514
3172 1439 3703 1851
3172 1439 3602 1784
858 471 1826 1237
858 471 1758 1237
866 1590 1035 2070
2928 2154 3501 2364
1784 580 2827 1068
706 1523 1784 2364
1220 1700 1784 2364
1220 1700 1742 2364
0 0 1102 454
100 0 1102 244
0 1186 1388 2356
547 1186 1388 1809
1784 580 2676 1068
2718 580 3425 1237
2777 757 3425 1237
715 1657 942 2078
1758 0 3408 850
252 0 1102 244
3021 942 3745 1413
3021 1052 3745 1413
159 1001 706 1514
3349 176 3989 749
547 1489 934 1809
1784 631 2676 1068
3341 1498 3703 1851
2003 0 2533 277
1994 858 3080 1136
42 0 1531 589
706 1523 1388 2364
2524 0 3408 850
2120 0 2533 277
3282 1228 4208 1801
1952 1068 3349 2129
1952 1068 3256 2104
2028 1068 3256 1506
67 0 1531 589
0 378 1186 1018
504 2104 875 2364
858 471 1422 1237
0 1388 833 2356
605 420 1186 816
1952 1152 2709 2104
2718 1329 3349 2129
2718 1329 3349 2019
0 378 715 1018
3046 437 4208 1321
3804 437 4208 875
0 1388 496 2356
0 1388 471 2356
2348 1540 2709 2104
3021 1119 3745 1413
2592 0 3408 850
3038 25 3400 555
3038 25 3383 555
3046 664 4098 1321
3046 664 3997 934
1952 1152 2465 2087
1952 1422 2465 2087
84 681 807 1296
84 866 631 1296
3442 1464 3947 2272
84 1556 496 2104
84 1556 496 2036
0 1388 269 2356
1809 345 2137 698
858 673 1413 1237
858 673 1413 1195
3029 1834 3484 2331
3029 1834 3442 2297
2120 0 2440 260
0 378 547 883
925 1523 1388 2364
1784 639 2566 1068
2087 639 2566 934
3357 765 4098 1321
67 42 1380 589
3282 1228 4208 1666
1758 151 2499 757
3349 176 3778 572
1952 1590 2457 2087
3559 824 4098 1321
3492 176 3778 572
2617 176 3408 850
715 75 1380 446
126 42 799 353
3046 1834 3442 2297
2853 176 3408 850
2903 462 3408 850
370 1624 833 2070
1262 605 1758 1144
715 75 1152 336
3559 934 4098 1321
1321 1742 1716 2095
1178 479 1565 690
462 1481 1035 2364
1977 513 2263 908
0 563 294 824
1464 858 3097 1262
656 993 1009 1455
3694 1363 4208 2230
900 2045 1203 2364
900 2053 1136 2364
1439 538 1986 1110
1464 942 3097 1262
1489 942 3097 1237
875 934 2087 1935
908 984 2087 1935
1009 1052 2087 1935
1009 1052 1809 1935
1388 1161 1733 1624
875 934 1144 1329
0 1195 715 1801
109 1321 715 1801
260 1388 715 1801
1237 0 1700 328
1237 0 1674 328
1009 1296 1809 1935
1009 1388 1809 1935
3012 0 3694 765
782 1481 1035 2171
260 1464 715 1801
1464 1422 1809 1935
1994 513 2263 816
1607 1203 2087 1388
3012 25 3400 765
1439 1952 1859 2364
3164 0 3694 488
1489 942 3097 1220
1439 1952 1784 2364
908 984 1220 1354
1573 0 4208 2364
1523 538 1986 942
3989 1725 4208 2095
2415 1312 2802 1666
0 0 2785 2364
0 1565 210 1843
1573 1119 3256 2104
1573 1119 3256 1902
1506 0 3963 1405
3366 1018 3963 1405
1009 1388 1700 1902
3989 1725 4208 1902
3778 201 4123 530
1009 1472 1700 1902
1506 0 3492 1211
1952 942 3097 1136
462 1809 850 2364
1573 1119 3214 1902
1110 2028 1700 2364
1237 42 1556 328
1405 1489 1868 2078
1405 1489 1742 1851
3240 0 4208 875
3366 294 4208 875
3366 361 4208 875
3484 1085 3963 1405
1700 538 1986 757
1851 2129 2196 2364
3972 563 4208 875
3130 25 3400 765
311 58 521 277
3012 50 3189 454
2019 1119 3214 1902
33 1775 244 2112
3240 0 4208 572
3761 0 4208 403
1767 1439 3509 2364
2381 0 2676 479
3366 361 4208 740
1775 1085 4208 2364
3012 151 3189 454
1573 1119 2305 1859
1573 1119 2305 1632
1573 1119 2238 1632
1573 1228 2238 1632
1716 1228 2238 1632
1767 0 3492 1211
664 353 1649 698
1203 2028 1700 2364
2171 1439 3509 2364
1657 1119 2053 1312
496 1001 883 1590
3240 0 3862 572
664 353 1649 563
1775 1085 3972 2364
824 1582 1035 2171
0 0 1918 2364
3526 1817 4208 2364
2886 1565 3391 2129
1498 345 2785 1085
2836 0 4208 1514
1851 2129 2171 2364
2204 2087 2558 2364
1918 0 2331 227
2045 1119 3214 1902
2171 1565 3484 2364
2171 1733 3484 2364
2423 1775 3484 2364
2785 1775 3484 2364
3046 1775 3484 2364
3046 1851 3484 2364
3240 159 3862 572
2171 1733 2524 2162
471 993 1565 2364
471 993 1388 2364
471 1338 1312 2364
2331 1085 3063 1338
866 740 1691 1296
1144 1531 1565 2171
2667 1994 3273 2171
3526 1817 3829 2364
1548 345 2785 1068
866 1582 1035 2070
1767 0 2979 1026
1767 0 2979 816
1927 0 2979 816
0 1321 496 2104
0 1321 479 1843
0 1321 479 1801
0 1388 479 1801
84 1447 479 1801
2045 1119 3214 1750
2045 1119 3214 1540
2171 1834 2524 2162
471 1666 1312 2364
0 0 1801 908
1775 1119 3972 2364
1775 1152 2928 2255
3038 589 4208 1514
2886 1716 3332 2129
2886 1733 3198 2129
126 0 1102 294
126 0 387 294
2045 1119 2482 1506
302 0 1102 218
302 0 917 218
2003 0 2979 816
2003 0 2920 664
2583 0 2920 656
2802 1119 3972 2364
2802 1413 3290 1834
3021 1119 3972 2364
3265 1388 3972 2364
3265 1388 3963 2364
866 993 1388 1481
3113 1868 3484 2364
1767 2070 2255 2364
2465 1472 2718 1893
2465 1136 3214 1540
2087 1152 2457 1641
3652 1927 4208 2364
2836 0 3290 799
3265 1388 3812 2364
3341 1388 3812 2364
2213 631 2676 959
2213 639 2617 959
446 681 824 1220
2331 1085 2886 1338
3240 159 3703 572
1775 1540 2928 2255
1868 1540 2928 2255
3357 1388 3795 1767
0 0 1573 908
833 0 1573 479
3038 648 4208 1514
3038 648 4208 1127
0 0 942 908
563 765 824 1220
2423 2137 3231 2364
3021 1119 3745 1489
3753 1363 4208 1843
1548 345 2440 1068
1548 345 2356 1068
1548 521 2356 1068
1548 673 2356 1068
2339 370 2785 698
2053 1540 2928 2255
0 100 1918 2364
0 1009 959 2364
2836 159 3256 799
3038 648 3635 934
3349 286 3703 572
2003 0 2718 664
2070 1540 2928 2255
2070 1540 2625 1977
8 100 1918 1228
942 100 1918 1161
0 25 942 908
2003 0 2693 555
1489 100 1918 723
833 75 1573 479
1548 673 2112 1068
8 420 1085 1228
328 420 1085 1085
0 319 454 908
0 319 454 774
3357 765 4208 1127
126 25 942 471
0 1397 959 2364
0 1775 833 2364
942 454 1573 1161
942 454 1573 993
3484 1388 3795 1767
378 420 1085 1085
3686 1001 4208 1514
0 1826 471 2364
2095 1152 2356 1455
0 1009 698 1514
67 353 454 774
3113 2171 3484 2364
1321 2171 1700 2364
2011 2146 2196 2364
2928 2137 3231 2364
2423 2137 2970 2364
2204 2137 2558 2364
1851 2137 2036 2364
1994 2129 2171 2364
3652 2104 3829 2364
1767 2070 2045 2364
168 2053 471 2364
1026 2045 1203 2356
471 2036 984 2364
1615 2028 1784 2364
1203 2028 1430 2364
2667 1994 2996 2171
2171 1977 2524 2162
1439 1952 1742 2364
479 1935 850 2314
3770 1927 4208 2364
1094 1910 1397 2162
3930 1868 4149 2036
3113 1868 3416 2230
2785 1868 3097 2078
2533 1868 2718 2070
2398 1868 2928 2255
1952 1859 2263 2104
3046 1851 3290 2070
2398 1851 2583 2045
1464 1843 1868 2078
2255 1834 2457 2019
1683 1826 2028 2104
0 1826 403 2364
3526 1817 3829 2213
2137 1817 2465 2053
1203 1809 1380 1977
462 1809 833 2364
3753 1775 4073 2230
3307 1775 3475 2045
252 1775 833 2272
33 1775 210 1944
201 1758 496 2104
2886 1733 3198 2019
1868 1733 2137 1918
3989 1725 4165 1902
2348 1725 2625 1977
3122 1716 3332 1910
3341 1708 3812 2364
1085 1708 1371 1935
1211 1700 1565 2171
2238 1674 2440 1868
951 1666 1312 2331
16 1624 328 1843
2617 1615 2903 1902
3290 1599 3492 1876
1405 1599 1742 1851
3871 1590 4132 1843
2945 1565 3299 1876
84 1556 479 1801
2070 1540 2617 1809
1952 1531 2129 1767
1363 1531 1700 1902
1144 1531 1422 1750
3753 1523 3963 1994
1826 1523 2137 1859
3484 1514 3795 1767
1430 1489 1615 1691
2465 1472 2676 1809
1009 1472 1430 1716
3543 1464 3812 1649
336 1464 715 1708
3787 1455 3972 1632
143 1447 412 1624
3206 1439 3509 1641
2802 1439 3113 1834
3357 1430 3576 1725
1464 1422 1784 1742
2987 1413 3290 1784
2667 1413 2979 1750
2541 1397 2802 1666
437 1397 959 1977
3517 1388 3719 1624
2087 1388 2457 1641
286 1388 673 1615
0 1388 210 1641
3753 1363 4208 1683
1573 1346 1885 1590
1716 1338 2053 1523
858 1338 1270 2036
3593 1329 3938 1523
967 1321 1312 1632
2415 1312 2726 1649
698 1304 883 1590
2129 1279 2356 1455
2735 1253 2979 1481
782 1245 984 1439
1388 1237 1733 1624
1935 1228 2238 1632
1607 1203 1944 1388
3484 1195 3963 1405
1035 1186 1388 1481
2465 1178 2886 1506
2095 1152 2272 1338
3770 1144 4208 1514
2726 1136 3214 1540
1733 1127 2053 1296
3021 1119 3745 1422
2045 1119 2482 1371
1657 1119 1918 1312
976 1119 1220 1354
1464 1094 1708 1262
2819 1085 3063 1296
2423 1085 2886 1338
0 1077 547 1514
3366 1018 3644 1195
311 1009 698 1514
3686 1001 4123 1296
883 1001 1144 1329
496 1001 791 1464
429 1001 631 1296
866 993 1068 1371
765 993 1009 1363
908 984 1178 1211
1489 967 2718 1220
2642 942 3097 1136
3559 900 3896 1127
1203 883 1405 1161
8 866 462 1228
1994 858 2516 1052
1270 850 1691 1296
2777 799 3492 1211
