0 0 3120 4160
1173 2429 1980 2637
1772 1530 2254 1880
174 3652 515 4160
1189 1555 1788 1896
1955 1539 2254 1880
0 3735 174 4160
0 3893 174 4160
1996 1655 2254 1880
1489 1431 2670 2620
2404 2096 2670 2462
424 2995 1148 3893
399 1664 1597 2753
607 1664 1597 2687
773 1830 1597 2687
940 1830 1597 2404
940 1847 1597 2404
1073 2296 2371 2745
2720 2787 3120 3228
2762 2920 3120 3228
1489 1431 2629 2620
1489 2088 2337 2496
158 981 624 1206
257 981 624 1206
2088 332 2446 798
773 1880 1040 2687
1938 1431 2629 2620
1938 1431 2512 2620
1297 657 1880 1073
1297 657 1880 1048
0 1223 416 1614
2279 0 2562 249
2346 0 2562 241
1073 2296 2371 2704
399 1863 832 2753
981 66 1805 1031
981 332 1805 1031
399 1863 757 2629
981 757 1322 1031
108 382 1156 1081
166 382 1156 1081
33 1872 574 2737
33 1921 574 2737
1239 332 1805 906
2687 3053 2978 3278
2113 116 2279 324
2753 1921 3120 2404
2862 1921 3120 2238
940 1847 1555 2404
940 1847 1514 2404
940 1847 1414 2404
33 1938 574 2737
33 2520 391 2737
1680 2088 2046 2346
2762 2953 3120 3228
291 407 1156 1081
2121 332 2446 798
1239 332 1705 906
1239 332 1705 848
382 3552 1040 4160
732 3552 1040 4160
773 1880 965 2612
690 723 1156 1081
399 1863 682 2545
191 1938 574 2595
2454 116 3120 973
2728 540 3120 973
1015 1847 1414 2121
2728 565 3120 973
1713 3361 2213 3544
707 2404 2321 3128
998 2404 1580 2762
998 2446 1231 2762
840 1089 2504 2421
2196 3361 3120 3985
2421 3361 3120 3860
2421 3361 2870 3669
382 3868 998 4160
624 2995 1148 3369
840 1089 2504 2346
1031 3095 2146 3852
1031 3095 1622 3461
707 2496 2321 3128
823 2496 2321 3128
990 2496 2321 3128
990 2612 2254 3128
990 2687 2254 3128
1248 490 1564 906
840 1123 2504 2346
940 1381 2321 2346
840 1123 2504 1722
840 1123 1822 1697
1006 1123 1772 1397
2129 1464 2512 2620
2820 3394 3120 3860
2945 3394 3120 3860
2953 3494 3120 3860
1472 1614 2321 2346
191 2188 540 2595
1489 2096 2337 2496
0 0 2080 1081
1514 2787 2096 3078
2862 1946 3120 2238
2853 1048 3120 1489
1189 1580 1738 1896
1123 3452 2146 3852
2196 3452 2620 3985
2196 3519 2620 3985
1589 2096 2337 2496
1589 2238 2312 2496
1589 2304 2080 2496
1456 0 1772 282
1472 1614 2296 2346
1489 3511 2146 3810
1514 3511 2146 3810
990 2687 2129 3070
832 0 2080 965
1214 2687 2129 3070
1297 2687 2129 3070
1131 0 2080 965
1131 0 2080 657
1131 0 1738 599
1456 3910 1913 4160
1514 3511 1921 3810
1297 3095 1622 3461
1031 3278 1331 3452
2454 116 2903 815
0 0 1713 1081
0 391 1347 4160
0 2030 707 4160
2454 324 2903 815
940 1381 2104 1847
940 1381 1855 1847
1248 1381 1855 1630
1431 2687 2129 3070
0 391 1347 2246
1672 332 2005 965
1472 1614 2296 2238
1472 1614 2030 2238
1472 1797 2030 2238
0 2487 707 4160
0 2487 707 4076
0 2487 707 4010
0 2487 707 3594
0 2487 599 3594
490 0 3120 4160
2279 2679 3120 3494
2279 2828 3120 3494
2321 2828 3120 3494
2321 2828 3120 3461
2587 2970 3120 3461
990 2695 1522 2870
1214 3161 2371 3669
0 0 1181 565
1322 1131 2504 1722
0 3095 615 4010
274 3153 615 3818
391 166 1713 1081
391 166 1605 1081
940 798 1605 1081
1530 24 1780 540
183 2654 707 3261
183 2728 640 3261
391 166 1314 998
665 241 1314 998
682 374 1314 998
1680 457 2005 965
2196 3569 2620 3985
424 3003 682 3893
1431 2687 1930 2995
1431 2728 1930 2995
1131 2404 1580 2595
2279 2920 2778 3444
1364 1847 1838 2138
0 391 1073 1447
0 391 540 1139
0 391 490 898
274 3194 615 3818
1472 1971 2005 2238
0 3095 316 4010
0 2487 599 3236
66 2487 599 3236
274 3219 549 3818
1214 3303 2371 3669
1214 3311 2371 3669
116 2487 599 2928
116 2520 524 2928
1322 1131 2254 1472
1822 1131 2254 1472
2362 0 3120 765
1131 0 1589 557
1356 191 1589 557
0 1131 1347 2246
0 1472 748 2246
0 3286 316 4010
224 1131 1347 1755
124 3095 316 3652
0 690 540 1139
1214 3311 2221 3627
940 807 1439 1081
0 0 1181 416
0 0 357 391
2570 0 3120 765
1214 3311 1896 3627
1073 2362 2279 2704
1822 0 3120 2329
490 2296 3120 4160
798 3419 3120 4160
798 3419 1489 4160
0 1855 257 2229
399 1131 1347 1755
2129 440 2770 1264
2312 440 2753 782
682 374 1297 923
0 615 1073 1447
124 615 1073 1447
940 1505 1572 1847
1314 3486 3120 4160
1314 3544 2254 4160
798 3419 1223 3985
399 1131 1089 1755
1655 1414 2104 1705
490 2296 3120 4018
515 3219 1089 4018
682 374 1073 923
682 391 1073 923
2129 632 2770 1264
2321 632 2770 906
41 391 490 823
0 424 191 898
2570 0 3120 549
1955 3486 3120 4160
1955 3610 3120 4160
1955 3669 2920 4160
624 3020 1148 3369
191 2188 540 2537
490 2296 3120 3577
2030 2296 3120 3178
2587 2296 3120 3178
490 2687 2529 3577
1896 0 2471 881
2080 0 2471 424
116 1472 748 2246
1697 0 2080 657
465 1131 1089 1755
915 3669 1489 4160
465 1131 1089 1705
2936 1239 3120 1680
2354 440 2753 698
1822 565 3120 2329
1822 565 2421 1439
1822 565 2337 1272
1822 565 2337 1256
2878 1048 3120 1356
241 0 1181 416
1514 2787 1996 3078
124 1040 624 1447
465 1198 906 1705
2321 965 3120 2329
2820 2687 3120 3178
2662 0 3120 549
1189 1580 1705 1880
515 3311 956 4018
515 3369 956 4018
515 3369 956 3893
524 3369 956 3843
915 3669 1306 4160
540 2687 2529 3577
2129 832 2487 1264
540 2687 2496 3461
540 2687 2371 3461
1231 2795 2371 3461
1480 3544 2254 4160
2321 1131 3120 2329
2321 1214 3120 2329
2321 1214 2695 1713
2404 1297 2695 1713
2812 0 3120 549
2412 1614 3120 2329
241 0 748 299
2030 2537 2679 3028
1306 1614 1705 1880
2429 1614 3120 2329
2504 1614 3120 2063
540 2687 1322 3136
698 2787 1322 3136
1697 3011 2371 3461
2429 3985 2920 4160
382 3943 898 4160
1564 3910 1913 4135
682 3868 998 4160
1314 3843 1655 4160
915 3827 1148 4093
515 3785 790 4018
2254 3768 2520 4051
732 3744 1040 4160
224 3719 440 4160
1480 3702 1880 4085
1281 3685 1489 4160
1955 3669 2570 4160
998 3669 1306 4160
515 3660 765 3893
116 3660 299 4160
216 3652 549 4076
307 3627 507 3818
2512 3610 3120 4160
1655 3577 1921 3810
2196 3569 2620 3893
1738 3560 2146 3727
765 3552 973 3802
1763 3544 2254 4160
524 3544 881 3843
2288 3519 2454 3752
2953 3494 3120 3694
2604 3486 3120 4101
1123 3452 1580 3852
2421 3419 2604 3669
798 3419 1181 3985
1214 3394 1555 3627
565 3369 956 3652
2554 3361 2870 3610
2246 3352 2429 3527
2129 3344 2371 3669
2288 3336 2529 3577
1389 3311 1896 3602
2687 3303 2920 3494
0 3303 232 4010
748 3219 1089 3569
274 3219 549 3660
1497 3194 1680 3411
299 3194 615 3527
291 3153 582 3377
2088 3144 2371 3461
973 3128 1264 3427
1938 3111 2171 3344
1381 3095 1622 3386
149 3095 316 3527
624 3061 990 3369
2745 3053 2970 3236
2737 3045 3120 3461
873 3020 1148 3269
1697 3011 2163 3452
1131 2986 1389 3336
2279 2970 2778 3444
2762 2953 3070 3136
2778 2920 3078 3128
2279 2920 2587 3095
940 2912 1206 3136
2030 2887 2254 3128
183 2837 640 3261
2820 2828 3053 3053
66 2828 324 3236
490 2812 732 3086
1231 2795 1788 3336
1514 2787 1847 3020
698 2787 1322 3120
1980 2778 2496 3369
174 2762 457 3136
1297 2745 1564 2936
1431 2728 1797 2903
540 2687 782 3036
2354 2679 3053 3011
349 2662 549 2837
707 2645 1023 2828
1813 2612 2238 2970
2030 2579 2329 3028
0 2562 191 3045
2271 2537 2679 2812
782 2537 1048 2753
116 2520 524 2828
41 2520 391 2728
998 2479 1231 2762
1173 2462 1863 2637
1131 2421 1347 2595
2379 2362 2629 2612
1772 2362 2279 2679
191 2312 540 2595
2587 2296 3120 2687
2154 2296 2371 2562
191 2271 382 2537
981 2246 1497 2471
2063 2238 2312 2404
773 2221 965 2612
316 2188 540 2396
2753 2179 3120 2404
1356 2163 1988 2421
257 2163 432 2337
2404 2154 2670 2462
2487 2096 2654 2288
1680 2088 1955 2279
1921 2080 2113 2346
1056 2080 1439 2362
407 2080 682 2545
0 2030 474 2612
940 2005 1148 2404
1372 1988 1555 2196
1738 1971 2005 2204
1198 1971 1514 2213
2862 1946 3028 2238
391 1938 574 2238
2055 1921 2321 2121
291 1921 565 2196
33 1921 257 2229
1331 1913 1597 2146
1015 1888 1223 2121
174 1872 382 2096
399 1863 665 2421
1447 1847 1838 2138
1173 1847 1414 2021
241 1830 574 2163
2870 1822 3120 2063
2429 1822 2912 2329
1680 1797 2030 2063
1971 1772 2296 2163
1863 1763 2030 1938
757 1705 1223 2046
1356 1688 1589 1880
1248 1680 1464 1863
607 1664 981 2679
2412 1655 2762 1921
2504 1614 2953 2063
1763 1614 2013 1838
1564 1614 1888 1830
2670 1580 2920 1772
1505 1555 1788 1747
2912 1547 3120 1888
1955 1539 2213 1722
0 1530 224 1963
1655 1505 1913 1705
940 1505 1406 1847
2412 1456 2679 1713
291 1456 507 1780
1938 1431 2271 1688
1805 1414 2104 1597
2828 1406 3078 1630
224 1397 432 1655
1248 1389 1697 1630
1505 1381 1855 1564
2936 1364 3120 1680
399 1364 798 1597
2096 1314 2504 1722
2853 1297 3045 1489
2404 1297 2695 1639
1822 1264 2146 1472
1322 1248 1963 1472
149 1248 416 1614
965 1223 1347 1439
2321 1214 2637 1381
465 1198 790 1431
840 1189 1822 1697
723 1131 1089 1630
2396 1123 2679 1289
124 1089 624 1447
2662 1081 2995 1639
1830 1073 2030 1272
0 1056 232 1297
2878 1048 3070 1256
266 1040 457 1206
2088 1031 2421 1439
1888 1023 2296 1272
2953 998 3120 1231
1905 981 2138 1189
2570 965 3120 1381
1705 898 1872 1073
1339 873 1713 1081
815 848 1156 1081
2254 840 2487 1264
2129 832 2412 1098
1148 815 1314 998
66 815 540 1073
2928 807 3120 990
940 807 1123 1031
1314 798 1605 1023
2379 773 2837 1098
1822 757 2154 1256
981 757 1322 1015
690 723 931 940
2321 715 2587 906
0 690 249 1139
1297 657 1772 1048
108 657 507 990
2529 632 2770 856
2728 624 3120 973
682 615 1023 923
432 615 1073 1256
865 607 1031 798
2753 565 3120 940
2121 565 2337 981
0 565 191 898
1705 557 2005 965
1614 557 1805 773
1106 557 1289 732
998 557 1297 890
2953 532 3120 715
1431 507 1705 848
166 499 490 823
1272 490 1564 906
2554 474 2753 698
1680 457 1913 682
2354 440 2612 673
815 432 1081 632
0 424 166 590
291 407 765 898
2254 399 2446 798
682 391 1073 698
41 391 291 715
166 382 499 657
2454 341 2820 815
2828 332 3120 823
2121 332 2362 549
1672 332 1921 532
1239 332 1589 590
1048 316 1281 698
0 316 216 507
1439 257 1738 599
2945 249 3120 515
241 249 673 640
815 241 1048 440
665 241 840 590
0 208 357 499
2080 191 2362 424
1697 174 1955 657
1114 166 1347 366
391 166 682 366
1896 133 2154 881
657 133 832 366
2820 116 3120 549
1123 66 1356 341
0 49 191 349
2887 24 3120 274
2812 0 3120 224
2570 0 2737 366
2362 0 2704 540
2396 0 2562 191
2346 0 2554 241
2279 0 2454 249
2196 0 2471 424
2021 0 2246 316
1755 0 2080 224
1131 0 1489 332
832 0 1189 191
707 0 1181 416
474 0 748 266
241 0 515 299
74 0 357 391
0 0 191 166
773 1855 1040 2612
399 1431 2512 2870
707 1431 2512 2870
707 2296 2371 2870
773 1855 1023 2612
0 0 3120 1081
0 316 3120 4160
0 316 1980 4160
0 316 1148 4160
782 2312 1980 2762
0 208 765 898
732 3744 1148 4160
0 316 1089 4160
424 2995 782 3893
1622 2670 1896 2845
782 2337 1980 2762
998 2337 1980 2762
515 557 3120 4160
657 1971 832 2753
757 557 3120 2687
515 2362 3120 4160
940 2005 1223 2404
707 2362 2321 2870
2088 424 2329 648
815 208 1123 565
124 3095 316 3694
1023 2337 1980 2595
2063 1464 2512 2620
2878 998 3120 1356
2620 257 2795 607
1073 2362 2321 2728
1722 0 1905 208
515 2537 3120 4160
1023 2337 1755 2595
0 424 1089 4160
0 1855 382 2188
0 1855 232 2188
1655 557 3120 2687
773 2005 965 2612
2812 807 3120 1031
757 1089 2337 2471
1073 2362 2279 2728
0 1056 232 1381
66 815 624 1206
66 815 582 1206
515 3552 973 3893
2321 2828 2878 3111
2753 532 3120 940
707 2645 1522 2870
1655 557 2005 1073
1655 557 2005 965
524 2537 3120 4160
1822 565 3120 2687
1131 0 3120 881
865 1597 1156 1780
2196 3303 2961 3893
116 2080 682 2928
1031 3095 2529 3727
2129 3336 2529 3702
2753 2113 3120 2404
149 3095 316 3694
1031 3095 2221 3727
981 2071 2080 2471
981 2080 2080 2471
981 2088 2080 2471
981 2096 2080 2471
981 2096 1988 2471
191 2080 682 2837
349 2080 682 2837
757 1089 2337 2346
66 815 540 1206
133 948 457 1206
158 1040 457 1206
1356 2096 1988 2421
1214 2728 2129 3078
1015 1680 1464 1988
607 1431 981 2679
0 0 1921 1081
0 316 291 715
391 166 840 690
549 241 840 690
349 2479 640 2837
965 1223 1347 1539
2196 3361 2961 3893
1888 915 2296 1272
1489 3511 1697 3744
1198 1913 1597 2213
0 0 1772 1081
673 374 1713 1081
840 1089 1822 1697
707 2645 1173 2828
1031 3278 2221 3727
1738 3452 2221 3727
0 2654 998 4160
183 2654 998 4160
0 0 1772 1048
0 0 1206 640
183 2654 782 3261
1830 3985 2920 4160
1048 316 1772 1048
1297 2728 2129 3078
1431 2728 2129 3078
0 2762 457 4160
0 3136 299 4160
690 723 1439 1081
757 1248 2337 2346
1322 1248 2146 1564
1023 2404 1580 2595
2030 565 2238 940
757 1389 2337 2346
757 1505 1838 2138
1306 1614 1838 2138
757 1505 1414 2121
524 2787 3120 4160
1131 2928 1389 3336
1514 2787 2129 3078
1514 2787 1930 3020
490 2687 782 3086
757 1705 1414 2121
1248 1389 2337 2346
1031 3278 2055 3627
1564 1414 2337 2346
1564 1614 2337 2346
1813 2537 3120 4101
1813 2537 3120 3669
1813 2537 3120 3544
1888 981 2296 1272
1822 565 3120 1439
1822 565 3120 1381
0 0 1181 640
832 0 1589 590
1123 66 1589 590
0 424 1089 3303
2670 0 3120 549
1564 1614 2321 2204
241 0 1181 640
241 0 832 640
241 0 832 366
1031 3278 1921 3602
1322 1248 2146 1472
1106 490 1772 1048
2096 1081 3120 2687
1564 1614 2321 2163
1564 1614 2296 2163
2021 1031 2637 1439
1248 490 1772 1048
0 1830 574 3303
2404 1081 3120 2687
1921 2080 2337 2346
1131 0 2820 881
1614 332 1921 773
2362 3419 2604 3669
1131 0 2471 881
2021 0 2471 798
2021 0 2446 798
2021 0 2362 549
2196 3361 2870 3893
216 3153 998 4160
0 424 1089 2246
216 3652 998 4160
1131 0 2154 881
2021 0 2362 424
1772 1414 2104 1688
673 391 1713 1081
2687 3045 3120 3544
998 3394 3120 4160
998 3452 3120 4160
998 3452 1580 4160
1272 490 1772 1048
0 1921 474 3303
0 2828 324 3303
1822 565 2587 1256
2254 840 3120 1381
2254 840 2679 1289
2354 0 2820 815
1248 1389 1913 1747
1813 2537 2778 3461
998 3486 1306 4160
1314 3544 3120 4160
682 391 1713 1081
682 607 1713 1081
682 607 1322 1015
682 615 1322 1015
1530 0 2154 881
1755 0 2154 881
1314 798 1713 1081
599 3311 848 3502
0 424 624 1447
0 424 249 1139
0 565 249 1139
2129 3336 2529 3669
1123 3452 1580 4160
0 499 1089 2246
108 499 1073 1256
108 499 507 990
2620 1081 3120 1639
2853 1239 3120 1489
2088 1031 2637 1439
0 1131 1089 2246
149 1248 432 1655
274 3153 615 3685
274 3194 615 3685
2687 3045 3120 3461
1813 2537 2778 3444
1813 2537 2679 3369
274 3219 549 3685
2354 0 2753 698
524 2787 2171 3985
698 2787 2171 3452
1813 2537 2679 3028
2404 1297 3120 2687
1248 1389 1913 1705
0 1921 474 3045
241 1830 574 2238
0 3136 232 4010
682 391 1297 890
2362 0 2753 698
2404 1297 3120 2329
1497 3161 1780 3411
1297 3311 1921 3602
1389 3311 1921 3602
723 1131 1089 1705
524 3020 1264 3985
1763 1614 2030 1938
524 3020 1264 3843
0 2030 474 3045
2404 2154 3120 2687
0 1198 798 2246
1614 457 1913 773
382 3785 998 4160
382 3785 898 4160
2620 1081 2995 1639
2362 0 2737 540
116 1198 798 2246
399 1198 798 1597
624 3020 1264 3569
2404 1297 3120 2063
2412 1547 3120 2063
2504 1547 3120 2063
1680 1772 2296 2163
698 2787 2163 3452
624 3061 1264 3569
698 2787 1788 3336
2870 1547 3120 2063
748 3128 1264 3569
940 1963 1331 2263
940 1963 1223 2221
965 2005 1597 2595
1772 1447 2529 2554
1272 357 1855 773
582 1672 1422 2737
582 1672 1223 2737
690 2296 2371 2895
2828 316 3120 582
648 1131 1031 1589
183 1872 357 2221
1622 723 2104 1073
1713 723 2104 1015
973 0 1497 440
973 0 1414 440
1497 0 1930 607
1023 1680 1422 1938
266 1955 565 2337
266 2038 565 2337
1905 3103 2346 3469
1905 3103 2346 3452
2895 1946 3120 2346
1173 2304 2354 2637
1747 2304 2354 2512
2704 24 3120 815
166 1248 440 1447
2812 807 3120 1023
0 199 1830 1248
848 1389 2362 2487
2404 2138 2961 2471
1456 3902 2055 4160
948 1148 1347 1505
948 1148 1272 1505
948 1148 1114 1505
0 199 1830 1114
765 3253 1921 4018
1098 3253 1921 3627
1098 3261 1921 3627
0 1863 1239 4160
624 2803 1031 3436
1788 832 2412 1272
1314 2096 1705 2346
2496 2296 2961 2471
2030 0 2279 324
2104 116 2279 324
2279 2920 3120 3427
2088 374 2354 873
2013 1447 2529 2554
407 1863 1239 2762
0 2288 790 4160
0 2288 748 4160
0 2288 599 4160
848 1397 2362 2487
2088 3577 2371 3902
690 2404 2271 2895
823 2404 2271 2895
0 2288 599 3336
0 2437 599 3336
1023 1397 2362 2487
1248 1397 1788 1730
1248 1397 1788 1630
0 3095 482 4160
0 3203 482 4160
1023 1431 2362 2487
1114 1431 2362 2487
1206 1431 2362 2487
1489 1431 2362 2487
1580 1431 2104 2213
1580 1614 2088 2213
1772 1614 2088 1955
0 0 1322 1006
0 0 732 590
1847 832 2412 1223
1489 2055 2362 2487
1306 1830 1872 2104
2778 24 3120 366
2820 3394 3120 3685
399 0 1322 1006
0 399 990 2604
474 0 1322 1006
1905 3103 2346 3402
1847 990 2171 1223
2870 1048 3120 1489
1489 2055 2238 2487
1580 1614 2071 2213
1306 1830 1830 2071
1206 1589 1705 1847
474 0 1098 923
2878 1048 3120 1297
2620 2961 3120 3344
1023 1880 1522 2138
0 399 881 2604
174 0 3120 4160
474 0 1073 923
715 0 3120 2421
715 0 3120 2329
765 0 3120 2329
765 1123 2437 1722
765 1123 1822 1722
0 407 881 2604
0 416 881 2604
0 1855 574 2604
0 1872 574 2604
174 2379 3120 4160
823 2404 2271 2870
2620 3020 3120 3344
0 1938 557 2604
973 0 3120 2329
0 2437 599 3303
0 2437 557 3303
1489 2055 2229 2487
1680 2055 2229 2337
1680 2088 2229 2337
515 2063 1239 2762
0 416 881 1971
0 416 881 1297
0 615 881 1297
1772 0 3120 2329
1772 0 3120 2288
2321 2379 3120 2728
0 1198 798 1971
973 0 2138 1081
1089 49 1605 599
0 407 257 1139
1181 0 1772 540
2720 3020 3120 3344
2221 0 2753 807
673 249 1073 923
973 765 1605 1081
1356 1264 2437 1539
1497 0 1822 607
174 2512 3120 4160
158 615 881 1272
490 2995 790 3677
191 2154 557 2537
1456 3902 1921 4160
715 0 1123 574
1198 0 2138 981
1015 3278 3120 4160
682 249 1073 923
682 249 1073 698
1015 3303 3120 4160
1015 3361 3120 4160
174 2845 1272 4160
174 2845 1264 4160
2570 0 3120 965
2570 324 2995 965
0 0 665 590
1489 2263 2080 2487
765 2512 3120 3793
1630 1431 2104 1697
1655 0 2138 898
1772 0 3120 1389
765 2737 3120 3793
765 2737 3120 3452
1772 465 3120 1389
1822 2737 3120 3211
1822 2778 3078 3211
1822 2778 2446 3211
2421 1106 3120 2288
1015 3452 2570 4160
2803 0 3120 515
1206 1589 1705 1813
2562 0 2837 582
765 2753 2129 3452
1098 3261 1921 3610
524 3211 1264 3885
2537 3918 2878 4143
1697 3902 1921 4118
1456 3902 1830 4160
632 3735 1064 4160
224 3719 457 4160
2179 3694 2371 3902
149 3602 482 4160
2953 3585 3120 3860
2088 3577 2337 3885
1480 3560 2570 4160
540 3527 707 3735
1015 3452 1655 4160
765 3419 1214 4018
2820 3394 3120 3602
1381 3369 1921 3577
524 3369 956 3885
2412 3361 3120 4160
1713 3328 2595 3793
2662 3303 2920 3494
2246 3278 2645 3536
1098 3261 1622 3610
1705 3253 1921 3477
2679 3244 3120 3477
490 3236 790 3677
748 3211 1264 3569
0 3203 299 4160
2263 3169 2545 3427
2104 3136 2346 3352
1905 3103 2337 3402
149 3095 324 3536
2720 3053 3003 3328
624 3053 1031 3436
2620 3036 2803 3228
2787 3020 3120 3344
1655 3020 1822 3219
915 3003 1272 3269
2753 2961 3120 3228
2279 2920 2753 3427
1822 2912 2138 3136
2337 2887 3078 3128
174 2845 998 4160
174 2820 482 3136
