0 0 4160 3120
1622 1605 2146 1813
2745 2803 2961 3086
1322 948 1797 1539
2812 1114 3427 1655
998 2154 1364 2487
2645 1414 3203 1913
0 2179 266 2554
0 1314 507 1555
324 1688 1098 2928
324 1688 798 2928
324 2013 798 2928
732 482 3519 2229
732 615 3519 2229
1772 657 2487 923
0 1314 399 1555
3768 2446 4160 3011
324 2096 798 2928
732 748 3461 2229
1597 1655 1872 2113
1514 748 2005 1064
1223 1048 1489 1439
3419 382 3602 607
3719 832 4110 1580
249 116 1239 1580
482 116 1239 856
324 2154 798 2928
249 782 707 1580
324 782 707 1297
732 773 3461 2229
2246 1306 2654 1622
3386 648 3818 1339
3386 757 3818 1339
3810 1156 4110 1397
3086 2828 3319 3086
1456 2104 2063 2812
3103 2828 3319 3036
324 2371 665 2928
2637 2146 3103 2837
3352 2030 3818 2812
3352 2030 3702 2812
3402 2030 3702 2645
249 1123 632 1580
291 1123 632 1580
291 1123 632 1480
848 2579 1173 2812
3685 1805 3960 1996
3793 1456 4160 1730
1148 615 1688 1114
1272 615 1688 1048
3552 2321 3818 2496
3719 832 3927 1580
1447 948 1797 1480
3352 2595 3652 2812
2828 2146 3103 2695
2912 2263 3103 2695
648 640 1040 973
648 640 1023 973
2995 1930 3369 2820
765 0 1073 241
757 2221 1231 2562
1347 2487 1930 3120
0 2204 266 2554
3386 2837 3927 3120
3111 1971 3369 2820
3111 1971 3369 2704
3111 1971 3369 2604
1098 0 2745 657
1098 0 2487 657
1098 0 2487 549
1098 0 1938 549
1098 83 1713 549
1372 83 1713 332
3793 166 4160 673
3893 166 4160 673
341 1123 607 1356
1347 2487 1896 3120
1456 2104 2055 2629
1098 149 1414 549
1439 424 1672 632
1772 1763 2670 2229
732 773 3461 2146
3768 2446 4160 2936
3877 2446 4160 2936
1872 0 2487 282
1872 0 2354 282
1872 0 2196 282
0 1514 2803 3120
0 1672 2803 3120
1830 2337 2545 3061
1830 2429 2096 3036
1830 2504 2096 3036
3386 757 3802 1339
3178 990 3777 1605
2329 0 2745 216
2021 773 3253 998
1347 2496 1896 3120
1347 2496 1797 3120
3494 0 3685 224
3494 0 3660 224
0 1514 648 1730
1980 2337 2545 3061
3585 2912 3927 3120
1872 0 2196 274
1780 307 2337 832
0 1514 648 1722
1780 382 2238 832
1780 457 2238 832
1647 1156 2462 1514
757 2321 1231 2562
0 0 1514 1480
1472 1838 2803 2545
1472 2038 2121 2512
0 1672 1805 3120
3178 990 3777 1589
1006 2695 1389 3020
3178 990 3777 1580
3178 990 3752 1580
499 0 4160 3120
1896 1289 4160 3120
1896 1414 4160 3120
1955 1838 2803 2545
1955 1963 2579 2545
3843 1289 4160 1622
1980 2337 2545 2978
3577 2154 4160 2371
3577 2154 4043 2371
1580 0 1938 482
565 1738 1805 2912
823 773 3461 2146
823 1248 2887 2146
224 24 590 490
2928 2204 3161 2504
499 0 4160 1913
3585 316 4160 1547
3735 399 4160 1547
1539 773 3461 1464
1539 790 3452 1464
2487 0 2745 216
2246 1347 2654 1622
3577 2154 3960 2371
0 0 1364 1480
0 1672 1572 3120
574 1738 1805 2912
915 1738 1805 2912
3244 1722 3802 2146
2404 2762 2870 2995
0 0 1231 1480
1347 2496 1797 3078
1347 2620 1797 3078
582 449 1189 940
582 449 1098 940
782 599 1189 815
574 1855 1015 2154
574 1855 898 2146
499 49 2512 1913
499 91 2263 1913
3810 499 4160 1547
3810 615 4160 1547
3419 1722 3802 2030
2088 0 4160 915
2229 540 3486 906
1830 2504 2030 3036
3943 1680 4160 1913
0 1198 249 1480
823 1297 2629 2146
2104 1414 4160 3120
823 1297 2570 2146
1006 1297 2570 2146
1988 1297 2570 1805
2096 1539 2570 1805
0 2138 1572 3120
0 2496 1572 3120
249 2496 1572 3120
399 2496 1572 3120
1456 2254 2055 2629
399 2496 1331 3120
0 2520 382 3120
3827 1023 4160 1547
0 2520 316 3120
0 2629 316 3120
499 133 1872 1913
499 274 1589 1913
1214 274 1589 507
0 0 1231 1347
399 2496 1322 3120
499 482 1589 1913
1139 1198 1580 1730
1139 1289 1580 1730
3985 499 4160 807
399 2645 1322 3120
3436 2271 4160 3120
3710 2271 4160 2828
3744 1855 4160 2263
2146 1073 2612 1272
2837 1464 4160 3120
3286 1464 3927 2005
3286 1464 3843 2005
515 482 1589 1913
515 1106 1031 1913
515 1164 923 1913
549 1381 923 1913
3436 2479 4160 3120
1006 1322 2121 2146
0 1672 557 2204
3444 532 3818 915
3444 540 3818 915
2104 1414 3486 2870
2104 1414 3486 2837
2346 1414 3486 2837
2346 1414 3486 2679
407 291 698 490
915 1738 1797 2912
915 2188 1797 2912
915 2362 1406 2795
2088 0 4160 832
3003 1414 3486 1980
424 2154 798 2570
2088 0 4160 740
2479 0 4160 740
2554 0 4160 615
3244 1880 3610 2146
1580 91 2263 898
3710 2279 4160 2828
3061 1447 3486 1980
549 482 1589 1439
549 482 1572 1439
1580 640 1888 898
3744 1855 4160 2071
0 2662 316 3120
0 2687 316 3120
1896 2787 2912 3120
915 2429 1389 2795
923 1738 1564 2371
2837 1572 4160 3120
2837 2030 3744 3120
2837 2104 3744 3120
2837 2288 3744 3120
2837 2462 3744 3120
2837 2704 3744 3120
2912 2704 3744 3120
2346 1763 3278 2679
2229 540 3352 906
815 482 1572 1439
815 482 1447 1439
815 732 1447 1439
3070 1447 3486 1980
399 2778 1322 3120
416 2778 1322 3120
0 0 948 1347
0 291 457 1347
2479 241 3394 740
1006 1572 1738 2146
2379 2329 2870 2837
2379 2387 2870 2837
2545 2387 2870 2837
2554 0 4160 549
2554 0 4160 532
2554 0 4160 499
2912 2753 3744 3120
1647 1156 2462 1439
3436 2496 4160 3120
815 732 1289 1256
2088 49 2512 307
166 2138 457 2770
2837 2704 3111 3111
3278 0 4160 465
3278 0 4018 465
3860 0 4160 199
2088 282 2562 565
2346 1805 3278 2679
3810 615 4160 1347
3835 615 4160 1164
2554 0 3502 499
815 773 1289 1256
2104 2204 2396 2512
3610 1572 4160 2263
3278 0 3885 465
1988 1297 2496 1639
0 1672 549 2146
0 291 457 1314
0 291 399 723
416 2945 1322 3120
815 2945 1322 3120
0 1747 432 2146
24 499 457 1314
24 499 391 1048
41 773 457 1314
0 0 532 382
0 0 532 282
2837 1805 3278 2296
2346 2104 2912 2679
2487 2104 2912 2679
2487 2104 2870 2487
2554 0 3402 399
3702 2953 3927 3120
416 2953 832 3120
1023 2945 1322 3120
2038 2928 2912 3120
3885 2912 4160 3120
3768 2912 3935 3095
33 2903 266 3120
1680 2870 1896 3120
1123 2862 1331 3120
499 2853 757 3028
2903 2845 3111 3111
1406 2845 1797 3078
1306 2845 1572 3120
3386 2837 3719 3020
3103 2828 3319 3011
399 2828 574 2995
2745 2803 2912 3020
0 2795 208 3120
1896 2787 2238 3120
798 2778 1023 3036
1006 2770 1231 3020
3877 2762 4043 2936
2429 2762 2870 2928
3286 2753 3744 3120
1847 2737 2030 3036
1614 2737 1930 3070
3061 2728 3311 2920
2837 2704 3086 3053
249 2704 515 3120
1114 2695 1389 2912
0 2687 316 3003
1980 2662 2254 2920
2354 2645 2612 2870
690 2645 915 3053
499 2645 707 2903
1905 2620 2096 2895
1347 2620 1539 2970
324 2620 549 2928
2545 2595 2737 2837
2021 2587 2221 2795
1605 2579 1805 2895
848 2579 1048 2803
3768 2554 3952 2845
2637 2545 2978 2837
915 2520 1389 2795
0 2520 249 2695
740 2504 973 2695
3436 2496 3935 2961
1372 2496 1797 3070
615 2496 807 2787
1472 2487 1664 2845
3694 2479 3943 2654
3261 2462 3427 2795
3976 2446 4160 2787
1015 2429 1372 2645
2146 2412 2321 2629
2637 2387 2870 2795
1930 2387 2213 2637
1705 2371 1913 2587
416 2371 665 2704
2146 2337 2545 2978
757 2337 1023 2537
615 2337 798 2570
2379 2329 2579 2529
3585 2321 3818 2487
906 2321 1231 2562
2496 2312 2712 2687
1880 2304 2063 2812
3219 2288 3544 2545
3710 2279 4160 2704
1456 2279 1730 2512
1497 2254 2055 2629
1164 2246 1364 2487
2995 2229 3161 2504
2104 2213 2304 2512
2213 2204 2396 2454
16 2204 266 2554
1272 2188 1797 2912
732 2179 998 2554
998 2154 1331 2321
424 2154 757 2454
3402 2138 3660 2645
166 2138 457 2504
3111 2121 3303 2604
2670 2121 2870 2454
2346 2121 2587 2446
133 2113 349 2279
3253 2104 3519 2288
2487 2104 2720 2487
2912 2080 3111 2304
582 2063 1098 2246
3818 2046 4160 2263
2304 2038 2579 2254
1472 2038 2063 2512
3402 2030 3652 2329
2995 2030 3236 2296
3194 1971 3369 2204
1955 1963 2371 2545
815 1963 1015 2154
707 1963 898 2146
1148 1946 1331 2163
83 1946 307 2221
1089 1930 1264 2188
3610 1905 3860 2263
324 1896 557 2204
2096 1888 2312 2088
1148 1888 1564 2371
3244 1880 3610 2113
2753 1880 2986 2138
3744 1855 4160 2055
574 1855 798 2080
2412 1838 2803 2154
133 1813 432 2146
2837 1805 3278 2213
3419 1780 3694 2030
2837 1763 3095 1988
0 1747 216 1921
923 1738 1181 2013
1597 1722 1872 2113
3286 1713 3669 2005
0 1672 549 2021
1314 1655 1738 2146
690 1639 881 1913
2920 1622 3203 1896
3685 1580 3927 1780
1747 1580 2204 1963
3777 1572 4160 1905
1006 1572 1580 1980
823 1555 1064 1822
3211 1530 3486 1980
3319 1464 3843 1763
1297 1464 1580 1730
3070 1447 3328 1755
1813 1422 2146 1605
3003 1414 3303 1589
2645 1414 3169 1913
1988 1397 2454 1639
2728 1381 2912 1655
549 1381 923 1896
3843 1347 4135 1622
3502 1347 3669 1555
2246 1347 2637 1622
1539 1322 2121 1747
0 1314 208 1480
2362 1306 2554 1472
291 1297 632 1480
1139 1289 1414 1597
732 1281 1173 1755
823 1264 1223 1572
2312 1248 2887 1863
3827 1206 4160 1547
3810 1198 4060 1397
1256 1198 1514 1497
74 1198 249 1389
1647 1189 2113 1356
1223 1189 1389 1389
257 1181 449 1347
2812 1173 3361 1655
515 1164 773 1589
3178 1156 3627 1480
1980 1156 2462 1439
41 1123 291 1314
3053 1114 3427 1397
673 1106 1031 1314
1580 1098 1822 1339
2146 1073 2404 1272
1040 1056 1289 1256
3810 1048 4035 1347
1281 1048 1489 1439
1988 1040 2312 1289
3336 990 3752 1580
1447 965 1614 1480
998 965 1447 1439
407 965 574 1206
707 956 948 1181
474 915 707 1297
3236 906 3444 1114
108 906 291 1198
549 873 973 1139
1422 815 1589 981
3910 807 4160 1164
1514 807 1938 1064
324 782 615 1064
3386 773 3802 1339
3136 773 3461 1089
815 773 1206 1231
158 773 457 1297
1564 748 2005 940
24 748 307 1048
1272 740 1480 1048
1056 732 1256 948
241 715 440 890
2304 698 2587 881
1239 657 1464 981
1697 640 1888 832
1580 640 1822 898
648 640 906 940
3835 615 4026 1064
3244 615 3519 790
1414 615 1688 865
931 599 1189 815
3985 582 4160 807
1780 574 2238 832
341 565 665 923
2354 549 2570 832
3444 540 3810 915
2229 540 3203 906
2520 524 2812 848
1472 524 1713 723
66 499 391 782
174 490 515 1023
1996 482 2396 890
1322 482 1572 723
956 482 1414 757
1847 457 2063 740
890 449 1098 657
582 449 965 940
341 449 757 757
83 440 399 707
3211 424 3560 615
2479 424 2737 690
1680 424 1888 657
3893 407 4160 673
2337 407 2579 640
3735 399 4085 1081
1988 382 2229 640
599 382 782 574
2088 357 2288 565
3744 332 4035 532
707 324 965 632
3585 316 3843 915
1971 307 2337 515
3211 299 3502 499
2787 282 2953 457
2279 282 2562 524
1289 274 1589 507
1214 274 1456 507
482 257 956 856
998 249 1181 457
524 249 807 524
2520 241 3394 740
1098 208 1414 549
2263 199 2695 366
224 199 490 490
0 191 465 382
3968 166 4160 440
3627 141 3885 424
2088 133 2321 307
1564 133 1872 682
757 116 1239 640
1772 99 1938 482
1805 91 2263 673
1372 83 1713 274
873 74 1231 374
1930 66 2154 282
2229 49 2512 274
2329 41 2545 216
366 24 590 241
2795 16 3402 399
3669 0 4018 324
3278 0 3710 465
3228 0 3419 166
2554 0 3020 399
2520 0 2745 216
2487 0 2662 191
1888 0 2196 274
1872 0 2138 191
1580 0 1863 183
1256 0 1514 224
915 0 1364 465
316 0 948 482
432 0 773 299
66 0 532 266
0 0 299 282
873 1722 1139 2188
0 0 2146 3120
2113 1056 2695 1281
1472 0 4160 3120
1713 99 1938 482
1472 2104 1763 2304
3702 832 4060 1614
1148 0 1713 357
1514 773 3253 1081
3244 615 3577 790
3702 832 3927 1614
2429 2312 2712 2687
2637 1971 3452 3020
3336 1372 3569 1605
0 2238 515 3120
474 915 1256 1738
0 2138 174 2529
341 116 1239 856
1597 1422 2146 2113
1622 1422 2146 1813
1622 1422 2146 1705
3627 2446 4160 2936
823 1356 1064 1822
3402 2030 3752 2645
765 0 981 241
0 0 2121 3120
1089 1930 1331 2188
1880 2304 2321 2920
1564 0 4160 1780
3768 2554 4035 2845
890 391 1164 657
3719 832 3927 1614
1564 0 4160 1622
1880 2304 2321 2895
3061 2728 3319 3011
3236 906 3777 1589
3685 1456 4160 1780
490 1605 948 2171
490 1605 690 2171
3336 990 3777 1589
1040 732 1314 1256
1040 823 1314 1256
1040 965 1314 1256
2637 1971 3369 3020
2920 1539 3278 1963
33 0 773 490
224 0 773 490
565 1797 948 2038
3386 2837 3935 3095
3461 2853 3935 3095
0 0 1888 2021
1921 2387 2321 2654
1514 807 3070 1081
2762 1971 3369 2695
2762 2121 3361 2695
565 1797 906 2038
1223 0 1713 332
490 1688 690 2171
0 773 2121 3120
757 2188 1930 3120
1164 2188 1930 3120
3877 615 4160 923
3877 615 4085 848
1006 2770 1331 3120
715 757 1040 973
1472 790 4160 3120
2920 1539 3244 1896
2920 1539 3203 1896
1164 2188 1930 3070
1539 790 3843 2304
0 2396 515 3120
33 2396 515 3120
1930 2387 2321 2637
1223 740 1589 1539
2762 2121 3303 2695
2928 2121 3303 2604
1223 0 1672 257
474 915 1223 1572
1472 1572 4160 3120
1564 0 2512 940
1580 0 2512 898
1988 1572 4160 3120
757 2254 1231 2562
0 965 648 2021
1472 1838 2870 3120
673 956 1223 1572
673 1106 1223 1572
2953 1114 3427 1397
1223 0 1539 257
1223 0 1514 257
1223 740 1589 1497
1256 740 1589 1497
1256 740 1522 1497
1272 740 1522 1439
3244 1713 3802 2329
0 1198 648 2021
0 1198 648 1763
1272 740 1522 1081
0 1198 648 1722
0 1297 648 1722
1996 0 4160 1622
3427 0 4018 424
0 1747 1797 3120
2762 2146 3011 2695
2912 1930 3236 2304
3419 382 3694 657
3452 382 3694 657
0 0 1888 1480
1996 0 4160 915
2196 0 2545 216
2604 1963 2795 2288
3136 399 4160 1622
3136 540 3810 1089
3136 757 3552 1089
3386 399 4160 1622
574 1855 1098 2329
582 2063 1098 2329
1164 2188 1805 2912
1272 2188 1805 2912
3744 1680 4160 2071
2762 2146 2953 2679
1514 807 3070 1064
2812 582 3486 807
199 2396 515 3120
615 2496 832 2787
1580 49 2512 898
1539 790 3843 2229
715 790 1023 973
1580 1040 2462 1514
2837 2337 3319 3111
0 1431 648 1722
2096 1539 2670 1872
3427 0 4018 324
3494 0 4018 324
648 0 1888 981
2995 1930 3236 2296
848 0 1231 374
1880 2304 2096 2895
2146 1073 2695 1281
648 599 1189 940
0 0 965 1480
3003 1156 3843 1980
3070 1156 3843 1980
1988 2870 3452 3120
1580 91 2337 898
2038 2870 3452 3120
1896 1838 2870 3120
1896 1963 2870 3120
956 0 1888 981
3219 1572 4160 3120
3219 2104 3544 2795
1580 1040 2462 1439
1580 1040 2312 1356
1580 1098 2113 1356
3244 1713 3669 2329
3244 1880 3652 2329
407 965 607 1272
399 2645 757 3028
291 773 2121 2512
291 773 2121 1980
291 1164 2121 1980
291 1164 1173 1913
1539 790 3452 2229
2637 2545 2978 3020
3286 1572 4160 3120
524 249 807 574
2096 1539 2629 1872
3336 990 3777 1580
2837 2337 3261 3111
3386 399 4160 1547
3386 399 4160 1347
2354 2512 2870 2928
923 1655 1738 2512
998 1655 1738 2512
399 2828 757 3028
2171 1297 2654 1555
2362 1306 2654 1555
3286 2704 3927 3120
3585 0 4018 324
2837 2337 3219 3111
0 1747 440 3003
0 1747 440 2695
0 1747 440 2554
0 1747 440 2279
0 1747 432 2279
0 1747 432 2221
0 1747 432 2179
2837 2337 3128 3111
2837 2337 3128 3053
1406 2845 1797 3120
0 2629 316 3003
3744 1838 4160 2071
0 291 307 1198
549 773 1614 1730
549 773 1580 1730
815 773 1580 1730
1697 91 2263 832
2945 2337 3128 2803
166 2138 1797 3120
915 2429 1797 3120
3352 1572 4160 3120
3352 2421 4160 3120
3286 2753 3927 3120
2038 2870 2961 3120
915 2429 1389 2912
1098 0 1888 981
1239 0 1888 981
1289 0 1888 682
3885 2620 4160 3120
0 291 307 1048
0 715 307 1048
166 2138 1322 3120
3352 2421 3935 2961
83 0 965 1064
83 440 965 1064
3211 224 3560 615
1239 482 1688 981
1239 482 1572 981
3386 399 4160 1339
3735 399 4160 1164
3610 1572 4160 2704
3710 2046 4160 2704
166 2138 998 3053
166 2138 998 2554
1996 282 2562 890
1148 1655 1738 2512
1955 1963 2870 2978
2146 2104 2870 2978
2146 2204 2545 2978
291 1164 923 1913
515 1164 923 1896
3070 1447 3843 1980
2229 0 4160 915
2487 0 3020 399
83 440 615 1064
249 2396 515 3120
1564 0 1888 682
1564 0 1872 682
2354 2512 2737 2870
2354 2512 2612 2870
1306 2496 1797 3120
1347 2496 1797 3070
1996 357 2396 890
2346 2104 2870 2795
3219 2104 3544 2545
0 499 457 1480
41 499 457 1389
41 773 457 1389
1747 1173 3361 2229
1988 1173 3361 2213
3211 1464 3843 1980
915 2520 1389 2912
3286 2753 3793 3120
2645 1414 3278 2213
3710 2179 4160 2704
2379 2104 2870 2795
2379 2104 2870 2529
2229 0 3843 915
2229 424 3203 906
3211 224 3502 499
2354 424 2737 832
3352 2496 3935 2961
3976 2620 4160 3028
83 440 515 1023
690 2504 973 3053
1006 1322 2121 1980
3627 0 4160 532
3627 141 4160 532
3627 141 4035 532
2096 1647 2629 1872
2753 1805 3278 2213
2520 0 3843 915
1148 1655 1738 2371
1988 1173 3361 1863
424 2154 998 2554
2038 2870 2912 3120
1988 1347 2637 1639
3278 0 3843 915
815 773 1447 1439
316 0 948 490
1747 1580 2670 2229
2520 16 3402 740
2312 1173 3361 1863
0 2837 208 3120
2113 1031 2462 1239
2113 1064 2396 1239
3178 856 3452 1397
1572 723 3419 1064
1281 965 1614 1597
1913 2537 2204 2787
2887 1622 3228 1896
1439 965 1614 1464
1572 823 3078 1064
590 1905 1339 2246
1006 1905 1339 2246
648 757 3469 2629
765 2229 973 2421
732 757 3469 2629
2479 1364 2870 1863
3103 2837 3328 3061
2021 399 2520 890
2021 416 2421 890
2113 416 2421 881
648 1189 815 1414
1006 1905 1331 2246
3169 2362 3369 2745
1081 2454 1896 3120
1339 2454 1896 3120
3103 2837 3303 3061
1772 490 3486 923
1772 490 3186 923
1772 707 3186 923
3361 1938 4160 3120
3361 1946 4160 3120
3361 2038 4160 3120
3361 2046 4160 3120
2146 416 2421 782
615 2504 832 2770
2629 2437 2995 2995
1639 1139 2471 1514
3918 158 4160 440
108 931 624 1572
1705 2479 1896 2953
2030 0 3269 366
732 782 3469 2629
1081 2687 1414 2920
108 965 624 1572
108 965 624 1306
108 965 457 1206
2030 199 2720 366
3219 748 3802 1489
948 0 2154 723
948 0 2154 607
948 0 1938 607
1206 307 1763 723
1772 707 3178 923
2229 0 3269 266
2229 0 2545 266
2462 490 2837 848
1930 1838 2803 2795
3394 2046 4160 3120
0 1347 648 1788
0 1347 648 1730
0 1439 648 1730
0 1505 648 1730
266 1123 607 1572
266 1297 607 1572
1946 1838 2803 2795
3236 748 3802 1447
3236 773 3802 1447
2820 2088 3036 2362
0 0 1888 3120
1472 607 1888 898
0 0 1622 3120
732 1248 1223 1755
1006 782 3469 2629
1006 782 3469 2512
1522 782 3469 2113
1522 782 3469 1730
1522 790 3436 1730
2629 2554 2995 2995
1456 2104 1888 2629
1422 0 4160 3120
1655 1181 2803 2113
3369 382 4018 1505
0 0 1589 3120
357 1297 648 1580
0 0 1580 3120
2021 1838 2803 2795
2429 2080 2803 2795
3369 440 4018 1505
3494 440 4018 1505
1081 2720 1381 2903
1422 0 4160 1181
0 2138 241 2570
0 590 183 840
1422 0 4160 923
1805 1064 4160 3120
1805 2337 2046 3036
1281 1397 1539 1597
0 2520 490 3120
1888 1064 4160 3120
1372 0 1938 474
2537 1064 4160 2837
1580 0 1938 474
3061 1064 4160 2662
1397 798 1580 1081
549 2853 798 3070
3394 2238 4160 3120
1888 2188 4093 3120
1888 2803 2379 3120
1639 1139 2471 1422
2021 1838 2803 2504
0 0 948 848
0 0 765 490
1905 2188 4093 3120
0 291 1580 3120
191 2138 457 2862
482 0 1514 956
615 0 1514 906
707 0 1514 632
2104 0 4160 923
2304 0 4160 923
2404 0 3269 208
0 2520 332 3120
1106 1198 1580 1738
0 291 1572 3120
399 1913 1564 3120
407 2104 1347 2812
740 2113 1347 2612
3061 1064 4160 2329
1639 1189 2471 1422
865 2579 1181 3120
3061 1064 4160 2288
3136 0 4160 923
3868 399 4160 923
2304 58 3560 856
407 1913 1564 3120
499 1913 1564 3053
2304 2496 4093 3120
2412 2704 4093 3120
1422 0 2379 690
407 2104 856 2812
2304 2496 2812 3003
2304 2496 2720 2837
0 291 1572 2279
3061 1064 4160 2263
3219 1064 4160 2263
3261 1064 4160 2263
3328 1064 4160 2263
3328 1064 4160 2005
