0 0 3643 2332
932 349 1596 2332
0 14 2725 2332
357 0 3643 2332
0 0 2098 604
0 0 1486 604
0 218 750 604
1275 459 1574 1814
0 0 1486 532
481 0 845 225
3046 269 3498 663
823 1144 1020 2332
823 1144 1020 2106
2740 51 3104 204
357 94 2740 2332
1479 94 2740 889
1479 160 2521 889
357 240 1661 2332
357 240 1661 1945
1034 0 3643 2332
3126 823 3549 1319
3126 823 3549 1202
3301 1617 3643 2281
29 0 1486 415
182 0 1486 393
371 0 1486 291
1479 167 1982 400
728 393 1494 2332
728 932 1064 2332
728 1056 962 2332
1275 1049 1479 1814
0 247 189 532
728 1508 910 2332
838 1144 1020 1938
1034 276 3184 2332
1537 634 3184 2332
371 0 830 291
2033 0 3643 2332
998 393 1494 1005
1034 276 2448 2332
444 0 1486 284
1523 160 2521 889
1523 189 2521 889
998 539 1348 1005
1333 1836 1632 2332
3126 823 3541 1202
743 1056 962 2033
2776 160 3141 634
357 1151 612 1945
2944 0 3308 320
2944 21 3308 320
2251 859 2893 1581
2623 1238 2893 1581
182 0 532 393
437 240 1661 1588
2251 859 2667 1238
1705 634 3184 2332
2718 0 3053 145
3155 1093 3330 1319
962 371 1552 1231
2958 670 3286 1056
1129 1209 1304 1596
1260 604 2448 2332
2616 1880 2820 2332
1034 276 1807 2332
1034 1056 1406 2332
2033 218 2638 1224
2033 218 2638 874
2157 218 2638 874
2776 211 3141 634
2696 1377 2893 1581
1144 276 1807 1377
2397 0 3643 2332
1340 604 2448 2332
1698 1719 2448 2332
1719 1807 2448 2332
1829 1836 2448 2332
1705 736 3184 2332
1340 604 2288 2332
1340 604 2179 2332
1501 1173 2004 1581
1144 524 1457 1377
393 0 830 189
2572 736 3017 1304
2558 0 3643 2332
2558 131 3643 2332
2907 1530 3643 2332
2871 0 3643 1632
2907 1530 3527 2332
1501 1173 1967 1581
1712 1173 1967 1406
1340 604 2179 1902
1340 604 1858 1829
1435 1494 1829 1829
3199 0 3643 1632
3199 0 3643 983
2958 670 3286 991
3199 0 3643 532
932 612 1362 2332
2397 218 2754 473
677 0 1486 218
2871 495 3534 889
2871 495 3534 816
1501 1676 2069 2332
1340 604 1858 1523
1340 604 1858 1457
1421 604 1858 1217
2288 1727 3184 2332
1537 2069 1734 2324
2324 1377 2609 1858
1610 663 1858 1049
1705 736 2842 2055
2944 918 3184 1136
2558 131 3592 1865
932 612 1362 2018
2784 808 3592 1865
2827 808 3592 1865
2120 721 2303 1224
2120 721 2281 1056
1924 2047 2157 2332
3265 954 3643 1632
437 481 1231 1588
3221 0 3643 532
3221 0 3643 502
3301 0 3643 502
1501 1676 1785 2332
2951 1129 3592 1865
1647 1355 2179 1902
2120 1588 2288 2055
2907 1530 3447 2332
779 481 1231 1093
2558 131 3031 947
1034 1559 1406 2332
1034 1792 1406 2332
1581 2179 1734 2324
1996 2157 2157 2332
3374 2128 3527 2332
2667 2113 2820 2332
1712 2077 2069 2332
1537 2069 1698 2281
3053 1996 3447 2332
1034 1938 1406 2332
3323 1916 3490 2069
1574 1894 1785 2332
1362 1887 1632 2332
2288 1873 2477 2062
1829 1836 2383 2332
1333 1836 1486 2106
2120 1807 2288 2055
1719 1807 1996 2164
2288 1778 2791 2332
940 1770 1093 2332
2674 1727 3184 2332
1698 1719 1858 1873
2667 1683 2827 1836
1501 1676 1683 1982
1260 1647 1479 1843
510 1647 787 2332
2769 1625 2973 1894
1275 1596 1559 1982
1042 1559 1319 2047
2907 1530 3308 1996
736 1508 910 2120
1435 1494 1734 1829
1647 1464 1902 1654
2011 1450 2157 1668
3133 1406 3592 1865
2324 1377 2565 1807
357 1370 612 1945
1683 1355 2179 1902
3308 1319 3534 1596
1501 1311 1814 1581
1392 1253 1588 1523
1843 1231 2004 1392
1129 1209 1304 1552
1712 1202 1967 1406
3155 1166 3330 1319
3111 1151 3381 1479
2951 1129 3221 1501
2842 1064 3017 1304
1034 1056 1275 1763
779 1056 962 1690
1275 1049 1428 1814
437 1020 947 1588
2477 998 2667 1238
2732 983 2878 1173
1537 969 1807 1384
881 932 1064 1406
1632 903 1836 1049
2091 896 2244 1195
3126 874 3505 1202
2273 874 2842 1807
2230 874 2499 1282
1494 867 1676 1034
1340 867 1581 1457
2251 859 2543 1064
838 859 1056 1093
3294 823 3541 1020
2827 808 3119 1202
2572 736 2937 1122
1705 736 2579 2055
2120 721 2281 947
962 721 1238 1231
0 714 196 918
3184 692 3396 889
2186 692 2412 874
2958 670 3257 954
2609 663 2798 896
2310 648 2499 838
2368 634 3162 1705
962 612 1362 1523
1421 604 1705 1217
1064 539 1348 859
1144 524 1457 1115
2871 495 3534 808
2638 495 3031 947
1821 495 2077 655
779 481 1231 910
2492 473 2674 670
2149 459 2405 634
1304 459 1574 1056
1843 437 2179 634
320 437 736 641
3337 429 3643 983
0 400 225 575
1202 393 1494 648
1187 371 1552 743
2463 364 2645 510
2776 357 3039 634
1246 349 1596 706
3396 320 3563 532
1384 276 1807 626
2397 255 2652 473
43 247 189 502
2929 240 3104 597
1049 240 1661 670
2157 218 2638 750
2937 211 3141 488
3279 167 3527 378
1501 167 1982 400
2784 160 3039 539
1778 160 2390 320
109 160 327 378
444 138 787 284
2558 131 2842 583
3498 116 3643 502
87 109 371 393
1967 94 2740 255
481 58 706 218
240 36 532 393
2944 21 3294 233
3301 0 3643 306
677 0 1348 218
495 0 845 225
393 0 699 189
29 0 255 415
0 0 160 269
0 0 2725 2332
1392 0 3643 2332
357 240 1807 2332
0 0 2725 532
444 0 2725 284
1967 1450 2157 1756
444 0 2098 284
0 0 830 532
743 393 1494 2033
743 932 1064 2033
1967 0 3432 634
962 349 1596 1523
510 276 1807 2332
1479 160 2390 400
1967 0 3432 510
1967 0 3352 510
1392 189 2638 2332
2273 0 3643 2332
1304 276 1807 1056
2055 451 2405 634
510 524 1734 2332
2667 1581 2973 1894
1632 903 1894 1136
1632 903 1836 1100
2477 998 2893 1581
1967 0 3308 510
1807 1173 2004 1392
2091 874 2499 1282
1064 393 1494 859
0 0 830 502
3068 867 3286 1056
0 0 532 502
2492 131 3184 1304
2492 473 3184 1304
3111 1093 3534 1596
3111 1093 3381 1479
0 0 532 415
29 0 532 415
2295 648 2499 859
2477 998 2805 1486
510 524 1632 2332
1821 495 2332 728
1967 0 3308 473
2784 0 3308 320
1967 0 3053 473
1967 0 3053 335
1967 0 3053 255
2871 0 3643 2332
2871 0 3643 2281
1537 2011 1734 2324
823 524 1632 2332
2091 881 2303 1224
510 1508 910 2332
823 524 1581 2332
1231 867 1581 1843
3374 2128 3643 2332
823 524 1457 2332
2762 1581 2973 1894
1494 189 2638 1049
1494 663 1858 1049
1260 867 1581 1843
2558 131 3039 583
2128 881 2303 1224
1523 189 2638 947
2623 1238 2805 1486
2572 495 3184 1304
2609 495 3184 1136
2944 0 3294 233
2871 0 3643 1020
357 859 1056 1945
2273 634 3490 2332
896 721 1238 1472
823 1413 1064 2332
830 1413 1064 2332
2958 670 3520 954
3184 677 3520 889
1275 867 1581 1814
1034 524 1457 2332
437 859 1056 1588
3221 0 3643 378
1392 604 2579 2332
2273 634 3162 1807
830 1472 1064 2332
2288 1530 3490 2332
1392 604 1975 2332
1501 1202 1975 1654
1712 1202 1975 1486
2638 495 3184 1136
2871 269 3643 1020
3294 320 3643 1020
3082 1909 3490 2069
1034 1056 1304 1763
1523 189 2638 889
1392 604 1807 2332
2951 874 3643 2281
1683 736 2579 2332
1392 604 1807 1982
779 240 1661 910
1501 1311 1902 1654
2871 269 3534 808
3337 320 3643 983
1683 1355 2383 2332
2951 874 3643 1632
3279 0 3643 378
1392 604 1807 1829
1392 969 1807 1829
2951 874 3505 1501
3133 1406 3643 2281
2288 1530 3447 2332
1683 1355 2179 2164
1392 1253 1734 1829
2674 1530 3447 2332
2674 1727 3447 2332
932 349 1632 2332
641 0 3643 2332
2762 160 3206 634
641 109 2689 2332
641 211 1778 2332
728 211 1778 2332
816 211 1778 2332
1027 0 3643 2332
1545 109 2689 510
816 218 1778 2332
1202 349 1632 867
641 641 1202 2332
641 663 1166 2332
641 1129 918 2332
728 306 1574 2332
1545 131 2448 400
1042 736 1297 1501
1027 167 2820 2332
1515 167 2820 2332
1515 167 2798 2332
1515 167 2798 2062
962 306 1574 1056
1027 284 2266 2332
1253 1049 1632 2332
0 255 196 532
2091 0 3643 2332
962 393 1494 1056
29 0 393 320
932 641 1340 2332
1515 167 2594 2062
269 0 830 291
2864 204 3534 969
3148 429 3643 1654
2762 160 3206 619
2762 160 3141 583
1187 218 1778 743
947 466 1180 648
1034 284 2266 2332
269 0 714 291
932 641 1340 1909
2718 0 3643 532
670 1129 918 1668
816 692 1224 2332
2091 131 3643 2332
2623 1421 3527 2332
2944 0 3643 532
838 692 1224 2113
1034 284 2047 2332
1034 284 1792 2149
1829 415 2230 641
2091 131 3643 2215
2091 437 3053 1698
2120 641 2499 1049
2120 714 2397 1049
1370 604 2047 2332
2944 0 3286 233
3228 0 3643 532
3228 0 3643 459
3301 0 3643 459
2397 131 3643 2215
1377 604 2047 2332
1377 903 2047 2332
1377 983 2047 2332
1603 2069 2047 2332
1377 983 1996 2273
1377 983 1996 1924
1377 983 1996 1756
1348 685 1508 1195
1501 1457 1982 1924
371 0 714 291
1428 604 1858 1217
3381 182 3600 459
3279 2033 3498 2251
1501 1464 1982 1924
1916 2069 2142 2332
2623 1472 3527 2332
2784 816 3643 2215
2973 1107 3643 2215
1370 1596 1698 2324
1603 2157 1909 2332
1960 2135 2142 2332
1727 2069 2047 2332
2667 2047 2820 2332
3301 2033 3447 2193
1508 1924 1698 2324
3053 1916 3527 2332
1574 1894 1778 2273
1268 1836 1632 2332
3170 1821 3345 2026
1027 1763 1406 2332
2667 1719 3184 2332
1501 1690 1683 1924
2667 1683 2820 1873
641 1668 787 2332
1180 1625 1326 1821
1370 1596 1559 1982
371 1479 655 1800
2623 1472 3345 2004
1719 1464 2784 2332
1676 1464 1982 1880
1741 1457 1902 1617
670 1443 830 1668
2980 1421 3170 1588
1989 1421 2266 1975
1843 1326 2026 1479
3367 1311 3541 1625
2973 1144 3221 1486
3111 1107 3643 2215
3133 1093 3330 1282
1377 1071 1581 1450
1253 1049 1428 1909
1392 983 1996 1756
2842 976 3119 1209
736 932 1064 2230
2273 874 2798 1770
2091 852 2776 1486
1494 830 1683 1034
2864 816 3184 1129
2784 816 3126 1202
2886 743 3367 1136
1107 736 1297 1195
1020 721 1246 1136
0 721 182 910
2120 714 2288 1049
2186 699 2412 845
3075 692 3396 969
881 692 1224 1676
808 663 1166 1297
2266 641 2499 859
1647 641 1858 1049
962 641 1340 1690
932 641 1202 1093
2609 604 2798 896
1428 604 1690 1217
962 539 1348 1056
1202 517 1450 867
2521 488 2681 634
2171 437 3053 1698
1836 437 2230 634
1829 415 2179 641
1209 393 1494 648
1282 349 1632 663
1253 306 1574 575
3381 284 3541 459
1034 284 1792 2040
0 262 196 532
0 255 182 502
2900 233 3206 619
1443 218 1778 451
2900 211 3141 583
1545 211 1851 400
2864 204 3534 910
1632 196 1996 357
2762 160 3031 539
102 153 335 386
3461 145 3643 532
2397 131 2907 859
80 116 349 408
3228 109 3432 327
1574 109 2689 510
2419 94 2740 349
255 87 532 393
3199 43 3403 218
2944 43 3286 233
2725 29 3097 204
3301 0 3643 408
2958 0 3133 160
2718 0 3039 153
539 0 940 218
488 0 830 218
182 0 393 320
29 0 247 262
0 0 160 364
0 0 1238 532
0 0 2740 2332
1537 0 3643 2332
962 14 2740 1056
962 109 2689 1056
962 211 1778 1056
962 218 1778 1056
2893 211 3206 634
2419 14 2740 349
2893 233 3206 634
728 167 2594 2332
728 284 1996 2332
29 0 1238 393
182 0 1238 393
0 0 1741 604
1610 641 1858 1049
255 0 1238 393
269 0 1238 291
2091 0 3643 1807
0 0 196 532
2886 692 3396 1282
2886 692 3396 1136
502 0 1238 276
1537 736 3643 2332
502 0 940 276
2718 0 3403 619
3410 21 3643 306
3410 116 3600 306
1537 1326 3527 2332
2572 736 3643 2332
2762 160 3031 619
1537 1464 3527 2332
1574 1464 3527 2332
1894 2069 2142 2332
728 641 1340 2332
2091 437 3126 1807
2572 736 3643 2215
2718 0 3403 233
1027 284 1996 2332
1180 1049 1632 2332
728 692 1224 2332
1843 1326 2266 1975
2718 0 3286 233
2725 0 3286 233
641 1443 830 2332
1392 604 1996 1924
2397 0 3643 1654
728 1421 1064 2332
1647 1457 1902 1676
2120 699 2412 1049
1494 765 1756 1034
1370 1384 1698 2324
1027 284 1792 2332
2864 816 3643 2215
3148 0 3643 1654
816 1421 1064 2332
1574 1894 2047 2332
2091 437 3053 1807
2091 852 2798 1807
2273 874 2798 1807
3148 145 3643 1654
2397 131 3534 910
1719 1464 3527 2332
1392 604 1996 1880
2667 1719 3527 2332
1392 983 1996 1880
2689 94 3221 634
2689 94 3221 553
0 0 3286 2332
1515 0 3286 349
1515 0 3286 233
1515 0 2747 174
0 0 2463 2332
0 138 991 859
488 247 1625 2332
0 145 991 859
0 284 437 859
1523 255 1924 721
0 123 1494 2332
546 896 765 1195
3017 0 3286 204
1253 991 1479 1843
1297 1042 1479 1843
1297 1289 1479 1843
0 0 2463 539
859 0 2463 349
859 0 2463 335
1792 269 2149 903
1836 1800 2222 1975
1027 138 3643 2332
1362 1967 1581 2332
0 255 1494 2332
1982 284 2609 634
2055 284 2609 626
0 0 1151 539
29 0 1151 415
29 0 867 415
29 0 553 415
386 517 677 765
2791 0 3643 2128
3316 1763 3643 2128
932 211 1858 2332
932 612 1370 2332
932 1056 1100 2332
29 0 459 415
859 0 1996 335
2791 0 3643 1792
211 335 692 655
211 335 692 619
378 335 692 553
0 284 1304 2332
0 364 1151 2332
1807 269 2149 903
1523 357 1902 721
1107 247 1843 1362
0 721 255 1085
488 247 1596 2332
488 1836 750 2332
1457 138 2732 1690
1027 320 3643 2332
495 247 1596 2332
859 0 1894 335
1027 1180 1406 2332
1027 1180 1384 2332
1457 189 2732 1690
2157 189 2732 757
2157 233 2681 757
2281 233 2681 757
3294 845 3549 1071
2317 881 2725 1282
3090 1647 3410 2091
3345 167 3643 1173
3345 393 3643 1173
1173 247 1843 1122
2077 284 2609 626
2980 1734 3214 2004
2711 2113 3075 2332
2711 2113 2944 2332
335 145 991 408
1596 1107 2026 1275
1056 320 3643 2332
189 0 459 320
0 1355 357 1770
3345 808 3643 1173
0 510 1020 2332
0 510 1020 1530
1457 590 2368 1690
583 123 1166 459
2791 1027 3330 1530
0 1340 728 2332
240 1340 481 1836
1989 1231 2368 1690
0 619 830 1530
1195 247 1843 1005
1195 619 1464 1005
0 1559 728 2332
1027 1180 1362 2332
0 1661 728 2332
0 1661 575 2332
495 626 1311 2332
495 757 1020 1960
0 619 706 1530
0 750 706 1530
2077 284 2609 612
612 510 1020 830
2281 233 2681 641
0 845 706 1530
0 845 378 1530
0 976 378 1530
1027 1464 1362 2332
0 1661 320 2332
991 247 1596 838
612 510 1020 787
204 889 706 1435
14 1056 378 1530
51 1056 378 1486
51 1268 313 1486
1319 211 1858 626
2135 320 3265 1413
320 983 706 1435
2886 0 3643 1792
2886 284 3643 1792
2886 284 3534 1085
816 626 1311 2332
816 626 1311 2077
838 626 1311 1836
867 626 1311 1668
3206 0 3643 408
0 1756 291 2332
0 1996 291 2332
3155 983 3643 1792
3155 983 3643 1450
481 1756 728 2208
1056 779 3643 2332
2113 1195 3643 2332
2113 1311 3643 2332
2856 1311 3170 2047
1056 779 2754 2332
1508 1355 1778 1654
3490 167 3643 517
1712 1807 2754 2332
1873 1909 2754 2332
2106 1996 2754 2332
2361 1996 2754 2332
991 371 1399 838
2113 1406 3643 2332
2113 1421 3643 2332
2215 1421 2623 1778
320 983 583 1304
1457 590 2354 1362
1457 590 1858 976
1457 590 1734 889
1056 779 2171 2332
736 976 1027 2332
779 976 1027 1836
3279 1005 3643 1450
2113 1596 3643 2332
903 626 1311 1515
2507 1996 2754 2310
583 189 1158 459
0 2113 160 2332
1027 1494 1362 2332
2135 320 3265 1122
2135 320 2937 1122
2135 495 2937 1122
2405 320 2813 685
2485 357 2813 685
1873 1909 2273 2332
2113 1596 3592 2332
2179 1698 3592 2332
1778 597 2354 1362
2856 1311 3170 1894
2856 1311 3170 1836
2915 1559 3170 1836
3053 1457 3549 1916
3053 1457 3418 1800
3090 1559 3418 1800
991 371 1399 699
2477 1195 3002 1982
2193 1698 3592 2332
2193 1698 3126 2281
2193 1698 2980 2281
2193 1698 2674 2281
2368 1698 2674 2113
2368 1756 2674 2113
2193 1829 2630 2281
1479 779 2171 1894
1479 779 1938 1807
495 1034 954 1960
1056 1085 1829 2332
2135 641 2907 1122
1530 1202 1938 1807
1545 1515 1938 1807
1479 779 1887 1268
1479 910 1887 1268
2237 852 2485 1413
2886 284 3534 991
1348 1085 1829 2332
1348 1085 1588 1873
3009 1873 3592 2332
3009 1873 3512 2332
2886 284 3534 896
1392 1085 1588 1647
1953 2069 2273 2332
2135 641 2732 1064
1034 1960 1362 2332
2886 284 3534 816
1778 597 2354 1180
3009 1873 3432 2288
495 1231 896 1960
2135 641 2499 1064
1654 1355 2171 1894
2477 1195 2922 1982
495 1231 896 1719
2886 320 3534 816
2886 408 3520 816
2886 408 3425 779
1654 1450 2171 1894
1807 1450 2171 1894
1486 1668 1829 2332
2477 1195 2922 1894
1486 1668 1705 2135
3367 2186 3592 2332
2886 2179 3075 2332
1056 2171 1275 2332
1435 2164 1581 2332
1180 2164 1384 2332
3170 2142 3381 2332
2361 2142 2711 2332
488 2135 743 2332
1953 2128 2273 2332
2106 2120 2390 2332
2747 2113 2944 2273
3257 2091 3512 2332
2594 2084 2754 2310
1960 2069 2171 2288
1253 2069 1406 2332
211 2069 575 2332
3469 2033 3643 2332
2507 1996 2696 2222
72 1996 291 2332
2915 1967 3126 2237
2405 1967 2630 2281
1362 1967 1559 2332
1034 1960 1362 2230
2120 1953 2332 2171
1042 1953 1217 2135
3352 1945 3512 2128
3009 1945 3294 2288
495 1931 728 2208
1873 1909 2120 2171
1515 1894 1698 2135
1545 1880 1829 2332
3155 1873 3432 2157
2368 1865 2674 2113
2324 1865 2550 2026
3250 1851 3410 2091
1326 1836 1501 2069
349 1836 546 2157
2193 1829 2426 2164
1712 1807 2018 2332
2980 1800 3214 2004
1996 1800 2222 1975
1056 1778 1355 2026
3316 1763 3643 2098
2499 1756 2667 1916
2273 1756 2507 1916
481 1756 670 2091
36 1756 233 2033
2652 1749 2980 2171
2660 1705 2915 1982
1654 1705 1887 1880
2368 1698 2579 1851
1807 1676 2171 1894
590 1676 787 1960
2915 1668 3097 1836
1486 1668 1705 1982
3374 1661 3549 1916
160 1661 320 1887
0 1661 153 2077
240 1654 408 1836
3090 1647 3352 1945
43 1596 225 1785
3388 1581 3614 1843
3257 1574 3418 1800
1348 1574 1588 1873
1319 1566 1479 1843
3090 1559 3286 1727
2973 1559 3170 1719
386 1559 706 1909
2630 1552 2864 1727
1705 1530 1938 1741
1545 1515 1756 1807
1814 1494 1996 1647
1042 1494 1224 1807
1027 1494 1217 2128
2215 1486 2485 1778
495 1479 830 1719
2784 1472 3002 1763
1166 1464 1319 1814
3053 1457 3228 1610
1873 1450 2113 1741
2477 1435 2820 1894
2383 1421 2623 1588
2215 1406 2397 1661
1559 1355 1719 1523
1508 1355 1668 1581
0 1355 335 1770
3250 1348 3534 1661
3447 1340 3643 1792
437 1340 619 1574
298 1340 481 1727
14 1340 174 1530
167 1319 313 1486
2856 1311 3133 1632
1989 1268 2266 1690
51 1268 233 1428
2149 1231 2368 1566
583 1231 896 1501
3075 1224 3396 1574
247 1224 495 1435
1749 1217 1996 1384
1530 1202 1909 1574
1392 1202 1588 1647
2660 1195 2922 1486
1049 1180 1297 1705
2791 1166 3119 1530
2346 1166 2762 1523
2288 1151 2485 1413
481 1136 706 1435
1596 1107 1945 1275
2128 1100 2273 1340
320 1100 553 1304
3483 1093 3643 1253
2871 1064 3017 1238
80 1056 378 1333
743 1034 954 1275
2944 1027 3330 1319
3279 1005 3578 1450
2696 1005 2966 1260
1945 1005 2295 1362
3155 983 3337 1275
546 983 765 1195
357 983 583 1180
816 976 1027 1596
0 976 204 1304
2485 969 2725 1217
1486 962 1887 1268
1107 954 1297 1362
3439 932 3643 1173
1479 910 1763 1129
3250 896 3396 1085
2419 889 2907 1122
1173 889 1333 1122
204 889 393 1093
2317 881 2681 1282
2237 852 2426 1158
3294 845 3490 1027
2849 838 3060 1115
0 830 174 1085
2565 823 2769 976
3498 794 3643 1064
1515 779 1756 1005
1399 772 1603 1173
320 772 830 1013
2864 765 3265 1107
918 765 1122 1049
706 757 1020 1187
3221 750 3432 896
167 750 357 976
2375 736 2732 969
1778 736 2215 1180
0 728 160 889
2142 706 2288 874
393 706 641 859
2973 692 3308 991
1523 677 1734 889
2463 655 2652 830
1676 655 1858 976
998 648 1195 838
1064 641 1231 859
983 626 1311 1173
1195 619 1464 910
291 619 488 867
1071 612 1370 1180
1887 597 2354 794
1457 590 1705 830
2886 568 3286 779
612 568 1020 787
437 568 677 765
0 539 153 859
1807 532 2084 903
1712 532 1865 706
3221 524 3520 816
2601 517 2813 685
663 510 969 692
2601 495 2937 1122
