0 0 3263 2448
685 535 2219 1599
1769 1057 2141 1364
2049 1455 2382 1906
698 456 3263 607
1383 874 2689 1886
1383 874 2617 1729
1383 874 2108 1729
1403 1168 2108 1729
1403 1168 1899 1566
1782 1259 2108 1729
1383 874 1834 1573
1723 959 2617 1592
665 829 1547 2232
620 2239 3263 2448
829 2239 3263 2448
1534 2239 3263 2448
1403 1175 1899 1566
280 0 3263 2232
678 528 3263 2232
678 528 3205 2226
1429 1057 2578 2069
0 0 776 2448
0 548 509 2448
1645 1057 2578 1951
1645 1057 2578 1925
2212 1631 2480 1925
1645 1057 2578 1847
280 0 3263 541
1547 554 3263 2232
1742 705 2859 1579
1742 705 2669 1547
1742 705 2617 1390
1749 900 2669 1547
1749 900 2539 1357
1553 2239 3263 2448
2617 2245 3263 2448
1553 2239 2754 2448
1553 2245 1971 2448
1547 959 3263 2232
783 0 3263 541
783 0 1077 528
2448 992 2859 1579
1853 1423 2199 1847
829 0 3263 541
750 1873 1057 2226
2663 45 3263 535
1945 2239 2754 2448
3055 554 3263 1083
1958 2239 2754 2448
829 2245 1540 2448
992 0 3263 541
1853 1468 2180 1847
1906 1468 2180 1847
1429 1240 2454 2069
1429 1240 2317 2043
463 744 665 2448
1410 0 1762 463
1527 1272 1808 1573
0 0 776 1416
1410 0 1677 463
2304 2245 2754 2448
2030 0 3263 541
2415 0 3263 541
2500 0 3087 535
0 0 678 1416
1592 1338 1756 1527
2643 2245 3263 2448
620 2245 1064 2448
1645 1057 2578 1729
2317 1436 2578 1729
992 0 2082 535
1338 0 2082 535
1958 2239 2448 2448
1357 293 2082 535
1631 293 2082 535
2102 1579 2258 1808
1645 1057 2343 1534
1814 1207 2343 1534
1991 1266 2343 1534
620 2245 1024 2448
0 0 672 829
2558 1984 3068 2232
2304 2245 2637 2389
698 2278 1024 2448
2624 2297 2826 2448
2493 2297 2754 2448
881 2278 1024 2448
698 2278 933 2448
2206 2271 2448 2448
2650 2252 3263 2448
972 2252 1122 2448
829 2252 1064 2448
2643 2245 3263 2389
2434 2245 2637 2389
2304 2245 2474 2376
1736 2245 1971 2448
620 2245 881 2448
1958 2239 2395 2448
1729 2239 1958 2369
1534 2239 1827 2448
2558 2082 2865 2232
3094 2075 3263 2232
750 2043 979 2226
2767 1984 3068 2232
1338 1951 1514 2115
2265 1840 2454 2075
2239 1788 2454 2069
2323 1762 2467 1951
2265 1631 2480 1886
1997 1560 2180 1847
1762 1514 2075 1834
2389 1501 2578 1729
2408 1494 2689 1886
1853 1481 2043 1710
1396 1475 2180 2017
1906 1468 2128 1762
2056 1423 2199 1592
1592 1364 1742 1527
2539 1344 2669 1547
1527 1331 1808 1573
2167 1325 2480 1579
1507 1318 1723 1579
2180 1312 2493 1514
1638 1272 1801 1436
1991 1266 2167 1462
1808 1259 2108 1729
1782 1259 1938 1396
1651 1214 1899 1566
1814 1207 2036 1370
1403 1175 1690 1560
1429 1116 1690 1481
1834 1096 2128 1292
1645 1057 1886 1266
1723 998 2141 1286
2448 992 2859 1521
1840 959 2617 1592
267 953 411 1103
1886 940 2539 1357
1749 900 1906 1057
1742 848 2617 1390
672 829 1547 2232
267 750 430 926
463 744 665 1044
1788 705 2539 1266
3055 554 3244 959
450 502 678 724
241 437 678 822
2030 398 2415 541
567 398 770 718
2500 365 2793 535
2663 345 2911 535
1357 345 1762 535
946 319 1077 528
0 313 672 829
2702 306 2983 535
1083 306 1233 528
1631 300 1886 535
1795 293 2082 535
2983 280 3263 515
2728 248 3002 483
2415 215 3263 541
313 143 776 567
2859 97 3263 489
2904 45 3263 365
2656 0 3263 437
2891 0 3126 221
2526 0 3087 489
2402 0 2983 509
2310 0 2859 476
2363 0 2650 332
2128 0 2643 489
2297 0 2434 169
2108 0 2389 470
1919 0 2376 489
1775 0 1984 470
1651 0 1919 443
1625 0 1762 221
1501 0 1677 463
1338 0 1514 535
1272 0 1423 391
1135 0 1331 430
1070 0 1286 313
992 0 1351 528
829 0 1103 339
783 0 1018 359
280 0 1338 535
261 0 802 535
169 0 535 326
137 0 398 235
0 0 522 548
2095 0 2389 509
698 535 3263 1083
1383 848 2617 2017
1383 848 2617 1573
620 2232 3263 2448
2265 1370 2696 2075
1547 705 3263 2232
1788 705 2859 1521
2265 1494 2689 2075
2128 0 3263 541
137 0 776 718
783 0 1161 528
1429 900 2669 2069
0 0 678 2448
280 0 2376 535
430 744 705 2448
463 744 705 2448
946 319 1161 528
1677 998 2480 1579
1723 998 2480 1579
463 744 705 2369
1945 2239 3263 2448
620 2239 1971 2448
313 143 776 718
1631 900 2669 1925
1631 900 2669 1729
1631 1057 2434 1684
829 0 2376 535
829 0 1521 535
2128 0 2983 509
1749 900 2669 1729
0 0 672 2448
0 313 672 2448
1631 1057 2343 1592
1501 0 2376 535
1429 1240 2382 2043
1958 2239 3263 2448
829 0 1514 535
620 2239 1827 2448
620 2245 1540 2448
2415 97 3263 541
1769 1057 2480 1579
1814 1207 2343 1592
1769 1057 2219 1416
2526 0 3263 489
1625 0 2376 535
1795 0 2376 535
1749 900 2617 1729
992 0 1514 535
1853 1455 2382 1906
554 815 705 2369
574 887 705 2369
1840 959 2617 1729
1631 1057 1886 1292
1625 0 1919 535
992 0 1423 528
1631 0 1919 535
1070 0 1423 430
1958 2239 2637 2448
2128 0 2859 489
1070 0 1331 430
659 535 2480 2232
2049 1410 2369 1893
1736 874 2696 2023
0 0 3263 2232
2343 1344 2696 2023
1416 1240 2428 2069
0 319 3263 2448
1769 1390 1977 1769
665 535 2480 2232
698 430 3263 959
698 430 3263 567
3042 554 3263 959
2088 156 2839 522
0 319 1064 2448
1403 711 2709 1991
1403 933 2656 1991
1403 1037 2578 1991
1403 1077 2578 1991
1403 1214 2134 1788
1631 1077 2578 1991
1684 1077 2578 1991
1684 1077 2578 1906
1716 711 2709 1396
1756 933 2656 1547
1534 2239 2754 2448
0 319 822 2448
0 319 678 2448
587 1396 822 2448
750 1945 1057 2226
1801 1357 2382 1906
1553 2239 2408 2448
613 2245 1064 2448
0 0 3263 724
1984 0 3263 541
0 0 2376 724
940 0 2376 535
1331 0 2376 535
0 0 1024 724
2284 2245 2754 2448
2121 0 3263 541
2219 0 3263 541
2219 215 3263 541
659 2245 1064 2448
1801 1357 2154 1769
2284 2245 2637 2402
0 0 796 724
940 0 1449 528
1684 1077 2578 1723
1684 1077 2323 1534
659 2245 1024 2448
894 2278 1024 2448
613 2252 770 2448
2441 2245 2637 2402
2284 2245 2474 2395
1534 2245 1775 2448
659 2245 933 2448
1958 2239 2408 2448
1553 2239 2115 2448
587 2095 789 2448
1795 1775 2128 1984
2154 1677 2480 1991
2363 1631 2545 1880
2102 1573 2271 1808
1951 1540 2382 1906
1893 1540 2154 1769
1769 1534 1977 1769
2271 1436 2578 1723
587 1396 822 2376
1801 1357 2134 1729
2167 1325 2480 1612
1507 1325 1638 1553
1991 1272 2323 1534
1527 1272 1801 1566
1919 1259 2134 1462
1416 1240 2428 2049
1403 1214 1938 1788
1958 1168 2552 1540
1834 1122 2167 1370
1808 1083 2461 1501
1684 1077 2010 1377
1631 1077 1814 1331
1605 1037 1821 1272
1756 1031 1958 1175
1769 933 2656 1547
2206 900 3263 2232
1390 881 2356 2082
1736 874 2617 1390
665 829 2480 2232
1716 711 2709 1377
306 646 587 874
0 548 502 2448
1984 404 2232 535
2088 385 2343 522
2219 345 2911 535
0 280 678 750
2976 267 3263 515
2232 156 2839 515
2918 97 3263 450
2891 45 3263 378
2500 0 3263 528
2846 0 3120 254
2519 0 3094 489
2265 0 2885 489
2389 0 2650 306
2121 0 2637 483
2108 0 2389 463
1867 0 2376 528
1331 0 2069 535
1410 0 1919 489
1272 0 1449 417
940 0 1338 528
809 0 1116 437
783 0 1077 443
280 0 1024 535
261 0 802 528
169 0 796 724
0 0 561 548
698 522 3263 959
1808 1083 2552 1540
0 280 822 2448
1716 711 2709 1390
1403 933 2696 2069
1403 933 2656 2069
1403 933 2656 2049
1403 1037 2578 2049
2343 1246 2696 2023
1403 1057 2578 2049
554 815 822 2448
1416 1057 2578 2049
613 2239 3263 2448
2219 97 3263 541
659 2239 3263 2448
1416 1077 2578 2049
1416 1240 2480 2049
809 0 2376 535
809 0 1449 528
1631 1077 2578 1723
1534 2239 2474 2448
2441 2245 3263 2448
2121 0 3263 528
554 815 822 2376
1534 2239 2408 2448
2121 0 2885 489
169 0 1024 724
1801 1357 2369 1893
1534 2239 2115 2448
1070 979 2291 2226
248 0 802 535
665 2115 3263 2245
1142 979 2291 2226
352 0 3263 2232
665 528 1742 2232
685 1599 868 2017
1703 1051 2865 2128
3042 554 3263 926
2317 1233 2865 2128
2415 1233 2865 1840
855 1599 1037 1912
352 0 3263 554
691 548 3263 2232
2611 1233 2865 1605
2317 1814 2578 2128
594 1919 3263 2448
0 0 737 2448
1795 724 2676 1423
1540 2239 3263 2448
1540 2245 3263 2448
1553 2245 3263 2448
352 0 3263 541
1403 1077 2487 2069
1638 1077 2382 1867
1782 1344 2382 1867
1782 1410 2382 1867
1782 1410 2245 1867
1893 1475 2193 1782
946 1521 1396 1984
352 0 3263 535
1795 757 2676 1423
691 548 1971 1853
946 1534 1272 1984
691 548 1971 1625
946 1534 1272 1853
1638 1077 2363 1573
1893 1233 2363 1573
1599 561 2062 1096
1599 620 1880 1096
1553 2245 2656 2448
1331 1527 2291 2226
1331 1527 2141 2095
1364 1566 2141 2095
1403 1201 2487 2069
1403 1455 2487 2069
691 548 1971 1579
737 554 3263 2232
737 1651 2598 2232
737 1651 2056 2226
1964 554 3263 2232
959 1651 2056 2226
1403 1455 2461 2069
1716 900 2676 1560
1716 900 2676 1501
1716 900 2448 1481
1801 900 2448 1481
959 1971 1266 2226
515 815 672 2448
1801 900 2180 1201
522 815 672 2448
1893 1259 2363 1573
1893 1259 2363 1540
691 548 1919 1579
1129 998 1423 1403
1011 1651 2056 2226
802 0 1246 528
802 0 1129 456
992 0 1175 332
946 1534 1227 1821
1436 1201 1912 1664
796 1116 1135 1312
1906 1951 2291 2226
2676 45 3263 528
1729 2252 2558 2448
1142 979 1553 1599
672 528 894 2226
685 541 881 1638
594 1919 1547 2448
594 1919 966 2376
737 1769 972 2226
528 815 672 2448
691 548 1527 1579
691 548 1527 1507
2095 0 2813 522
2232 0 2813 522
2996 554 3263 1148
2996 659 3263 1148
1011 1742 2056 2226
1364 1742 1618 1958
1011 1762 2056 2226
1410 1795 2056 2226
1410 1795 1912 2226
1671 1795 1912 2226
1729 2252 2448 2448
1729 2252 2226 2448
1729 2252 2017 2448
2500 1103 3198 1390
2898 1142 3198 1390
1070 0 1286 326
2232 130 2624 522
1142 0 1331 430
2487 1253 3009 1964
2624 1253 3009 1958
1853 0 2252 522
2519 1011 2872 1227
1592 1331 1762 1527
2637 2245 3263 2448
1455 554 1919 959
1011 1762 1553 2226
1083 1344 1214 1553
352 0 1064 535
1919 91 2252 522
940 0 3263 535
2337 1220 2676 1501
1553 0 1690 470
1553 0 1690 463
1455 554 1919 815
607 2252 1057 2448
2624 1011 2872 1181
2722 1253 3009 1710
691 548 1527 1266
691 548 1442 1266
691 548 1122 1266
691 548 1116 1266
691 607 1116 1266
698 607 1057 959
698 731 1057 959
940 97 3263 535
940 163 3087 535
940 163 2891 535
691 829 1116 1266
1403 0 1573 443
1403 1455 2075 1906
2108 554 3263 2232
2793 0 3263 339
881 1207 1161 1390
868 110 1129 456
1703 1051 2585 1658
2108 554 3263 1749
3009 97 3263 385
1442 2069 1742 2226
2448 1560 3263 2232
3022 861 3263 1148
1964 561 2160 750
1840 855 2676 1423
2108 554 3263 1586
1971 1011 2180 1201
2108 554 3263 1521
620 2252 1057 2448
2793 0 3179 339
1201 646 1527 900
1899 1037 2448 1481
966 2239 1547 2448
0 0 678 822
2500 1103 2931 1312
940 267 2891 535
1860 267 2891 535
2408 267 2891 535
2108 554 3211 1325
2108 554 3055 1266
2415 554 3055 887
2415 554 3055 868
2415 554 3055 815
2526 554 3055 763
352 0 900 398
2669 1560 3263 2232
2748 1560 3263 2232
2911 1560 3263 2232
2911 1560 3263 2121
2911 1560 3263 1938
2108 567 2774 1266
0 554 496 2448
2911 1560 3153 1925
1560 1514 2075 1906
1560 1514 1821 1769
2976 2252 3263 2448
940 332 2075 535
940 332 1899 535
1840 855 2500 1279
2226 0 2637 450
352 0 900 365
2904 874 3211 1325
1586 1684 2141 2095
1586 1684 1964 2043
2800 359 3087 535
1638 0 1945 483
0 287 678 822
0 287 672 718
65 287 672 718
208 319 672 718
208 319 528 613
770 1769 972 2226
2669 1788 3055 2160
32 0 567 456
0 554 496 2343
2010 1109 2448 1481
0 554 496 2258
0 554 496 2239
0 554 483 2108
241 1299 483 1886
0 554 365 2108
2976 287 3263 515
2108 567 2774 1135
2108 567 2624 1135
2017 985 2500 1279
2963 874 3211 1325
476 78 900 365
0 554 365 1997
0 554 359 1997
2141 783 2624 1135
2141 848 2624 1135
0 2232 352 2448
639 0 1064 535
0 554 359 1906
0 1331 359 1906
78 1344 359 1906
0 554 228 1403
0 750 228 1403
1827 1109 2585 1658
0 842 208 1403
0 1005 176 1403
639 0 998 365
1742 2317 1984 2448
1951 2304 2226 2448
117 2291 352 2448
2258 2258 2643 2415
2186 2258 2448 2448
3126 2252 3263 2448
2630 2252 2813 2428
1964 2252 2252 2382
1729 2252 2017 2382
861 2252 1057 2448
620 2252 959 2448
1540 2245 1775 2448
0 2232 202 2448
104 2154 332 2343
287 2141 509 2448
287 2115 443 2284
1566 2095 1742 2226
1442 2069 1671 2226
2748 2062 3009 2232
0 2062 195 2271
1742 2036 2598 2232
1906 2017 2056 2186
959 2004 1201 2226
2128 1997 2291 2226
2807 1984 3055 2160
1214 1984 1553 2226
1011 1971 1266 2173
770 1971 972 2226
2963 1964 3263 2232
2317 1951 2578 2128
1906 1951 2180 2226
0 1938 143 2141
1410 1919 1684 2173
2944 1906 3263 2121
2448 1906 2813 2199
1671 1893 1912 2226
189 1886 352 2082
2624 1873 2813 2030
855 1873 1024 2173
1873 1860 2141 2095
2891 1840 3146 2049
182 1821 496 2239
2337 1814 2526 2023
737 1801 894 2128
0 1801 235 1997
1677 1795 1808 1964
1553 1795 1756 2102
2669 1788 2937 2154
1436 1775 1618 1958
2487 1762 2709 1964
1984 1762 2461 2069
2226 1762 2382 1925
1011 1762 1455 2043
1736 1749 1964 2043
1364 1742 1494 1925
855 1710 1037 1912
52 1690 182 1840
2147 1684 2330 1906
1586 1684 1788 1840
3068 1677 3263 1938
959 1664 1181 1984
1240 1651 1410 1814
1037 1645 1272 1853
2291 1638 2487 1801
2911 1631 3153 1925
1664 1625 1821 1769
1756 1612 2075 1906
2624 1599 2970 1958
1011 1599 1181 1821
685 1599 861 2017
1070 1573 1227 1821
835 1573 979 1853
267 1573 483 1886
1364 1566 1658 1840
2918 1560 3074 1716
1893 1534 2134 1782
946 1534 1116 1684
2369 1527 2539 1690
1331 1527 1488 1756
1168 1521 1396 1723
2219 1514 2382 1729
1560 1514 1729 1736
2415 1507 2735 1840
78 1481 359 1906
3009 1475 3263 1749
1403 1455 1612 1645
815 1455 972 1625
2017 1442 2245 1867
254 1442 489 1932
0 1442 143 1710
2617 1410 2774 1605
1782 1410 2173 1729
2415 1396 2656 1560
1083 1377 1214 1553
2722 1370 3009 1710
1527 1351 1729 1573
1867 1344 2102 1507
104 1344 261 1573
2918 1331 3211 1586
2434 1331 2676 1501
1592 1331 1742 1527
848 1331 1116 1579
0 1331 137 1488
1997 1325 2363 1540
2108 1312 2585 1658
1142 1299 1436 1599
241 1299 456 1599
1573 1272 1808 1527
3074 1253 3263 1521
2787 1253 2983 1442
2448 1246 2676 1423
757 1246 913 1416
2611 1233 2865 1494
1893 1233 2030 1364
1749 1233 1938 1396
1109 1233 1266 1377
2937 1227 3198 1390
1638 1227 1912 1664
0 1227 163 1403
2337 1220 2532 1377
972 1214 1161 1364
881 1207 1037 1390
2735 1201 2989 1338
1436 1201 1684 1488
1233 1201 1423 1403
254 1201 411 1357
665 1194 1742 2232
104 1175 339 1468
2010 1161 2167 1312
2898 1142 3120 1305
2500 1135 2774 1312
339 1135 470 1292
796 1116 979 1312
691 1116 953 1507
2141 1109 2448 1481
1827 1109 2167 1377
2702 1103 2931 1233
2382 1103 2572 1266
1103 1083 1299 1292
1638 1077 1938 1331
248 1070 411 1312
1971 1057 2180 1201
2624 1044 2767 1181
1899 1037 2049 1240
2128 1031 2500 1279
3009 1011 3211 1325
2722 1011 2872 1155
0 1005 176 1318
1129 998 1357 1220
940 992 1201 1201
1429 979 1677 1351
1279 979 1553 1507
110 979 306 1253
2141 966 2624 1135
2904 946 3081 1214
2767 913 2944 1142
1801 900 2010 1135
1716 900 1880 1135
3061 874 3263 1148
2591 868 2774 1064
3022 861 3231 1057
1135 861 1481 1051
691 861 1116 1266
1840 855 2206 1024
2317 848 2611 1011
0 842 208 1057
979 802 1344 998
287 802 470 1168
313 789 463 992
2160 783 2402 972
1455 783 1742 1142
842 783 1057 959
2558 770 2702 940
163 770 365 1116
1795 757 2173 913
3042 750 3263 926
97 750 228 985
450 744 678 1103
698 731 848 926
1201 718 1507 900
1037 711 1233 855
2643 705 3022 1018
221 705 496 926
2669 685 2878 815
2474 665 2722 887
2996 659 3139 940
1318 646 1527 835
1462 639 1684 959
2865 626 3002 868
1599 620 1880 959
972 620 1122 815
137 620 339 842
815 607 1044 848
2108 567 2382 796
2669 561 2944 763
2415 561 2650 815
2304 561 2513 887
2141 561 2304 698
1788 561 2062 913
1795 561 1971 718
1638 561 1919 815
3094 554 3263 829
2996 554 3198 718
1455 554 1808 737
1083 554 1442 783
0 554 137 940
698 548 972 815
254 528 678 822
0 450 241 659
208 437 378 613
2800 404 3087 535
443 404 672 718
1194 385 1410 528
940 372 1853 535
2428 365 2637 528
2408 352 2780 535
626 345 848 541
2976 339 3205 515
2676 339 2904 528
1618 332 1899 535
1860 326 2415 535
705 326 1064 535
326 319 528 561
483 313 737 718
0 313 254 600
65 287 391 489
2095 280 2343 515
2650 267 2891 437
2232 267 2526 522
1024 267 1246 528
2918 254 3055 411
2069 248 2226 515
2944 208 3263 456
3009 189 3166 385
535 182 900 365
2128 176 2265 306
2598 163 2885 411
691 143 998 365
483 143 626 345
483 137 750 398
2395 130 2624 509
1129 124 1286 326
1037 117 1175 332
868 110 1077 385
3094 97 3263 300
1638 97 1899 483
137 91 567 456
476 78 718 287
2793 65 3107 339
2891 45 3263 365
3126 0 3263 169
3002 0 3179 163
2780 0 3113 306
2676 0 3002 306
2493 0 2813 456
2526 0 2689 189
2350 0 2637 221
2226 0 2487 450
2004 0 2310 274
1853 0 1984 398
1736 0 1945 143
1553 0 1690 208
1142 0 1318 378
1070 0 1233 195
992 0 1129 202
802 0 1044 156
639 0 953 254
496 0 881 221
352 0 554 130
248 0 776 522
241 0 561 385
150 0 443 241
0 0 182 345
665 1194 1742 2245
607 2095 3263 2448
150 0 3263 541
1599 561 2872 1423
0 0 966 2448
1749 1233 2036 1396
450 744 678 2448
1795 561 2872 1423
691 548 2075 1912
1853 0 2023 398
1749 1233 2030 1396
470 770 613 2448
770 554 3263 2232
1279 979 1756 1507
1279 979 1684 1507
1703 554 3263 2232
1279 979 1677 1507
567 528 966 2376
770 1410 2780 2232
0 450 470 737
770 1410 2598 2232
2996 554 3263 940
150 0 1246 541
1703 900 2676 1925
1703 1051 2585 1925
2226 1527 2539 1925
2141 554 3263 2232
1795 561 2872 1312
1951 2245 3263 2448
352 0 1246 535
1840 567 2872 1312
150 0 848 541
261 0 848 541
150 0 776 522
2611 913 3120 1762
32 0 737 718
2591 2082 2780 2232
567 822 966 2376
2186 2245 3263 2448
1951 2252 2252 2448
1867 1325 2363 1540
959 1527 1494 2043
1070 0 1410 528
1181 306 1410 528
339 776 476 1442
2337 1410 2774 2023
2611 1103 3120 1762
150 0 561 385
2415 1410 2774 1840
2226 1638 2487 1925
607 2095 2017 2448
607 2095 1057 2448
959 1527 1494 1984
691 548 1527 1912
1403 0 1560 443
2696 1103 3120 1762
1840 567 2872 1279
1553 0 3263 535
1553 0 1945 535
685 541 894 2128
685 541 881 2017
959 1410 2598 2232
2415 554 3263 2232
1860 0 3263 535
1782 1410 2578 2128
1801 900 2676 1501
2141 561 2722 940
2069 176 2265 515
966 2239 2017 2448
1801 900 2532 1481
1795 561 2199 913
607 2095 959 2448
691 1116 979 1507
2696 1142 3120 1762
2696 1201 3009 1762
483 137 848 541
2186 2258 2780 2448
959 1645 1410 1984
1553 0 1945 483
2630 2245 3263 2448
0 554 509 2448
0 0 672 718
1782 1410 2461 2069
1795 652 2199 913
1860 91 3263 535
940 554 2075 1906
940 1201 1436 1821
1070 0 1396 378
1129 0 1396 378
1142 0 1396 378
959 1566 2598 2232
2004 0 3179 528
1331 1527 1494 1925
1919 652 2199 802
2996 554 3198 940
1540 2245 2017 2448
1860 91 3055 535
2944 97 3263 515
737 1697 894 2128
1051 1566 2598 2232
1051 1984 1671 2226
959 1645 1272 1984
2415 554 3263 2199
2408 254 3055 535
2428 0 3179 528
691 548 1527 1853
