0 0 2624 1968
1899 173 2188 367
1716 309 2156 545
1102 293 1584 724
299 766 509 991
335 1060 871 1747
335 1154 871 1747
1327 115 2624 1018
1359 991 1626 1196
1899 1228 2193 1490
1899 1228 2193 1464
0 267 115 687
787 556 1096 1002
886 955 1233 1364
2256 251 2487 430
839 341 1033 498
2372 1448 2566 1600
1800 1805 1988 1968
2130 760 2387 981
404 0 1348 225
404 0 1291 225
404 0 1044 225
2009 0 2624 278
960 955 1233 1364
2009 0 2624 272
2120 0 2624 272
2267 398 2561 535
755 131 934 314
1574 1191 1941 1642
1427 1506 1731 1763
608 0 2624 1348
823 556 1096 1002
1574 1243 1941 1642
960 1007 1233 1364
1033 1154 1233 1364
1842 0 2204 194
1905 10 2204 136
1002 0 1291 115
2340 844 2624 1170
2340 897 2624 1170
1836 257 2461 477
1716 309 2156 467
608 997 2624 1968
0 0 1054 1968
608 0 2429 1348
1663 1065 1821 1238
1947 1196 2624 1968
435 141 718 477
608 136 860 419
1175 802 1369 1049
608 1081 2125 1968
194 1485 488 1847
2340 976 2613 1170
682 0 2429 1348
608 1081 2083 1968
1695 1081 2083 1747
1695 1081 2083 1500
1695 1081 2083 1432
1695 1212 1957 1432
608 1102 1962 1968
608 136 860 262
0 897 251 1395
1322 997 2624 1968
682 293 2429 1348
682 293 1138 745
682 293 1039 745
808 0 2408 488
1695 1212 1905 1385
2120 1500 2624 1968
907 561 2429 1348
1726 1081 2083 1327
1784 1144 2083 1327
2361 115 2624 640
225 1616 488 1847
1679 0 1873 131
1679 0 1842 131
2361 115 2624 425
125 167 251 351
0 0 802 1968
0 0 351 802
0 0 267 802
5 288 267 802
62 404 267 802
687 587 1007 1348
1343 671 2429 1348
1569 792 2429 1348
1931 792 2429 1348
0 593 802 1968
2456 1296 2624 1495
907 561 1569 1238
907 561 1527 1238
907 561 1527 1144
808 0 2288 488
1857 57 2288 341
162 0 1054 1668
808 0 1952 488
608 1102 1831 1968
68 283 283 472
1322 1726 2036 1968
1322 1831 1863 1968
808 0 1805 488
823 0 1805 488
823 157 1002 372
703 661 1007 1348
703 965 955 1348
0 593 556 1968
955 0 1805 488
955 0 1695 488
1380 0 1611 257
1416 0 1611 209
1427 1516 1731 1763
1931 855 2429 1348
2088 986 2429 1327
1999 220 2288 341
2151 1500 2624 1968
178 0 477 503
178 0 477 325
178 0 451 325
262 0 451 325
1857 57 2156 304
1857 99 2156 304
1831 997 2624 1768
1831 997 2624 1763
1490 1658 1731 1805
1915 997 2624 1763
388 1506 802 1905
902 1102 1831 1968
955 0 1668 488
1327 278 2624 1018
2088 986 2429 1243
955 0 1574 488
299 0 451 320
398 330 551 635
398 330 514 540
162 262 1054 1668
1999 1196 2624 1910
2072 1196 2624 1884
2072 1196 2624 1784
608 1847 1039 1968
907 561 1527 1123
1023 561 1527 1123
325 0 440 188
2167 1196 2624 1752
871 1752 1222 1926
1432 0 1805 241
1432 0 1805 178
1432 0 1695 162
0 671 556 1968
0 671 451 1684
162 446 1054 1668
162 556 1054 1668
162 640 335 1060
162 724 330 1060
162 729 283 1060
178 356 372 771
2314 1500 2624 1968
2487 1500 2624 1868
2487 1605 2624 1868
1343 671 1863 1091
225 556 1054 1668
225 556 855 1548
2351 997 2624 1312
823 682 1028 1002
829 1264 1054 1668
955 0 1416 488
955 120 1416 488
955 120 1390 488
871 1784 1201 1926
162 68 351 409
0 671 330 1259
902 1102 1831 1931
902 1600 1306 1863
1705 419 2624 1018
225 556 766 1500
246 1632 488 1847
388 1506 755 1847
178 425 372 771
965 1102 1831 1931
965 1102 1773 1768
808 104 965 225
1018 220 1217 488
582 556 766 1500
582 556 729 1228
829 1275 1054 1668
965 1102 1773 1731
225 556 624 1327
582 556 703 1049
1915 1243 2524 1763
1086 1102 1773 1731
2167 1196 2624 1710
0 1002 251 1395
225 682 624 1327
225 708 624 1327
225 787 624 1327
225 787 624 1322
299 797 624 1322
1107 1102 1773 1731
36 797 330 1259
955 120 1390 451
955 120 1317 451
2167 1401 2513 1710
1023 561 1527 892
1107 1102 1773 1684
1217 829 1516 1123
509 986 682 1254
682 293 944 745
36 797 267 1170
0 1259 556 1968
0 1353 556 1968
0 1353 346 1968
0 1542 346 1968
2382 1196 2624 1443
0 1542 341 1926
1086 1332 1259 1600
1054 561 1527 865
299 981 624 1322
1322 1831 1815 1968
36 797 262 1091
1270 666 1527 865
1107 1102 1658 1684
902 1600 1306 1842
1107 1102 1658 1558
1107 1102 1616 1558
299 981 624 1291
682 293 918 745
724 661 1007 1332
1107 1102 1448 1558
1107 1102 1411 1458
1128 1102 1411 1411
907 1821 1296 1968
0 1060 251 1395
47 1123 251 1395
1327 278 1941 750
2057 1852 2204 1968
907 1852 1186 1968
608 1847 939 1968
2120 1842 2282 1968
2151 1836 2356 1968
1947 1836 2078 1968
1322 1831 1663 1968
430 1815 635 1968
131 1805 346 1968
1044 1784 1201 1889
871 1784 1070 1926
2403 1773 2624 1968
278 1773 556 1968
551 1768 802 1905
991 1752 1222 1863
2513 1742 2624 1868
2125 1737 2298 1884
1621 1726 2036 1894
1191 1726 1831 1931
2240 1716 2361 1852
934 1716 1065 1863
388 1716 551 1847
1973 1700 2130 1873
1490 1700 1695 1805
724 1674 965 1857
446 1663 598 1779
902 1658 1081 1763
1590 1653 1752 1800
1322 1642 1469 1768
246 1642 440 1847
0 1637 131 1968
372 1632 488 1779
1427 1626 1605 1763
2487 1605 2624 1836
73 1605 341 1926
1548 1600 1737 1758
1012 1600 1306 1842
2172 1584 2356 1752
1731 1579 1962 1752
1831 1569 2120 1768
1291 1548 1443 1731
0 1542 157 1668
2330 1532 2524 1705
2314 1527 2576 1968
1537 1516 1731 1658
1516 1506 1674 1626
493 1506 755 1836
2508 1500 2624 1705
1254 1500 1385 1658
194 1485 314 1642
907 1479 1128 1637
829 1479 1054 1668
0 1479 162 1616
1359 1469 1574 1684
2372 1448 2503 1600
1695 1448 2041 1747
1500 1401 1773 1621
1915 1395 2377 1763
2456 1385 2587 1495
1207 1385 1327 1637
2498 1369 2624 1590
1249 1364 1448 1558
1395 1359 1605 1495
0 1353 304 1579
2062 1343 2246 1548
1889 1338 2067 1500
1579 1338 1721 1448
881 1338 1033 1469
2471 1332 2582 1443
1317 1332 1527 1464
1086 1332 1259 1537
1658 1312 1941 1642
2519 1296 2624 1458
2382 1296 2524 1443
1826 1296 1957 1432
1107 1291 1270 1458
1422 1275 1579 1380
834 1275 1012 1516
1983 1270 2193 1464
939 1264 1049 1432
2230 1243 2524 1443
1758 1243 1905 1385
1574 1243 1747 1364
965 1243 1128 1579
47 1238 246 1395
1899 1228 2015 1374
1521 1222 1658 1411
1033 1222 1233 1364
2461 1196 2624 1338
246 1196 451 1684
734 1191 855 1548
1128 1186 1327 1411
1301 1180 1616 1338
20 1180 162 1285
808 1170 955 1348
1784 1154 1968 1327
1952 1144 2083 1312
1920 1133 2072 1243
125 1123 251 1338
2261 1117 2482 1322
1180 1112 1364 1238
587 1112 766 1500
2351 1102 2624 1312
1270 1102 1411 1291
2156 1081 2361 1395
1726 1081 1842 1264
215 1070 330 1259
346 1060 482 1327
0 1060 199 1217
446 1049 624 1291
141 1033 267 1170
792 1012 1007 1332
960 1007 1222 1327
0 1002 141 1112
2466 997 2624 1165
2088 997 2293 1228
1395 991 1626 1175
2340 986 2597 1170
2272 986 2429 1243
509 986 624 1175
1275 981 1516 1123
299 981 519 1222
703 965 881 1270
1175 939 1280 1049
2104 923 2288 1075
1569 923 2004 1222
0 897 141 1028
89 876 262 1091
1931 855 2183 1348
2382 844 2613 1023
1437 829 1569 1018
1217 829 1516 1070
2151 802 2387 981
1217 802 1369 960
404 797 614 1033
36 797 204 1039
2004 792 2361 1002
582 787 703 1049
225 787 383 1039
398 781 509 902
299 766 435 991
1023 729 1296 892
907 718 1249 1060
2508 713 2624 823
823 687 1028 1002
834 682 944 802
1479 671 1863 1091
1343 671 1621 839
0 671 141 923
1270 666 1390 834
724 661 928 1070
519 645 640 1033
1569 635 1779 755
855 614 1044 729
330 603 477 829
0 593 199 808
687 587 829 829
1705 582 2624 1018
551 572 687 934
2151 561 2340 682
1054 561 1327 802
934 556 1096 739
593 556 703 813
750 545 918 745
2267 477 2524 635
425 456 551 635
251 451 372 771
519 446 645 582
1873 435 2067 545
178 425 288 577
1889 419 2624 792
981 419 1138 598
802 419 1039 635
577 414 745 598
2214 404 2450 519
62 404 251 718
2403 393 2624 640
839 341 986 451
1653 330 1878 498
1018 314 1170 488
1716 309 1968 430
2141 293 2340 419
682 293 881 598
299 293 467 624
5 288 115 472
120 283 283 472
2261 278 2487 430
2009 267 2151 388
1579 267 1695 430
0 267 115 640
461 262 603 530
1836 257 2188 435
629 236 855 419
1527 230 1668 472
125 225 230 351
1716 220 1836 362
1112 220 1217 388
1390 199 1574 314
818 199 934 314
2466 188 2624 425
246 188 414 503
1857 183 2015 304
855 178 965 304
1899 173 2188 351
1186 173 1317 451
299 173 451 320
493 152 718 477
718 146 860 251
1275 136 1390 325
608 136 724 262
1511 131 1763 346
955 120 1238 398
2361 115 2624 367
1621 104 1789 236
1899 99 2156 288
2356 94 2587 314
2393 83 2566 278
1679 68 1805 178
162 68 351 288
2366 62 2513 272
1144 62 1259 199
944 62 1091 309
2214 57 2408 293
1894 57 2067 173
1653 41 1952 398
2120 36 2288 272
1978 26 2204 136
1102 20 1228 162
970 20 1112 167
1474 10 1611 209
1842 0 2078 194
1737 0 1873 125
1726 0 1842 131
1569 0 1695 162
1432 0 1595 125
1380 0 1495 257
1217 0 1348 188
1123 0 1291 110
1002 0 1154 115
404 0 949 225
178 0 372 146
89 0 220 293
0 0 173 388
0 0 897 1836
404 0 2624 1968
404 0 2624 823
404 0 2624 792
0 1479 2120 1968
2356 52 2624 314
682 131 2624 1968
1437 582 2624 1968
1479 582 2624 1968
682 131 1941 1763
881 1264 1049 1469
2072 1621 2240 1852
2072 1695 2240 1852
2456 897 2624 1044
1737 0 2078 194
1663 1065 1821 1312
0 671 320 1689
0 671 314 1689
1238 1668 1390 1779
970 0 1348 188
1317 1332 1721 1495
1395 1338 1721 1495
404 0 2624 472
949 115 2624 792
682 131 1621 1049
1695 997 2624 1968
57 31 278 409
1322 1574 1500 1768
1915 997 2624 1968
0 671 314 1647
1479 582 2624 1500
461 152 897 1642
0 267 152 640
325 83 477 262
1952 750 2130 892
404 0 2624 451
404 0 2288 451
2340 844 2613 1170
461 446 897 1642
0 671 314 1642
1511 131 1763 472
1905 0 2624 278
1905 0 2624 136
2104 36 2288 272
404 0 2209 451
1621 1569 2120 1894
1621 1579 2036 1894
1731 1579 1962 1794
724 661 1941 1763
1983 1091 2293 1490
0 1479 1952 1968
1590 78 1789 241
724 661 1280 1658
970 20 1228 167
1086 766 1941 1763
125 167 278 409
682 131 1621 892
1091 1474 1259 1658
724 661 1280 1579
162 640 435 1075
2046 404 2450 519
844 1716 1348 1968
1679 0 1805 178
2109 1091 2293 1348
0 671 304 1579
949 220 1217 498
1259 1254 1579 1385
1374 1254 1579 1380
519 446 897 1642
519 556 897 1642
1826 1144 2083 1500
1826 1228 2067 1500
1826 1228 2015 1432
125 225 278 409
404 0 2156 451
1275 304 1411 419
755 131 965 314
0 0 871 1836
215 682 871 1836
871 1716 1222 1926
493 152 745 598
2366 62 2566 278
682 288 1621 892
404 0 1291 419
404 0 1044 419
1086 766 1941 1758
162 645 435 1075
162 724 435 1075
2214 57 2408 320
2456 1332 2587 1495
162 724 435 1060
829 1479 1952 1968
1102 115 2624 792
1322 1831 1952 1968
682 288 1390 892
0 0 603 1170
0 0 603 829
0 404 251 808
425 456 561 755
425 456 556 734
1836 115 2624 435
1983 1270 2193 1490
404 0 949 419
2330 1532 2524 1726
519 556 766 1500
551 556 766 1500
1479 582 2624 1348
1574 1081 1941 1642
1726 1081 1905 1385
0 0 477 829
1086 766 1773 1758
1086 766 1658 1731
230 724 435 991
1359 1401 1773 1758
1500 1401 1773 1758
944 0 2156 451
944 62 1259 398
944 62 1238 398
844 1821 1348 1968
1301 1144 1658 1411
1301 1144 1616 1338
1915 1243 2624 1968
1947 1500 2624 1968
1947 1700 2130 1968
829 1479 1831 1931
829 1479 1128 1668
1186 0 2156 451
1186 0 1695 451
676 587 897 1642
435 215 603 530
1359 1448 1642 1684
587 1007 766 1500
1558 41 2156 398
1558 199 1721 314
0 1002 304 1579
2057 1500 2624 1968
2151 1527 2624 1968
1836 257 2487 435
89 876 267 1170
1836 257 2461 435
2261 997 2624 1322
1086 766 1626 1731
1836 257 2340 435
404 0 949 262
724 661 1249 1579
907 1821 1348 1968
0 1479 965 1968
2057 1737 2298 1968
1086 1102 1448 1731
215 682 624 1684
120 0 477 829
2151 1527 2576 1968
2172 1448 2503 1752
682 288 1327 892
682 288 1138 745
682 288 1039 745
1102 278 2624 792
0 1605 965 1968
551 1674 965 1968
1186 0 1611 451
1653 41 2156 398
823 682 1249 1579
1102 278 1941 750
0 1479 162 1668
0 671 141 1028
1217 766 1626 1175
1217 766 1527 1123
162 0 477 829
178 0 440 152
703 965 897 1642
215 781 624 1684
1899 99 2156 293
0 1605 635 1968
934 419 1138 739
0 1605 556 1968
246 1632 551 1847
0 1605 346 1968
0 1060 304 1579
0 1123 304 1579
1012 1600 1831 1931
676 587 829 1033
2261 1102 2624 1322
1569 855 2429 1348
2251 1448 2503 1658
225 781 624 1322
162 68 477 829
246 188 477 829
299 293 477 829
1107 1102 1448 1731
372 1632 551 1847
1217 766 1527 1070
1479 582 2624 1091
1569 855 2183 1348
1889 393 2624 792
225 787 624 1291
1186 0 1516 451
703 965 881 1548
215 1070 451 1684
1023 561 1327 892
1275 0 1516 325
0 1605 341 1968
608 1674 965 1968
682 293 1039 635
907 718 1249 1579
1915 1343 2377 1763
960 1007 1222 1579
1275 0 1495 325
1306 0 1495 257
335 1154 871 1836
608 110 871 215
2093 1500 2624 1968
1569 1600 1815 1810
0 57 136 729
1343 236 2624 1186
871 1684 1222 1910
2051 1070 2534 1359
755 587 1028 1002
1353 1359 1747 1805
1558 0 2624 540
404 0 1312 472
404 0 1044 472
225 1600 498 1847
1353 1359 1737 1805
1600 0 2624 540
1836 0 2624 435
1836 0 2624 388
823 666 1028 1002
1894 0 2624 388
944 0 1312 209
0 0 1936 1831
0 0 1385 1831
1165 1474 1385 1684
1165 1474 1291 1684
0 750 2624 1968
1600 215 2624 540
608 0 1936 1443
1600 278 2624 540
0 0 1180 1831
0 215 1180 1831
0 997 635 1642
2314 52 2624 325
1569 750 2624 1968
1894 991 2624 1968
1569 750 2624 1647
1973 991 2624 1968
1569 792 2624 1647
0 1107 2366 1968
1569 1049 2282 1647
1899 0 2624 388
1338 1810 1936 1968
682 288 1600 1443
844 509 1600 1443
1600 278 2624 472
0 0 729 965
1752 1133 2282 1558
1427 1506 1737 1805
1873 792 2624 1343
125 0 729 923
215 1054 635 1642
1836 136 2624 435
2146 136 2624 435
1899 10 2288 388
855 509 1600 1443
855 509 1600 1364
907 944 1233 1364
1873 792 2613 1343
1899 10 2251 388
608 0 1936 802
215 1054 635 1453
855 509 1600 1249
0 1479 162 1663
1117 939 1280 1070
1973 1154 2624 1968
1180 0 1936 482
1569 1049 1952 1647
1873 792 2597 1343
1873 792 2335 1343
0 545 1180 1831
89 545 1180 1831
855 509 1296 1054
1353 1359 1605 1574
608 62 1458 802
2303 1296 2624 1611
2303 1427 2555 1611
1789 1133 2104 1327
1905 10 2251 335
0 1259 2366 1968
0 0 440 965
1081 1107 1789 1789
2403 136 2624 425
299 1054 635 1453
299 1054 556 1327
299 1054 493 1327
0 1259 1422 1968
330 1054 493 1327
1081 1107 1742 1789
1133 619 1600 1249
1999 20 2251 335
1180 141 1390 372
1254 141 1390 372
844 1810 1422 1968
125 0 561 923
829 1506 1091 1857
0 671 204 1039
1380 0 1936 482
0 997 251 1395
1973 1249 2624 1968
1081 1107 1742 1752
1081 1107 1742 1595
152 0 561 923
1411 0 1936 482
1411 0 1668 482
152 0 556 923
802 62 1458 802
1548 0 1936 398
2209 991 2624 1432
5 283 251 965
0 1259 939 1968
1081 1149 1742 1595
1081 1149 1658 1595
1112 1149 1658 1458
78 388 251 965
125 283 477 892
178 0 556 923
262 0 556 923
855 509 1249 1054
802 62 1259 598
1133 991 1432 1249
262 162 556 923
304 167 556 923
304 167 556 834
1411 1149 1658 1411
871 1752 1222 1910
1170 991 1432 1191
0 1327 939 1968
125 283 430 797
1112 1217 1443 1458
288 955 1180 1831
1973 1249 2624 1873
0 0 440 524
89 545 865 1285
0 1548 939 1968
0 1548 556 1968
125 283 372 797
498 1716 939 1968
1973 1401 2450 1873
2057 1863 2188 1968
2093 1852 2240 1968
844 1852 1422 1968
1338 1831 1847 1968
1988 1826 2135 1968
430 1815 671 1968
1800 1810 1936 1968
1894 1784 2009 1968
871 1784 1081 1910
656 1779 939 1968
991 1752 1222 1878
2015 1747 2172 1884
498 1716 766 1931
2198 1689 2372 1805
1569 1668 1752 1810
241 1668 556 1968
377 1637 488 1779
1327 1632 1495 1789
1973 1621 2303 1873
1553 1616 1684 1758
1039 1616 1306 1773
225 1616 430 1847
1427 1569 1737 1805
1254 1548 1443 1752
0 1548 335 1968
1821 1532 1973 1684
1390 1527 1574 1668
2198 1506 2550 1731
1495 1506 1731 1647
829 1506 1091 1768
2377 1427 2555 1595
2036 1422 2156 1537
2162 1401 2450 1668
1070 1395 2366 1952
1081 1390 1259 1595
1217 1385 1348 1563
2198 1380 2408 1605
2492 1369 2624 1590
1285 1364 1511 1558
1401 1359 1605 1527
1500 1338 1742 1574
0 1327 377 1689
1658 1312 1952 1647
939 1275 1128 1443
0 1259 110 1416
2382 1249 2624 1443
1112 1243 1369 1458
241 1238 377 1642
1752 1228 2282 1558
1411 1222 1658 1411
2235 1217 2435 1348
1296 1217 1443 1385
2051 1196 2335 1359
1217 1191 1353 1385
1033 1175 1233 1364
1338 1170 1511 1306
2487 1154 2624 1285
1789 1154 1968 1291
1479 1149 1616 1301
1920 1133 2104 1327
41 1123 251 1395
288 1117 949 1831
1270 1107 1406 1291
2209 1102 2624 1432
2293 1070 2534 1238
2162 1070 2303 1317
1270 1070 1485 1196
1716 1065 1857 1191
0 1060 188 1332
346 1054 493 1327
215 1054 330 1259
1569 1049 1863 1364
1170 1049 1364 1191
1385 1044 1632 1159
2424 991 2624 1186
1280 991 1432 1123
2251 986 2597 1201
708 955 1180 1689
556 949 661 1123
907 944 1212 1327
2104 918 2277 1070
745 871 1002 1128
2319 813 2613 1039
404 781 514 923
89 771 682 1285
2130 760 2314 886
320 755 435 997
73 745 204 1039
902 724 1249 1054
1086 708 1296 960
823 692 1028 1002
0 671 141 944
839 666 949 844
1553 650 1779 781
1217 619 1600 1070
1280 608 1385 718
325 603 477 892
755 587 897 755
425 545 865 1222
220 545 372 797
0 524 136 729
855 509 1107 781
299 477 430 650
78 388 251 844
267 356 377 503
839 341 965 451
173 320 330 503
2146 288 2508 435
682 288 881 666
125 283 288 671
5 283 146 477
1600 278 1968 430
1584 278 1873 498
1049 278 1458 802
1647 215 1779 325
430 215 645 587
2498 209 2624 404
1836 209 2204 430
2057 204 2251 335
2314 199 2477 325
131 194 236 351
493 188 729 587
1899 173 2188 388
304 167 556 734
167 167 278 409
262 162 383 425
813 157 991 325
1280 141 1390 304
608 141 876 367
1411 131 1668 482
383 131 488 262
823 125 1102 372
808 110 965 236
2356 104 2624 325
2445 83 2566 194
2366 62 2582 272
2214 62 2408 320
2440 52 2624 220
1894 52 2156 293
440 47 551 225
2235 36 2435 162
2114 26 2288 194
1999 20 2251 272
944 20 1060 209
1521 5 1684 241
1836 0 2072 272
1742 0 1873 125
1432 0 1553 152
1296 0 1401 209
981 0 1312 188
970 0 1154 146
404 0 949 472
320 0 440 188
178 0 372 152
94 0 440 524
41 0 157 267
0 0 157 404
0 0 1154 1968
656 0 2624 1968
656 897 2624 1968
656 991 2624 1968
682 0 2624 1910
1180 0 2624 1343
682 0 1632 1910
682 62 1632 1910
755 572 981 755
0 251 766 1968
0 671 766 1968
1180 0 2624 498
1836 0 2188 388
1374 1149 1616 1348
1411 1149 1616 1301
0 0 1154 1831
152 0 1154 923
0 0 949 1831
278 755 435 997
1411 991 2624 1968
2051 1070 2335 1359
