0 0 2624 1968
178 467 446 745
1805 1096 2130 1322
335 739 671 965
1988 603 2193 808
1380 976 1626 1217
335 739 587 913
944 225 1312 419
0 808 2624 1968
1201 1343 1380 1479
0 0 2624 1537
1957 26 2167 146
2025 26 2167 146
650 718 960 923
666 771 960 923
666 781 949 923
2351 0 2624 524
2351 0 2624 414
1506 346 1626 503
2351 52 2624 414
666 787 834 923
1784 886 2172 1112
1784 886 2046 1049
1784 928 1994 1049
2351 52 2624 309
2393 141 2624 309
0 0 572 876
556 918 713 1086
68 0 2624 1537
902 593 1443 881
902 645 1222 802
1831 57 2004 283
1831 57 1994 194
2062 876 2624 1521
2314 876 2624 1395
2062 1144 2366 1521
2198 1291 2366 1521
157 918 388 1065
0 0 572 823
1574 1437 1721 1584
1023 1768 1217 1926
1490 509 1768 755
482 561 965 1086
482 561 928 934
2361 1416 2576 1611
2477 876 2624 1359
482 561 928 844
1626 1117 2293 1537
1632 1117 1889 1306
676 860 965 1086
204 871 456 1091
2099 1584 2256 1768
68 0 2624 1343
629 41 1275 477
1626 1133 2293 1537
1138 593 1443 881
1138 593 1406 881
1186 1107 1385 1228
2330 1353 2487 1506
0 577 257 823
619 1091 886 1264
1653 1133 2293 1537
104 0 572 645
377 960 577 1254
398 1060 577 1254
2477 876 2624 1259
1988 603 2193 745
1658 141 1821 314
619 1443 1469 1968
619 1443 1448 1936
619 1443 1448 1868
377 960 572 1144
1474 666 1742 881
2125 1637 2419 1868
629 104 1238 477
682 104 1238 477
1936 997 2099 1123
225 1249 456 1485
236 1249 456 1401
802 367 2576 1343
802 414 2576 1343
1060 1144 1527 1401
68 0 2624 1154
802 430 2576 1343
902 645 1128 802
2487 713 2624 960
2361 178 2603 514
2125 278 2398 451
1154 1726 1469 1968
1217 1726 1469 1915
1994 934 2172 1112
1154 1842 1306 1968
1154 1238 1312 1401
682 104 1238 472
682 104 1238 446
1049 1039 1217 1222
582 1600 1028 1968
2125 1637 2345 1868
2130 293 2398 451
2130 293 2356 451
1752 1458 2256 1695
1768 1458 2256 1663
1899 1458 2256 1663
1973 1490 2256 1663
0 808 383 1968
0 808 293 1968
0 808 293 1579
0 808 293 1458
0 808 293 1364
0 1437 162 1579
0 808 293 1228
152 0 2624 1154
1737 1773 2214 1968
68 750 682 1039
68 750 493 965
2120 913 2576 1343
2120 1091 2408 1264
2324 640 2566 976
2088 68 2298 230
1752 1773 2214 1968
1999 1847 2214 1968
802 430 2314 1270
0 808 220 1081
797 1338 1044 1485
844 1380 1044 1485
802 461 2314 1270
1060 1144 1527 1359
1815 986 2046 1228
1695 0 2120 104
829 430 1374 986
802 461 1968 1270
802 461 1873 1270
2419 246 2603 514
829 430 1191 949
52 1705 383 1889
1653 1133 2293 1527
1653 1233 2057 1500
1653 1233 1988 1401
1905 388 2067 608
1327 367 1574 556
251 871 456 1091
15 1039 2624 1968
1448 1317 2624 1968
2177 1317 2624 1968
68 750 430 871
152 0 1270 797
2293 1710 2482 1968
1091 0 2624 1154
1695 262 1973 535
1626 383 1815 608
204 1857 377 1968
802 519 1873 1270
1091 178 1548 524
1091 178 1469 524
1091 178 1416 524
1228 414 1500 608
1752 1773 2067 1968
2366 913 2576 1343
2366 1033 2576 1343
2377 1081 2576 1343
482 561 928 839
488 561 928 823
2177 1369 2624 1968
1448 1369 2345 1968
1448 1369 2198 1894
1542 1369 2198 1894
2046 1133 2293 1527
1726 645 2314 1096
152 0 1154 797
152 362 955 797
293 362 955 760
293 493 781 760
467 1647 713 1968
272 0 1154 561
1863 1773 2067 1968
2314 1228 2592 1395
15 1039 1789 1968
697 1123 1789 1968
697 1123 1301 1689
1117 519 1873 1270
1180 0 2624 1154
1165 519 1873 1270
1165 519 1873 1180
1726 645 2272 1096
325 0 1154 561
325 157 755 561
514 157 755 503
15 1039 986 1968
220 1054 430 1306
425 0 1154 251
535 0 1154 251
629 0 1154 183
0 1479 141 1968
0 1626 120 1968
666 1474 1448 1868
2366 1033 2503 1301
1060 1180 1332 1301
682 0 1154 183
1726 645 2146 970
1726 645 2141 886
645 362 955 556
2309 304 2624 855
2361 304 2624 855
2377 304 2624 855
697 1159 1301 1689
0 949 293 1228
1180 0 2429 1154
1710 83 2429 1154
1899 83 2156 341
446 1039 986 1500
446 1039 986 1317
2377 435 2624 855
1180 0 1936 535
1285 1144 1527 1359
1726 645 2030 886
2083 0 2419 320
15 1238 708 1968
125 1742 398 1968
104 99 572 645
1212 1212 1789 1968
1285 1212 1789 1968
1165 697 1873 1180
15 1238 708 1857
1180 0 1936 477
2377 435 2624 760
1201 0 1936 477
15 1238 708 1747
15 1238 608 1747
876 1584 1448 1868
1165 703 1873 1180
1201 0 1905 477
1201 0 1842 477
1201 0 1506 146
2377 435 2624 739
283 1810 572 1968
15 1238 440 1689
1710 262 2429 1154
1710 262 2214 745
1285 1616 1789 1968
1285 1779 1789 1968
1285 1779 1684 1968
2083 409 2429 1154
734 0 1154 183
1710 498 2057 745
1165 813 1873 1180
2083 488 2429 1154
1884 262 2214 603
2083 488 2429 918
152 1406 440 1689
204 1857 362 1968
2067 1847 2214 1968
1605 1842 1789 1968
1285 1831 1521 1968
125 1815 257 1968
346 1810 572 1968
283 1810 467 1952
1737 1794 1894 1936
844 1789 1060 1936
1479 1779 1684 1941
1863 1773 2067 1941
1096 1747 1264 1894
2151 1742 2345 1968
199 1742 398 1889
2125 1737 2235 1868
1249 1726 1469 1878
467 1721 593 1910
2408 1710 2624 1968
2361 1710 2482 1878
540 1710 645 1894
141 1710 383 1842
52 1705 188 1889
551 1647 713 1968
2162 1637 2345 1847
1186 1632 1327 1768
876 1626 1291 1868
0 1626 120 1836
1343 1616 1584 1857
162 1605 383 1737
582 1600 850 1968
393 1600 577 1857
1270 1584 1448 1794
514 1584 645 1779
1763 1553 2198 1894
104 1537 272 1752
1212 1511 1332 1663
1973 1490 2162 1663
0 1479 141 1705
666 1474 1049 1800
2508 1464 2624 1653
1448 1464 1695 1716
551 1448 708 1674
152 1427 283 1637
2361 1422 2534 1611
325 1406 608 1747
225 1406 440 1689
692 1390 923 1595
2177 1369 2624 1852
1542 1369 1952 1863
1201 1369 1364 1479
225 1369 335 1485
897 1359 1301 1689
1920 1348 2057 1500
2046 1343 2293 1527
797 1338 907 1443
2466 1317 2624 1479
320 1317 498 1448
2015 1312 2120 1437
556 1306 724 1500
1626 1296 1742 1427
2198 1291 2366 1448
650 1280 808 1448
435 1280 603 1453
236 1270 435 1401
1905 1264 2093 1380
1138 1254 1270 1359
997 1243 1243 1479
1154 1238 1296 1348
15 1238 278 1448
2314 1233 2456 1395
1653 1233 1873 1401
2435 1228 2592 1380
1758 1222 1910 1327
1285 1212 1710 1663
1285 1196 1527 1359
1154 1180 1332 1301
2377 1170 2498 1343
697 1159 1018 1427
2062 1144 2356 1353
1737 1144 1889 1301
1296 1144 1437 1306
220 1144 430 1306
2235 1133 2408 1264
2046 1133 2183 1364
1805 1133 2041 1317
619 1133 813 1264
398 1133 519 1254
907 1123 1123 1264
1632 1117 1784 1306
0 1112 188 1364
2319 1102 2429 1222
1453 1102 1679 1270
1936 1096 2130 1322
1049 1096 1201 1222
729 1091 886 1233
1380 1086 1553 1217
2440 1081 2576 1312
131 1070 288 1228
1710 1054 1831 1175
446 1054 760 1317
278 1054 404 1207
1815 1049 2020 1228
425 1049 530 1154
2508 1044 2624 1259
656 1039 986 1228
2120 1018 2293 1138
1317 1018 1500 1175
1852 986 2046 1102
1548 981 1716 1165
1485 976 1626 1149
430 960 572 1081
676 955 965 1086
236 949 388 1065
0 949 293 1186
1784 939 1957 1049
1994 934 2172 1044
309 928 456 1091
2109 918 2272 1096
603 918 713 1044
157 918 288 1023
2398 913 2508 1060
1165 913 1411 1180
1117 913 1291 1075
419 913 598 1033
976 881 1217 1012
802 881 1138 1149
2477 876 2597 1107
2225 860 2424 1154
682 860 829 1002
2335 855 2456 986
2004 850 2146 970
1149 823 1374 986
624 818 734 934
1390 813 1873 1112
530 813 671 965
209 813 493 965
2151 808 2314 976
451 808 682 1039
0 808 220 976
666 787 834 892
2036 781 2172 944
671 781 949 918
813 771 960 902
1674 760 1800 897
220 750 430 871
335 745 477 865
451 739 587 913
2335 734 2566 976
650 718 928 886
1726 713 1842 881
2209 708 2429 918
1291 708 1443 818
1915 703 2141 860
1411 703 1674 918
1527 697 1668 865
152 682 398 797
829 676 1175 949
0 676 257 823
1138 671 1406 881
482 661 624 839
1789 645 2030 886
1070 645 1222 802
2324 640 2487 781
1988 619 2130 745
2030 603 2193 718
2508 593 2624 760
1138 593 1280 718
199 587 341 745
131 577 236 729
666 561 928 797
488 561 771 823
2282 551 2429 666
1978 551 2167 666
1868 540 2057 745
1128 540 1291 656
2424 524 2566 739
1233 519 1521 739
1548 509 1768 755
1710 498 1926 739
1133 493 1238 598
293 493 629 760
2083 488 2377 876
1485 488 1616 635
1905 477 2046 608
1626 467 1815 608
1348 467 1500 608
178 467 446 734
1201 461 1343 566
2298 456 2492 703
2377 435 2624 629
645 435 829 556
2036 430 2214 603
844 430 1191 729
325 419 545 561
2183 409 2340 608
0 404 209 682
1574 393 1705 535
1947 388 2067 535
1674 383 1784 493
1731 377 1973 535
1327 367 1548 482
781 362 955 524
2309 351 2414 498
514 346 755 503
272 341 467 451
104 325 346 645
1091 314 1343 524
902 314 1065 472
2471 309 2603 514
2130 309 2272 451
2240 293 2356 440
881 288 1007 440
1385 283 1548 409
2125 278 2251 414
1884 262 2162 467
1695 262 1836 425
944 262 1259 419
388 251 577 451
2419 246 2524 446
1773 241 1936 440
629 236 745 351
2519 225 2624 414
78 209 236 341
1700 194 1821 314
2146 188 2330 335
2361 178 2529 309
1228 178 1416 377
1180 178 1285 283
2466 173 2624 309
713 173 823 304
545 157 692 388
0 152 230 503
2393 141 2503 257
1658 141 1784 251
2261 136 2419 320
976 131 1217 251
2057 115 2209 241
1899 115 2156 341
178 99 572 377
1926 83 2125 215
1716 83 1905 251
2351 52 2492 194
629 47 760 162
1096 41 1275 157
535 41 682 251
1201 31 1359 146
377 31 482 136
682 26 881 157
976 15 1154 157
2382 0 2624 272
2083 0 2403 178
1695 0 1852 104
1207 0 1842 477
1243 0 1506 110
734 0 1060 183
425 0 703 215
167 0 456 183
120 0 356 110
0 0 356 293
0 0 918 1968
650 718 970 934
451 0 2624 1968
671 781 970 934
1752 0 2624 1968
0 0 823 1968
451 0 2340 1968
451 0 2340 1427
556 1091 2235 1968
881 225 1312 440
1112 1815 1348 1926
1096 41 1317 178
629 173 823 372
629 173 823 351
729 1091 886 1301
0 0 813 1968
2351 52 2624 524
1988 619 2146 808
2235 1102 2429 1264
2183 1280 2487 1521
2198 1291 2487 1521
2456 876 2624 1112
2477 876 2624 1107
0 577 236 729
0 608 188 718
556 1159 2235 1968
629 0 2340 944
2519 225 2624 524
1228 414 1464 608
78 199 278 341
1973 1437 2256 1684
1973 1437 2256 1632
2261 1642 2419 1805
2351 1710 2624 1968
556 1159 2198 1968
0 608 173 718
2361 141 2503 257
881 230 1259 440
451 739 734 965
451 739 671 965
1023 1747 1264 1941
1023 1768 1170 1941
650 718 960 902
0 0 781 965
146 750 493 965
451 314 2293 1427
1060 1180 1312 1401
451 314 1453 1306
1291 1107 1437 1306
0 808 813 1968
0 1348 209 1579
1154 467 2293 1427
1138 1238 1312 1401
0 0 781 839
540 451 781 587
0 0 755 839
377 960 577 1165
377 981 577 1165
377 981 530 1154
1957 0 2624 1312
881 262 1259 440
0 1348 209 1500
146 813 493 965
797 1322 1044 1485
797 1322 1044 1464
1474 488 1668 739
1474 603 1668 739
629 0 2340 886
629 0 1574 556
125 1815 377 1968
125 1815 362 1968
1201 0 2340 886
1527 697 1742 881
1752 860 2624 1968
1973 1437 2256 1600
451 314 1453 1264
1070 461 1453 986
1070 461 1406 881
1070 461 1343 802
1128 461 1343 656
1149 792 1453 986
797 1322 1033 1443
1863 1773 2214 1968
1784 934 2172 1112
2487 593 2624 960
1978 551 2193 718
0 0 755 823
676 1789 1306 1968
676 1789 1159 1968
676 1789 1060 1968
451 314 1411 1264
556 1007 1217 1264
556 1007 1201 1264
556 1007 986 1228
1752 1348 2183 1768
2046 860 2624 1968
629 0 1548 556
451 314 1411 1180
451 808 965 1086
451 808 829 1044
603 860 829 1044
907 1096 1201 1264
2282 351 2492 781
2282 456 2492 781
1784 934 2172 1102
1852 934 2172 1102
0 676 398 823
1695 0 2298 241
2314 1170 2592 1395
1574 194 1836 608
1574 262 1836 608
1574 341 1815 608
1626 1018 2293 1427
2319 913 2624 1312
2366 913 2624 1312
2366 913 2508 1301
1831 57 2298 241
1926 68 2298 241
1926 83 2209 241
1752 1458 2183 1768
1752 1458 2162 1695
1768 1458 2162 1663
1899 1458 2162 1663
2429 257 2603 514
1957 0 2624 1002
2130 188 2398 451
2130 188 2330 451
488 314 1411 1180
629 0 1416 556
645 104 1238 556
1710 1018 2293 1395
1710 1049 2130 1395
0 808 519 1306
131 1054 519 1306
131 1070 519 1306
1605 341 1815 608
488 561 928 892
1710 1049 2093 1395
2282 551 2487 781
0 808 456 1091
0 808 314 976
0 949 813 1968
283 1584 645 1968
283 1584 645 1952
283 1600 577 1952
629 0 1416 524
0 0 755 760
0 152 230 682
131 1070 430 1306
104 0 755 760
1710 1049 2093 1380
1710 1049 2041 1317
1957 781 2172 1002
2004 781 2172 970
1710 1049 2020 1301
1626 1233 1873 1427
0 949 813 1889
2440 1044 2624 1312
2466 1317 2624 1653
1863 1773 2125 1968
629 0 1285 283
650 0 1285 283
1737 1049 2020 1301
802 314 1411 1180
225 1054 813 1747
272 341 755 561
902 314 1186 477
1726 409 2340 886
1726 430 2214 886
1726 477 2141 886
1726 540 2141 886
0 949 398 1889
141 1710 398 1889
1186 1212 2198 1968
1186 1511 1894 1968
1186 1511 1448 1794
556 1159 1364 1968
104 0 703 760
960 1238 1364 1479
997 1243 1364 1479
2046 860 2424 1527
1201 0 2162 755
1154 467 1873 1359
1154 981 1784 1359
1154 1180 1527 1359
2083 0 2624 976
2083 304 2624 976
1186 1511 1332 1768
1674 760 1968 944
1548 83 2162 755
1716 83 1936 440
682 0 1285 283
104 0 703 645
167 0 703 451
556 1159 1301 1968
802 430 1411 1180
0 949 293 1889
178 0 703 451
976 131 1285 283
325 346 755 561
1317 981 1784 1306
1317 1018 1784 1306
1317 1018 1679 1270
1317 1018 1553 1217
1249 1616 1894 1968
556 1159 1301 1868
556 1280 923 1595
2062 860 2424 1353
1233 467 1873 1112
802 430 1291 1149
1233 467 1521 739
1249 1616 1789 1968
0 949 293 1752
0 1427 283 1752
0 1479 272 1752
682 0 1060 183
2083 435 2624 976
802 430 1217 1149
1285 1616 1584 1968
2151 1369 2624 1968
178 0 703 388
1548 115 2162 755
1548 498 1926 755
1731 115 2162 535
225 1054 760 1747
435 1054 760 1453
1285 1212 2198 1894
2151 1637 2345 1968
0 949 293 1448
0 1112 278 1448
178 0 703 377
2083 488 2566 976
2109 860 2424 1186
666 1159 1301 1868
1285 1212 1710 1716
1390 703 1873 1112
225 1317 608 1747
1884 115 2162 467
556 1280 808 1500
802 676 1217 1149
2109 860 2424 1154
802 676 1175 1149
1479 1779 1789 1968
666 1474 1291 1868
225 1406 608 1747
939 1747 1217 1894
446 661 671 960
2351 0 2624 530
2361 0 2624 530
477 661 671 923
656 718 965 934
0 0 514 792
2361 0 2624 414
2361 0 2624 325
1936 1039 2366 1548
1747 923 1894 1096
1936 1081 2366 1548
183 0 362 115
0 687 2624 1968
15 0 2624 1380
2361 141 2624 325
0 0 514 692
1144 178 1285 299
1936 1081 2366 1443
1936 1081 2356 1353
661 89 1259 435
661 120 1259 435
1994 493 2193 745
2062 493 2188 635
1259 367 1553 556
902 640 1416 934
1070 640 1416 934
1632 1054 2041 1380
1773 1133 2041 1380
15 0 2624 1359
1138 556 1443 797
1831 57 2020 194
1479 635 1842 907
1479 635 1842 881
0 818 2624 1968
2293 1721 2519 1968
1994 603 2193 745
1632 1054 1836 1306
409 377 781 629
409 377 671 551
0 687 125 876
1842 83 2020 194
2209 551 2624 1359
356 1222 708 1511
435 1222 708 1511
524 1233 650 1416
2209 640 2624 1359
2209 640 2624 1249
2487 934 2624 1249
15 0 2624 1270
2078 62 2293 209
1479 635 1810 881
68 26 2414 1270
1915 703 2172 1123
215 729 897 1149
267 729 897 1149
267 729 713 1033
267 729 666 1033
2209 640 2592 1044
1988 1133 2293 1495
1175 676 1443 797
2351 1721 2519 1968
15 0 2624 960
2015 729 2167 918
1479 671 1731 881
619 787 1054 1123
1957 377 2130 535
582 1600 944 1968
718 1773 944 1968
267 729 593 928
2293 928 2576 1338
2288 1201 2624 1479
0 1406 718 1968
0 1411 718 1968
0 1453 718 1968
661 1264 776 1521
1138 556 1359 687
1626 330 1926 713
1369 1191 1663 1327
2345 509 2561 692
230 955 451 1112
1779 1317 2330 1773
1973 1453 2330 1773
0 1490 718 1968
1228 414 1469 519
1626 383 1926 713
15 115 823 493
15 199 598 451
272 272 598 451
787 1317 1086 1684
787 1338 1039 1684
787 1338 1039 1595
15 199 330 435
215 844 598 1033
2366 928 2576 1317
0 0 514 509
718 1847 944 1968
1915 760 2172 1123
2099 1569 2330 1773
1863 1422 2624 1968
2067 1422 2624 1968
2093 1422 2624 1968
1988 1133 2240 1485
1626 383 1926 619
792 1374 1039 1595
792 1469 1023 1595
1779 1317 2214 1537
1369 372 1553 556
0 1527 713 1968
0 1558 713 1968
110 1558 713 1968
251 1695 713 1968
535 115 823 493
545 157 823 493
251 1695 577 1968
110 1558 608 1868
152 1558 608 1842
1390 26 2414 1270
1390 760 2046 1270
0 818 2198 1936
0 818 608 1695
1007 1479 1868 1968
1222 1726 1490 1894
1007 1815 1416 1968
0 839 608 1695
398 0 2624 960
398 0 1763 776
398 0 1763 467
398 0 1506 267
2293 1096 2482 1338
1658 0 2624 960
1658 0 2146 257
393 1060 2198 1936
472 1060 1275 1432
68 330 1668 1217
488 330 1668 1217
393 1149 2198 1936
393 1380 1485 1936
1700 26 2414 1159
545 157 776 493
356 1558 608 1758
1165 1149 2198 1910
1548 425 1758 776
1390 760 2004 1270
2387 928 2576 1317
2083 0 2624 960
2083 0 2624 844
1700 173 2414 1159
1658 62 1894 257
398 0 1275 267
1695 0 2146 125
2083 0 2450 351
2146 188 2624 844
2146 188 2624 629
488 330 1500 1217
1317 1479 1868 1968
1390 760 1831 1270
1133 446 1668 902
1275 556 1668 902
68 372 582 855
1317 1794 1868 1968
1700 173 2377 897
1758 425 2377 897
2146 188 2540 608
1758 425 2377 876
2146 188 2540 551
1165 1149 1689 1485
0 1201 608 1695
1936 834 2172 1123
398 0 1275 251
593 0 1275 183
2020 425 2377 876
488 330 1338 1075
718 1847 829 1968
1270 1836 1416 1968
1007 1815 1306 1968
141 1815 257 1952
2351 1805 2513 1968
551 1805 713 1968
1553 1794 1868 1968
1863 1773 2099 1968
750 1773 918 1905
199 1773 309 1910
1049 1747 1217 1863
0 1731 152 1968
1343 1726 1490 1894
1222 1726 1432 1894
2067 1700 2471 1968
1479 1695 1584 1915
251 1695 572 1968
152 1642 398 1842
0 1616 146 1747
393 1574 697 1894
2114 1569 2330 1737
472 1558 608 1700
215 1527 367 1700
823 1506 1002 1684
1180 1490 1369 1768
561 1490 718 1611
1422 1479 1721 1910
792 1469 902 1595
1973 1453 2162 1663
0 1453 246 1726
0 1432 152 1579
2235 1406 2345 1548
230 1406 608 1695
2188 1385 2293 1495
650 1380 1485 1936
2062 1374 2214 1537
844 1374 1039 1495
1779 1317 2104 1516
855 1317 1086 1437
293 1312 509 1469
1988 1301 2093 1427
2198 1291 2366 1443
661 1264 776 1448
1306 1243 1689 1469
1500 1238 2198 1910
1773 1222 1915 1380
2314 1201 2624 1479
0 1201 451 1458
1458 1196 1663 1317
1369 1191 1500 1327
2366 1159 2482 1338
1165 1149 1437 1485
2046 1133 2240 1485
1805 1133 2041 1291
131 1107 236 1275
1632 1102 1836 1306
907 1102 1070 1259
2319 1096 2424 1217
2293 1096 2414 1264
2062 1091 2356 1353
1049 1091 1217 1222
2424 1081 2576 1317
1936 1081 2130 1327
472 1081 1275 1432
1411 1070 1553 1212
2508 1060 2624 1249
656 1060 981 1228
2366 1054 2487 1159
230 1007 393 1112
514 997 897 1149
262 960 593 1259
325 955 451 1065
1784 944 2046 1238
2487 934 2624 1107
