0 0 2448 3263
117 1044 352 1468
1410 0 1573 359
835 0 1240 391
998 0 1129 287
848 1618 1064 1769
26 1312 2448 3263
417 1214 626 1396
776 1201 2082 1867
776 1201 1840 1867
776 1201 1782 1867
1808 822 2121 1122
1325 1201 1703 1527
776 1279 1782 1867
907 1279 1782 1860
0 2493 724 3263
0 2493 724 2996
1886 1527 2415 1991
1808 868 1938 1122
0 0 2448 3068
535 1951 861 2108
1573 1070 1801 1272
920 1279 1782 1847
1586 1279 1723 1442
0 1259 261 1736
1736 1292 2082 1566
1161 0 2448 894
385 1638 783 1860
1801 1292 2082 1566
920 1423 1782 1847
0 0 796 1579
0 0 796 1553
0 0 554 1553
0 0 548 1553
548 0 796 1481
920 1658 1710 1847
417 1253 580 1396
646 1971 861 2108
0 0 2448 2617
835 1416 1488 1671
835 1423 1272 1671
940 1423 1272 1671
378 1416 2245 3068
0 685 287 1553
58 1122 287 1403
2017 580 2245 926
2049 580 2245 926
2134 861 2271 1018
548 0 678 1481
359 0 548 169
0 0 176 319
985 1416 2245 2323
0 0 548 1207
835 1436 972 1618
1801 1292 2082 1534
0 398 300 1207
26 398 300 1207
1161 0 1560 561
0 1416 352 2128
1161 0 1540 561
1161 0 1507 470
1024 626 1299 1227
378 2173 1919 3068
378 2180 1919 3068
378 2180 1880 3068
378 2180 1860 3068
378 2180 1782 3068
1331 0 2448 894
1024 626 1292 1227
1096 626 1292 1122
1096 731 1292 1122
1096 770 1272 1122
235 189 554 430
646 0 1259 1351
652 0 1259 1351
659 0 1259 1351
1521 0 1723 345
0 1527 352 2128
2049 0 2448 476
998 1096 1553 1566
1305 1096 1553 1331
1364 1096 1553 1331
411 1351 633 1579
0 1684 352 2128
998 1148 1383 1566
1037 1148 1383 1566
1037 1312 1266 1560
1808 1631 2062 1840
1331 0 2062 894
659 0 972 1351
659 0 972 1090
659 594 972 1090
0 228 2448 2617
0 1795 548 2363
0 1853 548 2363
332 1853 548 2115
1161 0 1416 306
829 646 1083 979
0 1853 352 2363
802 1064 1051 1338
0 1853 326 2363
0 1853 176 2363
0 1853 176 2239
0 1853 176 2212
822 0 1259 724
0 2865 156 3263
0 2865 156 3068
985 1416 2167 2323
0 1684 352 1997
0 1684 313 1945
1331 0 1906 894
1331 0 1867 894
1331 0 1814 881
1331 241 1658 881
1344 241 1658 881
1410 241 1658 881
2049 691 2245 926
652 385 789 959
652 528 789 959
822 71 1259 724
822 71 1259 691
1096 829 1272 1122
1547 0 1723 261
528 1638 783 1834
1396 319 2448 1429
26 2820 1024 3263
1625 0 1867 894
1625 306 1834 894
1449 319 2448 1429
1769 195 2049 750
829 1064 1051 1305
829 71 1259 502
829 71 1109 502
1906 822 2121 1083
959 1423 1272 1664
143 2637 456 2904
143 2637 345 2904
0 228 1455 2617
143 228 1455 2043
143 1214 933 2043
143 1214 750 2043
1867 319 2448 789
633 228 1455 1651
1449 574 2448 1429
0 1808 1129 2617
483 1429 933 1814
659 822 796 1090
143 1214 750 1977
215 1671 750 1977
633 228 1455 1540
1083 1423 1782 1762
1449 626 2448 1429
0 2219 254 2617
0 2448 254 2617
633 391 1455 1540
900 711 1083 979
1449 241 1658 881
6 1808 1129 2532
130 1808 1129 2532
130 1808 1129 2415
587 1808 1037 2030
587 1808 926 2030
130 1945 1129 2415
143 1214 548 1742
2226 554 2448 822
1540 1416 1880 1782
985 1677 2167 2323
261 1318 548 1742
261 1318 489 1736
1449 750 2448 1429
1605 750 2448 1351
1671 750 2448 1351
1671 1155 1912 1351
1449 835 1873 1429
985 1677 2128 2323
2010 1540 2415 1991
802 391 1455 1462
802 744 1449 1462
385 1788 750 1977
1860 750 2448 1325
1899 750 2448 1259
1259 744 1449 1214
2075 0 2448 476
2102 0 2448 476
2102 0 2448 306
1449 835 1873 1181
1481 835 1873 1181
1481 933 1873 1181
2102 0 2434 280
2128 52 2402 476
2180 52 2402 476
802 985 1286 1462
2004 750 2448 1253
2004 907 2448 1253
130 2056 855 2415
130 2056 855 2395
287 2056 855 2258
600 1945 1129 2356
600 1945 1057 2356
1769 195 2049 594
1645 731 1977 985
1566 0 1814 554
985 1756 2121 2323
802 985 1286 1436
829 71 1109 385
1867 319 2415 789
1867 319 2245 789
940 391 1455 933
1051 391 1455 933
1064 1756 2121 2323
456 2056 855 2245
456 2062 718 2245
1867 319 2206 789
1064 1964 1566 2323
2004 913 2330 1253
1044 2186 1880 2572
1161 1756 2121 2297
1867 2820 2448 3263
2102 0 2291 280
2154 1664 2415 1991
241 3087 613 3263
0 3042 137 3263
2121 2950 2448 3231
1566 2931 1756 3107
2049 2911 2239 3081
2284 2891 2428 3061
26 2878 1024 3263
267 2820 711 3035
143 2637 274 2904
0 2467 254 2617
91 2369 221 2545
378 2343 633 2669
1566 2317 1880 2572
163 2317 424 2532
0 2219 241 2461
319 2206 587 2415
58 2206 241 2356
535 2199 672 2376
1044 2186 1638 2572
509 2180 1782 3068
130 2160 378 2395
1266 2141 1566 2323
600 2128 874 2356
1070 2102 1318 2291
835 2082 1129 2265
287 2082 522 2258
1873 2075 2167 2284
515 2062 718 2232
456 2062 613 2245
156 2062 326 2212
1279 2004 1468 2199
26 1991 176 2212
2128 1971 2317 2193
1064 1964 1338 2239
776 1945 1057 2167
985 1925 1161 2128
2017 1899 2245 2134
1429 1899 2121 2297
411 1899 672 2043
0 1853 156 2056
97 1847 300 2128
2154 1827 2343 1991
587 1814 835 2030
91 1814 313 1945
985 1808 1286 2023
809 1808 1037 2017
385 1788 600 1977
1599 1769 1808 1912
1161 1756 1886 2121
920 1697 1312 1847
2062 1684 2206 1958
0 1684 221 1899
1645 1677 2128 2017
385 1677 574 1860
907 1671 1161 1860
215 1671 404 1840
2186 1664 2415 1860
1227 1664 1377 1827
1286 1658 1710 1847
1919 1645 2062 1840
1808 1631 1977 1821
894 1625 1064 1769
1351 1592 1618 1736
1083 1586 1416 1762
1540 1566 1853 1782
476 1553 672 1684
2010 1540 2245 1795
39 1527 221 1729
293 1514 489 1736
1814 1507 2049 1723
940 1494 1129 1671
705 1468 913 1638
1351 1423 1782 1618
959 1423 1227 1664
1697 1416 1880 1599
1259 1416 1488 1631
19 1416 182 1677
822 1410 959 1651
0 1403 137 1736
1103 1390 1266 1560
156 1377 385 1684
456 1351 633 1514
1540 1338 1703 1475
900 1325 1103 1462
261 1318 456 1573
933 1312 2448 3263
1037 1312 1220 1488
430 1305 567 1507
1801 1292 2082 1481
1684 1292 1840 1423
633 1279 835 1540
117 1259 261 1481
443 1253 580 1390
1736 1220 1912 1351
143 1214 313 1449
1325 1201 1599 1527
1201 1148 1383 1566
1462 1142 1618 1429
124 1135 287 1299
326 1122 574 1403
1775 1096 1951 1240
1899 1090 2088 1259
117 1083 293 1286
1573 1077 1703 1272
802 1070 1142 1429
829 1064 1005 1233
1625 1051 1873 1181
2004 1044 2258 1253
1338 1018 1475 1175
1997 1011 2448 1534
665 992 809 1351
1109 985 1286 1436
1096 985 1253 1122
1710 959 1873 1109
796 959 1070 1116
1481 933 1729 1155
1971 920 2121 1083
2082 913 2330 1135
2245 907 2448 1064
1808 900 1938 1122
97 894 300 1207
1494 835 1658 992
1096 829 1272 992
1971 802 2141 1005
907 789 1083 979
659 763 789 933
2258 750 2448 979
1299 744 1449 1090
1664 731 1977 985
900 711 1070 855
1396 698 1579 1031
822 691 959 848
2232 633 2376 783
2115 626 2317 926
1305 620 1455 933
796 594 972 1005
1547 587 1690 731
2226 554 2448 711
2258 528 2415 665
1625 528 1769 894
1227 522 1416 659
1547 515 1703 646
940 476 1129 665
1449 470 1618 881
822 463 998 691
1867 424 2056 789
2056 404 2245 685
0 404 202 626
26 398 280 1135
1051 391 1344 750
2193 359 2415 672
1331 359 1462 561
2030 319 2206 600
646 319 789 528
1697 306 1834 633
953 300 1103 502
1769 241 1984 594
215 241 633 1279
1566 228 1716 554
829 208 992 496
639 169 796 829
1357 150 1507 470
1090 130 1259 430
0 117 195 496
829 84 1109 385
1867 71 2030 287
2232 58 2402 476
2180 52 2323 424
2258 0 2434 254
1886 0 2062 221
1677 0 1814 535
1645 0 1788 385
1573 0 1723 261
1403 0 1560 215
1161 0 1416 280
835 0 1148 391
665 0 822 633
639 0 796 130
182 0 548 535
0 0 156 306
0 1044 352 1736
0 1083 293 1736
430 0 2448 3263
430 0 2448 1566
0 0 1024 3263
509 1312 2448 3263
1494 0 1788 548
1429 2160 1971 2317
652 0 2448 1566
430 0 829 1481
0 1122 137 1736
548 0 829 1481
776 1671 1312 1867
776 1671 1161 1867
652 84 2448 1566
1305 1135 1455 1272
359 1984 548 2167
548 0 822 1481
1736 1396 2062 1566
829 0 2448 894
1645 926 1788 1057
554 0 822 1481
0 1279 1024 3263
0 0 633 1677
19 1259 261 1677
483 2199 672 2376
1540 1338 1723 1475
0 1351 1024 3263
0 0 633 1573
0 0 633 1553
829 0 1148 391
829 0 1129 287
1135 0 2448 894
633 1279 972 1651
633 1279 959 1651
39 1527 221 1775
509 1416 2415 3068
0 1377 1024 3263
385 1553 783 1945
385 1638 783 1945
528 1638 783 1945
91 2291 267 2545
1547 515 1703 842
124 1135 580 1573
1494 528 2448 1534
1547 0 1788 548
652 84 1729 1566
0 0 633 1279
894 1416 2415 2284
1109 665 1475 1436
835 0 1129 287
894 1416 1488 1769
894 1423 1227 1769
894 1494 1129 1769
1135 665 1475 1214
124 1135 313 1449
0 2186 241 2363
822 646 1070 855
822 646 959 848
1814 822 2121 1148
261 1253 580 1573
254 1795 404 1997
1762 574 1899 802
1135 665 1325 1129
1135 665 1325 933
528 1638 711 1834
1677 0 1867 535
1083 1416 2415 2284
1697 1416 2415 2284
0 1377 933 2212
1083 1423 2062 1912
2226 528 2448 822
1547 515 1703 731
1494 626 2448 1534
2226 528 2448 711
1756 1527 2415 2284
652 385 1220 1488
1259 744 1475 1214
1135 0 1560 561
1697 1416 2049 1723
1168 130 1377 548
1168 130 1377 378
0 1951 1024 3263
1756 1899 2245 2284
1449 0 2448 894
1449 228 1716 881
1299 744 1475 1175
796 84 1729 1566
796 84 1468 1122
796 476 1272 1122
796 476 1194 1005
509 1677 2128 3068
600 1677 2128 2356
1070 2102 1566 2323
0 2219 241 2585
907 476 1194 979
907 476 1129 979
940 476 1129 933
796 959 1070 1233
6 2186 241 2356
1906 822 2121 1148
1873 1899 2245 2284
652 385 894 1351
659 822 894 1351
659 822 809 1351
1547 0 1723 548
1645 626 2448 1534
1625 0 2448 894
639 0 822 829
1135 0 1507 561
1664 626 2448 1534
1664 711 2448 1534
1664 711 2160 1240
1710 959 1951 1240
1599 1631 2062 1912
215 1429 933 2043
1684 907 2448 1534
822 84 1468 933
1886 1527 2415 2193
2128 1827 2343 2193
1573 1051 1873 1272
1201 698 1729 1566
1325 698 1729 1527
0 1377 489 2212
385 1429 933 2043
385 1788 926 2043
0 1377 489 2056
0 1814 313 2056
822 84 1259 691
1801 907 2448 1534
1860 907 2448 1534
1880 267 2023 750
2115 626 2448 979
411 1808 926 2043
1867 195 2448 789
1625 0 2030 894
1814 0 2030 287
0 1377 489 1899
802 1070 1220 1488
1886 0 2448 476
1051 391 1468 933
26 1847 300 2212
0 2343 1024 3263
2056 359 2415 685
1396 698 1729 1429
0 0 195 496
829 84 1259 496
1964 0 2448 476
130 1951 718 2532
130 2062 613 2532
130 2062 613 2415
1161 0 1507 561
1396 698 1605 1044
1625 241 1984 894
1886 1527 2415 1958
829 84 1259 430
1083 1423 1853 1847
1286 1423 1853 1847
1109 1416 1488 1664
509 2180 1880 3068
1664 711 2160 985
1442 933 1729 1429
600 1808 1338 2356
809 1808 1338 2239
985 1808 1338 2239
2180 0 2448 476
1462 933 1729 1429
2062 1664 2415 1958
1997 907 2448 1534
2180 0 2434 476
287 2062 613 2258
1331 150 1507 561
1305 489 1468 933
156 1377 489 1736
1161 1677 2128 2297
1997 913 2448 1534
515 1951 718 2232
1886 1527 2245 1795
182 0 633 1279
1286 1566 1853 1847
2049 2911 2448 3231
130 2160 587 2415
0 2493 1024 3263
2128 1671 2428 2154
776 1279 1814 1867
776 1436 1814 1867
1135 0 1573 424
1135 0 1573 417
0 953 2448 3263
0 0 2448 2624
600 1436 933 1821
1266 0 1573 417
1364 0 1573 417
0 1860 156 2363
881 1423 2408 2519
0 0 620 1272
554 0 1037 1286
1024 855 1188 1246
1057 1064 1188 1246
554 0 829 1286
554 0 796 1286
1592 0 1788 385
835 1416 1521 1742
0 554 313 1507
0 750 313 1507
985 1423 2408 2519
326 2128 998 2402
345 2128 998 2402
2186 541 2376 783
326 1148 633 1449
326 1155 574 1449
835 1416 1462 1742
1246 1416 1462 1631
45 894 313 1481
829 0 2448 920
985 1423 2408 2304
835 1436 1292 1742
1142 130 1377 293
1272 2180 1971 2519
359 0 548 150
1638 926 1801 1175
815 789 1077 1312
45 894 313 1423
1286 2180 1971 2519
848 1534 1292 1742
1605 953 2448 3231
45 894 300 1403
796 835 1037 1090
633 0 822 633
0 2115 2448 3263
0 1272 489 2206
0 1272 489 1782
985 1423 2173 2304
1077 0 2448 920
1077 0 2448 776
13 1272 489 1723
646 0 822 633
2239 541 2376 783
1383 0 1573 417
881 1958 1318 2297
1599 1599 2245 2075
13 1364 489 1723
13 1377 326 1710
0 202 2448 2624
554 202 2448 1658
554 992 835 1462
665 992 835 1455
633 202 2448 1658
0 1305 1031 2624
842 789 1077 1312
822 202 1109 855
633 345 2448 1658
633 0 789 587
0 1684 352 2206
163 1364 489 1723
998 1148 1390 1540
1645 1599 2245 2075
215 1305 744 2043
215 1351 744 2043
215 1553 744 2043
0 2115 2023 3263
430 1351 652 1618
1305 907 1625 1501
881 1436 1814 1860
1645 1690 2245 2075
215 1645 744 2043
1468 0 2448 776
1553 0 2448 776
1553 0 1925 594
261 1305 567 1586
1077 176 1540 652
900 345 2448 1338
829 202 1109 430
900 391 2448 1338
1769 0 2448 776
2056 0 2448 541
0 1795 1031 2624
633 959 1286 1658
633 985 1286 1658
633 1227 1266 1658
633 1312 1266 1658
1971 672 2186 1090
1938 345 2448 907
1938 345 2448 770
13 1795 1031 2624
1801 1462 2408 1991
71 1795 1031 2624
163 1795 548 2206
633 1312 1103 1540
900 391 1775 1272
71 1801 1031 2624
1605 528 2448 1338
1625 528 1769 966
1769 0 2056 352
1605 672 2448 1338
1971 783 2186 1090
71 1814 894 2624
372 1814 894 2239
372 1814 835 2239
1553 0 1853 594
2036 1573 2408 1991
1769 0 2017 352
1605 868 2448 1338
71 2134 600 2624
985 1540 2173 2304
1305 646 1775 1272
1736 868 2448 1325
2036 1573 2408 1951
2056 0 2448 476
737 3022 998 3263
1867 2904 2448 3263
1566 2872 1762 3113
0 2865 150 3015
1840 2813 2017 2950
378 2728 744 3048
0 2506 613 3263
1540 2310 1788 2519
71 2291 267 2526
0 2219 221 2617
1286 2180 1971 2323
124 2134 600 2624
391 2115 2023 3263
26 2062 176 2212
691 2036 979 2173
1299 2010 1468 2193
372 2010 731 2239
1279 2004 1462 2199
1351 1977 1592 2128
985 1977 1161 2134
163 1945 437 2206
1997 1899 2245 2075
0 1860 156 2102
2128 1847 2363 2154
496 1814 835 2075
985 1808 1351 2304
2134 1801 2330 1991
789 1801 1031 2030
267 1795 548 2121
2056 1729 2206 1951
776 1716 985 1867
1599 1697 1827 1893
1645 1690 2115 2004
359 1684 744 2043
0 1684 293 2206
2265 1671 2428 1860
215 1645 404 1847
881 1612 1377 1860
0 1579 202 1782
2036 1573 2408 1873
417 1553 665 1749
1161 1540 2173 2304
848 1534 1129 1742
1246 1494 1462 1631
13 1488 208 1710
1801 1462 2069 1638
1292 1436 1814 1645
620 1436 933 1821
1631 1423 1893 1618
900 1423 1266 1658
1253 1416 1403 1566
0 1403 130 1586
110 1377 326 1664
1037 1370 1233 1507
163 1364 424 1723
456 1351 639 1560
874 1318 1103 1462
261 1318 483 1586
633 1312 881 1540
1514 1305 1658 1468
424 1305 567 1507
1586 1279 1756 1455
1605 1266 2030 1488
411 1266 574 1396
998 1253 1266 1540
802 1227 1194 1429
1410 1168 1553 1357
411 1155 574 1325
1201 1148 1390 1494
1605 1142 1834 1338
124 1129 287 1305
1736 1109 2010 1318
842 1051 1057 1312
1723 1044 1873 1181
1103 985 1286 1272
1083 959 1233 1155
1677 953 2448 3231
796 940 1037 1090
117 940 300 1240
1638 926 1788 1129
1782 868 2448 1325
1096 842 1351 1220
1481 835 1775 1272
815 835 966 1005
1971 809 2134 1090
913 789 1077 1083
2049 783 2186 959
1710 750 2036 1148
659 705 796 1011
1103 678 1331 920
2160 672 2448 946
1971 672 2167 835
1305 646 1507 1051
1494 639 1677 920
2121 626 2317 907
646 567 789 959
2310 561 2448 711
1703 548 1906 881
1299 548 1429 678
1547 515 1697 672
1344 443 1540 652
900 391 1364 861
659 385 829 992
2023 352 2448 691
1938 345 2206 770
646 332 789 580
953 300 1103 509
1468 267 1599 528
822 261 1057 855
900 228 1109 385
829 202 992 430
1553 195 1716 594
1077 176 1370 554
1769 169 2082 776
639 169 789 587
2199 0 2448 476
2056 0 2291 417
1919 0 2056 195
1867 0 2017 332
1690 0 1853 535
1638 0 1788 385
1410 0 1553 235
1135 0 1383 182
966 0 1129 287
835 0 1116 176
672 0 822 633
633 0 789 287
182 0 620 1272
0 0 287 1201
0 0 2448 2363
522 0 665 1462
0 894 300 1586
0 1436 2408 3263
306 1148 574 1455
1677 953 2448 3263
829 0 2448 1658
45 894 300 1521
0 0 1233 2363
0 0 1194 2363
776 1436 2408 2519
0 1801 2023 3263
1253 1416 1521 1566
887 541 2448 1658
2186 600 2376 783
58 940 300 1403
0 0 1194 2206
261 1266 691 1749
417 1507 691 1749
417 1553 691 1749
1024 626 1168 1227
0 2062 176 2363
0 0 633 1664
900 0 2448 920
835 1436 2408 2519
110 1044 326 1664
117 1044 313 1481
0 2186 176 2363
633 0 1037 1338
796 940 1037 1338
881 1462 2408 2519
835 1436 1462 1742
0 189 1194 2206
848 189 1109 385
633 0 829 992
900 0 1618 920
639 0 829 992
887 1253 1266 1658
0 0 633 1507
1083 541 2448 1645
1083 959 1286 1272
1096 541 2448 1645
1272 2004 1971 2519
881 1462 2408 2304
261 1266 574 1586
1292 1266 2069 1645
1514 1266 2069 1618
1514 1266 2030 1618
2049 783 2258 1011
0 0 620 1507
1096 541 2448 1501
215 1645 404 1971
1468 267 1599 685
659 0 829 992
1494 0 2448 920
0 202 1194 2206
0 1351 933 2206
0 1364 933 2206
1586 1266 2030 1618
1553 0 2448 894
0 1801 1383 3263
0 2219 744 3263
1586 1266 2030 1488
124 1044 313 1423
900 1253 1266 1658
1638 848 1788 1129
1671 1044 1873 1181
900 0 1573 920
1357 0 1573 515
1645 1462 2408 2004
0 1488 293 1795
0 1488 208 1782
124 1801 1383 2624
900 0 1540 920
1135 0 1383 293
633 202 1194 1540
900 176 1540 920
848 1494 1462 1742
1109 1494 1462 1664
1645 1573 2408 2004
633 705 1103 1540
1840 2813 2448 3263
1605 541 2448 1338
1703 548 2134 1148
1096 646 1775 1501
881 1540 2173 2304
1553 0 2017 594
1690 0 2017 535
1553 97 1716 594
0 1436 933 2206
900 176 1540 861
659 705 835 1455
2121 541 2448 946
2023 0 2448 541
2023 0 2448 476
267 1436 933 2121
1625 169 2448 894
802 202 1194 1429
815 202 1077 1312
2121 561 2448 946
124 1801 1351 2624
691 1801 1351 2304
789 1801 1351 2304
822 202 1077 1312
2121 626 2448 946
1201 646 1775 1501
822 261 1077 1312
359 1436 933 2043
124 2010 998 2624
900 176 1370 861
0 2506 744 3263
0 1684 437 2206
1305 646 1775 1501
1605 1109 2010 1338
1769 169 2448 776
1769 169 2206 776
267 1795 835 2121
1703 548 2036 1148
1305 835 1775 1501
124 2010 731 2624
789 1801 1318 2297
274 1782 443 2115
1579 0 1788 385
705 3028 1135 3263
19 1534 319 1795
0 0 430 1488
2173 1299 2448 1631
985 2389 1253 2617
0 0 293 1305
698 0 881 1527
705 3028 1044 3263
1096 933 1253 1155
0 685 130 1729
0 1090 130 1729
2173 1325 2448 1631
0 0 261 1142
659 985 789 1299
1827 1175 2199 1547
0 900 2448 3263
0 0 2448 2578
881 1279 1853 1860
881 1344 1853 1860
881 1416 1853 1860
1827 1292 2199 1547
463 0 796 1521
463 0 789 1521
1148 0 1390 176
1161 0 1390 130
1814 0 2102 789
639 0 796 953
1338 2167 2043 2330
463 489 789 1521
802 0 2448 1618
802 0 2448 1521
0 0 953 2578
189 0 607 1351
1827 2258 2154 2500
1279 1305 1664 1521
639 0 796 633
0 2128 920 3263
802 0 2448 1501
639 0 796 424
