0 0 1824 4000
0 0 1824 864
0 184 1824 4000
272 3552 464 3816
328 2048 1456 2728
328 2048 1224 2712
0 2552 1824 4000
656 3624 1824 4000
0 184 1824 3064
936 2416 1224 2712
64 3080 344 3336
656 2552 1824 2944
0 1104 504 1816
0 1216 504 1816
0 2584 1824 4000
0 2672 1824 4000
0 2672 256 3424
0 2752 1824 4000
656 3624 1704 4000
368 3736 552 4000
656 3712 1544 4000
0 2872 1824 4000
1496 3264 1824 3680
1384 3432 1640 3704
1176 3832 1408 4000
1520 3624 1824 3984
1520 3680 1776 3984
1352 2400 1824 2752
1384 2400 1824 2752
1384 2400 1824 2736
0 800 192 968
0 2128 712 3064
144 3232 1376 4000
0 2872 1824 3952
152 2872 1824 3864
384 3464 848 4000
0 184 1824 2656
400 3464 848 4000
400 3464 816 4000
144 3232 1376 3848
0 3224 384 3952
400 3464 816 3952
680 1528 896 1880
144 3328 720 3832
288 3328 720 3832
376 3328 720 3680
440 1008 608 1272
152 2872 1824 3832
152 2872 1224 3488
0 2128 600 2744
0 2304 600 2744
80 2304 600 2744
496 3600 816 3952
152 2872 1200 3488
512 2904 1200 3488
512 2904 792 3144
720 2944 1200 3488
152 2872 608 3256
880 2960 1824 3832
976 2960 1824 3832
1040 2960 1824 3832
1056 2960 1824 3832
0 3240 320 3952
0 3480 320 3952
0 3584 320 3952
0 184 1824 1368
0 272 1824 1368
0 328 1824 1368
648 3232 1376 3848
0 2672 256 3160
1160 2960 1824 3744
1160 2960 1824 3648
720 2944 1144 3488
720 2944 1144 3480
720 2944 1144 3344
840 3048 1144 3344
864 2320 1152 2544
0 840 1824 2656
0 1792 944 2552
0 184 432 696
1160 2960 1824 3568
1192 2960 1824 3568
1296 2960 1824 3488
1296 2960 1824 3296
216 2960 608 3256
1296 2960 1704 3296
760 3712 1544 4000
760 3712 1504 4000
760 3744 1280 4000
0 1792 824 2552
0 968 1824 2656
1224 1352 1824 2656
1256 1352 1824 2656
1256 1352 1824 2520
1288 1352 1664 1816
1256 1632 1824 2520
1280 1632 1824 2520
0 328 1824 1296
0 872 496 1368
0 968 1568 2392
320 840 1136 1512
1288 1352 1664 1712
0 1544 608 2160
0 1544 608 2008
0 1608 440 2008
760 3816 1168 4000
440 968 1568 2392
976 608 1824 1296
440 1048 1568 2392
440 1048 1568 2216
440 1048 1432 2216
488 3840 688 4000
760 3816 968 4000
224 3800 424 4000
56 3800 296 4000
1040 3744 1280 4000
1520 3736 1736 3984
368 3736 552 3952
1232 3712 1504 3888
384 3704 560 3888
528 3680 816 3952
1424 3624 1704 3808
1056 3624 1312 3832
496 3600 680 3776
0 3584 176 3952
280 3552 456 3744
1384 3528 1616 3704
1616 3520 1792 3712
288 3512 600 3832
1040 3504 1256 3704
640 3504 816 3720
520 3480 720 3680
0 3480 216 3680
400 3464 576 3672
144 3448 360 3696
1472 3432 1640 3616
648 3392 936 3848
1368 3360 1560 3568
144 3352 352 3544
288 3344 472 3528
1192 3328 1392 3568
376 3328 720 3552
848 3320 1056 3488
1576 3304 1824 3680
1008 3288 1184 3464
1064 3264 1232 3448
448 3248 624 3432
344 3240 528 3448
72 3240 256 3528
912 3232 1376 3680
680 3232 880 3504
808 3216 1016 3400
1328 3176 1576 3488
736 3144 928 3480
328 3136 504 3320
64 3136 248 3296
1160 3120 1456 3408
1584 3104 1824 3344
152 3080 344 3336
944 3072 1144 3344
504 3072 720 3312
1296 3056 1472 3240
952 3048 1200 3216
840 3048 1024 3264
656 3040 880 3280
1344 3016 1704 3296
216 3016 488 3224
1648 2992 1824 3176
968 2960 1224 3128
384 2960 608 3256
576 2952 792 3144
968 2944 1320 3176
1456 2936 1824 3120
1136 2920 1344 3136
152 2872 552 3064
704 2752 1032 2952
392 2696 744 2856
656 2680 1824 2944
120 2672 712 3064
0 2672 256 2936
936 2528 1216 2712
248 2456 600 2744
1352 2416 1512 2584
992 2416 1224 2640
0 2368 192 2696
1096 2328 1456 2728
984 2320 1152 2520
80 2304 304 2680
1432 2248 1664 2520
1520 2128 1824 2520
968 2072 1392 2392
624 2072 808 2280
328 2048 1136 2712
1224 1992 1512 2200
752 1968 944 2200
0 1888 248 2080
224 1840 584 2160
200 1640 440 1944
1280 1632 1824 2384
744 1616 1104 2104
0 1608 272 2008
1320 1568 1512 1816
376 1544 608 1792
680 1528 896 1736
1376 1392 1664 1712
1288 1352 1488 1608
440 1320 1432 2216
0 1216 488 1816
1040 1168 1568 1672
1488 1136 1824 1688
696 1048 1240 1344
320 976 1136 1512
1088 968 1376 1192
1392 952 1824 1232
936 912 1136 1072
0 904 376 1368
176 872 496 1248
600 840 896 1112
1600 832 1776 1040
1512 752 1824 968
976 608 1648 1296
936 536 1112 776
0 336 432 696
0 328 1144 1168
1536 272 1824 816
1376 232 1536 392
0 184 264 424
0 0 1824 2552
0 1968 1824 4000
920 2832 1824 3120
1008 3264 1232 3464
0 0 1824 1272
0 216 1824 2552
0 840 1432 2552
936 216 1824 2384
0 2920 1824 4000
48 3232 1376 3848
936 232 1824 2384
0 3016 344 3584
0 3016 248 3584
0 3088 248 3584
0 1104 272 1416
0 1968 1824 3504
248 1968 1824 2952
0 2128 880 3504
248 2048 1824 2952
1496 3136 1824 3912
1496 3264 1824 3912
1640 3400 1824 3912
376 3232 1376 3848
200 2960 488 3224
448 3072 880 3504
0 2128 880 3320
0 2128 208 2440
720 2920 1824 4000
0 3224 1168 4000
56 3464 1168 4000
224 3464 1168 4000
368 3464 1168 4000
368 3736 688 4000
0 0 1824 1168
216 3344 472 3600
328 2048 1824 2736
1496 2480 1736 2656
0 3224 456 3952
1280 232 1824 2384
144 3448 600 3832
248 2456 1824 2952
400 3464 1168 4000
520 3480 1168 4000
448 3072 720 3432
720 2920 1456 3488
720 2944 1456 3488
968 2944 1456 3408
392 2528 1824 2952
1256 3624 1824 4000
1256 3736 1824 4000
1256 3800 1824 4000
0 184 1144 1168
520 3480 840 4000
1256 2272 1512 2584
0 872 824 2552
824 2960 1824 4000
736 3144 1056 3488
824 3432 1640 4000
1288 3432 1640 3704
0 872 496 2080
864 2320 1224 2640
824 3504 1552 4000
824 3504 1552 3864
880 3504 1552 3832
400 3464 680 3776
320 840 1432 2216
520 3480 816 3952
0 3224 384 3680
0 3240 256 3680
976 3504 1552 3832
976 3504 1312 3832
1280 832 1824 2384
656 2528 1824 2952
0 2304 880 3320
152 2872 880 3320
0 2304 712 3160
0 2304 304 3160
1288 1352 1512 1896
1320 1568 1512 1896
936 608 1648 1672
328 2952 880 3320
384 2952 880 3280
984 2320 1224 2640
1344 2992 1824 3296
1040 3712 1504 4000
1376 232 1824 968
0 1464 824 2552
576 2952 880 3280
976 3504 1256 3832
320 840 1376 1512
656 2680 1824 2952
1512 272 1824 968
320 968 1376 1512
360 1464 608 1792
976 608 1648 1672
1384 2128 1824 2736
0 872 496 2008
0 1216 488 2008
680 1528 1104 2104
1392 832 1824 1232
0 1216 488 1944
968 2072 1456 2728
1280 1136 1824 2384
1376 1136 1824 1712
696 968 1376 1344
112 3768 496 4000
224 3768 496 4000
0 0 1824 1048
0 208 1824 4000
0 208 1824 2968
0 1160 1824 2968
0 2128 1824 4000
968 2920 1528 3320
1544 2992 1824 3344
808 3232 1056 3464
920 3624 1824 4000
0 208 1824 1512
0 312 1824 1512
0 2688 1824 4000
0 3544 456 4000
152 3544 456 3872
0 1160 1824 2736
112 2824 1824 4000
112 2824 1824 3552
184 2824 1824 3072
280 2896 1824 4000
280 2896 1704 4000
1488 3304 1824 3680
584 2976 1072 3184
656 3024 1072 3184
184 2824 1520 3048
0 2128 440 2920
0 2128 304 2712
0 312 1824 1488
280 2912 1704 4000
384 3704 600 4000
0 2688 472 3352
0 2688 376 3352
280 2912 1704 3952
0 2128 216 2696
280 2912 1704 3888
280 2960 1704 3888
280 3072 1640 3888
0 3672 304 4000
408 1000 608 1272
280 3072 1544 3888
280 3144 1544 3888
280 3248 1544 3888
0 3672 304 3960
968 2960 1704 3480
968 2960 1648 3480
112 2944 680 3552
0 1312 504 1896
280 3248 1520 3888
280 3248 1440 3888
520 3248 1440 3888
976 3168 1648 3480
520 3392 1136 3888
920 3704 1576 4000
656 3824 992 4000
248 3816 416 4000
936 3808 1168 4000
112 3800 296 4000
616 3736 816 3952
392 3736 552 3912
504 3728 728 4000
920 3720 1272 4000
1176 3704 1576 4000
0 3696 176 3960
824 3680 1016 3864
968 3648 1128 3808
1400 3624 1824 4000
1496 3624 1712 3920
1056 3624 1312 3800
152 3616 368 3872
496 3584 680 3776
1224 3576 1520 3744
288 3544 456 3736
1616 3528 1800 3712
40 3512 232 3672
1392 3504 1616 3712
1072 3504 1256 3688
280 3504 600 3848
536 3480 816 3704
408 3464 568 3672
1664 3448 1824 3656
0 3416 408 3816
736 3360 968 3592
720 3336 880 3496
1208 3256 1544 3600
376 3256 680 3552
912 3248 1440 3680
608 3248 768 3408
800 3200 1016 3376
1160 3176 1648 3480
976 3168 1224 3464
680 3144 928 3448
0 3128 184 3680
104 3112 296 3320
1304 3080 1472 3240
504 3072 712 3312
1592 3048 1824 3344
656 3024 856 3184
1376 3016 1704 3288
1072 3008 1288 3264
584 2976 760 3152
968 2960 1144 3208
400 2960 576 3168
112 2960 376 3152
968 2952 1472 3320
112 2944 560 3544
1136 2920 1528 3152
688 2920 904 3096
536 2912 792 3168
1336 2904 1824 3072
80 2872 472 3064
800 2864 1520 3048
184 2824 816 3024
0 2688 256 3352
152 2672 440 2920
280 2648 1824 2968
0 2304 216 2696
1432 2248 1656 2480
0 1344 504 1896
0 1168 1824 2736
1296 1160 1824 1752
1600 752 1824 1184
0 312 1776 1488
1528 216 1720 408
0 208 176 384
0 0 1824 2760
0 2648 1824 4000
0 1152 1824 2760
0 0 1824 1752
0 1152 1824 2736
0 2936 1472 3888
48 3112 296 3336
0 0 1824 1488
1336 2904 1824 3680
0 3344 472 4000
1488 2992 1824 3680
656 2936 1472 3320
656 2936 1072 3184
288 3056 512 3312
408 3416 720 3776
0 1152 664 1896
0 2648 1824 3352
400 2816 1520 3312
640 2816 1520 3048
0 1312 664 1896
400 2896 904 3312
0 2944 1440 3888
0 2944 680 3680
280 3144 1440 3888
400 2912 904 3312
504 2912 904 3312
504 2912 792 3312
680 3144 1016 3448
224 2920 1824 4000
720 2920 1704 3600
224 3432 1824 4000
224 3704 728 4000
384 3704 728 4000
616 3432 1824 4000
408 3464 680 3776
616 3432 1712 4000
504 2976 760 3312
720 2920 1704 3592
0 3344 472 3960
736 2920 1704 3592
736 3232 1056 3592
968 2920 1704 3480
0 3344 472 3816
736 3320 1056 3592
968 3504 1312 3808
968 3624 1312 3808
0 2672 472 3352
0 2672 440 3352
616 3576 1712 4000
1392 3432 1640 3712
656 3576 1712 4000
1296 752 1824 1752
1072 3008 1704 3480
1072 3008 1648 3480
920 3576 1712 4000
968 2960 1224 3464
1176 3576 1712 4000
1176 3624 1712 4000
656 3808 1168 4000
1312 3672 1824 4000
792 3200 1320 3592
696 2816 1208 3208
696 2816 1144 3208
504 2416 1240 2816
0 2128 184 2936
0 2680 184 2936
504 2528 1240 2816
800 2528 1240 2816
696 2888 1144 3208
0 0 1824 2752
0 2272 1824 4000
968 2752 1408 3104
1304 3080 1632 3568
152 2896 456 3088
104 3016 824 3952
104 3016 824 3880
312 3176 824 3880
496 2080 728 2344
0 0 1824 2736
1032 2272 1560 2728
1288 2272 1560 2520
1288 2272 1488 2512
776 240 1200 592
1568 2488 1824 2752
56 3800 424 4000
992 2256 1264 2464
0 2672 1288 4000
800 3096 1288 3464
568 2920 904 3152
568 2936 904 3152
888 384 1200 592
1600 832 1824 1096
0 2672 1144 4000
648 2680 1144 3008
0 2672 1072 4000
464 1680 632 1952
408 2720 1824 4000
1312 3704 1784 4000
1168 832 1424 1080
272 3616 688 4000
0 3080 360 4000
0 2032 584 2696
8 2096 584 2696
0 3312 360 4000
224 2432 584 2696
0 192 448 472
64 192 448 472
640 2720 1824 4000
1208 2720 1824 3168
640 2960 1824 4000
1384 3096 1824 3904
344 3272 824 3880
0 3656 320 4000
224 0 1320 240
640 2960 1704 4000
640 2960 1528 4000
1144 2960 1528 3560
1144 2960 1528 3440
0 2672 1072 3520
0 3312 360 3696
0 2672 784 3304
392 2952 696 3304
408 3504 680 3776
1400 2728 1824 3168
0 2672 784 3224
528 3016 1072 3520
1400 2728 1824 3080
0 0 1824 1424
0 688 1824 2736
392 2952 696 3200
680 3016 1072 3520
320 1632 1824 2736
640 3200 1520 4000
0 0 1824 1416
16 1104 328 1416
1520 3096 1824 3904
800 3168 1160 3464
648 3608 1376 4000
1184 2960 1528 3136
320 1712 1824 2736
640 3200 1520 3816
0 688 1824 2520
440 0 1320 240
0 0 1824 1408
0 2672 600 3224
136 2672 600 3032
0 0 1824 1384
552 160 816 448
392 3712 688 4000
152 1856 440 2120
1400 336 1824 752
640 3424 1456 3816
640 3504 1256 3816
1088 0 1376 336
1400 1112 1728 1408
752 3712 1376 4000
832 3712 1376 4000
0 1432 352 1816
0 1576 352 1816
304 976 648 1256
1400 392 1824 752
1176 3424 1456 3760
1176 3584 1392 3760
568 0 1320 240
720 0 1320 240
968 0 1320 240
632 688 992 1576
1456 3304 1704 3616
976 616 1408 1080
0 0 976 1224
0 0 920 1224
568 504 920 736
984 616 1408 960
736 0 1824 1384
736 0 1824 512
8 2096 304 2696
320 1776 1824 2736
864 2096 1288 2544
656 688 992 1576
832 432 1824 1384
640 3504 1128 3816
856 3536 1128 3816
0 1200 1824 2520
0 1200 1824 2136
736 0 1824 472
704 1264 1824 2040
832 0 1824 472
0 0 920 1192
832 432 1824 1360
96 352 400 584
704 1264 1520 2040
704 1264 1520 1864
864 1376 1328 1656
832 432 1824 1352
832 432 1824 1288
872 1264 1520 1864
728 1696 1256 2040
728 1704 1256 2040
1080 952 1504 1288
320 1776 1824 2664
360 1776 1824 2664
416 1776 1824 2664
416 1920 1144 2664
960 1376 1328 1560
1024 1264 1520 1800
1024 1264 1416 1672
600 1920 1144 2472
720 1920 1144 2360
752 1920 1144 2280
832 432 1824 1136
832 432 1680 1136
832 432 1680 1120
832 432 1408 1120
1080 952 1376 1192
0 1544 608 2520
144 2088 504 2520
0 480 304 760
1112 1776 1824 2656
0 1200 864 2136
0 120 920 1192
0 304 920 1192
352 304 920 600
120 1544 608 2160
656 688 992 1504
224 1544 608 2160
1216 1856 1824 2656
464 1624 864 2136
0 1200 752 1704
1112 1776 1496 2208
912 432 1408 984
0 408 808 1192
1216 2096 1824 2656
1264 2096 1824 2656
1456 2128 1824 2656
0 1224 752 1704
0 1224 512 1704
1264 840 1624 1136
656 688 992 1256
0 544 808 1192
368 544 808 1064
224 1544 608 1912
832 80 1824 472
928 112 1824 472
1464 1392 1824 1752
928 112 1688 472
0 664 440 1192
1296 552 1680 928
400 3824 688 4000
752 3816 1000 4000
1576 3800 1784 4000
88 3776 312 3968
832 3744 1168 4000
0 3744 176 4000
608 3736 808 3952
1040 3712 1376 4000
392 3712 552 3976
1312 3704 1600 3928
1384 3696 1568 3856
1616 3672 1824 3848
1520 3624 1704 3904
272 3616 464 3872
648 3608 920 3864
0 3584 200 3808
1384 3544 1600 3728
856 3536 1040 3792
1616 3520 1800 3744
1080 3504 1256 3688
640 3504 936 3760
408 3504 576 3672
344 3488 680 3880
0 3480 360 3696
440 3464 736 3688
1456 3424 1640 3616
1200 3424 1456 3680
848 3312 1056 3488
72 3312 256 3528
408 3272 824 3576
800 3216 1008 3376
1328 3200 1520 3488
896 3200 1320 3592
1368 3176 1632 3568
312 3176 584 3448
976 3168 1160 3464
528 3160 760 3408
680 3144 928 3520
504 3104 696 3304
1576 3096 1824 3688
88 3096 296 3312
1528 3088 1704 3288
952 3048 1144 3208
288 3048 520 3224
1144 3024 1448 3440
840 3016 1072 3240
104 3016 376 3544
656 3008 880 3296
1344 3000 1704 3264
392 2960 608 3200
720 2936 904 3096
696 2888 1128 3072
1096 2752 1408 3024
1584 2744 1824 2968
1208 2720 1536 2936
856 2704 1144 3008
520 2696 784 2920
0 2680 184 2864
144 2672 600 3032
136 2672 344 2936
1616 2576 1824 2752
1432 2560 1608 2736
800 2528 1240 2720
504 2528 816 2712
224 2520 584 2696
1568 2488 1824 2736
288 2432 520 2608
1456 2416 1656 2656
8 2400 304 2696
1032 2376 1480 2728
864 2376 1120 2544
416 2328 656 2664
1592 2296 1824 2520
992 2296 1152 2464
1312 2272 1488 2432
360 2208 608 2424
1216 2184 1392 2408
144 2184 504 2520
600 2144 928 2472
1488 2128 1824 2464
1264 2096 1584 2416
904 2096 1288 2408
32 2096 216 2488
720 2088 992 2360
176 2088 368 2272
496 2080 728 2264
320 2064 592 2328
752 2056 1128 2280
0 2032 216 2248
1368 2000 1664 2208
152 1944 368 2120
928 1920 1144 2120
1112 1872 1304 2208
1528 1856 1768 2136
744 1832 984 2088
1344 1824 1592 2040
464 1800 864 2136
320 1800 512 2160
1048 1792 1256 2040
1232 1776 1496 2048
0 1752 272 2112
1536 1712 1824 1992
728 1704 1064 1912
864 1696 1200 1880
1408 1688 1592 1848
544 1624 792 1832
0 1608 192 1784
1336 1592 1520 1800
872 1592 1376 1864
408 1576 608 1816
120 1576 352 1816
224 1544 504 1912
704 1536 944 1728
1112 1488 1416 1672
864 1488 1144 1656
1352 1448 1520 1632
80 1432 272 1608
1600 1416 1824 1752
160 1400 512 1704
1464 1392 1664 1736
1048 1376 1328 1560
488 1368 752 1672
1328 1320 1552 1496
1568 1280 1824 1520
1024 1264 1392 1496
0 1224 408 1536
696 1216 960 1504
304 1200 656 1480
1112 1168 1288 1352
1568 1160 1824 1352
432 1160 704 1424
1456 1112 1632 1304
32 1104 328 1288
1256 1048 1504 1288
888 1048 1216 1384
496 1032 712 1224
1144 1008 1376 1192
416 976 648 1224
1368 968 1608 1136
1536 960 1824 1232
1080 952 1256 1112
832 856 992 1120
0 848 328 1192
1264 840 1624 1008
656 840 888 1256
320 840 544 1104
1600 832 1824 1048
1296 704 1536 928
744 688 992 944
0 672 216 912
1568 664 1776 856
136 664 440 1040
400 656 624 984
1120 616 1408 896
528 584 808 1064
1600 568 1824 896
1384 552 1680 872
712 552 920 736
0 552 216 760
368 544 600 736
912 488 1216 984
136 480 304 720
1152 432 1408 696
912 424 1200 592
312 408 696 576
1560 392 1824 752
1160 352 1320 512
96 352 376 520
704 344 920 600
1256 312 1600 608
352 304 752 504
928 232 1408 472
1560 216 1824 464
144 192 448 360
1088 160 1328 336
552 160 768 336
376 120 624 344
1288 112 1688 320
832 80 1104 376
1288 24 1456 224
1576 0 1824 192
1488 0 1672 176
1368 0 1616 216
1176 0 1376 176
968 0 1240 240
568 0 816 200
440 0 616 184
56 0 424 328
0 0 200 328
0 2032 1824 4000
0 0 1824 2656
0 0 1824 1672
0 336 1824 2656
0 2032 1824 3520
0 2704 1824 4000
656 2888 1144 3208
344 3000 1704 3880
40 2896 456 3544
104 2896 456 3544
104 3016 384 3544
1224 336 1824 2656
0 1032 1376 2328
144 2056 1824 2936
656 2920 904 3096
720 2704 1824 3840
1528 3088 1824 3840
1576 3096 1824 3840
0 0 992 1536
720 2704 1824 3488
1616 3400 1824 3840
1224 392 1824 2656
0 192 448 408
0 3304 1704 4000
1616 3400 1824 3744
112 2896 456 3152
1576 3672 1824 4000
224 2416 1536 2936
856 2704 1824 3488
856 2704 1824 3272
1064 3048 1288 3272
1080 3504 1312 3760
856 2704 1824 3240
464 1624 792 1952
464 1624 792 1832
440 3000 1704 3864
896 3000 1704 3680
144 2056 1824 2736
1312 2272 1560 2520
864 2256 1264 2544
0 2032 1160 3520
0 2032 304 3488
0 2096 304 3488
440 3400 936 3864
176 3344 472 3600
136 2672 1160 3520
200 2904 472 3104
704 0 1824 1672
704 0 1520 1672
704 24 1000 736
704 104 1000 736
0 1400 1200 2328
1144 3000 1704 3680
440 3464 936 3864
1184 2984 1472 3240
0 3312 464 4000
0 3312 464 3872
0 3312 456 3736
504 2904 760 3152
1088 0 1824 1136
440 3464 936 3760
0 2096 304 2864
856 2704 1824 3104
704 344 1000 736
704 344 976 736
432 1032 1376 2208
496 1032 840 1368
632 1112 840 1368
832 0 1520 1672
976 928 1376 1352
1080 952 1376 1352
864 1448 1520 1672
136 2672 1072 3520
288 3008 1072 3520
312 3008 1072 3520
0 3480 456 3736
224 2416 1240 2832
528 3008 1072 3520
0 976 248 1416
528 3144 1056 3520
224 2520 1240 2832
224 2520 1240 2720
528 3144 928 3520
504 2528 1240 2720
1088 0 1456 336
1176 0 1456 224
0 0 816 912
56 0 816 736
320 2064 728 2328
0 1400 1200 2272
656 3008 1072 3296
0 344 312 912
0 392 304 912
744 1832 1144 2120
856 2704 1824 3080
1112 1448 1520 1672
832 0 1408 1560
392 3304 1704 4000
392 3712 1000 4000
832 3304 1704 4000
136 2672 784 3200
1120 0 1824 1136
1368 0 1824 256
0 1432 368 2272
0 1432 272 2112
0 1432 272 1784
704 344 920 736
