0 0 1824 4000
1536 824 1824 1528
280 2424 712 2704
672 0 1440 296
0 2600 1824 4000
1032 3336 1360 3592
0 2104 832 2344
0 2104 672 2320
0 2184 376 2408
0 0 1824 3616
0 0 1824 2272
0 1824 1824 3616
280 2424 696 2704
0 2336 568 2768
288 1824 1824 3616
984 1056 1424 1240
440 1824 1824 3616
1568 2592 1824 2808
568 480 1824 1888
568 928 1616 1888
904 2496 1472 2864
0 0 1824 1424
0 0 1248 1424
0 0 1040 1424
440 2288 1136 2616
440 2288 1112 2536
0 2600 1640 4000
488 1824 1824 3616
584 2624 1472 3192
584 2624 960 2864
648 0 1824 744
520 1824 1824 3616
968 2496 1472 2864
520 1824 1824 3328
672 2776 1472 3192
672 2776 1472 3128
488 2280 1144 2480
1528 3192 1824 3616
1528 3208 1824 3616
648 104 1824 744
0 952 1824 2272
0 1184 1824 2272
0 1184 1040 2272
1224 2656 1824 3328
1288 2656 1824 3328
1344 2656 1824 3048
1360 2656 1824 3048
0 952 760 1776
0 1184 912 2272
520 1824 1824 2760
656 1824 1824 2760
816 1368 1824 2128
816 1368 1824 2120
816 1464 1552 2088
816 1488 1552 2088
656 2480 1024 2760
1240 0 1824 232
656 2480 1024 2656
1216 3448 1824 4000
520 1944 1240 2272
0 952 760 1728
0 952 408 1312
672 2776 1472 3024
688 2776 1472 3024
1056 2776 1472 2960
952 1824 1824 2728
952 2088 1552 2696
968 2088 1552 2520
968 2224 1392 2520
776 104 1824 744
280 1280 760 1728
328 1280 760 1728
328 1280 760 1624
1208 1824 1824 2728
968 2496 1448 2848
1208 1824 1728 2728
1560 2744 1824 3048
1640 2744 1824 3048
1304 1368 1824 2120
632 2032 1240 2272
0 1184 864 2272
0 1600 864 2272
0 1600 368 1872
1368 1368 1824 2120
776 104 1824 704
776 128 1824 704
0 1744 376 2016
328 1280 648 1624
328 1336 648 1624
1368 1368 1824 2112
1368 1368 1824 1896
920 3384 1544 3856
824 3120 1640 3840
472 632 1248 1296
608 632 1248 1296
1208 1824 1672 2712
1208 1824 1672 2656
0 2600 1320 4000
480 3256 792 3488
1368 1368 1640 1896
0 1184 408 1720
1432 1368 1640 1896
992 3136 1640 3416
928 632 1248 1120
608 928 1144 1296
1288 2960 1824 3328
424 3760 840 4000
544 3760 840 4000
0 3040 1320 4000
792 400 1824 704
960 400 1824 704
0 2600 1168 3360
1528 3304 1824 3616
0 2496 568 2768
776 928 1144 1296
1208 1824 1672 2528
688 2800 1184 3024
688 2800 1112 2968
520 1944 1096 2120
824 3120 1272 3840
824 3120 1248 3840
0 2600 984 3360
776 128 1824 496
448 3392 1320 4000
720 3704 1320 4000
0 2600 824 3360
552 3824 840 4000
0 232 1040 1424
0 232 688 728
56 1688 864 2272
56 1688 656 2208
0 2600 752 3296
0 2600 664 3192
1264 408 1824 704
816 1488 1368 2088
0 352 688 728
0 456 1040 1424
1064 3136 1640 3416
0 3040 520 4000
0 3096 520 4000
1608 3448 1824 4000
0 456 584 1168
0 2600 664 3184
120 2600 664 3032
816 1488 1368 1912
232 552 1040 1424
424 3832 632 4000
552 3824 760 4000
720 3752 1000 4000
1216 3736 1784 4000
904 3704 1320 4000
1664 3616 1824 4000
88 3512 520 4000
920 3488 1304 3856
1048 3456 1272 3664
1608 3448 1824 3784
1280 3400 1672 3904
1200 3400 1360 3592
448 3392 864 3864
384 3392 608 3616
1224 3384 1544 3768
1528 3352 1720 3616
624 3328 792 3488
1648 3304 1824 3520
752 3264 912 3456
480 3256 664 3440
1392 3192 1640 3416
536 3192 824 3360
96 3152 264 3344
1064 3136 1488 3416
832 3120 1248 3704
776 3120 984 3312
0 3096 192 4000
1224 3080 1472 3264
424 3072 752 3296
184 3040 512 3608
712 2992 1168 3232
568 2992 816 3200
1288 2968 1640 3216
1512 2960 1824 3328
1104 2952 1392 3128
0 2920 440 3184
280 2904 584 3192
576 2888 984 3064
856 2800 1112 2968
1560 2792 1776 2968
304 2776 664 3032
0 2768 400 3024
392 2688 632 2856
1232 2672 1448 2848
1360 2656 1624 2896
1344 2656 1552 2840
1600 2648 1824 2808
768 2632 960 2864
264 2600 568 2768
120 2600 448 2840
0 2592 240 2800
704 2568 912 2760
1208 2504 1392 2712
968 2496 1344 2776
0 2496 568 2672
464 2488 696 2704
656 2480 920 2656
1392 2472 1728 2728
952 2472 1256 2696
1656 2424 1824 2688
280 2424 584 2608
1256 2384 1416 2584
1400 2360 1576 2528
1600 2344 1784 2576
0 2336 432 2568
640 2304 1144 2480
440 2288 800 2480
288 2280 496 2440
968 2272 1320 2520
1168 2224 1392 2416
816 2216 1048 2400
1048 2096 1256 2368
1200 2088 1552 2448
448 2056 864 2272
1600 2032 1824 2488
776 2032 1240 2272
1096 1960 1312 2128
520 1944 888 2120
56 1896 504 2208
1200 1872 1416 2048
984 1864 1168 2088
1208 1824 1672 2520
0 1768 296 2016
1432 1744 1776 2120
472 1688 912 2000
160 1688 656 2056
816 1648 1336 1912
1432 1640 1632 1896
1600 1616 1824 1880
0 1600 272 1872
496 1504 680 1680
1272 1496 1552 1840
576 1496 840 1656
896 1488 1368 1728
1648 1424 1824 1760
280 1376 448 1600
1472 1368 1640 1720
144 1352 328 1528
408 1336 648 1520
528 1312 760 1520
344 1280 616 1440
0 1224 408 1720
1608 1168 1824 1528
568 1160 1456 1888
688 1112 864 1280
0 1064 280 1312
232 1048 768 1424
472 1040 760 1256
128 952 408 1208
608 944 992 1240
1176 928 1616 1448
776 928 1088 1152
1536 824 1824 1232
928 744 1200 1120
0 736 584 1168
264 552 1040 1152
1576 544 1824 744
1264 512 1624 704
600 480 1824 1216
112 472 304 672
0 456 336 808
648 416 872 576
1464 408 1824 600
960 400 1536 560
792 400 1048 576
184 368 688 728
496 312 848 488
128 232 400 464
776 160 1224 456
1152 128 1824 496
1480 104 1824 280
0 88 256 368
736 0 1440 296
0 0 832 400
0 1112 1824 4000
0 0 1824 1728
0 2096 1824 4000
1128 2744 1472 2928
0 1112 1824 3048
1096 1368 1824 3048
144 1216 448 1600
0 1112 1456 2536
0 3040 1824 4000
1128 1872 1416 2056
208 1664 512 1824
0 1768 296 2120
1200 1368 1824 3048
144 1272 448 1600
0 480 1824 1728
0 2096 1824 3616
1304 1728 1520 2000
0 2336 1256 3616
688 2096 1824 3416
1200 1368 1824 2944
1120 3192 1328 3368
0 1160 1456 2536
0 1816 1240 2536
0 552 1424 1728
0 552 1248 1728
392 1496 840 1728
392 1504 680 1728
144 1352 448 1600
0 2336 1168 3616
392 2688 808 2856
968 3048 1472 3264
0 0 1824 1168
1136 3080 1472 3264
1368 1392 1568 1592
0 0 872 1168
288 1816 1240 2536
440 1816 1240 2536
520 1816 1240 2536
520 1864 1240 2536
1568 2592 1824 2944
96 3152 264 3704
0 2592 1168 3616
520 1864 1168 2120
496 0 1824 744
1528 3192 1824 4000
1200 1368 1824 2728
344 3624 536 4000
0 2336 1024 2864
704 2568 960 2864
0 552 1248 1720
280 1312 760 1624
328 1312 760 1624
0 1160 1456 2272
968 2096 1464 2848
0 2336 1024 2768
0 3040 1784 4000
0 0 832 1168
640 2032 1240 2536
0 2336 920 2768
968 2096 1448 2848
968 2096 1392 2520
384 3192 824 3616
480 3192 824 3440
0 2336 696 2768
688 2656 1824 3416
1360 2656 1776 3008
1472 1368 1824 1880
688 2720 1824 3416
496 312 1048 576
600 480 1824 1528
736 0 1824 744
776 128 1824 744
688 2720 1288 3024
264 552 1248 1256
1360 2656 1776 2968
640 2032 1240 2480
968 2096 1320 2520
1200 1496 1824 2728
688 2720 1224 3024
992 2896 1824 3416
1104 2896 1504 3128
0 952 768 1720
424 3384 1784 4000
472 1160 1456 2000
0 2592 1168 3296
0 2592 400 3024
1464 1944 1648 2224
0 3040 1248 4000
640 2216 1144 2480
1272 1496 1776 2120
1272 1496 1632 1896
992 2960 1824 3416
1064 2960 1824 3416
1288 2960 1824 3416
1288 2968 1640 3416
856 2800 1184 3024
1200 1824 1824 2728
1392 2032 1824 2728
1600 2032 1824 2688
1176 824 1824 1528
0 88 400 488
0 88 256 488
960 400 1824 744
0 2600 1168 3296
0 1048 768 1720
424 3752 1000 4000
264 552 1248 1192
928 744 1248 1192
0 2336 696 2704
0 2904 1168 3296
736 0 1824 296
120 2600 984 3064
904 3384 1784 4000
304 2776 984 3064
552 3752 1000 4000
264 552 1088 1152
0 1048 768 1424
448 3120 1248 3864
904 3400 1784 4000
0 2336 568 2672
160 1688 864 2272
1200 1824 1672 2520
0 2904 584 3192
568 1160 1456 1912
0 368 688 1168
424 2992 1168 3296
448 3392 976 3864
960 400 1624 704
0 368 688 808
88 3040 520 4000
904 3704 1784 4000
112 368 1824 2000
232 2200 944 2360
0 0 1824 624
0 440 1824 4000
0 440 1824 3440
0 1160 1824 3440
672 1160 1824 2072
0 2584 1824 4000
0 1792 1824 3440
0 440 1312 2408
264 2280 624 2440
672 1568 1344 2072
472 1792 1824 3440
456 1944 1240 2304
0 440 1024 2408
0 2496 1536 3192
0 2496 1120 2856
0 2496 776 2856
0 2496 664 2856
1128 1160 1824 2072
0 0 1824 488
0 2648 1824 4000
1128 1336 1824 2072
1192 1336 1824 2072
0 1744 352 2016
536 3160 1824 4000
0 2648 1640 4000
912 1792 1824 3440
912 1976 1824 3440
912 1976 1824 2800
912 1976 1656 2728
296 1312 848 1776
672 2744 1536 3192
672 2744 1472 3192
960 3016 1392 3192
1192 1424 1824 2072
1280 2616 1824 3440
296 1312 760 1776
456 1944 1112 2256
0 440 912 2408
0 440 912 2296
1280 2616 1824 3048
472 2272 1192 2536
1048 2000 1432 2200
1192 1424 1824 2048
672 2744 1472 3024
0 440 912 1872
536 3360 1824 4000
928 3080 1640 3504
0 2648 1168 4000
1040 3080 1640 3504
1432 1792 1824 2688
0 2688 1168 4000
592 3168 992 3360
1344 2656 1648 3008
1040 3080 1480 3504
672 2760 1216 3024
864 2800 1216 3024
0 3072 568 4000
0 3072 560 4000
432 3448 840 4000
0 2688 1168 3496
1416 1424 1824 1928
1584 1424 1824 1928
0 2688 792 3496
0 2688 768 3296
720 3392 1824 4000
0 2776 768 3296
1616 3768 1784 4000
1208 3712 1376 3872
432 3584 840 4000
720 3464 1320 4000
1664 3448 1824 3736
480 3448 640 3616
1192 3392 1824 4000
248 3392 568 3616
536 3360 880 3880
1040 3296 1408 3504
1584 3208 1824 3496
1416 3208 1640 3440
488 3200 792 3496
592 3192 824 3360
760 3160 1192 3704
1496 3144 1704 3328
0 3096 248 3960
1088 3080 1480 3416
88 3072 560 4000
280 2976 768 3296
1288 2968 1824 3440
488 2904 824 3216
1128 2896 1416 3104
656 2888 1168 3248
936 2824 1216 3024
1600 2792 1824 3048
0 2776 440 3184
672 2760 920 2976
1128 2744 1472 2984
1560 2728 1824 2968
304 2688 656 3016
1344 2656 1624 2896
272 2648 448 2856
1280 2616 1544 2840
704 2600 1120 2840
552 2600 776 2768
256 2600 664 2856
1568 2592 1824 2800
936 2584 1448 2848
0 2584 320 3016
736 2472 1368 2664
1424 2424 1656 2728
1656 2376 1824 2688
0 2336 800 2696
656 2304 1192 2536
1528 2208 1720 2680
0 2192 368 2408
1032 2168 1288 2376
1056 2096 1240 2304
1048 2032 1320 2200
1248 2000 1432 2176
912 1976 1624 2720
776 1944 1112 2256
456 1944 888 2200
992 1856 1304 2128
1432 1792 1824 2464
1192 1752 1536 2048
0 1688 888 2296
1416 1680 1632 1896
296 1608 512 1776
0 1584 360 1872
816 1568 1344 2072
1256 1488 1576 1832
1128 1488 1376 1728
1584 1424 1824 1880
1376 1392 1576 1576
1496 1336 1672 1720
392 1312 760 1728
144 1264 384 1528
1632 1224 1824 1480
1576 1160 1760 1392
472 1040 864 1280
1456 912 1632 1096
776 904 1312 1248
896 736 1064 928
0 440 912 1720
1248 400 1824 624
1200 0 1824 296
0 1976 1824 4000
0 0 1824 2464
0 368 1824 2464
0 3072 1824 4000
0 1976 1824 3616
0 1160 1824 2464
0 1312 1632 2440
264 2272 824 2440
0 0 1824 1720
0 440 1312 1720
0 2200 1648 3616
0 2584 1168 3616
672 1976 1824 3504
1432 1160 1824 2464
672 1976 1824 3440
0 2200 1648 3032
1032 2096 1288 2376
928 3016 1392 3264
0 2304 1648 3032
0 1312 1632 2408
1496 3144 1824 3736
272 2648 448 2944
456 1392 1632 2256
0 1312 888 2408
0 2304 1544 3032
0 2304 1544 2856
0 2336 816 2856
0 2336 800 2856
1496 1160 1760 1720
496 2304 1544 2840
672 1392 1632 2128
1432 1224 1824 2464
816 1392 1632 2072
816 1488 1632 2072
672 2584 1824 3440
1088 2656 1824 3440
1088 2792 1824 3440
1128 2744 1536 3032
656 2304 1544 2840
736 2472 1544 2840
912 1976 1824 2728
480 2904 992 3616
672 1856 1304 2128
0 1312 760 1872
0 1584 512 1872
672 2584 1448 3104
672 2584 1448 3024
1432 1424 1824 2464
1344 2656 1824 2968
0 1688 888 2408
1192 1488 1632 2048
480 2904 824 3616
256 2520 664 2856
0 3072 880 4000
432 3360 880 4000
488 2904 824 3496
488 2904 824 3360
704 2584 1448 3024
1088 2968 1824 3440
1496 3144 1824 3496
1088 3080 1640 3440
704 2600 1216 3024
816 1488 1376 2072
720 3160 1824 4000
0 2584 1168 3296
1528 2208 1824 2688
0 2584 768 3296
0 2584 656 3184
0 2584 440 3184
1192 1488 1576 2048
720 3160 1320 4000
0 1968 352 2176
0 2176 496 2440
968 432 1376 744
496 1512 1056 1904
496 1512 928 1904
1048 3400 1392 3768
984 880 1824 1768
1264 2968 1824 4000
328 512 784 760
0 2104 1656 3688
0 2104 1656 3448
0 2104 1656 3200
984 1008 1824 1768
1176 1008 1824 1768
1176 1008 1824 1632
0 1680 232 1920
504 3384 840 3688
616 208 1824 1240
1264 3200 1824 4000
512 0 1328 408
1264 3200 1824 3744
792 0 1328 328
512 0 936 408
0 2768 248 3368
696 208 1824 1240
960 208 1824 1240
1024 208 1824 1240
1024 328 1824 1240
1624 1008 1824 1576
1024 520 1824 1240
1312 3200 1824 3744
1312 3200 1824 3560
456 3088 1024 3448
1024 520 1824 1152
0 1976 352 2176
1040 520 1824 1152
824 1824 1168 2048
312 1608 568 1776
0 2104 1656 3144
232 2104 1656 3144
240 2104 1656 3144
280 2264 800 2536
1296 792 1824 1152
0 0 1824 2280
568 3088 1024 3416
0 1424 1824 4000
0 2600 1520 4000
1296 792 1824 1056
568 1424 1824 3416
0 2464 280 2704
0 0 688 416
1640 3464 1824 4000
1648 1480 1824 1768
280 2264 536 2440
416 976 1536 1656
912 1424 1648 1928
0 1688 992 2280
0 1688 968 2216
568 1616 1824 3416
568 1616 1824 2848
0 2728 1520 4000
56 2728 1144 3264
560 2728 1144 3232
560 2728 1144 3056
0 0 1824 1864
152 1200 648 1712
152 1200 648 1656
152 1200 648 1520
272 1272 648 1520
272 1312 648 1520
0 3056 1520 4000
416 976 1344 1424
520 1160 1536 1656
240 2432 912 2776
0 2600 728 3048
128 912 400 1208
568 1616 1824 2688
568 1880 1472 2272
568 1880 1320 2272
56 2856 920 3264
752 2104 1656 3144
1312 1616 1824 2688
0 1712 784 2216
1120 2688 1824 3416
1120 2688 1784 3416
1120 2968 1520 3416
496 0 1824 648
680 2248 1192 2496
1360 2688 1784 3048
0 16 1216 1864
0 1376 448 1864
0 1448 416 1864
0 1448 384 1784
0 1448 352 1784
752 2208 1656 3144
992 2664 1536 3144
0 0 664 368
32 0 664 368
0 16 1216 1584
56 1712 784 2216
752 2208 1656 2752
728 0 1824 648
728 168 1808 648
1320 400 1808 624
800 3376 1040 3752
568 1952 1200 2272
728 168 1672 648
728 168 1672 552
56 1712 576 2208
752 2448 1440 2752
56 1888 528 2208
520 1160 1208 1632
536 3480 1520 4000
536 3752 920 4000
792 112 1224 328
56 2856 920 3224
1080 0 1824 296
1080 56 1824 296
0 3056 672 4000
752 2448 1440 2736
568 1992 1200 2272
0 3184 672 4000
240 2432 768 2776
240 2856 920 3224
880 3376 1040 3752
912 1496 1648 1928
0 3184 552 4000
0 96 1216 1584
0 352 1216 1584
0 552 1216 1584
568 1992 1048 2232
416 976 992 1280
1448 424 1808 624
1360 2792 1784 3048
616 3480 1520 4000
0 352 680 728
184 376 680 728
1312 1616 1824 2576
0 3192 552 4000
0 3192 536 4000
616 3568 1384 4000
704 2800 1144 3056
0 552 968 1584
1376 1616 1824 2576
1376 1776 1824 2576
0 552 792 1584
0 552 768 1128
0 552 768 1008
0 552 664 1008
0 552 664 944
1136 2208 1656 2656
384 2856 920 3224
0 3192 360 4000
1024 2816 1536 3144
1376 1880 1824 2576
0 3192 256 4000
0 3192 240 4000
1512 1880 1824 2576
240 2432 768 2760
0 1000 792 1584
864 2248 1192 2496
0 1000 696 1584
616 3568 1272 3856
1600 2032 1824 2576
0 1000 488 1584
0 1000 488 1400
0 1064 440 1400
432 3832 616 4000
536 3824 768 4000
48 3816 256 4000
1216 3768 1520 4000
904 3768 1112 3944
184 3768 360 4000
720 3752 920 4000
504 3752 720 3912
1080 3704 1384 4000
1640 3616 1824 4000
200 3616 536 4000
616 3576 1016 3856
456 3576 672 3768
992 3568 1272 3840
1440 3552 1744 3928
104 3512 288 3880
288 3504 552 3760
1048 3496 1272 3664
1296 3480 1520 3808
1648 3464 1824 3736
1200 3400 1392 3768
1264 3384 1544 3664
584 3384 840 3688
0 3336 168 3560
456 3280 696 3448
752 3272 928 3456
1312 3216 1640 3432
1592 3200 1824 3560
1616 3168 1824 3440
880 3112 1360 3624
440 3112 600 3296
1120 3096 1480 3416
160 3056 664 3616
0 3056 192 3368
584 3048 832 3264
968 3016 1168 3200
1448 2968 1824 3320
384 2960 672 3224
704 2952 1112 3232
1120 2944 1424 3144
56 2936 280 3144
240 2912 440 3112
784 2888 1144 3056
640 2856 920 3056
1024 2816 1536 3032
1360 2808 1632 3016
1536 2792 1784 3048
0 2768 248 3096
304 2752 728 3048
992 2664 1504 2888
1592 2648 1824 2848
0 2600 496 2968
704 2576 1112 2832
312 2560 640 2776
944 2552 1232 2752
1112 2504 1440 2736
552 2480 768 2760
752 2448 1240 2640
240 2432 600 2624
1392 2424 1728 2776
0 2336 376 2520
1136 2288 1504 2656
864 2280 1048 2480
456 2280 800 2536
960 2248 1192 2496
0 2232 496 2440
1600 2216 1824 2576
1176 2208 1656 2480
1480 2176 1656 2352
1048 2128 1240 2328
1200 2120 1392 2320
1224 2104 1568 2304
448 2056 784 2216
1656 2032 1824 2304
968 2000 1200 2272
232 2000 528 2208
752 1992 1048 2232
0 1976 160 2136
1368 1968 1552 2216
1376 1936 1624 2152
56 1888 384 2136
1512 1880 1824 2240
1096 1880 1320 2088
968 1856 1168 2048
328 1856 664 2072
0 1784 256 1976
1576 1776 1744 1968
1176 1768 1416 2048
1440 1744 1696 2096
208 1712 576 1968
0 1696 232 1920
464 1688 968 2040
0 1680 176 1856
912 1632 1264 1912
824 1616 1056 1824
0 1584 184 1760
496 1544 872 1904
1096 1528 1288 1704
720 1512 928 1704
1168 1496 1648 1928
1648 1480 1824 1648
176 1480 384 1640
328 1472 608 1656
848 1400 1080 1632
232 1376 448 1600
1104 1336 1536 1656
344 1272 624 1440
520 1264 968 1576
0 1224 248 1584
152 1200 328 1464
1624 1184 1824 1576
712 1160 1208 1632
416 1136 696 1336
984 1128 1344 1424
1248 1072 1512 1240
0 1072 176 1296
96 1064 440 1400
1176 1040 1696 1632
472 1040 792 1256
1624 1008 1824 1232
680 1000 992 1280
232 1000 488 1272
416 976 784 1144
0 960 256 1128
1384 952 1632 1152
168 912 400 1120
1104 880 1416 1192
608 880 968 1080
920 848 1216 1152
1520 824 1824 1024
632 816 952 1000
1296 792 1592 1056
1024 760 1240 968
0 760 296 1008
184 736 536 984
264 728 664 944
472 696 768 864
696 608 1032 952
328 592 688 760
0 552 344 848
1056 536 1376 744
1608 520 1824 904
1040 520 1696 936
600 512 784 720
0 456 256 656
1576 432 1808 624
1128 432 1488 648
968 432 1184 616
616 416 1008 792
1320 400 1504 560
232 376 680 728
184 376 408 608
0 352 256 528
1608 328 1824 520
128 248 392 432
728 240 1168 552
960 216 1176 408
352 216 688 416
32 192 432 368
1144 168 1672 488
512 144 928 408
0 96 256 400
1080 56 1512 296
184 48 424 208
1400 0 1824 224
976 0 1328 168
512 0 936 208
368 0 664 264
0 1400 1824 4000
0 0 1824 2136
0 1400 1824 3440
880 1480 1824 3440
0 1400 1440 2752
880 1480 1824 3432
0 2432 1824 4000
496 0 1824 1928
0 0 968 2136
520 416 1824 1928
0 3112 1824 4000
0 2432 1632 3616
176 1376 568 1776
176 1480 568 1776
176 1480 488 1712
1360 2688 1632 3112
1360 2808 1632 3112
0 2120 312 2312
0 2432 1536 3616
0 2600 1112 3616
968 1480 1824 3432
1576 1480 1824 1968
96 1400 1200 2496
1576 1616 1744 1968
968 1744 1824 3432
0 2136 1440 2752
96 1400 1200 2272
0 1584 184 1856
1168 1968 1568 2304
1168 1968 1552 2216
88 3192 288 3880
296 592 968 1080
800 3376 1016 3688
240 2432 1536 3200
0 0 792 2136
0 1712 576 2136
520 416 1632 1632
