0 0 4000 1824
456 1208 744 1416
1672 592 2296 1136
888 968 1320 1352
2992 0 3840 448
3056 664 3480 832
2152 1128 2368 1384
2488 368 2840 848
2568 656 2840 848
2408 1080 3352 1504
1152 1464 1552 1824
1208 1464 1552 1800
3080 1280 3352 1480
0 0 2704 1824
0 0 1992 1824
1712 592 2296 1008
1664 0 4000 1824
960 0 2704 1096
2304 224 2592 792
2304 224 2560 792
0 0 1992 1784
1064 0 1608 288
1488 1192 2480 1824
0 0 792 632
3576 536 4000 872
120 0 1992 1784
0 352 1624 1824
0 352 328 952
2792 1400 3592 1824
1672 728 2096 1136
2488 368 2768 832
1488 1376 2480 1824
0 744 1624 1824
960 568 1600 1088
0 1216 192 1824
1232 0 2704 1096
1728 0 2704 448
2344 0 2704 448
2664 1400 2912 1824
3432 1104 4000 1824
2000 464 3432 1824
1808 1192 2176 1440
1232 80 2392 1096
1848 80 2392 776
1848 80 2240 640
1848 80 2224 456
1728 0 2416 448
1856 0 2416 448
1216 832 1992 1784
2904 0 3224 280
2680 888 3000 1224
120 0 1864 1408
1128 904 1712 1408
1160 968 1712 1408
3520 1440 4000 1824
0 0 792 584
96 0 792 584
96 0 792 512
128 0 792 512
1664 0 4000 1648
3576 576 4000 872
3680 608 4000 872
1752 592 2296 1000
2408 1080 3152 1504
1232 168 2032 1096
1232 168 1912 1096
2256 0 4000 1648
1808 1192 2152 1408
3432 1104 4000 1720
3480 1168 4000 1720
1064 0 1488 264
0 744 1336 1824
1216 832 1944 1784
120 0 1864 1248
648 0 1864 880
648 0 1744 880
120 416 1328 1248
0 352 328 936
2896 1200 3112 1416
1160 968 1592 1328
128 0 792 376
128 0 712 352
128 0 696 272
2560 368 2768 736
0 0 240 312
0 744 776 1824
2560 456 2768 736
2256 0 3040 1000
1200 1208 1712 1408
120 416 1096 1248
2704 0 4000 1648
960 568 1424 920
2408 1080 2888 1504
96 312 384 496
1216 1072 1944 1784
1520 1072 1944 1784
1544 1072 1944 1784
2432 1080 2888 1456
3488 1232 4000 1720
3488 1304 4000 1720
1208 648 1600 1088
1296 648 1600 1040
360 280 736 584
2792 1464 3376 1720
2792 1464 3104 1720
3584 0 4000 368
480 1136 1336 1824
480 1344 936 1824
2000 680 3096 1824
120 480 1096 1248
16 1008 776 1824
2992 56 3840 448
2992 80 3504 448
2952 1600 3368 1824
664 0 1744 880
664 56 1176 376
2704 264 4000 1648
2704 264 4000 1264
2896 432 4000 1264
3368 928 4000 1264
2704 264 4000 712
3280 1400 3592 1824
1664 432 2384 904
104 1008 776 1824
304 1200 776 1824
1232 168 1912 592
1232 336 1912 592
1232 352 1728 592
0 352 280 936
832 1136 1336 1640
2992 80 3488 448
128 504 1096 1248
840 1424 1624 1824
1144 1424 1624 1712
1248 1424 1624 1712
2960 0 3712 256
2752 992 3568 1648
2968 992 3568 1648
2896 432 3864 1112
3168 432 3864 1000
1328 0 1864 272
2360 0 3040 848
2896 760 3240 1112
0 744 224 1288
3168 632 3864 1000
336 1240 776 1824
104 1008 472 1680
3056 1032 3568 1648
3056 1032 3568 1528
3056 1192 3512 1528
1400 488 1712 1096
1400 488 1712 904
2704 288 4000 712
2704 288 3568 712
3480 360 4000 664
128 536 1096 1248
128 536 944 1248
1544 1224 1944 1784
2704 304 3328 712
2704 376 3224 712
1664 432 2312 824
2704 376 3120 712
104 1280 344 1680
3592 1304 4000 1600
712 0 1744 880
712 0 1744 632
944 0 1744 608
2224 1168 2840 1824
2776 1120 3152 1432
480 1344 936 1800
2608 1080 2888 1456
328 536 944 1248
1024 0 1744 536
1024 0 1584 536
328 608 944 1248
2000 680 3096 1296
2000 728 2800 1296
840 1552 1216 1824
432 808 944 1248
3480 360 3904 664
3168 704 3864 1000
2224 1168 2624 1824
3432 1656 3608 1824
1152 1656 1320 1824
3200 1640 3368 1824
144 1640 448 1824
3520 1624 4000 1824
552 1624 888 1824
1048 1608 1216 1824
2952 1600 3264 1824
1208 1568 1472 1800
840 1552 1128 1824
776 1544 976 1704
480 1544 752 1800
2664 1536 2912 1824
1488 1520 2480 1824
2528 1512 2840 1824
1144 1504 1304 1696
336 1488 632 1824
2792 1480 3080 1720
840 1480 1048 1640
2840 1464 3104 1656
1344 1464 1552 1768
3784 1440 4000 1656
3592 1440 3880 1600
3024 1424 3304 1584
1248 1424 1496 1640
0 1408 192 1824
3488 1392 3848 1720
2336 1384 2624 1824
1544 1384 1936 1784
1896 1376 2280 1672
104 1376 344 1680
1520 1368 1680 1552
608 1344 936 1648
3080 1336 3456 1648
1216 1328 1600 1536
16 1328 232 1608
3616 1304 4000 1488
120 1280 280 1472
3352 1256 3608 1480
1088 1240 1336 1568
480 1240 776 1560
2512 1232 2816 1592
1200 1232 1448 1408
1664 1224 1944 1504
2104 1216 2448 1672
1808 1216 2008 1408
1344 1208 1712 1392
2680 1200 2888 1456
304 1200 528 1616
3056 1192 3512 1504
2408 1192 2664 1504
808 1192 968 1440
2824 1184 3048 1432
3480 1168 3912 1400
2224 1168 2512 1456
832 1136 1184 1640
2152 1128 2320 1336
1240 1096 1592 1328
2608 1080 2776 1352
432 1056 832 1248
3104 1032 3568 1336
3672 1008 4000 1264
192 1008 472 1392
2968 992 3280 1192
1160 968 1384 1176
888 968 1248 1352
808 928 1040 1184
2000 920 2704 1296
1840 920 2088 1112
304 920 544 1104
1128 904 1360 1104
2680 888 2976 1224
0 880 168 1384
2440 856 2736 1072
3112 840 3296 1040
2896 832 3240 1112
1472 832 1784 1240
464 832 624 1088
2256 824 2448 1000
1904 808 2256 1152
512 808 944 1152
3504 784 3864 976
3016 760 3224 920
792 760 1096 1032
1952 744 2296 1000
0 744 176 1048
128 736 328 1016
2392 728 2800 936
1712 728 1984 1008
1672 728 1888 1080
1768 720 1952 920
3168 704 3672 1000
1408 688 1600 1040
48 688 272 952
2792 680 3096 864
3680 672 3880 872
3496 664 3736 864
1760 664 1936 848
2568 656 2784 832
656 648 856 808
2488 640 2680 832
3360 632 3632 856
3736 608 4000 872
960 608 1280 920
328 608 624 984
992 600 1328 1080
0 600 184 936
1752 592 2032 816
3576 576 3768 760
3192 544 3464 736
736 544 984 808
528 536 792 840
2592 512 2768 736
208 504 608 824
1448 488 1712 904
120 480 400 792
1928 472 2312 824
360 472 552 632
2952 464 3432 776
2560 456 2736 656
2336 448 2520 792
880 440 1608 880
3352 432 3696 768
1664 432 2008 784
424 416 656 576
2904 384 3120 712
1232 384 1560 544
3480 376 3720 664
2704 376 3032 712
712 368 1008 632
3656 360 3904 648
2000 360 2240 640
2064 352 2392 776
1416 352 1728 592
0 352 280 712
1584 336 1912 504
392 336 736 584
320 320 568 488
176 312 384 496
3152 304 3328 560
1096 296 1408 536
3256 288 3568 528
1960 288 2160 456
944 280 1168 608
3752 264 3968 480
3472 248 3664 416
2792 232 3072 552
2304 224 2560 528
1320 224 1744 440
648 216 928 384
1616 168 1848 400
2832 128 3040 376
64 104 240 312
2992 96 3400 448
2904 96 3088 280
664 96 968 368
3184 80 3488 352
1848 80 2224 408
3456 56 3840 264
832 56 1176 376
3712 0 4000 368
3416 0 3712 200
2960 0 3512 256
2360 0 2944 848
2456 0 2704 448
2344 0 2664 328
2064 0 2416 448
1856 0 2112 224
1728 0 1992 344
1536 0 1864 272
1328 0 1616 256
1232 0 1488 264
1064 0 1296 208
1024 0 1584 392
800 0 1192 200
592 0 840 160
488 0 696 232
128 0 680 272
0 0 184 208
1712 728 2088 1112
0 0 2008 1824
960 0 4000 1824
1488 432 4000 1824
960 0 4000 1432
2256 0 4000 1432
960 0 3224 1328
1960 288 2240 640
2256 0 4000 1272
3472 248 3744 416
0 0 1744 1248
0 72 2008 1824
3480 664 3736 880
0 72 656 1824
2752 432 4000 1824
144 968 2008 1824
960 0 2224 1328
2840 1400 3672 1824
1856 0 3224 848
2840 1400 3592 1824
584 264 792 512
3112 840 3832 1232
3288 984 3832 1232
1544 1384 2008 1784
0 72 624 1824
992 0 2224 1328
1232 0 2224 592
3752 264 4000 584
3808 304 4000 584
0 72 176 424
0 72 176 336
1488 432 3080 1824
2904 0 4000 872
2840 1464 3376 1824
2384 336 2592 624
2952 1528 3376 1824
992 488 1888 1328
1160 488 1888 1328
0 0 1744 536
2256 464 3432 1272
392 280 1608 1248
2680 840 2976 1040
0 352 624 1824
144 968 1712 1824
336 968 1712 1824
2488 512 2840 848
656 496 984 872
656 496 984 808
2960 0 4000 872
3344 0 3840 328
736 496 984 808
1232 80 2224 592
1416 80 2224 592
1584 80 2224 504
2560 368 2768 656
3432 1600 3672 1824
1664 432 2384 1504
1664 592 2296 1504
1664 808 2256 1504
1664 1016 2096 1504
3576 576 3880 872
1160 936 1592 1328
1328 0 1992 344
2960 0 3712 448
1856 0 3072 848
2752 1032 4000 1824
2896 1200 3288 1376
1856 0 2704 792
1488 920 3080 1824
1208 488 1888 1240
0 0 1176 536
2936 1032 4000 1824
2904 384 3224 712
1248 1424 1624 1768
2936 1032 4000 1656
1296 488 1888 1240
3456 0 3840 264
1896 920 3080 1824
2392 464 3432 1272
0 352 624 1744
720 1192 968 1440
1160 936 1448 1208
2488 512 2768 832
16 1008 528 1744
120 1008 472 1472
3352 1256 4000 1824
3152 0 4000 872
1856 0 2704 776
2752 1392 3304 1584
3168 432 4000 1264
1664 1072 1992 1504
2936 1032 4000 1648
3736 536 4000 872
16 1200 528 1744
3488 1392 4000 1824
336 1240 1472 1824
0 352 624 1104
0 352 552 1104
2360 0 3072 848
1856 0 2704 448
2064 0 2704 448
0 600 544 1104
16 256 568 536
3480 1168 4000 1488
1736 1072 1992 1288
3616 1232 4000 1488
168 280 568 536
168 312 384 536
0 352 552 792
0 352 400 792
0 0 1176 376
16 1328 344 1680
3168 432 4000 1056
3152 0 4000 664
2936 1032 3568 1648
320 280 568 488
888 968 1712 1568
888 968 1336 1568
128 736 544 1104
168 1200 528 1744
2392 680 3152 1272
0 0 968 368
0 0 712 352
2336 1080 3080 1824
1200 1208 1712 1552
592 0 1176 376
1024 0 1744 440
1296 488 1784 1240
1200 1232 1600 1536
2336 1232 3080 1824
2336 1232 2912 1824
2336 1232 2840 1824
1296 648 1784 1240
392 280 1608 880
392 336 792 840
1896 920 2704 1672
1896 1168 2664 1672
1936 1168 2664 1672
552 1504 1472 1824
3056 1192 3512 1648
2680 888 3152 1272
840 1504 1472 1824
1144 1504 1472 1800
0 0 680 272
3480 0 4000 664
1344 1208 1712 1552
2680 1400 3080 1720
432 760 1096 1248
432 808 1040 1248
464 808 1040 1184
336 1240 936 1824
3352 432 3696 856
2000 920 2704 1336
2104 1168 2664 1672
2392 680 3096 1072
712 280 1608 880
712 280 1408 632
512 808 1040 1184
2392 728 2800 1072
3152 288 3568 560
3168 704 4000 1056
2512 1232 2840 1824
712 280 1168 632
2704 232 3072 712
2104 1168 2512 1672
496 744 688 952
2336 1392 2496 1824
960 0 2704 1136
2392 360 2792 944
0 744 2480 1824
3288 1000 4000 1824
3440 1104 4000 1824
3440 1152 4000 1824
3440 1264 4000 1824
2648 1416 3368 1824
2648 1416 3056 1824
3488 536 4000 872
0 0 872 792
2808 416 3320 848
2672 1416 3056 1824
488 1080 1000 1344
3440 1424 4000 1824
2568 1080 2936 1264
3120 664 3480 832
0 744 1648 1824
1176 1464 1648 1824
0 744 1640 1824
3568 1264 4000 1488
2992 0 3808 448
0 0 872 568
0 208 872 568
0 0 2416 1816
520 928 1592 1816
520 928 1536 1816
1176 936 1536 1208
520 928 1320 1816
680 928 1320 1640
680 928 1320 1592
680 928 1320 1576
808 928 1320 1576
808 968 1320 1576
1648 728 2096 1136
128 480 624 792
0 0 2416 1280
64 0 2416 1280
64 496 1360 1280
320 0 2416 704
480 0 2416 704
2176 0 2704 760
2176 216 2560 760
2432 360 2792 832
1168 0 4000 1824
1168 808 3888 1824
320 0 840 184
1752 576 2312 1000
1664 0 4000 1264
3464 1152 4000 1424
0 1320 176 1824
3488 568 3768 824
1488 1400 2480 1824
1488 1456 2480 1824
960 48 2240 1096
1840 48 2240 704
0 0 360 336
1840 48 2240 584
1840 160 2240 584
0 0 360 328
664 0 2416 648
1848 0 2416 448
928 808 1208 1064
664 0 2072 648
3520 1424 4000 1784
3672 1424 4000 1784
1664 0 4000 1192
2360 0 4000 1192
824 968 1320 1576
2568 360 2792 736
960 168 1888 1096
960 568 1664 1096
2568 480 2768 736
2568 0 4000 1192
0 744 200 1296
0 904 200 1296
16 1096 1640 1824
208 1096 568 1584
664 0 2072 608
1664 432 2448 960
1808 1192 2168 1416
1168 808 2448 1728
1232 168 1888 888
960 568 1424 904
1168 808 2368 1728
16 1200 1640 1824
0 360 344 864
3672 536 4000 872
2792 1400 3560 1824
1664 432 2096 776
1736 432 2096 712
1608 808 2368 1728
1096 1368 1640 1752
1848 160 2240 584
2792 1400 3552 1824
2792 1472 3352 1720
1096 1368 1640 1680
1168 1408 1640 1680
3192 560 3616 856
1240 1424 1640 1680
1920 704 2312 1000
1232 168 1888 592
1416 168 1888 592
2896 0 3504 320
2992 64 3528 448
1584 168 1888 504
1208 712 1664 1096
3112 0 4000 568
16 1200 1216 1824
2144 856 3888 1824
1632 808 2368 1384
1768 808 2368 1384
3472 0 4000 520
1920 808 2368 1384
552 1576 1216 1824
3056 1040 3888 1712
2568 128 4000 1192
16 1200 784 1824
16 1328 784 1824
1560 40 2072 336
2936 1488 3352 1672
584 728 1024 1072
1408 488 1736 888
3056 1040 3592 1632
2144 856 3312 1824
3344 1216 3888 1712
664 0 1720 608
3016 328 4000 1040
1024 0 1720 496
1024 0 1528 496
2992 64 3528 432
3328 328 4000 960
64 616 856 1280
1168 968 1808 1464
3480 328 3944 664
96 1328 784 1824
96 1328 672 1824
304 616 856 1280
320 616 856 1280
432 832 856 1280
664 56 1224 608
504 832 856 1152
3440 1656 3680 1824
1048 1648 1216 1824
3208 1632 3368 1824
3672 1616 4000 1784
3520 1600 3784 1768
2952 1600 3272 1824
1344 1592 1648 1824
1112 1576 1280 1752
552 1576 1104 1824
520 1536 824 1816
2936 1488 3160 1656
1488 1488 2480 1824
272 1488 672 1824
0 1480 176 1824
2792 1472 3080 1720
1176 1464 1552 1824
784 1464 960 1640
1640 1456 2008 1760
3784 1424 4000 1664
1240 1424 1496 1616
3240 1416 3456 1576
2688 1416 3056 1824
3280 1400 3552 1824
1896 1400 2232 1632
3488 1384 3888 1712
1520 1376 1712 1552
736 1344 928 1592
480 1336 784 1608
96 1328 440 1824
16 1328 184 1560
3176 1312 3448 1632
1928 1312 2184 1488
3568 1264 3960 1448
1808 1248 1992 1416
2104 1240 2448 1664
320 1240 568 1584
808 1224 1048 1552
3344 1216 3720 1480
680 1216 864 1384
48 1200 216 1416
1856 1192 2168 1368
1608 1160 1944 1728
1176 1152 1352 1344
2120 1104 2368 1384
432 1096 824 1280
208 1096 464 1440
2224 1088 3312 1824
2568 1080 2784 1264
1768 1072 2168 1288
3056 1040 3592 1504
824 1000 1320 1576
3440 992 4000 1264
1400 976 1808 1432
1304 968 1592 1312
1168 968 1528 1464
1040 968 1240 1152
504 952 736 1152
3456 928 4000 1168
304 928 552 1104
1040 904 1208 1064
2144 856 3056 1304
1632 832 1816 1152
544 832 856 1080
64 824 304 1056
1920 808 2256 1152
928 808 1104 968
1720 784 2096 1136
760 784 1024 1072
2064 776 2312 1000
3016 752 3680 1040
1776 752 1952 920
1648 728 1816 1024
1336 720 1664 1096
1920 704 2152 864
240 696 400 960
2888 688 3224 880
3120 664 3352 832
1768 664 1928 864
2432 648 2680 832
656 640 856 808
3368 632 3616 856
2600 632 2784 808
320 616 840 984
960 608 1280 904
1104 600 1328 936
3672 576 4000 872
1752 576 2128 816
3192 560 3448 720
2016 528 2224 704
1408 520 1600 864
128 504 608 792
760 496 1360 864
1448 488 1736 888
2808 480 3320 848
2568 480 2736 680
2440 480 2624 808
2008 480 2448 960
136 480 624 776
480 464 888 704
2176 440 2376 760
1344 440 1608 656
3328 432 4000 960
1736 432 2064 656
1232 384 1576 544
2584 360 2792 536
0 360 288 864
3480 344 3720 664
1584 336 1888 504
3584 328 3944 648
320 320 656 568
744 312 944 512
1064 304 1528 496
1960 288 2240 584
3840 280 4000 520
0 256 392 568
3112 248 3608 568
1328 224 1720 440
2360 216 2560 592
776 208 1200 608
200 208 872 568
1848 160 2144 408
2568 128 3280 1192
2992 104 3400 416
1704 96 2072 336
64 80 360 328
3144 64 3528 432
664 56 1224 312
1560 40 1760 272
1032 24 1192 200
3472 0 4000 376
3416 0 3808 288
3144 0 3504 176
2896 0 3288 320
2360 0 2880 848
2368 0 2704 544
2080 0 2416 448
1848 0 2120 224
1328 0 1800 256
1064 0 1416 224
1024 0 1448 400
800 0 1120 192
584 0 840 184
128 0 688 272
0 0 2464 1824
384 1104 832 1344
1240 0 4000 1824
2888 0 4000 1824
0 0 2464 1280
0 432 1816 1824
1616 592 1816 1024
1240 0 3560 1824
1720 0 3320 1384
1976 528 2224 712
1240 976 3560 1824
2120 328 2400 560
152 968 480 1280
224 968 480 1160
712 1464 1280 1752
784 1464 1280 1752
928 1528 1280 1752
1400 976 3560 1824
2360 0 3320 1192
0 0 1328 1280
1720 432 3056 1384
48 688 400 960
960 432 1816 1208
960 568 1440 904
480 0 2464 864
1024 0 2464 496
1176 432 1816 1208
432 600 1328 1280
1064 0 2464 448
0 904 1592 1824
0 0 1224 1152
2416 336 2592 616
1336 432 1816 1152
480 160 2240 864
2888 432 4000 1824
1328 0 2464 448
792 600 1328 1216
1176 712 1536 1208
808 600 1328 1152
808 904 1208 1152
0 48 160 336
2888 560 3448 880
2896 0 4000 664
0 904 464 1824
2936 432 4000 1824
96 968 1592 1824
3440 1600 4000 1824
3672 1616 4000 1824
480 312 944 704
144 448 344 624
1768 664 1952 920
2392 128 3320 1192
2936 432 4000 1712
3288 992 4000 1280
3288 992 4000 1264
2392 480 2768 944
3440 1600 3784 1824
2936 1400 3552 1824
96 1000 1552 1824
2432 480 2768 832
0 904 464 1560
1400 976 3312 1824
2936 1040 4000 1712
656 160 2240 864
1232 160 2240 592
1336 488 1816 1152
1416 160 2240 592
2432 512 2768 832
656 416 1360 864
656 496 1360 864
3016 432 4000 1168
1168 968 1592 1464
3056 1040 4000 1712
1400 976 2480 1824
1336 488 1736 1096
1328 0 2416 448
1328 0 2120 336
1328 0 2072 336
0 904 464 1440
0 904 216 1416
1584 160 2240 584
0 0 1224 656
320 320 656 656
1720 432 2448 1384
1736 432 2448 1384
1736 432 2448 1000
520 1536 1216 1824
0 0 1224 608
1400 976 2448 1728
1400 976 2232 1728
1752 440 2448 1000
1808 1192 2232 1632
1808 1248 2232 1632
2568 128 3320 1192
3488 1384 4000 1712
96 1224 1048 1824
96 1240 928 1824
2896 0 4000 648
2896 0 3504 416
0 360 1024 1152
1024 0 1720 440
2896 0 3400 416
320 616 1024 1152
2360 0 2704 760
1752 440 2448 960
0 360 624 1104
0 360 552 1104
0 744 552 1104
1400 976 1944 1728
2360 216 2560 760
824 1000 1552 1824
1584 160 2144 504
2008 440 2448 960
96 1240 784 1824
272 1240 784 1824
3056 1040 4000 1632
3344 1216 4000 1488
3344 1216 3960 1480
1328 0 1800 272
1168 1408 1552 1824
3112 0 4000 648
128 0 1224 608
64 824 552 1104
1400 976 1808 1552
504 784 1024 1152
3016 432 4000 1040
3112 64 3608 568
1768 808 2256 1288
320 1240 784 1608
128 0 1224 568
3472 0 4000 648
128 0 1224 312
3736 656 4000 952
1128 1512 1928 1824
936 744 1320 1600
936 744 1160 904
1816 1344 2496 1824
1872 1344 2496 1824
1960 1344 2496 1824
1832 0 2296 360
1960 1344 2280 1824
3752 1424 4000 1760
744 1344 1144 1752
480 488 744 696
832 0 1784 344
856 0 1784 344
1960 1344 2280 1664
728 336 1128 568
856 0 1640 344
880 72 1640 344
0 288 552 1584
1256 400 2120 1760
1256 592 2120 1760
1256 1008 2120 1760
1520 1008 2120 1584
1680 1008 2120 1584
1672 592 2072 1136
2184 1280 2448 1664
1416 400 1784 1096
1424 400 1784 1096
1424 400 1784 1016
1472 400 1784 1016
1232 72 1608 288
2976 536 3584 1112
0 0 2184 1824
1616 0 2184 656
1616 0 2184 440
1680 1008 1960 1224
1800 0 4000 1824
0 0 1888 1824
624 616 880 808
2752 1400 3624 1824
2752 1400 3552 1824
2752 1448 3376 1824
2160 184 4000 1824
3424 1568 4000 1824
3624 1568 4000 1824
1800 0 4000 1424
1904 0 2704 552
1904 0 2504 440
2176 0 2504 400
1616 0 1944 440
0 288 304 1384
0 288 304 1016
0 520 304 1016
328 1304 592 1664
328 1304 520 1664
