0 0 4000 1824
1320 992 1632 1168
1400 0 4000 408
2856 0 4000 408
2128 400 2672 720
576 0 4000 1424
3240 0 4000 312
3064 1104 3776 1736
3080 1104 3776 1736
3080 1104 3704 1736
1400 0 3408 400
1400 0 3040 328
3136 0 4000 408
0 0 656 336
1304 344 2176 688
752 880 1904 1600
752 880 1904 1368
3472 624 3784 896
2216 1144 2424 1360
2072 88 3000 448
152 0 656 336
232 0 560 240
1488 1512 2568 1824
2504 1064 2888 1248
1168 1192 1712 1600
3232 1184 3704 1736
2072 88 2976 448
2416 136 2976 448
2688 72 3408 400
2368 1560 2608 1760
576 0 2128 864
2544 224 2976 448
152 96 656 336
152 96 568 336
3608 368 4000 784
632 424 840 728
2416 136 2760 336
3064 1312 3384 1640
3136 0 3864 392
576 0 2128 792
888 136 1520 792
888 136 1448 792
1456 128 4000 1424
3232 304 3736 576
1456 128 2680 912
0 0 1688 1824
2488 280 4000 1424
936 1432 1200 1624
816 536 4000 1824
576 0 2128 328
2672 800 3568 1504
2192 216 2680 520
1264 1264 1712 1600
1264 1264 1640 1600
2488 360 4000 1424
2560 360 4000 1424
784 456 1072 912
784 456 1032 784
1424 1304 2120 1640
1456 128 2392 912
576 0 1504 328
0 0 1352 1824
1304 344 2048 688
2680 360 4000 1424
1424 1392 2120 1640
992 888 1544 1168
1456 416 2392 912
888 880 1904 1368
1424 1392 1912 1640
1904 1040 4000 1824
1608 128 2320 432
2680 360 4000 1016
3608 368 3928 784
3464 1392 3872 1680
816 536 2856 1424
1608 576 2856 1424
832 0 1504 328
1168 888 1544 1168
832 0 1504 320
3472 824 4000 1424
0 264 1352 1824
464 1096 880 1440
3288 1592 4000 1824
2808 360 4000 1016
864 0 1504 320
888 136 1448 760
2672 800 3568 1376
2672 944 3568 1376
2912 360 4000 1016
2912 360 4000 1000
3288 496 4000 1000
3520 496 4000 1000
2912 360 3384 720
3344 1120 3928 1520
1456 488 2392 912
1456 616 1992 912
0 264 560 512
1904 1040 3600 1824
1904 1040 2848 1824
816 536 1976 1120
816 536 1640 1120
2768 1384 3600 1824
1752 488 2392 872
2560 504 3440 1064
864 0 1480 320
2120 576 2856 1048
1904 1128 2576 1576
264 0 968 712
0 424 1352 1824
0 424 1008 1360
1024 1408 1688 1824
0 1200 1352 1824
0 1200 1320 1824
768 1200 1320 1824
768 1200 1192 1824
768 1344 1160 1824
1136 536 1640 952
2768 1544 3600 1824
0 1264 1008 1824
384 680 1008 1216
0 1264 1008 1784
1904 1128 2440 1576
2312 576 2856 1048
2672 1064 3400 1376
784 1344 1160 1768
1136 624 1584 952
2832 1592 3600 1824
0 424 776 1360
3472 824 4000 1320
1608 872 2560 1424
384 840 992 1216
1904 1168 2440 1576
0 1288 664 1784
0 424 632 1360
2232 1040 2848 1824
2352 1040 2848 1624
2832 1640 3200 1824
768 1616 1048 1824
3288 1600 3600 1760
2632 1600 2856 1824
2320 1600 2568 1824
520 1600 832 1824
3552 1592 4000 1824
3096 1592 3600 1824
2416 1592 2608 1760
1168 1584 1688 1824
0 1568 368 1824
2768 1544 3168 1728
3712 1512 3872 1680
1488 1512 2496 1824
0 1496 664 1784
784 1480 1144 1768
2232 1456 2744 1824
3216 1448 3384 1640
1704 1440 1912 1640
760 1432 936 1592
2928 1408 3328 1608
1024 1408 1504 1824
1088 1408 1320 1608
3464 1392 3784 1616
1424 1392 1736 1584
2768 1384 3040 1648
3616 1360 3888 1520
2096 1352 2440 1576
3232 1320 3704 1736
2536 1320 2848 1624
3064 1312 3296 1512
1592 1304 1848 1504
0 1304 200 1568
152 1288 624 1584
2344 1272 2576 1496
1128 1272 1352 1472
1264 1264 1640 1496
512 1264 1008 1648
136 1224 384 1504
912 1200 1192 1376
752 1200 952 1360
1168 1192 1544 1392
3272 1184 3448 1344
2672 1176 3104 1504
1904 1168 2320 1512
464 1152 880 1440
2216 1144 2424 1320
2048 1128 2296 1368
3344 1120 3928 1424
888 1088 1416 1304
2672 1064 3400 1360
2504 1064 2760 1248
3744 1056 4000 1320
2352 1040 2728 1360
992 992 1216 1152
1168 976 1328 1168
1608 952 2248 1424
2984 944 3568 1200
3304 936 3632 1144
1168 888 1544 1096
1272 880 1904 1368
2104 872 2560 1176
384 856 576 1104
816 848 1192 1120
504 840 992 1216
1888 832 2136 1040
3472 824 3960 1216
3648 816 3920 1016
2464 816 2856 1048
3216 800 3512 984
2784 800 3192 1040
88 784 296 952
2120 760 2480 952
0 712 632 1360
704 680 1008 984
432 680 776 904
1456 664 1824 912
1320 648 1544 832
1632 616 1992 864
1752 584 1952 800
3520 576 3736 784
2312 576 2728 880
424 552 816 832
1344 536 1640 736
2912 528 3272 720
3288 512 3640 872
3640 496 4000 1000
1872 488 2392 872
872 456 1032 784
1680 448 2048 656
632 424 840 616
0 424 528 1016
2808 408 3024 576
208 408 376 568
2128 400 2576 720
3768 392 4000 592
3608 368 3896 672
2488 368 2944 536
2920 360 3384 640
1752 344 2176 512
1304 344 1752 688
888 344 1448 760
3464 328 3736 568
3232 304 3568 576
2544 288 2864 448
192 288 560 512
3096 280 3440 528
1552 272 1832 584
0 264 264 480
264 232 968 712
3768 216 4000 408
2248 216 2680 488
3584 168 3864 392
0 168 232 328
152 160 456 336
1376 144 1640 432
904 136 1424 456
1776 128 2320 432
3008 112 3408 320
1000 96 1280 320
336 96 568 296
2072 88 2536 312
2688 72 3168 400
1400 72 2192 328
3440 48 4000 312
3136 0 3752 392
2032 0 3040 232
1280 0 1504 240
864 0 1480 264
528 0 912 296
352 0 560 240
232 0 448 224
0 0 200 200
0 800 4000 1824
0 0 4000 1648
0 0 1992 1648
1280 0 4000 1064
2600 1560 2856 1824
3240 144 3712 392
1608 800 4000 1824
0 1344 2608 1824
96 408 376 568
0 0 1480 1104
0 1344 2568 1824
3768 1400 4000 1720
0 0 560 240
0 0 256 200
0 496 1992 1648
1280 0 3040 1040
2672 800 4000 1824
760 1344 1160 1592
1608 872 2888 1824
0 712 1544 1648
752 496 1992 1608
0 1408 2568 1824
2312 0 4000 1064
2312 368 4000 1064
3272 1184 3848 1424
2496 984 2888 1248
2488 368 2944 632
0 712 1216 1648
2488 368 2944 544
1336 496 1640 736
1400 0 3040 488
1608 872 2848 1824
0 1120 232 1432
3728 1032 4000 1424
1280 0 2576 1040
1704 1376 2120 1640
1840 1376 2120 1536
2672 1176 3328 1728
752 616 1992 1608
752 992 1416 1360
752 1088 1416 1360
2688 0 4000 672
3464 328 4000 672
424 424 936 832
2768 1312 3328 1728
2048 1128 2424 1368
1280 0 1640 432
1304 272 2576 1040
984 720 1216 912
2688 0 4000 640
3008 0 4000 408
3008 0 3752 392
3744 1056 4000 1424
2312 408 4000 1064
2312 408 3440 1064
2808 408 3272 720
2888 480 3272 720
3464 328 3896 672
2688 72 3568 640
1400 72 2864 488
0 160 1032 1104
3584 168 4000 408
424 424 840 832
432 456 1032 984
1304 272 2576 952
1304 272 2176 688
1552 272 2176 656
1552 272 2176 584
3288 496 4000 1016
3640 496 4000 1016
0 160 576 1104
3080 800 3960 1680
0 712 1192 1648
2248 216 2864 488
3464 1360 3888 1680
912 616 1992 1608
3080 800 3960 1424
1584 0 3040 312
912 1192 1848 1608
912 1192 1544 1608
912 1192 1544 1392
0 1408 1504 1824
3464 1360 3888 1616
0 160 456 480
2784 800 3568 1200
264 0 1480 760
0 288 576 1104
0 424 576 1104
0 1480 1144 1824
2672 1064 4000 1824
2816 944 3568 1200
432 600 1008 984
680 600 1008 984
1752 400 2576 952
2832 1320 4000 1824
3216 800 3960 1424
1168 1512 2568 1824
3288 512 3736 872
1608 952 2576 1576
1904 1168 2576 1576
1752 400 2576 872
2768 1384 3328 1728
2768 1384 3328 1648
0 712 632 1584
2832 1592 4000 1824
2104 872 2848 1824
0 1224 624 1584
1264 1264 1848 1504
2920 280 3568 640
264 232 1448 760
1136 616 1992 1368
528 0 1480 456
528 0 1480 296
1088 1272 1352 1608
1400 72 2320 432
2312 504 3440 1064
0 160 456 336
136 1224 624 1584
0 1496 1048 1824
2920 280 3440 640
1136 616 1992 960
0 1496 832 1824
464 840 1192 1648
3304 824 3960 1424
3096 1592 4000 1824
1136 624 1976 960
1456 664 1976 960
1168 1512 2496 1824
0 1496 664 1824
3304 824 3960 1216
464 1152 1008 1648
504 840 1192 1216
2232 1320 2848 1824
1584 0 3040 232
1176 1480 2440 1824
1384 0 3384 464
1384 0 3384 448
1208 1000 1680 1216
1224 1000 1680 1216
32 1224 464 1488
2792 0 4000 408
152 0 4000 1424
0 48 4000 1824
1224 1000 1616 1208
3024 0 4000 408
1224 1000 1616 1192
0 264 4000 1824
0 0 552 240
0 0 264 184
184 0 4000 1424
184 0 3672 1144
1320 1000 1616 1168
2248 1352 2760 1624
1224 128 2424 656
2664 960 3312 1440
2480 224 4000 1424
3232 336 4000 1424
3536 416 4000 1424
152 160 568 336
3240 0 4000 264
2664 960 3280 1440
2664 1056 3280 1440
1560 128 2424 584
944 664 1224 920
912 728 4000 1824
912 728 2880 1536
0 264 1568 1824
1312 544 1608 824
1704 944 4000 1824
2480 224 3584 736
1568 816 1976 1008
1888 728 2592 1040
2600 1552 2944 1728
3208 1304 4000 1824
2480 224 3584 656
2480 408 2992 584
3208 1320 4000 1824
1704 944 3632 1824
2368 1592 2744 1824
3176 944 3632 1288
1704 984 3568 1824
1840 984 3568 1824
1856 984 3568 1824
0 264 1168 1800
0 416 1168 1800
360 840 1568 1824
1856 984 3384 1824
552 456 1088 976
3584 1304 4000 1632
912 808 2880 1536
1896 984 3384 1824
992 840 1560 1160
552 488 1024 976
888 208 3672 1144
360 1056 1568 1824
576 488 1024 976
2712 1384 3384 1712
360 1280 1568 1824
1896 984 2824 1824
360 1280 1320 1824
2440 984 2824 1568
1896 1136 2696 1824
2432 1656 2744 1824
2632 1648 2792 1824
2688 1592 3568 1824
2368 1592 2608 1760
360 1592 840 1824
3704 1584 4000 1824
2768 1568 2944 1728
0 1560 368 1824
1240 1480 2440 1824
960 1464 1456 1824
2104 1440 2696 1824
1208 1392 1568 1664
2824 1384 3384 1712
2712 1384 3080 1624
0 1336 232 1592
3400 1328 3744 1600
3208 1320 3840 1824
512 1304 976 1648
736 1280 1320 1824
2832 1240 3144 1440
1144 1240 1360 1424
2528 1224 2816 1568
32 1224 368 1488
2704 1208 2896 1504
3088 1200 3392 1392
3344 1184 3712 1400
3248 1184 3448 1352
2192 1144 2576 1488
1896 1136 2328 1520
3176 1128 3464 1288
2664 1056 3280 1248
784 1056 1232 1344
2440 984 2824 1360
408 952 632 1120
3296 944 3632 1152
3536 912 4000 1424
992 904 1560 1160
912 880 2568 1536
216 864 384 1072
992 840 1360 1008
1888 832 2160 1040
2464 808 2880 1040
2072 728 2592 1000
640 680 1024 976
1032 664 1224 864
3712 624 3928 784
1328 584 1608 824
576 488 936 776
808 456 1088 832
3544 416 4000 1000
2480 408 2736 568
1744 352 2176 656
888 344 1992 960
3232 336 3920 1016
1224 328 1736 656
0 264 560 576
2080 240 2352 408
1560 232 1928 584
2824 224 3584 656
912 224 1168 432
1752 208 3672 1144
1776 128 2424 432
1384 120 1640 432
3440 48 4000 264
0 48 264 376
3024 0 3848 392
1400 0 3384 448
184 0 1696 752
224 0 552 240
0 0 192 184
1400 0 4000 1824
1208 1000 1616 1208
0 0 2880 1824
784 728 2880 1824
2432 176 4000 1824
3280 184 3624 352
1400 0 4000 1144
0 0 1992 1824
0 416 1320 1824
0 0 1992 976
3664 176 4000 408
96 408 360 568
1400 0 4000 656
1232 120 1640 448
728 984 984 1216
816 984 984 1216
2432 224 4000 1824
2432 944 4000 1824
2440 944 4000 1824
2432 1552 2944 1824
2696 960 3312 1144
960 1104 2816 1824
2432 1552 2872 1824
3400 1280 3768 1600
3400 1280 3744 1600
960 1136 2816 1824
1400 0 3384 656
1232 224 1520 448
1840 1376 2272 1576
640 224 1992 976
3024 0 4000 392
784 728 2880 1536
2824 224 4000 1424
640 328 1992 976
2368 1360 2760 1624
960 1240 2440 1824
1144 1240 1568 1664
784 840 2568 1536
0 0 1696 752
1568 728 2880 1040
0 48 560 576
2440 944 3712 1440
3176 944 3712 1400
3176 1128 3712 1400
2688 1304 4000 1824
784 840 1560 1344
1560 128 2424 656
0 1224 1320 1824
784 904 1560 1344
2440 984 3392 1440
640 456 1224 976
0 1280 1320 1824
1888 728 2880 1040
2440 984 3280 1440
2440 984 3280 1360
808 456 1224 864
0 1304 976 1824
960 1464 2440 1824
888 328 1992 960
0 1224 368 1592
0 1560 840 1824
1896 1136 2816 1824
1896 1136 2816 1568
2192 1144 2816 1568
2072 728 2880 1040
0 0 792 248
0 0 544 248
2328 0 4000 504
248 824 1912 1528
752 824 1912 1528
752 928 1224 1528
752 992 1208 1528
2536 0 4000 504
3248 0 4000 312
1320 1000 1624 1168
2536 72 3408 504
2648 72 3408 504
3072 0 4000 464
2624 1064 4000 1824
2672 72 3408 504
2840 72 3408 504
2624 1064 3840 1824
480 0 3072 832
480 0 2536 832
480 0 1544 832
664 0 1544 832
720 200 1544 832
720 232 1192 832
2872 512 4000 1088
3480 512 4000 1088
3072 0 4000 456
984 1360 3104 1824
1016 1360 3104 1824
1024 1360 3104 1824
1024 1408 3104 1824
1024 1408 2952 1824
1024 1408 2824 1824
912 824 1912 1432
1264 824 1912 1272
1336 0 2536 304
1552 184 3072 624
752 992 1208 1344
752 1096 1056 1344
2872 576 3568 872
3456 136 4000 456
3704 208 4000 456
1024 1408 2616 1824
720 232 1096 832
1840 0 2536 304
1840 56 2448 304
3408 1312 4000 1824
3488 624 4000 1088
3528 736 4000 1088
1024 1408 2576 1824
3528 736 4000 1016
3528 736 4000 944
3464 1312 4000 1824
2680 1632 3104 1824
1152 1408 2576 1824
2328 0 2992 280
1264 824 1912 1160
3464 1368 4000 1824
3072 0 3576 256
32 0 544 248
720 232 1032 784
0 56 4000 1824
1368 352 4000 1824
2400 896 2776 1232
2464 896 2776 1136
3680 1488 4000 1824
1672 376 2576 1296
2416 1560 2824 1824
0 56 1840 1824
1072 344 1656 672
144 0 544 248
1216 1408 2576 1824
432 56 720 304
1552 184 2864 584
3464 1368 4000 1616
3464 1368 3896 1616
1552 184 2752 584
1552 184 2320 584
1440 1416 2576 1824
1336 0 1896 184
1680 376 2576 800
480 352 760 600
480 368 760 600
1552 232 2320 584
1680 376 2576 736
2016 376 2576 736
2520 352 4000 872
2520 504 3112 832
2544 504 3112 832
1752 232 2320 520
0 96 1840 1824
0 168 512 712
0 168 360 712
0 168 360 688
0 264 360 688
0 392 360 688
1368 584 4000 1824
1672 632 2216 1296
1672 744 2024 1024
2624 1192 3840 1824
2624 1192 3768 1744
0 768 1344 1824
0 768 328 1552
0 96 1840 1208
1368 1216 1648 1560
1464 1216 1648 1496
1592 584 4000 1824
2784 776 4000 1472
2784 776 3528 1152
1264 824 1672 1088
3264 832 4000 1472
1672 744 2024 960
3000 352 4000 872
0 1144 1344 1824
80 1144 1344 1824
80 1144 1208 1824
2624 1192 3376 1640
2624 1192 3304 1424
1440 1416 2320 1696
1856 1512 2320 1696
1872 632 2216 1296
2016 376 2440 736
3000 352 4000 792
3440 352 4000 792
80 1144 1176 1824
296 1544 552 1824
2960 1344 3376 1640
3736 512 4000 872
3264 952 4000 1472
1592 584 3600 1824
2736 1384 3600 1824
2736 1520 3600 1824
2840 1520 3600 1824
3000 376 3528 720
152 96 1280 536
152 96 1280 496
3552 352 4000 792
1592 584 3096 1616
464 96 1280 496
464 128 1056 496
3264 1032 4000 1472
1872 872 2216 1296
1216 1408 1976 1824
0 400 1840 1208
2544 504 3048 832
3552 408 4000 792
2344 1144 2896 1616
2512 1144 2896 1616
2528 1256 2896 1616
1592 584 3096 1536
80 1144 888 1824
0 568 496 1024
144 400 1840 1208
296 400 1840 1040
0 568 488 1024
80 1144 888 1784
464 128 904 496
912 1136 1656 1432
504 1464 1176 1824
0 768 328 1408
1592 584 2856 1536
2088 584 2560 880
232 1144 888 1584
3616 1032 4000 1472
1592 776 2856 1536
1592 824 2568 1536
1592 920 2568 1536
1592 1024 2520 1536
1592 1144 2416 1536
1592 1144 2320 1536
392 1144 888 1544
1592 1144 2320 1520
1592 1144 1984 1512
3216 1352 3768 1744
440 560 1840 1040
664 0 1480 272
440 560 1744 1040
816 672 1744 1040
816 720 1488 1040
3056 1592 3600 1824
144 864 704 1208
440 560 1016 968
1024 1656 1288 1824
2024 1640 2576 1824
2912 1632 3104 1824
1872 1616 2080 1824
2736 1608 2976 1784
88 1608 368 1824
3056 1592 3464 1824
488 1592 744 1760
504 1576 864 1824
2160 1568 2472 1728
2512 1560 2824 1824
3816 1544 4000 1728
1488 1544 1976 1824
360 1544 544 1784
1152 1512 1328 1696
0 1512 256 1696
3320 1496 3768 1744
80 1496 448 1784
3680 1488 3880 1792
2960 1464 3376 1640
808 1464 1176 1752
3408 1456 3648 1624
2640 1448 2952 1824
3768 1440 4000 1608
2256 1440 2616 1664
3464 1416 3752 1616
1440 1416 1944 1696
232 1416 448 1584
1216 1408 1688 1824
2528 1392 2784 1616
1368 1392 1544 1560
0 1376 216 1552
3680 1368 3896 1552
2136 1360 2456 1552
3216 1352 3472 1560
1840 1352 2120 1536
3088 1344 3280 1520
896 1344 1168 1504
1464 1336 1624 1496
1912 1328 2096 1496
392 1320 624 1544
584 1312 840 1616
1592 1304 1848 1512
760 1304 976 1528
152 1304 360 1544
1128 1272 1344 1464
3336 1256 3624 1416
3248 1256 3608 1448
2528 1256 2896 1512
3664 1216 4000 1472
1472 1216 1648 1392
3120 1208 3304 1392
2256 1208 2416 1384
2624 1192 3200 1424
2120 1192 2320 1368
2344 1176 2576 1488
1896 1160 2320 1520
0 1160 328 1408
2512 1144 2784 1360
1608 1144 1984 1424
912 1144 1272 1392
472 1144 888 1440
1160 1136 1656 1432
3264 1128 3720 1368
3152 1120 3464 1288
824 1096 1056 1344
248 1088 872 1424
1272 1072 1880 1272
2936 1064 3256 1240
3440 1048 3760 1216
2400 1048 2688 1232
3616 1032 4000 1320
2272 1024 2520 1256
920 992 1208 1152
1144 976 1360 1184
1872 952 2064 1208
600 936 976 1152
2296 920 2568 1096
144 920 568 1208
1600 904 1912 1160
1264 904 1552 1088
2696 872 3096 1096
1896 872 2216 1296
448 864 704 1096
3472 832 3816 1024
3712 824 3920 1016
2128 824 2496 1288
1432 824 1672 1000
576 816 792 976
2784 792 3192 1064
816 792 1304 1040
3000 776 3528 1152
2496 776 2856 1024
168 768 480 1024
0 768 200 1240
2072 760 2272 936
3528 736 3816 944
432 728 712 936
0 728 288 952
1032 720 1488 952
736 696 1016 968
536 680 720 856
3840 672 4000 872
2608 672 2864 832
1456 672 1744 936
2872 648 3304 864
2088 648 2392 848
2824 632 3112 792
1968 632 2136 920
1624 616 1840 832
1064 608 1392 792
2312 584 2560 880
1736 584 2000 800
1320 584 1648 824
3280 576 3568 872
2200 576 2368 792
0 568 488 800
440 560 816 832
3736 512 4000 712
2544 504 3048 712
648 504 856 728
160 488 360 688
2016 480 2272 736
3000 464 3368 720
1680 464 2136 672
1072 456 1424 672
2800 448 3072 624
3440 440 3640 648
3552 416 3872 792
3768 408 4000 592
2360 408 2576 720
296 400 552 688
0 392 256 576
3248 376 3528 600
2192 376 2440 640
584 368 760 552
1112 360 1408 592
3568 352 3760 520
3208 352 3432 552
1304 344 1656 616
208 344 528 536
904 336 1192 680
2536 288 2752 464
2648 280 2920 456
464 272 840 496
3776 264 4000 456
0 264 240 488
1752 232 2320 480
720 232 1008 656
3168 216 3632 464
2248 216 2752 536
3704 208 3880 416
1072 200 1544 456
1712 184 2032 368
0 168 232 344
3048 144 3408 312
3456 136 3784 392
800 128 1056 328
632 128 904 360
152 128 560 384
2672 104 2944 312
2048 104 2448 304
2408 96 2776 280
1400 96 1888 664
912 96 1280 392
2840 72 3256 504
3184 64 3576 256
1840 56 2248 288
520 56 712 232
1336 24 1696 184
2064 0 2536 200
928 0 1480 272
664 0 1032 176
336 0 544 240
256 0 544 248
144 0 304 200
32 0 192 176
0 0 184 200
0 0 4000 1424
0 0 3784 832
0 560 4000 1824
0 560 2000 1824
760 1024 4000 1824
1672 0 4000 1424
1672 376 3816 1368
3208 0 4000 1424
1968 632 2136 968
0 0 1648 832
1672 376 3816 1296
1072 0 3784 720
0 0 1648 824
3336 1256 3784 1440
1272 1072 1880 1392
3208 208 4000 1424
3208 352 4000 1424
480 352 856 728
0 1304 1328 1824
2464 632 3112 888
2520 632 3112 832
2520 664 2864 832
0 560 2000 1440
0 1304 1288 1824
2512 1128 4000 1824
984 1512 1328 1768
920 824 1672 1184
2528 576 3816 1288
1064 824 1672 1184
1144 824 1672 1184
904 1408 1296 1624
1336 0 3784 504
2696 440 3072 624
760 1024 2896 1824
1840 0 3784 504
