0 0 1824 4000
416 0 768 752
488 0 768 752
488 0 720 736
736 800 1160 1000
0 1784 1824 4000
0 0 1824 2232
0 0 1824 2160
400 992 776 1680
400 1024 776 1680
400 1024 616 1544
728 0 904 744
720 1360 1824 2144
0 720 1552 984
200 848 848 1504
296 848 848 1312
448 848 848 1312
448 848 848 1064
0 704 1824 2160
0 0 1824 928
0 1872 528 2160
200 1056 528 1504
224 1056 528 1504
0 2000 1824 4000
0 704 1824 2072
856 1232 1824 1712
0 1784 1824 2816
576 1328 944 1888
808 1032 1392 1640
808 1032 1392 1536
0 936 392 1464
856 1336 1824 1712
0 0 696 664
784 0 1824 608
0 416 688 664
0 176 1824 928
0 0 696 552
0 48 488 552
24 0 696 432
784 0 1824 584
1208 288 1824 584
0 48 440 552
344 3560 576 3792
1144 32 1592 200
0 1352 976 2072
0 1904 392 2160
0 2368 1232 3016
784 0 1824 368
888 0 1824 368
888 40 1824 368
0 560 736 856
640 3200 1824 4000
0 2464 728 3016
304 176 1824 880
784 176 1328 648
936 176 1328 536
880 3200 1824 4000
24 0 696 224
0 1352 760 2072
720 1360 1824 2096
0 200 440 552
216 200 440 552
0 1912 328 2160
0 48 224 400
976 288 1328 536
888 72 1824 368
304 560 1824 880
304 576 1824 880
0 1912 288 2160
0 48 216 272
1208 288 1824 568
608 704 1824 1416
640 3832 992 4000
0 3728 584 4000
1264 3584 1520 3776
736 2992 952 3304
0 2576 552 3016
392 2464 728 2696
544 2368 1232 2584
1344 2056 1632 2384
968 1968 1488 2144
80 1952 328 2136
0 1912 240 2160
208 1872 528 2152
0 1808 1632 2816
1408 1784 1824 2064
400 1744 600 1904
1120 1736 1824 2096
616 1680 944 1888
120 1656 360 1832
856 1512 1272 1712
96 1448 760 1976
824 1400 984 1640
640 1376 976 1704
952 1368 1216 1592
720 1360 1824 2088
0 1352 176 2072
1264 1336 1824 1520
576 1328 856 1840
512 1328 776 1680
1024 1304 1480 1592
808 1216 1224 1536
64 1168 368 1760
200 1080 392 1344
112 1072 288 1464
1080 1032 1392 1248
400 1024 560 1408
512 992 680 1184
544 984 752 1312
0 936 392 1280
296 928 544 1200
216 928 456 1096
576 848 848 1064
1552 832 1824 1360
736 816 1024 1000
0 800 960 984
608 744 1520 1408
1120 704 1824 1416
304 704 1248 880
280 648 736 816
768 584 1384 744
1040 576 1824 768
0 560 432 856
0 416 248 576
1208 336 1600 568
784 312 1152 648
1336 288 1824 544
0 208 248 504
288 152 488 552
320 152 480 432
784 144 944 576
488 144 688 576
1360 96 1824 368
32 96 216 272
888 72 1536 336
1456 40 1824 216
1328 32 1592 200
1072 0 1400 160
224 0 696 224
0 0 1824 1096
0 704 1824 4000
0 0 1824 984
0 704 1824 3016
0 1032 1824 3016
0 1744 1632 3016
0 1744 600 2232
616 1032 1824 2144
736 800 1160 1104
0 1808 1632 3016
616 1336 1824 2144
304 0 1824 880
0 1744 600 2160
784 0 1824 648
0 0 736 928
0 760 1200 984
296 872 672 1408
296 872 672 1200
736 816 1024 1104
0 48 336 400
0 848 976 2072
720 1336 1824 2144
608 704 1824 1592
392 2368 1232 2696
304 496 1824 880
24 0 696 488
0 848 848 2072
784 0 1824 568
784 0 1824 536
784 144 1152 648
464 848 848 1544
0 1056 776 2072
464 992 680 1544
0 1168 776 2072
960 0 1824 216
960 0 1592 200
544 848 848 1312
0 200 688 664
0 560 736 928
960 0 1432 176
1072 0 1432 176
768 496 1696 744
0 1168 760 2072
0 200 328 576
144 0 696 224
968 496 1696 656
0 648 736 928
1024 704 1824 1592
0 1168 368 2072
488 136 704 592
672 1344 1824 2096
200 928 560 1432
0 0 1824 2072
0 696 1824 2072
0 1160 528 1984
0 1160 528 1912
0 0 1824 936
0 1304 1824 4000
0 1808 1824 4000
560 984 768 1304
64 1160 528 1744
0 1304 1824 2232
0 1776 1824 2232
0 0 736 824
64 1160 368 1744
0 0 704 672
0 1904 288 2232
0 1968 1824 4000
0 1976 1824 4000
184 1776 1824 2168
0 32 688 672
0 760 1168 2072
1232 384 1824 600
608 696 1824 1592
0 760 1168 1960
0 760 1168 1544
0 896 536 1464
640 1304 1824 1800
728 0 1064 744
0 32 344 576
256 0 1824 888
256 176 1824 888
896 0 1824 440
944 0 1824 216
64 0 704 576
440 0 704 576
896 1304 1824 1688
1232 440 1824 600
112 1312 984 1960
936 3320 1824 4000
256 296 1824 888
256 576 1824 888
0 32 344 552
0 32 224 448
896 72 1824 440
0 32 224 352
944 0 1592 200
0 32 224 304
0 1968 1824 2928
776 296 1480 656
1256 96 1824 440
1360 96 1824 384
896 72 1536 336
552 1968 1824 2528
624 3832 944 4000
0 3728 232 4000
936 3368 1824 4000
952 3320 1176 3552
0 2472 648 2928
552 2368 1232 2528
1160 1968 1824 2432
0 1904 288 2160
0 1824 256 2072
0 1808 1824 2808
184 1784 1272 2168
1040 1776 1824 2144
352 1736 600 1904
896 1520 1264 1688
336 1392 528 1632
1008 1368 1184 1544
64 1368 368 1744
112 1320 792 1960
600 1312 984 1776
1256 1304 1824 1544
0 1256 176 1912
176 1160 360 1464
560 1096 728 1304
0 1072 272 1464
0 936 400 1192
0 896 536 1256
256 704 1264 888
1040 576 1824 736
0 544 736 824
144 496 688 672
1224 336 1824 560
776 312 1480 656
976 296 1328 496
0 208 304 576
1024 152 1536 336
784 144 952 576
488 144 664 576
504 136 704 592
320 128 504 432
896 72 1328 336
1096 32 1592 200
0 32 224 264
1456 8 1824 216
776 0 1064 576
504 0 704 576
504 0 904 752
688 0 904 752
0 1344 1824 4000
0 1344 1824 2928
0 696 1824 1960
768 0 1824 744
0 1344 1824 2808
0 2368 1232 2928
776 0 1168 576
784 144 1168 576
784 144 1040 576
0 1344 1824 2168
0 0 688 576
1416 384 1824 584
672 1344 1824 2144
896 0 1824 496
896 72 1824 496
976 296 1528 496
0 0 552 576
144 456 688 672
768 312 1824 744
776 312 1824 656
0 576 1824 936
0 928 984 1960
0 1784 1272 2168
64 0 552 432
216 0 552 432
216 0 552 192
216 112 504 432
896 72 1824 384
0 704 1264 936
0 928 560 1912
1024 96 1824 384
0 1072 368 1912
0 1256 368 1912
0 1696 448 2064
200 144 688 680
200 520 688 680
776 144 1032 624
776 176 1032 624
1520 1016 1824 1440
0 0 1824 1912
0 0 1824 1200
0 712 1736 1912
0 1336 1824 4000
1616 696 1824 1200
0 2120 312 2496
0 1792 1160 2552
304 1792 1160 2520
304 144 664 584
304 144 648 584
0 712 1736 1904
776 144 936 576
0 1344 248 1912
72 712 1736 1904
1208 296 1824 568
1584 384 1824 584
0 1344 248 1808
1144 1528 1824 1920
112 712 1736 1904
0 0 1824 944
184 904 608 1536
0 1336 1824 2432
968 1680 1712 2152
968 1680 1360 1960
336 712 1736 1904
1144 1656 1744 1920
128 2224 312 2496
1160 296 1488 520
0 2400 560 2816
0 2496 280 2816
0 2048 864 2552
0 0 696 560
336 904 608 1280
0 704 1464 984
264 1336 1824 2432
608 1336 1824 2432
184 936 504 1536
336 776 1408 1904
1056 776 1408 1608
1056 1264 1408 1608
944 792 1208 1248
0 2216 1824 4000
248 2048 864 2512
608 1904 968 2152
336 1056 1096 1904
336 1056 944 1904
0 584 1824 944
776 0 1824 632
776 0 1824 376
776 0 1824 216
1088 0 1824 216
1224 8 1824 216
648 1336 1824 2432
648 1336 1824 2248
0 48 336 336
336 1288 944 1904
776 296 1256 632
104 0 696 352
392 1288 944 1904
536 1288 944 1632
1432 8 1824 216
648 1336 1824 2008
648 1336 1824 1856
792 1336 1824 1824
1256 1336 1824 1704
1448 1336 1824 1696
1408 2264 1704 2624
1112 776 1392 1360
0 136 456 560
0 136 224 512
792 1536 1312 1824
0 600 1824 944
912 600 1824 792
920 1896 1712 2432
1184 1896 1712 2384
1408 2264 1616 2624
592 1440 1096 1832
592 1560 856 1832
104 3680 680 4000
104 3768 504 4000
168 3768 504 4000
896 1960 1400 2248
784 2704 976 2920
968 296 1216 560
432 3128 632 3504
168 2464 808 2928
496 2624 808 2872
0 2704 688 3168
1264 3160 1824 4000
1432 3216 1824 4000
1432 3344 1824 4000
1432 3608 1824 4000
1432 3816 1824 4000
168 2400 560 2640
1488 2216 1824 2632
1536 3816 1824 4000
984 2592 1464 3136
0 712 1032 944
896 104 1824 376
976 104 1824 376
1568 3608 1824 3944
1656 3608 1824 3856
936 2928 1528 3608
1264 3160 1744 3704
1296 712 1736 1496
1296 752 1736 1496
0 2496 1824 4000
0 3000 368 3632
0 3000 288 3632
168 2464 752 2928
168 2576 608 2928
1000 2672 1464 3136
0 2784 1728 4000
464 2784 976 3528
0 2952 1728 4000
888 3368 1376 3832
1344 984 1648 1496
752 2496 1824 3312
0 3240 1728 4000
512 3360 1728 4000
552 3360 1728 4000
1208 3360 1728 4000
904 2496 1824 3256
1088 2568 1824 3256
144 712 1032 912
464 2784 896 3360
552 3440 1320 4000
576 3584 912 4000
1376 3360 1728 4000
0 3240 560 3864
144 3240 560 3864
208 2952 544 3280
144 3240 480 3864
752 2744 1176 3312
856 2744 1176 3312
552 3440 1176 4000
552 3440 1176 3880
1360 2568 1824 3256
1392 3360 1728 3776
1296 752 1736 1184
1456 2568 1824 3256
0 3104 288 3632
1536 2568 1824 3032
800 3480 1176 3880
168 3800 368 4000
952 3792 1320 3984
872 3792 1032 4000
272 3768 504 4000
1376 3752 1648 4000
48 3744 232 4000
1568 3736 1784 3944
1208 3688 1504 3912
576 3680 792 4000
448 3680 680 4000
144 3656 416 3864
872 3648 1112 3880
0 3648 168 3816
1392 3592 1696 3776
704 3584 912 4000
360 3568 560 3784
512 3552 712 3760
1000 3488 1376 3832
800 3480 1176 3736
552 3440 880 3648
152 3424 368 3584
1264 3384 1536 3704
888 3368 1136 3576
0 3368 192 3632
1440 3360 1728 3696
1656 3344 1824 3776
432 3280 592 3504
208 3240 480 3712
936 3208 1232 3520
1296 3160 1744 3440
720 3144 976 3528
352 3144 568 3360
0 3104 288 3456
1640 3000 1824 3248
0 3000 192 3280
208 2992 456 3280
1456 2960 1744 3256
368 2952 544 3168
1152 2928 1528 3608
856 2920 1176 3312
464 2872 864 3360
1536 2808 1824 3032
1216 2808 1464 3136
536 2784 896 3008
0 2760 280 3168
872 2744 1048 3000
176 2744 456 2928
1392 2720 1600 3080
640 2712 808 2872
112 2704 688 3072
1000 2672 1312 2976
496 2624 664 2864
1088 2600 1392 2824
984 2592 1152 2840
0 2592 216 2816
1360 2584 1752 2848
168 2576 608 2808
1288 2536 1504 2744
1544 2504 1808 2712
904 2496 1288 2752
0 2496 280 2720
608 2464 936 2768
432 2464 752 2624
320 2400 560 2616
960 2312 1480 2608
1592 2304 1824 2632
0 2280 288 2552
1440 2264 1616 2520
248 2256 616 2512
152 2256 312 2496
920 2136 1320 2432
0 2120 208 2416
1088 2072 1400 2248
504 2048 864 2432
1184 2024 1568 2384
136 2000 360 2288
1488 1968 1824 2384
264 1968 624 2336
896 1960 1176 2128
632 1960 968 2152
0 1920 320 2136
608 1904 824 2088
1440 1896 1712 2072
952 1880 1304 2048
304 1832 736 2032
1032 1800 1360 1960
616 1792 1160 2520
1120 1784 1712 2152
1632 1776 1824 2016
672 1776 1152 2008
0 1768 448 2064
1368 1656 1744 1856
1256 1632 1632 1840
792 1632 1168 1824
240 1616 512 1872
392 1584 640 1904
592 1560 784 1832
1040 1536 1312 1712
1656 1528 1824 1768
1448 1512 1744 1696
0 1512 160 1912
56 1504 248 1808
1056 1448 1264 1608
808 1440 1096 1704
1256 1416 1648 1704
672 1376 944 1632
336 1352 584 1672
0 1344 192 1528
1552 1336 1824 1592
1352 1304 1552 1496
536 1288 712 1600
1112 1280 1320 1512
1192 1264 1408 1536
112 1248 416 1760
904 1216 1136 1464
368 1160 560 1424
784 1144 960 1528
1520 1104 1824 1440
448 1088 608 1280
240 1088 504 1536
504 1056 816 1408
1344 984 1648 1360
1112 952 1392 1360
1032 944 1208 1248
184 936 456 1368
632 912 984 1240
1616 904 1792 1200
336 904 560 1160
464 888 656 1128
600 856 888 1040
816 816 1104 1032
944 792 1208 1064
1168 776 1360 1056
1448 752 1736 1064
1296 752 1504 1184
1464 712 1696 944
608 704 1464 872
0 536 560 736
1208 392 1664 568
1624 296 1824 464
968 296 1208 520
1392 272 1696 440
208 200 456 560
1416 152 1824 312
304 152 488 552
496 144 664 576
456 144 648 584
896 120 1312 320
112 112 336 336
976 104 1616 376
0 48 232 256
1432 16 1752 200
1088 0 1544 160
776 0 1184 176
656 0 856 752
0 0 1824 2064
0 696 1824 2064
0 2264 1824 4000
0 1336 1824 2816
784 144 1032 600
0 488 1824 984
0 488 1824 944
776 0 1824 624
776 0 1824 592
0 0 696 616
0 1776 1824 2816
0 1376 1152 2064
0 672 1824 984
776 0 1824 568
0 488 688 736
0 488 560 736
1376 384 1824 592
648 1336 1824 2152
1256 1512 1744 1840
0 624 1176 944
0 696 1824 1912
768 584 1824 744
776 0 1824 520
0 816 1104 1912
0 0 696 584
0 1776 1824 2640
784 696 1824 1536
0 704 1176 944
0 624 720 832
784 696 1824 1528
0 2264 1824 3360
1192 1104 1824 1536
1192 1264 1552 1536
0 2464 1048 3360
904 2264 1824 3256
904 2264 1824 3248
0 2920 1824 4000
240 1088 584 1744
904 696 1824 1512
240 1088 584 1672
432 2920 1824 4000
0 2952 712 4000
0 3648 168 4000
0 1440 1096 2064
72 816 1104 1760
1376 3592 1824 4000
0 2256 752 2640
1512 2424 1808 2712
336 816 1104 1240
464 816 1104 1240
672 1336 1824 2152
1256 1336 1824 1768
1112 696 1824 1360
0 2992 712 4000
352 3128 632 3360
672 1656 1744 2152
672 1680 1496 2048
672 1680 1344 2048
672 1776 1304 2048
648 1536 1312 1856
1256 1336 1824 1728
768 584 1608 744
0 2992 680 4000
0 1920 360 2416
1392 272 1824 464
0 2256 560 2640
904 2264 1824 3136
704 1440 1096 1728
1376 3592 1800 4000
0 1584 640 2064
1640 2928 1824 3248
248 1776 1824 2520
904 1216 1320 1512
72 936 816 1760
72 936 456 1760
752 2920 928 3192
1376 3592 1784 4000
248 1792 1320 2520
360 3568 680 4000
968 296 1280 520
240 1584 640 1904
600 816 1104 1240
0 2992 504 4000
0 2992 480 4000
48 3744 248 4000
432 2920 1176 4000
0 2280 560 2640
1376 3592 1696 4000
0 2576 608 3168
896 104 1616 376
1112 712 1792 1360
1112 712 1696 1360
1184 1776 1824 2384
112 936 456 1760
904 2312 1824 3136
0 2992 480 3864
264 1832 736 2336
600 856 984 1240
432 3280 680 3504
368 1056 816 1424
936 2928 1824 4000
112 2464 1048 3360
496 2464 1048 3008
536 2744 1048 3008
496 2464 944 2864
496 2464 936 2864
248 1792 1160 2520
1168 712 1696 1360
1440 1776 1824 2072
1120 1656 1744 2152
0 2000 360 2416
1448 752 1792 1200
1152 2928 1824 3776
1656 3216 1824 3776
1184 1968 1824 2384
112 2704 864 3360
1168 712 1696 1184
904 2312 1752 3136
904 2312 1504 2824
1152 2928 1744 3704
872 3792 1208 4000
1168 752 1504 1184
0 2992 480 3712
0 2992 456 3632
1000 2584 1752 3136
936 3208 1504 4000
1000 2672 1600 3136
904 2312 1480 2752
552 2920 1176 4000
720 2920 1176 3576
1200 3688 1504 4000
1264 2960 1744 3704
1264 3360 1728 3704
552 3440 912 4000
1088 2536 1504 2824
720 2920 1176 3528
936 3208 1376 3984
952 3488 1376 3984
0 2000 360 2552
1512 1016 1824 1440
0 0 1824 2432
0 712 1736 2432
0 0 1824 1536
0 1512 448 2064
1024 1152 1312 1600
304 1792 1320 2432
184 936 416 1368
0 1344 192 1808
968 1632 1360 1960
0 1920 624 2200
1040 1336 1824 2152
1120 1336 1824 2152
1256 1336 1824 1816
240 904 608 1536
264 2048 864 2432
1232 1656 1744 1920
0 1632 1824 4000
112 776 1368 1904
112 912 1208 1904
112 1000 1096 1904
0 1776 1824 4000
112 1000 960 1904
112 1000 944 1904
336 1000 944 1904
0 1632 1712 2816
896 1896 1712 2384
1488 1776 1824 2384
112 1248 512 1872
0 1632 1168 2816
648 1632 1168 2008
672 1632 1168 2008
0 1904 1160 2816
336 1304 944 1904
592 1504 856 1832
0 2080 1160 2816
0 2080 1160 2720
120 1448 512 1872
392 1304 944 1904
392 1304 712 1904
672 912 1208 1264
1112 776 1368 1216
88 2080 1160 2640
104 3800 368 4000
544 3320 752 3488
776 2840 1176 3192
776 2920 1064 3192
336 3128 632 3608
168 2080 1160 2640
168 2256 808 2640
168 2256 616 2640
0 3640 232 4000
336 3128 632 3504
0 2464 1824 4000
168 2272 616 2640
888 2920 1264 3312
336 3144 592 3504
376 3680 680 4000
936 2992 1528 3608
0 3000 296 3632
888 3160 1744 3832
888 3368 1536 3832
144 2496 1824 4000
144 2624 1728 4000
464 2624 1048 3360
496 2624 1048 3104
640 2712 1048 3104
752 2744 1048 3104
1088 2504 1824 3256
144 2952 1728 4000
144 3240 1728 4000
904 2496 1464 3136
904 2496 1312 2944
1360 2504 1824 3256
464 2784 864 3360
208 2952 544 3264
1360 2584 1824 3256
0 3104 296 3632
1360 2584 1744 3256
272 3840 472 4000
0 3640 168 3816
336 3144 568 3360
48 3104 296 3456
1160 2992 1528 3608
208 2992 456 3264
888 2944 1128 3208
920 2920 1264 3312
856 2920 1064 3104
1536 2808 1824 3024
536 2784 832 3008
872 2744 1048 2992
984 2672 1312 2944
1088 2592 1392 2824
1360 2584 1656 3080
1616 2568 1824 2880
1312 2536 1504 2744
960 2312 1480 2592
0 2304 288 2552
1592 2272 1824 2632
416 2272 616 2488
208 2256 448 2512
88 2224 248 2384
264 2112 544 2384
616 2080 1160 2520
1488 2016 1824 2384
296 1976 624 2200
1048 1800 1360 1960
616 1792 1320 2432
1232 1704 1576 1920
672 1504 856 1728
120 1448 416 1808
688 1376 944 1616
1448 1336 1824 1768
536 1304 712 1600
1112 1280 1320 1488
112 1248 392 1544
904 1224 1104 1464
1024 1216 1192 1600
1120 1152 1312 1360
1512 1112 1824 1440
504 1000 816 1408
1112 952 1368 1216
904 944 1208 1264
184 936 416 1144
672 912 984 1240
336 904 560 1176
944 792 1184 1032
1128 776 1360 1064
0 1336 1824 2640
672 1336 1824 2248
0 1112 1824 2064
1040 1112 1824 1664
432 2264 1824 4000
536 1304 944 1616
0 936 584 1912
336 696 1824 1600
448 888 656 1280
784 1144 1320 1600
904 1152 1320 1600
1024 1152 1320 1600
0 2464 1176 4000
0 2464 1176 3208
0 1920 360 2496
432 3144 1824 4000
0 936 584 1808
904 2264 1824 3776
0 2704 864 4000
1192 1112 1824 1536
0 936 416 1544
168 3800 472 4000
120 1088 584 1808
336 696 1824 1424
672 1440 1096 1728
0 2272 808 2640
0 2272 616 2640
904 696 1824 1360
120 1352 584 1808
336 3128 632 3360
0 3000 192 3400
72 936 416 1544
72 960 392 1544
1408 2264 1808 2712
672 1632 1744 2152
792 1632 1288 1832
952 1656 1744 2152
168 2464 1176 3208
888 2840 1176 3208
208 1776 1824 2632
336 816 1104 1424
368 816 1104 1424
1184 1776 1824 2632
208 1792 1320 2520
904 712 1792 1360
168 2464 1064 3104
432 2464 1064 3104
360 3552 712 4000
432 3144 1504 4000
0 3544 312 4000
0 3640 248 4000
0 3744 248 4000
904 712 1696 1360
904 944 1368 1264
1184 1968 1824 2632
208 1832 1160 2520
904 2312 1824 3776
0 2704 864 3864
368 1000 816 1424
432 3144 1376 4000
800 3368 1176 3736
0 2304 560 2640
496 2464 1064 3104
752 2800 1064 3104
296 1832 736 2200
1160 2568 1824 3776
0 2704 864 3360
1128 712 1696 1360
1128 752 1648 1360
496 2464 1048 2992
872 3688 1504 4000
1536 2568 1824 3024
1160 2960 1824 3776
904 2312 1656 3312
208 1960 1160 2520
1184 2016 1824 2384
1160 2960 1744 3704
48 2992 480 3864
48 2992 480 3712
1296 752 1648 1360
616 1960 1160 2520
208 2048 864 2512
208 2112 544 2512
48 2992 456 3456
920 2584 1656 3312
920 2672 1312 3312
552 3144 1376 4000
552 3144 976 4000
1216 2584 1656 3136
