0 0 1824 4000
1152 1000 1824 1576
1352 544 1824 720
0 0 736 536
1432 2544 1776 3088
0 0 1824 1536
0 688 1136 1536
0 688 1064 1536
0 0 1824 824
0 0 1824 712
912 944 1136 1360
0 392 1824 4000
0 1640 1824 4000
0 0 1824 624
1280 3272 1824 3904
0 392 1824 2904
1520 3272 1824 3768
1552 880 1824 1064
520 2456 728 2976
1280 3448 1824 3904
640 0 1824 536
0 408 472 824
0 360 752 624
0 1376 1824 2904
1592 3496 1824 3768
1520 3272 1824 3576
408 392 1824 1736
408 392 1824 1632
408 392 1392 1632
744 576 1392 1632
792 1096 1304 1736
1176 616 1824 1240
408 392 1192 920
1296 224 1824 544
0 864 1064 1536
1368 1536 1648 1752
744 576 1392 1376
640 0 1824 344
1176 744 1568 1240
1176 744 1520 1240
744 576 1392 1352
744 576 1392 1160
992 1096 1304 1736
408 456 1112 920
0 576 472 824
640 728 1112 920
1392 616 1824 1000
528 2936 960 3440
408 456 928 848
408 560 928 848
1392 616 1824 888
1008 1848 1824 2904
1440 1272 1824 1832
1624 3704 1824 3904
1664 3504 1824 3672
1280 3448 1672 3768
904 3352 1088 3712
1584 3272 1824 3560
528 3240 960 3440
752 2936 912 3272
1496 2792 1776 3088
1008 2504 1520 2904
1256 2472 1488 2856
752 2464 1112 2760
520 2456 728 2848
0 2016 304 2360
1152 2000 1400 2240
1328 1992 1600 2232
1376 1896 1736 2312
1216 1880 1408 2144
1144 1848 1824 2864
1272 1744 1520 1992
1368 1576 1544 1752
1392 1536 1648 1744
1552 1528 1824 1832
792 1424 1112 1656
0 1376 1784 2360
1440 1272 1824 1584
992 1192 1240 1736
1152 1008 1824 1576
912 944 1136 1256
1176 904 1496 1240
944 888 1112 1152
1600 880 1824 1064
0 872 1064 1536
0 864 432 1088
1400 784 1656 1000
1184 744 1520 984
840 728 1112 904
0 688 880 952
1056 672 1392 1160
632 624 928 784
1392 616 1704 888
304 600 528 792
1272 592 1464 808
744 576 1168 952
0 576 472 816
408 560 800 848
528 456 920 832
48 408 440 656
824 392 1192 640
0 240 240 400
1152 200 1824 712
728 192 1104 536
1056 0 1824 344
640 0 1248 344
584 0 752 384
0 0 480 272
0 1376 1824 4000
0 0 1824 1736
1272 880 1824 1104
0 1376 1824 3088
744 192 1824 1736
0 680 1064 1536
744 192 1824 1656
744 544 1392 1656
1120 544 1360 896
1056 2000 1400 2304
1520 3272 1824 3904
1520 3272 1824 3672
0 0 1824 904
0 0 1112 904
744 552 1392 1656
992 592 1824 1736
1152 592 1824 1584
824 192 1824 712
992 1000 1304 1736
528 2936 984 3440
744 552 1200 1656
792 944 1200 1656
792 1008 1200 1656
408 560 1112 904
0 0 920 832
0 688 1032 952
0 456 472 816
1152 744 1824 1584
1152 744 1824 1576
1032 1008 1200 1632
1536 880 1824 1104
0 1376 1824 2360
744 552 1168 952
0 0 752 792
0 0 752 624
48 408 528 792
824 200 1824 712
1272 592 1824 1000
1272 592 1824 888
1584 3272 1824 3672
0 376 1824 4000
0 0 1824 664
0 376 1824 2176
0 1392 1824 4000
1176 2472 1584 2880
0 0 1824 640
0 360 576 640
0 800 1824 2176
0 800 1176 2088
0 800 1136 2088
0 376 1824 1648
1288 2656 1488 2864
0 480 1824 1648
680 2496 1192 2736
0 0 1824 608
664 488 1824 1648
1248 488 1824 808
1312 1928 1736 2272
0 480 1080 1072
664 536 1824 1648
744 560 1824 1648
944 560 1824 1648
944 560 1416 1648
1024 936 1232 1648
1168 744 1672 1416
944 560 1416 1160
944 560 1368 1152
1048 560 1368 952
744 584 1072 744
1384 624 1824 1016
0 480 1080 920
0 480 1032 920
0 480 768 848
288 480 768 848
1024 936 1200 1632
1616 3472 1824 3856
1488 3408 1688 3720
1560 3232 1824 3416
576 3136 976 3432
1328 2656 1488 2864
680 2504 1048 2736
1016 2496 1192 2728
1320 1992 1600 2232
976 1864 1408 2288
0 1696 160 2032
896 1680 1120 1976
1368 1544 1592 1760
1072 1416 1824 2176
832 1336 1176 1736
1504 1280 1824 1624
1024 936 1192 1632
784 888 1056 1072
1512 880 1824 1104
1432 784 1656 1016
560 752 1032 920
1176 744 1672 1184
1056 672 1416 1160
640 632 848 792
1384 624 1824 888
800 624 1080 904
368 584 768 848
0 584 472 832
1208 576 1368 864
1048 560 1264 952
1272 544 1824 808
664 536 832 704
1248 488 1416 712
288 480 768 680
64 464 576 640
576 416 840 608
1568 400 1824 624
880 376 1192 656
0 360 168 616
696 232 1824 664
0 0 1824 536
0 232 1824 4000
944 544 1824 1648
0 232 1824 2288
976 1864 1736 2288
0 232 1824 2176
0 232 1824 1072
0 360 1056 1072
1592 3472 1824 3856
0 584 1056 1072
0 624 1824 2176
680 2496 1192 2784
832 624 1824 2176
288 232 1824 904
1072 624 1824 2176
0 360 168 728
288 416 1080 904
288 480 1080 904
1072 744 1824 2176
696 232 1824 712
288 480 992 736
288 480 832 704
1072 1280 1824 2176
560 752 1056 1072
0 584 768 848
1048 0 1472 680
1208 0 1824 856
1208 0 1824 704
1208 216 1824 704
640 0 1000 256
1480 256 1824 536
1440 0 1824 320
1184 952 1824 1344
0 0 760 448
192 984 1048 1592
1440 0 1784 320
224 0 760 448
392 0 760 448
392 0 752 448
1184 960 1352 1304
0 536 1824 4000
0 0 1200 1264
544 904 1096 1264
1192 2696 1824 4000
1064 1696 1784 2592
1480 336 1824 536
488 2944 1232 3744
488 2944 1168 3680
0 0 1200 1120
0 256 1064 1120
1080 1224 1504 1768
1192 2696 1824 3904
1288 2696 1824 3904
1528 2696 1824 2992
0 1208 1000 1704
136 1368 1000 1704
0 2264 360 2808
1064 1696 1720 2592
1064 1696 1720 2400
1208 304 1824 704
1064 1696 1720 2208
1064 1744 1720 2208
1272 952 1824 1344
800 2648 1176 3136
96 3016 528 3808
832 944 1096 1264
1160 1976 1552 2224
1208 1976 1552 2224
864 1336 1504 1952
864 1336 1384 1896
864 1336 1176 1896
0 2896 168 3296
648 0 1200 544
648 64 1104 544
304 1736 600 2280
0 256 1064 624
488 2944 1040 3320
616 2552 1216 2952
616 2552 1176 2904
1288 2928 1824 3904
296 2336 696 3096
96 328 1064 624
792 1864 1000 2256
304 1752 512 2280
288 2808 1720 4000
336 2808 1720 4000
1304 2928 1824 3904
296 2336 632 3096
296 2640 632 3096
384 2808 1720 4000
1208 304 1648 616
288 3728 600 4000
1064 1744 1496 2080
296 2704 632 3096
0 576 1016 1120
0 576 1016 1048
136 1368 672 1704
304 536 1360 1136
0 672 1824 4000
864 672 1824 3256
952 1840 1280 2192
0 1520 1096 4000
272 1520 832 1832
272 1544 736 1832
352 1544 736 1832
0 576 1016 1000
864 792 1824 3256
1032 792 1824 1712
1032 792 1824 1632
1168 792 1824 1168
0 576 1016 960
864 1328 1824 3256
864 1640 1824 3256
864 1640 1824 3104
0 1600 1096 4000
1304 2928 1824 3752
1528 1328 1824 1752
1528 1408 1824 1752
1104 1040 1736 1712
128 328 1064 624
920 2808 1360 3416
136 1368 584 1704
384 3288 1720 4000
384 3288 1704 4000
64 576 1016 936
152 656 1016 936
0 1616 472 2144
1064 1640 1384 1808
304 536 1160 1136
920 2808 1344 3368
920 2808 1248 3368
0 1856 416 2592
1168 1376 1504 1768
384 3288 1616 4000
384 3288 1376 4000
384 3288 1320 4000
1072 1640 1824 3104
1272 1640 1824 3104
1408 1640 1824 3104
1608 1640 1824 2328
1224 792 1824 1064
592 2944 1040 3320
0 2040 920 4000
296 2672 920 3264
1416 2976 1752 3256
448 2672 920 3224
448 2672 848 3224
448 2672 800 3224
448 2672 720 3224
448 2928 720 3224
0 2040 736 4000
304 536 1128 1136
304 536 1072 856
1408 2096 1824 3104
1432 2096 1824 2848
512 1600 1096 2232
512 1600 952 2232
544 904 1048 1240
0 2040 648 4000
0 2416 424 4000
0 2416 424 3648
0 2672 320 3648
304 536 1024 856
384 3504 1320 4000
384 3504 1224 4000
384 3504 1120 4000
776 3240 1168 3680
296 2704 488 3056
1032 968 1192 1632
1304 3184 1760 3752
488 536 1024 856
0 2976 312 3648
0 3264 296 3648
56 1928 416 2592
248 2040 648 2496
512 1648 840 2232
128 424 872 624
584 536 1024 856
1448 672 1824 888
1072 2184 1488 2848
600 3720 1120 4000
600 3720 872 4000
832 3792 1120 4000
1504 3760 1704 4000
1376 3744 1616 4000
1216 3736 1432 4000
440 3736 640 4000
600 3728 792 4000
288 3728 456 4000
944 3680 1224 4000
1600 3624 1824 3904
96 3600 368 3808
1104 3504 1320 3848
384 3504 800 3864
96 3464 360 3776
712 3456 1040 3720
56 3448 224 3664
976 3432 1232 3744
1312 3424 1664 3752
1072 3320 1232 3544
128 3320 296 3576
1624 3296 1824 3736
464 3288 672 3656
912 3272 1168 3520
592 3264 784 3600
0 3264 160 3648
776 3240 1040 3680
1304 3184 1760 3512
488 3120 680 3320
1112 3088 1344 3360
920 3032 1192 3368
272 3016 528 3680
1528 2976 1752 3256
40 2976 312 3400
1176 2960 1344 3144
296 2952 464 3264
768 2944 1040 3320
1288 2936 1464 3280
1640 2928 1824 3352
0 2896 168 3136
1408 2784 1696 3104
1192 2776 1456 3008
400 2776 632 3096
1528 2696 1704 2912
0 2672 320 3024
1272 2664 1448 2848
1000 2656 1176 2856
800 2648 1152 3136
392 2640 600 2880
616 2608 872 2904
776 2552 1176 2784
0 2528 208 2808
208 2416 424 2896
352 2368 520 2728
1072 2320 1440 2848
1432 2296 1728 2848
144 2264 360 2664
56 2200 240 2592
1272 2184 1488 2720
1136 2144 1360 2560
864 2136 1168 2544
0 2104 240 2424
1512 2096 1824 2720
1360 2096 1632 2400
248 2080 544 2496
648 2064 1008 2760
472 2040 648 2480
1208 1976 1408 2224
1392 1928 1720 2208
208 1928 416 2304
0 1856 288 2304
1016 1840 1280 2144
1664 1824 1824 2328
1064 1752 1400 2080
304 1752 512 2088
1272 1744 1496 2000
416 1736 600 2224
1504 1728 1784 2016
864 1728 1096 2000
1336 1712 1504 1952
1208 1696 1456 1992
0 1696 168 1976
512 1680 728 2232
1368 1664 1568 1928
0 1664 296 2144
640 1648 840 2160
1608 1640 1824 1840
1136 1640 1384 1808
240 1616 472 2000
696 1600 952 2048
272 1592 456 1776
864 1584 1176 1896
352 1552 680 1832
464 1544 736 1720
1528 1528 1824 1752
1168 1456 1488 1768
624 1448 1000 1648
1360 1424 1736 1712
1616 1408 1824 1616
176 1392 584 1704
0 1392 352 1896
1168 1376 1504 1552
1080 1224 1400 1656
0 1208 224 1400
192 1152 1048 1592
216 1152 488 1328
1400 1088 1824 1344
1104 1040 1640 1456
464 984 768 1232
912 968 1096 1264
0 968 496 1376
1272 952 1824 1304
832 944 1040 1192
656 920 1048 1240
1168 880 1552 1168
1432 848 1824 1064
1224 792 1568 1008
752 744 1128 1136
152 720 640 904
0 680 400 960
1600 672 1824 888
376 656 1016 936
1224 608 1688 856
488 584 648 768
304 584 544 800
64 576 448 816
0 568 232 752
1040 552 1360 1016
832 544 1072 784
584 536 888 784
528 424 872 624
1352 416 1824 704
1248 416 1648 616
96 368 352 552
1480 336 1824 512
752 328 1064 592
720 312 920 568
1208 304 1632 608
280 296 536 488
0 256 528 584
1312 216 1536 384
528 208 752 448
872 128 1104 544
176 96 416 272
0 96 512 320
648 64 1024 368
1056 24 1248 192
1608 0 1784 256
1440 0 1648 320
1144 0 1472 680
944 0 1200 504
640 0 832 256
392 0 704 328
0 2064 1824 4000
0 0 1824 2752
0 0 1824 1904
640 0 1824 704
0 0 1128 1904
0 432 1824 2752
864 432 1824 2560
864 608 1824 2560
0 1592 1160 2752
352 1416 832 1720
912 432 1400 1656
0 1600 1160 2752
0 584 1048 1240
616 2064 1824 4000
616 2064 1824 3736
640 0 1824 680
944 0 1824 680
912 552 1400 1656
0 0 1104 816
1056 0 1824 680
0 0 1104 624
1312 3424 1824 4000
0 536 1128 1904
584 536 1128 1192
1104 608 1824 1616
1600 3624 1824 4000
1608 3824 1824 4000
864 1424 1824 2560
1664 1824 1824 2496
0 656 1048 1240
0 864 1048 1904
584 536 1128 1136
0 568 544 816
1104 792 1824 1616
912 552 1360 1632
912 968 1192 1632
0 1208 680 1904
1528 2672 1824 2992
0 1368 680 1904
0 1368 584 1904
0 2416 1760 4000
864 1424 1824 2144
0 1600 1072 2752
864 1424 1824 2080
968 968 1192 1632
0 2416 720 4000
1136 1928 1720 2560
0 1616 736 2752
96 2936 1760 4000
1104 792 1824 1472
1056 0 1648 680
1168 792 1824 1472
0 2416 696 4000
64 576 544 816
976 2936 1760 3760
1312 3424 1664 3792
864 1728 1280 2144
0 0 1104 544
776 2552 1248 3112
0 32 536 488
464 1520 832 1720
1208 1696 1496 2000
688 2832 848 3168
96 3264 1704 4000
1072 2672 1248 3112
512 1600 1072 2432
512 1600 1072 2360
0 1736 736 2752
560 2672 720 3208
0 1736 648 2728
0 864 1048 1648
192 984 1048 1648
152 656 1048 1240
152 656 1016 1024
1136 1976 1552 2560
0 1392 352 1904
392 0 1104 544
1136 1976 1408 2560
0 1736 600 2664
0 1856 496 2424
208 1888 496 2304
1168 1424 1824 2016
1168 1424 1736 1768
448 2928 696 3656
864 1584 1400 2080
0 2416 632 4000
296 2640 600 3056
448 2928 680 3656
448 2928 680 3320
0 864 560 1376
616 2064 1488 3520
512 1600 1000 2360
616 2608 1344 3520
512 1600 952 2360
1144 0 1648 680
1152 3736 1704 4000
0 864 496 1376
352 2040 648 2728
768 2648 1344 3520
768 2648 1344 3368
768 2648 1152 3320
768 2808 1040 3320
768 2848 1040 3320
392 0 1024 448
528 64 1024 448
1168 880 1824 1472
648 2064 1488 2848
1136 2032 1360 2560
1224 608 1824 888
1168 880 1824 1344
96 3264 1224 4000
776 3632 1008 3848
1408 2096 1824 3736
976 3360 1432 3760
96 3456 1224 4000
920 3032 1344 3368
488 2064 736 2752
0 2080 544 2664
0 2200 360 2664
0 2200 240 2624
976 3360 1376 3760
1216 3736 1704 4000
1216 3736 1616 4000
1608 0 1824 256
648 2064 1440 2848
1176 2936 1760 3512
592 3264 848 3600
1504 1528 1824 2016
0 1856 288 2424
1408 2784 1824 3736
864 2136 1440 2848
584 536 1072 784
56 3320 296 3664
528 328 1064 624
0 32 512 320
640 1600 952 2160
0 3264 160 4000
272 2776 632 3680
96 3456 1120 4000
1408 2784 1824 3352
616 2608 872 3216
288 3456 1120 4000
288 3728 640 4000
384 3456 1120 4000
1304 2976 1760 3512
1504 1640 1824 2016
1176 2936 1464 3280
272 2952 528 3680
0 2416 424 3400
0 2416 424 2896
0 2672 320 3400
584 0 824 248
1208 200 1824 704
392 3264 800 3808
1048 0 1824 680
1304 0 1824 320
0 0 640 328
1048 0 1448 680
0 0 616 328
0 0 512 320
0 0 1192 624
648 2064 1024 2760
1064 1664 1568 2080
1064 1696 1504 2080
1064 1696 1496 2080
0 896 1048 1896
136 896 1048 1704
1408 2696 1824 3104
192 896 1048 1648
816 920 1096 1264
520 0 896 448
1208 320 1824 704
192 896 1048 1592
192 960 1048 1592
1296 2928 1824 3904
1152 1928 1768 2672
1152 1928 1720 2528
1208 1928 1720 2224
0 536 1824 2328
128 0 1192 624
0 1520 1824 4000
392 2336 632 3096
1408 2784 1824 3104
0 2896 1232 3744
40 2928 1232 3744
392 2528 632 3096
40 2928 1224 3544
288 2944 1224 3544
488 2944 1224 3544
1504 3760 1720 4000
128 216 1064 624
1152 2144 1432 2528
1152 3736 1432 4000
1152 3824 1312 4000
304 536 1824 2328
0 2552 1616 4000
1032 672 1824 2328
1528 1328 1824 1616
0 1520 1824 3264
0 1520 1728 3264
1072 2216 1728 3008
1072 2312 1728 3008
1272 2216 1520 2848
0 1520 1280 3264
0 1600 1280 3264
864 1840 1280 2544
864 2016 1168 2544
0 1600 1096 3264
1032 792 1824 2328
0 2808 1616 4000
1272 2240 1488 2848
0 3256 640 4000
0 3256 528 4000
0 3280 464 4000
0 1600 952 3264
600 2808 1616 4000
1072 2320 1456 3008
1072 2320 1384 2848
1528 1528 1824 2328
0 1600 952 3024
600 2808 1376 4000
600 3296 1376 4000
600 3360 1376 4000
600 3456 1320 4000
600 3504 1320 4000
600 3680 1224 4000
736 3680 1224 4000
1112 2808 1344 3320
0 1648 856 3024
0 2416 424 3024
0 1648 856 2728
0 1648 840 2728
56 1648 840 2728
248 2040 648 2728
56 1648 840 2592
352 1648 840 2280
352 1680 640 2280
592 2944 1224 3544
592 2944 1016 3320
0 3280 376 4000
456 2040 648 2480
576 1648 840 2232
0 3280 376 3808
0 3280 296 3648
600 3728 1120 4000
600 3728 872 4000
1264 3736 1432 4000
736 3720 1008 3880
96 3464 376 3808
48 3448 224 3672
112 3320 296 3576
0 3280 160 3648
272 3256 528 3680
1112 3088 1344 3320
912 3032 1224 3544
288 3016 504 3424
768 2944 1016 3320
1296 2936 1464 3280
40 2928 312 3400
296 2880 464 3264
1176 2840 1344 3144
0 2576 208 2808
776 2552 1216 2952
392 2528 600 2880
1072 2432 1336 2848
1432 2312 1728 2848
1272 2240 1488 2720
1272 2184 1432 2416
1152 2144 1360 2528
248 2128 480 2496
1512 2096 1768 2672
416 1680 640 2224
696 1600 952 2256
656 960 920 1240
816 920 1048 1192
336 896 768 1232
1352 400 1824 704
1480 352 1824 512
1208 320 1648 616
0 256 496 584
1512 224 1824 392
520 208 752 448
1312 200 1528 384
392 136 616 328
0 120 512 320
184 96 416 272
736 64 1024 280
1304 48 1472 248
1608 0 1784 248
1440 0 1680 320
1144 0 1448 680
800 0 1192 544
648 0 896 304
640 0 824 248
440 0 640 264
0 432 1824 4000
440 0 1824 704
0 432 1824 3008
864 432 1824 3008
864 608 1824 3008
0 1592 1000 2728
864 608 1824 2848
440 0 1824 680
0 1600 1000 2728
1272 2096 1632 2592
0 0 1128 1136
0 656 1048 1904
584 0 1824 680
584 0 1024 304
648 0 1024 304
1208 224 1824 704
864 1424 1824 2848
800 0 1824 680
0 2064 1320 4000
0 864 1048 1720
0 656 1048 1192
0 2064 736 3656
1072 1928 1720 2848
864 1424 1824 2192
672 2832 848 3168
0 656 1016 1000
0 3240 1320 4000
1072 1976 1552 2848
0 2128 720 3656
0 0 1064 624
0 0 752 496
0 0 752 488
0 2128 696 3656
0 2128 680 3656
0 32 752 488
0 96 752 488
864 1728 1280 2192
280 136 752 488
800 0 1448 680
912 2096 1824 4000
1152 1976 1552 2528
0 3256 1320 4000
0 656 1016 960
208 1600 1000 2728
1104 3504 1320 4000
616 2064 1216 3320
616 2608 920 3216
280 136 616 488
1272 2096 1824 3736
1272 2096 1632 2416
912 2840 1760 4000
0 3256 1224 4000
1152 1976 1408 2528
208 1600 1000 2360
208 1600 952 2360
208 1680 800 2360
1152 2032 1360 2528
912 2840 1760 3760
648 2064 1216 3320
648 2064 1216 3136
776 2552 1216 3136
336 896 920 1240
208 1680 728 2304
912 2936 1760 3760
0 2128 632 3424
976 3120 1432 3760
976 3120 1376 3760
976 3120 1360 3744
976 3296 1272 3744
0 2416 632 3424
640 1600 952 2256
352 1680 728 2280
648 2064 1168 2760
912 2936 1760 3544
0 2128 480 2664
1296 2936 1760 3512
1264 3736 1704 4000
1264 3736 1616 4000
416 1680 728 2232
272 3256 1224 4000
744 3792 1120 4000
296 2528 632 3264
0 3320 376 4000
0 3320 376 3832
272 3256 800 4000
912 3032 1344 3544
96 3320 376 3808
0 2416 504 3424
1432 2096 1768 2848
272 3256 800 3808
296 2776 632 3264
