0 0 1824 4000
376 2016 776 2256
1440 2896 1640 3144
0 2056 192 2280
616 1512 1376 2024
616 1512 1304 2024
616 1512 1304 1920
1056 3528 1320 3784
864 688 1192 1008
864 688 1192 992
0 48 1824 4000
0 0 1824 1024
0 2032 1472 4000
144 3624 632 4000
0 808 520 1776
664 1208 872 1416
1104 2568 1400 3048
0 2264 216 2528
1512 2112 1824 3560
1096 984 1824 1880
1512 2320 1824 3560
0 0 1400 368
0 48 1824 2464
232 736 792 1088
256 0 1824 1024
264 736 792 1088
0 2312 1272 4000
816 2032 1472 2752
816 2032 1472 2664
72 2312 1272 3352
0 1088 1824 4000
0 1088 1824 3136
0 2984 1144 4000
0 3232 320 3624
1200 984 1824 1880
1200 984 1824 1672
480 424 688 616
240 2984 1144 4000
240 3088 1144 4000
240 3088 648 3752
240 3288 544 3752
240 3288 536 3752
1104 2400 1592 3136
1256 2400 1592 3096
0 1088 1824 3072
296 1760 760 2192
816 2032 1472 2552
816 2032 1472 2384
144 2680 432 2952
512 2648 1824 4000
264 800 608 1088
512 2784 1824 4000
1536 1632 1824 1880
296 1760 640 2192
512 2784 1648 4000
0 1416 1824 3072
0 1976 1120 3072
0 1976 1008 3072
256 0 1824 872
256 280 536 528
376 3552 1144 4000
1200 984 1824 1656
0 32 440 368
1616 1216 1824 1672
848 1416 1824 2576
848 1416 1824 2464
64 160 440 328
0 1976 936 3072
0 2104 936 3072
0 2112 872 3072
0 2112 872 2928
0 2296 392 2928
0 824 520 1776
0 48 1824 1656
960 1416 1824 2464
568 736 792 1056
1520 2320 1824 3560
1568 2320 1824 2928
0 32 368 368
960 2272 1408 2552
512 3352 768 3904
0 1320 792 2464
696 2032 1008 2344
0 1320 792 2368
1200 984 1824 1584
1200 984 1656 1344
360 0 1824 872
432 0 1824 872
960 1472 1824 2464
960 1688 1824 2464
624 1088 1192 1608
984 488 1432 1024
1200 984 1576 1200
1280 2400 1592 3000
1312 2400 1592 2848
0 48 1824 1496
0 48 1456 928
1232 1136 1720 1656
1232 1704 1824 2464
1272 1792 1824 2464
1392 1792 1824 2216
1392 1792 1688 2216
584 2784 1648 4000
960 2784 1648 4000
592 3552 1144 4000
736 0 1824 872
1264 3624 1584 4000
664 1232 872 1416
1552 3272 1824 3712
0 1320 792 2232
328 2112 872 2752
328 2112 872 2736
960 2784 1648 3672
568 736 760 1016
0 976 520 1776
0 976 520 1592
32 592 1824 1496
32 592 1824 1408
1456 912 1824 1232
1568 3272 1824 3712
976 3608 1280 3952
32 896 376 1256
0 2408 328 2928
1328 2784 1648 3280
624 1280 1152 1608
1272 2064 1824 2464
1160 1472 1672 1864
328 2280 872 2736
328 2328 872 2736
584 3088 1024 3624
736 0 1824 824
736 0 1824 536
0 976 224 1440
0 976 176 1440
736 128 1160 536
1392 1928 1688 2216
1440 3384 1824 4000
0 2408 328 2880
616 1544 1304 1920
360 592 1824 1408
536 592 768 800
0 1496 792 2232
168 1496 792 1928
1056 0 1824 408
1056 0 1824 360
928 184 1456 696
704 1280 1152 1608
1456 912 1824 1192
192 3624 632 4000
160 1192 520 1592
1264 3640 1584 4000
960 1688 1344 1976
360 784 1824 1408
408 1528 792 1928
960 3048 1456 3672
976 3248 1456 3672
1240 432 1824 824
328 2456 728 2736
1272 2064 1768 2384
1056 0 1776 360
584 3088 1024 3528
584 3224 1024 3528
0 48 1096 928
0 280 1096 928
0 448 1096 928
192 448 1096 928
648 448 1096 928
360 784 1824 1336
360 784 1200 1336
360 784 1112 1336
560 784 1112 1328
0 1568 424 2232
168 1496 416 1856
0 472 496 848
0 280 360 640
616 784 1112 1328
1160 792 1824 1088
0 1568 256 2080
648 784 1112 1328
232 3792 632 4000
1264 3784 1584 4000
832 3760 1144 4000
144 3752 384 4000
976 3680 1144 3880
376 3680 664 3952
1440 3640 1824 4000
1608 3624 1824 3920
1408 3624 1568 3840
192 3624 408 3864
1112 3608 1280 3952
592 3552 1016 4000
1136 3528 1320 3784
752 3504 1136 3752
600 3448 856 3624
1568 3432 1768 3712
0 3424 176 3624
1624 3408 1824 3648
0 3400 280 4000
1456 3384 1616 3728
976 3360 1400 3672
512 3352 720 3784
1552 3328 1712 3552
296 3288 536 3752
824 3280 1048 3456
48 3280 208 3456
1576 3272 1824 3592
976 3272 1256 3496
144 3232 320 3488
584 3224 920 3504
1640 3216 1824 3384
328 3168 536 3344
688 3088 992 3296
1376 3056 1552 3656
960 3048 1352 3432
0 3024 224 3472
568 2984 744 3176
1448 2968 1640 3144
1104 2944 1304 3136
824 2928 1032 3088
1328 2904 1488 3280
1520 2872 1824 3560
1104 2808 1328 3048
1280 2800 1512 3000
1480 2784 1648 3016
0 2768 200 3072
368 2728 632 2936
0 2688 200 2880
1488 2648 1696 2840
1336 2648 1544 2848
1144 2568 1400 2904
1568 2544 1808 2928
144 2536 336 2880
944 2496 1112 2752
416 2480 728 2680
1064 2472 1272 2664
1480 2456 1688 2680
328 2456 504 2736
0 2408 328 2784
1312 2400 1592 2752
1096 2368 1296 2568
1264 2352 1456 2576
960 2336 1152 2552
440 2328 872 2656
1576 2320 1824 2720
72 2312 1256 3352
0 2312 216 2528
1376 2280 1824 2464
400 2280 712 2464
1096 2272 1408 2448
1552 2176 1768 2384
112 2168 352 2424
976 2136 1472 2384
216 2128 496 2368
1600 2112 1824 2336
464 2112 704 2392
656 2104 936 2320
1272 2064 1608 2280
816 2032 1176 2232
800 2032 1008 2304
488 2016 776 2200
624 1976 912 2136
1648 1928 1824 2208
1392 1928 1632 2144
1168 1928 1328 2088
992 1928 1416 2224
1288 1880 1480 2096
576 1872 760 2040
368 1872 640 2192
88 1824 424 2232
1416 1792 1664 2000
720 1792 888 2024
1560 1776 1824 2104
1056 1768 1344 1976
296 1760 504 1992
0 1752 176 2080
1232 1704 1552 1952
960 1688 1120 1864
848 1656 1064 2072
1536 1632 1752 1800
624 1616 792 1776
1184 1568 1376 1728
616 1568 1008 1920
0 1568 256 1928
1328 1552 1672 1864
960 1544 1304 1840
232 1536 416 1856
408 1528 720 1928
168 1496 376 1752
1160 1472 1416 1696
1616 1456 1824 1672
1008 1416 1232 1648
464 1392 688 1656
624 1336 808 1560
288 1336 448 1640
816 1320 1080 1576
360 1312 520 1544
704 1296 1008 1608
960 1280 1152 1472
1448 1232 1720 1552
280 1192 520 1488
1456 1184 1656 1344
1624 1144 1824 1584
1232 1136 1648 1656
1096 1112 1392 1552
504 1104 728 1408
896 1088 1192 1320
616 1064 832 1248
1544 1024 1736 1232
560 1000 744 1168
1368 992 1576 1200
1200 984 1432 1192
216 984 376 1256
808 976 1112 1328
360 976 624 1336
0 976 176 1264
1608 944 1824 1192
32 896 256 1104
1160 848 1424 1088
0 824 216 1040
864 800 1032 992
264 800 608 992
1368 792 1824 1080
648 784 904 1120
984 776 1240 1024
584 736 760 976
1128 712 1384 872
960 688 1192 856
144 608 360 768
744 600 1096 928
536 592 760 752
1344 568 1704 872
0 560 256 848
192 544 688 912
1648 512 1824 904
1120 488 1432 792
240 472 496 752
0 472 240 664
1528 464 1824 664
1096 464 1336 720
928 464 1152 696
648 448 968 624
1240 432 1560 824
480 432 688 616
608 384 776 552
1472 344 1824 592
976 336 1160 544
1224 320 1448 488
96 280 360 584
1504 224 1824 440
736 208 1160 536
1064 184 1456 584
96 160 440 328
432 120 992 448
1624 48 1824 272
296 48 784 320
1056 32 1336 360
104 32 368 216
1280 0 1776 280
0 0 1824 2280
0 1216 1824 4000
400 1216 1824 3008
0 2128 1824 4000
1184 1568 1552 1952
432 3336 720 3784
400 1456 1824 3008
976 3680 1176 4000
1136 3528 1448 3920
400 1456 1824 2928
584 384 776 552
0 800 936 2280
48 3232 392 3736
144 3232 392 3736
0 0 1824 2072
0 0 1400 1264
0 2128 1456 3472
0 2128 1272 3472
48 2680 432 2952
1336 256 1656 488
616 0 1824 2072
1080 2352 1456 2968
808 2280 1272 2664
960 2336 1272 2664
0 800 872 2280
824 2928 1032 3160
0 2648 1824 4000
0 800 872 2232
1272 1928 1824 2336
1096 464 1432 872
256 280 688 616
0 3048 1824 4000
0 2128 1256 3472
352 2568 672 2936
0 0 1400 280
0 0 1400 200
976 2648 1824 3840
1104 2648 1824 3728
1104 2648 1696 3280
976 3056 1568 3840
976 3232 1568 3840
1144 2352 1456 2904
1136 3528 1448 3848
1456 2872 1824 3728
1272 1928 1824 2280
368 2656 672 2936
216 800 608 1256
264 800 608 1128
616 1512 936 1776
584 3048 1824 4000
808 3272 1256 3584
824 3272 1256 3528
824 3272 1256 3496
1104 2648 1696 3136
616 184 1456 2072
616 1088 1416 2072
0 32 1160 1264
536 592 768 1016
1104 2808 1384 3136
1104 2912 1384 3136
976 3248 1568 3840
1280 2648 1696 3000
1512 2872 1824 3560
616 1088 1416 1920
1272 1928 1688 2280
0 3088 1144 4000
328 3088 648 3432
1456 3272 1824 3728
720 1656 1344 2072
256 392 688 616
368 400 688 616
0 3288 1144 4000
616 1088 1320 1920
0 976 872 2232
0 0 1400 168
1456 3328 1712 3728
1328 2904 1640 3280
0 976 744 2232
616 1088 1304 1920
216 880 376 1256
1056 3536 1824 4000
1272 1928 1632 2280
1008 1416 1416 1696
1128 3624 1824 4000
1056 0 1824 1864
1056 0 1824 440
1200 344 1824 1864
616 184 1456 1552
1128 3640 1824 4000
616 1512 792 1776
232 1520 496 1856
0 160 688 1264
0 560 360 848
584 3048 1352 3752
992 1456 1824 2224
400 1976 1824 2928
400 1976 912 2680
464 1976 912 2392
0 2128 504 3472
216 2128 504 2736
0 32 1160 624
328 2280 504 2736
1416 1456 1824 2104
144 3288 1144 4000
144 3552 1144 4000
400 2280 872 2680
416 2328 872 2680
1056 3536 1280 3952
888 776 1424 1552
848 1656 1344 2072
1472 0 1824 440
1504 0 1824 440
888 776 1424 1088
696 2032 1824 2928
696 2032 1176 2344
584 3048 1352 3624
584 3128 920 3624
992 1880 1480 2224
104 32 1160 624
616 184 1456 1328
616 464 1200 1328
616 600 1200 1328
1120 488 1432 872
0 2168 352 3472
688 3048 1352 3432
976 2136 1824 2928
0 2168 352 2880
1536 1456 1824 2104
1536 1456 1824 1800
976 2136 1824 2752
1504 48 1824 440
984 776 1424 1088
1456 912 1736 1232
0 160 688 912
1480 2456 1808 2928
0 160 496 752
704 1296 1080 1608
144 3752 632 4000
0 896 256 1264
280 976 744 1928
280 976 744 1488
360 976 744 1408
360 976 744 1336
0 1264 424 2232
0 1264 376 2080
1128 3784 1584 4000
1200 344 1824 1656
104 32 1160 536
96 160 496 752
96 160 440 584
1096 1088 1392 1552
584 3224 920 3624
0 2168 352 2784
0 2768 224 3472
1200 344 1824 1200
1240 344 1824 1080
1472 344 1824 664
1232 944 1824 1656
976 2136 1824 2720
0 1320 256 2080
360 1312 720 1928
408 1392 720 1928
160 1264 376 1752
1280 2648 1544 3000
464 2016 776 2392
616 600 1112 1328
1376 2176 1824 2720
1376 2176 1824 2464
648 600 1112 1328
976 2136 1472 2448
1240 432 1824 1080
1344 568 1824 1080
104 32 992 448
1608 944 1824 1584
296 48 992 448
656 1608 992 1888
1080 2536 1400 3072
1080 2536 1400 2984
1104 2536 1400 2904
1528 1688 1824 2000
216 872 496 1168
1608 3624 1824 4000
0 1680 1440 4000
1432 2384 1824 3512
1432 2432 1824 3512
1432 2592 1824 3512
1488 2592 1824 3512
1488 2592 1824 3008
456 3240 696 3536
0 1328 216 1624
608 3552 1144 4000
0 2016 1440 4000
1512 2888 1824 3512
1512 2944 1824 3512
616 1064 1336 1896
616 1064 1312 1848
848 784 1056 1072
0 1680 1008 3072
0 1760 1008 3072
136 2504 1824 4000
0 448 256 688
1488 2592 1704 2912
616 1064 1312 1784
0 0 1824 2776
240 3208 664 3912
136 2800 1824 4000
392 1872 760 2120
616 1064 1168 1608
136 3456 704 4000
136 3456 632 4000
1128 0 1824 472
0 120 1824 2776
736 984 1824 2776
736 1216 1824 2776
968 2280 1400 2752
968 2368 1320 2752
736 1216 1824 2544
1608 1216 1824 1656
736 1400 1824 2544
1104 2808 1320 3048
512 2800 1824 4000
0 0 768 1696
0 256 528 1696
0 464 528 1696
0 832 520 1696
1096 984 1824 1552
1128 984 1824 1552
216 904 496 1168
640 3600 1144 4000
1568 1144 1824 1304
0 120 1824 2288
264 120 1824 1656
128 1032 520 1696
128 1032 336 1368
1264 2504 1560 2848
0 0 768 344
736 1400 1824 2472
816 1400 1824 2472
1128 984 1656 1552
1128 984 1576 1552
0 464 528 896
296 1760 576 2192
136 464 448 768
816 1712 1752 2472
264 120 1824 1496
512 3424 768 3912
896 1400 1824 2432
896 1400 1824 2064
1040 1400 1824 1952
1056 1472 1824 1952
1128 0 1824 344
1128 0 1824 296
0 2072 1008 3072
1536 1688 1824 1984
592 2800 1824 4000
592 3168 1000 3632
640 3168 1000 3584
816 1712 1576 2312
0 1496 928 2288
0 1496 928 2168
264 416 1824 1496
384 416 832 648
384 416 680 648
896 1656 1368 2064
456 120 1824 1024
0 2640 248 2960
0 2112 1008 3072
264 592 1824 1496
0 1496 928 2080
0 1496 928 2008
752 2800 1824 4000
1104 2800 1824 4000
1240 2992 1824 4000
1280 2992 1824 3736
1280 0 1824 296
264 712 1824 1496
320 720 1824 1496
840 64 1272 528
1240 3640 1800 4000
640 3168 936 3584
0 2112 784 3072
0 2344 328 3072
120 72 768 344
968 272 1272 528
320 784 1824 1496
1104 2800 1512 3272
0 1496 432 2008
0 1496 432 1952
1392 1880 1824 2432
616 1064 1160 1608
1296 3640 1800 4000
1296 3640 1600 3864
1280 2992 1648 3736
896 1656 1344 1968
968 1744 1344 1968
1392 1880 1824 2216
280 2112 784 2880
1440 2176 1824 2432
0 2064 368 2288
352 1520 928 1912
1392 1920 1824 2216
0 256 360 640
0 1848 424 2168
840 64 1176 304
144 3632 632 4000
752 3104 1352 4000
280 2280 728 2880
144 1496 432 1952
1032 3104 1344 3792
400 2280 728 2696
552 144 1824 1024
160 1496 432 1888
976 144 1824 1024
976 144 1824 904
320 784 1112 1496
1072 792 1824 1160
536 3840 704 4000
360 3800 632 4000
816 3760 1144 4000
1312 3696 1800 4000
1296 3688 1464 3864
600 3680 768 3912
1296 3640 1600 3856
144 3632 416 4000
640 3600 1016 4000
392 3584 664 3912
1568 3456 1760 3712
592 3448 816 3632
512 3424 712 3768
752 3360 1352 4000
520 3352 696 3536
1064 3304 1344 3792
1552 3272 1824 3560
640 3248 936 3584
0 3216 216 3536
240 3208 520 3752
240 3208 408 3488
888 3152 1160 3408
1032 3104 1344 3424
136 3040 376 3200
824 3008 1064 3456
1376 2992 1648 3736
1104 2976 1424 3272
720 2952 880 3168
1520 2944 1824 3448
1616 2888 1824 3048
1520 2800 1696 3016
1256 2800 1512 3216
24 2736 216 2960
1328 2648 1560 2848
0 2640 248 2880
1624 2624 1824 3008
0 2600 328 3072
1536 2592 1704 2832
1112 2536 1400 2904
416 2480 728 2696
280 2456 520 2880
1608 2432 1824 2688
456 2432 768 2616
1328 2392 1704 2776
1000 2368 1320 2752
0 2344 328 2784
656 2320 880 2656
1304 2280 1752 2472
1152 2280 1400 2448
400 2280 712 2480
728 2200 1008 2368
1440 2176 1768 2360
0 2168 240 2400
1592 2112 1824 2376
472 2112 784 2392
152 2072 520 2472
0 2064 272 2288
448 2016 1440 2552
1392 1920 1632 2144
992 1920 1576 2312
1584 1880 1824 2136
1312 1880 1480 2096
576 1872 760 2032
392 1872 640 2120
368 1872 576 2192
0 1856 160 2080
88 1848 424 2168
296 1760 488 1936
1056 1752 1344 1968
816 1712 1064 2120
0 1696 208 1888
1536 1688 1752 1896
448 1680 792 1936
232 1632 432 1888
1576 1624 1824 1784
656 1608 992 1872
0 1568 200 1864
640 1536 928 1752
352 1520 720 1912
976 1512 1312 1784
160 1496 376 1768
1056 1472 1656 1952
904 1448 1120 1608
992 1224 1168 1472
1224 1200 1696 1656
616 1160 1104 1608
152 1152 520 1696
1128 1112 1392 1552
896 1064 1160 1328
128 1032 296 1368
1272 984 1576 1216
1608 976 1824 1192
1368 944 1736 1232
312 904 496 1168
1072 888 1344 1160
200 880 376 1112
320 872 656 1336
0 832 240 1440
864 808 1024 1000
1256 792 1824 1024
888 784 1056 1000
480 784 1112 1496
832 736 1000 928
568 736 768 1016
984 720 1240 1024
960 720 1232 912
264 712 680 944
0 608 528 896
736 600 1184 832
928 480 1216 696
1128 464 1336 720
240 464 448 752
64 448 240 608
648 416 832 608
392 416 568 584
552 352 976 632
968 312 1160 528
304 280 536 472
160 280 360 560
0 256 184 640
1496 224 1824 472
1120 200 1824 904
976 144 1456 568
456 120 1136 520
352 96 768 344
120 72 440 344
1592 0 1824 280
1280 0 1688 296
344 0 1368 296
0 0 368 216
0 0 1824 2312
1080 2776 1248 3072
832 736 1056 1072
0 872 1824 4000
0 1872 1824 4000
0 872 920 3072
456 3232 736 3568
456 3240 696 3568
1432 2592 1704 3040
1456 1184 1720 1344
0 872 792 3072
392 1872 1824 2776
0 872 576 3072
0 2312 1824 4000
968 0 1824 2312
1104 1680 1336 1896
512 2952 1824 4000
512 2960 1824 4000
640 920 800 1120
1184 1880 1480 2096
0 0 1392 2120
0 0 1368 1440
968 2368 1824 3736
848 808 1024 1072
512 3008 1824 4000
512 3424 816 3768
0 872 552 3072
136 3208 408 3856
976 0 1824 2312
0 104 168 312
608 3008 1824 4000
904 464 1336 720
400 2016 1824 2776
0 880 520 3072
200 3208 408 3704
872 2960 1160 3408
0 1856 160 2088
1392 1728 1824 2144
1392 1824 1824 2144
608 3064 880 3296
632 3064 880 3296
640 3008 1824 4000
1376 2800 1824 3736
0 0 1368 296
0 64 1184 1440
384 416 832 1016
384 416 784 1016
1184 1920 1368 2088
968 2368 1560 3608
480 592 784 1016
416 2016 1824 2776
152 720 1392 2120
352 1064 1312 2120
656 1608 1120 2120
736 1656 1120 2120
816 1656 1120 2120
0 2104 368 2400
152 720 1392 1768
200 880 496 1168
152 784 1392 1768
960 720 1240 1024
0 984 520 3072
0 984 336 2008
1104 2648 1560 3608
1104 2976 1512 3608
1104 2976 1464 3608
352 1064 1312 1912
480 592 784 800
904 480 1216 720
352 1064 1160 1912
504 416 832 608
1256 2648 1560 3216
968 2368 1400 3048
968 2368 1400 2904
1392 1880 1824 2144
1104 2976 1456 3608
904 1448 1312 1784
1496 0 1824 472
144 3208 1144 4000
144 3208 768 4000
0 64 1184 832
1280 3688 1464 3896
640 3008 1600 4000
976 0 1824 1232
992 1200 1824 2312
0 984 336 1888
128 984 336 1368
1376 2800 1696 3736
0 1632 520 3072
1312 3624 1824 4000
1040 1088 1392 1552
1128 1088 1392 1552
160 280 448 752
0 1632 432 2288
144 3208 664 4000
0 1328 216 1888
1536 1624 1824 1896
640 3104 1600 4000
144 3208 632 4000
0 1720 424 2288
88 1720 424 2168
976 0 1824 1216
1256 792 1824 1216
1032 3104 1600 3856
0 1568 208 1888
0 2072 520 3072
0 2456 520 3072
640 3248 1352 4000
976 0 1824 904
152 784 1344 1768
416 2016 1440 2696
0 608 680 1440
416 2200 1008 2696
992 1920 1824 2312
352 1160 1104 1912
656 2200 1008 2656
152 872 656 1768
152 1152 520 1768
352 64 1184 832
1056 1200 1824 1968
1152 2280 1824 2776
1304 2280 1824 2776
352 64 1176 632
816 1656 1064 2120
1368 904 1824 1232
1368 944 1824 1232
0 72 440 640
0 608 680 944
352 64 1176 520
352 96 1136 520
1064 3304 1600 3856
1328 2392 1824 2776
1056 1200 1824 1952
480 784 1344 1496
0 2072 520 2784
1224 1200 1824 1656
1488 2920 1824 3648
32 2944 392 3104
1664 1824 1824 2160
1072 2464 1400 2864
1576 2536 1824 3144
1632 2720 1824 3144
736 2648 1112 3072
992 1752 1328 2104
0 1432 184 1872
1632 2792 1824 3144
736 2648 1112 2928
0 2688 1320 4000
0 1984 1576 2552
0 1984 1576 2528
0 1984 1176 2528
0 1984 872 2528
88 1984 872 2424
184 1984 872 2352
736 2648 960 2880
1456 600 1824 1184
520 2688 936 3328
0 3136 1320 4000
1152 2296 1416 2552
0 2752 792 3528
0 2800 792 3528
376 1864 768 2160
1488 2920 1824 3544
640 776 1064 1136
688 904 872 1072
328 1984 872 2320
0 3136 920 4000
0 3296 920 4000
312 3456 920 4000
880 2024 1576 2408
1400 248 1824 560
352 3552 920 4000
0 3056 544 3528
328 2800 792 3200
0 968 1824 4000
632 2608 1824 4000
888 2608 1744 3352
632 3088 1824 4000
0 2128 1256 3072
0 2128 1144 3072
672 2248 1144 2736
672 2248 1144 2608
592 968 1824 2592
592 1152 1824 2592
592 1192 1824 2592
592 1192 1168 1568
1656 3320 1824 3632
0 2128 984 3072
0 2128 984 2952
1000 968 1280 1352
616 3440 1320 4000
1024 3192 1824 4000
1104 3224 1824 4000
0 3296 400 3864
624 1400 1824 2592
624 1472 1824 2592
