0 0 2448 3263
2115 1977 2421 2232
946 731 1658 940
848 633 1599 920
0 0 2448 2049
0 0 2448 1742
0 509 2448 3263
1827 613 2186 1083
0 1560 600 2846
2154 1423 2448 2049
71 509 2448 3100
1769 907 2180 1305
848 724 1599 920
561 580 920 1292
613 580 920 1122
665 580 920 1122
104 691 404 1266
2154 1703 2448 2049
91 1560 600 2846
1286 985 2258 2010
1912 985 2258 2010
2049 985 2258 1697
91 1560 287 2167
0 1938 2448 3263
561 1011 698 1292
104 1044 404 1266
189 1716 2036 2846
1286 1527 2082 1860
1410 1527 2082 1860
287 2160 600 2846
71 894 2448 3100
169 1579 483 1769
189 1716 757 2102
169 509 2173 1390
646 515 2173 1390
802 515 2173 894
802 515 2160 815
802 515 2010 724
646 600 2102 1390
2049 985 2258 1605
195 1788 1821 2989
195 1788 1821 2820
633 2023 1592 2572
633 2043 900 2389
646 620 2102 1390
574 2780 1703 2989
1912 574 2173 894
574 2780 1547 2989
1534 2088 1938 2239
639 1762 2448 3100
169 509 1697 1064
202 509 1697 881
228 509 1697 711
71 894 2193 2141
646 626 2102 1390
71 933 2193 2141
1867 1762 2448 2833
2004 2036 2448 2709
2147 2036 2448 2167
1912 659 2154 848
169 1612 483 1769
750 757 2102 1390
659 1090 1782 1468
2049 985 2258 1370
1867 1762 2193 2833
1867 1827 2160 2833
1964 1827 2160 2656
2206 1423 2448 1880
822 757 2102 1344
659 1240 1031 1468
848 1475 2049 2141
992 1090 1782 1423
646 626 1788 1331
659 1240 1031 1423
672 626 1788 1168
91 3048 2448 3263
848 2023 1592 2572
848 2023 1468 2513
1005 2160 1468 2513
848 1762 2049 2141
71 933 2193 1840
705 626 1788 1122
0 1938 1658 3263
0 1938 398 2519
91 3068 2448 3263
1867 1991 2082 2833
711 1240 1031 1396
731 1494 1161 1840
705 639 1788 1122
705 731 1684 1122
2004 2108 2448 2709
992 1090 1782 1396
1024 1090 1782 1396
189 1716 757 1853
424 2121 1821 2820
1912 1605 2245 2010
1024 1103 1782 1396
815 750 1684 1018
705 731 926 1122
0 2493 1658 3263
1109 1821 2049 2141
1109 1821 1840 2141
1109 1821 1697 2121
71 933 2004 1840
639 2800 2448 3100
1377 1873 1840 2141
71 933 2004 1834
143 933 646 1318
143 933 646 1181
1024 1103 1514 1396
71 1240 2004 1834
71 1240 2004 1814
1410 1579 2082 1860
1906 1991 2082 2630
639 2839 2448 3100
548 1253 2004 1814
750 1253 2004 1814
1527 3120 2448 3263
91 3068 1697 3263
1775 2937 2448 3100
2062 2859 2448 3035
639 2839 2323 3100
1893 2807 2115 2944
1351 2800 1964 2983
574 2780 1318 2989
1925 2637 2448 2904
1658 2585 1788 2754
2141 2526 2448 2709
1161 2526 1436 2669
411 2500 600 2846
0 2493 1135 3263
391 2363 561 2780
424 2297 1821 2820
1109 2291 1312 2461
633 2232 900 2389
0 2212 398 2519
1005 2167 1220 2330
1031 2160 1468 2513
287 2160 417 2532
718 2121 1181 2467
2004 2108 2448 2702
1534 2108 1938 2239
861 2102 1148 2245
711 2043 887 2232
848 2023 1031 2167
1906 1991 2082 2356
0 1938 300 2212
1886 1919 2069 2121
2160 1899 2448 2049
1664 1893 1840 2082
1540 1886 1677 2030
1377 1873 1729 2141
1658 1860 2049 2121
1312 1853 1697 2121
404 1840 2036 2846
339 1827 613 2102
1109 1821 1377 2049
1912 1814 2134 2010
195 1788 763 2513
0 1782 215 1984
0 1742 143 1873
2154 1703 2448 1977
496 1697 724 1834
1410 1690 1919 1860
665 1638 933 1840
345 1612 483 1742
1971 1605 2245 1827
1697 1579 2082 1847
91 1560 241 1951
1938 1527 2075 1684
411 1527 763 1834
822 1501 1364 1827
894 1494 1161 1749
1122 1475 1325 1775
2115 1403 2258 1697
750 1370 1507 1658
548 1325 940 1736
2115 1318 2258 1605
156 1266 378 1410
1253 1253 2004 1814
757 1240 1031 1396
711 1240 933 1396
71 1240 626 1749
404 1188 763 1481
1468 1168 1782 1383
1775 1155 2069 1344
267 1148 567 1318
1840 1122 2193 1625
750 1116 1024 1390
2088 1103 2258 1370
1024 1103 1481 1351
1259 1090 1573 1286
437 1090 613 1292
470 1005 646 1135
2049 985 2239 1142
705 946 913 1122
143 933 554 1181
665 920 809 1122
1827 881 2102 1083
822 809 1860 1344
1782 757 2102 1148
848 750 1423 920
815 750 1396 972
946 731 1658 913
731 731 926 998
104 691 267 1122
613 678 744 1044
202 665 417 881
1912 659 2095 815
332 646 613 894
1586 639 1788 920
724 626 1044 796
169 626 685 1064
1801 620 1958 848
1677 600 1886 933
678 580 920 940
1573 567 1775 698
1122 548 1716 724
1749 515 2160 815
1886 483 2193 926
2095 0 2448 528
868 515 2010 757
887 842 1684 1018
731 1475 1475 1840
71 509 2448 2846
71 509 2245 2846
104 691 450 1286
1122 1475 1475 1775
437 580 1782 1468
437 1011 698 1292
0 1742 2448 3263
1867 985 2448 2833
124 1122 450 1286
711 2023 1592 2572
1775 1116 2069 1344
470 580 1782 1468
646 1018 1782 1468
1782 483 2193 1148
1886 483 2193 953
470 580 920 1168
2043 985 2448 2461
2049 985 2448 1977
2049 985 2448 1880
868 587 1599 757
267 607 470 783
1782 620 2154 1148
1782 659 2154 1148
0 1899 2448 3263
104 691 267 1266
261 1501 2134 2846
2043 1827 2180 2461
646 1116 1782 1468
261 1501 2082 2846
822 1501 1860 2121
1312 1762 1860 2121
0 1742 215 1984
261 1579 2082 2846
261 1697 1103 1880
868 587 1592 757
926 587 1592 731
404 1579 2082 2846
711 2043 907 2232
711 1168 1782 1468
711 1240 1031 1468
71 509 2245 1840
613 580 920 1168
613 678 829 1168
1925 1899 2448 3035
613 678 809 1122
992 1168 1782 1468
228 509 2160 1122
705 515 2160 1122
1057 1168 1782 1468
228 509 1697 835
228 509 1697 796
705 600 1886 1122
705 731 1658 1122
2147 1899 2448 2167
2160 1899 2448 2095
815 731 1658 972
848 731 1658 920
293 2780 2448 3263
574 2780 2448 3100
724 587 1077 796
1586 600 1886 933
71 626 2245 1840
71 626 940 1840
143 626 685 1318
646 1116 1024 1390
1122 515 2160 815
261 1697 757 1853
1031 2160 1592 2572
202 646 613 894
639 2807 2448 3100
0 1938 1932 3263
404 1821 2036 2846
1057 1305 1762 1468
1214 1305 1762 1468
574 2780 1964 2989
71 1188 940 1840
2088 1103 2258 1697
71 1240 940 1840
1410 1579 2082 2239
143 626 685 1181
1122 548 1912 724
293 3035 2448 3263
848 2023 1148 2245
2088 1103 2258 1605
0 2493 1932 3263
293 3035 1658 3172
1410 1579 2082 2121
1658 1860 2069 2121
750 809 2245 1827
822 809 1860 1351
71 1240 940 1834
463 3035 1658 3172
750 907 2245 1827
1769 907 2245 1827
411 1325 940 1834
91 3068 1932 3263
1775 2807 2448 3100
1024 1090 1573 1351
1769 907 2193 1625
1925 2108 2448 3035
1925 2637 2448 3035
104 509 1703 1233
2154 1175 2448 2043
2160 1175 2448 2036
822 678 2239 1383
613 580 920 1233
613 920 809 1233
913 731 1664 940
913 731 1664 933
0 0 2448 1736
0 496 2448 3263
1181 496 2186 972
1886 496 2186 972
0 515 2448 3263
150 1161 502 1390
150 1161 502 1318
404 1501 2069 2859
1357 1716 2102 1867
71 515 2448 3107
2004 2004 2448 2715
0 1736 2448 3263
0 1736 385 1991
815 737 1423 946
32 1312 189 1736
1370 1801 2160 2852
1370 1834 2030 2199
0 1945 2448 3263
2160 1599 2448 2036
202 1468 2448 3107
365 1468 1475 2095
731 1468 1475 1821
731 1488 1188 1821
365 1749 1057 2095
71 515 2271 1853
202 1801 2448 3107
561 2676 2448 3107
71 515 2173 1853
143 515 2154 1370
920 515 2154 809
143 620 2108 1370
143 620 2108 1344
143 626 763 1344
71 1090 2173 1853
659 1090 1782 1455
0 1945 1684 3263
202 1801 1775 2813
71 1122 2173 1853
672 620 2108 1175
829 3035 2448 3166
1090 2807 2128 2963
182 705 443 907
659 1240 1527 1455
359 2043 1775 2813
1723 1977 2017 2199
0 2199 1684 3263
1919 1103 2271 1827
672 620 1958 1175
731 620 1958 1116
71 1142 2173 1853
2160 1827 2448 2036
71 1142 2173 1840
71 1207 2173 1840
750 1240 1527 1449
1919 1155 2271 1827
2075 1155 2271 1716
731 711 1723 1116
998 1090 1782 1429
2199 1599 2448 1880
1188 3107 2448 3263
1579 2807 2128 2963
561 2787 1579 3055
1135 2676 2448 3107
1161 2506 1436 2669
0 2493 1684 3263
1344 2395 1618 2585
332 2297 757 2996
0 2199 398 2519
691 2173 920 2408
802 2017 1370 2395
1782 1977 2017 2121
1325 1964 1579 2167
0 1945 293 2206
2160 1893 2448 2036
365 1840 613 2095
1370 1834 2030 2193
404 1834 2069 2859
1834 1801 2160 2852
202 1801 757 2513
0 1788 208 1964
554 1749 1057 1899
1912 1716 2102 1853
2199 1703 2448 1880
496 1697 776 1853
137 1684 561 1847
2219 1599 2448 1742
822 1501 1468 1991
855 1488 1188 1742
1155 1468 1475 1795
32 1455 189 1736
2075 1403 2271 1716
822 1390 1011 1527
1919 1338 2245 1827
424 1266 567 1429
750 1240 1057 1396
659 1240 959 1455
2265 1175 2448 1599
1142 1168 1782 1429
287 1161 502 1318
2088 1155 2258 1507
1769 1142 2075 1331
2023 1122 2193 1286
750 1122 959 1370
391 1122 607 1272
2102 1103 2252 1299
998 1090 1573 1383
672 1044 835 1175
665 920 809 1096
613 920 744 1233
737 913 1168 1116
470 913 763 1344
1782 900 2239 1214
1782 750 2108 1070
868 750 1423 946
913 731 1664 913
731 711 1723 1031
221 705 443 868
822 678 1893 1383
195 665 470 861
352 646 613 874
143 626 698 1181
450 626 665 848
1494 620 1958 985
718 587 1070 926
672 580 920 926
1096 574 1507 724
1579 567 1880 698
1886 496 2186 698
2128 0 2448 456
0 2004 2448 3263
0 0 2448 2859
815 665 1664 946
150 1181 450 1390
0 620 2271 2859
0 0 2448 2036
1834 1762 2206 2852
659 1122 1782 1455
815 731 1664 946
104 509 2154 1233
731 1468 2102 1867
391 1090 607 1272
71 620 2271 1840
2023 1103 2271 1716
1494 1716 2102 1853
71 620 2245 1840
665 620 2108 1175
0 1501 2069 2859
0 1736 920 2519
0 1736 920 2513
0 2493 2448 3263
731 620 2108 1116
718 515 2154 926
659 1168 1782 1455
0 1769 398 2519
665 920 835 1175
202 1801 920 2513
137 1501 2069 2859
750 1168 1782 1449
104 1116 502 1325
156 1116 502 1318
143 626 763 1429
868 731 1664 946
182 665 470 907
71 678 2245 1840
2075 1103 2271 1716
137 1501 1468 1991
1031 1168 1782 1449
137 1684 1057 1899
0 1788 398 2519
137 1684 776 1853
359 1834 2069 2859
71 1207 2245 1840
0 1945 398 2519
815 594 1671 966
1455 1762 2206 2944
417 215 2258 646
815 594 1599 940
815 750 1599 940
1579 1762 2206 2944
1886 652 2173 894
0 339 554 1742
1455 2082 2023 2715
45 339 554 835
561 580 1037 802
0 757 313 1742
0 757 202 1742
0 1742 2376 3100
0 1742 763 2989
0 1919 2448 3263
0 757 202 1116
0 933 202 1742
626 241 2258 646
626 345 2010 646
0 0 2448 3100
91 463 2448 3100
1821 463 2448 2043
2095 463 2448 2043
2154 1599 2448 2043
2206 1599 2448 1853
91 515 2448 3100
1821 705 2193 1214
417 215 913 646
0 2062 2448 3263
2095 463 2448 1690
2147 594 2448 1690
130 874 633 1233
248 1801 594 2141
711 2212 998 2532
0 0 2448 907
1880 705 2193 1214
763 345 2010 580
2284 1286 2448 1534
2304 926 2448 1207
189 626 1194 1338
189 626 829 1338
1886 705 2121 887
548 1540 1135 1847
744 998 1194 1325
0 933 202 1651
117 1769 763 2989
0 933 202 1566
2154 1795 2448 2043
1370 1847 1951 2167
156 515 2448 3100
691 2036 1031 2271
691 2036 1031 2252
189 626 691 933
1292 1325 1873 1684
848 620 1886 1011
626 2820 2376 3100
626 2820 1664 3081
626 2820 1083 2989
1116 620 1886 1011
953 202 1214 365
1971 1155 2239 1697
1390 620 1886 1011
1991 1155 2239 1684
737 2069 2448 3100
1292 1429 1677 1684
2212 1599 2448 1840
2212 1612 2448 1840
2226 731 2448 894
156 515 2252 2872
639 515 2167 1396
639 515 2167 1109
639 626 1468 1109
737 633 2095 1396
737 750 2095 1396
737 809 2069 1396
718 515 2167 757
352 1834 594 2141
548 1671 940 1847
920 515 2167 757
1116 515 2167 757
2212 972 2448 1690
156 940 2252 2872
404 940 959 1540
404 940 646 1455
235 626 659 861
737 966 1782 1396
848 724 1658 907
848 744 1658 907
156 966 2252 2872
71 1240 313 1742
1991 1168 2239 1684
0 2062 1129 3055
0 2735 2448 3263
0 2735 1664 3263
176 966 2252 2872
1742 1507 2252 2284
1155 319 1977 502
1259 319 1977 502
861 724 1658 887
117 1769 574 2728
176 966 2167 2872
829 2108 1736 2813
0 2212 1129 3055
0 2212 404 2565
528 1129 959 1540
1370 1925 1951 2167
1109 2630 1521 2813
0 0 345 907
0 0 261 907
241 0 2448 718
189 776 691 933
470 940 646 1220
1351 1024 1618 1253
829 2108 1736 2793
1175 2297 1736 2793
1605 620 1886 907
1742 2102 2017 2284
2193 646 2448 1090
130 913 633 1233
404 1501 1945 2872
404 1762 1945 2872
404 1880 1945 2872
842 1945 1945 2872
1867 124 2160 319
2121 2069 2448 2709
1246 515 2167 757
1383 515 2167 757
0 2480 1129 3055
2154 1853 2448 2043
241 0 2395 496
241 0 2258 496
241 0 2023 496
998 2382 1240 2656
176 966 2167 1860
1077 1122 1547 1396
855 1945 1945 2872
855 2075 1945 2872
1096 1945 1729 2369
737 2643 2448 3100
1742 966 2082 1462
2121 2069 2448 2643
0 2493 326 2676
404 1880 1181 2813
567 2265 1181 2800
607 2265 1181 2800
646 2265 1181 2800
861 2265 1181 2643
176 1161 2167 1860
0 2212 391 2480
0 130 261 907
0 248 261 907
404 1880 894 2813
496 2441 763 2813
1188 2428 1736 2793
855 2630 1945 2872
176 1207 2167 1860
2239 254 2448 718
607 2343 802 2565
750 3061 2448 3218
293 1344 633 1553
241 0 1788 496
241 0 1547 385
1259 0 1547 378
1286 0 1547 378
1096 1945 1605 2350
1096 1945 1566 2317
1096 1945 1547 2186
1188 1945 1547 2186
1488 169 1788 496
1488 189 1788 496
241 0 1351 385
1305 1207 2167 1860
176 1357 1521 1827
887 966 1782 1383
737 1194 1142 1396
1912 1762 2206 2780
1475 1932 1951 2167
861 2480 1044 2643
2206 2284 2448 2643
2219 2284 2448 2565
2219 2363 2448 2565
594 1762 1403 2049
907 2265 1181 2539
176 1357 1475 1827
300 1357 1475 1827
300 1357 1475 1756
541 1357 1475 1756
763 1357 1475 1756
1175 2075 1899 2696
1175 2075 1749 2578
1188 2428 1736 2780
1540 1207 2167 1814
1912 2030 2128 2780
0 248 261 737
1860 1207 2167 1618
1867 1383 2167 1618
0 2480 763 2996
2010 2141 2271 2683
1109 2643 2448 3100
1109 2904 1840 3042
1475 2904 1840 3042
541 1383 829 1729
1357 2454 1736 2780
0 248 261 594
1690 2317 1899 2696
0 2735 1312 3263
1723 2643 2448 3100
1893 3126 2448 3263
110 2219 391 2480
241 0 1083 385
241 0 815 208
300 1514 672 1729
0 2735 443 3153
0 2735 443 3055
0 2735 443 3015
0 2735 443 2918
0 2735 443 2872
1540 1455 1964 1814
1651 1455 1964 1814
117 1769 496 2461
0 2656 763 2996
1077 1122 1547 1357
404 1880 894 2480
2049 3126 2448 3263
1801 2643 2448 3100
0 3061 1312 3263
339 3094 1312 3263
1651 1455 1951 1814
1077 1122 1527 1357
0 2872 430 3015
1788 1507 2252 2226
574 3094 1312 3263
1148 763 1658 900
1801 2865 2448 3100
1801 2878 2448 3100
404 2069 744 2480
0 3061 737 3263
97 3061 737 3263
2147 2878 2448 3100
2010 2317 2271 2683
2278 3133 2448 3263
0 3120 248 3263
97 3107 417 3263
352 3061 737 3218
137 3028 463 3159
2147 2957 2448 3100
2017 2957 2219 3087
1801 2937 2323 3094
1475 2904 1788 3035
633 2839 874 2989
424 2728 763 2996
2134 2709 2389 2885
2219 2696 2448 2891
502 2689 763 2989
1886 2643 2278 2878
646 2637 1135 2820
1579 2630 2160 2944
874 2630 1945 2872
1129 2630 1521 2813
1403 2624 1749 2800
2180 2578 2448 2709
1553 2552 1736 2702
0 2513 326 2676
235 2480 456 2676
1710 2461 1899 2696
1357 2454 1664 2780
998 2448 1240 2656
496 2441 763 2800
2226 2434 2448 2565
1188 2428 1396 2669
0 2421 404 2565
2010 2382 2226 2683
398 2382 574 2728
907 2343 1142 2539
783 2323 998 2532
2062 2317 2271 2545
1912 2317 2069 2780
1690 2317 1834 2539
1175 2297 1390 2461
646 2297 940 2800
221 2297 391 2480
1357 2291 1749 2578
2291 2284 2448 2493
913 2265 1181 2454
443 2226 672 2480
711 2212 953 2382
0 2212 306 2376
1540 2180 1729 2369
1370 2160 1566 2317
2088 2141 2226 2356
718 2115 920 2271
829 2108 1214 2330
1795 2102 2017 2284
1455 2082 2023 2558
1175 2075 1455 2402
2121 2069 2448 2376
404 2069 744 2343
0 2062 313 2226
691 2043 868 2252
842 2023 1266 2271
470 2017 691 2186
411 1977 561 2141
1475 1964 1919 2167
261 1958 496 2461
1188 1945 1462 2102
1684 1932 1951 2115
1370 1925 1547 2128
0 1919 274 2173
2154 1906 2448 2043
554 1880 894 2095
2167 1853 2448 2010
554 1853 1122 2069
1370 1847 1945 2049
352 1834 594 2069
1201 1821 1403 2049
1788 1795 2160 2226
0 1795 208 1958
117 1769 411 2134
2069 1762 2206 2088
594 1762 1318 2004
548 1677 815 1847
1912 1664 2062 1814
515 1651 698 1827
1651 1618 1925 1814
2219 1612 2448 1742
1305 1605 1945 1860
1318 1605 1521 1788
1220 1592 1423 1756
926 1540 1135 1749
763 1521 933 1729
411 1514 672 1729
300 1514 522 1723
1945 1507 2252 1821
815 1501 1383 1840
1227 1494 1357 1710
1540 1481 1827 1788
620 1468 829 1729
1932 1455 2167 1618
1736 1455 1951 1664
0 1449 130 1742
1475 1429 1677 1684
1292 1429 1566 1605
900 1423 1135 1658
176 1390 365 1749
1867 1383 2121 1521
541 1383 705 1573
417 1377 633 1553
763 1357 1475 1664
293 1344 443 1553
711 1331 959 1540
1351 1325 1873 1514
156 1325 293 1566
2278 1292 2448 1540
2284 1286 2448 1521
150 1266 313 1429
1077 1220 1527 1357
1991 1207 2173 1455
1860 1207 2075 1449
737 1201 1142 1396
750 1194 985 1364
404 1188 567 1455
2265 1168 2448 1547
274 1161 515 1377
2088 1155 2226 1436
1742 1129 2069 1462
528 1129 744 1423
1083 1122 1403 1286
744 1109 900 1325
1488 1077 1618 1253
2304 1057 2448 1207
1233 1057 1521 1201
900 1051 1148 1233
1880 1044 2193 1214
1351 1024 1573 1227
887 1024 1377 1175
796 998 1194 1188
1788 966 2082 1181
1194 966 1782 1383
470 940 639 1188
130 940 398 1233
0 933 202 1266
626 926 829 1338
267 913 633 1201
1821 887 2115 1070
182 874 502 1051
1390 868 1716 1011
0 855 169 1070
2199 815 2448 1090
1612 809 2069 1161
202 776 691 933
1148 770 1455 900
1220 763 1658 900
1788 750 2095 920
815 750 1599 926
1886 744 2121 887
848 744 1586 907
907 737 1671 966
861 737 1305 868
2317 731 2448 868
907 724 1658 887
1605 711 1775 907
2043 705 2186 1116
639 665 1468 1109
235 665 541 861
2193 646 2448 979
718 626 953 926
561 626 698 802
450 626 659 855
1671 620 1886 822
2147 594 2389 1188
855 594 1586 750
718 594 1122 744
691 580 1037 763
45 561 417 835
0 548 189 737
1971 528 2167 672
1383 515 2069 757
2199 483 2337 685
2304 476 2448 718
2095 463 2245 639
626 450 920 646
0 417 261 594
1155 359 1312 496
1488 352 1742 496
763 352 1703 580
913 345 2010 515
130 339 554 698
1383 332 1586 476
417 280 718 646
2239 254 2448 528
1116 254 1266 443
0 248 254 430
1893 241 2258 580
365 228 496 424
2173 215 2317 456
509 215 913 580
1742 202 1925 417
189 195 430 391
1507 189 1788 430
1488 169 1677 365
443 169 659 319
2010 156 2160 319
1286 150 1547 378
78 130 254 293
2102 124 2239 437
1867 124 2062 287
607 110 1083 385
319 104 476 235
1592 97 1782 228
750 78 966 287
1051 52 1351 385
2212 0 2448 359
2193 0 2395 156
2004 0 2258 208
1742 0 2023 228
1501 0 1697 169
1423 0 1579 208
1292 0 1488 287
887 0 1109 150
770 0 913 143
567 0 815 195
241 0 594 208
65 0 202 143
0 0 2448 2820
0 1599 2448 3263
1867 1762 2206 2780
1788 600 2186 1116
1788 633 2186 1116
1788 633 2121 920
0 0 2448 1697
1788 705 2121 920
1788 744 2121 920
737 1599 2448 3100
561 528 1912 1338
561 528 1912 1188
1631 1599 2448 3100
1631 1795 2448 3100
1971 1168 2239 1697
718 528 1423 744
0 626 2252 2820
182 842 515 1051
561 554 1912 1188
1631 2010 2448 3100
639 554 1912 1188
822 554 1912 972
848 554 1912 966
848 554 1912 907
855 554 1912 750
0 1795 2448 3263
0 2513 2448 3263
0 0 2448 1547
352 1762 2023 2820
0 0 2448 835
