0 0 1824 4000
0 1384 376 1912
32 1384 376 1752
0 232 536 1136
480 2808 1216 4000
568 3320 1112 4000
1448 128 1824 2080
1448 128 1824 2024
1232 1496 1504 2032
664 1816 1336 2688
896 1824 1336 2688
1520 2088 1792 2488
0 0 1016 552
664 1816 976 2168
136 2496 352 2880
1088 848 1576 1568
1088 848 1512 1272
1088 848 1432 1272
0 0 1016 264
0 0 1016 256
0 16 1272 1736
1328 1168 1576 1568
616 16 1272 1000
0 144 928 1736
616 16 1128 1000
0 1264 704 2056
208 1264 408 1632
0 144 696 1680
512 2384 920 2704
0 1360 704 2056
1208 1816 1824 2688
1008 0 1824 624
1232 1496 1504 1840
1008 0 1776 624
1424 1816 1824 2104
1208 2032 1824 2688
0 1536 440 2056
88 1536 440 1784
80 0 1016 224
1208 2072 1688 2688
0 88 1824 4000
0 1656 1824 4000
136 1656 976 2248
1120 888 1400 1232
0 1688 1824 4000
0 2608 800 4000
0 2656 576 4000
816 88 1584 2560
40 2608 800 4000
40 2616 800 4000
1592 3240 1824 3440
816 88 1544 2560
816 496 1520 2560
976 496 1496 1488
0 600 544 1648
0 840 544 1648
0 936 288 1648
0 1152 240 1648
1008 0 1744 528
0 600 288 1072
136 1696 832 2248
1088 128 1560 520
1384 2288 1824 2736
0 1688 992 2664
0 1688 712 2664
0 1984 712 2664
96 1984 712 2448
280 2760 776 3584
624 2440 1032 2760
0 1696 376 2056
816 1120 1520 2560
816 1312 1520 2560
384 1872 992 2320
816 1336 1520 2560
0 2072 344 2408
816 1120 1064 1568
1024 88 1544 856
352 2136 1824 4000
632 2480 1824 4000
0 2072 176 2352
416 144 696 1680
352 2136 1640 4000
536 144 784 1104
352 2160 1640 4000
136 1696 760 2248
136 1704 528 2248
816 1336 1520 2112
760 3448 1112 4000
1136 216 1544 856
632 2480 1824 3840
632 2480 1824 3728
432 1696 760 1936
1144 2104 1496 2560
816 1376 1480 2112
816 1528 1192 1800
920 1824 1256 2184
920 2704 1560 3040
632 2480 1824 3552
632 2584 1824 3552
384 2528 1640 4000
864 3128 1640 4000
1456 472 1688 1152
1144 2104 1376 2560
384 2528 1032 3408
352 2160 848 2592
1056 1376 1480 2112
264 3112 800 4000
352 3192 800 4000
1000 3264 1640 4000
328 3296 648 4000
944 2480 1680 2848
1448 1288 1824 2024
1208 2104 1496 2352
1056 1656 1480 2112
632 2584 1824 3248
0 560 232 936
1552 3712 1824 4000
1040 3680 1296 4000
872 3672 1112 4000
488 3672 648 4000
1560 3624 1824 3840
504 3592 800 4000
1040 3504 1640 4000
760 3496 936 3848
1376 3392 1592 3552
1024 3392 1232 3608
1376 3336 1824 3728
568 3320 1008 4000
328 3296 520 3712
1000 3264 1408 3664
752 3240 1216 4000
432 3216 592 3568
472 3200 776 3584
352 3192 592 3744
392 3144 592 3592
776 3136 1120 3704
864 3128 1200 3344
1224 3048 1504 3216
0 3040 576 4000
1360 3024 1824 3488
376 2952 712 3296
128 2928 552 3816
1136 2856 1824 3552
480 2808 816 3392
280 2760 600 3288
920 2752 1224 3040
1168 2704 1560 2952
1272 2664 1680 2848
0 2664 296 3216
0 2656 288 3328
40 2616 400 3192
112 2608 376 3056
632 2600 1184 3016
896 2584 1824 3248
384 2576 896 3408
304 2544 488 2960
408 2528 1032 3184
624 2504 936 2760
136 2496 352 2808
944 2480 1416 2816
584 2464 912 2704
1208 2456 1592 2688
872 2440 1032 2640
1384 2424 1760 2736
352 2408 696 2592
512 2384 920 2576
0 2304 512 2664
0 2296 232 2528
1176 2280 1376 2560
1536 2264 1736 2632
1520 2208 1688 2488
488 2160 848 2472
0 2152 176 2352
752 2136 1032 2520
1144 2104 1320 2376
1632 2088 1792 2352
1232 2072 1688 2512
896 2064 1336 2688
96 2048 512 2384
1640 2032 1824 2464
384 1984 712 2448
624 1912 992 2320
664 1896 976 2168
376 1888 608 2240
136 1880 528 2248
384 1872 656 2056
1080 1856 1256 2144
920 1824 1200 2184
672 1816 952 2144
1280 1784 1480 2112
472 1776 832 2000
0 1776 256 2056
464 1720 760 1904
248 1704 520 2032
432 1696 672 1936
96 1696 376 1888
0 1688 544 2160
1448 1672 1648 1896
1056 1656 1392 2032
640 1656 976 1848
1264 1640 1464 1840
888 1592 1192 1800
1240 1568 1504 1808
816 1528 984 1712
1232 1496 1504 1680
32 1456 272 1752
216 1384 376 1632
1072 1376 1312 1696
344 1360 704 1808
1200 1352 1376 1512
1280 1336 1520 1584
864 1312 1152 1640
1520 1288 1824 2024
0 1288 240 1648
208 1264 408 1600
0 1152 184 1408
1120 1040 1344 1232
152 1032 344 1360
1040 1024 1464 1488
344 1016 584 1576
0 936 288 1224
1200 888 1400 1168
1416 848 1584 1208
72 848 272 1152
264 840 544 1416
328 712 536 1136
32 608 216 936
0 600 240 1072
0 560 232 928
648 544 928 1736
64 544 224 752
672 536 936 1080
1456 512 1664 1152
976 496 1496 1312
1520 472 1688 720
976 464 1272 696
568 344 784 1104
1328 312 1560 520
488 288 696 1680
0 232 496 936
1136 216 1544 840
160 168 424 552
224 168 408 384
1568 128 1824 1400
1088 128 1416 408
1024 88 1264 624
512 64 896 416
1552 0 1776 624
1496 0 1744 528
1008 0 1720 440
80 0 744 224
0 0 408 256
376 2808 816 3392
0 1312 1824 4000
0 0 1824 2848
392 3144 1296 4000
752 3240 1296 4000
1008 0 1824 2848
0 0 1688 1752
0 16 1688 1752
0 2664 648 4000
128 2928 648 4000
152 1032 408 1632
1008 0 1824 2736
888 1768 1256 2144
112 2520 488 3056
112 2520 376 3056
0 544 288 1072
1328 1240 1520 1448
128 2928 632 4000
376 1776 832 2240
392 3144 1112 4000
1208 128 1824 2736
0 16 1544 1752
1376 472 1688 1584
0 1312 1560 2952
800 560 1064 1576
0 2464 1824 4000
1552 0 1824 624
1232 128 1824 2736
1376 472 1688 1568
584 2464 1824 3728
0 144 984 1752
512 16 1544 1512
0 2528 1640 4000
0 2616 800 4000
376 1872 656 2240
816 560 1064 1568
512 16 1544 1488
1376 472 1688 1248
624 2504 1824 3728
1232 128 1824 2512
64 544 288 1000
1384 2208 1760 2736
0 144 928 1752
0 2616 576 4000
624 1656 1560 2952
416 144 928 1736
1376 512 1664 1248
0 168 584 1752
624 1656 1480 2688
88 1360 704 1808
1136 2856 1824 3728
408 2528 1640 4000
1376 3288 1824 3728
896 1656 1480 2688
0 1312 1520 2808
96 1312 1520 2384
944 2480 1560 2952
0 232 584 1752
0 840 584 1752
264 840 584 1576
432 1312 1520 1936
0 848 288 1752
0 936 288 1752
512 16 1544 1080
1232 1288 1824 2512
0 2160 920 2808
488 2160 920 2576
0 2152 344 2408
1512 3624 1824 3888
96 1704 528 2384
96 1880 528 2384
1232 1816 1824 2512
264 3112 592 3744
1056 1656 1480 2264
432 1336 1520 1936
432 1376 1312 1936
0 0 744 256
624 1816 1200 2520
624 1824 1200 2520
624 1912 1032 2520
432 1592 1192 1936
0 2296 696 2808
0 2296 696 2664
0 2296 512 2664
640 1592 1192 1848
1120 952 1344 1232
512 16 1128 1080
624 2504 1824 3248
624 2504 1184 3016
1232 2032 1824 2512
616 16 1128 1080
408 2528 1120 3704
1416 512 1664 1208
1544 2032 1824 2736
0 0 1824 1400
0 32 1824 4000
0 144 696 1800
0 672 272 1720
920 0 1824 1400
152 2480 1112 4000
0 496 408 1696
56 536 408 1696
400 144 696 1688
1120 472 1664 1576
1120 472 1664 1560
1120 520 1664 1560
1232 1496 1680 1864
1472 1680 1680 1864
0 224 624 1800
0 1536 568 2096
1096 2104 1664 2688
1120 888 1464 1336
1416 520 1664 1560
0 1536 424 2096
256 2544 1112 4000
256 2544 560 3288
1520 3584 1824 4000
1520 3632 1824 4000
1552 3632 1824 4000
824 1472 1120 1784
56 536 400 1696
128 984 400 1696
0 1664 376 2096
0 1688 376 2096
0 672 240 1552
480 32 1568 1696
480 32 1568 1496
896 1808 1440 2184
896 1808 1256 2184
1128 920 1312 1112
440 3184 1112 4000
872 1312 1824 2680
912 560 1104 1496
920 0 1744 720
0 2520 800 4000
56 536 272 1152
56 536 248 888
1416 1168 1576 1560
40 2520 800 4000
320 872 624 1800
480 32 1568 1400
1552 0 1824 1400
1064 2296 1240 2672
872 1712 1824 2680
1296 1712 1824 2136
648 896 1376 1696
848 896 1376 1640
0 1536 1824 4000
360 2136 1824 4000
360 2136 1672 4000
1024 2704 1536 3032
512 2392 1824 3728
40 2616 776 4000
0 1536 1128 2664
272 1536 1128 2480
384 1536 1128 2392
384 1536 1128 2312
544 1536 1128 2312
544 1536 968 2312
136 1696 640 2248
1272 2072 1688 2400
1056 1344 1520 2048
1104 144 1560 520
360 2160 1672 4000
384 2576 1672 4000
512 2392 1632 3008
384 2576 1360 3600
96 2520 800 4000
1272 2112 1448 2352
384 2576 1248 3560
136 1696 544 2224
952 2584 1824 3728
0 2064 232 2528
0 1688 376 2056
360 2160 920 2632
384 2576 1152 3560
512 2400 1312 3008
808 3256 1120 3704
952 2584 1824 3552
536 3728 776 4000
1584 3632 1824 3824
976 3576 1288 4000
768 3544 1112 4000
808 3496 1032 3936
392 3456 616 3944
928 3440 1120 3704
1040 3392 1672 4000
1376 3344 1824 3728
1400 3336 1824 3688
552 3320 992 4000
1072 3296 1360 3600
1592 3256 1824 3448
432 3232 800 4000
440 3184 888 3672
872 3128 1248 3368
0 3040 624 4000
376 2944 664 3296
536 2928 816 3496
1456 2904 1744 3072
1136 2864 1824 3552
256 2840 560 3288
1024 2776 1256 3032
920 2752 1184 3040
472 2736 824 3312
1232 2704 1536 2920
0 2688 288 3336
0 2656 640 4000
1448 2640 1736 2816
40 2616 688 3808
952 2584 1824 3248
480 2576 1152 3560
384 2576 864 3304
304 2544 504 2960
96 2520 440 3240
152 2480 384 2880
584 2464 912 2864
624 2440 1312 3008
360 2440 664 2632
512 2400 912 2576
944 2392 1632 2744
0 2352 416 2664
1544 2296 1760 2736
1072 2296 1232 2584
272 2296 576 2480
1160 2272 1504 2560
136 2248 344 2416
456 2160 920 2472
0 2152 232 2528
744 2136 976 2488
480 2128 712 2392
1144 2104 1328 2336
1344 2072 1688 2400
872 2064 1336 2680
0 2000 480 2384
136 1952 472 2224
384 1928 696 2352
656 1888 968 2312
384 1888 656 2136
0 1872 256 2056
1256 1848 1440 2104
312 1832 640 2248
920 1824 1232 2160
672 1824 1040 2208
0 1824 312 2096
1296 1808 1824 2136
1448 1712 1624 2016
432 1704 768 1952
232 1696 544 2040
120 1688 568 2048
96 1688 376 1920
680 1656 1128 1848
1056 1648 1400 2048
1232 1536 1504 1840
544 1536 816 2008
824 1528 1088 1760
960 1472 1120 1784
360 1448 624 1800
1080 1376 1256 1536
1208 1352 1384 1512
1104 1344 1520 1688
1528 1312 1824 2024
200 1272 400 1696
0 1200 272 1720
848 1152 1048 1640
648 1024 888 1696
128 984 344 1360
1120 968 1344 1232
80 952 240 1552
1032 896 1376 1640
1128 888 1400 1168
320 872 584 1568
72 832 272 1152
0 568 240 944
64 552 224 752
1480 520 1664 1208
0 496 208 672
1064 464 1272 632
1288 280 1560 520
0 224 520 1240
976 216 1568 1280
256 168 424 400
1104 144 1368 368
424 144 696 1688
480 32 1256 1400
1560 24 1824 1400
1584 0 1744 328
920 0 1720 720
376 2736 1216 4000
200 32 936 544
472 2736 1216 4000
1584 3584 1824 3824
384 1928 712 2392
376 2928 816 3496
200 32 936 208
0 0 1824 2016
88 984 408 1784
960 1376 1256 1784
1448 2288 1824 2816
1544 2288 1824 2736
0 1688 568 2096
128 984 408 1696
792 544 1104 1496
96 2480 1288 4000
96 2520 1288 4000
384 2576 1288 4000
96 2520 1032 4000
440 3184 1032 4000
0 0 1016 400
1232 472 1680 2016
1232 1456 1680 2016
1232 1456 1648 2016
0 0 1824 1720
0 32 1568 1720
1376 472 1664 1560
0 496 248 888
792 544 992 1408
1232 1496 1624 2016
480 2392 1824 4000
0 1312 1824 2688
312 1832 656 2248
0 2064 576 2480
136 2080 576 2480
1376 472 1664 1248
0 1448 624 2056
0 32 1568 1696
0 496 224 752
136 2248 576 2480
896 2392 1632 2920
944 2392 1632 2920
440 3184 1032 3936
480 2400 1824 4000
872 1312 1824 2688
0 144 888 1696
512 2400 1824 3728
1136 2864 1824 3728
1376 3256 1824 3728
872 2064 1664 2688
1144 2104 1440 2336
480 32 1568 1640
848 888 1464 1640
480 2576 1824 4000
872 3128 1824 4000
512 2400 1824 3248
512 2400 912 2864
0 1536 424 2056
1296 1312 1824 2464
0 1344 1520 2664
680 1344 1520 2048
680 1528 1128 1848
0 1536 1040 2664
544 1536 1040 2488
0 224 584 1568
848 896 1464 1640
0 928 272 1720
424 144 888 1696
1376 520 1664 1248
1296 1808 1824 2464
656 1824 1040 2488
656 1888 976 2488
808 3256 1288 4000
0 2152 920 2664
1472 1312 1824 2024
1120 960 1344 1232
0 1696 768 2384
0 2152 664 2664
136 1696 768 2224
232 1696 768 2040
624 2440 1824 3248
0 2152 416 2664
920 2584 1824 3248
872 3128 1672 4000
872 3128 1360 3600
0 2688 624 4000
136 160 424 552
896 2016 1488 2688
568 400 896 1688
0 240 416 1656
0 368 416 1656
104 528 344 1352
0 2616 312 3448
0 2616 296 3320
272 2496 1224 4000
272 2496 1088 4000
352 2624 1088 4000
360 2928 1088 4000
360 2928 1000 4000
1136 176 1464 840
992 800 1392 1536
0 0 1000 264
0 544 416 1656
1616 3392 1824 3640
1488 1600 1824 2592
992 800 1248 1536
0 328 632 1920
24 328 632 1920
24 1416 632 1920
24 1464 408 1920
128 32 1264 2240
0 544 336 1496
1304 320 1464 840
160 328 592 1592
160 328 568 1400
344 1008 568 1400
1608 1600 1824 2592
1248 0 1824 1792
1248 0 1824 1760
488 3256 1000 4000
536 3328 1000 4000
1128 896 1392 1232
240 656 480 1264
1232 1504 1504 1848
128 48 1104 2240
128 1696 1104 2240
128 1696 816 2240
240 656 416 1048
616 32 1264 1088
616 32 1264 1056
616 32 1264 992
616 136 1176 992
128 1696 776 2240
1128 968 1376 1232
1408 384 1680 1560
360 2928 728 3336
720 440 1056 1392
880 440 1056 1040
776 1808 1104 2184
1608 1936 1824 2592
1608 1936 1824 2296
0 464 1824 4000
0 1784 1824 4000
1152 2096 1752 2736
1112 2856 1824 3440
408 48 896 1768
504 528 712 1768
408 48 896 680
1440 2096 1752 2736
160 328 528 1104
0 2512 792 4000
1248 0 1824 1376
1552 280 1824 1376
1568 552 1824 1376
1624 552 1824 1120
1624 784 1824 1120
688 464 1744 2104
1416 1688 1744 2104
1248 0 1824 704
1248 0 1792 536
1248 0 1752 536
0 2680 792 4000
552 2912 1224 4000
24 1544 408 1920
688 464 1488 2096
1152 2112 1600 2680
688 560 1456 2096
688 1336 1456 2096
1112 464 1488 1432
616 136 1048 992
736 3352 1088 4000
944 192 1176 896
616 136 1048 832
768 136 1048 696
160 328 496 904
1248 544 1488 1136
1408 384 1608 1560
1200 2664 1824 3200
824 560 1112 1632
0 576 336 1496
720 544 936 1392
616 256 896 832
0 672 184 1400
0 1784 1632 4000
464 2512 1296 3080
464 2512 1296 3008
624 1912 976 2496
1240 2928 1824 3896
688 1424 1456 2096
0 576 232 1248
1520 3224 1824 3896
1520 3328 1824 3896
336 2496 1632 4000
1248 544 1440 888
80 0 1000 224
0 1784 1080 2912
128 1696 776 2232
160 1696 776 2040
1112 856 1488 1432
384 3064 728 3336
0 1784 1080 2792
712 2512 1080 2792
688 1424 1448 2096
688 1448 1352 2096
648 2696 1632 4000
1152 3488 1632 4000
1384 0 1752 536
1384 80 1680 536
496 48 896 608
0 1784 1032 2672
0 2304 1032 2672
424 2304 1032 2672
0 1784 368 2512
1240 2928 1824 3552
160 952 336 1496
648 2696 1432 3808
648 2840 1432 3808
648 2896 1432 3808
1040 3320 1432 3808
0 2912 792 4000
0 2992 792 4000
0 2992 640 4000
616 256 896 768
568 400 736 1568
1152 2112 1432 2520
1112 3072 1520 3440
0 1784 368 2408
648 2896 1312 3776
256 3272 640 4000
256 3272 552 3872
0 2992 488 4000
136 2912 608 3808
0 3304 488 4000
0 2336 456 2672
40 3304 488 4000
72 3720 488 4000
0 2384 312 2672
1152 3736 1632 4000
920 1448 1352 2096
128 3720 488 4000
648 2896 1312 3352
0 2064 368 2408
744 3104 1200 3776
824 1192 1112 1632
0 576 200 1008
336 2496 1280 4000
824 1192 1080 1504
416 3800 640 4000
584 3784 792 4000
256 3784 488 4000
1152 3760 1424 4000
1352 3736 1632 4000
1576 3720 1824 4000
128 3720 296 3928
808 3616 1088 4000
696 3584 872 3784
280 3544 552 3872
1152 3520 1432 3808
1320 3488 1632 3784
1616 3480 1824 3640
632 3440 792 3680
832 3424 1224 4000
952 3376 1200 3776
168 3376 352 3664
352 3360 608 3808
1392 3352 1608 3536
736 3352 904 3672
1520 3328 1824 3880
1040 3320 1312 3568
1240 3304 1624 3552
40 3304 296 3816
568 3280 760 3520
256 3272 432 3664
488 3256 680 3440
744 3184 1280 4000
1248 3160 1520 3440
416 3144 728 3336
744 3104 1080 3472
1440 3072 1672 3408
1112 3072 1464 3432
0 2992 224 3392
1600 2928 1824 3352
360 2928 624 3136
920 2912 1312 3352
552 2912 896 3520
136 2912 424 3400
648 2896 960 3184
184 2880 376 3216
1392 2856 1824 3240
1200 2832 1472 3200
920 2800 1152 3080
1040 2696 1392 2992
24 2680 272 3008
1216 2672 1632 2840
0 2672 296 3320
1392 2664 1824 3088
352 2624 608 3064
896 2616 1080 2792
0 2616 184 2808
464 2568 832 3008
1608 2528 1824 2832
784 2512 1296 2920
712 2512 1008 2744
136 2512 312 2896
336 2496 784 3192
1240 2472 1600 2680
1360 2448 1552 2616
344 2440 568 2616
512 2416 1032 2672
80 2384 312 2616
896 2336 1056 2608
192 2336 456 2544
424 2304 872 2496
0 2288 232 2512
1168 2280 1376 2520
1536 2256 1752 2736
128 2240 368 2408
1264 2184 1480 2472
440 2152 776 2416
624 2128 976 2496
1344 2120 1512 2504
1152 2112 1432 2416
1440 2096 1640 2512
1640 2072 1824 2296
896 2072 1264 2688
0 2064 240 2352
1224 2016 1488 2176
120 2000 488 2376
384 1976 712 2352
128 1952 360 2232
1608 1936 1824 2136
632 1912 888 2176
272 1888 528 2240
376 1880 624 2136
1080 1856 1240 2160
1584 1848 1744 2088
656 1824 816 2080
912 1808 1104 2184
776 1808 984 2160
1488 1736 1688 1920
920 1728 1336 2096
432 1704 776 1928
160 1696 552 2040
1416 1688 1616 2104
96 1688 408 1920
1080 1608 1456 2016
1232 1576 1488 1848
24 1544 280 1768
688 1528 952 1840
1488 1512 1696 1792
872 1512 1112 1744
1248 1504 1504 1664
872 1464 1112 1632
24 1464 240 1648
1064 1448 1352 1736
272 1416 632 1824
1520 1400 1736 1704
0 1344 216 1576
1200 1336 1424 1528
1544 1288 1824 1760
232 1288 416 1656
400 1272 592 1592
1000 1232 1240 1536
176 1120 336 1496
0 1120 184 1400
720 1072 928 1392
1648 1040 1824 1392
664 1024 896 1688
344 1008 544 1400
1568 976 1736 1376
1128 968 1296 1232
320 904 480 1264
1624 896 1824 1120
1136 896 1392 1152
1112 856 1488 1328
992 800 1248 1320
664 792 904 1056
1640 784 1824 992
40 680 200 1008
1640 552 1824 880
0 544 176 744
120 528 344 1352
1128 464 1336 928
1408 384 1608 1200
0 368 192 568
160 328 448 808
616 288 800 584
688 256 896 768
0 240 240 456
136 224 424 552
944 192 1112 592
1424 176 1640 536
1136 176 1336 616
192 160 416 392
1344 128 1520 344
1384 80 1680 472
496 80 768 608
0 56 240 264
600 48 896 512
960 32 1264 624
848 32 1040 264
1608 0 1824 704
1600 0 1792 456
1512 0 1752 184
1248 0 1600 424
912 0 1360 352
80 0 560 224
272 2496 1280 4000
1216 2256 1752 2840
376 1880 776 2416
384 1976 776 2416
0 1336 1824 4000
0 1552 408 2032
376 1880 656 2136
0 0 1824 2592
0 0 1608 1824
120 528 408 1352
272 2496 608 3064
56 1688 408 2032
0 2616 1088 4000
616 32 1464 1368
464 2568 1824 4000
1328 0 1824 2592
0 1336 1824 3352
1112 2856 1824 3896
0 1784 1824 3352
0 48 1608 1824
664 384 1608 1688
0 1784 488 2408
0 2616 792 4000
128 1336 1672 2688
1416 0 1824 2592
1112 2856 1824 3880
0 0 1600 744
0 48 896 1824
0 80 768 1824
536 3328 1088 4000
0 2616 376 3216
0 2616 272 3008
0 2672 792 4000
624 1808 1672 2688
896 1808 1672 2688
128 1336 1504 2240
0 136 712 1824
128 1336 1456 2240
128 1696 552 2240
160 1696 552 2240
616 32 1464 1088
1280 3488 1824 4000
464 2568 1432 3808
448 136 712 1768
624 1824 1056 2608
432 1336 1456 2160
0 152 632 1824
24 1216 632 1824
1224 2016 1672 2512
360 2928 656 3184
1416 0 1824 2376
600 48 896 992
0 2288 1824 3352
0 2288 1032 2896
