0 0 3024 4032
919 2177 1080 2483
1185 1967 1854 2346
1185 1967 1854 2338
1185 1975 1830 2338
1185 1975 1588 2338
1298 1951 2612 2862
2193 3112 2499 3427
0 0 3024 2564
1185 1975 1556 2338
1427 1951 2612 2862
0 1733 3024 4032
0 0 1499 1096
1483 2064 2153 2653
0 1798 3024 4032
854 1733 2016 2870
854 1733 2016 2814
1411 1733 2016 2257
1483 2290 2153 2653
1088 830 1467 1185
854 1878 1991 2814
0 2072 3024 4032
0 0 1499 838
0 0 1499 443
0 0 1040 443
0 0 677 161
0 1798 733 2499
1403 1967 1854 2217
0 3273 395 4032
2225 0 2435 887
854 1878 1991 2701
1427 2064 2612 2862
330 3273 1459 4032
2459 2378 2999 3032
951 0 1499 338
2193 3169 2499 3427
2491 3636 3024 4032
1870 2064 2612 2733
0 379 532 838
1516 2290 2153 2653
2298 2733 2564 2943
0 120 1040 443
1516 2314 2153 2653
2056 2064 2612 2669
0 161 862 443
2741 3040 3024 3362
2798 3040 3024 3354
2282 0 3024 1298
935 2072 1233 2451
330 0 1024 177
2314 0 3024 1298
2314 0 3024 814
1572 3709 1822 4032
1032 1290 1443 1507
1032 1306 1298 1507
427 2644 1145 3394
427 2919 701 3394
2314 0 3024 774
2378 0 3024 693
0 1911 274 2427
0 620 475 1096
0 379 435 838
0 1951 733 2499
0 2056 733 2499
1411 1733 1870 1943
0 1580 258 1806
661 2644 1145 3193
2636 741 3024 1298
2378 0 2636 516
0 2475 491 2967
1532 2644 2532 3620
0 2040 274 2427
0 0 2830 2274
427 3064 637 3394
330 3273 1354 4032
330 3273 1322 4032
1556 2644 2532 3620
0 2330 725 2862
2322 1419 2628 1814
572 2088 814 2564
0 3273 314 4032
161 2072 3024 4032
1733 2459 3024 4032
1959 2459 3024 4032
1959 3644 2362 4032
1959 3773 2362 4032
596 2088 814 2451
0 0 2378 2274
1556 2644 2532 3548
153 0 2378 1128
1112 1088 3024 2564
2080 1499 3024 2564
2080 1499 3024 2491
0 620 314 1032
0 2532 403 2967
161 2072 2088 4032
0 193 451 387
903 2507 1274 2854
935 2507 1274 2854
0 620 314 927
2499 2201 2894 2564
2765 2040 2975 2306
0 798 2306 2274
0 2136 733 2499
2169 2459 3024 4032
161 2483 2088 4032
2459 2491 2999 3032
854 2032 1991 2701
661 2644 1088 3193
2491 3709 3024 4032
661 2644 1032 3136
2185 701 2830 1193
161 2790 427 3241
1112 1088 3024 2056
1112 1507 2386 2056
1112 1507 2290 2056
0 3273 290 3790
0 3273 241 3636
1701 2644 2532 3548
1701 2870 2532 3548
2169 3580 2604 4032
1112 1507 2217 2056
999 0 2378 943
1943 2886 2532 3548
0 2145 733 2499
129 2145 733 2435
330 3306 1322 4032
2459 2491 2999 2886
677 2072 967 2540
2169 3580 2540 4032
2217 2459 3024 3991
2217 2685 3024 3991
2217 2685 3024 3822
0 2911 483 3338
2185 701 2717 1193
177 2483 2088 4032
177 2483 2088 3886
177 2483 959 3886
338 2483 959 3225
2604 3709 3024 4032
491 1951 790 2233
217 1636 653 2274
1878 1088 3024 1790
217 1806 596 2274
338 2483 959 3064
338 2677 830 3064
2217 2685 3024 3588
2024 0 2378 725
2024 0 2378 693
2024 0 2378 475
1008 3306 1322 3677
2459 2491 2919 2886
153 177 2088 1128
153 177 1959 1128
2217 2685 3024 3298
2290 2685 3024 3217
2290 2685 2814 3217
153 177 1588 1096
330 2330 725 2854
0 2354 419 2862
1943 2886 2459 3548
1943 2886 2330 3298
0 2677 387 2967
1878 1137 3024 1790
1241 3282 1895 4032
2459 3161 2806 3588
338 2765 725 3064
1878 1137 3024 1774
2354 1217 3024 1774
999 0 2338 943
1241 3282 1701 4032
1249 3282 1701 4032
1298 3282 1701 3765
1443 3282 1701 3765
2564 1257 3024 1636
2725 1257 3024 1548
2459 2491 2765 2830
177 3177 717 3886
330 3362 814 3604
1249 3467 1620 4032
1249 3467 1620 3902
1338 1507 2217 2056
330 3435 1249 4032
330 3532 1249 4032
370 3572 1249 4032
387 3572 1249 4032
709 3572 1249 4032
177 3177 516 3886
177 3177 516 3741
1878 1137 2475 1725
1878 1346 2475 1725
499 2669 2088 3499
1507 628 2088 838
0 798 2306 2088
2290 2685 2798 3185
2524 3386 2886 3991
1588 3040 2088 3499
0 895 878 1991
0 895 878 1895
0 895 878 1717
0 895 685 1717
0 967 685 1717
0 1056 516 1717
475 798 2306 2088
499 2669 1798 3443
774 2669 1798 3443
983 2669 1798 3443
983 2669 1612 3443
983 2669 1459 3443
2080 1701 3024 2491
0 1378 516 1717
1338 1507 2016 1935
1669 1532 2016 1935
999 0 2338 701
137 967 685 1403
2072 3096 2459 3548
475 798 2306 1895
758 3572 1249 4032
758 3757 1249 4032
241 177 1588 1096
241 411 983 1064
241 693 814 1064
637 177 1588 1096
540 1314 1282 2088
540 1443 1282 2088
540 1620 1282 2088
475 878 1766 1895
782 1443 1233 1951
443 411 983 903
1104 975 1766 1895
1008 2894 1459 3443
2491 3862 2677 4032
1959 3846 2136 4032
1249 3846 1604 4032
1636 3814 1822 3991
0 3814 177 4032
604 3798 846 4032
2080 3773 2362 4032
975 3765 1249 4032
758 3757 1080 4032
2798 3733 3024 4032
1419 3733 1653 3991
2604 3709 2927 4032
1572 3709 1798 4032
1249 3709 1459 3902
249 3693 467 3886
2556 3685 2774 3991
370 3685 564 3975
88 3677 314 4032
2419 3669 2604 3951
387 3652 822 4032
1983 3644 2249 3878
2169 3604 2370 3911
2233 3580 2540 4032
1443 3572 1677 3765
822 3572 1032 3919
709 3572 911 3814
0 3572 193 3927
1733 3564 2072 4032
1628 3564 1895 3862
983 3548 1459 3878
483 3548 709 3862
2806 3540 2983 3798
330 3532 516 3749
749 3515 959 3749
112 3515 290 3790
2096 3475 2499 3773
193 3475 379 3741
1403 3467 1620 3741
1008 3467 1185 3677
2032 3459 2233 3620
822 3435 983 3604
1241 3427 1459 3628
1878 3419 2048 3652
1096 3419 1378 3701
540 3403 814 3604
2524 3386 2886 3806
330 3362 637 3588
2040 3354 2209 3515
2733 3330 3024 3822
878 3314 1056 3596
24 3314 241 3636
2322 3306 2532 3491
1798 3306 1959 3580
1112 3306 1322 3491
1298 3290 1588 3532
1532 3282 1701 3572
693 3273 911 3523
0 3273 233 3459
1878 3265 2088 3483
2798 3241 3024 3435
1911 3233 2153 3427
483 3225 717 3435
1451 3201 1636 3386
427 3185 612 3394
2459 3177 2749 3588
177 3177 516 3499
2193 3169 2499 3378
2548 3161 2806 3330
0 3161 249 3362
1185 3104 1459 3443
2072 3096 2306 3548
145 3096 483 3338
774 3072 1072 3443
499 3048 870 3394
2798 3040 2967 3338
1588 3040 1975 3499
1507 3032 1798 3306
1322 3024 1507 3193
403 3015 604 3225
258 3015 427 3241
1943 3007 2153 3298
2540 2991 2814 3217
870 2919 1088 3193
467 2919 701 3120
0 2911 290 3282
2757 2894 3024 3185
1008 2894 1346 3346
0 2894 177 3080
2056 2886 2330 3193
1701 2870 2016 3161
2217 2862 2540 3298
2628 2854 2822 3144
2765 2838 2927 3032
1556 2822 1774 3032
661 2822 911 3136
2548 2798 2798 2967
2128 2790 2290 3007
161 2790 419 3080
1354 2782 1612 3241
927 2765 1145 3064
508 2765 725 3007
338 2765 548 3064
677 2749 903 2975
1620 2741 1999 2951
2693 2717 2919 2886
1257 2717 1451 3024
2290 2685 2661 3185
0 2685 185 2967
483 2677 830 2870
145 2677 387 2894
983 2669 1314 3032
2153 2644 2330 2935
1927 2644 2209 2943
1209 2644 1661 2814
862 2644 1032 2943
1072 2620 1274 2854
2459 2604 2709 2830
1427 2572 2024 2862
2685 2532 2911 2774
169 2532 403 2765
2209 2515 2620 2846
935 2507 1112 2830
2540 2491 2765 2693
1870 2483 2225 2733
620 2483 959 2798
2830 2459 3024 2830
0 2451 330 2862
2354 2443 2515 2628
2370 2427 2556 2653
2209 2419 2395 2669
1483 2395 1999 2556
129 2354 419 2556
677 2346 943 2540
330 2330 725 2749
1749 2314 2153 2653
1806 2290 2112 2548
854 2282 1548 2701
249 2274 419 2435
129 2241 379 2435
596 2233 798 2451
983 2217 1233 2451
2499 2201 2765 2532
919 2193 1080 2483
346 2145 733 2378
32 2120 266 2378
1556 2112 1830 2314
1411 2112 1588 2330
1782 2096 2040 2419
725 2072 967 2403
2056 2064 2612 2612
2765 2040 2975 2249
1072 2032 1991 2556
266 2024 596 2274
1241 2007 1556 2338
1532 1983 1854 2217
1185 1975 1459 2290
814 1975 1032 2145
508 1975 790 2233
1701 1959 1903 2298
1870 1951 2153 2403
491 1951 677 2112
177 1927 346 2088
1709 1919 2016 2257
975 1878 1757 2257
645 1846 1282 2088
2419 1822 2733 2096
1733 1822 1959 1991
217 1806 556 2145
185 1798 435 1959
2080 1782 3024 2491
0 1749 233 1991
1112 1741 1483 1951
1564 1733 1870 1943
2427 1701 3024 2145
177 1685 532 1895
1935 1669 2217 2056
1766 1661 2016 1935
782 1645 991 1951
2064 1636 2274 1814
338 1636 653 1911
540 1620 822 1959
104 1604 290 1806
2120 1580 2386 1814
2322 1572 2491 1814
1669 1532 1927 1798
1967 1524 2169 1725
451 1516 878 1717
1338 1507 1782 1822
2628 1499 3024 1919
814 1443 1233 1951
2386 1419 2628 1645
1878 1403 2290 1645
153 1403 516 1717
1112 1395 1653 1895
564 1387 838 1564
0 1378 241 1653
2193 1346 2475 1725
2104 1346 2306 1507
1467 1338 1782 1532
1032 1330 1233 1491
72 1322 290 1532
2725 1314 2991 1548
701 1314 1056 1612
1266 1290 1443 1459
2806 1257 3024 1443
2354 1217 2749 1774
290 1145 806 1548
2233 1137 2451 1362
2636 1096 2822 1298
2765 1088 3024 1290
612 1080 774 1257
661 1064 927 1346
217 1056 572 1403
0 1056 370 1451
2628 1024 2830 1193
1104 975 1766 1427
1169 967 1467 1185
137 967 685 1185
2282 943 2709 1298
153 935 475 1096
0 895 241 1088
475 878 1306 1443
104 870 290 1032
758 846 1088 1056
1088 830 1266 1032
1653 822 2016 1241
1653 798 2306 1741
241 774 814 1064
2330 766 2548 951
2362 758 2717 1193
2677 741 3024 1177
887 741 1072 927
153 717 443 919
2185 701 2435 1153
1032 693 1249 903
370 693 645 895
1943 645 2257 943
1701 628 2088 806
80 620 314 903
604 580 983 903
895 548 1588 1096
2403 540 3024 798
193 491 548 749
2314 483 2475 774
2774 411 3024 717
443 411 749 725
233 379 532 564
0 379 435 653
935 346 1959 1128
2024 217 2362 475
637 177 1072 604
193 177 862 443
1024 161 1499 338
2378 137 2572 516
2378 56 2540 330
2419 0 2636 435
2265 0 2435 749
1096 0 1854 201
951 0 1322 185
40 0 677 161
1628 0 3024 4032
0 0 2338 4032
0 0 2338 2653
0 1951 2209 4032
2330 709 2733 951
2354 2378 2636 2653
0 0 1483 2564
637 3435 983 3749
749 3435 983 3749
774 0 2338 2653
814 1878 2153 2653
774 0 2338 2056
1628 2419 3024 4032
1967 0 3024 2612
0 0 1483 2451
0 1604 290 1806
491 3798 846 4032
314 1596 677 2112
814 1878 2153 2548
80 1798 435 2193
80 1927 346 2193
2128 2644 2330 3007
814 1878 2153 2419
2056 0 3024 2612
2024 0 2636 887
814 1878 2153 2403
1701 1919 2153 2403
1709 1919 2153 2403
2282 943 2830 1298
814 1878 1830 2338
814 1878 1757 2338
975 1878 1757 2338
975 1878 1757 2290
314 1596 653 2024
314 1596 653 1911
2370 2378 2636 2653
1628 2459 3024 4032
1838 3419 2161 3790
1878 3419 2161 3790
0 0 1024 1096
0 1951 959 4032
483 2032 2209 4032
0 0 1024 838
0 0 862 838
1870 2419 2620 2846
2765 3540 2983 3838
2024 0 2636 774
2024 0 2636 749
2145 0 2636 749
2145 0 2435 749
2798 3040 3024 3435
895 0 2338 2056
895 548 2306 2056
0 177 1483 2451
137 177 1467 1717
2693 2677 3024 3040
2814 2677 3024 3040
854 2032 1991 2830
854 2217 1548 2830
0 895 1483 2451
0 1322 290 1685
0 1322 290 1653
483 2515 2209 4032
483 3048 1322 3677
564 3209 1322 3677
878 3209 1322 3677
564 3273 911 3523
0 0 862 443
854 2282 1548 2830
24 3314 314 4032
88 3515 314 4032
0 0 677 177
2185 0 3024 1298
612 1064 1072 1346
661 1064 1072 1346
2636 1088 3024 1298
758 2515 2209 4032
1249 3709 1822 4032
0 1951 274 2427
878 3209 1169 3596
1209 2515 2209 3241
2056 1137 3024 2612
758 2644 1975 4032
0 177 862 443
758 2669 1975 4032
1096 3419 1620 3741
0 2136 959 4032
1032 693 1467 1185
1193 1290 1443 1540
1193 1290 1443 1507
1532 2644 2209 3241
1532 2644 2209 3161
1209 2515 2024 2951
2024 217 2362 693
80 620 475 1096
0 3273 233 4032
1322 3024 1636 3386
1403 3177 1636 3386
104 870 475 1096
862 2644 1145 3193
862 2644 1145 3064
1427 2515 2024 2951
1435 2733 1999 2951
1564 1733 1959 1991
935 0 2338 1128
1427 2515 2024 2862
508 1330 1483 2451
508 1975 814 2451
483 3048 870 3435
2080 1137 3024 2491
951 0 2024 338
177 3015 822 4032
0 2136 959 3136
2217 2459 3024 4032
2540 2854 2822 3330
2540 2854 2822 3217
0 2330 959 3136
951 0 2024 201
1878 3265 2233 3620
540 1330 1483 2403
2080 1217 3024 2491
177 3177 822 4032
177 3177 814 4032
483 2677 903 2975
0 3403 193 4032
129 2136 733 2435
1016 3306 1322 3628
2032 3354 2233 3620
2120 1572 2491 1814
2378 0 2636 540
0 3403 193 3927
137 177 1306 1717
1628 2886 2628 4032
0 895 596 2274
0 1056 596 2274
2290 2459 3024 3185
2459 2459 3024 2830
1096 3419 1459 3701
2185 0 3024 1193
2378 0 3024 798
1701 2644 2209 3161
1943 2886 2532 3773
2290 2685 3024 3185
2540 2459 3024 2830
1096 0 2024 201
1628 3515 2628 4032
758 3282 1701 4032
1298 3282 1701 3572
758 3548 1653 4032
193 3362 814 4032
193 3475 467 4032
233 3693 467 4032
2378 56 2572 516
1653 798 2306 2056
1653 798 2306 1935
169 2136 733 2378
145 2330 959 3136
145 2330 959 3080
2056 2886 2532 3548
2072 3096 2532 3548
2193 3169 2532 3491
540 1330 1282 2403
1628 3564 2249 4032
2419 0 2636 540
1870 2419 2395 2733
2378 0 3024 717
161 2330 959 3080
330 2330 959 2854
2217 2862 3024 4032
1628 3564 2072 4032
2169 3515 2628 4032
330 3532 822 4032
2185 701 3024 1193
2459 3177 3024 4032
2193 1217 3024 2145
2564 1499 3024 1919
153 177 1088 1064
370 177 1072 903
2540 2491 2911 2774
540 1330 1282 2088
935 346 2257 1128
2459 3177 2886 3991
758 3548 1459 4032
983 3548 1459 3902
330 2330 959 2798
774 2669 1975 3499
1257 2717 1975 3499
774 2669 1459 3443
2604 3330 3024 4032
370 3652 822 4032
1354 2782 1975 3499
137 878 1306 1717
177 1685 596 2274
645 1443 1282 2088
153 491 1088 1064
895 548 1782 1895
1112 1395 1782 1895
153 491 814 1064
443 177 1072 903
645 1645 1282 2088
451 878 1306 1717
604 177 1072 903
137 967 806 1548
2193 1217 2749 1774
1354 2782 1798 3306
153 717 814 1064
451 1314 1056 1717
895 548 1766 1427
2733 3330 3024 4032
1403 1967 1854 2330
854 1838 2588 2894
854 1878 2588 2894
2725 653 3024 878
854 1878 2145 2894
1427 2064 2588 2798
1774 3015 1967 3314
854 1878 2145 2854
2241 2733 2564 3040
2225 0 2669 951
2225 0 2669 903
0 2475 2040 4032
854 1878 2145 2830
104 1596 475 1806
104 1596 443 1806
0 0 1048 1217
854 1878 2145 2741
903 1878 2145 2741
903 1878 2024 2741
1507 685 2016 919
1701 685 2016 919
2491 3499 3024 4032
0 1798 451 2499
0 1895 451 2499
903 1878 2024 2685
379 1854 677 2112
0 0 685 177
1507 2951 1709 3169
2209 2177 3024 3007
0 2499 2040 4032
249 2886 653 3241
0 120 1048 1217
0 161 758 1217
0 161 758 1169
0 1951 451 2499
2209 2177 2661 2669
2209 2427 2386 2669
0 911 3024 4032
145 0 3024 2765
0 2499 1596 4032
1137 0 2024 225
0 967 3024 4032
0 2499 1459 4032
0 1967 451 2499
0 1967 274 2370
0 161 758 1096
0 161 758 830
2507 2515 3024 3007
1088 830 1540 1112
395 2120 887 2765
379 1943 677 2112
1540 1999 2145 2572
1556 3709 2040 4032
2314 0 3024 1185
1201 911 1540 1112
1056 2596 1362 2846
0 2499 1387 4032
0 2499 1354 4032
2314 0 3024 806
1951 1451 3024 2765
1951 1451 3024 2709
0 2644 1354 4032
0 2911 870 4032
0 346 532 830
572 2120 887 2765
572 2233 887 2765
572 2354 887 2765
620 2564 887 2765
1612 3709 1822 3991
508 2822 895 3056
145 0 3024 1943
0 3403 185 4032
967 2733 1161 3056
395 2145 725 2370
532 2145 725 2338
56 1282 475 1532
1588 2499 3024 4032
0 2911 637 3370
0 3403 185 3927
0 2911 612 3370
0 2911 604 3338
0 3273 290 3644
145 0 3024 1935
145 330 1088 1104
1588 2572 3024 4032
0 967 1903 3991
2088 346 2306 725
2088 346 2306 620
217 1766 685 2145
96 3620 395 4032
2507 2515 2999 3007
0 2136 451 2499
532 0 3024 1935
532 0 2749 1935
887 1290 1588 1491
2524 3499 3024 4032
2564 3499 3024 4032
2709 3499 3024 4032
2709 3822 3024 4032
1588 2749 1903 2999
878 3128 1282 3596
1693 2572 3024 4032
322 2644 1354 4032
1951 1451 3024 2564
96 3620 314 4032
919 3330 1233 3757
1008 3330 1233 3701
0 3048 870 4032
2507 2515 2927 3007
2507 2515 2919 2854
395 2644 1354 4032
887 1290 1451 1491
2225 0 2435 878
0 3128 838 4032
0 3128 838 3894
0 3128 838 3612
177 3128 838 3612
483 3128 838 3435
120 3620 314 4032
2782 3499 3024 3902
1008 3370 1233 3701
1790 2572 3024 4032
1790 2572 2661 4032
2354 758 3024 1645
2354 758 3024 1370
2354 758 2741 1370
1943 3257 2274 3620
903 2507 1903 3991
903 2507 1451 3144
2564 1257 3024 1645
983 2798 1903 3991
1128 2798 1903 3991
2507 2515 2765 2830
395 3072 1354 4032
0 2241 379 2499
2217 2806 3024 3515
1790 2572 2532 3548
0 967 1709 3080
145 661 443 951
532 0 2435 1169
532 0 2362 1169
225 3491 467 3894
2217 2806 3024 3265
2217 2806 2830 3265
0 2499 451 2967
1878 2911 2524 3548
0 967 1709 2282
1790 2572 2532 3096
0 2128 991 3080
0 2330 951 3080
161 2330 951 3080
395 3273 1354 4032
693 3273 1354 4032
693 3273 975 3919
0 1370 338 1830
0 2346 403 2838
1870 3346 2661 4032
677 2128 991 2717
177 3177 798 3612
330 2330 951 2967
0 967 1709 2185
927 3669 1354 4032
637 2644 1145 3144
0 1588 588 2032
411 2491 951 2967
161 967 1709 2185
532 177 1306 911
2532 3072 3024 3709
2532 3072 3024 3701
1870 3346 2395 4032
1870 3459 2395 4032
475 1338 1709 2185
814 1338 1709 1999
475 1620 1064 2185
1128 3040 1903 3991
1128 3282 1701 3991
1322 3870 1596 4032
2564 3862 2757 4032
2709 3822 2927 4032
1645 3814 1822 3991
677 3806 1040 4032
370 3790 556 3983
1362 3733 1548 3911
145 3725 306 4032
258 3693 467 3894
2427 3685 2604 3951
927 3669 1128 4032
395 3644 878 4032
983 3628 1225 3870
120 3620 314 3790
1870 3612 2177 4032
491 3596 693 3838
2524 3548 2741 3935
1693 3548 1943 3862
1225 3548 1459 3725
2782 3540 3024 3902
1128 3532 1491 3943
733 3515 975 3919
322 3515 499 3749
1008 3467 1185 3701
2007 3459 2395 3983
2080 3419 2661 4032
1104 3419 1387 3644
0 3403 169 3911
540 3386 798 3588
24 3386 233 3636
2572 3362 2894 3709
2056 3362 2274 3620
2741 3346 3024 3701
1878 3346 2080 3620
1757 3306 1943 3717
1298 3306 1596 3532
2217 3290 2524 3548
878 3290 1145 3596
1233 3282 1701 3991
693 3273 895 3523
0 3273 241 3459
1943 3257 2104 3427
483 3249 725 3435
1895 3233 2153 3403
1411 3201 1636 3394
435 3185 612 3370
177 3177 637 3612
0 3136 330 3362
2241 3128 2749 3532
1040 3128 1282 3362
508 3128 838 3394
2782 3112 2967 3338
1193 3104 1443 3386
2822 3072 3024 3515
2532 3072 2854 3370
733 3072 1056 3443
1354 3056 1580 3386
645 3048 870 3225
145 3048 483 3338
2798 3040 2959 3209
1507 3040 1903 3765
1774 3015 1951 3314
1016 3015 1177 3306
499 3015 693 3322
387 3015 604 3225
249 2975 653 3241
1507 2951 1709 3112
637 2927 999 3144
1878 2911 2330 3427
0 2911 177 3080
2806 2894 3024 3185
1790 2862 2024 3096
2620 2854 2830 3144
2757 2822 2927 3007
1556 2822 1733 3032
733 2822 895 3056
508 2822 749 3040
2217 2806 2717 3265
2862 2798 3024 2999
1354 2798 1628 3128
161 2765 540 3080
2298 2733 2564 3032
1201 2717 1451 3032
2507 2653 2709 2830
2427 2653 2636 2886
669 2653 951 2967
862 2644 1145 3048
354 2604 556 2798
2846 2596 3024 2830
1056 2596 1274 2846
0 2596 451 2967
1919 2572 2532 3007
1177 2572 1661 2741
2548 2515 2765 2693
903 2507 1346 3144
2346 2499 2620 2685
2209 2499 2386 2669
137 2499 379 2862
685 2491 991 2717
411 2491 814 2870
0 2443 217 2838
2782 2427 3024 2709
2225 2427 2386 2596
572 2354 758 2661
104 2346 403 2717
330 2330 693 2564
1540 2290 2145 2572
2362 2177 2661 2653
677 2128 943 2515
661 2120 870 2290
0 2120 274 2370
1564 2112 1806 2314
1411 2112 1580 2330
911 2104 1185 2483
1153 2096 1507 2346
2201 2088 2588 2395
1177 2007 1548 2322
1903 1999 2104 2403
249 1975 887 2282
1161 1959 1516 2257
32 1951 282 2169
491 1943 677 2112
1806 1935 2024 2362
1548 1935 1895 2193
