0 0 1824 4000
0 1960 584 2992
0 0 352 1088
304 1352 1424 2024
440 1512 1424 2024
0 0 288 880
552 1512 1424 2024
1000 1512 1424 2024
0 0 288 864
712 0 1824 1744
0 1528 1760 3296
0 1960 1760 3296
1256 2064 1760 3120
984 1192 1568 1544
560 1528 1160 2016
816 0 1824 1744
0 1960 1744 3296
0 1960 1288 3296
1248 48 1584 1400
712 0 912 752
712 0 912 632
0 568 336 1088
920 0 1480 1152
344 0 536 232
1160 2008 1584 2520
1456 528 1824 1440
1424 0 1824 1208
1424 168 1824 1208
1424 224 1824 1208
0 0 288 792
0 2024 1216 3296
0 2024 536 3248
0 3128 1824 4000
0 0 160 592
928 0 1480 1128
928 0 1192 560
1008 0 1480 1128
0 0 1824 3192
968 1400 1824 3192
0 0 1048 2016
424 0 848 376
0 176 1048 2016
304 1352 464 1984
1456 720 1824 1440
1456 1008 1688 1440
0 1104 1048 2016
0 176 912 1184
184 176 912 1144
240 176 488 656
184 512 912 1144
184 512 888 1136
208 512 888 1136
208 512 888 1072
208 512 888 944
0 848 608 1184
0 3136 1752 4000
1040 0 1480 1120
208 512 888 864
424 0 840 376
1040 0 1232 840
1024 2000 1744 3144
328 936 760 1136
384 512 840 760
1136 1544 1824 3192
144 0 352 704
144 168 352 704
0 1128 480 2016
1352 1544 1824 3192
1656 2616 1824 3192
208 568 888 864
0 3136 1664 4000
1440 3480 1752 3688
1352 1544 1824 2640
1352 1544 1824 2584
0 1128 392 1992
64 3136 1664 4000
0 3216 432 3376
1624 1864 1824 2640
608 3536 968 3856
680 3136 1664 3584
64 3216 1280 4000
1496 1976 1784 2584
64 3216 1128 4000
64 3264 416 3552
72 3216 1128 4000
72 3616 856 4000
72 3616 704 4000
72 3616 544 4000
0 1648 280 1992
376 3216 1128 4000
16 1568 480 2016
648 3424 1128 4000
736 3456 1128 4000
736 3520 1128 4000
808 3520 1128 4000
376 3216 800 3832
680 3136 1664 3576
680 3152 1256 3576
736 3832 920 4000
336 3808 504 4000
0 3752 264 4000
808 3736 1128 4000
408 3736 704 4000
1240 3704 1448 4000
1000 3656 1280 4000
352 3632 544 3864
72 3616 408 4000
728 3600 968 3776
608 3536 856 3856
864 3520 1088 3848
0 3520 248 3816
1264 3496 1824 4000
1440 3480 1648 3688
1200 3456 1504 3816
800 3456 1032 3648
648 3424 928 3632
400 3376 800 3832
488 3376 696 3536
136 3344 464 3728
1424 3320 1648 3584
0 3312 192 3568
64 3264 304 3552
376 3216 544 3528
472 3200 688 3448
1080 3184 1512 3680
680 3176 992 3400
848 3152 1256 3576
1208 3136 1664 3456
1568 3128 1824 3592
488 2960 1216 3296
872 2856 1056 3056
1024 2840 1584 3144
480 2816 904 3120
0 2680 536 3248
1656 2616 1824 3048
1256 2480 1760 3120
1624 2352 1824 2640
1544 2232 1784 2584
1456 2064 1704 2832
0 2024 432 2976
1088 2000 1744 3136
1496 1976 1768 2384
472 1960 1288 3048
1136 1792 1600 2144
0 1648 208 1992
1640 1568 1824 1728
16 1568 400 1928
1352 1544 1824 2072
552 1520 1088 1976
968 1400 1400 1640
304 1352 464 1952
1160 1264 1504 1456
136 1240 440 1512
984 1192 1248 1448
0 1128 392 1664
360 1104 1048 1552
1528 1008 1688 1440
1520 984 1824 1496
96 976 608 1176
984 960 1288 1184
560 936 760 1136
328 936 600 1128
616 912 912 1144
368 856 640 1072
0 848 344 1184
624 800 832 984
184 792 536 1064
440 768 680 944
0 728 272 1080
1592 720 1824 1336
0 720 336 1088
208 664 496 840
288 568 888 864
0 568 288 896
1008 512 1216 1128
384 512 840 672
1424 496 1824 1208
1248 496 1520 1400
0 480 248 880
144 392 344 704
816 384 1824 1744
0 384 288 792
712 296 912 632
376 288 880 760
240 232 488 656
1464 224 1824 1176
0 208 160 592
152 168 352 448
1136 112 1344 760
1280 48 1584 1136
1584 0 1824 200
1184 0 1480 1120
152 0 352 304
0 1352 584 3200
0 1528 584 3200
0 1960 584 3200
0 0 1824 2016
0 0 352 1184
0 1248 1824 4000
1160 1248 1568 1576
0 1400 1824 4000
1232 2008 1704 2832
0 0 1112 2016
0 0 1088 2016
0 0 352 896
136 0 352 704
0 0 176 592
1160 1248 1568 1544
240 0 536 656
0 384 288 880
712 0 1824 1400
912 0 1824 1400
0 1400 1824 3296
912 0 1216 1128
1088 0 1824 1400
240 0 488 656
1520 720 1824 1496
680 1400 1824 3192
928 0 1216 1128
0 384 288 864
0 3136 1824 4000
0 1960 1584 3296
1000 1512 1824 3192
1248 48 1824 1400
1160 1264 1568 1544
0 936 1088 2016
1088 0 1480 1120
928 0 1192 632
96 0 912 1176
288 0 888 864
1000 1512 1512 2024
136 3344 544 4000
336 3632 544 4000
0 3312 192 3640
0 1104 1088 2016
96 664 912 1176
368 800 912 1144
680 1400 1400 1640
1136 1544 1824 3120
616 800 912 1144
0 2680 1584 3296
1080 3184 1824 4000
0 2680 1216 3296
472 3200 728 3448
96 664 608 1176
96 792 608 1176
16 1416 480 2016
0 1104 1048 1992
1080 3184 1648 3816
1256 1544 1824 3120
0 3216 432 4000
376 3136 1664 4000
376 3216 1280 4000
720 3360 1032 3648
1352 1544 1824 3048
1624 2352 1824 3048
680 3136 1664 3848
728 3520 1088 3848
288 288 888 864
376 3216 928 4000
1080 3184 1512 3816
608 3424 928 3856
1352 1544 1824 2488
0 3264 408 4000
0 1104 1048 1664
376 3216 800 4000
1352 1544 1824 2384
808 3656 1280 4000
0 3520 408 4000
400 3376 800 4000
464 1544 872 1984
0 0 424 1088
0 2024 512 3288
0 2032 512 3288
0 1352 1744 3200
0 1424 1744 3200
0 1424 1744 3128
272 1352 616 2008
0 1504 1744 3128
0 1504 1424 2048
328 1352 616 1960
0 0 1824 1512
120 2024 504 3200
0 784 1824 4000
0 784 1824 3528
120 2024 488 3200
1152 2000 1744 3128
0 784 1824 3176
816 784 1824 1728
0 1104 1824 3176
464 2000 1824 3528
464 2872 1824 3528
872 2784 1144 3056
872 2848 1056 3056
992 1200 1576 1552
1240 96 1824 1512
0 0 1592 1208
920 0 1592 1208
1016 0 1592 1208
0 0 968 1184
632 1528 1392 3128
0 200 920 1184
1064 1904 1392 3128
0 0 360 1088
0 368 344 1088
992 1200 1488 1464
0 2992 1824 4000
352 288 880 760
0 536 920 1184
1448 592 1824 1512
1560 592 1824 1512
0 1504 1408 2048
808 0 968 1128
808 296 968 1128
208 536 920 1144
1072 0 1592 1208
1016 0 1312 840
976 1480 1824 3176
208 536 872 1136
1448 608 1800 1448
0 1104 1216 2016
0 368 344 960
272 792 760 1136
1136 1544 1824 3176
1072 48 1576 1208
0 1272 472 2016
464 2872 1672 3296
0 3144 1824 4000
1144 3144 1824 3816
1352 1544 1824 3176
1352 1544 1824 2656
0 3152 1448 4000
0 1416 472 2016
1352 1544 1824 2576
1352 1544 1824 2464
0 3152 1288 4000
424 3200 944 3800
632 3200 944 3544
0 3216 408 3376
424 3232 776 3800
552 3232 728 3552
648 3152 1288 4000
0 1552 472 2016
0 3216 824 4000
648 3152 1280 4000
272 3216 608 3648
272 3216 608 3544
256 3752 504 4000
768 3152 1280 3504
648 3360 1104 4000
0 3392 824 4000
88 3568 824 4000
208 3568 824 4000
216 3568 824 4000
352 3632 824 4000
1640 1864 1824 2576
336 3816 504 4000
0 3808 264 4000
0 3760 272 4000
208 3744 400 4000
88 3664 296 3856
1000 3656 1448 4000
408 3640 824 4000
1264 3608 1824 4000
704 3600 936 4000
216 3568 392 3808
840 3520 1104 4000
424 3520 776 3800
1392 3504 1824 3712
1120 3440 1288 3648
64 3440 248 3728
960 3424 1128 3584
432 3376 608 3544
648 3360 1024 3648
136 3352 456 3728
0 3328 160 3488
1416 3312 1672 3696
64 3264 304 3536
560 3232 728 3392
1544 3216 1824 3624
272 3216 560 3544
720 3200 944 3440
1208 3152 1368 3416
848 3152 1280 3504
1144 3144 1608 3816
1568 3088 1824 3528
456 2992 712 3448
1152 2936 1672 3168
464 2872 1208 3296
872 2856 1040 3024
896 2848 1056 3056
0 2696 512 3288
1640 2320 1824 2576
1144 2112 1392 3128
120 2024 464 3128
0 2024 432 2984
1528 2000 1784 2464
1456 2000 1744 3112
472 1936 1288 3072
168 1856 472 2016
1136 1792 1592 2208
1136 1640 1424 1976
1616 1568 1824 1760
1632 1560 1824 1728
0 1552 344 2016
1352 1544 1824 2104
552 1544 872 1976
632 1528 1160 2008
0 1520 1088 2048
992 1504 1408 2032
976 1480 1432 1640
272 1448 552 2008
104 1416 312 1792
1088 1400 1568 1576
328 1352 616 1952
232 1272 424 1864
1336 1224 1576 1416
1008 1216 1488 1464
0 1104 1216 1656
1448 1024 1656 1448
920 1016 1200 1176
560 912 760 1136
1560 896 1824 1512
0 824 672 1184
272 792 608 1128
816 784 1824 1664
448 768 920 1144
0 744 256 1080
0 720 328 1088
1072 712 1352 1208
0 648 224 880
1600 592 1824 1304
208 536 872 888
0 488 344 960
808 392 968 1128
0 384 288 640
168 368 336 696
416 328 880 760
352 288 576 600
240 200 424 648
1136 128 1320 832
1240 96 1824 1288
1016 64 1232 840
1248 48 1576 1064
1248 0 1592 344
1128 0 1312 240
912 0 1216 1144
160 0 360 384
0 0 216 472
0 448 344 1088
232 1272 872 2008
0 1504 1824 4000
0 0 1824 3288
624 0 1824 1976
624 0 1824 1512
0 0 1216 3288
232 1272 616 2008
816 784 1824 1976
1312 2000 1744 3112
0 0 576 872
808 0 1824 1512
896 2784 1144 3056
0 0 288 872
0 384 288 872
0 488 344 1088
0 0 1216 2048
232 1272 616 1952
168 200 576 696
168 200 424 696
0 1936 1824 4000
464 1936 1288 3432
0 2936 1824 4000
0 792 672 1184
808 0 1312 1144
912 0 1312 1144
976 1400 1568 1640
0 0 216 568
992 1504 1824 3176
1616 1560 1824 1760
1016 0 1824 1512
1072 0 1824 1512
0 3744 272 4000
232 1272 424 1912
1008 1216 1576 1552
1000 2936 1824 4000
1000 3504 1824 4000
1152 2936 1824 3624
0 2992 1672 4000
1544 3088 1824 3624
208 0 920 1144
0 1104 1216 2048
1016 64 1320 840
1072 0 1824 1448
1624 2520 1824 3176
1072 0 1824 1288
960 3424 1200 3744
552 3176 944 3552
632 3176 944 3544
720 3176 944 3440
808 3144 1672 3816
464 1936 1288 3296
0 2992 1104 4000
0 3216 1104 4000
208 0 880 1072
960 3424 1144 3744
1136 1544 1824 3128
456 2992 728 3448
376 3376 776 3800
376 3376 608 3648
1248 0 1592 1064
1136 1544 1824 2576
416 0 880 760
352 3360 1104 4000
0 3216 560 4000
848 3144 1672 3816
208 536 872 1072
1120 3144 1672 3816
1144 3144 1672 3816
0 3216 560 3856
0 3264 392 3856
0 3392 392 3856
64 3440 392 3856
64 3440 296 3856
408 3360 1104 4000
408 3520 1104 4000
704 3520 1104 4000
1528 1864 1824 2488
184 0 352 400
672 0 968 1128
976 1192 1824 1760
992 1200 1824 1760
560 1512 1328 2000
0 2024 512 3224
304 1344 504 1992
1240 3184 1824 4000
1240 3184 1824 3936
560 1512 1328 1976
1080 1536 1328 1920
1392 2536 1648 3008
0 2088 512 3224
1648 2576 1824 3056
1240 3584 1824 3936
1304 3824 1824 4000
1304 3824 1760 4000
848 1568 1600 3080
0 0 904 1184
128 288 320 656
1256 2480 1472 3072
920 0 1824 1496
1000 0 1824 1496
0 2520 512 3224
0 2680 512 3224
848 1568 1512 3080
848 1568 1424 2504
1000 0 1592 1216
0 56 904 1184
0 560 904 1184
80 2008 480 3128
80 2024 448 3000
112 2008 480 3128
0 0 256 864
1056 2432 1512 3080
0 1536 1824 4000
472 1536 1128 2232
504 1536 1128 2080
512 1536 1128 2008
0 0 1824 2624
0 0 240 864
0 0 232 816
1208 2008 1600 2520
1232 2160 1600 2520
848 1568 1424 2216
1504 2496 1736 3096
0 2216 1824 4000
680 2704 1752 3144
80 2096 432 2984
80 2264 432 2984
1560 2584 1736 3096
1256 0 1824 1496
160 1264 424 1800
472 2000 912 2232
1336 0 1824 1496
1520 952 1824 1496
1000 0 1584 1216
1176 0 1584 1136
1176 0 1432 1136
840 2704 1752 3144
840 2704 1552 3144
1336 0 1824 1424
1336 0 1824 1360
920 0 1344 1160
0 776 1824 2624
808 776 1824 1728
808 776 1824 1616
80 2264 432 2680
1288 48 1584 1120
1288 416 1472 1120
1384 0 1824 1232
216 2440 424 2984
0 1136 1824 2624
744 1192 1824 2624
488 2216 1208 3024
0 2856 1824 4000
1384 200 1824 1232
560 1512 1128 1976
0 560 496 1128
984 0 1344 1160
912 1408 1824 2624
1456 528 1824 1456
264 0 896 1136
1264 3584 1824 3936
584 1536 1128 1976
464 2872 928 3200
1176 88 1432 1136
264 312 896 1136
1072 2368 1240 2768
488 2216 1208 2856
584 664 896 1136
488 2448 864 2856
488 2448 800 2752
1384 200 1824 1168
640 2216 1208 2776
1040 0 1344 1072
464 2928 776 3200
584 1704 848 1968
0 816 904 1184
1152 1488 1824 2624
1152 1624 1824 2624
264 312 848 1136
440 0 752 200
216 2608 424 2984
0 1136 888 2024
384 1264 840 1552
1088 72 1344 1072
424 0 840 384
1552 200 1824 704
664 2216 1208 2776
768 2400 1208 2776
1592 528 1824 1336
664 2216 960 2488
1392 48 1584 552
352 312 848 1136
1152 1624 1768 2624
1168 3536 1384 4000
1384 288 1672 1168
584 784 896 1136
1576 952 1824 1448
0 3136 1760 4000
0 3152 1760 4000
704 1536 1128 1976
1304 3824 1616 4000
1152 1624 1608 2416
352 312 848 992
352 312 848 864
384 312 848 744
0 3152 1664 4000
1248 3328 1664 3688
0 3152 1336 4000
1608 2856 1824 3208
1088 72 1344 816
136 1696 480 2016
1424 1632 1824 2496
424 312 848 672
1424 1632 1824 2464
1528 1672 1824 2464
0 1136 584 2024
0 1136 584 1856
0 1136 584 1352
176 1144 584 1352
0 3184 1288 4000
0 3800 272 4000
1576 1672 1824 2464
1656 1872 1824 2464
0 1264 288 1856
0 1352 272 1856
0 1352 272 1784
432 1136 888 1536
544 1168 880 1536
1528 2000 1728 2312
0 3200 552 3400
0 3184 1288 3912
120 3184 1288 3912
120 3448 880 3912
488 3448 880 3736
0 3240 504 3648
0 3240 336 3648
0 3304 336 3648
80 3608 544 4000
136 3608 544 4000
480 3184 1288 3688
592 3184 1288 3688
592 3184 1200 3632
120 3480 608 3912
592 3184 1016 3632
1640 3840 1824 4000
1304 3824 1600 4000
32 3824 272 4000
1272 3792 1496 4000
488 3784 904 4000
840 3776 1088 4000
368 3736 608 3912
904 3680 1128 3880
1264 3664 1824 3936
1480 3632 1744 3792
136 3608 440 3944
1008 3600 1240 3896
1640 3584 1824 3792
0 3552 200 3912
1288 3536 1472 3712
1200 3536 1384 3776
616 3536 1016 3864
488 3504 688 3736
120 3480 528 3776
896 3472 1120 3680
624 3448 880 3736
1504 3384 1824 3616
0 3384 200 3648
408 3336 656 3632
1416 3328 1664 3688
592 3328 808 3632
1208 3312 1496 3544
288 3304 504 3496
144 3304 336 3504
1024 3280 1288 3688
944 3240 1200 3504
32 3240 224 3408
0 3224 416 3400
320 3200 552 3400
1560 3184 1824 3584
768 3184 1016 3616
480 3184 824 3376
776 3152 1336 3328
1288 3136 1672 3432
488 3000 776 3200
0 2992 512 3224
760 2976 1344 3176
464 2928 688 3160
1024 2880 1552 3144
560 2872 928 3064
1320 2856 1752 3144
1488 2848 1648 3008
856 2848 1056 3056
1560 2800 1736 3096
680 2752 872 2912
248 2720 424 2984
840 2704 1128 2920
88 2680 432 3128
488 2672 744 3024
656 2664 864 2856
1056 2624 1328 3080
216 2608 424 2816
1304 2600 1472 3072
936 2576 1152 2752
768 2544 1208 2776
1392 2536 1608 2880
80 2520 264 2880
1224 2432 1512 2720
640 2424 824 2656
856 2400 1128 2568
1576 2392 1768 2624
560 2256 752 2456
1232 2240 1600 2520
736 2224 960 2440
744 2168 1112 2432
1208 2120 1368 2432
72 2088 376 2688
472 2024 696 3056
104 2024 448 3000
1208 2008 1488 2240
1160 2008 1448 2256
112 2008 480 2400
1536 2000 1728 2208
472 2000 792 2232
848 1952 1136 2216
1152 1784 1608 2416
0 1768 216 2024
1112 1760 1296 2000
136 1760 480 2016
584 1728 800 1968
1576 1672 1824 2032
808 1672 1128 1976
0 1648 160 1856
1424 1632 1680 1928
24 1616 256 1784
1128 1568 1424 2016
1104 1560 1328 1920
136 1560 304 1800
704 1536 1088 1888
560 1520 1040 1976
952 1512 1128 1672
1168 1488 1680 1688
384 1384 568 1552
328 1352 504 1992
0 1352 272 1664
1520 1296 1824 1496
400 1264 840 1544
0 1264 288 1440
576 1224 880 1536
744 1192 1096 1536
544 1168 752 1376
176 1160 440 1352
320 1144 584 1328
432 1136 888 1304
0 1136 232 1328
808 1096 992 1296
1336 1016 1512 1360
1664 952 1824 1416
272 936 904 1176
616 928 896 1136
384 888 800 1136
1456 848 1720 1456
920 832 1088 1160
0 816 440 1184
392 792 696 992
816 776 1824 1616
144 768 376 1024
984 760 1168 1160
1176 720 1352 1136
1440 696 1664 1232
352 672 712 864
608 664 888 976
1624 520 1800 968
384 480 688 672
264 480 600 704
480 424 848 672
0 424 240 864
0 424 232 816
1088 392 1264 816
672 376 864 560
424 312 640 560
1504 288 1672 848
1392 176 1568 552
1248 88 1432 912
1144 72 1344 576
256 56 432 680
1400 48 1584 336
1576 0 1824 216
1392 0 1592 264
1224 0 1392 224
1040 0 1216 616
920 0 1208 1080
600 0 840 384
440 0 704 200
424 0 832 376
1136 1976 1456 2504
328 1352 568 2000
0 1200 1824 4000
0 0 1824 2056
0 0 1120 2056
832 0 1824 1496
0 0 1112 2024
464 1200 1824 3192
0 0 1096 2024
1168 0 1592 1168
0 2024 1824 4000
920 0 1824 1448
1000 0 1824 1448
1440 0 1824 1448
1168 0 1592 1120
1000 1016 1512 1360
136 1264 568 1920
0 2024 1344 3224
72 2024 448 3128
464 1408 1824 3192
256 0 432 680
0 0 840 1128
1208 2008 1736 3096
1240 3744 1496 4000
952 1512 1424 2416
992 1560 1424 2416
992 2016 1168 2416
0 2976 1344 3224
1224 0 1592 1120
920 0 1344 1080
464 1672 1296 3160
136 1264 424 1920
952 1512 1296 1688
0 0 496 1128
128 0 352 656
840 1408 1824 3192
72 2088 432 3128
920 760 1168 1160
88 2024 448 3000
840 1632 1824 3192
1440 0 1824 1416
1664 528 1824 1416
1440 0 1824 1232
1504 0 1824 848
272 0 992 1296
272 0 904 1176
912 1408 1784 2624
32 0 256 496
464 1984 1208 3160
392 784 760 992
512 352 864 560
0 816 1096 2024
1440 320 1824 1232
472 1984 1208 2776
1320 1632 1824 3192
912 1408 1768 2624
1168 3536 1824 4000
840 2368 1552 3144
1624 320 1824 968
808 1672 1296 2216
0 816 800 1184
0 1136 1096 2024
264 480 840 744
1328 48 1584 800
1224 0 1592 264
136 1408 360 1880
912 1408 1680 1816
1104 1560 1424 2016
808 1672 1296 2000
1024 2368 1552 3144
1152 1784 1768 2624
1208 2008 1512 2312
1264 3584 1824 4000
1168 1488 1680 1816
560 1520 1088 1976
1200 3136 1824 3688
0 3552 208 4000
464 2664 928 3160
1208 2120 1600 2520
904 3680 1192 4000
80 2520 432 3128
1504 200 1824 848
464 2672 928 3160
1424 1632 1824 3192
1424 1632 1824 2904
1424 1632 1824 2616
440 0 840 384
584 1536 1088 1968
488 2168 1208 2776
560 2216 960 2488
560 2216 808 2488
1208 3136 1824 3688
272 312 904 1176
272 928 904 1176
1264 3664 1824 4000
72 2088 432 2688
352 312 888 976
0 3240 664 3568
472 1984 1040 2232
32 3240 664 3568
32 3240 504 3568
144 3304 504 3568
144 3304 368 3568
1024 2624 1552 3144
0 3152 1336 3400
320 3152 1336 3400
320 1136 1096 1544
400 1136 1096 1544
0 1136 480 2024
0 1136 480 2016
640 2168 1128 2656
488 2448 1208 2776
352 424 888 976
352 664 888 976
400 1168 1096 1544
400 1192 1096 1544
1040 0 1344 616
488 2672 928 3064
136 1560 360 1880
1208 3312 1664 3688
1288 3136 1824 3616
0 1136 440 1784
0 1136 440 1440
0 1160 440 1440
616 3184 1288 3896
0 3552 208 3928
0 3328 1088 4000
120 3328 1088 4000
480 3152 1336 3376
616 3472 1240 3896
768 3184 1288 3688
1424 1632 1824 2208
1424 1632 1824 2032
616 3536 1240 3896
176 3776 1088 4000
176 3776 904 4000
176 3776 544 4000
736 2168 1128 2584
0 2992 776 3224
120 3328 808 3944
120 3336 656 3944
120 3480 608 3944
736 2400 1128 2584
120 3480 528 3944
768 3184 1200 3616
1240 3584 1824 4000
512 1512 1752 3144
1240 3584 1824 3968
1304 3792 1824 4000
1304 3792 1760 4000
512 1512 1736 3096
88 2008 480 3128
0 0 496 1024
512 1512 1600 2520
1064 2432 1600 3080
560 1512 1600 2520
