0 0 2319 4128
1808 3244 2064 3533
1601 2815 2014 3302
2130 635 2319 1098
0 0 2319 1098
0 660 2319 4128
0 916 2319 4128
0 2196 2319 4128
0 660 2319 2485
0 0 759 264
0 916 2319 3170
0 916 2262 3170
0 0 2319 1015
33 0 2319 990
33 0 2319 974
239 0 2319 974
1898 2295 2319 2551
0 660 2319 2344
0 1898 1890 3170
445 916 2262 2633
247 280 2270 974
247 280 1230 751
1098 1230 2262 2633
0 2815 544 3277
842 965 1139 1164
2146 908 2319 1098
247 280 1230 743
445 355 1230 743
1601 3046 2014 3302
66 668 2319 2344
1073 2303 1890 3170
1560 2385 1824 2897
1098 412 2270 974
511 3533 941 3971
0 1898 1428 3145
0 1898 1428 2980
1428 503 2270 974
239 0 2319 710
957 3137 1642 3492
957 3153 1642 3492
82 2476 280 2774
1122 2303 1890 3170
1254 1230 2262 2633
445 916 1593 2600
0 2196 2097 4128
239 0 1254 181
239 0 1164 181
0 660 561 1114
2047 2295 2319 2551
1155 668 2319 2344
1320 2567 2319 4128
1387 2567 2319 3863
1387 2567 2319 3657
2113 3087 2319 3409
0 247 668 1015
156 330 668 1015
231 470 668 1015
1940 2567 2319 3657
1940 3104 2319 3657
1387 3054 2245 3426
1387 3054 1964 3417
1387 3054 1609 3368
0 1312 1320 2485
0 1312 1213 2435
66 734 1411 1494
462 1395 1593 2600
462 1395 1164 2064
1122 2336 1890 3170
1461 2559 1890 3137
1601 2625 1890 3137
1007 1642 1593 2600
1007 1973 1593 2600
0 1898 1428 2774
1568 3178 1964 3417
0 2196 1287 4128
0 3203 619 4128
0 3203 619 3533
0 3219 272 3533
132 734 1411 1494
396 3459 767 3673
726 0 2319 710
726 0 2319 553
1320 3533 2319 4128
0 3500 297 4128
511 3855 833 4128
148 3203 619 3533
850 3360 2097 4128
1114 3360 2097 4078
189 1956 1428 2774
726 0 2319 462
1114 0 2030 222
0 2196 1172 4128
0 2196 1172 3839
1708 660 2270 974
1841 660 2270 899
1981 2567 2319 3261
445 916 1527 1585
1114 3360 2097 4061
1254 1230 2171 2633
1254 1230 2171 2542
1122 2336 1585 3170
602 916 1527 1494
1114 916 1527 1494
0 1312 1131 2319
0 1312 891 2319
1865 2600 2130 3170
181 3401 916 4128
156 660 561 1065
156 875 561 1065
132 734 1395 1494
132 734 1395 1304
445 1073 998 1585
998 2765 1263 3145
132 800 932 1304
0 247 321 817
1155 0 2030 222
891 3195 1172 3649
1444 974 2319 2344
1304 916 1527 1337
825 734 1395 1172
0 2196 1139 3839
850 3830 1378 4128
1353 1230 2171 2542
16 2625 222 2947
1700 974 2319 2344
0 3673 297 4128
1155 0 2030 173
726 0 2319 429
1444 0 2319 247
181 3484 916 4128
181 3484 635 4128
1824 767 2171 1098
941 2146 1213 2435
1444 0 2319 206
1700 974 2319 2319
462 1395 1139 2064
0 1362 891 2319
239 1362 891 2319
1808 1164 2295 1329
1114 3368 1766 4061
239 1362 767 2319
602 3195 1048 3839
1353 1246 2171 2542
1122 2336 1543 3005
1122 2336 1543 2988
1139 2336 1543 2988
825 734 1387 1048
586 3797 916 4128
544 1304 998 1585
1114 3368 1725 4061
1114 3368 1345 3698
511 3533 842 3971
0 2196 1139 3302
0 2196 586 2897
132 2286 586 2897
536 800 932 1188
1353 1510 2171 2542
1353 1543 2171 2542
1700 974 2319 2270
1700 974 2319 2014
1733 1230 2319 2014
0 371 321 817
1345 99 2319 553
635 3327 1048 3839
1164 3417 1725 4061
1436 3533 2319 4128
1486 3533 2319 4128
1486 3533 2286 4128
181 3484 569 4128
0 1312 437 1824
1981 2798 2319 3261
1700 974 2319 1428
2030 974 2319 1428
1353 1684 2171 2542
1353 1684 2006 2542
173 2567 1139 3302
1180 1973 1593 2600
0 1684 412 2146
1486 3533 2097 4128
602 1015 1221 1461
280 1651 726 2319
0 1428 437 1824
1593 3533 2097 4128
1353 1684 1874 2212
643 2319 1428 2774
173 2567 1048 3302
371 2567 1048 3302
462 2567 1048 3302
156 3203 619 3409
181 3533 569 4128
701 3327 1048 3839
536 2567 1048 3261
173 2683 520 3021
1733 1378 2319 2014
0 1684 412 1997
1964 1981 2319 2270
1733 1378 2229 1832
1230 3451 1725 4061
1543 1230 2047 1898
577 2691 1048 3261
577 2691 1048 3120
1667 3533 2097 4128
1122 3153 1642 3492
1593 3946 1775 4128
255 3946 470 4111
57 3946 371 4128
1065 3929 1378 4128
1436 3921 1667 4128
1626 3880 1849 4061
189 3880 569 4128
1915 3830 2286 4128
850 3830 1106 4128
701 3814 916 4128
1486 3797 1725 4037
0 3756 198 4128
1122 3690 1329 3987
115 3673 297 3962
652 3649 842 3971
1420 3599 1585 3797
1667 3591 1948 4128
924 3583 1287 3987
1469 3574 1775 3929
1230 3566 1543 4061
1857 3533 2097 3987
511 3533 685 3822
181 3533 421 3905
2138 3517 2319 3979
701 3517 998 3839
0 3500 239 3814
1989 3492 2212 3863
1139 3492 1345 3698
586 3492 767 3673
305 3484 561 3905
107 3475 379 3781
1263 3451 1725 3739
2039 3393 2319 3657
1593 3360 2097 3748
710 3327 1048 3640
635 3327 924 3508
462 3327 668 3508
0 3327 255 3533
1609 3236 1799 3409
957 3219 1164 3417
0 3219 272 3417
156 3211 454 3409
2113 3203 2319 3409
1898 3203 2245 3426
288 3203 619 3401
891 3195 1147 3541
784 3195 949 3360
602 3195 866 3384
1329 3170 1642 3492
1122 3153 1395 3434
1007 3137 1271 3360
1940 3104 2319 3467
2146 3087 2319 3285
1387 3054 1609 3219
462 3021 817 3302
198 3005 544 3277
957 2947 1139 3236
2022 2930 2245 3261
2113 2922 2319 3178
998 2914 1263 3145
1213 2889 1585 3170
784 2864 1015 3261
371 2864 619 3129
734 2856 932 3162
1725 2815 1997 3195
0 2815 255 3219
1981 2798 2319 2972
297 2790 520 3021
57 2765 222 2947
577 2749 941 3120
445 2716 660 2963
858 2691 1048 2955
173 2683 412 2939
1122 2666 1345 3005
1601 2658 1791 3137
16 2625 206 2815
99 2608 280 2774
1865 2600 2130 2889
2006 2567 2319 2798
536 2567 743 2947
1461 2559 1634 3062
1139 2542 1345 2807
82 2476 280 2658
222 2443 586 2897
0 2427 198 2666
1114 2419 1428 2765
1609 2410 1824 2897
1898 2369 2138 2551
1296 2336 1543 2988
643 2319 1172 2774
2047 2303 2319 2551
132 2286 371 2658
8 2278 247 2567
1502 2253 1692 2493
792 2220 982 2501
0 2196 313 2402
1865 2187 2080 2385
941 2146 1188 2435
1964 2022 2196 2270
1477 2022 1675 2212
1576 2014 2006 2542
1007 1989 1205 2229
2130 1981 2319 2229
478 1981 643 2286
1180 1973 1486 2509
594 1964 957 2377
189 1956 784 2592
1065 1923 1378 2204
280 1915 511 2319
743 1898 1131 2270
0 1898 247 2319
792 1841 1023 2064
1898 1824 2171 2064
1659 1816 1940 2039
1387 1766 1593 1956
0 1766 412 1997
2006 1758 2319 2014
652 1758 891 2047
842 1750 1106 2047
1353 1684 1874 2138
0 1684 239 1907
1948 1667 2163 1832
355 1651 726 2039
1106 1642 1436 2064
132 1618 437 1824
1626 1576 2047 1898
1362 1543 1568 1907
1461 1510 1659 1783
957 1469 1164 1708
90 1453 454 1775
0 1428 222 1766
1742 1420 1931 1675
2006 1411 2319 1733
462 1395 1139 1964
1733 1378 2113 1651
544 1378 883 1585
24 1370 231 1552
1494 1362 1659 1618
239 1362 767 1841
1931 1320 2278 1593
0 1312 165 1609
734 1304 998 1568
1098 1287 1461 1799
206 1287 544 1494
1114 1279 1387 1494
1494 1246 1758 1519
1395 1246 1585 1634
1742 1230 1964 1411
1543 1230 1841 1667
2130 1197 2319 1428
850 1164 1221 1461
0 1147 305 1312
1007 1106 1238 1329
1700 1073 2187 1263
445 1073 817 1502
1304 1065 1527 1337
132 1065 586 1304
1147 1032 1411 1296
602 1015 990 1329
2030 974 2319 1205
1444 974 1766 1296
536 974 833 1188
107 974 363 1147
850 965 1139 1131
1114 924 1395 1172
0 916 239 1114
313 875 561 1065
908 825 1147 1015
1874 809 2171 1098
561 800 932 1056
998 784 1387 1048
825 734 1114 1007
0 734 231 932
1708 693 1898 974
1560 685 1874 1081
1841 668 2130 899
1155 668 1758 1015
1956 660 2270 899
181 660 544 982
2130 635 2319 1048
536 610 842 875
1114 594 1320 784
965 569 1246 817
421 544 668 1015
726 536 998 751
1973 528 2319 710
1428 503 2022 792
231 470 503 784
445 421 875 718
1098 412 1692 701
57 379 321 610
0 371 297 817
784 355 1230 743
247 280 792 619
1155 264 1552 462
1345 255 1940 520
0 247 189 421
33 181 280 371
1659 99 2319 553
726 99 1486 429
0 82 338 264
115 66 1073 346
1832 0 2319 165
239 0 924 181
0 685 2319 4128
0 0 2319 1609
0 2336 2319 4128
0 685 2319 3541
445 685 2319 2600
0 1362 1320 3541
0 1362 1213 3541
0 0 2319 1048
0 181 2295 1609
0 3327 2319 4128
924 2336 2319 3797
1246 3872 1494 4128
965 569 1320 817
792 1841 1205 2229
982 1032 1411 1296
1056 1032 1411 1296
1353 685 2319 2551
445 916 1758 2600
107 3475 421 3905
0 181 842 1213
0 247 842 1213
445 916 1527 1708
462 1246 1758 2600
1444 2253 1692 2600
1477 3186 1799 3409
0 974 363 1213
478 1964 982 2501
0 0 2319 553
0 2765 272 3533
0 2765 255 3219
0 668 2295 1609
0 1147 313 1609
0 247 842 1114
924 3046 2319 3797
924 3046 2319 3748
0 247 668 1114
998 2336 2319 3261
0 0 1254 264
115 3673 388 3962
1989 3492 2319 4128
2138 3517 2319 4128
0 2196 404 2567
0 3327 2286 4128
1560 685 2319 1205
1560 685 2171 1098
1560 685 1898 1081
1353 1197 2319 2551
0 247 561 1114
924 3137 2146 3748
1007 3137 2146 3748
1114 916 1527 1337
0 2286 1147 3541
115 66 2319 1048
594 1964 982 2501
156 2443 1147 3541
156 2443 1139 3525
132 668 2295 1593
998 2336 1997 3195
1486 3797 1849 4061
1898 2204 2319 2551
1098 255 2319 1048
165 2443 1139 3384
371 2716 660 3129
0 1362 1213 2774
0 2286 371 2873
0 2427 206 2873
165 2443 1048 3384
0 247 544 1114
0 247 544 982
462 1246 1758 2509
1098 1246 1758 1923
0 1147 305 1609
1353 1197 2319 2542
1841 1956 2319 2229
1997 1956 2319 2229
0 734 239 1114
1122 3153 2146 3748
305 3327 2286 4128
1098 1246 1659 1923
1098 1246 1659 1907
998 2600 1345 3145
998 2666 1345 3145
1387 3046 2319 3657
1387 3046 2245 3426
1865 2567 2319 3261
239 1362 891 2047
1213 2336 1997 3195
1387 3046 1964 3417
1387 3046 1791 3219
462 1395 1585 2509
0 1898 1213 2774
0 1428 726 2319
0 2196 313 2567
0 371 544 982
1155 668 2295 1593
445 1015 1387 1708
445 1015 1387 1585
602 1015 1387 1494
1742 1164 2295 1593
1742 1164 2295 1411
1742 1230 2163 1411
0 2427 206 2815
132 734 1387 1494
156 3203 668 3525
0 1898 1172 2774
1362 1246 1659 1907
0 3500 569 4128
0 1651 726 2319
305 3327 1378 4128
1155 668 2187 1296
1122 3153 2097 3748
1230 3533 2286 4128
1230 3566 1775 4128
1841 635 2319 1048
1956 635 2319 1048
1122 2666 1345 3079
115 66 1230 751
842 1642 1585 2509
1543 1197 2319 2014
445 1073 883 1585
1098 255 2319 792
156 3203 668 3508
288 3203 668 3508
165 2443 1048 3302
165 2922 817 3302
1106 1642 1585 2509
1106 1642 1486 2509
1139 3417 1766 3739
1164 3417 1766 3739
1362 1510 1659 1907
132 734 1387 1304
0 3500 239 4128
536 734 1387 1188
1353 1684 2196 2542
1576 2014 2196 2542
743 1898 1213 2435
305 3327 1287 3987
511 3327 1287 3987
173 2443 1048 3261
734 2856 1015 3261
1898 2303 2319 2551
1865 2022 2196 2385
1164 3417 1725 3739
1353 1684 2171 2212
1296 2336 1997 3195
1296 2336 1824 3137
1296 2336 1824 3062
1461 2410 1824 3062
561 734 1387 1056
561 734 1147 1056
726 16 1931 462
701 3327 1287 3987
1626 1197 2319 2014
1626 1197 2319 1898
2006 1197 2319 1733
173 2443 1048 3120
247 280 998 751
1098 255 2022 792
1444 974 2187 1296
825 734 1147 1015
1353 1684 2171 2138
1345 255 2022 792
1659 0 2319 553
1230 3566 1667 4128
198 3005 817 3302
1626 1378 2229 1898
726 99 1552 462
247 280 875 718
536 2567 1048 3120
1353 1684 1940 2138
1626 1378 2113 1898
536 2567 941 3120
1469 3533 2286 4128
189 1956 1172 2774
1469 3533 2097 4128
173 2443 586 2939
0 1114 355 1320
0 619 2319 4128
445 1015 2171 3211
1940 3525 2196 3913
0 1898 1106 2790
462 1015 2171 3211
776 866 1048 1164
561 619 990 858
1271 619 2196 1089
0 643 2319 4128
0 643 2319 3475
1502 2369 1733 2683
0 1312 2319 4128
33 1956 1106 2790
842 965 1048 1164
0 0 2319 899
222 0 2237 429
1122 3690 1329 3995
784 0 2319 899
1098 0 2319 899
1940 3525 2196 3888
0 2683 553 3343
0 2683 553 3294
1799 619 2319 1098
0 0 1279 759
0 181 668 1015
0 181 454 792
982 1015 2319 3475
1387 2542 2319 3475
1387 2790 2319 3475
982 1015 2319 2666
0 643 2319 2394
1387 2823 2319 3475
1387 2996 2319 3475
0 3500 470 4128
0 3500 305 4128
462 1015 1337 1708
0 181 363 792
1915 2823 2319 3409
1915 2823 2237 3252
1560 2369 1733 2683
924 3517 1221 4128
924 3583 1221 4128
949 3748 1221 4128
594 1486 2171 3211
1098 1213 2319 2666
784 3195 2319 4128
0 1312 1337 4128
0 3244 297 3632
1560 685 2196 1089
1560 685 2171 1089
0 734 974 1502
784 3195 1725 3814
932 3195 1725 3814
1089 3327 1725 3814
0 1667 1337 4128
1981 2790 2319 3178
899 643 2319 2394
0 1898 1337 4128
718 1642 2171 3211
1122 2229 2171 3211
1964 3079 2319 3475
1799 619 2319 1048
1981 2790 2319 3129
1981 2790 2245 3129
982 1015 1420 1387
2047 1527 2319 1733
1098 3327 1725 3698
280 272 1007 759
1056 1015 1420 1387
1246 3318 2319 4128
1056 1147 1337 1510
0 1312 685 2146
1494 1213 1758 1477
1387 2996 2220 3426
1387 2996 1964 3417
0 1312 222 1675
1824 2485 2154 2683
0 1362 685 2146
899 776 2319 2394
1098 1370 2319 2666
1098 1370 2319 2575
1164 3145 1593 3484
0 3583 222 4128
511 3855 858 4128
305 1667 998 2534
718 1642 1593 2509
462 1015 1221 1708
899 3294 1155 3541
0 2204 1337 4128
957 2278 1337 3252
899 776 2319 2014
0 734 974 1329
24 734 974 1329
1098 1453 2319 2575
1420 3318 2319 4128
1420 3318 2319 3979
0 2204 1213 4128
0 2204 1213 4094
1221 1510 2319 2575
1221 1568 2319 2575
1353 1675 2319 2575
222 214 1362 429
1865 1956 2319 2394
165 734 974 1172
165 776 974 1172
0 1453 652 2146
1387 2996 1964 3409
1568 3087 1964 3409
710 2707 1139 3087
1494 1370 1940 1849
965 2278 1329 2757
743 1898 1106 2253
577 1015 1221 1708
734 1015 1221 1519
899 776 2319 1940
107 3401 635 4128
107 3508 635 4128
0 2204 643 2955
0 2204 561 2955
0 2427 412 2955
0 2204 561 2840
718 1750 1593 2509
305 1667 949 2385
239 1362 685 1816
165 2592 1213 4094
899 776 2030 1263
899 776 2030 1164
1436 3550 2319 4128
1824 982 2319 1213
1766 1188 2319 1940
33 1981 1106 2790
148 3203 685 3533
181 3203 685 3525
1098 3327 1725 3632
1098 3327 1494 3632
181 3327 668 3525
726 0 2237 338
577 1304 1164 1708
1246 3550 1527 4086
222 1981 1106 2790
0 3583 214 4128
1246 3583 1494 4086
1510 3351 2319 3979
1510 3351 2319 3698
1510 3351 2187 3632
899 776 1758 1164
99 1453 437 1824
165 2592 1065 4094
553 3748 941 4094
1436 3550 2286 4128
1387 858 1758 1164
165 2592 1065 3855
1246 3583 1428 4086
0 2204 544 2658
272 2319 544 2633
0 2427 396 2757
115 2468 396 2757
1436 3550 2097 4128
1469 3550 2097 4128
1486 3591 2097 4128
165 2592 1048 3855
371 2592 1048 3855
0 1651 652 2146
1387 2996 1742 3219
313 776 974 1172
1766 1188 2319 1758
1766 1320 2319 1758
355 2674 643 2947
941 2138 1213 2435
462 2592 1048 3855
544 2592 949 2939
1865 2030 2319 2394
1510 3351 1981 3632
710 2707 1023 3087
1593 3591 2097 4128
0 1651 652 1997
0 2204 346 2658
305 1783 949 2385
313 866 833 1172
1791 1188 2319 1477
1865 2064 2278 2394
462 2831 1048 3855
1494 1370 1808 1717
288 3533 635 4128
1766 1370 2113 1758
462 2831 998 3451
1626 3591 2097 4128
1122 2229 2022 3211
569 3946 858 4128
1131 3938 1378 4128
998 3913 1221 4128
1436 3880 1601 4128
1923 3830 2286 4128
800 3830 1098 4128
1312 3814 1494 4086
288 3797 635 4128
693 3756 941 4094
0 3756 214 4128
949 3748 1213 3938
553 3748 784 4037
1122 3739 1287 3995
1353 3723 1543 3921
1791 3673 2097 3987
1486 3649 1651 4053
1089 3640 1312 3814
2138 3632 2319 3979
1626 3591 1907 4128
1254 3583 1428 3888
924 3583 1164 3789
1469 3550 1775 3896
1320 3550 1527 3739
1180 3533 1403 3698
511 3533 842 3905
305 3533 528 3896
1940 3525 2163 3888
107 3508 421 3905
0 3500 239 3748
2138 3492 2319 3698
437 3467 693 3673
1007 3459 1213 3665
2138 3401 2319 3665
1642 3401 1981 3632
297 3401 635 3574
586 3376 800 3682
693 3368 1048 3855
1510 3351 1692 3517
1098 3327 1494 3550
0 3327 297 3632
2039 3302 2253 3475
0 3244 231 3417
206 3203 685 3409
1882 3195 2220 3426
932 3195 1164 3409
602 3195 784 3376
1568 3178 1964 3409
1015 3153 1279 3360
1964 3079 2319 3467
2055 3038 2237 3252
462 2996 916 3451
2047 2922 2245 3129
371 2864 627 3112
2154 2848 2319 3046
165 2840 520 3079
561 2831 998 3244
0 2831 553 3294
1915 2823 2080 3170
1981 2790 2220 2955
445 2716 643 2914
710 2707 941 2939
858 2699 1065 2914
957 2683 1337 3252
544 2683 759 2939
1841 2633 2171 2856
82 2617 412 2955
371 2608 561 2840
594 2592 949 2774
2039 2542 2319 2848
1122 2526 1287 2732
115 2476 280 2683
222 2468 396 2757
1609 2460 2022 3211
321 2443 544 2633
693 2435 1106 2749
1560 2410 1733 2683
965 2352 1287 2757
313 2344 561 2534
132 2286 346 2658
734 2237 998 2534
1122 2229 1642 3170
0 2204 198 2501
1865 2187 2278 2394
941 2163 1131 2419
1015 2138 1213 2435
1841 2130 2006 2328
1973 2064 2187 2319
899 2055 1106 2253
2130 2030 2319 2295
33 2006 280 2278
1444 1997 2319 2575
1122 1989 1593 2509
222 1981 784 2790
1931 1956 2319 2154
1197 1956 1370 2204
173 1956 338 2212
1065 1923 1378 2196
743 1898 990 2187
0 1898 181 2212
305 1890 520 2319
107 1890 313 2080
412 1783 949 2385
0 1783 412 1997
718 1750 1131 2187
1857 1742 2311 1940
0 1684 255 1865
1353 1675 2163 2105
2064 1667 2319 1931
355 1651 652 1874
1023 1642 1436 2064
1758 1576 1940 1849
1221 1568 1593 1923
115 1552 338 1775
1832 1519 2080 1758
594 1486 1114 1857
1098 1453 1304 1799
99 1453 429 1642
0 1428 222 1675
1742 1420 1931 1618
280 1403 685 1816
1188 1395 1461 1692
577 1378 883 1585
1766 1370 2113 1651
1543 1370 1808 1717
1494 1370 1692 1618
239 1362 660 1667
1931 1320 2319 1659
1089 1320 1337 1510
776 1304 1164 1708
1304 1287 1568 1634
66 1287 544 1502
1494 1246 1758 1477
1494 1213 1667 1411
858 1180 1221 1519
1056 1147 1279 1329
0 1147 355 1320
1304 1139 1527 1337
899 1106 1122 1287
594 1106 858 1312
462 1098 817 1494
1147 1032 1420 1387
24 1023 586 1329
734 1015 990 1254
2030 982 2319 1213
1626 982 2030 1147
206 965 577 1155
1387 916 1651 1164
313 875 544 1065
487 866 833 1172
1444 858 1758 1032
908 817 1164 1015
1808 809 2171 1089
2030 776 2196 1048
899 776 1411 1131
619 776 974 1023
1915 767 2138 957
181 734 478 916
1708 685 1915 899
1560 685 1874 982
264 660 544 916
1172 643 1700 916
1997 619 2319 1048
1271 619 1659 784
561 619 842 850
990 569 1287 792
743 544 1007 759
371 544 668 1015
255 528 454 743
0 379 363 792
0 371 214 594
784 355 1213 726
280 272 891 718
553 214 1362 429
0 181 280 437
726 99 1469 338
1098 0 2319 809
1155 0 2237 181
0 0 1279 404
0 1015 2319 4128
0 0 2319 1642
272 2319 561 2534
0 2592 2319 4128
0 0 2237 429
1775 2485 2154 2724
1824 2485 2154 2724
0 1015 2319 3756
0 0 2319 1502
1089 3640 1329 3880
0 1147 1213 3756
462 1015 2319 3665
776 866 1098 1164
1353 1188 2319 3665
1857 3302 2253 3533
1964 3302 2253 3500
1098 0 2319 1213
462 1015 2220 3426
734 2229 2220 3426
148 3384 693 3756
148 3384 693 3673
148 3384 635 3574
462 1015 1609 2509
90 3698 470 4111
198 3748 470 4111
198 3748 388 4004
1684 1254 1964 1849
1684 1254 1964 1618
1684 1254 1964 1444
1098 0 2319 1048
1841 1882 2319 2328
1841 1956 2319 2328
0 181 2262 1502
511 2683 2319 4128
899 2683 1981 3739
0 734 2262 1502
0 734 247 1048
0 1147 1213 3748
0 1898 800 3748
1122 2229 2220 3426
24 776 2262 1502
2154 2765 2319 3046
0 181 2196 1155
148 3401 635 3574
1444 2253 1642 2509
0 1147 1213 2840
0 181 280 594
1098 1139 1609 1799
1098 1287 1609 1799
1098 1395 1461 1799
