0 0 3024 4032
2669 274 2959 459
1661 2717 2080 3370
0 3757 274 4023
1346 1080 2395 2096
959 903 1241 1209
1016 991 1241 1209
80 3185 241 3403
0 2790 225 3314
1048 3822 1588 4032
1338 701 1677 1056
0 3862 298 4032
1346 1588 1766 1959
1677 2717 2080 3370
322 1475 967 1927
1620 1080 2395 2096
1145 1951 1653 2403
1362 1951 1653 2322
967 1741 1209 1919
322 1572 967 1927
1620 1080 2249 2096
999 1419 1524 1725
1032 1419 1524 1725
564 1475 830 1653
1201 3346 1596 3741
2580 2443 3024 3007
2580 2443 3024 2967
2774 2443 3024 2628
782 3394 999 3661
1991 1104 2395 1701
1991 1290 2395 1701
0 2790 217 3241
1604 0 2741 717
1991 1314 2395 1701
2112 1338 2395 1580
0 0 3024 2088
2177 951 2653 1282
0 1056 3024 4032
322 1628 830 1927
1282 3693 1862 4032
1282 3870 1774 4032
1975 1677 2274 2048
0 0 3024 1766
451 3540 1274 3878
451 3540 1233 3878
451 3540 1153 3878
741 1806 1008 2048
1677 1080 2249 2016
1749 1080 2249 1878
1016 2757 1701 3362
96 2741 1016 3741
1306 2782 1628 2967
1878 2128 3024 4032
1838 1080 2249 1556
2346 1064 2644 1419
1354 1491 1790 1838
298 1774 572 2177
298 1774 483 2177
1080 1266 2669 2741
112 2185 935 2717
112 2282 935 2717
2451 0 3024 403
258 0 3024 1766
1128 895 1677 1499
1128 1128 1346 1290
0 0 1677 1225
0 0 1677 1032
2556 3064 3024 3830
2556 3064 3024 3798
2556 3064 3024 3652
2556 3153 3024 3652
2556 3153 2862 3652
112 2282 588 2669
112 2282 491 2524
2515 0 2911 185
2556 3153 2846 3515
1878 2282 3024 4032
1782 2741 2233 3475
0 0 1677 919
693 2185 927 2548
96 3032 709 3741
0 508 677 1032
193 3032 709 3741
201 3032 709 3604
1935 2741 2233 3475
1975 2830 2233 3475
2572 3298 2862 3652
1169 895 1677 1499
1169 895 1628 1499
1145 2209 1516 2403
1080 1443 2669 2741
1080 1854 2193 2741
1774 1927 2193 2185
2233 362 3024 1766
451 3540 1088 3878
451 3540 1016 3854
451 3556 830 3838
1169 895 1532 1475
1354 1491 1766 1838
2298 362 3024 1766
0 508 540 1032
2298 362 3024 1757
1169 895 1435 1475
258 0 2322 1443
258 0 1725 1443
2177 951 2540 1282
2024 2830 2233 3241
1080 1854 1959 2741
1080 1854 1959 2653
1080 2274 1451 2653
1080 2274 1322 2604
1677 1782 2153 2016
1919 1782 2153 2016
1838 1080 2193 1556
766 3540 1016 3854
2330 3257 2604 3749
0 1056 2403 4032
8 927 354 1225
1370 1951 1653 2314
516 2322 935 2717
548 2540 935 2717
1403 1282 3024 3177
1403 2636 1895 3177
991 3185 1435 3588
1145 3185 1435 3394
0 1056 1330 2145
1419 419 2322 1378
2024 1443 2669 2564
2233 379 2524 967
209 3854 653 4032
1580 1282 3024 2822
1717 1282 3024 2822
0 1564 2403 4032
0 2959 419 3540
0 2959 419 3362
0 3193 395 3540
2661 2556 3024 3548
1217 1854 1959 2588
0 3233 2403 4032
1588 3233 2403 4032
1725 3556 2403 4032
1766 3556 2403 4032
2024 1491 2669 2564
596 2741 1016 3322
1959 3556 2403 4032
0 1056 1330 2048
0 1056 1330 1919
233 1072 1330 1903
0 1564 1645 3604
1233 1854 1959 2588
1233 1854 1701 2209
2145 1588 2669 2564
2145 1588 2669 2386
1580 419 2322 1137
1580 419 2322 1104
0 1733 1645 3604
564 3177 903 3443
2112 2282 3024 4032
2112 3362 3024 4032
1282 1943 1959 2588
0 3403 1693 4032
1580 419 2322 967
1540 2636 1895 3177
1588 3233 2217 3846
1636 3322 2217 3846
2306 2153 2628 2386
2749 2556 3024 3548
2806 2556 3024 3548
2806 2878 3024 3548
2806 2878 3024 3298
2451 96 3024 403
2112 3362 2846 4032
2112 3362 2491 3943
0 1951 637 3193
1588 556 2040 1104
1588 556 1927 1008
1395 1943 1959 2588
1661 1943 1959 2580
427 1733 1645 3604
1274 2967 1532 3225
2362 3612 2846 4032
0 3403 1169 4032
0 3403 798 3951
2145 1588 2669 2225
1717 1717 3024 2822
1717 1798 3024 2822
1717 1895 3024 2822
1717 2080 2475 2822
2161 2282 2943 3475
596 2741 975 3249
2306 1895 3024 2661
2322 1895 3024 2491
2540 1895 3024 2346
2362 3612 2749 4032
2395 1282 2846 1741
2395 1282 2701 1741
0 1951 637 3177
201 3032 709 3540
766 1733 1645 3604
862 1733 1411 2378
862 1951 1411 2378
1717 2080 2346 2822
427 1830 975 2459
435 1886 975 2459
1878 2604 2411 3128
2145 2604 2411 3128
766 2306 1645 3604
806 2306 1645 2935
943 2467 1645 2935
943 2564 1645 2935
1096 2564 1645 2927
2161 2282 2943 3322
0 1951 387 2717
233 1072 1330 1653
766 2717 1362 3604
2145 1588 2669 2185
2145 1653 2669 2185
862 2080 1411 2378
1395 2128 1862 2588
2185 1653 2669 2185
806 2717 1362 3249
2298 717 3024 1757
1959 3556 2338 4032
1717 2120 2346 2822
1927 2120 2346 2822
1927 2120 2346 2612
435 1886 854 2459
2322 2282 2943 3298
2395 2282 2943 2903
2515 2282 2943 2725
1056 3588 1693 3935
1927 2120 2346 2491
258 266 1725 1443
1556 3870 1774 4032
0 3862 233 4032
209 3854 572 4032
2515 3838 2846 4032
2136 3822 2403 3999
572 3765 1169 4032
2685 3757 3024 4032
1766 3725 2128 4032
1725 3709 1951 3943
2362 3693 2749 4032
1580 3693 1862 3919
0 3677 314 3870
2822 3661 3024 3830
2249 3661 2491 3943
1959 3644 2338 4032
2411 3612 2717 3878
1056 3604 1483 3927
1387 3588 1693 3935
193 3572 403 3741
2056 3556 2233 3765
564 3556 830 3838
967 3540 1153 3717
766 3540 975 3854
2701 3532 3024 3798
1846 3523 2169 3798
1636 3523 1935 3846
2806 3483 3024 3669
2669 3467 2862 3652
0 3459 249 3765
1201 3443 1556 3741
2838 3419 3024 3604
96 3419 306 3725
145 3403 798 3951
2507 3378 2701 3757
991 3370 1249 3588
2112 3362 2475 3725
1266 3346 1596 3548
0 3330 225 3540
1725 3322 2217 3612
201 3322 532 3540
983 3314 1225 3556
2572 3298 2733 3515
588 3290 782 3467
1782 3282 2024 3451
1137 3273 1370 3564
2330 3257 2556 3475
2161 3249 2419 3427
1588 3233 1806 3572
677 3233 903 3443
2846 3217 3024 3548
1016 3217 1185 3386
2395 3201 2588 3475
161 3193 395 3443
1370 3185 1677 3677
1274 3185 1435 3354
1145 3185 1306 3394
564 3177 814 3378
1975 3169 2136 3475
766 3169 1177 3604
2556 3153 2830 3435
2709 3064 2951 3273
701 3064 975 3249
2161 3040 2362 3322
2024 3040 2225 3241
1846 3040 2007 3233
0 3040 169 3362
419 3032 709 3523
2241 2975 2491 3185
1354 2975 1532 3201
637 2959 830 3193
120 2959 419 3282
2661 2935 2862 3104
370 2935 637 3193
911 2927 1362 3249
1306 2903 1701 3362
0 2886 225 3314
0 2886 161 3241
2806 2878 3024 3144
2185 2846 2411 3128
2322 2790 2798 3298
1443 2782 1628 2967
1016 2757 1378 3024
596 2741 975 3104
1717 2717 2080 3370
806 2717 1032 3056
2685 2693 2951 3007
1878 2653 2169 2999
1540 2653 1806 3177
1612 2636 1895 2935
354 2628 862 2919
2145 2604 2403 2927
1096 2596 1475 2927
88 2596 637 3177
120 2596 298 2757
2580 2580 2886 2967
943 2580 1177 2935
2395 2572 2653 2903
1443 2564 1645 2846
2822 2556 3024 2943
548 2556 749 2717
701 2540 935 2717
846 2524 1080 2749
2016 2515 2257 2822
1387 2507 1693 2741
1717 2491 2048 2725
2306 2475 2644 2661
1056 2467 1338 2725
2209 2459 2475 2701
0 2419 387 2717
1927 2411 2282 2612
362 2403 588 2669
1580 2395 1814 2741
2515 2386 2814 2725
1217 2386 1451 2653
2322 2330 2661 2491
1733 2330 1959 2580
556 2330 862 2620
516 2322 701 2604
112 2322 387 2524
1096 2306 1322 2604
806 2306 1137 2588
2644 2282 2943 2556
1282 2274 1524 2515
693 2274 927 2548
2241 2257 2451 2564
1395 2257 1685 2588
1257 2233 1516 2403
1927 2169 2282 2491
2314 2153 2620 2314
435 2153 854 2459
1612 2128 1862 2483
2540 2120 2757 2346
2145 2120 2346 2346
2749 2104 2927 2370
1153 2104 1411 2354
1757 2080 2064 2386
862 2080 1185 2378
282 2080 628 2395
588 2056 790 2274
80 1999 266 2209
1983 1991 2257 2282
677 1991 975 2298
2217 1975 2403 2185
2322 1967 2612 2225
1895 1967 2193 2145
1419 1951 1653 2314
1217 1951 1435 2193
911 1951 1088 2153
0 1951 370 2483
1661 1943 1919 2362
1774 1927 1935 2185
1483 1927 1701 2209
2644 1895 3024 2249
508 1886 790 2233
758 1878 1008 2048
1233 1854 1507 2136
2145 1838 2403 2032
427 1830 596 2048
8 1830 217 2048
1919 1822 2153 2016
741 1806 911 1967
169 1806 403 2145
2644 1798 2927 2056
1677 1798 2007 2016
2209 1774 2669 2185
314 1774 483 2177
0 1757 169 1991
959 1733 1306 2145
2507 1717 2717 1951
2386 1701 2580 1919
2661 1685 2911 1951
2088 1677 2274 1959
2185 1653 2386 1846
1354 1645 1588 1838
1096 1645 1330 1806
2443 1620 2669 1798
2290 1588 2491 1862
1346 1588 1757 1959
1975 1580 2169 1830
846 1580 1112 1903
701 1572 967 1846
0 1572 177 1886
1266 1564 1483 1903
1032 1540 1362 1725
2628 1507 2822 1766
2024 1491 2338 1766
1443 1491 1766 1709
266 1483 693 1725
2419 1459 2701 1741
1749 1451 2064 1878
2209 1443 2475 1653
1209 1419 1524 1645
233 1378 661 1612
2596 1370 2846 1540
1596 1370 1814 1548
2177 1338 2395 1516
1749 1322 1927 1548
1443 1322 1628 1499
2395 1282 2685 1491
1201 1274 1411 1483
2257 1266 2435 1499
838 1249 1016 1467
2346 1241 2588 1419
1838 1201 2112 1556
1128 1128 1290 1290
2362 1112 2540 1282
2161 1104 2378 1322
2024 1088 2249 1330
1927 1080 2096 1290
0 1080 193 1330
596 1072 1330 1653
2435 1064 2644 1314
104 1064 274 1225
0 1056 508 1919
1016 1040 1185 1209
1169 991 1435 1475
1032 991 1241 1201
766 991 1032 1177
2395 967 2653 1145
1354 967 1532 1451
2177 951 2451 1169
2524 935 3024 1757
8 927 354 1104
1935 903 2298 1137
1419 862 1999 1378
1338 854 1564 1056
1636 814 1927 1008
2298 717 3007 1048
258 709 1096 1443
411 709 572 870
2346 701 2540 887
1766 669 1967 919
2774 628 2975 887
0 564 354 1032
1588 556 1886 878
403 556 677 725
2233 524 2524 967
120 508 540 822
1782 419 2322 967
1693 370 1870 532
2427 362 3024 911
0 306 274 637
2701 274 2959 435
1072 266 1725 1008
2669 137 3024 403
2451 96 2717 314
2596 0 2911 185
1604 0 2741 588
1507 0 1717 282
0 362 3024 4032
1056 362 3024 4032
0 669 2282 4032
0 0 3024 1169
0 0 3024 1032
233 669 2282 3249
556 2330 935 2620
2572 2580 2886 2967
1814 362 3024 2435
1596 1290 1927 1548
1596 1322 1927 1548
1056 1838 3024 4032
0 927 1814 4032
0 927 935 3765
0 2886 1814 4032
1814 362 3024 2411
233 669 2193 2096
322 1491 2282 3249
1782 2951 2225 3475
927 3556 1274 3790
314 1774 572 2177
927 3556 1233 3773
2774 2443 3024 2677
233 709 2193 2096
2330 3257 2604 3773
1306 2903 1814 3572
0 2886 1596 4032
1782 3040 2225 3475
1588 3177 1814 3572
2241 2257 2628 2564
0 2790 241 3403
0 2790 225 3403
0 2790 225 3362
0 2935 1596 4032
766 3169 1177 3661
1935 362 3024 2411
943 2580 1177 2983
1032 991 1346 1290
1032 991 1290 1290
2507 1507 2935 1951
2507 1507 2822 1951
1080 1854 1701 2741
1080 1854 1701 2653
2572 3298 3024 3798
2774 628 3024 975
0 2886 225 3362
0 1056 935 3765
0 2935 1435 4032
1395 1838 3024 3604
0 1056 854 3765
1991 1290 2330 1701
1306 2782 1645 3072
1733 2330 2072 2580
233 709 2007 1903
1266 854 1564 1088
564 3314 1225 3854
1137 3273 1596 3564
330 3153 508 3394
2749 2104 3024 2411
1056 2653 3024 4032
1878 2653 2588 3475
2072 2830 2588 3475
2088 2830 2588 3475
2088 2830 2282 3064
1620 1080 2193 2096
1951 1991 2257 2362
1935 362 3024 2249
0 3419 403 3765
0 3419 306 3765
1274 2967 1435 3354
1080 2209 1516 2653
1145 2209 1516 2653
1217 2233 1516 2653
854 3314 1225 3580
516 2322 749 2717
1677 1080 2193 2016
1677 1451 2064 2016
1975 3040 2225 3475
1217 1854 1701 2515
1217 1854 1701 2322
1056 2717 3024 4032
2161 3040 2588 3475
2161 3040 2419 3427
483 2886 830 3193
1556 3523 2233 4032
2701 3483 3024 3798
0 2935 1306 4032
322 1491 1766 2378
322 1628 1008 2048
0 1056 854 3540
1580 3523 2233 4032
1725 3523 2233 4032
1766 3523 2233 4032
1846 3523 2233 3798
2145 2274 3024 3604
2201 3378 3024 4032
1395 1838 2757 2741
0 1056 508 2927
2411 3378 2717 3878
1209 814 2007 1645
1354 814 2007 1475
1580 370 1870 628
0 1886 854 3540
0 3193 532 3540
2685 2556 3024 3604
2709 2556 3024 3604
2806 2556 3024 3604
564 3540 975 3854
2201 3661 3024 4032
1056 2717 2475 4032
1636 2717 2475 4032
1419 814 2007 1475
1217 1854 1701 2209
0 3322 532 3540
1895 1838 2620 2314
677 1491 1766 2378
1895 1838 2612 2225
2145 2274 3024 3435
1395 1943 2757 2741
1395 1943 2757 2701
1395 1943 1919 2588
233 709 1435 1903
677 1564 1757 2378
822 3185 1306 3878
822 3185 1306 3790
822 3540 1153 3790
0 1056 508 2717
88 1886 854 3282
1757 1975 2757 2701
403 556 677 870
1056 2975 1693 3935
1072 0 3024 1008
0 2935 1169 4032
2145 2274 3024 3298
991 3185 1306 3588
233 709 1362 1903
846 1540 1362 1903
1032 1540 1362 1806
88 1886 854 3177
282 1886 790 2395
1757 1975 2661 2701
258 2935 814 3604
1217 1854 1507 2193
1419 814 1999 1475
2249 3661 3024 4032
2249 3661 2846 4032
2024 1443 3024 2249
2024 1491 3024 2249
2185 1620 3024 2249
2209 1620 3024 2249
1056 2975 1677 3927
354 2306 2282 3249
1443 2411 2282 3177
2209 1685 3024 2249
354 2306 1475 3249
806 2306 1322 2749
806 2306 1137 2749
258 3032 814 3604
258 3032 709 3604
1935 362 3024 1757
1935 903 2653 1322
1935 903 2451 1322
1935 903 2451 1169
2846 3024 3024 3548
2806 2556 3024 3144
233 709 1330 1725
1927 1975 2661 2701
1927 1975 2644 2701
1927 1975 2475 2701
1419 862 1999 1475
1927 1975 2403 2491
1056 3185 1677 3927
1056 3443 1556 3927
1072 0 2741 1008
2644 1685 3024 2249
1636 3322 2475 4032
1725 3322 2475 4032
354 2467 1475 3249
2145 2282 2943 3298
1895 1838 2403 2145
596 2467 1475 3249
1612 1943 1919 2483
1540 2411 2282 3177
88 2153 854 3177
0 1056 508 2483
145 3403 1169 4032
701 2467 1475 3249
1717 2411 2282 2822
1717 2411 2282 2725
2362 3693 2846 4032
2644 1798 3024 2249
2241 2790 2798 3298
2145 2282 2943 3128
2145 2282 2943 2927
806 2467 1475 3249
806 2717 1378 3249
2395 1282 2846 1540
1959 3362 2475 4032
677 1564 1483 2378
88 2403 637 3177
233 1378 830 1725
266 1483 830 1725
0 306 540 1032
258 709 1330 1653
1072 266 1886 1008
1056 2467 1475 2927
0 1056 508 2145
1604 0 2741 967
677 1733 1306 2378
677 1991 1185 2378
1782 419 2524 967
2298 362 3024 1048
0 306 354 1032
2677 282 2951 459
1266 3209 1677 3741
1604 2814 2128 3419
1322 1056 2435 2096
1443 1056 2435 2096
1636 1056 2435 2096
1645 1056 2435 2096
1604 2814 2072 3419
798 1145 1016 1467
1604 2814 2072 3338
0 88 3024 4032
1645 1056 2395 2096
1959 1056 2378 1338
628 1774 935 2056
427 2540 935 2717
798 1153 1016 1467
0 0 2919 1072
16 3862 298 4032
0 0 2919 1032
2580 2459 2919 2967
2580 2612 2894 2967
2532 0 2919 330
1274 3870 1870 4032
1274 3870 1806 4032
1645 1080 2395 2096
1669 2814 2072 3338
1669 2814 2024 3338
1016 3185 1306 3370
0 2790 249 3540
1282 2628 1749 2967
2524 1491 2782 1741
782 3394 999 3669
830 3394 999 3628
1645 1080 2249 2096
1870 1080 2249 1620
1757 1645 2274 2386
0 2790 233 3540
0 2790 233 3403
0 2790 233 3282
1645 1548 2153 2096
1693 1548 2153 2096
0 516 1975 2225
0 3185 177 3403
1878 2290 3024 4032
2572 3306 2798 3652
0 927 274 1217
1322 1685 1790 2024
0 0 2798 1032
2838 774 3024 983
1895 1548 2153 2016
1282 2661 1749 2967
1580 88 3024 2693
1991 1362 2677 2532
1991 1362 2677 2419
395 2322 701 2612
0 1419 2467 4032
895 3273 1290 3475
411 2741 1032 3322
1096 1854 1911 2741
1096 1854 1911 2596
1137 2217 1516 2395
1935 1080 2249 1338
2024 1080 2249 1322
2024 1338 2386 1636
161 516 1975 1725
161 798 1975 1725
177 3153 459 3588
177 3193 427 3588
1435 2661 1749 2967
411 2741 1016 3322
564 1951 1088 2620
1588 88 3024 2693
1790 1645 2274 2386
1153 1854 1911 2596
1298 2911 1806 3572
1814 2717 2233 3193
2016 2830 2233 3193
0 725 919 2225
1790 1927 2169 2386
2040 1403 2677 2419
790 1419 1790 1919
991 3322 1209 3588
1878 2386 2661 2999
2136 2290 3024 4032
2136 2362 3024 4032
790 1507 1483 1919
0 1620 2467 4032
1072 1991 2346 3177
1072 2636 1499 3032
1072 2636 1459 3032
1588 88 3024 1757
1201 1854 1911 2596
1233 1854 1911 2596
0 3225 2467 4032
2136 2362 3024 3709
2169 3378 3024 4032
0 1620 1636 3604
2040 1403 2677 2395
2040 1403 2677 2346
2241 1685 3024 2693
2403 1685 3024 2661
1233 1854 1911 2403
1233 1854 1701 2177
2403 1725 3024 2661
1274 2185 1782 2596
1411 2185 1782 2596
2403 1725 3024 2628
2540 1725 3024 2628
1459 1991 2346 3177
1540 1991 2346 3177
0 1620 637 2975
0 1951 637 2975
2169 3378 2846 4032
2378 3403 2846 4032
2499 3403 2741 3878
1846 3523 2161 3959
862 1951 1088 2378
1846 1991 2346 2822
1757 88 3024 1757
2620 1725 3024 2628
2161 2362 3024 3709
0 3225 2403 4032
0 3225 2145 4032
0 3346 1685 4032
1878 2596 2628 2999
2161 2362 3024 3556
2725 2548 3024 3556
2725 2894 3024 3556
2846 3064 3024 3556
2620 1733 3024 2628
64 1733 1636 3604
249 1733 1330 2467
64 2314 1636 3604
64 2314 1475 3604
64 2878 1378 3604
677 2927 1378 3604
370 2314 1475 2967
64 2878 798 3604
249 1838 975 2467
2427 1306 2830 1685
749 2314 1475 2967
249 1838 798 2467
233 3104 798 3604
1056 3523 1685 3935
1951 1991 2346 2822
0 3346 1483 4032
145 3403 1483 4032
749 2314 1475 2830
2161 2362 2935 3370
2016 1991 2346 2467
838 2386 1475 2830
1580 3225 2145 4032
1564 3870 1806 4032
16 3862 233 4032
217 3846 451 4032
2378 3814 2846 4032
2774 3749 3024 4032
1854 3709 2040 3959
2507 3677 2741 3878
2830 3669 3024 3830
1443 3612 1685 3935
1983 3572 2403 3999
766 3556 1483 4032
2677 3532 2999 3798
967 3532 1266 3709
1846 3523 2161 3798
1056 3523 1483 3927
1580 3515 2128 4032
2088 3499 2274 3669
1491 3483 1677 3677
2806 3427 3024 3709
991 3419 1209 3588
370 3419 653 3644
2499 3403 2701 3717
145 3403 911 4032
2169 3378 2443 3943
0 3346 403 4032
991 3322 1209 3556
233 3322 483 3604
2572 3306 2765 3515
895 3298 1056 3475
588 3290 782 3459
2362 3257 2556 3459
2136 3233 2491 3556
1766 3225 2145 3580
2846 3217 3024 3556
1628 3209 1967 3419
1266 3209 1653 3741
370 3209 564 3459
1596 3201 1806 3572
193 3193 427 3435
2580 3177 2830 3435
677 3169 1177 3604
838 3161 1016 3322
1895 3144 2072 3322
1604 3120 1814 3298
403 3104 798 3523
2628 3096 2862 3306
2709 3072 2959 3233
596 3056 838 3249
2403 2991 2564 3153
1120 2959 1636 3564
943 2927 1378 3249
1298 2911 1693 3257
2016 2903 2225 3193
2725 2894 3024 3169
0 2886 233 3282
64 2878 653 3257
2169 2822 2370 2991
2653 2814 2943 3007
1725 2814 2024 3338
975 2782 1137 2983
1072 2765 1330 3032
596 2741 975 3241
2822 2725 3007 2943
1814 2717 2072 2951
749 2693 1056 2967
2580 2677 2757 2967
1475 2661 1749 2967
1120 2636 1459 2927
370 2636 862 2951
1878 2628 2338 2999
2596 2612 2894 2870
2298 2596 2628 2959
2161 2588 2806 3370
1459 2572 1653 2846
1403 2556 1580 2741
637 2540 935 2717
2435 2475 2644 2661
2145 2467 2306 2653
838 2467 1330 2830
1459 2435 1693 2596
1951 2411 2257 2822
1846 2411 2104 2588
1096 2386 1475 2653
395 2370 556 2612
2636 2362 2935 2653
2403 2338 2661 2556
1540 2330 2056 3177
1274 2322 1548 2524
516 2322 701 2612
0 2322 637 2975
96 2322 266 2515
749 2314 1217 2588
2241 2257 2419 2419
1233 2233 1516 2395
564 2233 975 2620
2701 2209 2919 2435
1411 2185 1782 2580
1443 2177 1661 2395
2016 2169 2282 2467
2540 2136 2749 2346
1153 2104 1403 2354
862 2088 1088 2378
1927 2080 2120 2395
999 2080 1209 2386
588 2080 774 2274
419 2016 612 2177
2072 1991 2346 2346
677 1991 975 2306
911 1951 1088 2145
0 1951 346 2483
1645 1943 1911 2403
1201 1943 1435 2217
1790 1927 2064 2386
1483 1927 1701 2177
249 1927 798 2467
628 1870 798 2056
1233 1854 1491 2145
427 1838 596 2048
96 1790 419 2225
733 1774 935 1959
1693 1766 2056 2096
2620 1733 3024 2274
790 1733 1330 2153
1322 1701 1725 2024
2661 1685 2870 1951
2515 1685 2717 1959
1620 1685 1790 1903
2104 1645 2274 1959
2443 1620 2644 1790
0 1620 225 2032
314 1564 903 2225
1895 1548 2153 1951
790 1507 1314 1919
572 1475 830 1653
1741 1451 1983 1878
2040 1443 2677 2346
2427 1435 2669 1685
2024 1427 2274 1636
1209 1419 1790 1854
2128 1338 2386 1516
1749 1330 1951 1596
1443 1314 1757 1548
2661 1306 2830 1564
2088 1282 2395 1516
1870 1233 2112 1620
838 1209 1016 1467
1798 1137 1983 1346
2185 1104 2378 1338
2024 1080 2249 1314
2443 1056 2661 1274
0 927 274 1161
161 903 1975 1725
951 903 1169 1064
