0 0 3024 4032
1282 427 1572 677
258 887 483 1112
516 112 693 499
1362 2991 1677 3515
967 1895 2153 2370
967 1895 2153 2330
0 0 516 499
1104 2491 1403 2749
999 104 1306 370
1387 1895 1927 2112
1709 2080 2153 2330
0 1088 3024 4032
0 0 3024 2572
1604 2507 2943 3991
1354 2185 1822 2620
1354 2185 1822 2556
919 1008 1338 1540
0 0 3024 2427
725 0 1411 661
725 0 1411 620
878 258 1411 620
1104 628 1314 975
0 1790 1104 3112
0 3088 1838 4032
967 1895 2056 2217
1419 1088 2822 1854
2104 967 2346 1362
2822 2185 3024 2443
1790 604 2161 887
1685 0 3024 1024
0 1443 3024 4032
2257 1443 2515 1693
0 3104 1838 4032
0 0 419 499
1120 387 1822 1354
1387 387 1790 999
1935 3007 2193 3419
0 3790 572 4032
1491 387 1790 822
1564 387 1790 701
0 0 983 1757
96 1725 346 2104
96 1822 298 2104
1072 1895 2056 2217
878 258 1225 620
2169 2507 2491 3032
661 0 3024 2427
2040 2128 2499 2427
661 0 3024 2201
2733 3604 3024 3830
1282 2475 1838 2935
2669 919 3024 1266
2669 919 3024 1169
2362 0 2782 403
2169 2507 2491 2951
0 2193 330 2386
1596 2435 1766 2620
1604 2709 2943 3991
0 2153 1104 3112
0 2459 403 3112
0 2459 354 3112
177 2459 354 2878
0 0 895 1757
80 1274 354 1596
2040 2128 2395 2427
0 1177 653 1757
0 0 895 1524
491 951 895 1282
0 64 895 1524
0 177 895 1524
2362 0 2782 330
338 782 1217 1378
0 2491 249 3112
0 201 895 1524
1419 1088 2822 1846
1604 2725 2790 3991
854 0 2265 1112
161 1177 653 1588
2459 3265 2790 3467
1604 2725 2693 3991
1604 2725 2564 3991
2056 2475 2362 2830
2056 2475 2362 2653
290 2153 1104 2822
548 3725 741 4032
0 3104 1491 4032
887 0 2265 1112
887 419 1475 1112
887 443 1475 1112
266 0 774 225
499 1790 838 2265
661 620 3024 2201
0 104 419 499
1774 2153 2080 2572
1604 2725 2475 3991
2136 3024 2378 3298
0 1443 2241 3838
0 3015 419 3838
475 201 895 596
580 201 895 532
0 1427 516 1757
1362 2991 1645 3515
1362 1693 3024 4032
0 3104 1056 4032
0 3104 943 4032
854 0 1443 419
854 0 1395 419
854 0 1395 249
2362 0 2685 306
290 2169 1104 2822
290 2314 1104 2822
467 2314 1104 2822
717 2314 1104 2717
741 2370 1104 2717
741 2475 1104 2717
1120 878 1822 1354
1120 919 1612 1354
1120 919 1588 1354
1217 919 1588 1314
2524 2709 2943 3386
1604 2725 2443 3927
0 3193 419 3838
1354 2257 1822 2556
725 620 3024 2201
2080 620 3024 2080
2515 1475 3024 2080
0 524 870 1524
0 2491 185 3112
1362 1854 3024 4032
2548 3693 3024 4032
0 3193 379 3838
2701 2709 2886 3088
725 862 2677 2201
878 3265 1346 3717
0 338 532 1032
322 1693 572 1895
0 338 532 854
338 959 1217 1378
1378 0 2265 878
1370 3588 1838 4032
475 959 1217 1378
475 983 903 1378
0 1443 2241 3628
0 2096 564 2677
620 1790 838 2153
1362 3467 1790 3846
2201 1693 2636 2032
0 338 532 790
40 338 532 693
1653 2725 2443 3927
1411 0 2265 878
1524 3249 1814 3644
887 548 1475 1112
806 959 1217 1241
1548 0 2265 878
2080 620 3024 1701
145 524 870 1346
0 3104 943 4023
1878 0 3024 1024
1903 0 3024 1024
1903 467 2459 838
0 3846 354 4032
822 3483 1491 4032
2257 3330 2564 3838
0 3104 838 3991
1209 2209 1483 2717
1217 2346 1483 2717
878 3354 1346 3717
1903 467 2169 822
40 338 532 612
1354 2257 1822 2548
0 1443 1290 2588
903 2169 1290 2588
903 2169 1241 2524
0 3419 838 3991
0 3419 717 3991
169 3419 717 3959
354 3419 717 3894
354 3419 693 3894
2515 1475 2854 2080
2515 1475 2854 1878
2548 1475 2854 1862
1419 1403 2128 1846
1556 1403 2128 1693
1532 862 2265 1580
1693 1854 3024 4032
1693 2798 3024 4032
2201 1854 3024 3523
725 1048 2677 2201
2088 1870 2677 2201
2088 1870 2491 2193
725 1048 2403 2088
725 1137 2403 2088
725 1137 2241 2088
725 1137 2128 2088
725 1137 1612 1911
2225 1854 3024 2959
2080 620 3024 1507
2257 3330 2548 3733
56 2322 2241 3628
1564 0 2265 878
0 2725 185 3112
1532 1128 1886 1580
991 2661 1532 3048
2048 0 3024 1024
2048 0 2596 330
1580 701 1919 1008
2524 2943 2943 3386
991 2661 1532 2959
991 2661 1282 2959
1693 3056 3024 4032
2290 32 3024 1024
0 1443 1249 2274
0 1604 1249 2274
0 2290 467 2677
1903 1088 2822 1507
1903 1088 2733 1491
2201 620 3024 1507
1080 2322 2241 3499
2354 620 3024 1507
2628 999 3024 1507
169 3652 411 3959
499 1443 911 1717
2225 2007 3024 2959
2290 346 3024 1024
1983 1467 2403 1862
1701 2725 2443 3927
64 2290 467 2596
2733 32 3024 580
2354 620 2854 1112
56 2556 1185 3628
0 1677 1249 2274
2201 903 2636 1193
2201 903 2636 1161
0 1677 822 2274
0 1774 669 2274
0 1830 669 2274
0 1830 524 2274
0 1878 403 2274
145 524 612 1346
725 1137 1612 1838
725 1378 1596 1838
2491 483 3024 1024
2636 3773 3024 4032
927 588 1475 1112
2048 0 2596 249
2282 3056 3024 4032
2282 3306 3024 4032
1032 2217 1290 2588
1370 3588 1653 4032
2628 483 3024 1024
1838 3088 2443 3927
1838 3185 2443 3927
1895 3322 2443 3927
1032 3483 1491 4032
1193 3483 1491 4032
1185 2322 2241 3499
2233 2507 2491 2951
1185 2749 1991 3499
2225 2007 3024 2878
2225 2007 2975 2774
2225 2007 2975 2604
2225 2007 2959 2604
2427 2007 2959 2419
1653 241 2265 878
112 2556 1185 3628
1709 2322 2241 2806
0 1999 403 2274
2524 3306 3024 3798
2201 2556 2798 3523
1693 3669 2346 4032
1693 3669 2201 4032
1693 3669 2112 4032
2628 604 3024 1024
0 3193 379 3741
1709 2338 2145 2806
2669 3306 3024 3798
2201 2556 2798 3330
1056 1137 1612 1524
322 2556 1185 3628
322 2556 1185 3588
1185 2854 1822 3499
2201 2782 2798 3330
1185 2927 1620 3499
322 2556 1153 3241
814 1153 1096 1524
0 3290 379 3741
443 2556 1153 3241
443 2556 1128 3112
427 3862 653 4032
2459 3838 2685 4032
2636 3830 2886 4032
2306 3830 2475 3991
1403 3814 1653 4032
709 3814 943 4023
1749 3806 2112 4032
354 3790 572 4032
2790 3773 3024 4032
1032 3773 1233 4032
1572 3741 1838 4032
346 3741 540 3967
822 3733 1056 4032
2128 3725 2346 4032
548 3725 741 3959
2282 3701 2644 4032
169 3701 330 3959
2548 3693 2798 3878
1951 3685 2201 3862
2846 3669 3024 3830
1693 3669 2080 3935
362 3669 693 3894
830 3661 1048 3919
201 3652 411 3943
0 3652 201 3991
2241 3644 2443 3927
0 3636 193 3838
2354 3612 2564 3838
1193 3612 1491 4032
967 3612 1161 3773
2733 3604 2927 3782
1370 3588 1596 3878
653 3580 838 3838
717 3564 887 3798
2193 3548 2370 3790
1072 3540 1274 3790
459 3515 717 3733
1757 3507 2016 3782
878 3491 1145 3717
0 3491 185 3701
1257 3483 1459 3765
2524 3467 2725 3733
1491 3467 1790 3846
1362 3467 1612 3677
2669 3451 3024 3798
1911 3443 2096 3693
2169 3427 2386 3652
1620 3419 1814 3644
354 3419 564 3701
2411 3411 2693 3612
249 3411 419 3661
0 3370 169 3556
1145 3354 1346 3620
669 3354 1080 3628
2257 3330 2459 3733
1895 3322 2249 3870
2749 3306 3024 3572
443 3306 637 3507
120 3290 379 3741
2459 3265 2628 3459
661 3257 854 3556
1524 3249 1709 3435
766 3249 983 3427
1701 3233 1895 3548
2104 3193 2411 3419
0 3193 290 3419
959 3177 1185 3588
483 3177 725 3427
2354 3136 2612 3523
725 3128 1056 3306
370 3104 548 3435
1886 3088 2088 3322
193 3088 419 3322
56 3080 274 3298
1080 3072 1266 3314
1209 3064 1459 3499
2749 3056 3024 3386
2524 3032 2854 3386
1516 3024 1677 3290
0 3015 169 3225
2024 3007 2193 3370
508 3007 766 3330
1362 2991 1636 3435
1064 2991 1241 3161
725 2975 991 3209
1185 2927 1620 3273
2201 2919 2572 3330
0 2862 177 3112
1927 2854 2265 3096
1564 2854 1822 3072
112 2854 435 3201
1080 2846 1427 3048
628 2822 846 3169
758 2806 1153 3241
2838 2798 3024 3096
2411 2782 2798 3120
1685 2749 1991 2927
1701 2725 2088 3290
0 2725 185 2927
1233 2693 1532 2886
2257 2677 2491 2951
322 2669 620 3241
991 2661 1209 2951
177 2661 354 2878
2612 2653 2878 2959
443 2588 887 3112
2072 2580 2274 2830
2403 2556 2685 2975
733 2556 1128 2919
2233 2507 2475 2741
1782 2499 2145 2806
2201 2491 2362 2653
1104 2491 1403 2741
1362 2475 1838 2935
838 2475 1104 2717
467 2467 806 2822
177 2459 338 2709
2475 2451 2677 2644
2580 2443 2870 2774
1032 2419 1217 2588
290 2411 556 2741
2814 2386 3024 2878
0 2362 225 2677
2644 2346 2975 2596
1217 2346 1387 2628
1709 2338 1911 2757
2225 2322 2564 2604
1911 2322 2241 2677
1636 2314 1822 2475
717 2314 943 2483
64 2306 346 2515
249 2290 467 2596
1354 2257 1733 2548
903 2241 1096 2524
475 2233 838 2564
1112 2217 1290 2524
1209 2209 1475 2459
2854 2201 3024 2443
120 2193 330 2378
1467 2185 1782 2403
2040 2169 2241 2419
1749 2169 1935 2370
387 2169 661 2427
1830 2153 2080 2467
1709 2153 1903 2330
806 2153 967 2330
2185 2128 2395 2427
266 2096 564 2354
1862 2080 2153 2274
2427 2056 2959 2419
2088 2024 2306 2193
0 2024 249 2274
2862 2016 3024 2201
2733 2007 2943 2177
72 1999 403 2241
314 1959 508 2128
620 1943 838 2153
2427 1903 2677 2201
1209 1895 2056 2217
1072 1895 1749 2161
967 1895 1161 2193
395 1895 669 2112
193 1878 379 2080
2161 1870 2491 2112
2499 1854 2661 2096
322 1830 524 1999
0 1830 177 2096
2612 1806 2838 2080
1443 1790 2128 2088
2822 1774 3024 2080
169 1725 346 1903
2806 1717 3024 1983
701 1717 1249 2201
1903 1709 2241 1927
2411 1693 2636 2007
2201 1693 2515 2032
370 1693 572 1870
2653 1685 2854 1862
1201 1661 1451 1911
1419 1645 1814 1846
2515 1636 2709 1878
2685 1620 3024 1935
0 1604 419 1886
2145 1588 2403 1862
806 1556 1128 1822
1693 1540 2080 1846
1354 1524 1628 1741
2403 1507 2636 1757
0 1491 249 1757
2548 1475 2822 1725
1556 1475 1862 1693
2782 1467 2951 1766
1983 1467 2282 1782
2314 1443 2515 1628
499 1443 911 1653
153 1427 516 1661
1822 1403 2128 1645
161 1403 427 1588
2483 1395 2653 1580
725 1378 1403 1838
2120 1354 2378 1596
1532 1330 1846 1580
2241 1322 2475 1507
2548 1306 2854 1564
661 1282 838 1491
88 1274 354 1532
451 1266 653 1588
1507 1233 1693 1419
1056 1233 1314 1483
2806 1225 3024 1507
2459 1209 2822 1507
1790 1201 2048 1411
161 1177 532 1564
185 1177 346 1354
919 1169 1096 1475
475 1161 854 1378
1903 1153 2298 1491
919 1153 1217 1540
814 1153 1008 1524
1282 1137 1612 1524
1685 1128 1886 1435
2233 1088 2733 1419
1491 1048 1798 1354
1217 1040 1403 1314
1169 1008 1338 1217
2628 999 2943 1387
0 999 249 1524
1749 991 1943 1153
741 983 903 1225
2249 967 2443 1193
2104 967 2306 1225
959 959 1217 1185
806 959 1209 1241
645 951 895 1257
145 927 443 1346
2669 919 3024 1104
1370 919 1588 1185
2435 911 2636 1161
2201 903 2475 1137
1556 878 1822 1096
1798 862 2265 1274
338 862 749 1096
1798 830 2112 1032
2475 806 2854 1112
846 782 1008 1008
0 782 249 1032
2080 774 2378 943
1580 766 1782 1008
1120 749 1314 975
2717 709 3024 1024
927 709 1233 1032
2491 701 2725 878
1387 645 1612 999
725 628 895 838
2354 620 2556 895
2628 604 2870 862
1790 604 2040 774
1491 604 1741 822
2798 596 3024 758
1128 588 1475 1112
2072 556 2459 838
887 548 1193 903
1564 540 1749 701
298 524 870 975
153 524 612 967
0 499 185 790
838 491 1032 661
2669 483 2927 693
1903 467 2169 693
1653 451 1967 878
1128 443 1338 637
2169 427 2386 612
1427 419 1620 645
951 395 1225 620
1596 387 1790 588
798 370 983 548
2290 346 2693 645
241 338 532 580
580 322 862 532
2088 298 2411 516
2556 290 2862 499
1120 274 1411 451
878 258 1080 475
1862 241 2265 588
2338 225 2524 427
975 217 1169 419
1685 201 1927 435
1378 201 1661 532
645 201 895 419
306 177 588 451
104 161 419 499
887 153 1048 346
2765 145 3024 580
1878 129 2104 443
2362 120 2661 306
1459 120 1636 338
2056 112 2233 290
2580 104 2782 330
1282 104 1443 395
999 104 1274 370
0 104 209 411
403 72 596 241
653 64 854 249
2201 48 2596 249
2733 32 2919 306
2782 0 3024 193
2411 0 2685 177
2048 0 2467 233
1927 0 2112 241
1685 0 2007 306
1564 0 1798 524
1346 0 1580 201
1048 0 1395 217
854 0 1145 249
725 0 911 322
395 0 774 169
266 0 491 225
145 0 379 225
72 0 274 169
0 0 3024 2822
0 1854 3024 4032
0 2056 3024 4032
0 0 1612 2822
838 0 3024 2596
854 0 3024 2467
2257 1395 2653 1757
2403 1395 2653 1757
1975 3814 2177 4032
499 2080 830 2265
0 2491 1693 4032
991 2056 3024 4032
0 2491 1653 4032
838 1895 2056 2596
2459 3693 2798 4032
838 2128 1298 2596
854 0 3024 1185
967 806 3024 2467
967 1886 1927 2193
1822 3419 2136 3725
1822 3419 2096 3693
1895 3419 2096 3693
2798 491 3024 758
1298 806 3024 2467
0 354 241 516
2064 427 2386 741
2274 2056 2499 2403
1354 1524 1814 1878
249 3104 564 3701
249 3225 419 3661
0 2491 249 2878
1104 524 1516 782
1338 2395 1564 2717
1362 2395 1564 2556
967 1895 1822 2193
0 2556 1653 4032
427 3725 830 4032
1548 1040 2128 1645
991 2056 3024 3386
1354 1524 1814 1854
1362 2475 3024 4032
0 0 1225 1757
0 1403 556 1757
0 0 1225 1653
870 395 1225 903
1604 2854 2265 3548
0 1427 556 1757
1193 524 1516 782
870 548 1193 903
2169 3427 2386 3790
1604 3056 1975 3548
838 2169 1241 2596
0 0 1048 1653
266 0 596 451
266 0 588 451
266 0 516 282
1282 0 1636 427
1282 104 1636 427
0 0 274 169
427 3862 830 4032
427 3862 741 4032
1927 2854 2265 3419
2515 1467 3024 2201
2056 2475 2491 3419
2056 2475 2274 2830
2524 2346 2975 2596
1653 3056 1975 3548
0 2556 1620 4032
717 3354 1346 3943
1362 2749 3024 4032
2411 3362 2790 3685
1419 1645 1814 1854
2515 1467 3024 2177
2685 1467 3024 2177
2685 1620 3024 2177
1701 3161 1975 3548
1193 524 1516 709
338 983 911 1653
338 1040 911 1653
338 1040 854 1491
2338 0 2862 499
2362 0 2862 499
0 0 1048 1588
725 491 1032 1008
822 491 1032 1008
2104 2507 2491 3419
2136 2507 2491 3298
2177 2507 2491 3032
88 1177 653 1588
88 1177 588 1564
2556 225 2862 499
1362 2749 1991 3846
1362 2749 1991 3515
0 3636 411 4032
0 3652 411 4032
0 3701 411 4032
0 3846 411 4032
1516 2749 1991 3435
1516 2749 1991 3290
2177 2814 2403 3032
822 491 1032 814
1370 701 1943 1185
991 2491 1532 3161
991 2491 1532 3048
991 2644 1532 3048
0 0 1048 1524
1282 104 1475 427
2411 3362 2790 3612
645 0 1048 548
645 0 1048 419
645 64 895 419
854 0 3024 1112
2354 620 2725 1056
0 709 1612 2822
2120 1354 2515 1628
1548 1040 1886 1435
0 2991 338 3298
0 2096 1290 2822
0 2096 1104 2822
2733 1717 3024 2177
2733 1774 3024 2177
1790 1201 2128 1645
1572 2886 3024 4032
2145 3136 2628 3733
2145 3136 2612 3733
2145 3265 2459 3733
1443 1790 2306 2467
2088 1846 2306 2193
1443 1790 2153 2467
1830 2080 2153 2467
1346 0 1596 201
878 3354 1346 3943
717 2153 967 2483
0 0 895 1282
1298 806 3024 2201
161 1177 588 1564
2354 620 2556 1056
1072 3354 1346 3943
854 0 1790 637
1209 2056 3024 3386
1370 878 1943 1185
1370 878 1822 1185
129 2169 1104 2822
177 2169 1104 2822
1209 2185 1822 2628
1209 2185 1822 2548
725 0 1048 346
1298 1048 2080 1846
975 0 1790 637
975 0 1395 419
999 0 1395 370
0 709 1612 2274
0 1604 838 2274
0 1604 669 2274
1370 3588 1636 3894
1798 806 3024 2201
0 0 870 1096
395 0 862 596
338 1040 854 1378
338 1040 685 1249
1927 2854 2265 3370
1128 0 3024 1112
1903 451 2459 838
1903 451 2282 822
1701 3185 1975 3548
1903 451 2282 693
1572 3507 2346 4032
354 3104 564 3701
1298 1233 2080 1846
0 3015 274 3298
1120 201 1790 637
1120 201 1661 637
2548 1225 3024 1862
2548 1225 3024 1725
2548 1306 2854 1725
1128 0 2596 1112
1128 419 1620 1112
1798 806 2943 2201
0 927 443 1524
1895 2886 3024 4032
2524 2886 3024 4032
2524 3451 3024 4032
2524 3451 3024 3822
2524 3467 2894 3822
201 2927 1620 4032
201 3257 1056 4032
1072 1895 1822 2161
2161 1693 2838 2201
2411 1693 2838 2201
1128 588 1612 1112
443 3257 854 3580
443 3306 709 3580
0 2556 1153 3741
2806 1225 3024 1701
1564 2749 1991 3072
508 709 1612 2201
2104 967 2443 1225
1572 3507 2201 4032
2524 2886 3024 3572
1209 2185 1782 2548
1209 2209 1733 2548
0 1604 419 2274
1298 1330 2080 1846
1298 1330 1862 1693
1564 0 2596 1032
1564 0 2378 1032
1564 0 2161 1032
1790 604 2161 1032
1798 733 2161 1032
201 3515 1056 4032
822 3661 1056 4032
1693 3507 2201 3935
1693 3507 2080 3935
201 3515 838 3967
201 3515 717 3967
201 3652 693 3967
201 3652 540 3967
290 2411 1104 2822
2524 2943 3024 3572
483 2975 991 3427
1362 2056 3024 3386
2201 2056 3024 3386
2612 2201 3024 3386
2749 2798 3024 3386
2201 2056 2959 3330
0 2306 346 2677
1685 0 2596 588
322 1830 669 2112
2411 1693 2838 2080
1895 3322 2644 4032
2241 3612 2644 4032
1298 1330 1846 1628
927 709 1314 1185
2290 0 3024 1024
2290 0 3024 693
2290 346 2927 693
1362 2128 2395 3322
395 0 862 532
2612 2201 3024 2959
1798 806 2943 2032
1903 1088 2822 2032
2282 3612 2644 4032
1685 0 2467 588
508 959 1612 2201
927 709 1233 1185
1072 3354 1346 3790
0 0 870 1032
0 0 532 580
112 2556 1153 3306
508 2975 991 3330
2814 2201 3024 2878
2733 0 3024 580
991 2661 1427 3048
0 1604 419 2096
1120 274 1411 637
508 959 1451 2201
508 1040 1451 2201
1056 1040 1403 1483
669 2927 1620 4032
1032 3467 1612 4032
290 2411 806 2822
0 3088 419 3741
1798 806 2943 1387
669 2927 1620 3628
1564 0 1967 1008
508 1378 1451 2201
1903 1088 2733 2032
1903 1467 2515 2032
1362 2322 2241 3322
1701 2725 2088 3322
0 499 870 1032
508 1378 1403 2201
806 959 1209 1524
0 524 870 1032
669 3064 1459 3628
669 3072 1266 3628
669 3177 1185 3628
1685 0 2265 588
1862 129 2265 588
112 2556 1153 3241
2733 0 3024 306
1362 2322 2241 2935
1362 2338 1911 2935
508 1572 838 1830
1798 806 2854 1274
2435 806 2854 1161
395 0 774 403
1903 1693 2515 2032
701 1378 1403 2201
153 524 870 975
1798 862 2475 1274
1032 3612 1491 4032
1564 0 1967 878
1782 2322 2241 2806
2225 2056 2959 2604
2088 2338 2354 2515
2088 2338 2322 2515
2104 306 2419 508
2798 1370 3024 1620
967 1862 2128 2475
967 1862 2056 2475
967 1862 2056 2314
1427 604 1725 830
2451 2265 2685 2556
1177 427 1499 677
1822 846 2265 1072
0 0 588 1395
0 0 588 1274
0 0 548 1274
2475 1306 2757 1628
524 266 878 532
580 266 878 532
1112 2475 1838 3056
1241 2475 1838 3056
1927 862 2265 1072
2475 1338 2677 1628
2169 1088 2378 1354
0 1217 556 1757
0 1217 354 1596
1241 2475 1838 3015
40 3024 1838 4032
161 0 3024 2548
161 0 3024 2427
1241 2475 1838 2943
1427 2475 1838 2927
1757 3515 2056 3862
1411 1088 3024 4032
0 1483 2507 4032
806 80 1048 491
1419 1378 1822 1725
1346 0 3024 991
967 1862 2056 2225
1072 1862 2056 2225
161 540 806 1564
258 0 3024 2427
1596 2451 2701 4032
1491 2185 1895 2475
338 491 1822 1524
2515 2886 2919 3386
2515 2886 2919 3322
2112 1370 3024 4032
2112 1548 3024 4032
2862 1620 3024 2120
1411 1088 2822 1870
0 2088 1104 3112
2515 1354 2894 2080
2515 1491 2894 2080
2515 1540 2894 2080
1346 0 1766 201
1346 0 1741 201
2378 0 2749 306
322 1693 572 1911
1685 0 3024 991
1782 2161 2072 2548
1822 2161 2072 2467
2032 72 2249 483
338 749 1822 1524
338 749 1427 1524
1362 2991 1636 3515
0 3628 572 4032
0 3628 411 4032
814 919 1427 1524
2265 620 2677 951
2370 620 2677 951
338 749 1217 1387
1524 2870 1959 3644
1524 2870 1846 3644
2790 1483 3024 1766
0 2193 612 3112
153 2661 612 3024
314 2677 612 2870
2112 1693 3024 4032
0 1266 354 1596
725 2862 967 3209
40 3104 1838 4032
2145 3032 2411 3370
387 540 806 1096
1596 2451 2588 3991
0 2193 330 3112
387 2088 1104 2822
1685 0 2016 580
0 2241 322 3112
0 2322 322 3112
1830 0 3024 991
1903 0 3024 991
1596 2451 2588 3572
40 3144 1838 4032
693 3144 895 3435
1032 919 1427 1370
2032 72 2233 483
2314 1370 2564 1693
