0 0 1824 4000
264 0 960 288
592 0 1824 984
1552 344 1824 1000
120 888 848 1136
256 0 544 168
1320 0 1536 264
0 832 1824 4000
0 0 1824 1248
944 1688 1264 1904
0 264 1824 1248
416 264 1152 904
0 472 1824 1248
0 560 1296 1144
0 560 1264 1144
0 560 888 1024
0 560 600 1000
0 560 584 1000
736 976 1264 1144
0 560 456 1000
144 2160 1672 4000
416 272 856 656
0 656 456 1000
1280 3408 1824 4000
920 472 1824 1248
0 832 1824 2176
0 984 1824 2176
1192 3200 1608 3528
1240 1040 1696 1328
1344 2168 1824 2576
0 1776 1008 4000
0 3704 472 4000
1440 472 1824 1248
1040 2272 1672 3080
440 1216 1824 1640
440 1216 1736 1600
864 1952 1824 4000
864 2040 1368 3072
1104 2272 1672 3080
1200 2584 1544 2952
984 1952 1824 4000
0 1040 1824 2176
376 1360 688 1808
0 1840 1008 4000
440 1216 1616 1592
440 1216 1584 1584
176 1040 1240 1456
240 1040 1240 1456
560 1096 1240 1456
440 1216 1440 1568
144 2160 1272 4000
224 3728 576 4000
1408 2000 1824 2480
0 1184 1824 2176
1360 3648 1784 4000
984 2024 1824 4000
984 2872 1824 4000
160 2584 568 2816
440 1216 1160 1520
440 1216 1104 1520
440 1216 984 1504
560 1288 984 1504
144 2160 1168 4000
184 2864 800 3472
1344 2168 1696 2552
864 2040 1368 2664
536 2912 992 3448
1472 2000 1824 2480
624 2912 992 3344
488 1184 1824 2176
1216 2272 1672 3080
1216 2272 1672 2904
1216 2520 1672 2904
144 3584 648 4000
1152 2024 1824 3232
0 2456 1008 4000
184 2896 768 3472
1280 3544 1824 4000
0 2456 368 3104
288 2160 1168 3832
288 2160 1168 3752
288 2792 1168 3752
288 3008 1168 3752
288 3296 1168 3752
0 3072 1008 4000
0 1840 992 2704
64 3072 1008 4000
64 3312 480 3760
288 3344 896 3752
0 1776 352 2096
560 1096 1104 1456
504 3344 896 3584
352 2160 1128 2832
312 3072 1008 4000
144 3584 632 4000
864 2616 1152 3072
352 2288 1128 2832
536 2312 1128 2832
744 3296 1168 3744
184 2896 688 3472
184 2896 688 3360
984 2944 1824 4000
1384 3544 1824 4000
1016 3024 1824 4000
1448 1216 1824 1512
864 2040 1144 2480
176 1080 576 1432
696 2912 992 3344
1016 3280 1824 4000
488 1448 1824 2176
0 1856 992 2704
536 2448 1128 2832
1616 1216 1824 1512
1520 2064 1824 2480
408 1856 992 2704
480 2080 992 2704
464 3424 1008 4000
1152 2024 1824 2880
1016 3312 1584 4000
960 1496 1824 2176
960 1512 1560 2096
0 2136 600 2640
984 2944 1472 3424
1280 2224 1824 2880
1016 3728 1360 4000
224 3728 544 4000
1360 3712 1784 4000
136 3704 472 3904
544 3696 776 4000
608 3656 1008 4000
1496 3648 1752 3856
896 3648 1272 4000
144 3600 472 3800
1384 3584 1648 3760
208 3584 632 3920
1624 3544 1824 4000
832 3520 1080 3832
0 3520 168 3824
288 3472 520 3752
464 3424 888 3864
1520 3408 1680 3632
64 3408 264 3760
1072 3400 1248 3744
0 3384 232 3696
504 3368 672 3528
760 3352 920 3536
664 3344 896 3584
1112 3312 1584 3800
208 3312 480 3632
864 3296 1168 3744
744 3296 1080 3552
288 3288 448 3472
0 3288 208 3488
1528 3280 1824 3608
1192 3200 1512 3400
1640 3152 1824 3384
536 3112 776 3448
0 3080 312 3408
312 3072 656 3480
1448 3024 1728 3320
912 3008 1088 3360
184 3000 432 3360
696 2992 992 3344
1144 2952 1472 3328
984 2944 1360 3424
1616 2928 1776 3240
624 2928 832 3184
760 2912 944 3112
408 2896 688 3176
1384 2872 1656 3232
1040 2832 1232 3056
1216 2800 1568 3080
752 2792 984 3032
232 2792 440 3128
1544 2776 1824 3232
0 2776 312 3104
240 2720 472 2944
1104 2696 1312 2928
1456 2632 1672 2904
160 2616 448 2816
416 2584 808 3016
720 2568 1128 2832
1488 2504 1824 2880
0 2456 368 2888
536 2448 776 2680
664 2384 992 2704
592 2384 904 2544
960 2320 1128 2480
232 2320 576 2640
856 2312 1056 2688
128 2304 424 2520
1016 2296 1368 2664
352 2288 616 2464
0 2288 208 2544
1504 2280 1696 2552
1232 2272 1464 2568
1280 2224 1600 2584
1520 2200 1824 2480
1344 2168 1568 2368
744 2160 960 2416
0 2136 600 2432
480 2080 856 2544
1576 2064 1824 2272
1408 2048 1624 2256
864 2040 1144 2424
440 2040 672 2208
1152 2024 1464 2288
0 2024 232 2208
1472 2000 1720 2192
1032 1992 1216 2232
648 1896 856 2128
304 1896 480 2176
408 1856 712 2112
0 1848 352 2096
1160 1832 1560 2096
688 1792 1208 2192
1072 1744 1264 1904
944 1688 1104 1856
0 1664 600 1912
432 1616 648 1808
960 1512 1464 1960
1360 1496 1824 2176
1008 1448 1312 1624
488 1448 1048 1960
1424 1424 1584 1584
376 1360 688 1632
0 1360 472 1752
1616 1344 1824 1512
864 1336 1104 1520
664 1312 984 1504
1448 1232 1720 1504
440 1216 600 1464
0 1208 448 1432
1088 1184 1520 1536
1024 1168 1240 1360
792 1128 1104 1456
408 1128 576 1432
560 1096 896 1456
176 1080 520 1360
1240 1040 1568 1232
240 1040 784 1288
0 1024 200 1328
0 984 288 1216
736 976 1160 1144
1496 888 1760 1248
120 888 848 1088
856 784 1272 960
0 776 456 1000
952 760 1584 1176
304 728 600 912
0 656 264 904
0 560 360 784
1440 472 1824 1176
1592 376 1824 656
1552 344 1784 1000
416 288 856 656
0 280 832 840
648 272 848 544
0 272 832 552
568 264 1152 904
1344 0 1520 240
264 0 864 240
232 0 872 264
0 0 824 536
0 0 1824 1328
0 984 1824 4000
0 272 848 912
0 280 832 912
0 984 1824 2688
856 784 1272 1016
0 1848 1824 4000
144 728 600 912
352 2288 616 2552
0 0 1824 1176
504 3112 776 3528
1296 344 1824 1328
544 856 896 1024
1296 376 1824 1328
592 1688 1208 2688
0 984 1824 2480
0 3288 232 3696
160 2584 568 3048
592 1792 1208 2688
592 2160 1056 2688
1440 376 1824 1248
0 0 1584 1176
160 2584 568 2944
696 2168 1824 4000
0 656 1584 1176
0 1848 1672 4000
0 1848 1672 3128
0 0 1152 904
0 2792 1272 4000
0 2288 424 2544
96 2040 672 2240
96 2048 520 2240
224 2080 520 2240
0 656 1416 1144
0 0 872 536
472 3696 776 4000
440 1168 1824 1640
696 2224 1824 4000
960 1040 1824 2480
1032 1992 1672 3080
1104 2208 1672 3080
744 2160 1056 2688
0 984 1312 2176
0 3768 160 4000
1424 1424 1824 1640
0 3072 1272 4000
664 3344 1272 4000
1104 2608 1312 2928
0 984 1104 2176
664 3344 1248 3832
184 2792 1088 3472
184 2792 984 3472
144 3472 648 4000
1280 2224 1824 3608
0 656 1160 1144
656 2792 984 3032
1216 2520 1672 3080
664 3344 1080 3832
1016 1264 1440 1568
0 3520 472 3824
0 1848 1368 3128
416 2040 1368 3072
416 2384 1128 3016
536 2384 1128 2832
1216 2632 1672 3080
1480 1440 1824 1640
696 2944 1584 4000
696 2992 1080 3552
1408 2048 1824 2480
0 984 1104 1456
176 1040 1104 1456
240 1040 1104 1456
0 1360 1048 2176
960 1040 1824 2288
1088 1040 1824 1536
0 1848 856 3128
0 1848 352 2208
864 2944 1584 4000
440 1216 680 1472
1088 1184 1824 1536
960 1496 1824 2288
984 2944 1584 4000
120 888 1160 1144
864 2296 1368 3072
208 3584 648 3992
0 1360 1048 1960
1080 1832 1720 2288
1160 1832 1720 2192
0 3080 320 3408
0 2080 856 3128
0 2456 440 3128
1528 3152 1824 3608
1280 2224 1824 3232
1080 1952 1464 2288
0 1360 600 1912
0 2080 856 2640
432 1448 1048 1960
1384 2776 1824 3232
984 2944 1584 3800
1088 1184 1720 1536
0 0 936 672
0 0 936 664
0 320 1824 4000
232 0 848 264
0 320 1824 1248
408 368 792 672
736 1744 1264 2176
0 344 1824 1248
104 624 1480 1104
104 688 1272 1064
104 688 904 1024
104 688 568 976
560 784 1272 1064
1240 1040 1616 1328
144 2160 1824 4000
1008 2224 1824 4000
0 568 1400 1184
0 768 1400 1184
96 848 1400 1184
0 2792 208 3096
0 768 376 1016
1664 832 1824 1272
600 1096 1824 1640
0 992 1824 4000
984 3248 1200 3576
208 2864 800 3472
1392 344 1824 1248
0 1024 1824 4000
232 3264 936 4000
280 3264 936 4000
280 3264 656 3864
0 1024 1824 3072
0 1784 992 4000
1032 2176 1824 3072
664 1264 1824 1640
0 1024 1824 2168
440 1088 872 1568
864 2000 1824 3072
864 2024 1824 3072
0 1216 448 1432
1088 2176 1824 3064
1216 2176 1824 3064
1008 2832 1784 4000
1376 2832 1776 3320
0 1024 1824 2096
0 2456 984 4000
544 3760 936 4000
0 992 696 1216
0 1784 992 2768
0 2584 984 4000
0 2584 808 4000
0 3584 472 4000
0 1784 992 2704
1472 2000 1824 2448
664 1264 1440 1568
0 1184 1824 2096
1280 2224 1824 3216
864 2024 1544 3072
0 1024 568 1432
1216 2176 1824 2904
1216 2176 1824 2648
1232 2176 1824 2576
1264 2176 1824 2576
1376 2048 1824 2480
288 2160 1272 4000
288 2792 1272 4000
392 1184 1824 2096
664 1264 1312 1568
288 3008 1272 4000
288 3008 1112 3848
288 3008 1112 3672
288 3296 1088 3672
288 3344 848 3672
352 2160 1088 2888
352 2288 1088 2888
1008 2952 1784 4000
144 3560 608 4000
504 3344 848 3584
208 2896 768 3472
136 2304 488 2768
560 1088 872 1464
528 2448 1088 2888
0 1024 520 1432
600 1096 1240 1432
0 3584 472 3848
864 2024 1544 2952
1016 2208 1544 2952
208 2896 712 3472
392 1184 1824 2072
0 2584 808 3800
24 2080 992 2704
24 2080 856 2544
0 2584 808 3408
104 2584 808 3152
864 2024 1464 2440
64 3376 472 3800
1008 2952 1616 3792
1280 2224 1824 2824
544 3824 792 4000
0 3824 208 4000
704 3760 936 4000
232 3728 576 4000
1016 3688 1352 4000
1280 3672 1448 4000
152 3648 472 3848
896 3624 1272 4000
1360 3584 1784 4000
0 3584 176 3824
208 3560 608 3920
1632 3552 1824 4000
832 3520 1072 3848
496 3472 656 3864
288 3472 520 3672
1528 3464 1824 3632
840 3440 1248 3744
536 3424 912 3936
64 3416 472 3800
1008 3376 1200 3576
104 3376 400 3568
504 3368 672 3536
664 3344 848 3584
1104 3312 1616 3792
744 3296 1088 3552
0 3288 200 3488
280 3264 536 3544
984 3248 1168 3424
520 3168 776 3480
1528 3152 1824 3568
304 3080 656 3480
912 3008 1112 3360
0 2992 320 3408
664 2960 984 3344
1008 2952 1512 3392
32 2920 208 3096
624 2912 904 3112
208 2896 712 3352
1032 2832 1296 3072
1216 2800 1568 3064
784 2792 984 3032
1616 2744 1824 3216
1088 2744 1312 2936
104 2720 456 3152
160 2616 528 2816
408 2584 808 3016
1488 2576 1696 2880
1208 2568 1544 2952
720 2536 1088 2888
176 2488 488 2768
0 2456 272 2888
528 2448 768 2680
1472 2432 1824 2824
8 2400 208 2568
664 2392 992 2704
592 2328 960 2544
232 2320 592 2624
136 2304 424 2520
0 2296 200 2552
1504 2280 1824 2576
960 2248 1200 2480
1280 2224 1592 2568
1016 2208 1368 2704
1504 2192 1824 2480
392 2192 608 2360
1264 2176 1568 2368
736 2160 960 2416
1584 2136 1824 2448
440 2112 856 2544
24 2080 480 2440
1376 2048 1624 2256
0 2048 248 2320
864 2040 1208 2440
1152 2024 1464 2272
616 2016 784 2232
1472 2000 1712 2192
1032 1992 1216 2168
408 1960 672 2200
416 1936 704 2112
584 1888 896 2128
296 1816 624 1976
736 1800 1176 2176
0 1784 528 2216
880 1744 1264 2152
392 1456 1824 2072
1424 1424 1736 1600
0 1360 600 1880
664 1312 1104 1520
1008 1264 1312 1568
168 1264 448 1432
1520 1256 1720 1432
1496 1216 1824 1512
912 1216 1184 1456
0 1216 320 1400
1088 1184 1528 1528
784 1136 1240 1432
560 1128 872 1464
600 1096 936 1296
176 1088 520 1432
136 1072 304 1232
208 1032 696 1216
0 992 240 1216
1488 904 1760 1248
880 904 1256 1064
672 896 1400 1184
96 848 848 1088
560 784 1272 1000
816 776 1272 936
104 776 568 976
0 768 288 1016
136 688 568 888
576 624 1480 1104
0 568 256 896
1592 376 1824 824
1392 344 1824 1224
1552 320 1776 1000
0 280 840 896
1336 0 1536 256
576 0 936 664
256 0 864 240
0 0 856 552
0 1744 1824 4000
0 0 1824 2232
0 1832 1824 4000
0 0 1480 1184
408 0 936 672
0 280 1480 1184
0 568 1480 1184
1528 3464 1824 4000
0 992 1824 2232
8 2160 1824 3544
592 0 1824 1272
8 2160 1824 3472
8 2248 488 2768
8 2304 488 2768
280 3168 776 3544
1240 344 1824 1272
160 2160 1824 3472
536 1832 1824 4000
0 2048 1272 4000
0 2048 1008 4000
984 3248 1280 3648
704 3624 1272 4000
1240 344 1824 1248
288 3344 920 3672
296 1800 1176 2232
296 1816 784 2232
864 1832 1824 3072
1584 2928 1776 3240
160 2160 1088 3472
160 2584 584 2816
296 1816 672 2200
536 2224 1824 4000
0 3520 472 3848
208 2160 1088 3472
912 2176 1824 3360
560 624 1480 1104
736 2160 1056 2600
0 992 1824 2216
0 568 848 1088
0 992 1240 2216
0 992 1240 1568
440 1216 1104 1568
440 1312 1104 1568
208 2448 1088 3472
0 1024 600 2216
1232 2176 1568 2568
0 3376 1008 4000
544 3824 1008 4000
912 2800 1568 3360
1032 2800 1568 3072
0 3376 648 4000
392 1184 1824 2128
416 1888 952 2128
0 992 1240 1464
560 1088 1240 1464
1152 1424 1824 1640
528 2448 1088 3032
64 3376 648 4000
64 3416 648 4000
536 2832 1824 4000
536 3424 1352 4000
144 3560 648 4000
96 776 848 1088
536 3424 1072 3936
584 1888 952 2128
0 2048 992 3480
912 1184 1824 1568
624 2832 1824 4000
624 2912 1248 3744
624 2912 1088 3552
0 2048 992 2704
0 2048 248 2552
864 1968 1544 3072
1160 1832 1824 2448
1160 1832 1712 2192
208 3560 648 3992
0 2456 808 3480
912 1184 1824 1528
624 2912 984 3344
864 2040 1544 3072
1008 2832 1824 4000
864 2208 1544 3072
1008 2832 1824 3792
1096 1968 1464 2272
104 2584 808 3480
0 1360 600 2216
24 2080 856 2624
24 2080 592 2624
1088 1184 1824 1528
1376 2832 1824 3568
1080 0 1520 784
1080 224 1480 784
256 352 576 624
1288 336 1824 1232
0 0 1096 544
704 1792 1200 2176
1472 336 1824 1232
1480 336 1824 1056
0 0 1824 1232
0 248 472 584
0 648 1824 4000
0 0 1824 1184
408 360 912 664
256 528 1024 960
0 0 864 544
1080 224 1480 576
0 0 704 400
776 0 1824 992
864 0 1416 576
456 3192 1056 3880
0 448 1408 1184
0 448 1408 1104
72 448 1408 1104
1472 904 1728 1232
72 448 592 864
112 768 1408 1104
936 1368 1424 1688
992 1368 1424 1688
0 784 1400 1184
696 1016 1400 1184
776 0 1824 856
0 1280 416 1544
792 1792 1200 2176
248 0 864 544
248 0 864 264
0 1928 336 2832
0 1928 336 2600
0 3792 504 4000
128 3792 504 4000
456 3192 1008 3880
456 3192 864 3528
256 528 808 752
640 456 912 664
864 0 1312 576
936 0 1312 352
72 2080 480 2416
1216 0 1416 272
1096 2424 1672 3464
872 1928 1440 2320
872 1928 1440 2256
1096 2424 1672 3024
1216 2424 1672 3024
1216 2424 1672 2944
496 1368 896 1728
512 1456 896 1728
0 648 1824 1320
0 984 1472 1288
72 2112 480 2416
72 2112 384 2320
1400 648 1824 1320
1600 648 1824 1320
240 2320 592 2632
0 128 704 400
0 2048 336 2600
520 3424 920 3960
520 3424 864 3960
1024 1616 1824 4000
1456 1616 1824 2656
776 0 1776 856
776 168 1664 856
1008 2944 1464 3392
0 1024 1824 2000
0 1024 1824 1632
672 2248 1344 3040
824 2248 1344 3040
824 2464 1208 3040
0 1024 1824 1584
1088 1928 1440 2256
728 1544 1528 2000
64 3408 464 3816
144 3464 464 3816
1456 1616 1824 2464
1456 2024 1824 2464
0 1408 1728 4000
304 2336 592 2632
0 1664 304 1896
968 3312 1312 3808
968 3448 1272 3808
1024 2504 1824 4000
728 1544 1432 2000
728 1544 1272 1928
112 800 1408 1104
672 2336 992 2680
984 2248 1344 2664
1008 2944 1464 3376
664 1296 1048 1504
224 3464 464 3760
0 1024 1576 1464
0 1408 1056 2472
0 1408 1056 2424
280 2000 864 2424
408 2000 864 2240
1128 2504 1824 4000
1128 3312 1824 4000
0 1408 1056 2128
1520 2032 1824 2464
1560 2176 1824 2464
72 1464 1056 2128
1128 3312 1584 3616
0 1024 1352 1464
984 2248 1344 2656
1520 2032 1824 2240
416 2632 664 2976
1216 2584 1536 2936
1560 2192 1824 2464
0 1600 1728 4000
712 1600 1728 2576
72 1488 1056 2128
984 2288 1344 2656
1504 2504 1824 3576
0 2360 1200 4000
1224 3432 1824 4000
1224 3432 1656 4000
624 2928 976 3336
632 2928 976 3336
72 1488 856 2128
72 1688 856 2128
72 1760 800 2128
72 1760 472 2128
304 3088 696 3464
520 3424 864 3760
0 984 1120 1288
0 3288 472 3896
0 3664 472 3896
952 1600 1728 2576
1352 1600 1656 1984
304 3088 696 3376
1504 2504 1824 3432
1536 3160 1824 3432
0 2360 1200 3456
528 2168 856 2472
1296 2224 1592 2552
504 2592 808 2968
936 0 1312 272
96 2720 464 3128
1360 1280 1824 1584
1128 2944 1464 3376
0 3088 304 3408
0 2360 896 3456
520 1096 1120 1288
0 1024 1128 1448
352 1168 1128 1448
952 1952 1728 2576
0 2360 896 3280
192 2736 896 3280
0 984 704 1152
824 2632 1208 3040
864 248 1160 576
776 392 1664 856
632 2928 960 3296
1024 3720 1352 4000
952 1952 1728 2456
1192 1952 1728 2456
0 1024 464 1424
1504 2504 1824 3168
1376 2888 1736 3288
0 2360 776 2904
776 392 1624 856
1080 392 1624 856
776 504 1168 784
128 3816 288 4000
240 3792 504 4000
672 3760 1056 4000
1592 3728 1808 4000
1024 3720 1304 3912
664 3712 840 3960
168 3696 472 3896
1224 3672 1504 4000
0 3664 176 3888
1360 3648 1712 4000
144 3624 336 3816
976 3608 1272 3808
280 3536 464 3760
520 3528 696 3728
1624 3512 1824 4000
1216 3448 1472 3728
968 3448 1224 3720
1376 3432 1656 3720
768 3424 1008 3880
544 3424 864 3760
368 3416 696 4000
64 3408 288 3760
880 3376 1056 3680
216 3376 408 3592
456 3336 696 3528
1128 3328 1400 3600
1344 3312 1584 3616
1056 3312 1312 3496
1560 3296 1824 3576
0 3288 224 3696
184 3256 448 3456
1536 3240 1752 3432
48 3216 304 3408
320 3208 608 3464
624 3192 864 3448
1072 3168 1240 3392
776 3160 976 3336
1144 3144 1312 3336
408 3088 696 3376
0 3088 272 3344
1208 3040 1464 3376
192 3016 408 3280
1480 3000 1736 3288
1200 2976 1640 3464
1128 2944 1360 3192
632 2944 960 3296
1376 2888 1648 3128
1552 2880 1792 3296
800 2880 1200 3448
0 2872 272 3120
1272 2848 1496 3024
96 2840 448 3128
472 2808 664 2976
1656 2792 1824 3168
384 2736 896 3232
584 2728 808 2968
824 2720 1032 2952
136 2720 464 2992
888 2632 1208 3040
416 2632 640 2888
1344 2600 1672 2944
1096 2600 1320 2880
1272 2592 1536 2936
712 2592 1016 2808
504 2592 776 2784
1216 2584 1456 2776
1504 2504 1824 2856
0 2480 504 2904
104 2472 280 2832
944 2464 1144 2664
304 2464 584 2632
712 2448 992 2680
1216 2424 1512 2640
1152 2424 1344 2656
1352 2376 1536 2552
464 2360 776 2688
1424 2336 1712 2576
672 2336 968 2544
240 2320 552 2584
0 2320 336 2600
984 2288 1320 2576
1296 2224 1592 2504
280 2200 616 2424
1560 2192 1776 2400
568 2184 856 2472
952 2160 1232 2344
712 2152 1040 2488
144 2144 480 2416
936 2128 1144 2320
72 2128 384 2320
1192 2048 1728 2456
0 2048 272 2392
1648 2032 1824 2240
1160 2032 1440 2256
600 2000 864 2184
1040 1992 1208 2208
1248 1952 1576 2128
1088 1928 1344 2088
872 1928 1136 2240
408 1928 712 2152
0 1928 312 2120
704 1896 952 2104
72 1848 472 2128
448 1840 800 2048
792 1800 1096 2176
880 1792 1200 2168
1128 1768 1432 2000
728 1744 1072 1920
1184 1688 1456 1872
488 1688 856 1872
1512 1616 1824 2064
1376 1608 1656 1984
1352 1600 1608 1808
1160 1544 1528 1712
1016 1544 1272 1928
792 1496 1056 1880
256 1488 560 1864
96 1464 392 1752
512 1456 832 1728
400 1440 648 1808
0 1408 232 1600
1360 1376 1520 1536
1160 1368 1424 1568
0 1368 416 1544
1008 1352 1224 1536
1464 1280 1824 1584
1280 1232 1576 1392
1064 1232 1352 1464
1632 1224 1824 1416
352 1224 696 1448
632 1168 1128 1376
80 1104 464 1424
1600 1056 1824 1320
1384 1040 1568 1232
1472 1032 1688 1232
944 1024 1400 1184
0 1024 216 1224
1568 904 1728 1128
904 904 1408 1104
1288 824 1568 1072
112 800 912 1024
0 784 840 1080
920 768 1264 968
1144 736 1512 992
536 680 1024 960
1480 672 1768 1056
576 656 808 872
776 600 1112 784
1504 576 1776 792
72 576 592 864
0 576 256 776
576 552 808 712
1088 528 1344 784
256 528 592 752
1440 520 1664 784
880 504 1168 672
1272 488 1512 760
