0 0 1824 4000
120 1192 320 1792
1392 2304 1768 3288
752 1648 1088 1968
216 3144 432 3888
1112 1648 1408 2416
1136 1760 1472 2424
0 824 280 1000
776 2448 976 3512
320 1776 624 2480
776 2592 976 3512
112 1656 304 2504
120 1672 304 2504
192 3256 1824 4000
504 3568 1824 4000
688 3672 1824 4000
688 3688 1824 4000
1400 1288 1824 2080
1624 1304 1824 2056
1664 1304 1824 1976
1280 3688 1824 4000
720 3704 1584 4000
0 0 1824 2032
0 1480 1824 4000
240 1136 1688 2032
240 1136 1648 2032
240 1176 1648 2032
240 1176 1144 2032
320 1344 1136 2032
1400 1288 1696 2080
1280 3688 1824 3984
0 0 1824 1776
320 1344 1136 1856
0 0 1824 1664
0 0 1824 1456
0 0 1824 1272
0 632 1824 1272
0 800 696 1264
0 800 696 1216
928 2520 1128 3448
0 0 1824 1096
720 3704 1448 4000
288 2736 840 3840
32 208 352 568
320 1344 1080 1856
0 752 1824 1272
1296 1016 1624 1264
0 1104 280 1664
656 2424 848 3344
0 1784 1128 4000
0 1784 616 4000
880 1480 1824 3376
656 2424 848 3320
320 1344 1080 1728
1088 3752 1408 4000
360 2736 840 3760
376 3008 840 3760
1488 2536 1672 3008
880 1360 1560 1600
0 2464 208 4000
0 2464 192 4000
192 1784 616 3736
1336 2200 1688 3304
312 528 496 808
208 1784 616 3248
480 1784 1128 3480
480 1784 1128 3440
1312 1016 1624 1264
880 1480 1824 3328
976 1480 1824 3328
976 2344 1264 3264
976 2352 1152 3264
1232 424 1448 648
264 1872 616 3192
880 2032 1152 2640
1168 1480 1824 3328
240 1176 1144 1848
192 3272 1696 4000
0 2464 192 3816
480 1968 1128 3440
0 1160 200 1664
1168 1744 1608 3328
1168 2160 1560 3328
1520 1480 1824 2864
1168 2416 1416 3328
504 3568 1160 4000
32 3056 264 4000
976 2352 1152 3208
240 784 1824 1272
448 832 1824 1272
0 0 1824 1072
1392 240 1824 1096
1520 240 1824 1096
1520 240 1824 680
1608 240 1824 528
136 0 1824 1072
136 48 648 448
136 48 648 392
432 0 1824 1072
0 800 552 1168
376 3464 680 3760
232 272 648 448
880 344 1104 648
432 0 1824 920
432 344 1440 920
232 488 544 832
584 0 1824 688
0 0 392 176
136 48 648 384
664 0 1824 688
448 832 1536 1224
192 48 648 384
520 656 904 880
1080 704 1656 1072
1056 0 1824 688
664 0 1344 600
672 0 1344 560
880 0 1344 560
1520 416 1824 1096
1000 0 1344 560
1000 0 1296 560
328 48 648 384
1208 0 1824 320
1520 416 1824 1040
1000 184 1224 560
432 344 1232 920
368 168 648 384
296 0 648 200
560 536 1232 920
1184 704 1656 1072
1336 712 1624 952
768 536 1232 920
1056 72 1728 688
672 0 936 432
1024 0 1296 400
1656 416 1824 808
1088 3760 1304 3984
1144 3752 1408 4000
696 3736 1160 3960
1288 3720 1584 4000
1064 3720 1440 3992
1584 3704 1824 3888
1280 3696 1792 3984
688 3696 1288 4000
1488 3688 1824 3960
504 3568 712 4000
376 3504 544 3760
192 3496 840 4000
992 3384 1824 3840
696 3272 1696 3856
1592 3256 1824 3632
256 3144 432 3624
1416 3032 1688 3256
1392 3008 1704 3288
616 3008 840 3568
360 2736 600 3568
1136 2648 1296 3352
944 2520 1128 3448
0 2464 192 3168
96 2400 272 3264
1560 2304 1768 3264
1224 2256 1384 2768
1416 2200 1688 3176
1312 2160 1560 3088
1136 2136 1464 2424
1520 2080 1824 2864
264 1872 568 3192
648 1864 808 2304
736 1848 1128 2088
208 1784 392 3248
320 1776 624 2000
752 1760 1120 2032
1112 1688 1408 2416
1400 1680 1576 2024
464 1664 792 1856
896 1656 1280 1904
1168 1648 1392 1856
752 1648 1088 1832
1592 1480 1824 2152
1032 1384 1648 1688
880 1376 1560 1600
1144 1360 1640 1640
1136 1360 1480 1536
320 1344 1040 1608
1520 1288 1696 2080
544 1256 1688 1648
312 1216 1144 1392
240 1176 744 1848
1392 1104 1624 1264
0 1104 280 1568
200 1088 480 1264
1344 1016 1824 1272
1312 1016 1472 1256
752 1008 1344 1232
672 904 1536 1128
1368 896 1656 1072
272 864 464 1048
0 856 192 1192
448 832 1256 1224
368 824 696 1216
176 824 552 1136
0 824 280 984
0 800 400 1168
240 784 608 1032
1080 776 1328 952
1336 752 1528 952
1520 728 1824 1040
1416 712 1624 872
1184 704 1464 976
552 696 904 880
520 656 760 832
1128 584 1440 832
1392 544 1552 712
848 536 1232 920
312 528 496 720
368 512 544 832
232 488 496 784
1520 472 1760 680
1656 416 1824 720
1056 376 1400 688
432 344 840 696
1608 328 1824 528
664 328 912 600
664 296 824 472
32 208 352 544
1088 184 1296 400
1048 184 1224 560
672 184 928 432
368 176 536 384
136 160 320 360
888 136 1112 480
72 88 256 312
1320 72 1728 568
0 56 304 712
328 48 528 248
1648 0 1824 176
1584 0 1824 280
1208 0 1640 320
1024 0 1272 248
880 0 1080 200
712 0 936 280
560 0 800 360
480 0 648 200
144 0 392 176
112 1192 320 1896
0 0 1824 3264
0 1288 1824 4000
0 0 1824 2008
320 1344 1648 2008
0 800 1464 3264
320 1344 1648 1832
608 1784 1128 2088
0 0 1824 1648
328 1312 632 1504
1136 1288 1824 3352
504 3256 1824 4000
504 3384 1824 4000
720 3672 1824 4000
720 3688 1824 4000
0 1784 1160 4000
0 632 1824 1648
240 784 1824 1648
464 1664 1464 2424
0 800 744 3264
1152 1288 1824 3328
200 1088 664 1264
1152 1288 1696 3328
1416 1304 1824 3264
1088 3720 1584 4000
1592 1304 1824 2152
752 1688 1464 2424
256 1864 1160 3840
264 1864 1160 3488
264 1864 1160 3448
752 1688 1408 2416
0 56 544 832
0 1784 392 4000
0 2464 264 4000
0 1104 304 3264
0 1160 304 3264
0 1160 200 1776
0 632 320 832
752 1384 1648 1832
832 2032 1160 3448
944 2352 1160 3448
192 1784 392 3888
264 1864 1128 3440
832 2032 1152 3280
0 800 744 2000
848 2528 1032 3488
1232 392 1544 648
848 2816 1032 3488
1232 392 1544 616
256 2736 840 3840
288 3008 840 3840
288 3464 680 3840
256 2736 600 3624
1416 2080 1824 3264
312 1216 1688 1648
0 56 496 784
1280 3696 1824 4000
448 832 1536 1232
880 0 1824 1072
1464 1288 1696 2176
1152 2160 1560 3328
1336 648 1624 872
0 0 1232 920
560 584 896 744
32 88 352 544
448 272 800 488
240 1176 744 2000
848 344 1232 920
0 1672 304 3264
1176 2160 1560 3328
264 1872 1128 3440
0 0 936 696
1416 2200 1768 3264
448 832 1344 1232
1176 2576 1424 3328
96 1672 304 3264
944 2432 1160 3448
1392 240 1824 712
96 1816 304 3264
176 824 696 1216
136 0 936 696
1080 416 1824 1072
1080 640 1824 1072
1080 704 1824 1072
1080 704 1528 976
144 0 472 392
1184 704 1528 976
296 0 936 600
664 184 928 600
880 0 1824 688
192 136 472 392
1392 328 1824 712
296 0 936 360
296 0 648 248
560 0 936 360
136 160 840 696
296 0 552 248
888 0 1824 688
1024 0 1640 400
1024 0 1640 320
888 136 1400 688
1048 184 1400 688
1392 472 1760 712
136 160 552 448
1320 0 1824 568
120 1192 440 1792
904 1648 1400 2040
968 1368 1560 1608
224 3184 1824 4000
552 3384 1824 4000
0 40 264 592
136 3736 304 4000
0 40 264 552
200 1048 1680 2032
240 1048 1680 2032
1344 1288 1824 2416
1344 1288 1824 2168
1400 1288 1824 2168
288 3392 792 3840
240 1104 1680 2032
328 1320 1640 1680
328 1368 1176 1680
240 1104 1120 2032
240 1176 1120 2032
1288 3696 1824 4000
1472 1672 1752 2416
928 2272 1088 3280
736 3712 1504 4000
1392 2944 1824 3368
320 1344 1408 1816
448 1664 1120 2032
0 1104 1824 4000
632 1368 1176 1680
328 1416 864 1584
784 1776 1112 1976
736 3720 1432 4000
112 3056 328 3864
672 952 1344 1272
696 1008 1344 1272
0 1104 1128 4000
80 1808 672 4000
96 1808 672 3672
768 1048 1328 1248
624 1984 1824 3584
624 1984 1560 3584
1232 376 1672 680
1232 376 1544 680
976 1984 1560 3400
312 632 496 816
624 2096 1184 3584
1400 1496 1672 2168
1304 1024 1624 1264
1304 1024 1552 1264
1304 2040 1824 3344
664 2096 1184 3584
776 2096 1184 3512
832 2096 1184 3440
1096 1984 1560 3384
0 1152 1128 4000
0 688 1824 1272
1344 888 1824 1272
0 688 1496 1224
240 1176 944 1856
1112 1984 1560 3384
1112 2136 1560 3384
760 1600 1408 1816
904 3040 1128 3440
1144 2136 1560 3344
1168 3024 1328 3344
0 1152 728 4000
0 1152 224 4000
328 48 648 288
288 3504 560 3840
1304 2040 1824 3312
1232 424 1448 680
0 0 648 216
72 0 1824 1072
0 0 352 160
1024 0 1488 400
1024 0 1488 320
704 0 1824 1072
1576 344 1824 1096
1600 680 1824 1096
72 56 1232 920
704 0 1824 968
296 344 1232 920
1048 600 1744 968
1576 344 1824 816
1080 600 1744 968
704 0 1824 688
704 0 1336 688
1088 3792 1248 3984
1224 3752 1408 4000
1584 3720 1824 3968
1272 3712 1504 4000
712 3704 1456 4000
688 3688 1424 4000
1448 3672 1776 3952
224 3560 696 4000
288 3520 456 3840
376 3504 560 3760
424 3392 792 3744
696 3384 1824 3960
680 3320 1360 3584
1392 3192 1824 3368
688 3184 1824 3864
624 3136 784 3472
664 3008 840 3584
1472 2944 1712 3264
264 2768 456 3608
976 2352 1152 3400
1096 2312 1288 3328
1136 2160 1384 2408
1144 2136 1560 3328
832 2096 1184 3328
1400 2040 1824 3264
1472 2024 1712 2416
744 1856 1128 2088
536 1792 1128 3480
784 1776 1000 1976
208 1736 728 2104
1128 1664 1408 2416
448 1664 856 1856
928 1656 1288 1856
1112 1648 1400 2040
760 1648 1104 1816
664 1496 1080 1680
1232 1368 1632 1592
632 1368 1176 1528
320 1344 1048 1728
1112 1320 1640 1680
1664 1288 1824 2064
560 1256 1680 1664
312 1216 944 1392
224 1200 440 1792
240 1176 744 1856
1624 1160 1824 1456
0 1152 192 4000
96 1104 296 1568
1384 1096 1552 1264
200 1096 480 1264
768 1048 1328 1224
1304 1024 1472 1256
696 1008 1344 1232
1360 912 1544 1176
1416 856 1656 1072
480 840 1496 1224
224 816 696 1216
0 800 400 1192
1080 704 1616 968
0 688 616 1040
1600 680 1824 1040
1048 656 1280 928
1312 600 1744 840
1344 544 1672 752
1528 504 1776 712
792 496 1232 920
176 488 584 824
1280 456 1624 720
1272 448 1448 680
104 416 336 600
1120 376 1336 688
768 360 1048 720
1576 344 1824 608
296 344 904 872
32 208 264 552
0 160 248 592
1608 136 1824 400
72 56 560 464
1320 0 1824 496
1088 0 1488 320
1024 0 1272 216
704 0 1272 560
496 0 800 488
296 0 648 216
152 0 352 160
0 0 1824 2560
224 2584 1824 4000
224 2944 1824 4000
0 1104 1184 4000
736 3672 1824 4000
736 3696 1824 4000
992 1288 1824 3344
1096 1288 1824 3344
320 1320 1640 1816
632 1320 1640 1680
328 1328 616 1504
1296 1024 1624 1264
0 800 1128 2560
200 1096 664 1264
0 592 1496 1448
424 3008 840 3744
1344 1696 1528 2232
1344 1696 1520 2160
448 1664 1128 2088
0 800 744 2560
760 1768 1112 2008
320 1344 1104 1816
0 592 1496 1392
0 592 1496 1272
312 616 488 808
0 632 1496 1272
0 688 1496 1272
0 688 1496 1248
1400 1288 1824 3344
1400 1288 1824 3264
264 1792 1184 3840
744 1760 1128 2088
1232 376 1672 720
0 1104 672 4000
0 800 744 2104
560 856 1824 1664
0 1152 672 4000
264 2768 600 3840
264 2768 600 3608
904 2816 1176 3440
1008 3040 1176 3416
536 1792 1184 3480
0 0 256 232
32 0 1824 1072
1344 856 1824 1456
1096 1496 1672 3328
1344 856 1824 1272
1184 3752 1408 4000
48 488 752 824
176 488 752 824
0 688 1496 1232
208 1176 744 2104
1392 376 1672 616
1144 1496 1672 3328
1384 1096 1624 1264
32 0 1232 920
32 208 336 600
40 416 336 600
480 840 1496 1232
352 2832 600 3544
832 2096 1184 3400
1224 2576 1416 3328
72 0 1232 920
72 0 904 872
704 0 1824 1040
1080 504 1824 1040
1344 504 1824 1040
1344 504 1776 752
768 360 1232 920
296 0 800 488
72 56 904 872
1120 0 1824 688
704 0 1488 560
1576 136 1824 608
656 1648 1504 2304
656 1648 1400 2304
656 1656 1384 1952
0 528 616 1040
280 528 480 784
1128 2144 1400 3024
488 3088 752 3712
488 3088 736 3712
800 1360 1624 1600
320 1264 1672 1680
320 1264 1672 1664
536 1264 1672 1664
128 1192 816 2544
224 1776 624 2544
224 1776 472 2544
128 1192 816 2312
200 3264 1824 4000
320 1432 1392 2424
0 680 616 1040
0 680 496 1008
200 3272 1824 4000
536 1264 1408 1448
544 1264 1408 1440
0 1272 1824 4000
1408 1272 1824 2128
496 3280 1824 4000
0 0 1824 1968
272 1032 1344 1360
0 1664 1824 4000
488 3144 736 3712
1392 2288 1824 3336
192 1816 360 2856
0 56 448 656
320 1432 1392 2056
320 1440 1392 2056
400 2384 784 3696
400 2384 736 3696
400 2384 704 3696
224 1200 816 2304
224 1200 512 1784
320 1440 1392 1704
1112 1648 1400 2304
1408 1272 1680 2088
1496 2464 1704 3256
200 3272 1624 4000
200 3400 1232 4000
736 1032 1344 1264
400 2384 640 3696
208 1784 440 2496
0 0 1824 1224
200 3552 704 4000
1392 2288 1560 3288
920 1680 1824 3448
1344 1064 1824 1968
0 800 1328 1776
944 1680 1824 3448
0 1664 1048 4000
568 2096 1048 3272
664 2096 1048 3272
664 2096 1040 3272
664 2112 992 3272
0 680 496 864
664 2120 928 2560
680 2120 928 2560
696 3280 1824 4000
0 1664 680 4000
32 1664 680 4000
32 1832 680 4000
256 1832 680 3136
0 0 1824 1128
808 3280 1824 3784
32 2432 400 4000
32 2752 400 4000
1016 1680 1824 3416
0 800 752 1776
696 3608 1824 4000
368 1832 680 2728
0 152 448 656
0 800 752 1656
1344 1064 1688 1272
1344 1064 1624 1272
1520 3432 1824 3720
0 800 752 1232
0 800 696 1224
0 800 632 1216
0 800 544 1208
264 832 544 1208
0 864 208 1656
808 3280 1656 3784
808 3464 1656 3784
368 1832 672 2728
488 1832 672 2512
1560 2064 1824 3128
1648 2064 1824 3128
32 2752 344 4000
32 2752 256 4000
32 2912 200 4000
1016 1680 1608 3416
1184 3280 1656 3616
1016 2072 1608 3416
1184 3392 1656 3616
456 1672 1120 2056
752 1752 1120 2048
0 0 1824 1088
1016 2152 1504 3416
448 832 1824 1224
688 936 1328 1112
368 1864 536 2728
48 152 448 544
1016 2352 1352 3416
1032 2352 1352 3416
1168 2352 1352 3344
1032 2408 1208 3416
1184 3464 1656 3656
1192 2352 1352 3336
112 0 1824 1072
800 904 1824 1224
720 3272 1624 3584
312 488 752 832
448 0 1040 632
312 0 576 392
312 64 560 392
104 2432 280 3184
1584 224 1824 608
632 0 1824 1072
632 560 1824 1072
1112 568 1824 1072
704 0 1824 648
864 0 1824 648
864 0 1568 648
1440 568 1824 1072
1320 0 1568 296
1096 112 1824 720
112 128 848 632
1112 712 1560 1008
448 0 832 472
864 0 1464 648
1152 1384 1560 1584
632 560 1280 936
864 0 1464 416
496 3840 712 4000
1192 3776 1408 4000
720 3768 1200 4000
696 3712 1064 4000
1272 3704 1584 4000
1064 3704 1448 4000
1288 3696 1792 3976
1512 3688 1824 3952
200 3656 592 4000
1000 3608 1824 3960
520 3592 680 3856
808 3584 1192 3784
528 3560 712 3944
456 3552 704 3808
1520 3496 1824 3720
1448 3464 1656 3632
688 3400 1232 3896
1304 3392 1656 3616
1184 3392 1560 3600
720 3328 1408 3584
1488 3264 1824 3520
1392 3008 1560 3288
1560 2848 1824 3336
112 2432 280 3040
192 2416 352 2856
480 2384 640 3696
680 2256 872 2560
568 2208 744 2624
1328 2152 1504 2832
1128 2144 1400 2416
752 2120 928 2560
776 2112 992 3272
872 2096 1040 2472
1336 2072 1608 3312
744 2000 1120 2344
1112 1856 1376 2304
464 1784 624 2000
224 1776 472 2384
456 1760 816 2304
232 1736 736 1936
1376 1680 1568 2256
1624 1672 1824 2128
1408 1672 1584 2040
456 1672 768 2056
840 1656 1384 1952
1152 1648 1400 1976
616 1432 1080 1608
1096 1384 1632 1680
1152 1384 1552 1584
312 1336 624 1584
1144 1264 1672 1664
248 1200 480 1648
128 1192 312 2312
1344 1080 1624 1272
752 1032 1320 1232
1496 1016 1824 1224
800 904 1504 1144
1648 888 1824 1128
432 848 696 1224
448 832 1000 1080
0 824 280 1008
280 816 616 1040
0 800 384 1200
16 792 448 1008
1560 728 1824 1088
1112 720 1464 1008
1328 712 1560 952
144 696 496 864
1440 688 1640 1072
528 632 704 856
632 576 912 880
1552 568 1824 768
1336 568 1568 752
888 560 1280 936
1504 504 1712 680
312 488 544 832
1096 448 1488 720
0 416 264 656
960 360 1336 648
1584 344 1824 608
624 344 848 552
48 320 448 544
312 296 848 632
784 280 1040 632
560 232 768 424
1040 200 1464 416
1376 192 1592 616
312 184 552 392
704 152 928 360
600 152 816 472
112 128 416 392
1480 112 1824 584
1216 64 1448 264
328 64 560 312
1064 32 1280 216
1552 0 1824 216
864 0 1128 328
760 0 920 232
448 0 832 272
0 0 376 176
0 800 1824 4000
0 0 1824 2416
200 3240 1824 4000
0 824 304 1672
0 800 992 4000
432 848 752 1232
200 3240 1632 4000
872 1064 1824 3448
720 3432 1824 4000
320 1440 1392 1816
320 1576 1392 1816
0 680 1824 1224
920 2296 1104 3448
264 832 1672 2416
1000 3432 1824 3960
200 3272 1632 4000
0 800 768 3712
0 800 624 3712
872 2096 1048 2608
32 1664 992 4000
264 832 1672 1664
312 1312 1632 2416
312 1312 1632 2344
0 824 304 1200
288 1016 1672 1664
944 1064 1824 3448
1560 2704 1824 3336
1392 1672 1824 3288
0 800 624 3568
312 1312 624 1584
352 1760 992 3816
368 1760 992 3696
1392 2064 1824 3288
32 1664 400 4000
616 1360 1632 2344
496 3392 1656 4000
1064 3704 1584 4000
744 1360 1632 2344
752 1360 1632 2304
800 1360 1632 1680
944 1272 1680 3448
944 1992 1232 3448
944 1992 1208 3448
968 1992 1160 2424
1192 1272 1680 3336
200 3400 1408 4000
520 3400 1408 3944
720 3272 1624 3592
752 1648 1400 2304
752 1656 1384 2048
1416 2064 1824 3256
352 3088 736 3816
352 3144 736 3816
496 3464 1656 4000
0 800 480 3568
0 800 480 1648
32 1664 344 4000
32 1664 280 4000
32 1664 208 4000
520 3560 712 3944
288 1016 1344 1328
288 1032 1344 1328
32 1664 208 2912
496 3584 1192 4000
496 3712 1064 4000
0 1152 472 3568
224 1776 472 3568
256 2336 456 3568
944 2400 1208 3448
352 3152 608 3816
400 1760 992 3696
456 1760 992 3696
0 56 200 416
288 1112 1344 1328
1416 2064 1744 3256
0 320 448 704
456 1760 992 3608
608 2112 992 3576
656 2112 992 3512
728 2112 992 3512
728 2120 928 3512
1416 2064 1704 3256
1184 3280 1632 3464
776 2112 992 3488
104 2864 280 4000
528 608 752 856
0 1152 312 3168
96 1192 312 3056
456 1760 816 3608
456 1760 816 2624
96 1784 312 3056
1416 2064 1704 3240
400 1864 616 3608
944 2408 1208 3448
688 3400 1408 3896
480 1832 680 3696
1328 1272 1680 3312
1416 2064 1696 3240
864 0 1824 1088
0 0 1040 880
1480 2064 1696 2992
1512 2064 1696 2992
96 1984 304 3056
1192 2320 1352 3336
544 1264 1672 1664
1112 568 1824 1088
112 1984 304 3040
1512 2064 1696 2512
448 832 1504 1144
1336 1272 1680 3312
864 0 1824 936
0 0 912 880
0 320 448 656
864 0 1824 456
888 112 1824 936
888 360 1336 936
0 0 848 632
0 0 576 392
864 0 1824 440
0 0 560 392
1336 224 1824 752
312 184 848 632
704 152 1040 632
1504 224 1824 680
864 0 1824 416
1296 0 1824 232
1112 688 1640 1072
0 0 416 392
1040 64 1464 416
1296 0 1568 232
944 2408 1152 3448
1288 3688 1824 4000
224 1776 624 2368
1392 2208 1824 3336
344 2384 640 3816
352 2384 640 3816
408 2384 640 3696
256 1832 680 3104
696 3392 1824 4000
808 3392 1824 3784
808 3392 1656 3784
368 1864 616 2728
200 3656 712 4000
464 3552 704 3808
920 3504 1184 3712
224 1776 472 2368
0 0 1824 2544
0 800 1104 4000
696 3264 1824 4000
696 3464 1824 4000
1488 3264 1824 3720
224 1200 1632 2544
848 2296 1104 3488
0 680 1824 1664
200 3272 1656 4000
224 1200 768 2544
224 1200 624 2544
192 2576 840 3928
192 2648 752 3928
192 2648 736 3928
288 3072 736 3864
192 2648 408 3928
664 2160 872 2560
352 3072 736 3816
696 3464 1656 4000
696 3584 1192 4000
