0 0 3263 2448
1899 979 2709 1286
3061 0 3263 280
0 0 228 437
1795 0 2265 228
1945 979 2709 1246
156 0 848 221
156 0 848 208
156 0 789 208
0 0 3263 1514
0 0 169 345
0 1240 3263 2448
0 1018 372 1161
1462 861 1808 1064
2852 1031 3263 1246
496 685 815 940
496 783 815 940
998 117 1338 280
1122 0 1468 195
0 0 3263 1253
744 600 992 763
0 1175 3244 1514
2173 607 2402 750
156 0 789 130
0 874 789 1253
0 926 789 1253
0 0 3263 1246
691 385 1122 698
691 489 1122 698
3002 150 3263 489
2989 1031 3263 1181
1188 352 1677 574
0 1279 3263 2448
2402 274 3094 665
1096 665 1286 822
1188 365 1586 574
1279 365 1586 574
0 926 424 1122
2297 163 2963 456
156 0 672 130
3068 150 3263 489
2304 567 3107 829
979 744 1697 900
979 763 1697 900
2715 1018 2904 1246
835 0 1142 274
13 0 3263 868
0 293 3263 1246
378 998 1148 1227
378 998 1148 1188
13 0 3185 809
2291 744 3263 1077
0 293 2467 1246
2421 744 3263 913
2291 868 3028 1077
2402 274 3094 613
496 998 1148 1188
848 1390 3263 2448
1827 600 2206 802
2402 0 3185 470
2402 0 2820 267
2989 450 3263 868
13 0 2578 809
241 254 652 437
887 0 1142 274
2787 0 3185 470
2865 0 3185 411
2304 567 3002 829
13 0 2578 783
71 0 2578 783
71 0 652 430
2989 450 3263 855
2989 561 3263 855
430 0 2578 783
1331 0 1880 306
1527 0 1880 306
1645 0 1880 306
1651 0 1880 306
776 0 985 352
0 646 2467 1246
241 254 652 424
1168 430 2082 835
71 0 515 430
71 0 515 313
137 0 515 313
404 567 672 809
1318 1357 1586 1553
0 293 496 731
0 293 496 639
0 293 378 639
0 385 378 639
0 1279 3185 2448
0 1064 789 1253
254 1064 789 1240
430 0 2578 646
13 417 920 750
13 424 789 750
339 424 789 672
483 483 789 672
926 489 1292 783
1403 1175 3244 1514
0 1488 1188 2448
0 1279 3185 1932
13 456 456 750
1331 0 1625 261
2585 0 2820 254
430 0 2578 587
1586 0 2578 489
2088 0 2578 489
2193 0 2578 287
0 646 2467 1031
0 698 2467 1031
137 698 2467 1031
1991 1220 3244 1514
2304 567 2800 789
1168 450 2082 835
345 698 2467 1031
345 698 2304 1031
345 698 2199 1031
2441 868 3028 1077
345 744 2199 1031
345 881 881 1011
2800 1507 3185 1873
2800 1507 3146 1873
2865 1507 3146 1873
0 1194 1867 1481
705 744 2199 1031
705 744 1867 998
705 744 1449 998
0 1279 2989 1932
3048 1390 3263 1710
430 71 1775 587
430 71 848 352
848 1605 3263 2448
522 1488 750 1723
261 1207 1867 1481
600 1207 1867 1481
0 1697 1188 2448
1991 1220 3244 1364
0 1697 1129 2448
2265 0 2578 261
705 744 1024 998
0 1279 1834 1932
0 1697 1096 2448
535 208 1775 587
705 744 1024 907
1690 1364 2989 1893
1527 1625 1834 1932
1168 450 2082 750
985 1729 1266 2095
1586 91 2232 489
1168 450 1827 750
0 1279 1814 1925
1233 1455 1527 1710
1233 1455 1403 1710
2689 1625 3263 2350
2689 1756 3263 2350
1638 1782 1964 2304
1057 1403 1814 1801
2206 1220 3244 1364
2539 1220 3244 1364
0 1279 1312 1925
0 1279 1135 1925
45 1279 809 1488
45 1279 672 1488
45 1279 587 1481
45 1279 548 1481
0 1723 1096 2448
2656 1560 2911 1827
0 1736 1096 2448
241 2069 411 2428
65 1723 339 2030
1005 1723 1475 2310
163 1971 489 2186
2454 1403 2989 1893
685 1207 1867 1481
2689 1788 3055 2199
1005 1827 1318 2310
1005 1971 1279 2310
535 221 1383 587
1638 1782 1964 2212
848 1749 1951 2448
848 1749 1808 2448
1455 2154 1808 2448
848 1749 1788 2448
1690 1364 2565 1834
1690 1383 2004 1834
1690 1383 1977 1671
1795 1605 3263 2448
2859 1847 3055 2115
1377 2010 1697 2448
1331 1403 1814 1801
0 1364 1135 1925
0 1370 489 1814
0 1958 378 2448
0 1958 293 2310
378 1736 1096 2448
411 1736 1096 2448
411 1736 1096 2297
848 1821 1507 2448
2545 1403 2989 1893
2147 1605 2780 2343
2147 1677 2780 2343
2147 1677 2643 2343
1795 1775 3263 2448
1795 1775 2656 2448
1096 1207 1867 1481
2506 2121 3263 2448
3028 1756 3263 2350
1834 1364 2565 1677
2506 2121 3081 2448
2487 1710 2780 2147
0 1958 293 2252
691 1736 1096 2206
1377 2036 1697 2448
411 2036 809 2297
2115 1370 2565 1677
1795 1775 2506 2448
1795 1775 2278 2395
1795 1775 2271 2395
691 1736 1090 2108
2147 1867 2643 2343
2147 1867 2643 2291
2258 1867 2643 2291
848 1938 1488 2448
985 1938 1488 2448
1116 1938 1488 2448
2258 2004 2643 2291
1834 1775 2271 2206
345 1364 1135 1925
985 2134 1286 2448
613 1364 1135 1925
2617 2121 3081 2448
1932 2310 2082 2448
2506 2297 2676 2448
3015 2284 3263 2448
1455 2278 1697 2448
783 2278 959 2408
156 2278 378 2448
2062 2271 2284 2448
1729 2265 1951 2448
378 2265 613 2448
985 2252 1155 2448
894 2245 1031 2448
2245 2226 2506 2448
267 2219 411 2428
1390 2212 1566 2448
522 2173 711 2448
91 2167 280 2310
3048 2154 3263 2350
2382 2154 2519 2343
1671 2154 1808 2408
2780 2147 3081 2448
2448 2147 2656 2448
0 2147 163 2363
2767 2141 2911 2395
1795 2141 2095 2395
1749 2141 1893 2304
430 2141 665 2304
1083 2134 1286 2448
2075 2128 2278 2317
2617 2121 2807 2448
1116 2102 1462 2448
848 2102 1090 2304
678 2102 881 2448
332 2095 554 2356
1005 2088 1272 2310
2878 2075 3107 2278
672 2075 809 2297
241 2069 378 2363
97 2062 293 2252
2598 2056 2761 2186
1377 2036 1697 2323
411 2036 698 2232
2389 2017 2643 2291
1018 2017 1188 2186
1958 2010 2154 2186
1501 2010 1631 2180
2258 2004 2441 2271
1390 1991 1527 2167
2030 1977 2212 2141
163 1977 345 2173
339 1971 489 2186
802 1964 1096 2206
3133 1958 3263 2245
1592 1958 1749 2271
0 1958 189 2252
1638 1951 1847 2212
587 1951 802 2121
1266 1938 1488 2160
1834 1925 2043 2206
2513 1912 2656 2128
1919 1886 2069 2023
2147 1873 2389 2252
985 1873 1220 2095
567 1873 737 2049
2297 1867 2545 2069
463 1867 594 2004
287 1867 528 2082
2859 1847 3055 2043
0 1840 130 2141
789 1834 1090 2108
326 1834 489 1964
1756 1827 1919 2147
1148 1827 1318 2023
1240 1821 1507 1997
2611 1814 2780 2147
1873 1814 2010 1984
2689 1788 2937 2199
1742 1782 1964 1977
2030 1775 2271 2036
195 1769 339 1991
3028 1756 3263 2186
1455 1749 1788 2062
2265 1736 2415 1893
691 1736 926 2010
476 1736 822 1945
2950 1729 3120 1893
1083 1729 1266 1951
1312 1723 1475 1919
65 1723 248 2030
1233 1716 1370 1867
2487 1710 2683 1951
1964 1710 2134 1964
2088 1684 2258 1814
2395 1677 2598 1932
1527 1664 1834 1932
235 1645 476 1860
2715 1638 2885 1827
110 1638 306 1814
3113 1625 3263 1801
1573 1625 1723 1762
2232 1605 2500 1938
2056 1605 2297 1775
1729 1592 2004 1834
522 1586 691 1723
2800 1573 2957 1723
2454 1573 2604 1736
1893 1566 2102 1762
2865 1560 3022 1873
2656 1560 2911 1742
2545 1547 2807 1893
1057 1534 1364 1782
2147 1514 2421 1697
2931 1507 3146 1756
1383 1494 1527 1671
815 1494 1135 1925
600 1488 750 1664
2558 1475 2702 1625
1690 1475 1886 1671
1631 1468 1814 1749
1873 1462 2004 1671
1233 1455 1403 1638
1024 1423 1312 1697
345 1410 691 1860
2780 1403 2983 1553
2696 1403 2989 1631
1331 1403 1677 1801
1697 1396 1873 1527
3048 1390 3263 1599
1827 1383 1977 1560
1214 1383 1370 1521
2278 1377 2565 1677
2115 1370 2330 1566
0 1370 489 1729
1834 1364 2160 1658
613 1364 992 1827
1416 1357 1586 1494
1318 1357 1507 1553
143 1357 280 1507
913 1351 1070 1540
541 1338 672 1488
2245 1331 2735 1514
659 1331 809 1462
2585 1318 2833 1475
300 1299 548 1481
1475 1286 1867 1481
45 1279 365 1423
2676 1240 3263 1599
2539 1220 3042 1351
685 1214 1155 1416
1096 1207 1573 1442
1403 1175 2134 1331
2715 1116 2872 1246
744 1083 1109 1227
254 1064 528 1207
2637 1057 2774 1240
3107 1031 3263 1181
2852 1031 3100 1246
2030 1031 2461 1207
2741 1018 2904 1175
567 998 1148 1188
1024 992 2095 1246
2232 979 2709 1188
2461 940 2754 1077
2650 913 3002 1057
1462 913 1808 1064
345 881 600 1011
2885 874 3263 1018
1364 855 1527 1051
2219 848 2421 1031
1880 835 2265 992
0 835 202 972
385 802 672 946
607 796 815 940
1494 789 2199 1031
2421 744 3146 894
705 744 913 887
0 737 228 868
3133 698 3263 868
1821 698 2102 874
0 685 228 815
3009 659 3192 855
1710 659 1867 848
1827 652 2115 802
1527 652 1782 835
2173 646 2408 809
1429 646 1560 815
2741 639 3002 829
2434 639 2787 815
404 633 646 809
926 626 1103 763
189 626 476 763
2865 580 3107 724
1220 580 1455 750
2304 567 2689 789
476 567 672 731
2989 561 3263 718
1325 528 1488 698
2807 522 2976 665
2598 515 2891 646
13 515 248 750
933 489 1292 783
776 489 1122 698
613 483 789 672
2102 463 2232 678
1396 463 1827 750
1716 456 2082 646
163 456 456 639
3113 450 3263 594
1168 450 1429 633
1997 443 2154 626
496 424 757 567
339 424 528 639
750 417 920 567
2833 411 3094 613
1645 385 2036 607
0 385 228 639
2173 365 2317 580
1279 365 1514 502
1488 352 1677 541
3068 326 3263 489
2787 319 2957 470
2141 313 2337 450
2226 306 2539 646
3002 287 3139 430
535 287 1201 587
424 280 652 424
2402 274 2852 613
143 261 300 430
241 254 476 424
2088 248 2310 489
52 228 228 437
933 221 1383 424
2297 208 2735 456
1259 208 1775 437
796 208 985 352
2865 163 3153 411
2728 163 2963 339
3074 150 3263 424
1181 137 1338 280
659 130 848 352
1880 124 2023 261
1964 117 2232 489
1716 117 1880 306
998 117 1220 280
2180 91 2330 228
1586 91 2049 456
2402 84 2676 267
2650 71 2800 254
430 71 705 326
424 52 652 235
71 52 332 267
0 52 169 345
228 39 378 208
3061 32 3211 215
2265 32 2408 189
2265 26 2448 261
1122 19 1279 248
254 19 515 313
1331 13 1540 248
3133 0 3263 280
2924 0 3185 235
2833 0 3048 202
2585 0 2820 130
2310 0 2578 169
1814 0 2265 228
1651 0 1788 163
1527 0 1703 228
1416 0 1625 261
1246 0 1468 195
1122 0 1416 156
900 0 1142 274
776 0 913 248
385 0 672 130
137 0 280 208
639 58 848 221
0 1064 3263 2448
496 626 881 842
463 900 1031 1037
0 1064 3263 1625
2865 580 3107 809
1899 1155 2663 1286
0 1064 3263 1599
1716 0 1912 156
0 0 3263 815
998 0 1468 280
1122 0 1468 248
0 0 789 208
137 0 789 208
0 313 3263 1246
1096 665 1475 829
1188 300 2049 607
52 228 378 561
52 228 300 437
1814 0 2265 261
496 685 842 842
0 313 3263 1077
0 848 3263 1246
1220 528 1560 815
1220 528 1488 750
789 1351 3263 2448
1455 1664 1586 1867
0 1279 1403 2448
1188 326 2049 607
496 685 770 842
261 1155 3263 1599
2532 0 2904 254
2585 0 2904 254
261 1207 3263 1599
137 385 378 561
3002 0 3263 594
874 757 1220 933
0 848 3100 1246
1997 313 2408 861
2637 1018 3100 1246
2728 0 2904 208
1403 1155 3263 1364
1403 1175 3263 1364
3002 150 3263 594
2637 1018 2904 1246
2637 1057 2872 1246
0 848 2709 1246
0 0 3185 815
0 1064 829 1318
1188 352 2036 607
0 19 757 815
430 0 3185 665
1997 313 2337 698
0 417 3263 1077
2976 972 3263 1181
2043 607 2408 861
0 652 1867 1064
1991 1175 3263 1364
2043 646 2408 861
2043 646 2408 809
0 19 672 815
1279 352 2036 607
3002 150 3263 430
2989 972 3263 1181
1997 313 2337 678
776 0 1142 274
163 1873 489 2186
463 1867 737 2049
0 241 672 815
0 241 652 815
0 254 652 815
2147 1390 3263 2448
0 946 2709 1246
0 992 678 1161
0 992 424 1142
789 1351 2565 2448
1390 1958 1749 2271
1390 1991 1631 2180
685 1207 3263 1599
567 946 2709 1246
241 254 652 639
2102 313 2337 678
2454 1462 2611 1736
483 417 3263 1077
483 417 1103 763
483 417 992 763
483 483 992 763
483 483 979 711
1181 0 1880 306
1364 855 1827 1064
378 1031 678 1161
2102 365 2317 678
2088 0 3185 665
2180 0 3185 522
0 19 652 345
0 652 1867 1044
776 430 3263 1077
2421 561 3263 1077
2421 744 3263 1077
2088 248 3094 665
2265 0 3185 522
0 705 1867 1044
3068 326 3263 594
691 574 979 711
235 881 600 1024
0 456 456 815
0 1527 1155 2448
2989 561 3263 913
0 515 248 815
2206 1175 3263 1364
2265 0 3185 456
2265 0 3153 456
2989 561 3263 868
776 0 998 248
776 430 3002 1031
776 430 2115 874
789 1566 2415 2448
0 1279 1403 2030
430 71 2232 587
757 763 1867 1031
2800 1560 3022 1873
535 91 2232 587
3009 659 3263 868
1880 1977 2212 2206
1958 1977 2212 2186
1893 1566 2415 1964
1893 1566 2258 1964
0 705 1024 1044
137 705 1024 946
195 705 1024 946
2461 874 3263 1077
1488 352 2036 607
2206 1736 2415 1938
789 1729 2284 2448
195 705 815 946
757 2245 1031 2448
1331 0 1703 261
0 1867 1155 2448
685 1207 2278 1481
868 763 1867 1031
868 815 1867 1031
2245 1240 3263 1599
1494 567 3002 1031
2212 567 3002 861
1364 855 1808 1064
2226 274 3094 665
2219 848 2493 1031
1638 2265 2082 2448
195 705 672 946
2931 1390 3263 1893
2931 1390 3263 1801
2931 1507 3263 1801
1756 1814 2069 2147
1893 1566 2134 1964
0 1064 829 1286
254 1064 829 1286
2297 84 3153 456
2297 84 2963 456
835 946 2709 1246
2226 274 3094 646
2461 913 3002 1077
2931 1507 3185 1756
1756 1814 2010 2147
71 19 652 313
71 19 515 313
913 1351 2565 2160
1573 1364 2565 1775
1690 1364 2565 1775
0 835 274 1044
0 1279 1364 2030
1494 789 2265 1031
776 430 2082 783
1821 652 2115 874
776 450 1827 783
776 450 1429 783
868 868 1449 1031
2226 274 2891 646
2147 1403 3263 2448
0 1951 1155 2448
2872 1997 3126 2278
2878 2030 3126 2278
1729 2265 2082 2448
789 1729 1331 2310
1834 1364 2565 1775
1024 979 2709 1246
1396 652 1782 848
1573 1468 1814 1762
913 1351 2004 2160
913 1351 1527 1671
1083 1749 2284 2448
2062 2128 2284 2448
2147 1403 2989 2291
913 1351 1507 1573
913 1351 1370 1573
913 1351 1312 1573
1024 1357 1312 1573
1716 430 2082 646
789 1827 1331 2310
985 1827 1331 2310
1005 1827 1331 2310
1005 1971 1331 2310
1005 2023 1331 2310
1083 1749 2271 2448
0 1364 1364 2030
0 1370 822 2030
65 1723 489 2030
0 1370 822 1945
535 208 1201 587
2487 1403 2989 2147
97 2069 378 2448
97 2278 378 2448
933 208 1775 437
332 1951 1155 2448
332 1951 1096 2448
332 1964 1096 2448
332 2036 881 2448
476 1697 822 1945
332 2095 881 2448
1390 2212 1697 2448
776 489 1292 783
91 2062 293 2310
2154 1756 3263 2448
613 1364 1364 2010
2487 1547 2807 2147
2056 1514 2421 1775
1240 1403 2004 2160
1527 1592 2004 1932
2147 1605 2656 2291
2147 1605 2598 2252
2154 1867 2656 2448
2154 1867 2545 2448
2154 2004 2506 2448
1083 1775 2271 2448
1240 1403 1677 2160
2617 1756 3263 2448
2617 2121 3263 2448
1240 1403 1677 1997
1240 1723 1507 1997
2545 1547 2807 2147
1083 2036 2095 2448
2226 274 2852 646
0 1370 691 1860
3015 2154 3263 2448
1024 992 2461 1246
2147 1605 2500 2252
802 1964 1096 2304
1455 1749 1847 2212
2154 2226 2506 2448
1083 2036 1808 2448
0 1527 130 2141
522 2102 881 2448
1377 2036 1808 2408
2389 1912 2656 2291
2689 1756 3263 2199
613 1364 992 2010
1083 2102 1462 2448
2859 1756 3263 2186
815 1494 1364 1925
639 58 809 195
1814 0 2258 248
2650 71 2846 280
19 228 261 437
19 228 261 378
1449 1155 2656 1292
0 0 3263 1292
0 0 861 221
0 0 359 150
0 1175 3263 2448
0 1018 424 1161
2278 607 2846 848
2278 607 2532 796
0 1064 1416 1272
0 1064 900 1253
2304 1037 2911 1292
332 737 1109 940
2904 1018 3263 1181
515 437 750 607
731 424 907 567
691 489 1116 757
1403 802 3263 1083
0 1175 3263 1553
293 1175 3263 1553
1455 802 3263 1083
1455 829 2493 1083
1455 913 2128 1083
0 450 509 757
137 450 509 639
2767 1011 2970 1253
1788 0 2108 241
0 1064 763 1253
254 1064 763 1253
0 0 3263 1227
1416 0 2421 456
2310 561 3263 913
1455 913 2056 1083
626 1175 3263 1553
1135 424 2088 789
1279 443 1684 607
1664 143 2421 456
1664 150 2421 456
0 19 652 437
0 19 652 430
0 19 489 430
0 19 489 411
0 58 489 411
0 130 489 411
332 0 861 221
1122 0 1475 208
1860 0 3263 802
1860 437 2317 802
1860 541 2317 802
0 0 3035 1227
2082 0 3263 672
3068 208 3263 515
2715 0 2898 228
1416 0 1880 300
757 1403 3263 2448
0 0 1801 731
0 300 535 731
0 300 496 731
1664 150 2239 456
0 456 3035 1227
372 861 3035 1227
626 1175 3263 1527
1103 1357 1507 1553
2082 0 3146 672
1220 424 2088 789
1377 424 2088 789
0 456 2709 1057
84 456 992 815
417 456 992 809
1233 1945 1410 2193
2415 861 3035 1077
0 587 2709 1057
0 829 979 1044
0 829 757 1044
0 835 437 1044
2180 0 2813 300
2467 802 3263 1044
2310 561 3263 829
2741 561 3263 829
372 979 2728 1227
0 1279 3185 1951
0 1279 3113 1951
802 587 2709 1057
2415 913 2989 1077
2180 0 2676 300
3002 1507 3185 1697
2082 0 3146 646
0 1488 1175 2448
2082 182 3146 646
757 1579 3263 2448
3133 1958 3263 2226
802 587 2323 1057
2741 580 3055 829
0 300 496 594
0 300 228 594
2885 1579 3146 1912
757 1605 3263 2448
0 1488 1129 2448
0 1488 1083 2448
802 587 1788 1057
1527 1357 3113 1951
1658 1357 3113 1893
1658 1383 1919 1671
267 2154 554 2428
0 1279 2004 1867
2976 1645 3146 1912
1155 1775 1488 2023
972 587 1586 920
1834 1357 3113 1893
1997 1416 2408 1716
2147 1416 2408 1716
1527 1664 1893 1951
998 1729 1266 2069
1762 1468 2004 1769
1834 1357 2996 1893
2891 1977 3133 2134
437 0 1801 594
0 1925 489 2448
0 1977 345 2448
248 1925 489 2304
1638 1605 3263 2448
757 1749 2722 2448
626 1175 1867 1442
1096 1175 1867 1442
0 1279 1814 1867
0 1279 672 1488
0 1279 652 1455
0 1488 1044 2448
607 1331 1814 1867
607 1331 1677 1867
607 1357 1677 1867
0 1377 626 1860
1834 1357 2767 1749
1201 1357 1677 1867
1233 1357 1677 1867
1840 2010 2722 2448
2030 2010 2722 2448
659 1331 1135 1573
2297 1710 2656 2154
2108 2115 2722 2448
0 1488 1037 2448
19 1488 1037 2448
920 2017 1272 2278
26 1488 1037 2102
19 1867 920 2448
19 1867 809 2448
19 2095 378 2448
19 2095 293 2448
2297 1710 2656 2128
1834 1357 2767 1631
757 1749 1958 2448
848 1749 1958 2448
848 1749 1886 2448
1455 2128 1886 2448
1736 2226 1958 2448
848 1749 1729 2448
848 2102 1475 2448
2474 1710 2656 2128
2565 1625 3263 2448
2780 2199 3172 2448
1638 1605 2624 2291
1769 1605 2624 2291
848 2102 1272 2448
998 2252 1272 2448
195 1488 1037 2075
195 1736 1037 2075
378 1867 809 2448
2043 1605 2624 2291
2043 1808 2624 2291
2115 1873 2624 2291
0 1377 626 1834
2265 2030 2624 2291
2245 2115 2722 2448
607 1390 1364 1853
2728 1625 3263 2448
2728 1625 3263 2278
2957 2284 3172 2448
19 2284 221 2448
2082 2278 2284 2448
1808 2265 1958 2448
1083 2258 1272 2448
998 2252 1168 2448
913 2245 1057 2448
678 2245 815 2448
1932 2226 2095 2448
1736 2226 1906 2448
1403 2219 1566 2448
1279 2219 1436 2389
1214 2206 1475 2448
2780 2199 3068 2448
378 2154 711 2448
267 2154 496 2428
2448 2147 2722 2448
2108 2128 2278 2317
1671 2128 1886 2408
2617 2121 2833 2448
2245 2115 2506 2448
0 2102 143 2448
2996 2095 3263 2448
2167 2095 2304 2252
91 2095 293 2304
737 2082 920 2317
3133 2069 3263 2226
2434 2069 2624 2291
430 2069 705 2278
248 2069 398 2304
920 2049 1096 2232
2265 2030 2519 2265
1383 2030 1514 2167
1840 2017 2075 2395
1037 2017 1272 2278
1860 2004 2043 2206
2891 1977 3048 2115
97 1977 345 2173
2395 1971 2578 2154
2030 1971 2173 2102
822 1964 1044 2206
1592 1945 1782 2088
287 1925 489 2186
1638 1912 1886 2258
998 1912 1175 2069
2487 1906 2656 2128
2297 1906 2572 2088
2115 1873 2389 2193
1129 1873 1266 2108
411 1867 809 2271
1155 1834 1364 2023
953 1834 1083 1984
2565 1814 2774 2186
2043 1808 2271 2036
2728 1788 3211 2278
1560 1769 1782 1991
