0 0 2265 4032
0 2669 2265 4032
0 0 2265 3902
0 3064 1564 4032
822 1201 2161 2274
951 1362 2161 2274
0 3064 1459 4032
0 1145 2265 3902
0 3161 1459 4032
0 3790 387 4032
0 0 2265 2765
822 1201 1233 1661
0 1145 2265 3717
0 1145 1628 2524
0 3314 258 3652
0 1378 2265 3717
0 628 1120 1604
1467 1491 2161 2274
774 3024 1137 3257
0 1217 1628 2524
1524 1362 1846 1749
1628 1443 1846 1749
1080 1241 1395 1467
1774 2588 2265 3193
798 0 1145 177
1927 2588 2265 3193
88 290 354 709
88 290 354 604
330 370 548 741
0 1378 2145 3717
1467 1636 2161 2274
1806 3015 2265 3902
2040 2588 2265 3072
330 370 516 741
0 2669 2112 4032
1499 1153 1757 1395
1620 3233 2007 3717
0 1378 2145 3620
1806 3015 2265 3886
1838 3015 2265 3886
1838 3225 2265 3886
1564 2007 2265 2765
1935 2007 2265 2411
0 0 2265 2007
0 1217 1628 2378
362 1346 1628 2378
0 1217 411 1774
354 685 1282 1322
491 685 1282 1322
491 685 854 1032
362 1467 1628 2378
0 2128 379 2427
362 1467 1475 2378
1798 766 2064 983
951 1362 1685 2080
1967 2104 2265 2411
330 540 516 741
1314 2056 1717 2257
1967 2145 2265 2411
1564 2104 2265 2765
1483 846 1709 1072
32 2556 395 2983
653 2419 1072 2822
766 2419 1072 2822
161 2395 556 2741
596 0 2265 2007
1064 0 2056 790
0 0 1217 846
1241 1991 1628 2282
911 2709 1128 3032
1927 2774 2249 3193
1064 0 1991 790
1838 3298 2265 3886
1903 3015 2265 3362
2048 0 2265 314
741 927 1282 1322
806 1056 1282 1322
0 1249 411 1774
1620 3378 1927 3717
1653 2370 2145 2959
1693 2370 2145 2935
1798 2370 2145 2838
1798 2370 2064 2669
620 1838 862 2153
798 0 2265 2007
0 1378 2007 3620
282 1378 556 1870
282 1596 548 1870
0 1693 2007 3620
1362 2677 2007 3370
362 1467 1387 2378
1878 1056 2265 1806
1895 1056 2265 1806
0 1693 1854 3620
0 1846 282 2177
741 1604 1387 2378
741 1717 1387 2378
975 1717 1387 2169
1064 0 1983 790
1064 0 1983 758
1169 0 1983 758
0 0 725 620
0 0 653 604
0 0 411 604
0 225 411 604
1878 3298 2265 3886
1225 0 2265 2007
1532 459 1975 935
185 282 1217 846
185 282 975 846
854 2886 1387 3443
854 2886 1387 3273
1024 2935 1387 3273
1943 1056 2265 1806
1362 2798 2007 3370
798 161 1467 1185
798 161 1467 991
798 733 1266 991
411 258 725 620
911 887 1387 1185
1782 2225 2265 2765
1943 1080 2265 1806
2016 1282 2265 1806
1225 725 2265 2007
1959 3298 2265 3886
2088 3362 2265 3886
2032 1427 2265 1806
1354 2145 1822 2612
1354 0 1983 758
225 0 653 362
225 0 596 362
1274 3153 1854 3620
1362 3153 1854 3620
1362 3290 1717 3620
854 161 1467 846
854 161 1435 612
475 282 975 814
483 282 975 758
911 935 1266 1185
0 1693 1854 3265
145 1693 806 2370
1354 169 1911 758
1766 0 2265 1104
0 2201 1854 3265
1999 2306 2265 2765
854 532 1217 830
1685 459 1975 935
1782 1653 2265 2007
556 282 975 628
1556 0 1983 314
145 1693 806 2314
145 2201 1854 3265
1225 725 2265 1766
0 3161 1225 4032
1685 1338 2193 1766
1225 725 2265 1419
1225 725 2265 1378
1499 887 2265 1378
1693 887 2265 1201
741 1951 1040 2378
685 282 975 628
362 1467 919 1975
225 56 532 362
1766 193 2265 1104
1499 895 1991 1378
1411 2798 2007 3290
1354 282 1814 758
145 1693 806 2233
145 1693 524 2169
145 2241 1225 3007
145 2241 1193 3007
145 2241 1072 3007
1766 395 2265 1104
1225 725 1636 1322
1338 725 1636 1185
774 2249 1225 2653
774 2249 1201 2653
467 1467 919 1951
967 2201 1854 3265
0 1249 411 1701
1766 475 2265 1104
854 161 1435 467
354 2661 1072 3007
145 2241 798 2862
314 2241 798 2798
314 2241 741 2628
967 2201 1854 2935
967 2201 1499 2935
177 3822 459 4032
2064 3773 2265 3999
572 3709 749 3943
1975 3685 2136 3870
1483 3644 1645 3838
798 3636 1137 3830
0 3612 233 3911
1798 3604 1959 3814
88 3556 1225 4032
104 3523 403 3838
661 3515 1564 4032
1620 3483 1870 3717
1636 3435 1838 3604
1878 3419 2217 3806
0 3378 258 3652
2088 3362 2265 3572
1548 3354 1717 3572
0 3314 249 3515
1959 3298 2169 3532
1201 3298 1427 3499
1362 3290 1661 3620
1274 3249 1467 3427
177 3249 628 3515
1814 3233 2007 3419
2088 3225 2265 3411
895 3193 1330 3443
870 3185 1266 3427
1362 3169 1701 3370
24 3161 346 3370
0 3161 661 3790
1596 3153 1854 3451
1806 3104 2024 3282
975 3080 1137 3257
0 3064 620 3499
774 3024 1016 3225
1903 3015 2193 3362
1024 2991 1387 3273
2040 2903 2265 3072
854 2886 1104 3153
564 2846 862 3136
0 2838 2112 4032
1120 2830 1475 3265
1411 2822 1701 3249
1572 2798 2007 3290
959 2790 1128 3032
354 2782 741 2959
1927 2774 2249 3024
1653 2757 1838 2959
1298 2741 1548 2967
1499 2677 1717 2862
669 2661 1072 3007
40 2653 395 2983
927 2604 1193 2806
653 2580 814 2814
145 2564 628 2862
32 2556 274 2733
1693 2548 2064 2935
2072 2491 2265 2765
1951 2491 2145 2838
1798 2435 2064 2669
1330 2427 1854 2774
854 2419 1201 2653
766 2419 951 2822
169 2395 556 2741
596 2370 798 2798
0 2330 209 2685
1999 2306 2265 2507
1435 2306 1822 2612
314 2306 661 2628
967 2282 1499 2935
774 2249 1040 2507
403 2241 741 2443
1782 2225 2064 2507
1048 2201 1395 2386
1967 2145 2233 2346
1354 2145 1677 2362
741 2120 911 2378
604 2112 782 2314
2096 2104 2265 2282
1564 2104 1943 2378
1241 2064 1435 2282
1451 2056 1717 2233
983 2056 1241 2322
0 2056 274 2362
322 2048 645 2370
1935 2007 2177 2185
1435 1991 1628 2201
814 1951 1040 2362
346 1943 524 2120
935 1935 1128 2257
475 1919 806 2233
620 1911 846 2153
1443 1886 1677 2064
419 1886 612 2080
0 1846 209 2177
1048 1798 1387 2169
661 1766 822 1999
1483 1741 2161 2274
1999 1725 2265 2007
0 1725 177 1999
1677 1717 1854 1886
975 1717 1137 1983
362 1717 628 1975
145 1693 395 2169
1782 1653 2056 1967
1467 1636 1709 1838
370 1612 548 1790
0 1612 290 1774
846 1604 1040 1846
685 1596 919 1870
282 1596 467 1870
1862 1564 2193 1766
2096 1516 2265 1806
661 1516 822 1685
1653 1507 1846 1749
1499 1491 1693 1741
104 1475 387 1701
467 1467 741 1951
951 1435 1685 2080
822 1427 991 1661
290 1378 556 1620
604 1370 846 1572
1217 1362 1628 1661
387 1346 653 1701
1685 1338 2072 1701
1080 1306 1290 1467
2016 1282 2265 1524
1330 1274 1677 1524
1604 1257 1814 1419
0 1249 411 1540
1878 1241 2072 1427
991 1201 1233 1612
1572 1153 1757 1395
1717 1145 1991 1378
0 1145 161 1322
1225 1137 1532 1322
1048 1112 1282 1322
1943 1080 2112 1330
806 1056 1088 1225
1072 983 1266 1185
1919 951 2265 1153
1395 935 1620 1185
911 935 1096 1137
1499 895 1854 1225
830 895 1040 1056
1693 887 1991 1201
1064 887 1387 1145
1798 790 2064 983
798 758 1145 935
1024 733 1266 991
1338 725 1636 1024
1766 693 2265 1104
1685 685 1862 935
588 685 854 1032
1532 677 1749 903
185 645 499 846
983 612 1217 822
1604 596 1822 790
1967 564 2185 790
483 564 766 758
854 532 1016 830
709 524 919 749
1064 499 1467 846
2096 475 2265 766
1749 459 1975 790
499 451 725 620
1483 443 1693 725
999 427 1177 604
435 427 596 653
1903 395 2104 653
0 395 201 620
685 346 854 628
177 338 338 604
1354 330 1556 758
556 298 717 499
88 290 354 459
1822 282 2032 499
1459 282 1814 661
798 282 975 572
411 258 661 459
895 249 1080 612
0 225 249 604
1999 193 2265 516
1032 193 1435 467
1628 169 1911 411
88 137 290 298
225 120 427 306
1774 112 1983 314
274 56 532 362
1378 16 1636 314
1766 0 2112 258
1556 0 1854 290
1483 0 1653 282
1209 0 1524 217
1064 0 1322 249
814 0 1145 177
596 0 951 362
120 0 298 193
0 0 177 290
0 0 2265 1806
0 1064 2265 4032
24 3161 628 3515
0 2838 2265 4032
0 1064 2265 3902
951 1193 2265 3902
0 1064 1628 3153
951 1201 2265 3902
1499 1443 1749 1741
806 895 1282 1322
0 1249 1628 3153
2016 3773 2265 4032
1193 685 1387 967
0 1064 322 1354
1241 1919 1628 2282
1241 1967 1628 2282
0 1249 1387 3153
1588 1717 1854 1886
0 1725 282 2177
911 2709 1201 3032
661 1604 1040 2007
709 1604 1040 2007
1653 2757 1959 2975
1653 2757 1903 2959
1838 3298 2169 3636
1838 3314 2040 3636
911 0 2265 1806
1257 1024 1435 1217
0 0 1387 1685
330 362 693 895
330 370 693 895
967 2056 2265 3902
951 1201 2265 2548
991 1201 1395 1612
1596 2491 2265 3902
1596 2491 2265 3886
330 540 693 895
330 540 693 814
0 516 1120 1685
604 1370 846 1685
951 1274 2265 2548
0 1064 233 1322
0 0 1387 1032
1725 112 2032 596
1774 112 2032 596
1806 161 2032 596
0 516 1120 1604
967 2056 2265 3620
1201 3249 1717 3620
346 1886 612 2120
0 0 1217 1032
40 516 225 758
1653 1507 2265 2548
1653 1507 2265 2524
1653 1507 2265 2507
1782 1951 2265 2507
1967 1951 2265 2411
1806 282 2032 596
403 2112 870 2524
604 2112 870 2524
1806 387 1983 596
951 1274 2161 2274
951 1274 1766 2080
1217 1274 1766 1661
1217 1274 1677 1661
1274 3249 1717 3620
1274 3249 1661 3620
0 1249 919 2862
2096 1951 2265 2411
2096 1951 2265 2282
1483 443 1822 790
911 0 1975 1322
290 1378 556 1790
1596 3153 2007 3717
354 1717 1387 3153
354 2249 1201 3153
1572 0 2265 1806
999 330 1387 604
1169 330 1387 532
0 395 201 685
620 1717 1387 2378
967 2056 2265 3370
1048 2056 1943 2386
0 225 499 846
1604 0 2265 1806
1919 951 2265 1322
1774 3233 2007 3580
1209 0 1532 338
967 2282 2265 3370
1298 2669 1717 2967
1354 2669 1717 2862
1209 0 1524 314
814 0 1169 298
1903 370 2201 653
0 225 338 709
1878 2491 2265 3886
620 1911 1040 2378
354 2419 1201 3153
1653 1507 2265 2185
1878 2491 2265 3806
1903 2491 2265 3411
814 1604 1040 1999
911 733 1854 1322
911 846 1854 1322
72 2378 556 2741
1072 846 1854 1322
435 427 919 758
435 427 766 758
1225 846 1854 1322
1032 0 1975 1145
0 0 411 387
451 0 749 233
185 451 499 846
1903 2491 2265 3362
1903 2903 2265 3362
1048 2056 1717 2386
1314 2056 1717 2362
1878 1241 2265 1806
0 1249 919 2233
1919 951 2265 1193
354 2419 1201 3007
564 2846 1104 3153
669 2419 1201 3007
838 2419 1201 2709
0 0 298 290
1935 1725 2265 2185
225 0 1217 1032
588 249 1217 1032
588 532 1217 1032
1314 2120 1677 2362
1878 3362 2265 3806
0 225 338 604
225 0 975 628
225 56 661 459
1693 2306 2265 2935
499 0 975 628
1653 1507 2056 1967
1395 846 1854 1225
1395 895 1854 1225
0 3378 403 3838
362 1346 919 2233
0 3612 459 4032
1604 0 2265 1766
1766 0 2265 516
596 0 975 628
0 1693 798 2862
0 2330 798 2862
0 2330 628 2862
1032 0 1911 1145
1064 677 1749 1145
1064 725 1636 1145
1604 475 2265 1766
362 1467 919 2233
1604 1145 2241 1766
1604 1145 2193 1766
1604 1145 1991 1419
1032 0 1911 846
1378 0 1911 411
1378 16 1911 411
1766 0 2265 314
588 685 1145 1032
1693 475 2265 1201
467 1467 919 2233
967 2282 2007 3370
0 1693 661 2628
314 2048 661 2628
1967 475 2265 790
967 2282 1854 3273
967 2282 1499 3273
1951 2491 2265 2927
1032 0 1814 846
1032 0 1814 758
596 0 951 628
467 1467 806 2233
1032 0 1435 467
1693 693 2265 1201
0 1693 395 2362
1693 2435 2064 2935
967 2282 1499 3265
1330 2306 1854 2774
0 3790 379 4032
0 628 2161 2274
0 2644 2265 4032
0 2644 2153 4032
0 2644 225 3072
0 3161 1524 4032
733 3580 1524 4032
749 3604 1524 4032
0 628 1145 1596
798 3153 2145 3943
991 1217 2161 2274
0 1169 2265 3902
991 1217 2161 2225
56 3169 540 3475
0 1169 2265 3846
758 1435 1749 2153
0 1314 2265 3846
379 1467 1628 2378
0 1169 411 1774
1451 1483 2161 2225
0 0 2265 2604
0 1612 2265 3846
0 0 2265 2524
24 3177 661 3580
991 1217 1604 1927
0 1612 2265 3725
282 1314 596 1757
1564 1814 2265 2524
1935 1814 2265 2507
0 0 2265 1967
1854 564 2056 790
1935 1814 2265 2233
0 3612 451 4032
661 0 983 161
379 1467 1628 2282
0 1257 411 1774
379 1467 1362 2265
0 2024 290 2322
991 1362 1604 1927
911 878 1282 1306
911 935 1282 1306
1806 3024 2265 3902
1806 3024 2265 3886
1830 3024 2265 3886
1895 3024 2265 3886
1895 3024 2265 3838
548 1878 870 2354
1564 2104 2217 2524
1564 2104 1903 2378
0 1846 282 2169
298 427 814 911
1346 0 2072 596
0 0 2265 1677
1411 0 2265 1435
1604 596 1862 830
814 330 1387 830
854 330 1387 830
1999 1725 2265 1886
129 0 661 451
1967 2104 2265 2507
298 427 814 814
895 2395 2265 3725
895 3128 1870 3725
2096 2104 2265 2507
0 1612 1798 3177
975 2395 2265 3451
330 427 814 814
1886 1056 2265 1661
1645 1499 2265 1967
1886 1056 2265 1596
169 3806 451 4032
1886 1056 2265 1572
1249 2007 1628 2282
88 1612 1798 3177
1314 2056 1677 2346
330 427 766 814
911 935 1177 1225
0 0 2096 1677
1628 1370 2096 1677
975 2701 2007 3451
0 0 1959 1524
0 0 717 846
0 0 564 846
0 0 411 846
1766 2209 2217 2524
516 0 1959 1524
717 741 1249 1080
0 0 411 653
0 0 274 653
1411 0 2265 1387
1886 1088 2265 1572
379 1467 1362 2225
895 3128 1701 3620
1346 0 2056 596
1911 0 2265 661
1911 370 2265 661
911 330 1387 830
911 427 1233 830
88 1693 1798 3177
88 1693 1201 3177
96 2330 1128 3177
96 2330 628 2870
1024 290 1959 1524
88 290 379 846
379 1467 919 1999
499 1467 919 1999
354 2661 1128 3177
0 225 274 653
975 2701 2007 3290
129 0 653 346
516 0 1524 878
88 1693 1201 2822
88 1693 782 2507
774 2104 1798 2935
1886 1088 2265 1516
774 2104 1540 2935
1064 290 1959 1524
1064 846 1741 1524
354 2661 975 3177
596 2298 1201 2822
1185 3806 1524 4032
169 3806 387 4032
2064 3790 2265 4007
1895 3644 2209 3902
790 3628 999 3814
0 3612 225 3886
749 3604 1225 3886
1766 3588 2016 3846
733 3580 1185 3838
1564 3483 1870 3725
1830 3475 2024 3717
1645 3435 1838 3604
1217 3394 2145 3943
1959 3362 2265 3838
0 3346 419 3757
1274 3273 1467 3499
185 3265 540 3475
1814 3233 1991 3411
2088 3217 2265 3411
24 3177 483 3499
1306 3169 1701 3620
56 3169 387 3370
0 3161 1201 4032
1612 3153 1903 3451
798 3153 1225 3411
895 3128 1387 3483
1895 3024 2265 3644
774 3024 999 3209
0 2894 225 3072
975 2822 1427 3273
508 2798 709 3007
838 2790 1128 3153
0 2790 2153 4032
48 2709 330 2975
1282 2701 2007 3290
354 2677 733 2967
1499 2669 1725 2854
911 2661 1080 2862
483 2661 975 3177
0 2644 209 2991
1266 2604 1491 2878
2080 2515 2265 2765
96 2443 580 2870
717 2419 1201 2822
1483 2411 1669 2588
1257 2395 2265 3193
0 2370 233 2709
354 2330 628 2628
201 2322 443 2524
596 2298 870 2725
1911 2282 2217 2499
774 2225 1540 2935
145 2225 346 2411
1766 2209 2016 2524
1427 2145 1798 2596
1628 2136 1903 2378
467 2136 782 2507
209 2128 379 2427
1048 2104 1378 2411
1451 2056 1677 2233
935 2056 1233 2314
0 2056 266 2322
1249 2024 1435 2282
88 2024 290 2185
1435 2007 1628 2201
1935 1935 2265 2233
951 1935 1120 2128
0 1911 193 2169
1419 1886 1685 2072
548 1878 870 2257
346 1878 693 2193
64 1846 282 2088
814 1830 1008 2265
2016 1814 2265 2048
1483 1741 2161 2225
0 1733 161 1999
1999 1725 2193 1886
88 1693 645 2386
669 1628 919 1999
927 1612 1749 2153
370 1612 532 1798
806 1596 1362 2225
1782 1564 2265 1967
1645 1499 1854 1757
379 1499 749 1967
1451 1483 1806 1838
499 1467 814 1870
758 1435 1169 1774
0 1435 387 1774
2032 1419 2241 1596
1903 1378 2088 1572
1766 1370 2096 1677
1217 1370 1604 1717
637 1370 846 1596
991 1362 1516 1927
290 1314 596 1620
1596 1274 1862 1435
0 1257 411 1645
2048 1217 2265 1516
1064 1217 1241 1419
1048 1112 1282 1306
1072 1096 1741 1524
1886 1088 2128 1411
72 1064 233 1249
911 935 1096 1225
717 895 1040 1080
1064 846 1451 1153
153 806 379 967
798 741 1249 975
491 693 822 1040
927 661 1233 830
1411 580 2265 1387
330 540 491 717
1024 499 1467 846
137 483 379 846
911 427 1177 693
395 427 766 814
1911 395 2104 661
0 395 274 653
2072 370 2265 620
322 370 564 548
499 314 717 637
1330 290 1959 1056
88 290 338 532
322 266 661 451
0 225 266 532
1725 161 2056 596
806 153 1120 330
1959 0 2265 459
1766 0 2072 209
1645 0 1862 290
1540 0 1701 185
1346 0 1935 419
911 0 1524 628
814 0 983 161
516 0 999 878
443 0 604 217
80 0 298 298
0 0 161 298
0 0 2265 3177
0 628 1741 3177
0 1411 2265 4032
741 1411 2265 3902
0 2790 2265 4032
129 733 379 967
0 2257 274 2419
2064 3790 2265 4032
24 3177 677 3580
1137 3806 1524 4032
0 628 1741 1927
1120 1241 1395 1443
0 1370 1628 3177
0 1370 1362 3177
0 1467 1362 3177
927 1935 1120 2128
96 1588 387 1757
895 3024 2265 3902
1201 3024 2265 3902
1306 3024 2265 3902
1249 1919 1628 2282
0 0 1467 903
895 3128 1467 3499
741 1411 2265 3290
1451 1411 2265 2507
0 0 1467 878
741 2056 2265 3290
911 0 2265 1677
1806 3024 2024 3241
774 2056 2265 3290
1604 395 2104 830
741 2120 1008 2378
1628 1411 2265 2507
1604 395 2104 749
1604 564 1911 749
0 1733 379 2991
0 1846 379 2991
0 628 1249 1798
290 1314 596 1798
991 991 1741 1927
0 1846 379 2427
1645 1499 2265 2507
1645 1499 2265 2233
2080 2515 2265 2927
88 1467 1362 3177
0 1846 282 2322
0 1911 266 2322
120 241 661 451
1411 580 2265 1677
0 628 1249 1774
1306 3153 1991 3669
0 628 1249 1596
717 895 1177 1225
1895 3024 2265 3902
1048 2056 1677 2411
1048 2104 1467 2411
774 2104 2265 3290
0 2370 233 2991
717 895 1096 1225
1814 3233 1991 3669
1306 3153 1903 3620
774 2145 2265 3290
88 1467 1362 2870
911 427 1467 846
991 1096 1741 1927
1628 2136 2217 2524
0 0 999 878
298 685 1249 1040
1540 0 1862 290
88 1693 1201 2870
911 0 2265 1153
1862 395 2104 661
774 2145 2007 3290
346 1467 1362 2265
346 1467 1008 2265
346 1467 919 2193
911 0 2265 628
1766 0 2265 620
1959 0 2265 620
548 1830 1008 2265
346 693 1249 1040
88 1693 782 2870
0 3346 419 3886
0 0 379 846
0 0 298 653
0 0 298 532
0 0 298 298
1064 161 2056 1153
483 2661 1128 3177
88 1693 645 2870
1766 1056 2265 1677
1886 1056 2265 1516
2048 1056 2265 1516
129 0 999 878
322 0 999 878
774 2145 1798 2935
379 1499 919 1999
1330 161 2056 1056
911 0 1935 628
322 314 766 814
395 314 766 814
491 693 1249 1040
806 1080 1774 2080
814 1080 1774 2080
508 2838 887 3233
1524 2491 2265 3144
1669 2491 2265 2943
1878 2491 2265 2927
749 0 1169 233
838 1128 1774 2080
838 1193 1774 2080
40 2136 572 2894
838 1193 1741 1943
983 1491 1411 1886
1878 2507 2136 2927
983 1540 1411 1886
0 2685 1975 4032
0 0 2265 4015
1290 1588 2265 2483
1612 1588 2265 2483
0 1137 2265 4015
467 1830 887 2346
1612 1588 2265 2282
137 1580 564 1862
1459 2411 1822 2596
467 2040 758 2346
0 0 2265 1903
137 1580 427 1862
0 2685 1943 4032
1516 3822 1943 4032
64 951 1008 1588
0 637 758 1088
1524 2701 2007 3144
838 1193 1467 1790
838 1193 1233 1693
903 1886 1145 2354
491 1830 887 2169
0 2685 1790 4032
88 806 758 1088
822 2749 1201 2943
1290 1967 1878 2354
40 2298 572 2894
0 2274 314 2741
0 2306 314 2741
1645 2741 2265 4015
1806 2741 2265 3290
1886 3024 2265 3886
0 2919 1790 4032
0 1137 2265 3644
225 1628 862 1959
379 1628 862 1959
379 1628 685 1959
1766 2193 2024 2395
677 3120 1790 3991
677 3120 1580 3790
1741 2419 2265 2806
1741 2419 2080 2806
0 1137 2217 3644
0 3330 1459 4032
0 1137 2217 3523
540 1636 1298 2822
540 2128 1201 2822
0 3515 1459 4032
0 3790 370 4032
0 2919 1612 4032
620 2411 1201 2822
782 3007 1137 3306
0 3515 379 3959
0 637 185 943
1967 2104 2265 2483
233 645 814 1032
766 1636 1298 2314
540 2128 1056 2749
40 2564 572 2894
