0 0 2265 4032
419 1387 2265 4032
419 1588 2265 4032
838 2653 1137 3007
0 0 185 282
0 0 2265 2790
0 2161 677 2685
2007 0 2265 258
1628 3435 2096 3902
1628 3459 1951 3902
0 483 2265 4032
1556 1274 2048 1701
1056 1322 1524 2161
1556 1282 1886 1701
1911 483 2265 870
1911 483 2265 790
0 612 2265 4032
1564 96 1870 395
1636 96 1870 395
2096 1588 2265 1895
419 1774 2265 4032
1056 1419 1499 2161
1556 1395 1886 1701
0 2322 677 2685
0 0 2265 2556
798 580 1040 943
491 2790 790 3749
612 2790 790 3169
435 2362 967 2790
459 2362 967 2765
1717 3459 1951 3749
64 2056 620 2475
1370 1838 1854 2225
1580 975 2185 1443
1580 975 2185 1354
1370 1838 1806 2225
0 0 2040 2556
1903 161 2265 669
1249 1177 1475 1524
580 2362 967 2765
580 2362 967 2677
64 2056 572 2467
491 3153 790 3749
516 3153 790 3749
516 3193 790 3749
1903 161 2265 596
1056 1620 1338 2161
1580 975 2145 1209
1854 1008 2145 1201
516 3290 733 3749
0 0 766 878
419 2475 2265 4032
64 669 330 1032
685 612 2265 3403
782 2282 951 2588
645 1774 2265 3773
822 2983 1064 3233
419 2604 2265 4032
0 2604 927 4032
0 3612 451 4032
0 3612 379 4032
491 1999 1209 2556
233 3338 677 4032
282 3677 677 4032
1507 1838 1806 2112
0 2604 927 3765
185 2693 701 3483
395 2693 701 2967
0 0 2040 2274
0 653 580 1225
32 653 580 1201
185 2322 677 2580
0 2636 927 3765
0 2636 927 3644
161 2677 927 3644
314 2677 927 3540
419 2677 927 3403
419 2677 927 3249
451 2677 927 3128
491 1999 1096 2556
491 1999 991 2556
233 3338 604 3782
0 2636 475 3459
0 3378 209 3765
1798 1274 2048 1572
0 0 766 854
0 395 193 854
48 0 766 556
48 0 766 508
685 1862 1669 3403
419 3612 1225 4032
48 0 766 419
895 2604 2265 4032
1330 2935 1725 3411
1096 1620 1338 1886
1048 0 2040 1233
1048 0 2040 870
1709 0 2040 758
1338 612 2265 2104
0 0 1967 2274
0 0 1967 1838
645 0 1483 499
645 0 1483 483
645 0 1483 443
645 0 1314 443
1669 3040 1878 3282
782 48 1008 499
1354 532 1790 1233
185 2782 548 3483
419 3612 887 4032
0 1120 1354 2274
887 1862 1669 2862
645 0 846 314
0 1056 548 1838
0 1056 435 1838
1048 0 1967 870
1653 612 2265 1491
1653 612 2265 1225
1653 612 1967 1072
491 1999 790 2483
685 2782 1233 3403
685 2782 1233 3257
1080 0 1483 314
1112 0 1483 314
1338 1201 2169 2104
137 0 766 419
661 3636 1225 4032
0 0 1967 1580
0 346 798 1072
1338 1257 2169 2104
1338 1257 1749 1798
1048 0 1830 870
1048 0 1701 870
1048 177 1661 870
1048 306 1507 870
1112 306 1507 717
887 2088 1669 2862
0 1346 225 1838
887 2257 1669 2862
1507 1403 2169 2104
1507 1532 2169 2104
1854 669 2265 1225
1854 669 2265 1137
0 1346 225 1661
72 2153 572 2467
1693 1709 1983 2032
0 2636 475 3265
0 2644 298 3040
395 346 798 806
0 1201 838 2274
0 1201 822 2274
0 1233 822 2274
72 1233 822 1935
225 717 467 1032
0 1645 814 2274
1354 661 1790 1233
693 1120 1354 2201
1137 1774 2265 3088
1137 2120 1862 3088
1161 2120 1862 3088
1322 2120 1862 2725
1322 2322 1862 2725
266 1233 822 1838
346 1233 822 1838
354 1233 822 1838
459 1233 822 1725
467 1266 822 1725
1451 661 1790 1233
1677 1774 2265 2774
1274 2524 1483 2870
249 0 766 330
435 0 766 201
1161 2661 1693 3088
395 346 774 806
32 1201 483 1782
0 1645 806 2274
1322 2322 1862 2669
1322 2435 1766 2669
1338 1257 1749 1669
1128 209 1967 927
701 0 1314 443
0 0 1604 1580
395 346 717 741
185 2782 548 3306
1161 2806 1411 3032
645 2927 1330 3773
645 3362 975 3773
693 1274 1322 2201
1128 370 1741 927
1225 370 1741 927
491 1999 758 2298
0 403 1499 1580
0 403 999 1403
443 725 1499 1580
1604 2604 2265 4032
443 766 749 1193
1024 3096 1540 3451
0 2644 233 3040
766 1274 1322 1967
766 1411 1274 1967
766 1427 1024 1967
483 403 999 1064
1604 2604 2265 3596
693 1814 1056 2201
830 2927 1330 3451
701 0 1193 443
564 725 1499 1580
1677 1846 2265 2774
1604 2604 2265 3209
1604 2604 1983 3153
1870 2943 2265 3209
895 3112 1862 4032
895 3257 1806 4032
16 1645 806 2274
1757 3136 2265 3596
1757 1846 2265 2774
2032 1846 2265 2370
564 725 1177 1580
564 725 1064 1580
0 661 717 1403
766 1427 1016 1878
653 846 1056 1580
653 846 1056 1346
999 749 1499 1378
895 3257 1499 4032
1757 3144 2128 3532
145 1645 806 2274
1757 1903 2265 2774
1757 2193 2265 2774
1798 2193 2265 2628
0 1766 314 2169
935 0 1604 766
1685 3491 2265 4032
427 1645 806 2153
903 3798 1225 4032
0 3782 177 4032
282 3773 564 4032
1411 3765 1757 4032
88 3733 379 4032
443 3677 677 3878
419 3652 878 4032
661 3636 919 4032
1685 3620 2128 4032
725 3612 887 3878
0 3612 370 3911
1451 3540 1669 3927
516 3532 677 3749
48 3532 209 3733
645 3523 895 3773
1927 3491 2265 4032
1717 3459 1895 3749
1854 3435 2096 3620
161 3394 387 3644
40 3378 266 3652
677 3362 975 3661
1427 3314 1806 3709
1757 3273 1975 3532
895 3257 1451 4032
314 3249 540 3540
1257 3209 1540 3451
830 3193 1120 3451
741 3169 943 3403
1822 3144 2128 3386
1854 3136 2265 3596
1661 3112 1862 3435
0 3112 338 3459
1024 3096 1338 3451
0 3040 193 3378
1241 3032 1419 3201
185 3007 548 3306
903 2983 1064 3161
1870 2959 2088 3177
419 2959 637 3249
1935 2943 2265 3209
1346 2935 1725 3411
927 2927 1330 3290
685 2927 935 3257
0 2911 314 3265
2056 2846 2265 3120
1225 2806 1411 2983
0 2806 225 3088
927 2782 1233 3032
233 2782 443 3144
0 2757 161 3040
1935 2741 2145 3040
2024 2717 2265 2943
451 2709 725 3128
1314 2701 1483 2870
1814 2693 1983 2870
491 2693 701 2878
717 2677 927 3024
1314 2661 1693 3088
838 2653 1056 3007
0 2644 233 2878
64 2636 475 3007
1137 2620 1370 2935
1999 2604 2161 2782
1604 2604 1919 3153
1362 2540 1620 2725
1757 2524 2024 2774
1274 2524 1443 2733
459 2524 709 2733
338 2515 612 2685
1048 2483 1217 2644
2040 2475 2265 2757
1548 2435 1766 2669
887 2411 1346 2862
782 2378 951 2588
580 2362 887 2677
870 2354 1080 2612
0 2354 443 2685
1661 2322 1862 2612
185 2322 395 2524
443 2306 620 2475
1798 2257 2209 2628
1677 2257 1886 2459
1112 2257 1669 2612
927 2217 1096 2451
1378 2201 1677 2443
1935 2193 2265 2524
975 2169 1209 2443
72 2169 338 2411
1516 2161 1677 2403
1322 2161 1564 2370
0 2161 209 2378
217 2153 572 2467
338 2136 508 2298
1588 2120 1774 2362
628 2120 991 2556
548 2112 790 2483
2088 2104 2265 2370
1677 2104 1870 2314
1153 2088 1395 2411
919 2072 1161 2282
64 2056 241 2241
427 2032 596 2233
556 1999 758 2290
1733 1975 1951 2161
1370 1943 1540 2225
1507 1919 1733 2112
1782 1903 2096 2306
145 1878 516 2274
717 1870 1056 2201
1169 1862 1395 2136
2032 1846 2265 2136
693 1814 870 2120
596 1814 806 2072
1693 1806 1983 2032
1056 1798 1322 2161
0 1798 314 2169
16 1766 403 2209
0 1766 177 2088
1096 1717 1274 1886
346 1717 620 1975
1507 1685 1749 1999
72 1677 306 1935
209 1661 403 1870
354 1653 532 1838
427 1645 741 2153
1161 1620 1338 1854
1411 1612 1685 1798
1959 1596 2209 1911
2096 1588 2265 1814
766 1580 975 1878
822 1564 1024 1967
1669 1532 2169 2104
411 1524 580 1733
1556 1516 1717 1701
0 1499 193 1838
491 1491 693 1774
266 1451 499 1725
32 1443 427 1782
346 1435 564 1774
766 1427 1016 1749
1241 1419 1499 1620
0 1419 201 1661
862 1411 1274 1951
540 1411 838 1790
1878 1403 2169 1636
1338 1403 1628 1669
1798 1395 2016 1572
1677 1395 1886 1612
2080 1387 2265 1669
1145 1346 1411 1685
0 1346 225 1604
274 1338 516 1661
830 1314 1048 1532
1886 1274 2048 1451
1104 1274 1322 1604
467 1274 677 1588
524 1266 822 1725
1564 1257 1749 1588
1249 1257 1435 1524
459 1233 669 1524
1935 1225 2169 1443
1427 1201 1645 1435
177 1201 483 1499
983 1185 1177 1483
653 1185 854 1378
1040 1177 1290 1491
1886 1153 2185 1354
1128 1120 1354 1475
653 1120 1016 1580
1572 1104 1935 1314
330 1080 677 1532
274 1080 548 1330
104 1056 435 1403
1854 1040 2064 1201
0 1040 330 1403
830 1032 1177 1475
999 983 1257 1378
1580 975 1935 1209
653 951 967 1346
2056 895 2265 1225
1338 895 1572 1233
1016 895 1233 1112
491 887 741 1193
1653 846 1935 1072
814 846 1056 1209
911 822 1153 1185
685 782 862 1080
1862 774 2265 1137
443 766 749 1161
1137 749 1499 1298
32 733 370 1201
1451 725 1790 1233
564 725 1064 1282
225 717 435 1032
1854 669 2080 1008
798 669 999 943
120 669 330 927
1548 661 1733 895
1354 661 1693 1032
1128 661 1395 919
314 661 717 1112
266 653 580 1064
483 628 790 1064
1225 620 1548 927
0 620 459 1072
1709 612 1967 911
830 580 1040 798
701 580 911 870
8 580 258 878
717 556 895 774
1459 516 1693 854
1048 499 1314 870
1911 483 2193 790
0 483 193 854
395 459 620 741
637 451 798 685
177 443 443 693
1112 403 1282 637
709 403 999 685
508 403 774 806
0 395 185 637
1451 370 1741 669
491 346 717 701
935 314 1282 766
435 314 677 596
1201 306 1507 717
967 290 1128 491
1709 282 1983 758
137 282 314 508
637 274 814 459
2064 266 2265 669
435 249 661 524
1903 241 2112 596
790 241 967 499
1636 225 1798 395
862 217 1072 483
1693 209 1967 572
1217 177 1661 749
233 177 604 556
1137 169 1314 403
2072 161 2265 322
1790 137 1959 306
1653 96 1870 274
314 96 540 346
701 80 967 443
645 80 846 314
782 48 1008 419
1532 0 1830 225
1435 0 1701 290
1201 0 1604 435
1112 0 1370 314
1080 0 1298 266
806 0 1193 419
645 0 830 258
540 0 766 201
435 0 677 177
249 0 556 330
137 0 411 419
48 0 306 395
0 0 2265 2483
0 161 2265 4032
830 161 2265 4032
0 2072 1620 4032
0 2120 1620 4032
1241 161 2265 2443
0 0 2265 1378
0 48 1475 2483
830 1588 2265 4032
935 1895 1096 2112
0 0 185 217
266 1338 516 1725
346 3677 677 3902
1378 2048 1774 2443
1378 2048 1766 2443
137 282 491 693
0 2120 1370 4032
1225 2524 1620 2983
1225 2524 1483 2983
790 2572 1056 3007
790 2572 983 2822
459 2524 814 2765
1516 2048 1766 2403
0 314 806 2483
1241 161 2265 2225
298 3144 540 3540
790 2572 967 2814
1362 2540 1620 2790
911 0 2265 1378
177 435 491 693
1241 1322 1524 1620
1564 96 1749 362
830 3040 2265 4032
1290 161 2265 2225
830 3096 2265 4032
1886 1008 2185 1354
0 2306 790 3467
395 2741 790 3467
0 0 1314 1225
419 2959 790 3467
419 2959 725 3419
588 0 1314 443
0 0 766 1225
266 48 1475 2201
0 2306 701 3459
0 2636 701 3459
435 2661 701 2878
887 1588 2265 3411
1959 1588 2265 2169
2024 1588 2265 2169
2024 1733 2265 2169
2024 1774 2193 2169
2024 1774 2193 1967
0 2306 677 2685
266 48 1072 1838
354 1491 693 1838
266 48 1072 1790
677 1032 1475 2201
0 2322 612 2685
419 2959 725 3249
693 1032 1475 2201
887 1620 2265 3411
887 1620 1669 2862
1314 1709 2265 3411
1999 2604 2265 2943
693 1032 1354 2201
1653 161 2265 1669
1653 161 2265 1491
1798 1274 2265 1669
1798 1290 2265 1669
1878 1387 2265 1669
1653 161 2265 1225
0 2782 975 4032
0 3338 975 4032
0 2032 790 2483
1798 1290 2016 1572
911 0 2112 1378
451 2120 1370 3403
451 2120 1096 3128
580 2120 1096 2677
628 2120 1096 2612
782 2217 1096 2612
1814 2693 1999 3032
0 2354 612 2685
185 2782 733 3749
1290 1104 2169 2225
1370 1919 1733 2225
717 1032 1354 2201
0 0 766 604
1290 1104 2169 2104
1935 1193 2265 1491
185 2782 733 3604
88 3362 975 4032
2064 161 2265 669
935 0 2112 766
911 177 1790 1378
1201 177 1661 749
266 48 1064 1790
0 2032 596 2467
266 403 1064 1790
266 403 1056 1790
282 3362 975 4032
185 2782 637 3483
685 2620 1370 3403
677 1467 854 1903
0 0 677 604
508 48 1008 806
637 48 1008 685
1653 483 2265 1225
1056 1620 1532 2161
1056 1653 1532 2161
911 370 1790 1378
1451 532 1790 1233
0 580 459 1225
1661 1709 1983 2612
1677 1709 1983 2459
1677 2104 1886 2459
104 943 564 1403
1757 3273 2096 3733
1290 1201 2169 2104
1435 0 2112 758
911 370 1741 1378
1435 0 1967 306
1532 0 1967 306
0 314 806 2298
48 0 677 556
137 0 677 556
233 0 677 556
0 2153 572 2467
233 96 661 556
717 1120 1354 2201
1693 1709 1983 2161
1693 1806 1983 2161
1757 3273 2096 3620
0 1201 806 2298
0 1201 483 1838
0 2636 475 3088
1314 1846 2265 3411
1346 3411 1757 4032
1346 3685 1757 4032
1346 3717 1757 4032
0 1645 806 2298
330 846 1056 1790
330 1080 822 1774
330 1080 677 1774
0 3338 604 3911
1693 0 2112 758
0 2644 233 3088
0 2757 225 3088
1169 1653 1532 2136
766 1120 1354 1967
830 1120 1354 1661
0 314 717 1403
266 403 1040 1330
274 403 1040 1330
314 403 1040 1112
274 766 749 1330
274 887 741 1330
435 314 717 701
983 1120 1354 1661
983 1120 1354 1491
983 1177 1290 1491
1757 1846 2265 3209
1870 2741 2265 3209
1870 2846 2265 3209
16 1645 806 2298
927 2620 1370 3290
1314 2435 1919 3411
782 2354 1080 2612
911 516 1693 1378
233 177 661 556
540 846 1056 1790
314 403 999 1112
314 628 790 1112
1862 483 2265 1225
1653 612 2080 1072
887 2072 1669 2862
919 2072 1395 2411
330 1080 677 1588
459 1233 677 1588
1862 774 2265 1225
145 1645 806 2298
145 1878 516 2298
0 459 620 1403
0 717 435 1403
0 733 370 1403
1935 2846 2265 3209
1338 1201 1749 1798
1338 1201 1685 1798
1338 1201 1645 1669
0 2911 338 3459
0 580 459 1072
1709 612 2080 1008
830 3096 1540 4032
1338 661 1693 1233
1733 0 1967 306
419 3362 975 4032
927 2886 1330 3290
830 3096 1540 3451
1693 209 2112 758
911 749 1499 1378
346 1645 806 2153
1782 1846 2265 2628
1782 1846 2265 2524
1709 241 2112 758
1314 2604 1919 3411
1427 3112 2265 4032
911 749 1499 1298
1016 749 1499 1298
1685 3136 2265 4032
1685 3459 2265 4032
1427 3112 1862 3927
1822 3136 2265 3596
1782 1903 2265 2524
1427 3314 1806 3927
1314 2604 1919 3153
532 3249 725 3507
419 1580 2265 4032
225 3136 483 3556
225 3265 483 3556
225 3265 451 3499
1048 1661 1338 2161
838 2524 1483 3040
0 185 2265 4032
1685 1185 2040 1451
1685 1185 1919 1435
0 2338 612 2693
0 2064 572 2524
0 2064 370 2524
0 2064 322 2443
1225 1322 1540 1645
1911 0 2265 322
2007 0 2265 322
0 0 2120 2790
685 129 1016 540
790 2282 967 2677
419 1741 2265 4032
1120 677 1524 1217
975 2524 1483 2943
1128 2524 1483 2894
1128 2620 1370 2894
1806 1257 2040 1451
1766 0 1967 306
435 2120 1193 2790
435 2120 1145 2790
435 2120 1032 2790
443 2120 1032 2733
443 2120 1032 2725
443 2120 991 2725
0 0 2120 2386
1274 2080 1685 2483
0 1257 306 1604
1870 1661 2209 1951
1959 1661 2209 1903
1499 790 2040 1257
443 2120 991 2580
1322 2080 1685 2411
0 0 491 693
56 0 491 693
56 0 459 693
56 0 443 693
161 362 443 693
1048 1661 1338 2096
0 0 1967 2386
1225 80 1499 435
814 830 1193 1201
1653 790 2040 1072
1653 854 1975 1072
669 2475 2265 4032
1999 2475 2265 2782
1080 0 1322 266
56 0 314 435
0 2346 1128 4032
524 2959 741 3144
459 1346 1411 2386
669 2532 2265 4032
1733 1975 1951 2177
0 0 1967 2290
1451 225 2120 1217
854 185 2265 2790
717 2838 1128 3403
717 2838 943 3403
1370 1903 1636 2153
1878 1354 2265 1669
459 2112 790 2386
0 2346 983 4032
580 2346 983 2822
580 2362 983 2822
1451 241 2120 1217
443 2225 830 2580
596 1346 1411 2257
596 516 1032 951
749 516 1032 806
0 2709 790 4032
0 2620 483 3370
1588 185 2265 1483
1653 185 2265 1483
596 1411 1266 2257
508 403 903 862
854 1185 2177 2790
580 2362 887 2774
1653 427 2265 1483
1653 427 2265 1427
1306 1741 2265 2790
1306 1741 2265 2653
1709 427 2265 1427
0 2741 790 4032
919 1895 1096 2265
1854 427 2265 1427
1088 403 1314 774
1854 628 2265 1427
419 2669 1693 4032
677 2669 1693 3604
854 1395 2177 2790
0 0 1491 1766
580 0 1491 443
580 0 1201 443
1378 1741 2265 2653
0 2854 790 4032
0 2959 790 4032
1306 1395 2177 2080
0 0 774 1766
677 3153 1120 3604
1306 1395 1886 2080
0 2620 483 3136
1306 1556 1822 2080
1306 1556 1749 1983
0 580 370 1225
854 1886 1766 2790
854 1959 1766 2790
1193 1959 1766 2427
0 3007 790 4032
596 1411 1161 2257
1306 1556 1685 1983
725 0 1967 1604
1088 0 1967 1088
282 3007 790 4032
282 3007 725 4032
282 3120 725 4032
1274 2524 1483 2878
669 3048 2265 4032
830 3048 2265 4032
0 258 1298 2290
0 1056 1048 2290
32 1056 1048 2290
895 2669 1693 3298
725 661 1693 1604
1378 1895 2265 2653
282 3362 725 4032
854 2112 1314 2790
0 3298 451 4032
491 258 1298 1443
0 3298 387 3765
1854 774 2185 1427
0 290 774 1766
241 290 733 862
758 1411 1161 1959
758 1411 1161 1935
1548 241 2120 1040
669 258 1298 1177
1693 1895 2265 2653
1693 1903 2265 2653
508 491 903 862
0 733 774 1766
0 733 774 1516
508 491 846 862
854 2257 1314 2790
677 1233 1048 1911
1378 2104 1878 2596
32 1056 967 2290
935 661 1693 1604
0 1766 338 2169
580 0 967 443
935 661 1693 1564
209 0 725 572
1088 209 1967 1088
0 2620 306 3136
895 2669 1693 3282
209 1056 967 1830
354 1185 967 1733
1451 209 1967 830
1346 3411 2265 4032
32 1411 838 2290
1346 3411 2088 4032
669 3709 919 4032
1628 3620 2088 4032
0 3588 451 4032
32 3540 209 3733
419 3523 895 4032
1886 3443 2265 4032
1346 3411 1806 4032
40 3370 387 3709
282 3362 725 3878
282 3265 451 3499
677 3241 935 3604
1241 3209 1564 3459
887 3153 1120 3443
88 3153 290 3435
1330 3072 1556 3298
169 3072 395 3370
830 3048 1483 4032
580 3040 790 3467
330 3007 548 3338
0 2975 282 3370
395 2959 588 3136
443 2854 669 3032
927 2838 1128 3032
717 2838 935 3257
2104 2830 2265 3015
895 2830 1395 3282
233 2782 443 3161
0 2757 241 3136
685 2733 927 2943
564 2709 741 2903
1314 2701 1483 2878
975 2701 1201 2943
483 2701 701 2878
1249 2669 1693 3161
153 2661 483 3007
838 2644 1064 3040
0 2620 306 2878
790 2604 983 2822
701 2572 887 2774
1370 2532 2265 3749
459 2532 661 2733
1274 2524 1435 2733
572 2524 741 2725
854 2491 1314 2790
306 2427 612 2693
1306 2419 1733 2636
991 2419 1193 2580
580 2362 822 2628
870 2346 1145 2612
701 2346 903 2580
0 2338 443 2677
1274 2290 1532 2483
1112 2257 1314 2612
153 2257 370 2524
612 2225 830 2419
443 2225 733 2580
0 2209 322 2443
1378 2201 1645 2443
1516 2153 1685 2411
258 2153 572 2459
1193 2136 1435 2427
717 2120 991 2419
975 2112 1249 2443
612 2112 790 2282
1596 2104 1878 2596
1322 2080 1564 2370
919 2072 1088 2265
2024 1959 2265 2370
1387 1959 1766 2185
1370 1927 1548 2153
596 1911 983 2257
2072 1895 2265 2145
1177 1886 1395 2201
0 1790 338 2169
1604 1782 1822 2080
1048 1782 1330 2096
0 1766 177 2136
1991 1741 2265 2104
1507 1693 1749 1935
862 1693 1080 1959
1959 1669 2161 1903
2048 1661 2209 1822
1128 1661 1338 1886
1717 1653 1943 2032
32 1653 532 2241
72 1645 274 1935
427 1636 895 2290
1306 1604 1540 1983
258 1596 508 1822
2096 1580 2265 1838
1403 1556 1685 1806
1669 1540 1838 1749
120 1507 314 1701
903 1467 1266 1967
677 1451 919 1911
1225 1419 1499 1645
0 1419 258 1766
758 1411 1072 1935
145 1411 838 2290
1346 1403 1628 1620
1790 1395 2177 1798
1612 1395 1886 1669
0 1378 225 1604
1878 1354 2120 1636
1338 1322 1540 1491
1588 1314 1749 1491
685 1290 967 1556
766 1233 1048 1814
1685 1193 1854 1435
1225 1193 1475 1516
1419 1185 1645 1435
354 1185 838 1733
1588 1161 1749 1338
725 1120 1008 1419
209 1056 677 1830
1854 1040 2185 1427
935 1040 1096 1233
1499 999 1717 1257
935 983 1257 1378
491 967 927 1443
0 967 185 1225
1451 959 1653 1217
1104 959 1540 1604
