0 0 2265 4032
766 24 1072 266
1048 1322 1314 1564
1782 1564 1983 1806
709 1612 1330 2386
362 733 774 1056
362 733 556 1056
1596 0 2185 427
1596 0 2185 419
1830 0 2185 419
2040 483 2241 709
709 1612 1330 2370
258 0 548 306
1427 1322 1959 1653
0 2153 2265 4032
0 0 2265 2862
1548 499 2040 935
1338 1201 1612 1507
1757 1161 2056 1628
1846 1161 2056 1628
677 64 1298 532
677 64 1282 532
927 249 1282 532
8 0 370 241
8 0 241 241
0 338 241 653
467 1032 685 1266
1895 854 2193 1370
1983 959 2193 1370
0 338 177 628
1604 2628 1967 2967
677 64 1032 411
1378 0 1636 209
661 1169 943 1443
1548 499 2040 919
1548 499 2040 782
0 3257 2136 4032
40 3257 2136 4032
1322 298 1628 669
1322 346 1628 669
1370 782 1870 1185
1435 830 1870 1185
1435 830 1757 1185
1645 2661 1967 2967
96 725 387 951
1596 0 1951 274
1596 0 1766 274
1403 0 1636 209
846 645 1024 1201
854 645 1024 1201
854 645 1024 1185
1128 935 2265 2862
0 0 2265 1999
0 1701 1120 2322
1032 588 1387 846
2024 0 2265 564
2056 0 2265 564
1209 741 1620 1346
1209 741 1564 1233
1032 951 1257 1266
193 362 919 1209
193 427 919 1209
193 628 919 1209
193 895 758 1169
314 919 758 1169
0 3556 161 4032
0 3765 161 4032
709 0 2265 1370
862 379 1257 717
0 0 1435 1999
0 0 1387 1999
1096 766 1435 1483
1096 766 1435 1362
1096 766 1403 1233
951 846 1161 1241
314 1209 854 1596
362 1209 854 1596
362 1209 709 1596
362 1314 612 1596
709 0 1290 314
653 628 919 1209
1177 0 2265 1370
1645 145 2265 1370
1822 145 2265 1370
1822 241 2265 1370
1822 669 2177 1370
1128 1556 2265 2862
1532 1854 2265 2862
1790 2112 2265 2701
564 427 895 741
0 2153 1475 3120
709 0 1088 298
0 0 838 1217
0 0 838 967
0 0 838 895
0 0 838 838
0 0 838 419
0 0 685 419
129 0 685 419
862 379 1145 717
709 1636 1330 2370
1177 0 1846 862
1177 0 1846 717
0 1701 1120 2314
1822 693 2153 1370
1822 693 2153 1274
0 1096 1387 1999
758 3169 1112 3403
1685 935 2265 2193
0 1701 959 2314
0 1790 959 2314
0 0 322 411
1685 1120 2265 2193
1137 2193 1499 2532
1830 16 2185 419
1685 1120 2265 2185
1725 1935 2265 2185
0 2153 887 2556
0 1096 1233 1999
0 1096 1048 1999
588 1411 1048 1749
1177 0 1846 677
0 1096 653 1999
0 1096 588 1999
0 1104 588 1999
40 1104 362 1733
88 1290 362 1733
749 1854 1120 2298
32 379 290 838
1822 241 2265 870
1636 2499 2265 2862
1685 1120 2265 2048
1685 1209 2265 2048
0 0 169 411
467 1701 790 2128
1532 1854 2120 2588
1685 1354 2265 2048
1967 1354 2265 1749
1822 693 2104 1193
0 1507 588 1999
903 1749 1330 2370
1177 0 1709 637
1225 0 1709 637
1378 0 1709 637
0 1193 193 1669
1145 2072 1661 2677
0 1540 588 1999
0 1540 588 1975
1685 1645 2265 2048
1137 2314 1499 2532
1128 1556 1822 2524
0 1862 701 2314
596 1790 959 2233
1145 2072 1556 2427
596 1790 862 2104
1128 1556 1822 2298
2064 2112 2265 2540
0 1862 580 2314
0 1999 580 2314
1790 2153 2265 2701
1790 2346 2265 2701
1128 1556 1822 2225
1532 2128 2120 2588
1209 1911 1419 2185
1290 1556 1822 2225
467 1701 669 2128
1290 1709 1822 2225
0 1999 564 2274
1290 1766 1741 2225
0 3870 161 4032
153 3298 499 3701
758 3169 999 3403
467 3064 693 3346
1419 2790 1596 3040
1741 2661 1967 2943
2088 2596 2265 2782
1895 2524 2072 2725
1636 2499 2153 2862
1790 2467 2072 2644
1249 2362 1661 2677
2064 2354 2265 2540
2007 2346 2265 2701
733 2322 1475 3120
1274 2314 1499 2532
1137 2314 1306 2499
1661 2274 2120 2588
1507 2274 1782 2524
0 2257 2265 4032
1314 2193 1491 2395
314 2153 887 2556
0 2153 403 2395
1532 2128 1838 2459
1903 2112 2096 2298
1516 2112 1798 2298
1145 2112 1475 2411
895 2096 1120 2298
661 2072 822 2249
516 2064 701 2257
741 2048 959 2233
0 2032 249 2274
2007 2007 2185 2193
112 1999 564 2193
1556 1991 1717 2169
2048 1983 2265 2161
1249 1983 1419 2185
1846 1975 2096 2265
322 1967 516 2145
1016 1943 1330 2370
1725 1935 2104 2185
1209 1911 1403 2096
0 1862 258 2145
1580 1854 1782 2153
749 1854 967 2120
1685 1838 2024 2048
1387 1830 1741 2225
185 1814 459 2056
467 1798 661 2128
596 1790 814 2104
0 1782 379 1999
1290 1766 1516 2040
903 1749 1177 2153
1572 1709 1822 1919
596 1709 790 1927
1128 1677 1362 2024
0 1677 379 1854
1959 1645 2265 1967
709 1636 1064 2201
1499 1628 1766 1814
1717 1596 2024 1903
1459 1588 1636 1749
1298 1556 1620 1886
330 1540 588 1975
911 1532 1088 1782
1153 1516 1387 1798
2056 1507 2265 1749
120 1507 403 1741
491 1491 653 1693
1314 1443 1507 1661
1645 1435 1854 1725
588 1435 846 1749
758 1411 1048 1717
362 1403 604 1596
999 1387 1233 1749
0 1387 193 1669
306 1370 483 1628
1967 1354 2145 1725
1427 1322 1814 1653
814 1314 1024 1507
1862 1298 2056 1628
88 1290 362 1596
806 1282 1112 1499
661 1241 919 1443
314 1241 483 1499
1499 1225 1790 1467
2104 1209 2265 1532
435 1209 709 1451
1411 1201 1612 1451
1757 1185 1935 1362
1128 1169 1387 1483
1870 1137 2104 1370
1733 1137 1935 1354
1435 1128 1620 1346
1096 1120 1257 1338
40 1104 362 1419
467 1096 685 1266
274 1096 516 1314
1556 1064 1733 1314
1032 1048 1225 1266
1233 1040 1403 1233
596 1040 854 1274
653 983 895 1209
1516 967 1757 1185
1983 959 2161 1153
548 935 758 1096
1282 919 1564 1233
314 919 580 1169
80 903 314 1217
193 895 491 1145
975 870 1161 1241
1895 854 2128 1128
951 846 1120 1193
548 838 774 1024
1580 830 1870 1169
1435 830 1693 1024
1822 822 2032 1193
749 822 911 1048
1096 766 1387 1064
1209 741 1435 999
362 733 556 935
1532 725 1717 895
1919 693 2104 959
322 677 524 991
2007 669 2177 951
427 637 685 862
677 628 919 999
169 612 330 870
1741 596 2040 774
1330 596 1596 862
1185 588 1387 846
1032 588 1266 838
411 572 580 774
32 540 266 838
1548 499 1822 782
2007 491 2265 870
1838 483 2040 701
1322 443 1628 669
1008 435 1257 709
572 427 895 741
862 419 1064 717
338 403 596 637
967 379 1145 548
0 379 177 628
1725 370 1919 685
1636 370 1846 677
467 362 749 588
40 362 241 653
258 354 435 628
1177 346 1427 628
1499 290 1669 637
1088 249 1298 459
943 249 1282 532
1822 241 2104 499
467 233 838 419
129 201 540 419
0 177 169 411
1645 161 1838 443
1983 145 2185 419
782 137 1032 411
677 64 846 314
1604 56 1766 274
862 40 1072 266
370 24 532 306
120 24 322 338
1830 16 2056 274
1709 0 1951 201
1378 0 1709 548
1411 0 1636 169
1378 0 1556 169
1225 0 1475 475
999 0 1290 314
709 0 887 298
419 0 685 314
258 0 548 225
0 0 2265 2185
0 1233 2265 4032
1757 1161 1975 1604
0 1233 2265 3120
1757 1161 1975 1362
1008 435 1387 846
2032 814 2265 1370
774 2193 1104 2386
96 725 854 1274
749 645 991 1048
2032 1088 2193 1370
1951 0 2265 266
1088 0 1556 475
1225 0 1556 475
596 0 903 314
1830 145 2024 435
2056 0 2265 266
596 0 903 298
177 1233 653 1693
306 1241 653 1693
306 1241 612 1628
0 0 1596 1999
258 0 1088 814
338 0 1088 637
1241 0 2265 2185
467 0 1088 588
782 0 1088 411
177 1233 459 1451
96 725 774 1209
612 1024 1467 1507
1370 725 1717 1016
1370 725 1717 895
258 354 435 814
193 733 774 1209
1830 16 2265 483
612 1024 1403 1499
1548 370 2104 959
1548 483 2104 959
1548 483 2040 935
1830 16 2185 483
314 1241 612 1596
314 1241 612 1499
612 1040 1403 1499
612 1241 1185 1499
1346 298 1507 491
709 0 903 298
193 733 774 1145
193 733 556 1145
193 870 548 1145
1435 967 1757 1346
0 0 1596 1322
0 0 685 870
0 0 685 661
1378 0 2265 1153
1895 854 2161 1153
1241 822 2265 2185
1306 822 2265 2185
1241 1354 1507 1661
1128 1040 1403 1483
0 1540 2265 3120
0 1540 1120 2556
1378 0 2265 951
806 0 1088 266
314 0 1596 1322
314 572 919 1209
411 572 919 1209
411 572 685 862
314 596 524 991
467 233 967 588
612 1241 1112 1499
1967 935 2265 1749
1967 1209 2265 1749
572 0 1596 1322
1096 596 1596 1233
1096 741 1564 1233
733 1556 2265 3120
572 0 1427 1322
572 379 1257 1322
572 419 1257 1322
120 0 685 419
120 0 370 338
943 0 1427 628
1548 499 1830 935
572 419 1064 983
572 419 1064 741
0 1540 1064 2556
532 1636 1064 2201
612 1241 919 1499
903 1556 2265 2967
1645 161 2265 951
1790 2153 2040 2370
2056 1862 2265 2072
1306 822 2104 1806
1580 822 2104 1806
1580 822 2104 1370
741 846 1257 1322
1306 1064 1854 1725
741 846 1161 1322
1532 1975 2265 2967
903 1556 1822 2532
0 540 1387 1999
435 1209 1387 1798
1822 241 2265 951
2007 491 2265 951
1782 1298 2056 1806
943 249 1427 628
1685 1596 2265 2185
1685 1596 2265 2048
0 540 604 1999
0 1032 604 1999
40 1032 604 1419
0 1290 403 1999
0 1507 403 1999
0 1677 379 1999
0 540 314 1217
0 540 266 967
1378 0 1709 580
1411 1064 1854 1725
1427 1064 1854 1725
1532 1975 2265 2951
1604 2499 2265 2951
467 233 838 588
0 1540 959 2556
854 846 1161 1241
532 1701 790 1927
854 846 1120 1193
0 1540 887 2556
435 1209 1233 1782
435 1209 1088 1782
758 1411 1088 1782
1685 1596 2024 2048
1822 822 2104 1370
1137 1443 1387 1798
0 1540 661 2314
2056 1209 2265 1749
1532 1975 2265 2588
1532 1975 2185 2588
903 1556 1822 2524
903 1749 1475 2411
1532 1975 2120 2588
1532 2112 2120 2588
1604 2499 2153 2951
0 1540 661 2274
185 1540 661 2128
2007 2153 2265 2701
0 1967 887 2556
733 2322 1661 3120
330 1540 661 2128
1604 2499 2153 2943
1128 1556 1766 2040
1128 1556 1766 2024
1298 1556 1766 1886
274 1032 604 1314
1427 1225 1854 1725
1427 1225 1814 1653
129 104 540 419
435 1209 846 1749
1387 1709 1822 2524
903 1749 1419 2370
1604 2628 1967 2943
1507 2112 1798 2524
0 2064 887 2556
1387 1709 1822 2225
2080 491 2265 709
338 379 717 637
1830 48 2120 419
338 387 596 637
32 403 322 862
120 0 548 225
1008 96 1532 620
1120 96 1532 524
1225 96 1532 483
322 677 572 975
846 685 1008 1161
612 475 862 741
508 80 798 379
0 2185 2265 4032
0 0 2265 2959
2096 774 2265 1161
161 1257 459 1451
814 1806 1120 2153
975 145 1257 499
1120 540 1516 862
1120 548 1395 862
1782 1274 2032 1806
1782 1443 2016 1806
1588 0 1983 395
1645 491 1967 766
766 1419 1048 1782
766 1419 1016 1709
766 1419 1016 1677
1233 1040 1604 1338
0 0 2265 2951
80 24 548 395
129 24 548 395
588 0 1064 330
709 0 1064 330
709 0 887 306
1048 145 1257 419
0 0 2265 1878
0 1427 2265 2951
1878 1306 2145 1540
1951 1459 2241 1838
806 0 1362 306
806 0 1354 225
2024 314 2265 564
1411 1201 1798 1467
0 1532 2265 2951
806 0 1233 225
862 0 1233 225
1225 1185 1499 1556
435 1314 620 1556
1895 766 2120 1120
1951 0 2265 354
1403 637 1645 887
427 1153 1096 1636
427 1153 1096 1507
427 1153 1096 1451
427 1201 943 1451
0 3564 1080 4032
0 3564 814 4032
1814 516 2265 943
1927 556 2265 943
782 0 1693 725
862 0 1693 725
1040 0 1693 725
1177 0 1693 677
661 1596 1322 2370
661 1596 1322 2201
661 1596 1056 2201
322 741 572 975
0 0 379 846
0 0 379 620
0 0 379 411
129 233 419 395
564 249 1128 725
580 80 798 314
1588 0 1895 395
0 1532 2265 2757
1830 48 2096 419
0 3564 564 4032
0 983 935 1878
0 0 2265 1798
0 0 911 1145
0 0 774 1145
0 0 653 1145
822 241 2265 1798
822 588 1387 1798
959 1306 1370 1798
959 1306 1233 1749
0 991 782 1878
822 588 1387 1507
822 588 1209 1507
1209 241 2265 1725
1209 346 2265 1725
1209 588 2265 1725
1209 588 2265 1693
1209 653 2265 1693
1362 653 2265 1693
1419 653 2265 1693
1556 685 2265 1693
0 1024 782 1878
0 1024 516 1878
0 1024 499 1878
0 1161 499 1878
0 1233 499 1878
0 1370 499 1878
1580 685 2265 1693
1580 685 2193 1362
1580 943 2193 1362
1604 2524 2265 2951
1757 2524 2265 2951
1766 2524 2265 2951
798 1532 2265 2757
419 0 653 362
532 709 774 943
1685 1580 2265 2185
0 266 508 1145
798 2193 1733 2757
1685 1580 2265 2161
1685 1580 2265 2088
1685 1814 2265 2088
0 1556 790 2128
0 1556 790 2064
0 266 508 959
967 1532 2265 2701
1419 653 1717 1024
1580 943 2193 1314
1322 0 1693 596
0 1790 911 2322
459 1790 911 2298
975 2733 1403 3015
822 588 1209 1266
822 588 1209 1241
822 588 1209 927
798 2282 1733 2757
1153 2395 1733 2757
0 354 467 959
967 1532 2265 2620
2007 2161 2265 2701
1532 1862 2265 2620
0 354 387 959
967 1532 1822 2540
2056 1120 2265 1693
0 588 387 959
1145 1540 1822 2540
1145 1564 1798 2540
1145 2112 1491 2443
903 1749 1322 2169
0 1556 790 1999
548 1790 911 2298
548 1790 870 2274
362 1556 790 1983
459 1701 661 2128
193 1370 499 1830
1209 1564 1798 2540
2007 2322 2265 2701
1209 1790 1798 2540
1532 1975 2265 2620
1298 1790 1798 2540
1532 1975 2161 2620
1532 2056 2096 2620
1322 1806 1798 2540
1354 1806 1798 2298
596 1790 870 2169
1354 1806 1717 2185
0 1862 516 2322
524 3862 814 4032
935 3427 1120 3652
1128 3411 1427 3612
1806 2790 1967 2959
1169 2757 1403 3015
975 2733 1201 2967
1757 2661 2064 2838
1766 2572 2265 2951
1604 2548 1782 2790
1895 2524 2072 2685
1669 2499 1886 2669
911 2475 1072 2636
1790 2467 2024 2644
1153 2419 1524 2757
1411 2395 1733 2669
798 2282 1266 2507
1798 2274 2096 2620
1322 2193 1491 2395
72 2185 967 2556
1507 2169 1782 2524
2104 2136 2265 2411
1903 2112 2096 2290
1540 2112 1798 2298
1145 2112 1475 2443
693 2104 911 2298
459 2088 645 2257
1322 2072 1516 2540
1532 2056 1895 2459
895 1999 1306 2370
1838 1975 2161 2298
645 1967 870 2169
185 1967 516 2290
1733 1943 1895 2185
1128 1943 1322 2169
1209 1911 1403 2088
1354 1903 1564 2169
0 1862 258 2322
661 1854 1056 2201
1999 1830 2265 2088
1685 1814 2104 2048
185 1814 467 2064
1395 1806 1717 2185
814 1806 1120 2136
1298 1790 1483 1991
596 1790 806 2064
0 1790 379 1999
903 1749 1169 2024
459 1701 645 2104
0 1685 290 1878
1153 1677 1362 1951
709 1596 975 1870
193 1596 379 1830
491 1588 790 1927
1822 1580 2024 1878
1298 1564 1620 1870
362 1556 588 1983
1153 1548 1370 1798
1459 1540 1822 2024
967 1532 1282 2024
1056 1475 1233 1749
1951 1459 2185 1798
604 1451 790 1636
435 1451 677 1612
1846 1443 2016 1628
1137 1427 1491 1604
854 1419 1016 1620
0 1395 177 1677
233 1370 499 1636
112 1354 306 1564
1733 1346 1935 1725
1427 1322 1814 1661
1878 1306 2112 1540
959 1306 1153 1612
661 1306 911 1548
1241 1290 1499 1556
1870 1274 2032 1516
1499 1257 1798 1467
258 1257 459 1451
709 1249 943 1419
1128 1233 1387 1475
24 1233 330 1451
1411 1201 1620 1451
427 1201 814 1451
1225 1185 1419 1354
927 1153 1096 1354
1636 1137 1975 1362
1556 1137 1733 1298
2056 1120 2265 1532
306 1112 516 1516
475 1096 782 1314
1233 1048 1459 1282
1233 1040 1564 1233
0 1024 217 1282
1572 991 1814 1249
572 991 830 1249
741 983 935 1314
1516 975 1685 1153
120 975 354 1209
1911 959 2193 1314
338 951 580 1169
1580 943 2040 1193
2104 927 2265 1161
0 903 201 1064
1362 862 1564 1096
387 862 548 1056
556 854 766 1040
1419 830 1693 1024
1822 822 2032 1072
1209 822 1419 1128
1120 790 1370 1008
0 782 209 959
2096 774 2265 983
677 693 911 1032
1693 685 1927 967
338 677 516 878
822 628 1096 878
1927 612 2265 943
1540 588 1709 774
1032 588 1209 927
153 588 387 951
362 564 588 806
1266 556 1427 862
1120 548 1395 846
1282 540 1516 830
1814 516 1999 758
1645 499 1822 766
1725 491 1967 733
1040 491 1257 725
1943 475 2177 717
677 475 862 709
733 427 943 620
862 411 1153 725
32 411 322 862
40 403 225 645
2040 395 2265 564
338 387 540 596
451 379 717 556
1669 346 1838 685
1177 346 1628 677
0 346 169 620
1120 338 1306 524
975 338 1137 499
1354 298 1532 483
1499 290 1669 596
2007 249 2185 419
1080 249 1257 419
1709 241 2048 524
491 233 758 403
185 233 419 395
435 201 620 362
1645 169 1838 395
1830 145 2016 435
830 129 1064 330
1854 104 2096 419
1225 96 1403 475
1830 48 2064 266
120 48 322 338
1403 40 1588 209
1072 32 1266 314
379 24 548 290
709 8 887 306
1951 0 2209 354
1588 0 1895 290
1370 0 1556 185
1322 0 1693 370
999 0 1233 225
588 0 790 161
419 0 653 274
185 0 548 225
0 1540 2265 4032
1846 1274 2032 1628
1725 483 2032 758
185 24 548 395
0 346 225 846
1516 975 1814 1249
0 346 169 846
2040 395 2265 709
1959 1540 2265 1927
1725 491 2032 758
0 1540 2265 2959
435 1298 1024 1556
1822 741 2120 1120
48 677 830 1306
338 0 887 637
338 0 887 596
580 0 887 314
1830 48 2120 435
56 1257 459 1653
975 0 1354 725
975 0 1354 524
975 0 1306 524
2080 532 2241 709
338 233 758 596
435 1306 911 1556
467 1306 911 1548
56 1257 354 1653
1830 48 2096 435
1636 2427 2024 2733
1661 2427 2024 2644
1088 1048 1257 1338
1008 483 1257 725
48 677 766 1306
48 741 766 1306
677 427 943 709
56 1354 354 1653
56 1354 314 1653
56 1354 306 1653
975 145 1306 524
975 249 1257 499
967 0 2265 2185
1225 0 1838 685
0 0 1516 1878
822 540 1516 983
822 548 1395 983
822 588 1209 983
580 8 887 314
604 1306 911 1548
1225 0 1701 596
1322 0 1701 596
2096 774 2265 1177
193 741 766 1169
0 0 1499 1878
193 741 580 1169
193 895 580 1169
2104 927 2265 1177
1951 0 2265 491
1951 0 2265 411
806 0 1088 330
806 0 1088 177
0 0 653 620
0 0 653 419
0 0 653 411
0 0 548 411
774 2241 1306 2507
1878 1306 2265 1693
1266 540 1516 862
1725 491 1999 758
1225 0 1403 475
903 838 1120 1056
0 249 1499 1878
806 870 1499 1749
2007 249 2185 491
451 233 758 556
459 1886 661 2257
798 2282 1306 2507
846 870 1499 1749
0 249 1153 1878
435 1451 975 1870
1145 1862 2265 2959
24 991 782 1516
306 991 782 1516
306 1096 782 1516
0 903 499 1878
524 1451 975 1870
0 48 379 411
0 249 1153 1451
0 249 1128 1451
0 1540 1822 2556
1636 1137 2265 2185
1685 1346 2265 2185
0 903 201 1193
782 362 1153 725
1685 1459 2265 2185
0 975 499 1878
967 0 2265 2024
0 411 943 1451
120 48 379 379
1822 741 2080 1072
0 411 943 1419
346 564 943 1419
846 870 1459 1749
846 870 1459 1507
846 870 1185 1507
846 870 1161 1354
1128 1048 1459 1475
1120 790 1419 1128
967 1040 1814 2024
1177 0 2265 1532
1177 346 2265 1532
1177 346 1717 1096
604 1451 975 1870
0 975 499 1830
0 1370 499 1830
16 1370 499 1830
0 1790 1096 2556
0 1790 991 2556
0 1540 1822 2540
362 564 943 1419
362 564 774 943
564 249 1128 741
120 48 379 338
677 693 943 1419
846 870 1161 1266
919 870 1161 1266
1177 346 1717 1024
1177 346 1717 895
1128 1185 1419 1475
1580 475 2265 1532
1685 1459 2265 2088
0 975 354 1548
0 975 354 1282
1580 475 2265 1314
604 1596 975 1870
677 693 935 1314
112 1370 499 1830
967 1137 1814 2024
1145 1862 2265 2951
1145 2112 2265 2951
967 1201 1814 2024
967 1257 1814 2024
1137 1257 1814 1661
1403 0 2048 524
1403 0 1895 290
1693 475 2265 967
1927 475 2265 943
0 1540 1822 2524
0 1556 790 2104
1177 346 1709 774
967 1532 1370 2024
0 1790 967 2556
0 411 387 959
32 411 387 951
1427 1257 1814 1661
0 1556 645 2104
661 1540 1822 2524
1669 2499 2265 2951
1532 1975 2161 2459
1209 1540 1822 2524
185 1556 645 2104
362 1556 645 2104
