0 0 2265 4032
1822 1145 2153 1346
1169 233 1443 483
0 0 1112 1169
717 2169 1016 2572
798 0 2265 1346
2032 1330 2265 1548
830 2169 1016 2451
1128 1088 1443 1370
830 2233 1016 2451
0 862 774 1169
145 870 774 1161
1886 3725 2265 4032
145 870 475 1161
1145 0 1387 451
0 758 2265 4032
0 0 1112 1032
0 0 1112 1024
2096 1516 2265 1814
830 1814 999 2096
0 758 2265 3056
0 2225 2265 4032
1975 2862 2265 3161
0 878 1443 2411
0 814 2265 3056
798 0 2265 1169
1330 8 1677 451
1862 0 2072 169
1717 1403 2265 3056
1717 1403 2265 2814
1983 2056 2265 2814
0 814 2265 2822
1717 1169 2265 2032
1814 1169 2265 2032
1814 1169 2265 1612
1814 1330 2265 1612
878 0 2265 1169
903 0 2265 1169
798 0 999 379
1120 580 1451 935
1685 2943 1975 3169
1161 0 2265 1169
1338 0 2265 1169
1717 1403 2265 2330
0 0 1112 838
878 2233 1120 2644
1411 0 2265 1169
903 0 1274 887
903 0 1274 733
1717 1499 2265 2330
1854 1685 2265 2330
0 903 1443 2411
0 903 1443 2080
0 903 1443 2007
0 1153 1056 1669
1919 2620 2265 3056
1919 2620 2249 3056
0 814 2136 2822
0 1733 1225 2556
0 1733 1177 2556
1967 774 2265 1169
0 1161 1056 1669
1024 878 1378 1427
1024 878 1378 1201
0 1128 1443 2007
0 2306 2265 4032
1878 2290 2241 2717
1411 0 2265 919
0 1733 1177 2548
0 1733 1153 2548
749 1862 1153 2290
1475 758 1782 1153
1411 0 2265 862
903 0 1185 459
903 0 1137 459
2104 0 2265 701
1096 814 2136 2822
1935 3507 2265 3878
0 2628 1387 4032
1411 0 2201 862
580 2225 798 2483
1757 2588 2032 3048
1943 3233 2193 3532
1782 588 2016 919
1411 137 2201 862
1661 137 2201 725
1185 580 1451 935
48 903 1104 1330
1096 814 2080 2822
1153 1911 1790 2822
459 1596 1008 2080
459 1596 790 2007
1096 814 2080 2104
1120 895 2080 2104
1443 1048 1903 1290
1983 2201 2265 2814
0 1733 822 2548
153 1733 822 2548
153 2249 604 2548
1282 1709 2080 2104
628 1645 1008 2080
0 1169 758 1669
0 1701 572 2411
685 403 1112 838
0 1701 572 2330
0 1749 572 2330
1411 322 1846 862
1120 895 1822 1814
1120 1145 1822 1814
1120 1201 1491 1782
1120 1201 1443 1782
0 2306 846 2822
1290 1145 1822 1814
645 2451 2265 4032
1290 1145 1766 1814
1290 1145 1685 1798
1290 1145 1612 1798
1290 1145 1596 1725
1290 1145 1596 1524
0 1169 661 1669
0 1846 572 2330
1153 1911 1790 2620
0 2306 741 2822
1661 137 2088 725
1661 137 2080 725
0 1233 1443 2007
0 1362 1443 2007
653 1362 1443 2007
870 1612 1443 2007
1491 2056 1927 2443
1282 1709 2080 1991
588 1161 1056 1427
1491 2056 1927 2298
0 1169 564 1669
395 1733 822 2274
499 1991 822 2274
64 1846 572 2330
0 1516 733 1959
1572 2016 2136 2717
1572 2016 2120 2717
290 2306 741 2822
1507 548 1846 862
1975 2290 2241 2620
1137 3007 2265 4032
1137 3362 1725 3894
1137 3362 1524 3741
64 1516 733 1959
64 1620 370 1959
1120 1201 1387 1782
1604 2782 1846 3088
1249 3580 1725 3894
0 2628 1322 4032
645 2451 1806 3580
645 2451 1169 3007
645 2451 1008 3007
274 2024 564 2330
1499 3007 2265 4032
1499 3015 2217 4032
1249 2459 1556 2822
999 2636 1806 3580
1024 2636 1806 3580
1499 3088 2080 4032
1540 3088 2080 3628
1540 3177 2080 3628
1499 3548 2016 4032
1024 2636 1741 3580
1153 1911 1790 2580
0 2765 1322 4032
0 2765 1048 4032
0 3338 427 3967
346 1516 733 1806
516 2911 1322 4032
516 2999 1322 4032
516 3040 1322 4032
975 3040 1322 3628
516 3467 1274 4032
516 3523 1274 4032
0 2765 1048 3661
0 2765 887 3483
1169 3862 1387 4032
1846 3838 2016 4007
1314 3806 1540 4032
854 3693 1274 4032
0 3636 298 3967
1499 3596 1903 4032
1249 3596 1411 3806
1354 3580 1725 3894
1741 3548 2016 3886
516 3523 895 4032
1475 3515 1693 3709
217 3515 774 4032
2040 3475 2201 3669
975 3467 1249 3628
766 3467 1161 3790
1225 3362 1524 3669
1830 3354 2080 3580
0 3338 427 3709
1943 3314 2193 3532
943 3298 1193 3515
1540 3177 1919 3628
1886 3096 2064 3370
790 3096 999 3306
1717 3088 1959 3298
1564 3088 1725 3273
1032 3040 1322 3515
1943 3015 2217 3298
967 2999 1177 3257
266 2999 1048 3661
419 2975 701 3201
0 2975 483 3483
1782 2943 1975 3153
1975 2927 2265 3161
887 2911 1056 3185
1975 2862 2217 3040
0 2854 419 3217
1322 2830 1572 3024
1604 2814 1766 3088
1177 2798 1741 3580
282 2765 887 3104
1919 2749 2185 3056
870 2733 1145 3072
1459 2669 1806 2935
1024 2636 1282 3064
32 2628 427 2943
2007 2620 2249 2983
1161 2596 1483 2894
1757 2588 2016 3048
645 2580 1008 3007
1572 2556 1749 2782
1249 2540 1532 2822
911 2540 1169 2749
588 2499 846 2774
1983 2459 2265 2814
1330 2459 1556 2693
790 2451 951 2620
290 2451 645 2822
0 2451 370 2741
878 2411 1120 2644
1983 2386 2241 2620
1572 2370 2120 2717
32 2330 282 2499
1177 2306 1378 2532
508 2306 741 2636
1975 2290 2201 2451
330 2257 604 2548
153 2249 395 2491
717 2225 975 2572
580 2225 774 2427
1653 2193 1862 2443
0 2193 241 2459
1459 2177 1790 2475
1612 2072 1927 2298
1491 2056 1709 2290
395 2056 564 2322
499 2048 701 2274
274 2024 475 2330
1935 2016 2136 2378
1749 2016 2016 2427
822 1999 1153 2249
645 1991 822 2241
1636 1975 2128 2153
395 1951 572 2128
0 1943 201 2161
1153 1911 1596 2580
1620 1895 1927 2080
749 1862 959 2290
1927 1854 2145 2024
64 1846 435 2330
1854 1822 2040 1999
628 1822 846 2080
830 1814 999 2032
951 1790 1177 2064
459 1774 782 2007
249 1749 532 1967
1636 1733 2080 1935
395 1733 661 2153
1282 1709 1701 1991
1854 1685 2265 2145
717 1645 1008 1895
0 1628 193 1911
64 1620 298 1959
1128 1612 1443 2007
870 1612 1193 1870
475 1596 790 1846
1822 1524 2265 2032
2096 1516 2265 1782
1572 1516 1741 1749
491 1516 733 1741
346 1516 540 1806
1717 1499 1935 1814
1475 1475 1685 1701
1153 1475 1387 1782
1274 1467 1443 1757
2048 1427 2265 1612
1596 1362 1822 1628
653 1362 1217 1733
1290 1346 1491 1532
1814 1330 2104 1596
572 1298 758 1572
1435 1274 1596 1524
0 1266 419 1669
1564 1249 1741 1427
2024 1241 2265 1403
459 1241 661 1620
991 1233 1193 1451
870 1209 1056 1427
1120 1201 1314 1532
1717 1193 1919 1499
1225 1185 1443 1370
1862 1169 2072 1419
346 1169 564 1580
588 1161 935 1411
1048 1153 1217 1427
0 1153 258 1370
1290 1145 1572 1403
895 1128 1080 1290
48 1128 467 1330
1128 1088 1427 1249
1443 1048 1677 1290
2088 1016 2265 1346
1733 1008 2128 1217
1604 967 1782 1153
1975 911 2265 1169
411 903 1104 1201
330 903 774 1072
1290 895 1516 1209
1024 878 1257 1201
169 870 419 1128
0 862 209 1169
1096 814 1322 1096
1346 806 1532 1112
1967 774 2265 1008
1475 758 1725 1145
169 741 1032 1024
1677 733 2096 1048
1274 709 1451 935
1403 677 1612 911
991 604 1177 887
1959 596 2128 822
1185 580 1370 838
1620 556 1846 862
2072 548 2265 766
1507 548 1733 838
685 524 1112 838
878 411 1112 637
1064 403 1274 733
822 403 991 661
1661 346 2080 725
1411 322 1717 612
1967 314 2201 645
1274 314 1443 483
0 290 766 1032
1169 233 1403 467
1620 145 1782 459
1145 145 1387 451
798 145 999 379
1685 137 1878 532
1314 120 1507 516
1330 8 1677 193
2104 0 2265 314
1725 0 1951 282
1596 0 1830 387
814 0 999 209
104 0 290 258
0 0 975 653
0 0 1830 1096
1024 0 2265 4032
0 741 1443 4032
1935 1209 2177 1403
1024 1709 2265 4032
0 0 1733 1096
1048 0 2265 2290
1274 0 2265 2290
1919 233 2265 798
1919 532 2265 798
1048 999 1443 1427
1048 1088 1443 1427
1048 1088 1427 1427
0 741 1443 2628
0 1790 1322 4032
0 741 1443 2491
153 2249 508 2491
1435 1249 1741 1524
1919 532 2145 798
1919 2628 2265 3161
830 1959 1298 2628
975 1959 1298 2628
1145 0 1354 314
1919 2749 2265 3161
0 741 1443 2330
0 0 1677 1096
1161 0 1677 612
0 878 1443 2330
1322 548 1733 838
1435 112 1677 451
1096 1959 1298 2628
0 741 1112 1330
1491 1854 2145 2290
1274 0 2265 2145
1161 0 1677 532
1572 1499 1935 1814
1733 911 2265 1419
1346 0 1830 387
1725 0 2265 475
1725 0 2265 370
1725 0 2112 370
0 0 1387 1096
1064 145 1387 451
0 741 1104 1330
1725 0 2088 370
1435 112 1604 403
1822 1145 2153 1419
532 1266 758 1572
1636 1854 2145 2153
1161 8 1677 532
1314 8 1677 516
1274 137 2265 2145
1604 1088 2265 2145
2024 1241 2265 1612
1274 137 2201 1814
48 741 1104 1330
1024 2588 2265 4032
1604 1088 1919 1499
1814 1330 2265 2145
1814 1330 2265 2032
1782 596 2128 919
0 1790 1177 3072
0 2040 604 2556
0 2040 354 2556
0 2040 282 2499
0 2040 241 2459
1733 911 2265 1217
580 1790 1177 3072
749 1790 1177 2427
822 1790 1177 2427
822 1790 1177 2249
2032 1330 2265 1612
1153 1709 2265 2822
1282 1709 2080 2080
298 878 1257 1620
298 1088 1080 1620
1153 1911 2265 2822
1620 1822 2040 2080
1330 2419 1628 2782
1274 709 1532 1112
298 1088 1056 1620
580 2225 1169 3072
1290 137 2201 1814
1290 733 2096 1814
1290 758 1822 1814
1290 895 1822 1814
1290 895 1677 1725
1290 1145 1572 1725
1290 1346 1540 1725
1604 2814 1854 3169
2080 2088 2265 2548
0 0 1370 1096
685 403 1370 1096
685 411 1112 838
1290 895 1677 1290
0 1201 1443 2330
0 2306 1322 4032
266 2975 1322 4032
1153 1911 2136 2822
0 1596 1008 2330
395 1596 1008 2274
395 1951 822 2274
0 1201 1443 2153
1153 1911 2120 2822
1620 137 2201 862
1620 137 2080 862
1064 403 1370 1096
1475 1362 1822 1814
0 0 975 1032
0 1628 564 2330
346 1088 1056 1620
346 1088 733 1620
1064 403 1370 838
1177 2483 1532 2822
1153 1911 2120 2717
822 1814 1153 2249
588 1161 1056 1475
1475 1362 1822 1798
1475 1362 1822 1701
0 1701 564 2330
0 1749 564 2330
1024 2588 2265 3669
1757 2588 2265 3628
1782 2943 2265 3628
1830 3007 2265 3628
1943 3007 2265 3628
1943 3007 2265 3370
580 2225 1169 2749
580 2225 1120 2644
459 1596 1008 2007
0 1233 1443 2153
0 1266 733 2153
0 1266 661 2153
0 2306 1056 4032
1749 2016 2136 2427
346 1169 661 1620
1024 2596 1959 3669
580 2225 975 2620
580 2225 975 2572
1564 3088 1959 3298
266 2999 1322 4032
967 2999 1322 3628
1024 2596 1846 3669
1161 2596 1846 3048
0 2306 1056 3185
64 1749 564 2330
1137 3177 2265 4032
1137 3580 1725 4032
1782 2943 2064 3370
282 2306 1056 3185
1169 3580 1725 4032
653 1233 1443 2007
1169 3806 1540 4032
508 2306 1056 3185
508 2306 1008 3007
588 2499 1008 3007
653 1233 1217 1733
64 1846 564 2330
0 2628 895 4032
0 3515 895 4032
1499 3177 2265 4032
1499 3177 2016 4032
346 1516 661 2153
1024 2636 1741 3669
266 2999 1274 4032
1177 2798 1741 3669
1161 2596 1806 3024
1161 2596 1572 3024
1499 3177 1919 4032
0 3515 774 4032
766 3467 1274 4032
0 2628 483 3709
0 2975 483 3709
282 2451 887 3104
0 2628 427 3217
1822 1201 2265 1548
1298 0 1620 282
0 0 1120 1177
1008 0 1443 483
1016 0 1443 483
1145 0 1443 483
1145 0 1354 451
1878 3717 2265 4032
0 1056 2265 4032
48 0 2265 3161
822 1838 1145 2475
0 749 1104 1177
0 749 1104 1169
0 749 1104 1128
1322 1669 1540 1878
798 0 2265 1128
1854 2290 2241 2556
1322 0 1620 282
1322 0 1572 282
48 814 2265 3161
1685 1193 2265 2032
169 749 1104 1072
169 749 1104 1032
0 1838 983 2556
822 1927 1145 2475
1499 2056 1959 2491
0 0 1120 1032
798 0 2265 1120
798 0 2265 1072
1693 1499 2153 1870
1128 895 2265 3161
1717 1225 2265 2032
1403 709 1782 1120
48 814 1378 1306
48 814 1249 1306
1306 0 2265 1008
1443 0 2265 1008
1862 911 2265 1419
1878 3725 2265 4032
0 1088 1056 1669
1967 2370 2265 3161
0 2346 1806 4032
798 0 1540 1072
870 395 1540 1072
870 395 1451 1072
1733 862 2120 1169
1524 758 1782 1120
1128 895 2265 2451
967 870 1378 1225
0 1145 1056 1669
1306 137 1677 628
1507 0 2265 1008
1967 2459 2265 3161
0 2395 1806 4032
0 1056 1733 2894
0 1056 1733 2806
1862 1096 2265 1419
1128 895 2265 2427
1128 895 1507 1306
725 2419 2265 4032
0 1596 830 2403
967 1032 1233 1225
1266 911 2265 2427
64 1056 1733 2806
951 1628 1266 2499
951 1628 1266 2475
951 1628 1233 2201
24 1161 1056 1653
0 3806 459 4032
0 3822 403 4032
1266 911 2265 2378
1911 1798 2265 2378
1507 0 2177 919
0 1596 830 2338
1266 911 2080 2104
1878 2846 2241 3161
48 911 1112 1306
1766 2016 2088 2427
1499 2056 1959 2443
1249 895 1507 1249
1499 2056 1927 2443
1499 2056 1927 2322
1266 967 2080 2104
298 1161 1056 1580
298 1185 758 1580
1507 88 2177 919
1266 1233 2080 2104
1266 1717 2080 2104
1507 185 2177 919
1645 185 2177 919
1459 2419 2265 3443
572 2225 1443 2894
1975 2290 2241 2556
725 3233 2265 4032
1435 911 1669 1290
0 1596 806 2338
48 959 1024 1306
1282 1233 1790 1822
1411 1241 1790 1822
1411 1241 1790 1725
0 2193 580 2556
0 2193 379 2556
64 1233 1193 1967
846 1056 1733 2806
846 1056 1733 2572
846 1056 1451 2201
846 1056 1451 1983
1088 1241 1451 1983
346 1088 733 1282
1693 3233 2265 3886
1475 1241 1790 1725
725 3523 1903 4032
1459 2419 2217 3443
1459 2419 2048 3080
1459 2419 2007 3080
1645 2943 2217 3443
0 1701 201 2104
878 2403 1548 2806
1096 2403 1548 2806
0 1749 572 2338
0 1846 572 2338
1499 2056 1927 2290
1459 2419 1862 2935
572 2225 1008 2701
64 1516 612 1967
427 1596 806 1903
64 1612 370 1967
1266 1717 2080 2032
1145 2007 1733 2572
943 2572 1443 2894
725 3523 1411 4032
1806 3233 2265 3838
209 1951 572 2330
870 3523 1411 4032
1943 3015 2217 3443
0 2395 1233 4032
1806 3233 2265 3669
1782 3846 1991 4032
1169 3846 1387 4032
64 3822 403 4032
1878 3790 2265 4032
870 3693 1274 4032
725 3604 911 3806
1249 3580 1903 4032
1693 3548 2056 3886
1137 3523 1411 3773
1935 3507 2265 3838
2040 3322 2265 3669
1709 3257 1919 3491
1806 3233 2104 3580
1983 3193 2185 3443
1564 3096 1725 3290
1943 3015 2217 3290
0 2975 483 3475
1645 2943 2032 3306
1878 2935 2096 3161
2080 2927 2265 3161
1975 2846 2241 3048
1854 2701 2048 2983
887 2685 1056 2886
1459 2644 1862 2935
1935 2636 2249 3032
999 2636 1806 3644
1161 2596 1443 2894
1604 2588 2007 3080
943 2572 1177 2822
1580 2491 1951 2701
1967 2459 2265 2983
878 2435 1128 2661
1249 2427 1548 2806
1483 2419 1749 2782
1096 2403 1354 2628
1572 2395 2120 2596
612 2322 798 2515
1185 2306 1378 2532
193 2282 379 2556
588 2265 1008 2701
290 2257 580 2540
572 2225 878 2572
1467 2217 1733 2532
1653 2193 1830 2443
854 2169 1048 2475
1919 2088 2209 2378
1612 2064 1927 2290
1499 2056 1709 2290
999 2032 1161 2499
209 2024 475 2330
1766 2016 2007 2427
1145 2007 1596 2572
1636 1959 1967 2136
395 1951 572 2322
1137 1927 1370 2201
822 1927 1145 2249
1564 1878 1725 2104
604 1846 830 2080
0 1846 532 2338
427 1838 983 2298
1911 1798 2265 2217
951 1798 1233 2201
556 1774 782 2007
266 1749 532 1967
1790 1717 2080 1975
1266 1717 1911 2032
1322 1669 1499 1878
830 1669 1024 1838
733 1645 1016 1967
1878 1636 2153 1870
1483 1636 1774 1822
427 1636 758 1903
1008 1628 1193 1967
64 1628 298 1967
346 1516 612 1757
1693 1499 1903 1806
2096 1491 2265 2032
1774 1467 1935 1725
1128 1467 1451 1983
1475 1411 1685 1725
0 1395 233 1669
2032 1314 2265 1548
1564 1241 1790 1612
1088 1241 1378 1782
24 1241 403 1653
1282 1233 1620 1524
588 1233 1193 1790
1717 1225 2201 1895
1822 1201 2064 1491
298 1193 540 1580
1225 1185 1443 1387
459 1185 758 1580
1862 1169 2040 1403
588 1169 951 1427
878 1161 1056 1411
1830 1153 2153 1346
0 1145 258 1370
1354 1120 1564 1387
677 1104 911 1282
2007 1096 2265 1419
846 1056 1217 1427
1008 1032 1233 1193
48 1024 717 1306
2096 1016 2265 1298
1491 1016 1669 1290
1249 975 1507 1249
1604 967 1903 1330
379 959 1024 1193
2048 911 2265 1137
475 887 1112 1048
56 878 459 1177
1024 870 1378 1145
1903 862 2120 1169
0 862 209 1128
1677 830 2007 1128
1346 806 1532 1032
1886 790 2265 1008
1524 758 1709 1088
169 749 991 1032
1757 717 1919 887
1943 588 2128 822
1507 548 1814 895
725 524 1120 854
1249 483 1540 749
870 403 1451 1072
1991 314 2153 491
1645 314 2177 919
1056 225 1225 467
1886 209 2161 379
1701 185 1903 499
790 185 991 604
1145 145 1354 451
1306 137 1677 612
1822 88 2072 314
1443 56 1677 290
2104 0 2265 274
1935 0 2169 225
1669 0 1951 233
1322 0 1491 274
798 0 1056 427
814 0 983 233
0 0 967 1032
1685 1193 2064 1491
0 0 2265 2556
1225 322 1443 483
2080 249 2265 790
0 749 2265 4032
572 1628 2265 4032
2072 3717 2265 3886
2080 491 2265 790
0 0 1580 1161
1330 620 1580 911
1161 0 2265 2556
0 0 1451 1161
1572 201 1774 556
0 749 1564 4032
0 749 1564 2653
0 2193 1233 4032
1604 2128 2265 2556
0 0 1451 1072
1161 0 2265 2427
749 911 1112 1161
1128 1120 1564 1387
1225 1120 1564 1387
0 749 1540 2653
1233 0 1766 467
1878 2636 2265 3161
1233 0 1766 290
1322 0 1766 290
193 1524 362 1685
1830 1153 2153 1403
1604 2290 2241 2556
1854 2290 2201 2459
0 749 1507 2653
1943 564 2225 822
1943 564 2145 822
572 1628 2120 2894
1233 0 1435 258
1878 2927 2265 3161
0 749 1104 1419
0 878 774 1177
56 878 774 1177
1499 1878 1959 2443
1443 0 1766 290
798 0 1225 483
1161 0 2265 1548
1935 0 2265 524
1935 0 2265 274
0 959 1024 1419
1282 758 2265 2427
0 870 1507 2653
798 0 1120 483
0 1145 338 1419
0 749 991 1128
1443 120 1645 467
1822 88 2161 491
1161 137 1806 749
1161 395 1540 749
0 3822 645 4032
0 3822 499 4032
1507 0 2265 1548
1669 0 2088 233
1507 185 2265 1548
1507 185 2265 1419
2007 911 2265 1419
1346 806 1572 1145
870 2419 2265 4032
48 2249 645 2653
48 2249 580 2653
193 2249 580 2653
193 2257 580 2653
193 2282 427 2653
1612 2064 1959 2443
1653 2193 1959 2443
1306 137 1806 612
870 3257 2265 4032
870 3467 2265 4032
1507 185 2265 1169
0 870 1507 2338
588 870 1507 1475
572 1628 1443 2894
999 2419 2265 3669
1983 3007 2265 3443
1854 2459 2265 3048
604 1628 1354 2628
604 1645 1016 2080
1822 88 2161 379
1766 1636 2265 2427
1282 758 1903 1822
0 1185 1451 2338
0 1395 1145 2338
0 1395 233 1774
1507 185 2265 1128
1282 1233 1620 1717
588 870 1378 1475
588 1032 1233 1475
870 3507 2265 4032
1782 3790 2265 4032
1475 758 1903 1822
1854 2459 2265 2983
1967 1999 2193 2233
951 1628 1354 2628
0 1596 1145 2338
1483 758 1903 1822
1491 758 1903 1806
1491 1016 1903 1806
1491 1016 1790 1612
1145 1717 2120 2806
1572 2395 2120 2701
1766 1798 2265 2427
588 1056 1217 1475
1507 548 2265 1128
1677 790 2265 1128
0 1636 782 2338
427 1838 1145 2298
725 403 1451 1072
951 1628 1233 2499
1145 1717 2080 2806
24 1185 1451 1983
24 1185 758 1967
1766 2016 2209 2427
0 1636 758 2338
0 1701 201 2169
588 1233 1451 1983
572 2225 1177 2886
887 2572 1177 2886
1145 1911 1733 2806
427 1838 999 2298
1459 2419 2265 3669
24 1185 758 1653
0 1943 201 2169
1564 2943 2265 3669
1145 1911 1733 2572
1145 1911 1596 2572
24 1193 540 1653
588 1233 1378 1790
1459 2588 2007 3080
1645 2943 2265 3669
1693 3507 2265 3886
870 3523 1903 4032
0 749 177 1185
225 0 612 419
225 0 459 379
266 0 459 379
1040 1725 1677 2007
346 0 612 419
733 2145 1040 2459
0 0 1564 1153
0 0 1443 1153
0 0 1322 1153
298 580 475 814
0 0 1266 1153
516 0 790 653
596 145 790 653
0 1330 580 1975
0 1330 467 1701
1330 0 1564 282
2048 1354 2265 1540
717 0 1266 951
846 0 1266 588
999 0 1266 588
0 0 951 1153
0 0 516 717
1322 620 1717 1088
612 1677 1008 2225
2096 1645 2265 2016
0 548 951 1153
0 1395 467 1701
64 548 951 1153
0 0 451 604
1822 2757 2265 3169
0 0 2265 2943
0 1153 548 1596
0 1153 508 1499
0 1153 346 1378
0 1153 201 1378
1088 233 1266 588
0 2193 2265 4032
846 2145 1040 2451
1975 2757 2265 3128
0 0 225 314
1935 1701 2145 1991
0 8 451 604
