0 0 2448 3263
0 2108 1873 3022
0 2474 1024 3022
554 2937 757 3159
1122 1325 2448 2199
1135 1325 2448 2167
1135 1423 2363 2167
0 2088 2180 3263
861 2088 2180 3263
2147 1834 2448 2134
1834 2088 2180 2611
417 2173 1070 2552
0 2154 2082 3263
718 2108 1873 2663
2108 1325 2448 1658
1018 0 1775 2310
2108 1377 2415 1658
1122 2049 1416 2199
0 0 1631 2748
0 1396 2448 3263
1057 0 2448 2245
0 0 1631 1090
0 130 1468 1090
0 0 1631 646
0 456 1475 2748
861 2565 2108 3263
1018 1037 1390 2310
1018 1880 1220 2310
1318 0 1775 1090
0 665 1396 2748
1880 1684 2239 1977
0 2062 1031 2748
1064 0 2448 2226
0 1919 1945 2976
0 2147 1318 2976
0 665 1396 2487
1122 1396 2448 3263
2193 1396 2448 1684
0 2278 1175 2976
2154 1834 2448 2134
0 0 1534 646
1240 391 2448 1938
1122 1631 2448 3263
1377 1840 1938 2245
1880 1690 2219 1977
2030 1631 2448 2036
2180 1631 2448 1938
2193 1396 2448 1677
1161 456 1475 907
1325 456 1475 783
1122 1853 2448 3263
1481 1840 1938 2056
1325 1853 2448 3263
1207 2565 2108 3120
913 1364 1214 1795
1240 528 2448 1938
1971 528 2448 985
1971 613 2448 985
1064 0 2062 2226
1064 143 1945 2226
1325 1964 2448 3263
0 3055 339 3263
0 665 1396 2421
1710 2663 2036 2976
1064 907 1592 2226
0 2669 979 3263
1175 907 1592 1880
1344 907 1592 1364
1821 3087 2030 3263
0 665 1299 2421
1240 750 2448 1938
1240 1625 1612 1938
1064 848 1396 1364
1325 1971 2448 3263
1325 750 2448 1716
874 2154 2082 3055
1507 1840 1938 2017
1259 1919 1945 2323
1971 620 2448 985
613 2957 874 3263
1566 0 2062 639
1566 0 2062 620
509 2278 1175 2689
1175 848 1396 1227
1325 2199 2448 3263
1325 2232 2448 3263
1325 2369 2448 3263
2219 2036 2448 2382
1821 0 2448 691
1325 2467 2448 3263
959 2108 1873 2532
959 2180 1716 2532
0 2885 437 3263
0 2885 437 3172
0 2918 437 3172
1325 763 2448 1716
1325 887 2448 1716
1645 1919 1945 2167
1377 1971 1703 2245
1488 1971 1703 2154
2115 2232 2350 2428
1325 933 2448 1716
1325 1070 2448 1716
1462 2467 2448 3263
1122 3048 1462 3263
0 0 600 215
0 796 1299 2421
0 0 1286 646
0 796 1299 1592
1494 2467 2448 3263
1494 2996 1827 3263
0 1514 1155 2421
0 1514 1155 2147
1586 2278 1997 2552
0 0 1286 613
1560 2395 2082 2846
541 796 1299 1592
541 796 1299 1416
372 2669 979 3263
372 2872 633 3263
372 2872 633 3159
0 0 1240 613
1259 2075 1749 2323
1259 2115 1658 2323
0 0 881 613
874 2154 1925 3055
874 2330 1723 3055
1586 2278 1893 2552
509 2337 1005 2689
1795 2467 2448 3218
1795 2585 2448 3218
1795 2585 2448 3133
1912 2585 2448 3120
1064 2330 1723 3055
1638 0 2062 437
0 665 607 1168
0 3068 339 3263
1984 2585 2448 3061
1756 2395 2082 2728
1148 0 1534 398
1984 2585 2448 3035
1175 2330 1723 3009
1984 2669 2448 3035
1984 2669 2304 3035
0 39 809 613
1984 2669 2199 3035
1064 2565 1436 3055
1286 2591 1592 3009
0 39 567 613
0 2526 829 2976
378 2669 979 3022
1821 3100 1977 3263
1605 3094 1880 3263
130 3094 339 3263
378 3087 515 3263
1122 3081 1344 3263
2069 3068 2239 3198
0 3068 189 3263
1272 3048 1462 3218
2004 3035 2199 3218
770 3022 1168 3263
1671 3009 1827 3159
1494 2996 1736 3263
2010 2983 2448 3263
489 2963 685 3263
574 2957 737 3146
2193 2950 2382 3100
1357 2950 1553 3133
2265 2937 2448 3074
2115 2937 2284 3074
372 2937 633 3159
0 2931 274 3172
861 2918 1338 3263
176 2918 437 3172
1912 2891 2134 3120
1795 2878 1951 3133
378 2872 626 3068
2154 2846 2304 2996
1064 2846 1227 3055
2252 2839 2448 3015
1501 2826 1847 3068
1984 2813 2134 3061
1814 2813 1945 2957
2049 2780 2193 3035
71 2780 450 2976
842 2774 1142 3068
1207 2754 1827 3120
1286 2754 1592 3009
378 2735 698 2963
1312 2722 1840 3028
0 2702 613 3022
1710 2689 1984 2904
2108 2669 2245 2865
1984 2669 2199 2839
574 2669 979 3022
1906 2663 2036 2976
2199 2643 2330 2800
1227 2611 1377 2741
672 2604 861 2767
0 2604 398 2976
874 2598 1116 2898
1383 2591 1573 2820
2291 2585 2448 2813
1788 2565 2108 2787
1109 2565 1436 3002
900 2552 1272 2787
1024 2532 1214 2669
718 2532 998 2663
300 2526 829 2800
1756 2519 2004 2728
2017 2513 2310 2780
1560 2506 1821 2846
528 2474 1024 2715
2304 2467 2448 2604
2115 2467 2350 2624
391 2467 659 2696
940 2415 1292 2591
1840 2395 2082 2656
0 2389 646 2748
1586 2382 1834 2552
2023 2376 2180 2611
2219 2369 2448 2578
2134 2356 2284 2572
724 2343 900 2513
1775 2337 1997 2545
1175 2330 1723 2735
959 2304 1475 2532
417 2297 959 2552
1664 2278 1893 2428
946 2278 1175 2474
1808 2239 1984 2454
2212 2232 2350 2428
2115 2232 2245 2402
0 2212 430 2395
1364 2180 1716 2323
868 2173 1070 2350
1834 2154 2036 2474
1325 2154 1925 2461
0 2154 456 2323
1096 2147 1318 2415
1259 2121 1468 2323
1964 2115 2147 2448
1390 2115 1658 2284
2219 2095 2376 2382
2304 2088 2448 2232
1834 2088 2088 2389
0 2062 1031 2617
1377 2030 1547 2245
1645 1997 1840 2167
594 1997 985 2173
2017 1971 2258 2330
2245 1964 2448 2115
1925 1964 2062 2108
1684 1919 1945 2121
1481 1912 1729 2056
2030 1893 2245 2036
254 1893 639 2069
0 1880 1037 2421
2147 1873 2310 2043
1834 1853 1991 2030
2180 1847 2448 2062
1064 1821 1253 2226
587 1801 946 1958
1932 1775 2102 1925
0 1762 443 1938
783 1749 1096 1997
561 1749 802 1912
1671 1736 1951 1919
2180 1716 2448 1938
1886 1690 2219 1945
2095 1684 2239 1847
1240 1645 1612 1938
2258 1631 2448 1899
1292 1625 1475 1788
483 1592 887 1756
2108 1462 2310 1658
0 1462 881 1873
2265 1455 2448 1631
913 1455 1207 1795
2102 1442 2363 1684
1135 1423 2310 2167
1423 1370 1645 1507
456 1370 940 1560
2141 1325 2448 1468
1899 1299 2239 1442
691 1299 1214 1592
1462 1266 1873 1423
1325 1233 2186 1716
2030 1220 2448 1475
1064 1214 1272 1364
1175 1142 1481 1880
1344 1096 1566 1364
1553 1090 1762 1220
0 1090 829 1592
1821 1070 2448 1331
1090 1037 1390 1991
0 998 300 1246
1175 985 1331 1227
2062 972 2448 1201
1481 933 2448 1344
1762 907 1958 1083
1383 907 1592 1292
1762 887 2180 1122
541 881 1299 1416
2239 874 2448 1005
1253 848 1396 998
104 802 607 1168
822 796 1279 992
1161 770 1416 907
1586 763 1971 1135
2173 750 2448 946
1971 731 2291 985
443 731 626 933
0 665 554 1064
2219 620 2448 848
1716 587 2310 920
1769 554 1899 705
2265 528 2448 672
0 502 235 646
1919 398 2278 633
2088 391 2448 633
0 254 561 613
2297 189 2448 437
1455 143 1945 1103
966 117 1286 365
450 52 809 430
1155 45 1534 398
1638 39 1840 437
0 39 567 339
1410 19 1625 456
2010 0 2173 163
1801 0 2062 280
1357 0 1775 1005
1148 0 1312 143
770 0 1240 176
554 0 881 163
176 0 600 215
0 1631 2448 3263
0 0 2448 2748
0 0 1534 2748
913 0 2448 2310
0 0 1534 2617
0 2082 2180 3263
1834 2082 2180 2611
1057 2049 1416 2245
1018 0 2448 2310
1064 0 1631 1364
1135 0 2448 2167
1018 0 2062 2310
483 1566 1044 1756
1064 19 1625 1364
913 1364 1214 2186
913 1364 1214 1997
1423 1331 1742 1507
1018 874 1416 2310
372 2937 757 3159
1899 1220 2448 1475
0 1840 1945 2976
2095 1618 2448 1847
1161 19 1625 1227
1161 607 1416 1227
1161 607 1416 907
0 665 1299 2617
0 0 1534 1090
208 2833 489 3002
1775 2239 1997 2545
248 2852 404 3002
2304 2036 2448 2232
1775 3081 1977 3263
1135 972 2448 2167
2108 2643 2330 2865
913 1364 1214 1971
913 1455 1207 1971
1834 1690 2219 2128
0 665 1299 2147
0 1880 1037 2617
1377 19 1625 783
2010 2950 2448 3263
887 2415 1377 2669
887 2415 1377 2630
1710 2513 2310 3061
1710 2663 2134 3061
1710 2689 1984 2957
456 1266 1057 1560
1122 2983 1599 3263
1122 3048 1579 3263
1566 430 1749 639
861 2754 1827 3263
1057 2075 1357 2245
1135 1070 2448 2167
2102 1396 2448 1684
796 2598 946 2898
887 2415 1292 2624
2069 2950 2382 3198
0 2604 1168 3263
1018 874 1416 2245
1462 0 2448 1423
1462 528 2448 1423
0 665 1299 1873
1096 1919 1945 2415
1494 1631 2448 3263
1494 2585 2448 3263
0 2604 1142 3263
2017 1631 2448 2578
1834 1853 2069 2128
0 2604 979 3263
900 2154 2082 3055
1494 2669 2448 3263
1716 528 2448 920
1906 2663 2134 3061
1462 620 2448 1423
0 705 300 861
1090 874 1416 1991
0 0 1468 1090
0 1880 1037 2487
1494 2761 2448 3263
489 2957 1168 3263
176 2604 979 3263
378 2604 979 3068
842 2774 1142 3100
1122 3048 1494 3263
1357 0 2062 1103
1455 0 2062 1103
1494 2780 2304 3263
1560 1919 1945 2199
2017 1971 2448 2578
2030 1716 2448 2036
176 2918 515 3263
2017 1971 2376 2382
900 2330 2082 3055
1494 2780 2193 3263
1064 1142 1481 2226
900 2330 1821 3055
900 2552 1377 2787
1481 620 2448 1344
1481 763 2448 1344
378 2604 979 3022
1064 2330 1821 3055
770 0 1286 365
0 665 881 1873
0 665 607 1246
1109 2330 1821 3009
1494 2826 2134 3263
1501 2826 2134 3133
1481 887 2448 1344
613 2957 1168 3263
1501 2826 1951 3133
0 39 809 430
1109 2506 1821 3009
1286 2506 1821 3009
541 881 1299 1592
0 1090 881 1873
0 2102 1932 3022
0 2134 1932 3022
913 2115 2186 3263
1005 2996 1449 3263
548 2937 757 3179
2173 1834 2448 2108
2180 1847 2448 2108
0 2402 1214 3022
1024 0 1801 2245
1024 0 1736 2245
1429 594 1560 1064
0 1645 2448 3263
0 2095 2154 3263
0 0 1566 2748
0 2036 1083 2748
0 2160 2017 3263
0 0 1566 2415
718 2134 1932 2663
1057 0 2448 2363
1710 0 2448 1031
1175 0 2036 1880
0 2082 1618 2976
1103 2082 1618 2428
1057 783 2448 2363
567 2957 757 3179
1299 1645 2448 3263
489 2291 1031 2604
1964 2115 2186 2630
2173 528 2448 737
1299 1853 2448 3263
1299 1886 2448 3263
1116 783 2448 2226
97 2160 2017 3263
1592 783 2173 1155
0 0 1468 2415
0 0 1468 1246
0 881 1299 2415
1573 2245 2017 2552
489 2291 998 2604
1116 874 2448 2226
1057 1912 1827 2363
1057 1912 1697 2363
1494 1971 1697 2121
97 2160 1997 3263
770 2774 1201 3087
1847 1684 2219 1984
509 1266 1116 1534
1057 1912 1684 2363
1057 2088 1423 2363
97 2617 979 3263
97 2630 979 3263
97 2663 979 3263
1161 0 1566 417
874 2160 1997 3048
1964 2115 2186 2591
1494 1886 2448 3263
1142 874 2448 2167
855 2774 1201 3087
1847 1690 2219 1984
430 2839 744 3185
1566 1886 2448 3263
1605 1971 2448 3263
489 2395 842 2604
522 2996 874 3263
855 2774 1201 3042
1605 2395 2448 3263
1142 900 2448 2167
1605 2467 2448 3263
1664 2245 2017 2552
1299 2924 1599 3263
0 1299 1214 2415
0 0 1468 1096
874 2350 1997 3048
1070 2578 1423 3048
1814 2467 2448 3263
1853 1971 2448 2552
874 2350 1997 3009
287 3100 541 3263
130 3087 339 3263
959 3081 1312 3263
1775 3061 1932 3250
1605 3055 1827 3263
0 3055 189 3263
430 3015 613 3185
1299 3002 1507 3263
1129 2996 1449 3263
698 2996 874 3263
567 2989 705 3146
2062 2983 2448 3263
574 2957 757 3179
2069 2950 2448 3198
0 2950 182 3126
548 2937 757 3100
691 2931 855 3074
1442 2924 1599 3146
842 2924 1338 3263
855 2859 1109 3042
1070 2852 1299 3048
509 2839 744 3094
1494 2787 1964 3263
881 2774 1201 2931
32 2767 502 3015
1312 2754 1788 3028
97 2663 979 3179
1814 2643 2448 3263
802 2630 966 2878
2017 2578 2350 2780
1090 2578 1423 3002
913 2565 2108 3263
874 2545 1396 2846
718 2513 1044 2663
0 2474 1024 2983
2291 2467 2448 2813
489 2467 659 2604
1566 2408 1723 2539
2141 2395 2356 2624
992 2356 1416 2604
1181 2350 1997 3009
789 2291 998 2461
1103 2284 1331 2428
1664 2278 1893 2552
0 2265 1142 2976
2043 2258 2186 2591
1788 2245 2017 2526
0 2186 1083 2748
1057 2167 1220 2323
1351 2160 1925 2461
0 2154 456 2402
966 2134 1932 2532
1964 2115 2102 2304
2219 2108 2448 2552
1782 2095 2154 2767
1103 2088 1423 2363
1259 2082 1618 2330
1116 2049 1416 2226
2226 2036 2448 2232
0 2036 1064 2643
561 1997 992 2186
1853 1971 2356 2539
2232 1964 2448 2108
1351 1912 1684 2154
1566 1886 2069 2199
248 1880 639 2069
2147 1873 2448 2134
2030 1853 2323 2036
966 1853 1096 2115
2180 1847 2421 2082
2173 1834 2448 2017
1064 1814 1253 2245
1671 1756 1951 2017
509 1736 1122 2049
1880 1690 2219 1984
2160 1645 2448 1938
483 1566 1024 1756
2180 1547 2356 1729
0 1540 1142 2415
1880 1527 2278 1840
2265 1449 2448 1671
2017 1442 2350 1631
2095 1370 2448 1690
509 1370 940 1534
1090 1364 1220 1834
2095 1305 2448 1468
0 1299 1214 1945
1338 1266 1521 1690
1142 1070 2448 2167
1677 940 2173 1155
1573 907 1710 1142
1468 900 2448 1410
2121 894 2356 1031
0 881 1299 1671
1024 848 1396 2245
1782 809 1991 1051
1592 783 1958 1135
1181 724 1396 874
0 665 626 1246
1710 594 2448 1031
1671 548 1827 926
0 228 613 607
1246 189 1534 783
0 97 1468 1096
1880 52 2056 424
1161 26 1540 417
1814 0 2448 691
1253 0 1736 1168
0 0 1299 313
1880 0 2173 424
0 1442 2448 3263
1880 1442 2350 1840
0 0 2448 2976
0 0 1566 2976
920 0 2448 2330
1024 0 2448 2330
920 1364 1220 1834
548 2937 757 3146
567 2963 731 3146
0 1814 1423 2976
1024 0 2036 2245
1181 189 1534 874
1142 0 2448 2330
1005 1645 2448 3263
1494 1756 2121 2121
0 0 1566 2643
0 0 1566 1246
2128 1547 2356 1847
0 881 1299 2643
130 3028 339 3263
1129 1645 2448 3263
1494 1756 1951 2121
1782 2095 2180 2767
1494 1906 1827 2121
1494 1906 1756 2121
1468 0 2448 1410
1847 1821 2121 1964
1566 2317 1723 2539
0 2088 1423 2976
574 2924 1338 3263
698 2924 1338 3263
1880 1645 2448 2036
0 2630 1201 3263
1142 1070 2448 2330
1129 1886 2448 3263
1259 1912 1684 2330
874 2160 2017 3048
489 2415 815 2604
1129 2924 1599 3263
2095 1305 2448 1690
1129 2996 1507 3263
2030 1645 2448 2036
0 0 1299 607
1057 1814 1253 2323
1566 1886 2448 2813
0 2663 1201 3263
97 2663 1201 3263
1468 594 2448 1410
0 97 1468 1246
1566 1886 2448 2624
1494 2643 2448 3263
0 881 1299 1945
1677 594 2448 1155
1566 1886 2448 2552
874 2545 1423 3002
2160 1847 2421 2121
0 2095 2186 3263
940 2115 2186 3263
0 2121 2160 3263
1318 0 1566 339
0 2062 1057 2741
1880 0 2310 300
1246 1077 2180 1893
1521 1077 2180 1586
953 992 1246 1148
0 2154 2108 3263
0 1834 450 2030
0 1834 287 2030
0 2180 1057 2741
0 1246 417 1586
1710 567 1984 829
620 1259 1057 1573
1690 1455 2448 2121
1886 1455 2448 2121
1886 1645 2448 2121
1886 1645 2448 2049
1886 1684 2226 1971
2134 1645 2448 2049
470 594 926 926
0 1834 261 2030
1449 646 1762 1207
1449 757 1762 1207
1449 757 1684 1155
2121 580 2317 829
1246 1416 2030 1893
0 1259 417 1586
0 1886 2448 3263
1521 1077 2180 1540
691 1259 1057 1573
0 0 2448 2696
1018 0 2448 2252
0 0 1514 2696
920 607 1410 966
339 1286 718 1534
182 130 391 293
1096 215 1423 476
1018 0 2010 2232
1057 0 2448 2252
0 1573 953 1899
0 1612 953 1899
0 1671 359 1886
1338 1383 1664 1671
45 1044 287 1214
0 2219 2108 3263
0 1925 705 2487
0 2134 900 2696
0 1318 417 1586
1991 0 2310 195
802 920 1142 1077
0 0 1514 2323
1103 0 2010 2030
1834 2944 2448 3263
1984 2944 2448 3263
1925 339 2310 665
202 1612 953 1899
1103 0 2010 1951
1175 946 1573 1873
65 1925 705 2421
1625 2219 2108 2872
1625 2323 2108 2872
541 594 926 757
78 1318 417 1586
1057 1370 2434 2252
1468 0 2448 1468
0 2180 809 2696
0 2180 809 2552
0 2180 809 2545
0 1090 789 1514
0 1220 274 1514
1586 0 2448 1468
130 1090 789 1416
130 1090 665 1416
130 1090 665 1272
306 430 594 613
1547 0 2010 894
1057 1527 2199 2252
1560 0 1840 221
1011 842 1351 1364
0 900 1272 2323
0 0 1514 1253
1161 0 1514 783
0 0 1410 1253
0 0 1410 1181
0 1011 1272 2323
0 1011 1272 2226
613 1684 1018 1919
1103 13 1703 1951
1103 391 1527 1951
0 1821 691 2323
1586 0 2448 1429
1814 1064 2448 1429
1586 0 2448 1259
0 2245 1782 3263
248 1618 522 1814
1586 0 2448 1135
0 1416 659 1716
554 0 1240 313
554 0 1201 313
0 3061 345 3263
0 3061 261 3263
0 3068 261 3263
332 1011 1272 2226
1220 1527 2199 1964
0 2350 1782 3263
1057 1723 1951 2252
1188 1840 1560 2036
1814 1064 2448 1390
1142 1723 1951 2173
332 1129 1272 2226
332 1214 1272 2226
450 1436 1135 1756
1161 39 1514 783
953 248 1175 476
554 365 1005 561
1103 731 1494 1951
0 2350 1658 3263
0 2532 1658 3263
829 2532 1658 3061
2180 1847 2421 2069
1586 71 2448 1135
0 2180 783 2545
1481 13 1703 691
2043 71 2448 672
2043 71 2448 541
2043 71 2448 378
2043 71 2448 372
1044 1886 2448 3263
2147 2833 2448 2989
0 2604 1129 3263
437 1357 1057 1703
65 1958 652 2421
1586 580 2448 1135
0 2604 959 3263
0 2689 959 3263
1096 215 1377 476
0 1821 691 2278
1390 2245 1769 2637
1547 215 1834 894
332 1801 1103 2226
332 1801 1090 2226
332 1801 966 2226
561 1168 789 1364
0 1416 424 1671
1175 946 1553 1873
143 2689 959 3263
0 515 1259 1181
91 515 1259 979
91 522 829 829
2141 1645 2448 1906
0 2043 313 2278
0 2271 1168 2970
861 2271 1168 2513
0 1821 691 2128
0 0 1410 607
1618 0 2010 535
691 0 1201 313
91 522 724 829
567 1011 1031 1331
567 1011 1031 1207
332 2036 946 2226
0 254 489 535
1586 757 2448 1135
437 1429 966 1703
1821 189 2154 691
1821 293 2088 691
1521 1286 1873 1540
0 97 1410 607
887 1214 1272 1873
2056 1997 2448 2382
2056 1997 2395 2382
1188 731 1494 1710
1188 1051 1396 1710
1364 1723 1951 2036
404 522 724 770
2108 2944 2448 3263
319 0 724 215
143 2793 868 3263
91 594 489 829
143 2793 685 3263
293 2918 685 3263
293 2918 561 3146
0 2232 1057 2741
587 515 1259 979
587 633 1259 979
0 195 1129 607
0 215 946 607
0 215 894 607
137 215 894 554
137 215 613 554
0 2421 613 2741
169 2421 613 2624
0 770 567 1181
1736 0 2010 535
2310 2023 2448 2284
1586 783 2448 1135
1586 874 2448 1135
1586 907 2180 1135
874 2532 1658 3061
235 1168 613 1416
613 2950 868 3263
874 2532 1553 3061
874 2532 1383 3061
385 3081 685 3263
1031 97 1410 345
1175 1201 1481 1873
1240 1201 1481 1658
887 1214 1272 1769
887 1364 1227 1769
1057 2350 1462 2624
143 2793 600 3048
1547 1527 2199 1821
0 456 345 607
744 515 1253 776
0 770 567 1011
567 1011 861 1207
1299 2461 2448 3263
1534 1886 2448 2624
1534 1886 2356 2624
1534 1886 2356 2539
1044 2043 1671 2402
1266 2043 1671 2323
1586 2278 1984 2545
1299 2663 2343 3263
143 2826 476 3048
1919 1964 2356 2539
1919 1964 2258 2454
1919 1964 2232 2337
2186 2461 2448 2898
110 770 567 1011
874 2532 1240 3061
959 2532 1240 3061
1534 1886 1984 2180
789 515 1253 685
0 2369 926 2970
1299 2663 2252 3263
1299 2663 2252 3244
1299 2663 2252 3231
1481 2663 2252 3224
822 633 1259 894
1481 2676 1997 3159
1912 2663 2252 3224
1266 2082 1618 2323
0 2441 822 2970
169 2441 822 2872
1912 2663 2252 3100
1912 2780 2252 3100
2186 2572 2448 2898
228 2441 822 2787
1984 3133 2206 3263
502 3133 685 3263
2232 3120 2363 3263
2121 3120 2278 3263
293 3120 424 3263
1462 3107 1645 3263
1834 3094 2017 3263
1122 3094 1351 3263
613 3094 757 3263
385 3081 528 3263
685 3068 835 3263
97 3068 261 3263
1991 3035 2199 3224
143 3009 352 3172
757 3002 1129 3263
1299 2989 1494 3231
1488 2950 1736 3244
698 2950 868 3159
2186 2937 2343 3100
0 2937 202 3159
940 2924 1547 3263
293 2918 561 3061
1044 2904 1344 3198
1912 2891 2141 3100
143 2885 352 3048
417 2852 757 3185
280 2826 476 2976
0 2800 241 2970
404 2793 600 2957
1481 2787 1991 3159
1971 2780 2252 3068
1814 2774 1945 2957
1070 2774 1240 3061
848 2767 1135 3081
1148 2754 1331 2918
1586 2722 1723 2859
829 2722 979 2918
169 2715 372 2872
691 2689 959 3022
1834 2676 1997 2924
1971 2663 2245 2924
2186 2650 2434 2898
1240 2650 1658 3042
0 2643 274 2826
515 2604 861 2931
0 2591 332 2741
1971 2578 2310 2787
2291 2572 2448 2865
1560 2565 1782 2800
1318 2565 1553 2793
874 2545 1037 2787
1116 2532 1383 2793
959 2532 1240 2859
