0 0 2448 3263
0 1051 450 1442
1612 3042 1749 3263
698 0 933 143
0 78 241 306
221 2585 385 2748
1403 1462 1808 1925
463 2918 750 3159
1501 1462 1808 1925
855 796 1266 1090
1259 1827 1442 1958
0 1547 959 2265
796 489 1005 652
874 1618 1194 1880
0 1547 959 2239
874 1618 1090 1880
2049 848 2226 1037
1240 763 1534 1064
0 1893 2448 3263
0 0 2448 2715
0 0 2448 2604
966 0 2448 822
0 1547 959 2206
607 1148 796 1383
0 1899 2448 3263
0 0 1194 1220
966 0 1468 293
992 58 1207 248
1618 1586 1808 1925
0 620 287 776
1729 1070 2056 1351
1756 1070 2056 1344
1769 1142 2056 1344
0 2010 1103 3263
215 1899 2448 3263
1155 0 2448 822
2310 0 2448 163
0 1246 502 1795
0 1246 502 1736
1573 437 1762 672
0 2134 1103 3263
1684 1899 1919 2474
1684 1899 1919 2350
959 2604 1227 2944
32 1547 959 2206
215 2036 2448 3263
613 2271 861 2487
0 1246 456 1736
32 1547 959 2193
502 1547 855 1808
1357 1893 1664 2245
698 1638 855 1808
809 1325 1266 1756
933 1436 1266 1756
1684 2010 1919 2350
1684 2108 1919 2350
0 1357 456 1736
855 796 1181 1090
0 2245 1103 3263
1716 796 2186 1181
1716 796 2147 1135
1161 1762 1318 1984
1031 1462 1266 1756
502 1547 718 1801
32 1592 959 2193
613 0 2448 1599
1103 2989 1475 3244
926 535 1194 979
998 620 1194 979
0 861 2448 2604
2049 2082 2304 2421
2049 2082 2232 2421
450 1612 646 1827
32 1605 959 2193
1331 0 2448 822
809 979 1103 1481
868 1220 1103 1481
809 1325 1064 1527
0 0 1096 1220
0 0 1096 985
0 78 169 306
215 2428 698 2983
215 2663 594 2983
2232 1325 2448 1599
620 2036 2448 3263
0 2252 1103 3263
1403 1893 1664 2245
2219 378 2448 698
163 2872 398 3153
0 483 267 731
1005 2676 1227 2944
1344 0 2448 822
874 1658 1090 1880
1821 1710 1997 1938
2023 1625 2193 1899
2245 65 2448 417
613 0 2448 1514
633 215 2448 1514
665 2813 887 3074
65 45 1096 985
313 861 998 1951
1188 1109 1612 1514
633 215 2448 1501
1599 1259 1827 1612
894 2715 1468 3263
1906 97 2141 398
0 2252 1070 3263
0 2252 489 3263
235 3048 463 3263
1507 0 2448 822
1507 0 2154 705
1592 0 2154 705
1592 0 2075 705
215 2663 502 2983
0 2343 489 3263
0 2343 404 3263
0 2663 319 3263
894 2715 1468 3094
972 2728 1468 3094
1651 2754 2088 3263
1651 2859 2088 3263
1083 2728 1468 3068
1083 2839 1468 3068
1521 2852 1893 3159
1521 2950 1880 3159
1325 1109 1612 1416
2069 2082 2232 2421
32 1605 959 2108
97 1605 959 2108
1997 2604 2448 3263
1997 2944 2448 3263
2134 2944 2448 3263
0 665 300 933
313 2859 1070 3263
1096 783 1416 1161
1122 783 1416 1142
1442 1893 1664 2212
0 1305 2448 2604
1122 1305 1684 1808
1122 1357 1586 1808
1122 1494 1560 1808
1723 2330 2010 2709
0 2343 404 2820
1240 763 1514 1064
0 2813 319 3263
0 2865 280 3263
313 894 998 1951
313 894 998 1945
313 894 979 1710
2095 359 2448 822
2095 359 2395 815
2121 463 2395 815
65 45 1096 953
1592 0 2017 705
1592 0 2017 456
1592 0 2017 372
313 2891 1070 3263
620 2036 2369 3263
1782 567 2448 1501
1782 665 2448 1501
1782 678 2448 1501
1782 796 2448 1501
1782 966 2448 1501
313 894 933 1710
620 2395 1338 2918
626 2395 1338 2872
789 2448 1338 2872
789 2454 1338 2872
940 2552 1338 2872
1142 2036 2369 3263
1142 2036 2245 3263
1142 2036 1475 2630
1142 2036 1475 2526
0 1377 2448 2604
953 1377 2448 2604
0 1886 1148 2526
1233 1357 1586 1625
391 1344 933 1710
633 215 1873 1488
953 215 1736 992
953 215 1410 861
953 215 1299 665
1331 254 1736 992
1331 254 1736 783
391 1344 835 1677
228 1756 959 2108
443 1795 959 2108
613 1795 959 2102
855 796 1168 1090
0 1886 535 2317
0 1886 535 2167
0 2402 326 2820
1122 783 1396 1005
1821 2284 2206 2735
953 1801 1423 2206
953 1801 1423 2115
1064 2552 1338 2872
1207 2474 2245 3263
1181 2036 1475 2323
1286 1377 2448 2604
1286 1671 2017 2604
1286 1671 1834 2604
1286 1671 1814 2604
1286 1671 1742 2030
1286 1671 1703 1971
1847 2284 2206 2735
1847 2284 2108 2624
378 2017 1148 2526
633 613 1873 1488
633 979 1129 1370
1631 1377 2448 2441
1207 2474 2245 3224
1207 2532 1762 3224
1207 2532 1762 3002
1429 2630 1762 3002
1462 1977 1814 2604
378 2017 1148 2448
1782 1077 2278 1501
633 1024 1024 1370
2049 2369 2369 2865
313 2891 815 3263
1847 1077 2278 1501
1507 2474 2245 2924
65 45 802 594
1018 613 1873 1488
1370 613 1873 1338
1808 1906 2448 2441
1631 1377 2448 2004
1631 1377 2363 2004
1507 2474 2102 2891
1494 613 1873 1338
1997 1423 2448 1991
378 2017 1031 2448
2180 1540 2448 1991
2226 3133 2448 3263
235 3126 463 3263
19 3107 280 3263
1390 3100 1690 3263
1651 3094 1880 3263
1612 3087 1749 3263
959 3087 1103 3263
763 3081 1070 3263
1057 3068 1318 3263
424 3061 815 3263
274 3048 450 3211
1997 3035 2180 3263
2134 3028 2317 3263
1266 3002 1475 3244
1103 2989 1305 3146
1521 2970 1697 3159
1631 2950 1880 3107
2271 2944 2448 3172
972 2944 1155 3094
783 2944 985 3139
522 2918 750 3146
313 2891 515 3166
1560 2885 1690 3028
241 2872 398 3081
1253 2865 1468 3048
0 2865 208 3185
1697 2859 2088 3263
1351 2859 1592 3224
476 2859 659 3035
1716 2852 1893 3048
665 2852 829 3074
1083 2839 1318 3068
1534 2813 1762 3002
1416 2813 1573 3009
130 2813 319 3094
404 2800 594 2950
2193 2793 2337 2970
1958 2754 2088 2989
2017 2741 2212 3094
280 2741 496 2983
1129 2728 1272 2878
842 2728 1011 2989
894 2715 1161 3068
45 2702 195 2885
2147 2696 2369 2865
2088 2696 2245 2924
215 2663 502 2846
143 2663 300 2833
1736 2656 2102 2891
1429 2630 1592 2865
620 2624 822 2918
2252 2604 2448 3022
783 2604 913 2774
940 2565 1103 2722
1821 2552 2069 2728
1064 2552 1338 2774
404 2539 548 2709
124 2539 261 2702
1207 2532 1468 2918
1318 2526 1527 2676
1756 2500 1906 2709
2036 2487 2206 2735
0 2480 195 2820
1507 2474 1808 2787
1847 2467 2023 2624
789 2454 1090 2800
1044 2448 1246 2643
235 2448 489 2676
1181 2428 1462 2630
456 2428 698 2813
97 2402 326 2598
626 2395 913 2656
391 2382 535 2552
2265 2376 2408 2604
2049 2369 2356 2748
1599 2363 1742 2519
1723 2330 2010 2565
522 2317 763 2526
1462 2310 1671 2604
1684 2304 1899 2474
711 2304 861 2487
802 2297 1077 2519
0 2297 182 2565
1912 2284 2108 2558
613 2271 809 2441
1416 2265 1592 2565
1142 2258 1455 2526
156 2252 313 2461
2088 2239 2232 2421
855 2239 992 2369
2180 2206 2330 2408
1031 2186 1175 2382
1383 2154 1586 2408
1031 2141 1233 2448
378 2121 757 2448
1684 2108 1821 2258
202 2095 515 2317
0 2088 241 2421
2069 2082 2226 2252
1181 2082 1475 2323
972 2062 1148 2291
1259 2036 1423 2180
515 2036 665 2193
411 2030 548 2173
672 2017 1031 2330
1723 2010 1919 2239
202 2010 339 2173
1403 1991 1540 2245
1037 1984 1266 2206
1560 1977 1814 2474
221 1951 535 2160
1514 1945 1664 2212
1201 1945 1423 2088
861 1932 1077 2173
613 1932 887 2102
2134 1906 2448 2441
1808 1906 2173 2343
1710 1899 1886 2056
0 1886 293 2167
1547 1814 1742 2030
1161 1814 1318 1984
443 1814 665 2108
953 1801 1286 2115
678 1795 959 2036
1801 1775 2017 2062
522 1762 691 1906
228 1756 528 2049
881 1736 1090 1880
2245 1729 2448 1991
594 1710 809 1951
71 1710 221 1906
1723 1697 1893 1827
1286 1690 1429 1880
463 1684 646 1827
1383 1671 1703 1971
802 1671 998 1945
32 1638 163 1873
2049 1625 2193 1840
920 1618 1090 1749
574 1612 718 1801
97 1605 502 1873
1951 1586 2363 2004
1618 1586 1808 1769
502 1547 698 1742
2180 1540 2448 1860
1122 1514 1357 1808
1279 1494 1560 1801
1605 1481 1769 1612
1501 1462 1651 1690
1096 1462 1266 1703
2291 1455 2448 1599
678 1442 933 1710
933 1436 1148 1651
842 1436 979 1631
1997 1423 2291 1658
215 1396 456 1736
1631 1377 2102 1873
907 1377 1064 1527
626 1364 835 1560
0 1357 319 1638
2212 1344 2415 1599
391 1344 678 1677
2232 1325 2448 1481
169 1325 332 1481
1782 1318 1984 1488
1501 1305 1684 1534
1925 1272 2278 1501
1396 1266 1573 1416
1599 1259 1827 1579
326 1259 502 1416
97 1246 391 1455
633 1240 796 1383
868 1220 1024 1468
1188 1201 1488 1514
1886 1175 2056 1312
1769 1142 2004 1344
1325 1109 1612 1325
789 1109 1024 1331
1847 1077 2180 1318
1018 1070 1442 1488
633 1024 907 1370
848 979 1129 1220
809 979 1070 1259
2095 966 2448 1403
1096 966 1331 1161
1064 946 1266 1083
1370 940 1671 1292
1579 907 1860 1338
313 894 776 1507
1716 881 2010 1122
254 881 515 1031
0 868 437 1220
959 861 1168 1090
567 861 829 1083
2049 855 2206 1011
1814 822 1984 1024
626 815 789 985
763 802 966 998
2219 796 2448 1070
1951 796 2147 1135
855 796 1018 1011
1122 783 1272 992
274 776 502 933
215 770 359 913
1240 763 1442 959
1383 750 1625 992
0 750 241 933
998 737 1148 979
274 711 502 874
2102 678 2395 959
1964 665 2134 913
91 665 300 842
979 659 1135 842
1932 652 2075 796
1037 620 1194 881
1494 613 1873 985
2304 607 2448 822
1148 607 1410 861
783 594 1024 861
1377 587 1527 783
1795 567 2128 874
0 567 156 731
2121 535 2350 815
926 535 1135 672
1827 509 2075 652
842 509 1005 652
796 489 966 646
110 483 267 718
1997 476 2154 639
1220 476 1390 665
2297 463 2448 698
2141 463 2395 646
1579 437 1729 587
1645 417 1906 705
2219 378 2434 561
2095 359 2330 509
1031 352 1279 665
2297 332 2448 483
215 306 541 594
848 300 1070 496
2036 287 2186 515
235 287 1096 953
0 274 215 594
1618 254 1801 456
1331 254 1736 659
1801 248 2062 509
1155 248 1429 567
953 215 1299 443
731 182 881 359
1090 156 1240 313
2121 150 2278 313
1592 143 1984 372
1331 104 1573 326
1906 97 2095 332
39 78 169 208
2258 65 2448 417
1057 58 1207 208
65 45 802 515
2199 0 2356 195
1945 0 2258 280
1756 0 2017 182
1605 0 1821 228
1507 0 1664 176
1344 0 1547 143
1155 0 1468 293
966 0 1207 137
698 0 894 143
613 0 1070 391
515 0 691 156
0 0 319 169
0 881 2448 3263
0 0 2448 1494
0 0 2448 1481
0 894 1338 3263
365 0 691 156
71 1703 306 1964
150 1703 306 1964
678 881 2448 3263
959 1266 2448 3263
678 881 2180 2526
143 2585 385 2833
143 2663 352 2833
117 97 332 306
2147 2793 2337 3139
2147 2793 2337 3113
2147 2793 2337 3094
1867 2741 2088 2989
763 2604 913 2872
1501 1462 1651 1775
554 2441 770 2709
574 2506 770 2709
1592 2689 1801 2872
1155 0 2448 1403
1827 463 2075 652
0 2872 463 3263
0 0 1664 1481
966 0 1240 313
0 894 1194 2206
874 1612 1194 1880
874 1658 1194 1880
0 894 1090 2206
0 483 450 776
0 483 319 776
110 483 319 718
1318 1266 2448 2735
0 1886 1338 3263
711 2793 887 3035
528 97 1070 496
1396 1266 2448 2735
1631 1272 2448 2735
959 2265 2448 3263
855 2141 1233 2448
855 2186 1175 2382
221 626 515 783
0 894 1090 2160
430 1736 691 1906
280 2245 535 2558
731 182 1070 496
1331 0 2448 1403
979 659 1148 979
1155 248 1429 665
0 3048 463 3263
0 1638 163 1938
502 1547 855 1951
2173 169 2350 378
959 2944 1305 3263
966 2944 1305 3159
972 2944 1305 3159
411 1991 789 2206
940 2565 1227 2944
979 58 1240 313
515 1991 789 2206
515 1991 731 2193
1318 2304 1899 2676
1462 2304 1899 2604
1599 2304 1899 2519
842 1436 1090 1749
2219 378 2448 822
1396 1266 1769 1612
254 2702 659 3035
254 2741 659 3035
280 2741 659 3035
678 1494 2017 2526
1684 1899 1919 2258
1710 1899 1919 2239
567 0 1664 1481
567 802 1129 1481
567 802 1129 1220
763 802 1129 1220
1103 2989 1305 3159
2265 2376 2448 2715
0 894 1024 2160
215 770 502 933
1057 2265 2448 3263
2069 2082 2330 2408
0 894 776 1736
613 0 1664 1161
855 763 1514 1161
1122 763 1514 1064
907 881 2180 1880
907 1377 1266 1703
613 0 1664 992
1331 0 1664 326
855 2219 1051 2369
2017 2696 2245 3094
1018 881 2180 1880
0 1886 1070 3263
215 2428 1070 3263
0 0 385 306
0 0 319 306
0 1886 489 3185
933 1436 1266 1703
855 796 1331 1161
1057 3002 1880 3263
1266 3002 1880 3263
1612 3087 1880 3263
1037 1494 2017 2526
1618 1586 1893 1827
678 1671 1423 2173
678 1795 1423 2173
1201 1867 1423 2088
678 1795 1318 2173
202 2017 1338 3068
1057 58 1240 313
613 0 1625 992
783 535 1135 861
1396 1266 1684 1534
1723 2239 2232 2735
522 2271 809 2526
0 45 1096 1220
0 45 1096 953
1801 248 2186 515
1631 2852 1893 3107
1266 3002 1690 3263
1605 0 2017 228
1122 1514 1429 1880
0 1886 326 3185
0 2402 326 3185
0 2702 319 3185
567 815 829 1083
313 2428 1070 3263
456 2428 829 3074
1377 587 1625 992
1057 3068 1403 3263
313 2728 1070 3263
1631 1272 2448 2441
1795 359 2448 1403
1122 1514 1403 1808
280 2741 594 2983
0 1886 313 2565
789 2454 1318 3068
19 3048 463 3263
19 3107 463 3263
0 2252 313 2565
1795 476 2154 874
1018 881 2180 1625
1188 1201 1586 1625
1331 0 2448 985
1906 0 2448 417
1945 0 2448 417
2199 0 2448 417
1331 143 1984 985
424 3035 815 3263
1181 2265 2448 3263
97 1024 1024 2160
1279 1494 2017 2062
1547 1749 2017 2062
0 274 215 731
202 2017 1338 2872
97 1605 887 2160
221 1814 887 2160
221 1814 665 2160
1018 881 2180 1579
1018 881 1671 1488
391 1024 1024 1710
678 1795 1286 2173
1997 2369 2448 3263
1723 2239 2232 2624
1814 359 2448 1403
1814 665 2147 1135
1814 796 2147 1135
626 2297 1338 2872
1997 3028 2317 3263
802 2297 1338 2872
456 2428 822 2918
613 0 1547 881
613 0 1547 443
1155 0 1547 293
1579 881 2180 1579
202 2017 1148 2448
1181 2265 2102 3263
1181 2265 2102 3224
1253 2813 1762 3224
1351 2813 1762 3224
1547 1749 1834 2030
1031 352 1410 881
0 1886 293 2421
1018 881 1612 1488
1188 881 1416 1142
1037 1977 1814 2526
1037 1984 1423 2206
1037 607 1410 881
1579 881 2180 1344
0 2702 208 3185
97 1605 528 2049
1279 1494 1703 1971
613 0 1299 443
1847 2239 2232 2624
2095 359 2448 1403
0 665 515 1220
678 1795 1077 2173
1018 1070 1612 1488
1044 2448 1338 2872
2095 678 2448 1403
1579 881 2180 1338
1716 881 2180 1318
1142 1977 1814 2526
1142 2082 1586 2526
1331 143 1984 705
1599 1259 1984 1579
894 2715 1318 3068
0 665 502 1220
0 750 437 1220
202 2017 1031 2448
0 1051 456 1736
91 665 502 874
2049 2369 2448 3022
1181 2265 2102 2918
2095 359 2395 646
202 2095 757 2448
1494 548 1873 985
1808 1540 2448 2441
1631 1272 2363 2004
1181 2265 1592 2630
763 2944 1070 3263
2095 796 2448 1403
1142 2082 1475 2526
97 1246 456 1736
1207 2474 2102 2918
1207 2532 1592 2918
1631 1272 2278 1873
1331 254 1906 705
1821 2558 2043 2702
248 2206 489 2376
718 2813 900 2983
776 1645 1090 1951
776 1645 998 1951
483 1547 724 1808
1031 2141 1233 2480
1031 2258 1227 2480
398 2421 548 2709
1037 1984 1253 2180
2180 1547 2343 1827
0 0 2448 2918
1279 1455 1814 1769
0 1449 2448 3263
594 0 2448 1716
352 2865 750 3263
385 2865 750 3263
385 2918 750 3263
1951 855 2147 1031
1233 1808 1801 2212
966 2950 1103 3159
802 881 1103 1462
1279 1455 1814 1736
1403 1455 1814 1736
1494 1455 1814 1736
176 2865 456 3166
528 953 718 1129
2167 2976 2434 3263
1769 1710 2017 1984
430 1481 678 1853
470 1481 678 1703
1351 1808 1801 2212
887 2552 1194 3002
1103 2996 1455 3263
2134 1925 2310 2102
966 0 1475 293
887 2552 1194 2937
0 3081 137 3263
855 796 1272 1109
502 842 2448 2918
1318 2428 1527 2669
0 0 1214 1873
502 861 2448 2918
1573 2643 2141 3263
1867 0 2448 822
855 796 1181 1070
417 1344 868 1671
1769 1710 1984 1958
2167 3061 2434 3263
1566 842 1821 1051
176 2865 398 3139
1351 1808 1756 2212
1403 1808 1756 2212
1390 0 1853 280
124 1703 261 2023
1403 1906 1756 2212
2245 0 2448 417
1109 1312 1266 1599
0 613 287 809
1501 2095 1808 2474
1429 2271 1631 2585
881 1749 1090 1880
0 1449 1357 3263
0 1449 1357 3074
26 1449 1357 2199
26 1449 1357 2193
561 1449 1357 1951
1997 822 2226 1011
0 2141 535 3263
0 0 1214 1736
0 65 1214 1736
0 0 711 306
117 0 711 306
117 0 633 306
117 45 489 306
26 1592 959 2193
809 1325 1109 1651
678 1449 1357 1808
1037 1462 1357 1703
0 1886 1175 3074
1867 97 2448 822
1925 156 2448 822
678 1449 1090 1808
809 992 1103 1462
0 65 1214 1664
587 2728 1083 3263
1821 1710 1984 1938
1494 2226 1671 2454
594 0 2448 1494
1044 1625 1188 1893
2049 1325 2291 1716
0 2141 489 3263
0 2291 489 3263
0 2291 489 3087
0 2454 202 3087
1259 698 1742 1175
1259 763 1742 1175
894 2212 2448 3263
894 2722 1259 3263
894 2722 1175 3263
1390 0 1853 261
0 3009 463 3263
97 3009 463 3263
97 3107 463 3263
574 1547 724 1788
0 65 1214 1631
0 65 1214 1109
1638 1051 1945 1410
1638 1161 1945 1410
1370 776 1742 1175
156 2141 385 2408
156 2141 300 2408
757 2728 1083 3263
1064 2212 2448 3263
0 1886 1116 3074
1925 306 2448 822
2115 2833 2448 3263
1064 2212 2284 3263
0 1886 1096 3074
0 665 339 933
280 2428 861 3074
2245 78 2448 417
1867 97 2141 391
966 2552 1194 2937
1847 2212 2284 2970
1971 2604 2284 2970
1064 2461 1912 3263
26 1605 959 2193
26 1605 293 1906
0 1886 1096 2904
0 1886 535 2350
2147 2833 2448 3263
2252 2833 2448 3263
1847 2212 2206 2735
594 0 2448 1051
1383 548 1880 1024
1383 554 1762 933
757 2728 1044 3263
202 2102 1096 2904
150 1651 959 2193
1925 306 2395 652
1925 463 2395 652
1782 822 2448 1494
1573 2761 2141 3263
1573 2793 2141 3263
718 946 2448 2918
0 104 1214 1109
0 2291 489 2833
0 1886 339 2350
1064 2461 1906 3263
1064 2461 1906 3055
1064 2572 1527 3055
150 1651 809 2193
313 1240 554 1736
313 1240 554 1625
718 1521 1893 2630
1403 554 1762 783
150 1651 665 2154
150 1651 665 2108
1064 2572 1527 2983
1501 2461 1906 2793
221 104 1214 1109
1573 2793 2088 3263
1351 2826 1775 3263
515 2271 1096 2904
587 2278 1096 2904
1599 0 2448 1044
1599 0 2258 633
587 2506 907 2904
789 2278 1096 2702
1618 0 2258 561
1618 137 2199 561
1351 2826 1671 3263
502 861 946 1370
1782 822 2180 1494
150 1782 665 2108
855 796 1168 1070
502 861 855 1370
874 946 2448 2918
874 946 1853 1684
1005 946 1853 1684
1795 567 2448 1044
1795 567 2128 998
1507 2461 1906 2793
1703 1318 2448 2918
718 1521 1893 2461
594 0 1710 1051
1109 1521 1893 2382
718 1808 1266 2461
718 1932 1148 2461
1109 1521 1893 2323
1109 1677 1442 2323
1716 1318 2317 1971
1246 1521 1893 2056
1005 966 1631 1625
1357 946 1853 1684
1782 822 2180 1299
2173 1514 2448 1984
221 372 1214 1109
1357 946 1795 1325
1703 1827 2448 2918
221 3126 463 3263
97 3107 280 3263
2004 3074 2141 3263
587 3068 809 3263
404 3048 535 3263
2115 3035 2317 3263
1573 3022 1873 3263
274 3009 450 3211
385 2976 750 3263
313 2970 456 3166
1736 2950 1880 3107
1351 2944 1671 3263
757 2924 1044 3263
1083 2918 1259 3068
554 2918 737 3081
1625 2911 1775 3068
143 2872 287 3009
443 2865 685 3035
215 2865 398 3081
1716 2852 1912 3042
1253 2846 1468 3055
2252 2833 2448 3022
1442 2826 1573 3015
613 2820 861 3074
1540 2813 1782 3028
58 2807 319 3061
2199 2793 2337 2970
1788 2793 2088 3263
1932 2761 2088 2976
2017 2741 2193 3094
0 2735 176 3087
1103 2728 1246 2944
842 2728 1005 2963
894 2722 1155 3094
763 2709 907 2872
65 2683 221 2826
267 2669 463 2839
1971 2656 2134 2813
1618 2650 1834 2865
1416 2650 1592 2904
1064 2650 1194 2878
1671 2643 1991 2898
587 2617 848 2904
2102 2604 2284 2970
966 2604 1155 2937
1129 2572 1527 2983
1893 2552 2069 2722
1064 2552 1194 2683
881 2545 1116 2722
1207 2532 1357 2722
1318 2526 1527 2669
1729 2500 1906 2715
2017 2493 2206 2735
1507 2461 1801 2793
802 2454 1096 2702
0 2454 202 2820
620 2428 868 2656
280 2428 698 2989
2082 2376 2448 2918
1481 2350 1631 2585
1893 2343 2030 2493
2278 2330 2448 2604
1612 2310 1769 2474
