0 0 3263 2448
0 633 3263 2448
0 633 3263 1618
0 972 3263 2448
0 0 3263 933
221 2049 587 2402
0 1129 3263 2448
1188 1227 3263 2056
0 228 3263 933
0 228 3263 855
1024 972 2199 1547
0 0 3263 476
0 1201 541 1403
2363 998 3042 1259
802 894 1286 1070
2630 802 3263 1044
0 763 1077 933
2611 1958 3022 2186
0 763 1077 926
0 248 3263 855
0 1579 672 1821
2363 1031 2761 1175
1416 300 3263 802
0 763 1077 913
0 763 1057 913
0 763 652 913
2630 998 3042 1259
0 0 3263 378
1024 1057 2199 1547
1024 1057 2154 1547
1024 1057 2154 1494
1024 1057 2154 1429
1024 1057 2088 1429
1024 1057 2062 1429
1259 1057 2062 1403
1090 574 1410 744
1690 972 2049 1103
1638 1932 1814 2180
0 280 1716 476
953 71 3002 228
1024 1168 1534 1429
0 280 1716 456
0 306 1716 456
0 1658 535 2448
0 2128 489 2448
1494 300 3263 802
0 2128 248 2389
0 1658 535 2167
1494 300 3263 757
1494 313 3263 757
1494 313 3263 737
398 1684 3263 2448
2728 1912 3263 2448
0 1129 1514 2043
0 1129 1514 1958
0 1279 1514 1958
2010 313 3263 678
2428 313 3263 678
398 1684 2911 2448
907 1684 2911 2448
1579 1684 2911 2448
0 0 1782 143
1677 1168 2088 1318
0 78 3263 378
0 78 3263 345
1834 2062 2415 2284
0 156 3263 345
1579 2180 2323 2448
1579 2180 2193 2448
0 2186 489 2448
0 1299 150 1481
398 1847 1266 2343
267 1494 1109 1808
378 1494 1109 1808
378 1494 1109 1697
907 1853 1788 2448
2630 998 2950 1175
0 1201 306 1403
1977 1697 2474 2121
0 228 1357 378
2062 1684 2911 2448
221 1129 757 1351
1977 1697 2428 2121
1977 1729 2428 2121
1977 1729 2376 2121
1847 2258 2147 2448
1847 2271 2088 2448
1266 2304 1501 2448
2062 1834 2911 2448
1331 1853 1788 2284
1377 1853 1788 2121
0 1579 672 1729
254 1579 672 1710
2154 1893 2408 2095
496 1847 1266 2343
496 1886 1266 2343
907 2017 1782 2448
2859 2186 3198 2448
1873 2278 2088 2448
0 241 1357 378
907 2017 1684 2448
2310 1684 2761 1964
2859 2193 3172 2448
1507 2186 1782 2421
2180 1912 2408 2095
1775 2180 2193 2330
2428 496 3263 678
2611 1958 2924 2154
1645 1997 1814 2180
0 156 3263 332
1175 2017 1436 2186
2154 1834 2911 2448
2310 1834 2911 2421
2310 1899 2793 2421
202 241 1357 378
2859 2291 3159 2448
2310 1899 2780 2350
2310 2030 2780 2350
2310 2030 2572 2350
907 2102 1684 2448
2062 2304 2232 2448
1266 2304 1449 2448
0 2297 489 2448
1599 2291 1729 2421
1579 2258 1919 2448
2245 2252 2506 2395
1370 2252 1684 2448
2141 2239 2323 2402
417 2212 998 2448
0 2206 169 2389
3015 2193 3172 2363
280 2193 548 2402
1507 2186 1782 2317
97 2186 254 2363
2310 2167 2572 2350
626 2167 829 2330
2598 2147 2793 2421
2441 2141 2676 2428
848 2128 992 2297
0 2128 248 2278
907 2102 1455 2448
1834 2095 2115 2271
2513 2062 2780 2193
2095 2062 2415 2284
1175 2056 1436 2186
254 2056 404 2186
221 2049 587 2382
169 2036 372 2212
2761 2030 3022 2186
2363 2030 2552 2199
1331 2030 1599 2284
1207 2017 1416 2154
2611 1984 2872 2154
398 1984 600 2121
1553 1977 1873 2284
2180 1964 2356 2095
953 1951 1266 2278
1638 1932 1808 2134
2728 1925 3263 2448
2330 1919 2474 2102
2872 1912 3055 2088
1377 1912 1697 2121
900 1906 1129 2043
580 1906 724 2088
2519 1899 2683 2095
2421 1899 2572 2095
1181 1893 1462 2062
496 1886 1044 2343
417 1873 659 2043
626 1847 874 2088
2630 1834 2911 2049
1775 1827 2160 2160
2395 1821 2545 1951
0 1808 535 2167
78 1808 261 1938
1090 1749 1266 1886
1977 1729 2376 1932
2434 1723 2761 1964
195 1716 639 1880
2310 1684 2539 1847
1188 1677 1481 1899
822 1677 1240 1984
450 1677 672 1808
0 1658 450 2030
430 1631 940 1958
0 1586 319 1729
378 1527 835 1697
705 1494 1109 1697
1664 1351 1860 1507
1801 1318 1958 1488
1945 1299 2199 1514
1873 1279 2147 1494
0 1279 1514 1821
1586 1272 1991 1449
1481 1272 1690 1436
1449 1253 1631 1403
0 1246 300 1403
1338 1227 3263 2056
221 1188 620 1351
1853 1181 2154 1312
1024 1168 1410 1429
1259 1057 2062 1344
2552 1031 2761 1175
2669 1018 3042 1259
2630 1005 2950 1175
2728 802 3120 933
2630 802 3133 1044
1494 541 2102 737
1932 502 2676 652
2428 496 3263 646
0 319 2865 855
2545 313 3263 522
0 306 685 456
1716 182 3263 319
0 156 1762 332
953 97 3002 228
0 0 3263 1618
0 0 3263 874
1618 248 3263 404
0 1684 3263 2448
0 972 3263 2167
1618 248 3263 378
1664 1318 1958 1507
0 1129 1514 2167
1024 972 3263 2056
0 300 3263 874
0 0 3263 456
2310 91 3263 241
0 313 3263 874
306 770 1077 933
0 71 3263 378
724 0 1782 143
1449 1181 2199 1547
1481 1181 2199 1547
1586 1181 2199 1547
0 1651 208 1821
1964 2278 2232 2448
2075 1919 2206 2212
0 1534 378 1729
2761 1912 3055 2186
1181 1893 1501 2062
0 97 3263 378
1586 1181 2154 1547
0 313 3263 855
0 1847 2088 2448
1553 1684 3263 2448
0 1847 1964 2448
2761 1964 3022 2186
1416 313 3263 737
2389 998 3042 1259
2389 998 2950 1181
2552 998 2950 1175
0 97 3263 345
1024 972 2062 1429
1024 998 2062 1429
0 1129 757 1403
0 2036 372 2363
2434 1723 2924 2154
0 1279 1514 2167
0 2206 489 2448
78 1494 1109 1938
2434 1723 2911 2154
1586 1181 2154 1494
1586 1181 2154 1449
0 1188 620 1403
2154 1808 2572 2199
2363 1821 2572 2199
2363 1899 2572 2199
195 1494 1109 1880
2017 2239 2650 2448
221 1847 1964 2448
398 1873 659 2121
221 1847 1684 2448
2141 2239 2650 2448
2154 1808 2428 2095
2154 1893 2408 2056
802 907 1109 1070
1207 2017 1599 2284
1579 2180 1964 2448
1031 1873 1259 2004
2434 1723 2911 2049
580 1847 874 2088
953 97 3263 319
1579 2258 1964 2448
1553 1684 2539 2310
1834 2095 2193 2310
0 156 1886 345
221 1886 1684 2448
221 1886 1044 2382
195 1586 672 1880
2095 1899 3263 2448
2095 1899 2793 2428
2095 2062 2793 2428
202 241 848 378
417 1586 672 1808
1553 1684 2539 2284
1553 1932 1873 2284
2513 1899 2780 2193
0 2036 372 2278
0 1631 1481 2167
0 1631 940 2167
1775 1684 2539 2160
1932 313 3263 652
2428 313 3263 646
2095 2062 2676 2428
417 1951 1684 2448
822 1677 1481 1984
2310 2141 2676 2428
907 1951 1684 2448
907 1951 1455 2448
1775 1729 2376 2160
0 0 3263 855
0 287 3263 2448
2591 1958 2924 2291
0 1579 691 1821
0 1579 691 1749
0 626 3263 2448
0 626 3263 2212
815 881 1272 1037
0 1155 3263 2448
1122 287 3263 789
2931 711 3263 861
2350 1005 2970 1220
0 763 1638 933
1579 972 2056 1103
0 1455 3263 2448
1396 1527 2180 1938
1645 972 2056 1103
2558 1005 2970 1220
2624 1005 2970 1220
0 1279 1109 1716
0 1279 567 1625
1364 2147 1729 2337
2722 796 3263 972
1181 1155 2219 1566
815 887 1214 1037
0 763 1449 933
0 763 1220 933
1671 1331 1964 1507
1181 1155 2128 1455
1181 1155 1671 1449
1181 1155 1671 1383
0 2049 580 2395
1579 1175 2128 1455
2722 796 3055 972
0 1906 1070 2448
848 1455 3263 2448
2506 1455 3263 2448
848 1651 3159 2448
1364 2206 1729 2337
1266 2180 1795 2448
1266 2317 1494 2448
0 1958 1070 2448
1272 1834 1736 2043
0 0 3087 378
1122 313 3263 789
1122 496 3263 789
1122 567 2931 789
1155 567 2931 789
1155 567 2108 789
1631 567 2108 789
1945 580 2931 744
345 1481 1109 1716
1690 972 2056 1103
848 1749 2428 2284
848 1808 2428 2284
0 2154 483 2395
1155 574 1893 744
2284 1318 2904 1612
1579 1651 3159 2448
1410 1808 2428 2284
0 0 3087 313
848 1873 1521 2154
848 1886 1521 2154
345 1494 1109 1716
1579 1651 3022 2448
1658 2278 1964 2448
705 1494 1109 1716
1579 1651 2904 2448
2506 1468 3263 2448
0 1579 691 1710
0 0 3068 313
0 202 2598 378
940 1749 1266 1971
0 228 1155 378
0 228 913 378
1579 1821 2904 2448
2193 1651 2591 2271
0 228 815 378
815 202 2598 359
1410 202 2598 359
1292 574 1893 724
1410 1873 2186 2284
2363 1821 2904 2428
2363 1821 2904 2199
2421 1821 2904 2180
2421 1821 2904 2069
1579 2180 2467 2448
1579 2180 2147 2448
0 2310 489 2448
2062 2304 2212 2448
2630 2291 3159 2448
1658 2278 1893 2448
1840 2258 1997 2389
2023 2239 2467 2402
2983 2186 3198 2369
2572 2186 2846 2428
1860 2186 2147 2448
1579 2180 1893 2448
1442 2180 1795 2448
2728 2167 2859 2421
2382 2167 2598 2428
0 2154 280 2389
2448 2141 2637 2363
1703 2121 1886 2284
2591 2082 2780 2291
783 2082 1096 2317
248 2049 580 2382
2363 2036 2552 2199
0 2036 365 2265
913 2023 1468 2448
2487 2004 2683 2180
2604 1958 2924 2154
385 1958 1070 2448
2780 1951 3263 2448
685 1945 907 2082
3107 1932 3263 2062
2193 1919 2474 2271
398 1906 737 2128
2421 1899 2591 2069
515 1899 698 2036
2154 1893 2350 2095
1181 1893 1521 2154
848 1886 1266 2121
2676 1880 3022 2310
1860 1880 2186 2245
1410 1873 1867 2284
1442 1873 1742 2088
1272 1834 1736 1997
2545 1821 2904 2043
665 1821 1018 2043
2532 1808 2735 1964
2284 1808 2428 2062
1044 1749 1266 1899
1801 1671 2513 2167
1188 1671 1481 1899
2395 1651 2591 1951
91 1605 345 1736
0 1566 1233 2212
1429 1540 2180 1938
345 1527 835 1671
2506 1468 3263 2010
2519 1449 2904 1612
1671 1351 1906 1507
1821 1331 1964 1488
2284 1318 2624 1521
1475 1318 1658 1449
1645 1279 2219 1566
1481 1272 1860 1436
1579 1220 2128 1455
0 1188 626 1344
1240 1181 1671 1383
815 887 1037 1037
920 881 1272 1024
2774 822 3055 972
0 626 3263 1847
1631 567 2108 744
2552 313 3263 522
0 306 672 456
0 228 815 359
1573 202 2598 359
0 71 3068 313
2539 2082 2780 2382
2095 2069 2239 2278
2356 1005 2970 1220
913 1155 3263 2448
913 1468 3263 2448
0 254 1716 476
0 254 1716 456
2062 2304 2650 2448
0 248 3263 933
0 1188 1266 2448
1122 313 3263 744
1122 567 2141 744
2421 1808 3022 2421
0 71 3068 378
0 0 3263 274
2049 313 3263 691
2049 313 3263 678
2676 1880 3022 2421
2376 1005 2970 1220
1671 52 3263 274
1122 567 2108 744
0 1566 1266 2448
1272 1834 1742 2088
0 0 1775 143
0 71 3068 359
0 1188 1109 1880
0 1279 1109 1880
2421 1808 2904 2069
2363 1468 3263 2448
1181 1155 1860 1436
913 1540 2513 2448
1442 2180 1997 2448
1579 2180 1997 2448
1579 1220 2219 1566
2552 313 3263 548
2558 130 3263 274
195 1527 835 1880
195 1625 639 1880
1377 1873 1742 2088
1292 567 2108 744
326 1527 835 1710
0 1279 731 1625
2363 1912 2924 2428
2363 1958 2924 2428
2448 1958 2924 2363
2487 1958 2924 2180
2532 1808 2904 2043
0 1873 1266 2448
848 1873 1266 2121
2363 2036 2846 2428
1181 1540 2513 2167
0 1906 1096 2448
0 2154 489 2448
2382 2167 2846 2428
913 1873 2474 2448
1860 1880 2474 2448
1860 1880 2186 2448
2630 1951 3263 2448
385 1906 1096 2448
385 1958 1096 2448
1181 1671 1521 2154
1429 1540 2513 2167
2023 1919 2474 2402
913 1873 1867 2448
1664 783 2317 1286
1664 946 2317 1286
1357 1286 1677 1488
221 2004 639 2389
1795 1977 2017 2167
1129 1958 1573 2323
835 0 3263 156
0 633 652 1122
0 633 541 1122
2683 639 3166 809
2996 750 3263 953
2062 2304 2474 2448
2017 607 2545 966
2108 802 2304 966
2017 607 2545 835
1005 972 1279 1201
0 633 424 1011
0 1501 835 1827
0 1527 835 1827
1964 992 2650 1808
2062 992 2650 1808
1396 829 2049 1090
2434 450 2963 607
0 1853 378 2212
176 815 541 1122
0 1625 594 1827
0 1671 411 1827
1703 0 3263 156
0 842 424 1011
1396 926 1991 1090
0 1527 835 1749
1540 372 2265 594
1919 372 2265 567
2683 639 3042 809
0 900 3263 2448
0 0 3263 1240
0 0 3263 574
0 359 2043 574
221 359 2043 496
1977 1742 2350 2206
2062 1299 2513 1808
0 900 652 1625
0 920 652 1625
0 913 3263 2448
2212 992 2650 1625
2212 992 2650 1521
1207 1442 1736 1991
1207 1442 1716 1991
1618 1507 1860 1736
0 313 3263 1240
1925 313 3263 1122
2030 313 3263 1122
2062 313 3263 1122
2167 313 3263 1122
2167 319 3263 1122
2558 319 3263 646
0 417 2108 1240
0 437 496 574
2173 1253 2395 1521
2167 574 3263 1122
2415 613 3263 1122
2467 613 3263 1122
2467 724 3263 1122
861 1188 1684 1801
1044 1188 1684 1488
646 783 1964 1240
646 783 1964 1064
646 842 1455 1064
2833 313 3263 456
0 417 2108 933
221 2004 600 2389
3068 2304 3263 2448
2232 913 3263 2004
646 842 1207 1064
2461 1886 2989 2389
2415 913 3263 1847
470 855 842 1057
1286 783 1964 1051
2232 1534 3263 2004
2532 1534 3263 1997
0 417 2108 855
0 430 2108 855
0 430 1403 718
1671 1272 2128 1507
1749 1272 2128 1507
1742 1070 2095 1233
2232 1534 2728 2004
2415 998 3263 1847
0 443 1090 718
0 1057 652 1625
561 443 2108 855
1207 1442 1631 1932
0 443 1090 691
2415 1077 3263 1847
2415 1201 3263 1847
1116 443 2108 822
1116 443 1860 822
1925 104 3263 280
2493 117 3263 248
2624 117 3263 248
2461 1886 2931 2389
2461 1886 2931 2180
1286 783 1873 1051
0 0 2467 456
0 966 3263 2448
0 966 2304 2448
221 2004 600 2382
1116 443 1860 802
561 626 1410 855
1116 515 1860 802
0 1057 541 1625
0 443 1090 672
0 489 861 672
646 855 1037 1064
1396 1573 3263 2448
0 966 1742 2448
124 966 1742 1697
0 1331 1507 2448
2702 1645 3263 1997
0 1246 424 1625
2232 802 2852 1090
2558 319 3139 522
0 19 2467 456
0 19 1011 261
0 1566 1507 2448
124 966 1742 1566
124 966 1514 1566
124 966 1214 1566
2474 1886 2931 2180
1142 998 1514 1233
1396 1090 2304 1664
124 966 1161 1566
0 163 2467 456
0 163 2467 424
332 966 1161 1566
332 966 1161 1540
332 966 966 1540
332 966 724 1214
1396 1090 2049 1664
685 626 1410 855
685 626 1390 855
0 163 2467 365
0 1566 1481 2448
0 496 672 672
1396 1090 1964 1449
176 496 672 672
1396 1103 1938 1449
907 2154 1481 2448
907 2284 1259 2448
1449 1873 1827 2186
1396 1573 2617 2448
1723 2030 2617 2448
0 1579 672 1749
0 1566 1370 2448
2793 822 3263 1122
1396 1246 1899 1449
2441 1925 3263 2448
0 1664 1370 2448
0 1664 1233 2448
0 1827 1220 2448
287 1827 1220 2448
450 1827 1220 2448
143 163 2467 365
0 2193 352 2448
195 1697 678 1880
1396 1573 2474 2448
1396 1579 2474 2448
1396 1599 2474 2448
1396 1697 2474 2448
1233 998 1514 1233
1507 1403 2049 1664
143 163 2284 365
417 163 2284 365
776 163 2284 332
1070 163 2284 332
1070 163 1853 332
1070 163 1664 332
326 1808 607 1984
391 1351 783 1566
391 1351 652 1566
1775 1579 2108 1756
1396 1710 2474 2448
1475 1573 1762 1788
2415 1207 3113 1847
2415 1207 3113 1592
2558 1312 3113 1592
2715 1312 3113 1592
1135 1331 1436 1729
953 1899 1507 2232
561 1827 1220 2415
561 1853 1220 2415
946 2056 1201 2415
1396 1723 2474 2448
1396 2088 2121 2448
1396 2088 2095 2448
2728 1925 3263 2415
1840 2030 2617 2448
1840 2186 2617 2448
2722 1645 3263 1997
2004 1723 2474 2278
2134 1723 2474 2278
0 1893 587 2278
150 1893 587 2212
561 1853 1220 2376
561 1853 1220 2284
1481 2088 2095 2448
1481 2088 1991 2448
1481 2088 1919 2448
1664 1710 1945 1945
953 1912 1442 2232
2134 1723 2408 2056
561 1853 1090 2284
1481 2180 1919 2448
2147 2193 2617 2448
1788 1867 2134 2088
2441 2121 2813 2448
332 966 646 1214
1396 2284 1645 2448
1077 2284 1259 2448
2937 2278 3172 2448
2578 2271 2813 2448
1840 2271 1991 2448
450 2271 678 2448
1625 2265 1919 2448
1155 2265 1481 2448
600 2258 796 2448
2147 2239 2617 2448
822 2239 998 2448
0 2212 163 2389
2291 2193 2598 2428
0 2193 339 2448
3002 2186 3153 2317
1840 2186 2199 2337
1723 2180 1886 2317
1481 2180 1795 2428
946 2180 1142 2415
496 2180 639 2382
1220 2154 1481 2337
626 2147 894 2330
2767 2134 2989 2284
2624 2134 2793 2389
718 2134 992 2376
2441 2121 2696 2382
221 2121 398 2382
1775 2095 2121 2258
1494 2088 1788 2271
3113 2069 3263 2350
326 2049 489 2219
2389 2030 2526 2226
2004 2030 2206 2239
1129 2023 1573 2323
1207 2017 1442 2160
3081 2004 3263 2186
1821 2004 2017 2134
365 2004 600 2356
1560 1984 1827 2186
2154 1951 2350 2206
2728 1925 3211 2415
150 1925 417 2212
2173 1919 2474 2278
2519 1912 2931 2180
953 1912 1266 2232
561 1906 822 2284
0 1906 235 2212
1645 1899 1814 2069
1227 1899 1507 2062
326 1893 587 2075
2474 1886 2741 2095
1958 1886 2134 2049
1449 1873 1742 2088
789 1873 1220 2199
1788 1867 2088 2088
711 1853 1090 2206
822 1853 1024 1991
2134 1827 2408 2056
665 1827 900 2043
476 1821 607 1958
3022 1808 3179 1991
326 1808 541 1984
0 1782 163 2030
1272 1769 1716 1991
2989 1749 3139 1906
1977 1742 2212 2160
1599 1729 1736 1893
2212 1723 2408 1997
195 1723 496 1880
1664 1710 1893 1945
1207 1703 1631 1932
1814 1697 2017 1906
476 1697 678 1873
2722 1684 3055 1997
1168 1677 1370 1840
2232 1671 2513 1840
91 1671 411 1814
868 1664 1233 1899
137 1658 450 1840
3002 1645 3263 1886
1475 1638 1762 1788
496 1618 1005 2023
1997 1599 2199 1775
2924 1586 3061 1723
1873 1579 2108 1756
861 1566 1077 1788
1729 1560 1860 1736
2134 1553 2513 1808
2761 1540 2963 1847
2532 1534 2859 1906
2323 1534 2728 2004
372 1527 835 1710
3042 1514 3263 1703
1618 1507 1782 1697
665 1494 1077 1697
1716 1481 2049 1664
2878 1468 3159 1631
1135 1468 1351 1729
1253 1442 1540 1814
0 1442 424 1625
2304 1416 2617 1625
391 1416 554 1566
1507 1403 1873 1573
861 1403 1233 1801
1964 1396 2180 1618
639 1370 783 1521
2715 1364 2976 1592
2558 1357 2748 1566
1671 1351 1867 1501
1148 1331 1436 1553
124 1331 450 1507
2918 1312 3113 1507
1357 1305 1592 1488
2062 1299 2350 1599
1840 1299 2147 1501
1481 1286 1677 1436
1749 1272 2004 1507
1573 1272 1899 1449
1044 1272 1410 1488
248 1259 652 1455
2173 1253 2356 1383
1396 1246 1631 1390
0 1246 300 1586
2637 1233 2839 1396
2800 1220 2931 1410
2415 1207 2663 1501
3035 1201 3263 1514
874 1201 1161 1357
705 1181 933 1325
528 1175 966 1540
2598 1148 2931 1292
1847 1148 2304 1344
2820 1129 3107 1351
1612 1103 1938 1279
3081 1077 3263 1299
1018 1077 1214 1253
1873 1070 2095 1233
1325 1070 1742 1259
2363 1064 2650 1253
0 1057 541 1286
2552 1037 2800 1175
365 1031 646 1214
2767 1018 3074 1201
1142 1018 1338 1227
659 1018 835 1214
594 1018 724 1194
3022 998 3211 1181
1299 998 1488 1161
1005 998 1142 1201
2212 992 2565 1521
1116 972 1279 1122
848 972 1109 1240
332 966 535 1122
1847 946 2317 1286
2976 926 3263 1122
1396 926 1677 1090
757 926 992 1064
476 920 620 1057
0 920 300 1116
2617 913 3022 1064
933 900 1455 1031
1507 894 1873 1051
254 874 528 1122
646 855 1037 998
470 855 842 1031
0 855 254 1011
1827 829 2049 979
1638 829 1964 966
2793 822 3035 959
2448 815 2852 1024
2487 809 2741 940
2232 802 2696 1090
1971 783 2193 966
1286 783 1827 959
3009 750 3263 900
561 724 953 855
1135 691 1410 835
2023 685 2545 835
2741 639 3042 809
992 639 1390 848
1279 633 1618 822
0 633 352 861
685 626 1122 855
2924 613 3263 776
1521 613 1860 802
1631 574 2108 737
639 561 815 705
1116 515 1697 659
176 509 430 672
2689 496 3263 646
1925 483 2676 613
815 443 1090 587
0 443 345 574
1919 372 2226 567
2062 332 2656 476
2918 313 3263 456
417 221 1024 365
1749 176 2284 319
1246 176 1664 332
1925 104 2591 280
0 71 600 261
509 19 1011 163
0 0 3263 1501
0 855 3263 2448
0 0 3263 1449
0 574 3263 1449
0 0 3263 861
0 855 2212 2448
1481 992 3263 2448
639 561 940 705
300 574 3263 1449
221 2121 515 2389
2389 1971 2552 2226
1964 2284 2474 2448
1964 2284 2212 2448
0 855 1742 1880
0 1494 1077 1880
0 1501 835 1880
0 1579 672 1880
0 319 1011 456
0 855 1742 1625
1749 1272 2147 1507
2108 802 2284 966
0 744 652 926
0 1501 835 1710
0 1527 835 1710
0 0 3263 365
0 0 3263 345
176 744 652 874
0 1579 672 1827
1481 1534 3263 2448
1964 992 3263 2049
0 1272 2212 2448
2062 992 3263 2049
0 1618 1370 2448
1142 724 3263 1449
3068 2193 3263 2448
0 313 3263 861
718 1272 2212 2448
0 1638 411 1827
417 104 3263 365
78 1658 450 1958
0 855 378 1011
933 313 3263 678
842 1383 1096 1521
1481 2180 2199 2448
1481 2180 2199 2428
