0 0 2448 3263
0 0 150 287
2186 1932 2402 2258
1272 2369 1527 2715
1272 2539 1488 2715
1077 2147 1364 2519
691 1782 1057 2199
235 404 541 548
1325 2617 1566 3055
1331 2617 1566 3055
1880 1083 2186 1455
1116 502 1259 861
1573 2141 1808 2317
1573 2141 1801 2317
1873 705 2141 848
1540 456 1847 1044
1540 456 1847 1005
1044 228 1299 456
1331 2369 1527 2572
1834 137 2180 613
2128 1259 2278 1449
359 620 1051 1109
515 783 1051 1109
567 802 1051 1109
731 835 1051 1064
65 2232 267 2454
483 2519 815 2807
2180 1677 2323 1906
554 1142 887 1468
163 580 345 868
261 900 567 1214
261 900 437 1077
953 998 1161 1305
1488 0 2004 339
691 1782 900 2030
476 0 861 221
476 0 861 202
1344 169 1481 385
6 1468 176 1690
1540 456 1847 913
926 1416 1540 1853
926 1658 1233 1853
1253 2010 1521 2239
1292 345 1579 633
1540 456 1821 913
881 2421 1096 2715
881 2461 1096 2715
731 855 992 1064
554 1142 789 1462
1540 0 2004 339
1031 1416 1540 1716
894 2552 1096 2715
293 2128 574 2506
293 2212 574 2506
2180 1677 2323 1880
476 0 691 143
1005 1083 1161 1305
0 2343 241 2676
0 2343 241 2591
0 2754 150 2963
1540 456 1795 913
293 2245 515 2506
2186 215 2448 829
2186 287 2448 829
2206 287 2448 829
2232 450 2448 829
2258 548 2448 829
0 1521 2448 3263
1638 2206 2043 2630
1638 2206 2023 2630
1775 2206 2023 2539
0 0 2448 2493
940 430 1188 848
940 522 1188 848
940 626 1188 848
2232 450 2448 770
163 580 313 868
1207 757 1573 1194
1207 757 1573 1103
463 1612 711 1749
1207 757 1573 1051
208 770 1070 1625
208 770 1070 1436
254 770 1070 1436
2121 1403 2448 1749
1893 842 2226 1155
1893 842 2115 1155
1906 842 2115 1057
1207 757 1429 946
2206 287 2448 633
359 620 594 829
1586 1227 1827 1436
535 293 783 450
0 150 137 698
0 411 137 698
1325 1494 1945 2206
1325 1494 1821 2056
1540 1494 1821 2056
1540 1494 1749 1958
1540 1671 1749 1958
2036 861 2226 1077
1651 1729 1821 2056
1325 1736 1710 2036
254 783 489 1011
110 0 489 417
437 0 979 443
437 163 757 417
45 2611 261 2787
84 2611 261 2787
235 1070 744 1625
0 1938 2448 3263
0 1938 2043 3263
0 2265 933 3263
1312 711 1618 979
1142 1592 1579 2056
1658 1521 2448 2532
235 1070 744 1605
241 1070 744 1605
274 1070 744 1605
274 1070 678 1534
274 1070 672 1534
515 1938 2043 3263
737 1938 2043 3263
744 2330 959 2669
567 802 874 1109
1410 0 2448 678
1410 0 2265 678
802 0 1227 574
802 0 1188 574
881 0 1188 574
913 0 1188 326
1220 979 2036 1534
1292 1207 1527 1488
737 2010 2043 3263
1410 0 2115 678
1410 110 2102 678
737 2043 2043 3263
2121 1403 2448 1690
391 770 1070 1436
391 770 1070 1331
391 770 887 1331
489 959 887 1331
2036 0 2448 646
2062 0 2448 476
2062 0 2448 443
2147 0 2448 326
2147 32 2382 326
515 2252 829 2656
515 2252 698 2421
110 0 489 313
1299 2056 2448 3263
1436 2056 2448 3263
972 2297 1188 2578
0 711 659 1749
78 1390 659 1749
150 1403 659 1749
150 1403 659 1703
150 1403 626 1684
150 1403 430 1684
254 443 502 900
254 443 430 900
763 1880 1057 2199
1534 202 2102 678
705 0 979 443
0 796 156 985
1279 979 2036 1534
1279 979 1964 1534
1279 979 1827 1292
1279 979 1821 1292
744 2330 959 2624
737 2519 1259 3263
1547 2056 2448 3263
992 2043 2043 3263
150 2265 933 3263
150 2363 933 3263
372 2363 691 2598
1031 1449 1514 1716
1031 1507 1312 1716
385 1886 633 2154
0 2330 607 3263
0 2461 607 3263
0 2539 607 3263
992 2800 1618 3263
1312 711 1527 874
1142 1592 1449 2056
1122 2043 2043 2983
0 711 365 1618
254 594 430 900
1658 1521 2448 2428
110 0 378 313
110 0 378 300
1801 1586 2448 2428
1390 359 2448 1886
1390 359 1729 1057
1390 359 1729 887
1612 404 2448 1886
1801 509 2108 789
0 900 365 1618
0 0 1625 2493
0 26 1357 2493
0 698 1357 2493
920 698 1357 1090
920 698 1240 1090
737 2519 1155 3263
411 1240 672 1534
1383 1599 1579 1840
0 26 1083 933
822 424 1083 731
0 900 1325 2493
0 1070 1325 2493
0 26 1037 933
65 26 1037 907
65 228 1037 907
757 0 979 443
1612 580 2448 1886
1612 1325 2226 1886
1612 1331 2226 1886
822 424 1031 731
1142 0 1625 744
2265 1403 2448 1690
1677 580 2448 1540
1938 580 2448 1540
1971 580 2448 1540
437 163 691 417
1142 0 1625 509
1201 0 1625 509
1201 0 1625 404
1253 0 1625 404
1272 0 1625 306
0 411 130 698
1031 776 1240 1090
992 2800 1527 3263
1077 2800 1527 3263
0 1573 1272 2493
65 228 548 659
84 228 548 659
926 2650 1259 3146
1971 594 2448 1540
1971 724 2448 1540
1971 887 2448 1540
1677 731 2010 1168
417 1070 1325 2082
1429 979 1821 1292
1488 979 1821 1240
1801 1814 2448 2428
2245 1991 2448 2278
913 0 1122 326
1573 1214 1964 1534
0 1573 1272 2467
150 2500 933 3263
150 2500 718 3055
150 2500 620 3055
150 2617 620 3055
150 2702 620 3055
1155 2252 2043 2983
1155 2252 1455 2611
1534 248 1840 678
1462 359 1729 887
1462 359 1729 724
496 1070 1325 2082
1109 1070 1325 1507
913 0 1116 326
189 2676 933 3263
776 2519 1155 3263
776 2630 1135 3263
496 1240 1194 2082
496 1240 1194 2062
639 1240 1194 2062
744 1240 1194 1736
1168 2402 2043 2983
1259 2402 2043 2983
1259 2402 1723 2839
1801 1814 2330 2428
1801 1814 2226 2141
776 2630 1135 3218
776 2852 1011 3218
0 1677 1272 2467
0 1677 659 2337
0 1677 574 2337
0 1814 574 2337
0 1840 378 2337
483 1821 1272 2467
483 1853 1175 2467
561 1853 1175 2467
1077 2800 1357 3192
1553 2526 2043 2983
0 1573 248 1997
639 1651 1070 2062
1109 1070 1325 1403
1971 900 2448 1540
1971 1037 2448 1540
1971 1037 2448 1383
750 1651 1070 2062
0 1951 378 2337
0 2030 378 2337
1723 1331 2226 1886
2193 1331 2448 1540
0 1057 365 1618
450 411 1037 907
391 26 600 378
0 2036 326 2337
1331 2402 1723 2728
1971 1037 2448 1357
1971 1037 2448 1246
1971 1051 2382 1246
1142 1592 1370 2004
829 1240 1194 1560
450 411 874 815
567 802 868 1109
2069 2043 2330 2428
1971 1051 2297 1246
926 2741 1175 3146
561 1853 1122 2467
0 2043 254 2337
378 2676 933 3263
580 1853 1122 2467
274 1070 587 1481
365 1129 587 1481
450 411 750 815
626 1958 1122 2467
626 1958 1122 2402
0 2539 496 3263
2108 724 2448 940
78 1677 502 1919
1122 2043 1494 2350
0 2539 339 3263
567 802 868 1051
1801 1814 2088 2121
1547 2591 2448 3263
802 1756 1070 2062
1867 2056 2448 2748
1579 2526 2043 2983
1579 2558 1912 2983
665 639 1037 907
1749 731 2010 1168
1801 1814 2056 2108
665 2075 1122 2402
1867 2056 2448 2696
0 2650 339 3263
391 26 567 378
1618 2591 2448 3263
1867 2056 2186 2696
1077 2800 1318 3192
378 2963 933 3263
1423 3126 1618 3263
1129 3113 1292 3263
1266 3100 1527 3263
1893 3081 2245 3263
221 3081 476 3231
979 3074 1168 3263
378 3055 718 3263
2102 3048 2428 3263
868 3048 1005 3218
1077 3015 1266 3192
1984 3009 2160 3185
1547 3002 2043 3263
1220 2970 1357 3166
659 2963 933 3263
411 2963 607 3179
182 2963 496 3153
522 2931 705 3107
926 2924 1175 3146
1436 2911 1566 3179
0 2911 339 3263
443 2891 620 3035
1331 2865 1566 3055
776 2852 1011 3094
0 2826 150 2963
1227 2813 1390 2996
574 2813 705 2996
1083 2800 1318 3035
920 2793 1109 2957
372 2787 620 2937
1880 2748 2043 2918
1618 2741 2448 3263
992 2741 1175 2976
1579 2728 1847 2983
150 2702 476 3055
535 2696 718 2826
659 2676 874 3074
1259 2669 1481 2839
326 2656 561 2833
1077 2650 1259 2878
0 2650 287 3074
874 2630 1135 2872
1383 2617 1566 2891
737 2598 1037 2898
1984 2591 2448 3048
1168 2591 1338 2820
1553 2572 1782 2885
1710 2558 1912 2839
1148 2552 1279 2833
1272 2539 1429 2715
757 2539 926 2669
58 2539 215 2683
1801 2526 2043 2787
626 2519 815 2807
463 2513 685 2656
293 2500 476 2630
1560 2487 1736 2663
1331 2480 1579 2728
881 2461 1037 2598
169 2461 352 2637
1155 2448 1325 2611
1331 2434 1521 2572
1638 2408 1808 2630
1521 2402 1723 2565
2062 2395 2199 2532
1853 2395 2030 2552
561 2389 691 2591
972 2376 1188 2578
372 2363 607 2598
84 2343 215 2493
0 2343 137 2506
633 2337 829 2656
744 2330 959 2585
163 2330 372 2552
1886 2317 2186 2696
1051 2297 1188 2441
2121 2284 2448 2650
1560 2271 1795 2493
1436 2271 1573 2461
417 2265 626 2454
1227 2252 1455 2565
535 2252 698 2421
293 2245 502 2434
65 2232 215 2408
1077 2226 1331 2519
1775 2206 2023 2448
0 2206 137 2467
1462 2199 1612 2369
783 2199 1109 2467
1573 2186 1782 2317
2069 2180 2252 2428
228 2180 365 2376
633 2128 796 2297
1716 2121 1906 2389
1286 2121 1494 2350
874 2102 1122 2369
665 2075 972 2402
1867 2056 2167 2330
1259 2056 1521 2239
483 2056 646 2219
65 2056 202 2186
2108 2043 2330 2304
1122 2043 1364 2323
150 2036 326 2265
1488 2010 1729 2212
992 1997 1175 2271
359 1997 659 2284
2245 1991 2434 2265
385 1977 587 2154
1677 1958 1945 2206
626 1958 848 2173
235 1951 378 2121
1416 1938 1671 2160
2206 1932 2402 2082
913 1886 1135 2082
763 1880 1057 2134
1801 1860 1945 2049
580 1853 835 2023
2049 1847 2226 2141
802 1840 1070 2062
156 1840 339 2004
1070 1821 1272 2075
1906 1814 2056 2108
359 1814 574 2102
1547 1808 1710 1991
2056 1801 2356 1991
0 1795 215 2115
1742 1788 1912 1984
2023 1782 2160 1964
1651 1762 1788 2056
809 1756 1037 1886
1325 1736 1625 2036
1664 1729 1821 1938
496 1697 750 1997
1618 1690 1749 1958
1220 1690 1449 2056
1814 1684 2023 1860
287 1677 502 1919
78 1677 456 1919
2010 1671 2226 1886
1899 1658 2069 1814
1142 1658 1331 2004
926 1658 1227 1853
750 1651 953 1795
639 1651 770 1814
417 1618 646 1821
463 1612 600 1749
0 1612 189 1997
1168 1592 1370 1808
2284 1586 2448 2036
1775 1579 1945 1729
39 1573 248 1795
2134 1534 2330 1749
2115 1527 2317 1736
1658 1521 1912 1801
1031 1521 1227 1716
1370 1514 1527 1703
2265 1501 2448 1690
228 1494 398 1769
2121 1475 2350 1671
45 1468 176 1631
1507 1462 1638 1703
894 1455 1142 1684
1240 1449 1514 1625
1612 1442 1742 1592
398 1442 626 1651
685 1416 913 1749
744 1403 1031 1736
241 1403 430 1631
78 1390 248 1579
2193 1377 2369 1540
1155 1357 1312 1507
2291 1331 2448 1514
1723 1331 2154 1749
1573 1325 1906 1534
829 1318 1083 1560
1638 1305 1827 1436
1292 1286 1475 1488
1455 1272 1605 1501
0 1259 332 1618
998 1240 1194 1455
411 1240 607 1488
2199 1227 2448 1357
829 1227 1070 1436
1788 1214 1964 1449
1501 1214 1638 1416
91 1214 235 1364
1364 1207 1527 1396
0 1194 137 1351
1899 1188 2036 1377
1945 1161 2186 1455
2108 1148 2395 1292
1671 1142 1827 1272
554 1142 750 1423
1109 1135 1299 1403
398 1129 587 1351
1429 1109 1664 1292
241 1109 417 1514
1279 1090 1462 1246
1005 1083 1155 1214
2023 1070 2297 1246
1116 1070 1325 1259
274 1070 502 1266
137 1057 365 1318
39 1057 215 1220
1971 1051 2226 1201
1625 1051 1821 1240
19 1024 156 1188
1684 998 1834 1129
953 998 1122 1175
326 992 567 1214
1893 979 2030 1155
1488 979 1658 1168
731 979 1070 1312
613 966 887 1331
489 959 659 1214
2128 933 2291 1103
1762 933 1925 1168
2206 900 2389 1142
1116 900 1253 1142
0 900 241 1220
1547 881 1690 1057
1246 874 1462 1103
607 868 796 1051
254 868 489 1011
731 855 992 1044
1390 848 1573 1051
1906 842 2069 1044
874 835 1051 1064
1677 829 1880 972
1449 829 1618 979
1938 776 2141 1011
1037 776 1240 1070
391 770 633 992
1253 757 1429 946
254 744 417 900
2108 731 2330 881
1749 731 2010 1064
2258 724 2448 940
868 724 1037 907
1312 718 1494 874
1227 711 1357 861
124 711 261 959
920 698 1122 940
417 691 594 829
1455 685 1592 881
163 672 313 868
940 665 1109 848
665 639 894 868
0 633 169 933
1494 626 1690 887
998 626 1188 835
2069 594 2245 763
267 594 430 770
1893 580 2108 724
1390 567 1560 731
2258 548 2428 829
1631 548 1795 913
822 535 966 731
450 522 600 731
1801 509 1997 789
874 509 1083 718
1462 489 1684 724
2304 450 2448 594
339 450 502 580
254 443 417 626
1292 430 1488 633
940 430 1090 607
835 424 1031 600
496 417 672 587
691 411 874 724
509 411 750 815
1814 404 1997 620
1168 391 1377 744
2206 372 2389 633
1037 365 1227 522
1547 359 1729 580
1703 345 1840 678
1370 345 1579 535
1964 339 2095 613
1292 339 1429 509
2036 319 2252 646
535 293 737 450
1044 274 1181 456
802 274 940 509
306 254 437 417
1534 248 1782 404
881 248 1161 574
1168 228 1299 430
84 228 548 620
2226 208 2402 476
1775 202 2102 417
2062 182 2193 443
1253 176 1455 404
221 176 365 313
541 163 691 372
450 163 600 352
933 150 1116 326
1834 137 2180 496
1592 130 1762 280
1410 110 1560 391
1272 104 1436 306
2291 84 2448 267
208 78 359 274
705 58 842 332
554 58 718 202
2147 45 2304 326
2245 32 2382 267
430 26 567 248
2291 0 2448 195
2036 0 2265 189
1945 0 2115 215
1821 0 2004 254
1540 0 1847 339
1403 0 1625 195
1383 0 1553 137
1201 0 1410 261
1109 0 1272 202
913 0 1057 228
835 0 979 235
580 0 861 202
110 0 378 241
0 829 2448 3263
385 2212 574 2369
0 0 2448 2467
437 0 2448 1325
0 1370 1782 3263
940 430 1168 633
372 2513 685 2748
0 0 1821 2467
881 2421 1037 2598
1331 829 2448 3263
744 1233 1031 1736
1064 1416 1540 2004
2134 1534 2330 1847
509 2676 718 2826
1253 2010 1599 2245
535 169 783 450
920 665 1122 940
2186 450 2448 829
372 2513 685 2656
894 2519 1155 2715
1880 874 2154 1305
1958 874 2154 1077
1521 829 2448 3263
2278 868 2448 1246
2278 868 2448 1018
1064 1429 1527 2004
365 502 1821 2160
0 0 1161 2467
202 580 345 776
1292 339 1514 509
541 802 1051 1109
293 2376 515 2506
1573 1729 1912 2056
2115 1331 2448 1736
2115 1475 2350 1736
1651 1729 1912 2056
489 2252 698 2519
1292 1227 1475 1488
365 1240 711 1749
365 1240 711 1703
1331 2480 1847 3179
541 802 874 1109
1880 979 2030 1305
1540 345 1840 913
2023 1782 2304 2258
65 1677 672 2454
65 1814 672 2454
339 450 502 646
633 502 1821 2160
998 502 1259 861
437 58 842 417
554 58 842 332
0 2245 1618 3263
633 594 1821 2160
1312 594 1618 979
65 1814 633 2454
1521 933 2448 3263
1135 1507 1527 2004
2265 1331 2448 1690
1547 345 1840 913
633 757 1821 2160
1455 1214 1638 1501
2023 1782 2226 2141
150 1814 633 2376
998 502 1240 835
1612 829 1880 1129
1612 894 1834 1129
0 1024 215 1351
0 1057 215 1351
953 992 1148 1175
189 3081 476 3263
2258 450 2448 829
45 1370 1782 2578
45 1370 450 1749
45 1390 248 1631
1631 345 1840 913
2258 0 2448 195
1142 1514 1527 2004
1383 1462 1638 1840
2023 1070 2382 1246
476 0 2448 1325
868 3048 1331 3263
2056 1801 2402 2082
365 1240 711 1625
150 1814 633 2284
626 2330 1037 2898
633 2330 1037 2898
633 2330 959 2656
150 1370 450 1749
150 1370 430 1684
235 1370 430 1631
150 1814 633 2265
150 2030 378 2265
1442 711 1618 979
84 0 1161 1436
137 443 489 1011
137 443 463 900
163 443 463 900
254 443 463 900
476 0 1455 456
476 0 1272 456
476 0 1272 443
561 0 1272 443
1638 2121 2043 2630
411 2891 620 3179
215 2265 691 2722
293 2265 691 2630
372 2265 691 2598
868 3048 1018 3263
1383 2617 1847 3179
1436 2728 1847 3179
979 3074 1331 3263
1168 176 1455 430
1638 2193 2043 2630
1638 2193 2030 2630
208 58 417 313
208 78 365 313
1638 2193 2023 2630
1775 2193 2023 2539
411 1240 711 1625
1266 2865 1618 3263
1266 3035 1618 3263
1266 3100 1618 3263
750 757 1821 2160
1547 1494 1821 1991
1586 1494 1821 1958
1618 1645 1821 1958
0 2245 1527 3263
992 2369 1527 2976
1148 2369 1527 2833
1155 2369 1527 2715
1272 2434 1521 2715
0 0 626 2467
0 0 208 698
0 150 176 698
0 150 130 698
1207 855 1547 1142
737 2539 1037 2898
750 757 1671 2160
1037 776 1253 1142
235 1814 633 2154
1246 874 1547 1142
1253 757 1664 1396
992 3113 1331 3263
580 0 1272 443
359 1618 1782 2578
1436 2010 1782 2461
1436 2186 1782 2461
0 0 208 300
1253 757 1664 1292
1390 848 1664 1292
1390 848 1658 1168
1547 2728 1847 3094
254 443 463 815
1168 0 2448 1325
1834 0 2448 822
1834 0 2448 613
1834 0 2382 613
2036 0 2382 326
2036 0 2304 326
2291 84 2448 359
1573 933 2448 1886
2095 1325 2369 1540
1201 0 1847 339
1201 0 1625 306
1899 1573 2297 1886
2010 1573 2297 1886
1462 2186 1782 2369
1893 580 2141 822
267 594 463 815
1521 1586 2448 3263
633 1272 913 1814
750 1070 1671 2160
0 2245 1514 3263
0 2245 502 3074
1201 0 1553 306
1880 2748 2147 2924
1279 1090 1527 1396
359 1618 1494 2578
1077 2043 1494 2565
1077 2121 1494 2565
1749 182 2448 1325
2036 182 2448 940
2036 182 2448 763
2036 182 2402 763
2036 182 2402 646
665 424 1083 907
665 424 1083 868
665 535 966 868
0 2591 1514 3263
1168 2591 1514 2996
1168 2591 1481 2996
1573 933 2448 1860
235 1814 587 2154
633 1272 789 1605
2108 1586 2448 2304
2108 1991 2434 2304
1573 1051 2448 1860
2258 489 2448 829
58 2245 502 2683
58 2330 372 2683
835 424 1083 718
2036 208 2402 646
2036 319 2389 646
0 515 626 2467
0 515 326 1090
0 633 326 1090
124 711 326 1090
84 0 600 620
84 0 548 620
2108 1148 2448 1357
1168 0 2102 887
1168 110 2102 887
1573 1051 2186 1860
359 1618 1188 2578
874 1997 1175 2369
1168 110 1782 887
1168 345 1690 887
1292 345 1690 887
359 1814 587 2154
750 1240 1671 2160
998 1240 1514 1625
998 1240 1312 1507
1749 404 2389 1325
0 2617 1318 3263
378 2630 1318 3263
58 2461 352 2683
1390 489 1690 887
1749 404 2258 1325
1677 1814 2088 2206
0 2617 620 3263
411 1240 678 1534
580 0 1188 443
757 0 1188 443
750 1318 1671 2160
829 1318 1227 1716
1677 1814 2056 2206
1749 404 2258 1168
1109 1070 1325 1488
1749 731 2258 1168
1749 731 2258 1064
274 248 1161 1436
274 770 1070 1436
992 3113 1292 3263
1573 1051 2186 1801
1573 1161 2186 1801
1586 1220 1834 1364
750 1651 1671 2160
750 1651 1625 2075
1462 489 1690 887
0 900 626 2467
0 1259 456 2467
417 1618 1135 2134
274 1070 587 1351
359 1958 1188 2578
2141 861 2389 1142
1573 1161 2186 1749
1938 776 2258 1011
0 1494 456 2467
639 1416 913 1814
326 770 1070 1436
613 966 1070 1436
750 1651 1449 2075
1070 1690 1449 2075
326 770 659 1214
2010 1671 2297 1886
776 2630 1318 3192
750 1651 1227 1853
776 2800 1318 3192
926 2800 1318 3192
0 900 626 1651
926 2800 1318 3146
1168 2591 1481 2839
137 1057 626 1651
391 770 659 1214
0 1573 456 2467
1521 2056 2448 3263
1521 2271 2448 3263
417 1618 835 2023
417 1618 750 1997
0 1612 254 2467
150 2617 620 3153
1521 2271 1912 2885
1521 2271 1795 2885
1521 2271 1795 2565
829 1318 1142 1684
1553 2487 1782 2885
0 2043 254 2467
763 1880 1135 2134
1410 110 1782 404
933 19 1188 326
1201 0 1553 261
417 248 1161 829
802 248 1161 574
417 411 874 829
359 1958 1109 2467
626 1958 1109 2467
992 2650 1259 2976
39 1573 456 2004
150 2702 620 3153
1801 404 1997 789
1077 2226 1455 2565
665 2075 1109 2467
137 1057 417 1514
1723 1161 2186 1749
496 411 874 815
0 1612 215 2115
78 1677 456 2004
659 2676 933 3263
509 411 874 815
1893 3048 2428 3263
319 1240 535 1507
1540 2049 1729 2212
0 0 261 352
267 809 620 1207
1383 1501 1527 1631
665 1586 953 1867
6 1449 169 1690
926 2395 1116 2715
913 3074 1194 3263
1912 267 2226 646
1318 2493 1671 3094
1377 2493 1671 3094
1377 2493 1605 2976
483 2526 737 2807
1403 1677 1749 1997
91 0 261 248
117 293 600 646
117 293 541 646
235 404 541 646
2030 0 2448 757
1344 1011 1749 1455
1344 1070 1749 1455
1344 1070 1664 1357
665 1586 913 1867
