0 0 2448 3263
1175 1227 1534 1782
776 1135 1266 1716
1971 868 2441 1318
1442 0 1782 352
2284 0 2448 254
1135 2735 1318 3028
959 1135 1501 1801
998 1135 1501 1749
463 2650 868 2911
1671 1736 2448 2793
1449 548 1880 809
1886 385 2448 1390
1886 385 2448 1318
1886 443 2448 1318
1886 483 2448 1318
2160 483 2415 685
998 1181 1501 1749
946 1103 1977 2154
946 1586 1677 2154
946 1586 1677 2023
946 1769 1344 2023
1396 2128 1729 2696
1396 2128 1729 2676
1501 2128 1729 2526
1501 2297 1729 2526
1103 1586 1677 1964
1103 1782 1279 1964
1886 561 2448 1318
1886 561 2448 1077
2258 443 2448 639
946 1769 1305 2023
1527 1103 1977 1651
1449 574 1880 809
189 1044 2448 3263
1201 2480 1769 3139
1560 2297 1729 2526
946 1769 1305 1997
1031 1782 1305 1997
424 1044 2448 3263
541 2239 1051 2748
600 228 1540 1207
1331 2062 1488 2239
639 2239 1051 2748
2186 1338 2448 1971
894 2944 1403 3263
1997 620 2448 1318
0 0 2448 1631
1436 208 1612 411
1540 2049 1788 2467
1788 1044 2402 1853
659 1808 926 2160
1958 2173 2167 2323
1788 1044 2265 1521
1788 1044 2265 1377
1788 1103 2049 1377
248 169 894 887
0 574 1142 3263
940 228 1194 594
0 574 1116 3263
1788 594 2304 972
1788 594 2304 881
0 2304 528 3263
1788 724 2115 881
1005 0 2448 1631
0 574 1116 2911
737 1083 1142 1383
0 2304 528 3153
1240 842 1586 1175
0 574 1116 2859
1618 0 2448 450
1847 0 2448 404
2043 0 2448 404
2075 0 2448 404
1005 0 2369 1631
424 1534 2448 3263
1175 1534 2115 2160
1227 1534 2115 2141
1227 1814 1684 2141
424 2049 2448 3263
156 3042 509 3263
0 776 1116 2859
0 776 163 1357
2075 0 2317 306
0 985 1116 2859
1299 2487 2448 3263
750 1658 1031 2186
424 2049 1507 3263
424 2676 1155 3263
842 2049 1507 3263
1005 0 2369 1423
665 1357 959 1742
0 0 1135 1338
1514 2487 2448 3263
953 2754 1155 3028
1410 1534 2115 2121
1070 2650 1501 3263
1618 0 1984 450
770 1083 1142 1318
1272 1201 1605 1631
424 2676 1064 3263
1070 2891 1501 3263
953 228 1194 594
1410 1534 2010 2121
920 1083 1142 1233
1716 1729 2115 1997
1945 1377 2402 1853
0 985 1011 2859
1514 2500 2448 3263
1240 842 1540 1090
352 2049 1011 2617
0 2304 528 3035
0 1977 208 2323
0 1977 208 2271
842 2049 1507 2774
0 985 907 2859
0 998 430 1410
248 169 691 887
580 417 894 652
1005 0 2075 1423
0 985 796 2859
0 985 705 1880
0 0 1135 1135
1246 613 2075 1423
0 1449 796 2859
0 1449 796 2408
0 2141 306 2859
32 1449 796 2408
0 0 561 1135
0 3107 430 3263
1357 3100 1501 3244
894 3100 1201 3263
861 3074 1024 3263
176 3061 509 3263
1272 3022 1501 3263
1299 3015 1599 3263
0 2957 195 3153
992 2944 1403 3263
1070 2891 1286 3055
189 2872 763 3263
1514 2865 1840 3263
1175 2865 1318 3028
796 2807 1064 3100
770 2761 972 2944
1005 2754 1155 3028
0 2754 372 3035
1135 2735 1305 2918
306 2689 522 2911
424 2676 985 3263
1077 2650 1233 2918
554 2650 868 2911
1697 2624 1919 2807
1201 2624 1455 2911
430 2526 561 2735
1729 2500 2448 3263
0 2493 306 2859
1638 2487 1782 2852
1259 2480 1769 3139
1161 2467 1507 2774
672 2448 1201 2983
809 2402 1090 2669
639 2382 835 2748
470 2376 783 2617
1566 2363 1729 2526
1364 2350 1507 2545
554 2304 691 2441
143 2304 528 2898
124 2304 267 2500
1560 2297 1729 2493
1396 2278 1560 2676
1031 2239 1194 2376
815 2239 1051 2428
0 2141 156 2578
1501 2128 1645 2369
1540 2108 1788 2467
1351 2075 1488 2226
1331 2062 1468 2239
1351 2056 1638 2382
842 2049 1436 2715
352 2049 1011 2513
52 2036 208 2271
659 2017 835 2160
783 2010 1116 2265
1729 2004 1880 2219
1024 1997 1201 2154
1175 1977 1331 2160
32 1958 496 2408
1227 1886 1521 2141
1207 1840 1344 1997
1716 1827 2043 1997
1161 1821 1305 1977
267 1821 398 2030
1338 1814 1684 2134
783 1808 926 2147
2304 1795 2448 1971
1031 1782 1214 1997
0 1782 306 2049
750 1775 992 2186
1938 1729 2115 1912
1410 1716 1906 2121
306 1703 907 2271
848 1658 1031 1808
2023 1651 2154 1788
959 1645 1207 1801
815 1625 946 1795
2121 1612 2291 1853
391 1592 600 1762
1188 1586 1677 1945
1175 1566 1534 1782
1553 1534 2010 1938
665 1534 959 1742
972 1521 1103 1651
110 1449 796 1984
1625 1403 1762 1547
1945 1377 2402 1671
998 1377 1501 1749
1788 1370 1951 1521
705 1357 894 1592
2186 1338 2448 1880
1664 1338 2180 1762
1429 1338 1605 1631
998 1272 1344 1521
580 1246 737 1442
0 1233 705 1880
1292 1227 1534 1592
1788 1220 1958 1377
1272 1201 1501 1416
235 1194 391 1344
2193 1188 2448 1390
1201 1181 1410 1455
770 1181 992 1318
776 1161 1266 1716
1103 1135 1390 1383
815 1135 1161 1344
1814 1122 2415 1592
1246 1116 1631 1423
0 1070 163 1357
0 1051 287 1410
2030 1044 2265 1227
1331 1011 1586 1175
235 998 430 1207
339 985 698 1383
2049 972 2389 1286
776 966 992 1194
1240 913 1442 1070
1266 842 1540 1090
398 822 959 1338
1886 711 2284 1077
1703 646 1880 796
1997 639 2448 1318
1370 613 2075 1181
515 600 691 887
2010 594 2304 796
1449 574 1716 809
0 574 228 809
2199 561 2448 737
2160 483 2330 652
763 470 894 652
2291 463 2448 639
580 417 802 607
300 339 548 659
2088 274 2252 411
1814 254 2369 796
953 228 1148 594
1436 208 1612 372
0 189 561 1135
248 169 665 626
2239 104 2448 404
2075 71 2258 306
2284 0 2448 235
2173 0 2317 287
2043 0 2173 280
1847 0 2102 163
1742 0 1919 195
1005 0 1853 626
274 0 1135 496
0 0 332 287
1103 1135 1534 1782
1103 1135 1534 1592
1175 0 2448 3263
0 0 2102 3263
1201 1181 1534 1592
0 822 1782 3263
946 1645 1279 2023
946 1645 1207 2023
0 0 2102 1410
306 2239 1194 2911
541 2239 1194 2911
541 2239 1194 2748
541 2239 1090 2748
1605 548 1847 763
1175 2865 1599 3263
1788 1103 2049 1521
0 822 1011 3263
1227 0 2448 3263
1227 1122 2448 3263
1912 1377 2402 1912
1912 1377 2402 1853
659 1051 1782 3263
0 2696 208 2957
1240 0 2448 1651
1396 2278 1782 2852
659 1051 1677 3263
659 1161 1677 3263
1024 1586 1677 2160
1396 2278 1729 2676
1958 0 2252 332
1958 0 2173 332
1958 0 2173 300
659 1161 1638 3263
1024 1586 1677 2154
1031 1586 1677 1997
1396 2278 1599 2676
737 1051 1266 1383
672 1161 1638 3263
672 2448 1501 3263
267 339 548 659
0 0 2102 652
672 2448 1403 3263
1788 724 2115 972
1788 770 1977 972
2160 463 2448 652
45 2696 208 2911
0 1703 1011 3263
0 822 992 1984
737 1148 1077 1383
737 1181 992 1383
750 1161 1638 2911
783 2010 1638 2911
1945 1377 2402 1788
0 822 959 1984
750 1161 1501 2186
306 2676 626 2911
842 2049 1638 2911
1951 639 2448 1390
1814 0 2448 796
672 2448 1201 3028
1227 1122 2448 2793
750 1625 1031 2186
1240 613 2075 1651
0 169 1540 1410
776 1161 1501 1749
998 1272 1501 1749
1259 2480 2448 3263
1951 959 2448 1390
1951 959 2265 1227
0 169 802 1410
0 169 691 1410
470 1135 737 1442
0 1703 1011 2898
1814 71 2448 796
580 1135 737 1442
842 2049 1507 2911
1161 2467 1507 2911
0 2676 985 3263
1246 613 2075 1651
1814 104 2448 796
2239 104 2448 496
1227 1338 2180 2141
0 0 2102 626
1005 0 2102 626
1742 0 2102 195
1266 613 2075 1651
1266 842 1586 1175
0 1703 907 2898
1671 1122 2448 2793
1410 1338 2180 2121
0 0 1148 594
1553 1338 2180 1997
1370 613 2075 1651
0 169 691 1135
352 2049 1011 2735
430 2376 783 2735
1005 0 1984 626
1814 1122 2448 1880
0 0 1135 496
0 1782 528 2898
1442 0 1984 450
0 1782 496 2578
0 1958 496 2578
0 2304 528 2898
0 1233 796 1984
189 2676 985 3263
339 822 959 1383
1553 1338 2180 1938
1005 1201 1553 1997
1181 1201 1553 1782
1207 1684 1729 2232
1272 1201 1553 1775
744 1122 1501 2030
744 1122 1501 1984
1527 1122 2415 1782
1527 1155 2415 1782
1527 1390 2141 1782
1527 1396 2141 1782
744 1122 1501 1795
809 1142 1501 1795
1925 574 2448 1318
1925 633 2448 1318
1945 633 2448 1318
1449 548 1880 815
744 1122 1259 1455
0 0 2448 1651
1057 1782 1344 2160
1449 548 1847 815
0 3081 391 3263
0 574 2448 3263
1494 2108 1795 2526
1057 1782 1344 2017
1494 2108 1795 2500
1958 78 2154 372
189 1338 2448 3263
463 0 881 633
894 1338 2448 3263
959 1338 2448 3263
1090 1782 1344 2017
1175 2532 1808 3263
0 574 1246 3263
0 574 1246 3153
0 822 1246 3153
0 822 992 3153
0 822 992 3055
959 1403 2448 3263
1175 2402 1507 2585
2095 0 2448 235
339 1534 1096 2846
1716 711 2193 959
940 221 1188 594
1984 78 2154 372
1057 1808 1305 1997
1899 959 2448 1390
1325 0 2448 796
1325 0 2376 796
189 2049 1410 3263
1514 1403 2448 3263
1684 1403 2448 3263
953 221 1188 594
0 1977 176 2696
1318 1977 1886 2441
339 1638 1096 2846
796 1638 1031 2180
339 2010 1096 2846
541 2010 1096 2689
783 2010 1096 2265
796 2010 1064 2206
959 2337 1742 3159
0 1977 176 2624
959 2337 1560 3159
1684 1468 2448 3263
959 2467 1560 3159
1801 711 2193 959
1135 2467 1560 2918
829 1037 1246 1233
1925 842 2389 1286
1410 228 2376 796
0 0 2095 1651
489 0 881 633
189 2448 1207 3263
2049 0 2448 757
0 3107 130 3263
39 3081 391 3263
802 3055 1031 3263
156 3042 496 3263
2304 3022 2448 3263
1207 2983 1501 3263
0 2957 163 3153
894 2937 1410 3263
189 2885 737 3263
959 2859 1436 3159
0 2754 365 3055
594 2650 900 2911
339 2637 567 2846
1135 2598 1396 2918
926 2513 1194 2767
1161 2480 1403 2774
1521 2467 1742 2663
1325 2467 1560 2702
1286 2454 1507 2585
319 2448 1207 3263
1494 2363 1736 2526
1560 2337 1729 2493
1331 2337 1507 2545
567 2304 698 2448
541 2180 1070 2689
1932 2173 2167 2330
1501 2128 1638 2337
1527 2108 1795 2467
796 2062 985 2206
842 2049 1410 2722
783 2023 1096 2265
1318 2010 1645 2441
1175 2004 1331 2160
1018 1997 1201 2219
1540 1977 1886 2252
1207 1873 1540 2232
1122 1814 1305 1997
966 1814 1129 2030
1135 1782 1344 2017
796 1775 985 2180
2206 1756 2448 1951
1684 1742 2448 3263
1005 1729 1240 1997
1410 1710 1873 2128
1259 1684 1729 2004
953 1638 1181 1795
822 1638 1031 1964
1181 1573 1527 1782
1514 1553 2030 1951
1527 1534 1716 1677
731 1534 953 1742
1723 1468 2239 2075
940 1442 1090 1645
1299 1429 1553 1775
2141 1403 2448 1899
1671 1396 2141 1782
1788 1390 1958 1521
776 1351 1018 1723
2199 1338 2448 1586
1142 1279 1344 1527
744 1259 907 1455
1272 1201 1507 1540
737 1181 953 1370
1788 1155 2415 1592
802 1142 1181 1579
881 1122 1259 1305
1899 1044 2448 1390
829 1037 1070 1233
2062 966 2389 1286
1925 842 2115 1044
0 822 992 2911
1801 763 1964 959
1286 731 2095 1651
1945 678 2337 1077
1710 639 1880 776
1997 633 2448 1318
1651 626 1788 796
1449 594 1716 815
0 574 306 953
1410 489 1775 698
2049 483 2421 757
594 470 770 633
274 398 509 607
1984 228 2128 372
1749 228 2376 796
953 221 1148 594
2023 78 2154 280
2062 0 2448 646
1932 0 2095 137
1325 0 2043 561
900 0 1194 143
489 0 881 496
0 0 1808 1272
0 0 1808 3263
1259 0 2448 3263
731 1142 1716 2030
731 1142 1553 2030
1919 574 2448 1286
731 1259 1553 2030
1005 1429 1553 1997
731 1259 1181 2030
731 1351 1181 2030
776 1351 1181 2030
946 1638 1181 2030
946 1769 1129 2030
1181 1429 1553 1782
1207 2983 1599 3263
0 822 1808 3263
0 822 1344 2911
0 1873 1808 3263
1919 574 2448 1077
0 0 1808 1795
1449 594 1788 815
1135 2108 1795 2918
1018 1782 1344 2219
0 822 1096 2911
1259 0 2448 2252
1325 0 2448 959
1410 489 1880 776
1410 489 1847 698
1945 574 2448 1077
1259 633 2448 2252
1958 78 2154 326
339 2180 1070 2846
1286 633 2448 2128
0 2448 1808 3263
1527 2108 1795 2493
1716 763 1964 959
783 1638 1096 2265
842 1873 1645 2774
1259 1684 1886 2252
1899 633 2448 1390
1286 731 2448 2128
894 2532 1808 3263
894 2859 1436 3263
1410 1396 2448 2128
1723 1403 2448 2075
1286 731 2415 1651
0 2448 1207 3263
0 2754 391 3263
842 1873 1645 2722
1207 1873 1645 2441
0 2754 365 3153
1410 1396 2141 2128
1514 1396 2141 1951
1155 1468 1534 1782
1168 1129 1788 1651
1390 1312 1788 1651
724 1534 985 2193
1220 1645 1534 1977
1168 1129 1501 1521
1272 1997 1723 2454
1416 1997 1723 2454
1501 2141 1723 2454
1449 554 2128 1064
1449 554 1899 842
1801 1233 2199 1612
2075 1181 2389 1481
0 2506 202 2996
1945 613 2448 1325
1370 2330 1514 2624
248 1129 2448 3263
796 1175 1507 2023
920 0 1214 306
2017 0 2448 398
796 1175 1507 1840
1449 554 1899 815
1521 554 1880 763
456 1795 626 2088
1579 0 2415 561
1579 0 2415 404
1579 0 2284 404
796 1175 1410 1729
887 2780 1534 3263
97 1449 248 1645
2075 711 2448 1194
1579 0 2075 404
1233 535 1403 757
1449 620 1899 815
953 1782 1299 2023
1031 1801 1299 2017
2212 2095 2356 2271
1795 711 2128 1064
900 1286 1305 1729
130 959 391 1396
1449 620 1723 815
274 2310 535 2578
1801 1233 1997 1488
2017 0 2434 235
1233 2454 1416 2852
476 130 2448 2069
476 1155 1037 2069
620 450 1037 887
1051 1801 1299 1977
248 1860 1521 3263
705 1860 1403 2461
705 2206 979 2461
248 2082 1521 3263
770 130 2448 1475
770 470 2448 1475
1240 470 1801 959
0 110 535 744
0 110 208 541
0 241 208 541
1175 1129 2448 3263
1390 2108 1795 2689
724 1534 907 2017
776 711 1037 887
398 0 737 437
398 0 737 339
398 0 678 339
398 0 659 202
65 391 535 744
2095 711 2448 1194
541 130 678 339
2304 0 2448 398
476 1155 1037 1971
796 1566 1037 1932
1175 2004 2448 3263
1579 2004 2448 2767
1579 2004 2343 2767
770 705 2448 1475
476 1155 913 1971
528 1155 913 1971
528 1155 913 1808
528 1155 913 1631
1579 2004 2337 2767
1364 1129 2448 2461
130 1142 391 1396
842 1860 1403 2350
1109 130 1716 705
1109 208 1586 705
1175 2323 2448 3263
953 705 2448 1475
1103 705 2448 1475
1103 796 2448 1475
1325 2082 1521 2506
842 1971 1240 2350
842 1971 1168 2212
0 2506 163 2996
620 450 972 757
672 483 972 757
672 528 972 757
248 2284 1410 3263
332 2284 1410 3263
0 0 2448 1246
0 0 319 176
39 0 319 176
0 463 848 3263
528 1044 705 1266
293 1827 815 2271
417 2284 1410 3263
554 1827 815 2147
1468 130 1716 430
1494 2278 1729 2526
1684 2004 2337 2656
1351 796 2448 1475
2095 711 2448 1083
417 2284 1403 3263
2095 802 2448 1083
1475 985 1938 1272
1605 1011 1938 1272
1364 1233 2448 2461
1945 1233 2271 1416
1351 796 2062 1436
1364 1344 2448 2461
1103 881 1592 1449
39 0 2448 1246
1318 2323 2448 3263
1729 2004 2337 2506
1351 796 1906 1096
332 2885 620 3179
796 1175 1410 1586
1364 1390 2448 2461
143 1573 678 1912
143 1573 607 1912
639 2284 1403 3198
639 2284 1403 3074
639 2284 1403 2944
711 2284 1403 2813
835 2284 1403 2813
1586 796 1906 1070
293 2049 607 2271
287 829 691 1227
450 476 750 881
1364 1716 2121 2141
1423 1716 2121 2141
567 0 881 248
1579 920 2062 1436
1579 1129 2010 1436
1729 2004 2337 2493
221 1266 639 1703
221 1325 541 1703
313 1325 541 1703
1318 2382 2448 3263
1351 822 1658 1096
1951 613 2448 926
2108 613 2448 842
287 887 594 1227
417 2676 1011 3263
0 463 561 1651
1455 1716 2121 2141
1618 1716 2121 2141
639 2467 1103 2944
0 463 561 1501
1618 235 2448 763
1618 345 2330 763
1977 1390 2448 2461
39 0 1795 1246
39 0 1305 1246
424 2839 1011 3263
424 2839 881 3205
424 2839 802 3185
0 1501 848 3263
450 502 750 881
1977 1390 2448 2206
1977 1573 2448 2206
1977 1671 2448 2206
0 463 561 1488
0 463 300 731
1945 848 2448 1325
1083 0 1795 476
1135 0 1795 345
1351 0 1795 345
1351 0 1762 306
1977 1671 2448 2160
1880 2004 2337 2493
1880 2004 2337 2441
2004 2004 2337 2441
835 2284 1403 2683
835 2284 1227 2683
920 2330 1227 2683
920 2337 1227 2683
208 2088 848 2833
208 2154 783 2833
424 2839 750 3113
0 1501 470 3263
143 1573 411 1912
1782 450 2330 763
737 3002 1011 3263
0 1501 411 2911
0 1501 404 2545
0 1919 404 2545
0 2017 404 2545
0 2017 215 2545
0 2017 215 2350
1527 2382 2448 3263
1710 2382 2448 3263
1710 2389 2030 2793
0 3133 430 3263
0 574 561 1488
0 1064 208 1488
463 1266 639 1553
1769 2389 2030 2722
1795 2382 2448 3263
1925 2833 2258 3146
718 2467 1103 2944
39 0 1305 1109
796 313 1305 1109
796 313 1194 757
0 574 561 1207
78 574 561 1207
195 574 561 1135
208 2356 783 2833
39 0 1064 535
600 757 998 1246
600 757 900 1246
600 946 900 1246
104 2865 470 3263
959 646 1305 1109
515 2839 750 3113
163 0 1064 535
163 0 515 496
163 0 463 463
65 2278 411 2911
1795 2480 2448 3263
2036 2480 2448 3179
195 574 561 920
176 0 463 385
483 0 1064 535
483 143 1064 535
483 208 900 535
1977 1769 2448 2160
345 691 561 920
1977 1840 2448 2160
293 1729 548 2154
2036 2480 2448 3009
2036 2487 2448 3009
1795 2963 2245 3263
1893 3100 2245 3263
2075 2487 2448 3009
65 2369 359 2911
0 1501 202 1991
0 3133 306 3263
737 3113 933 3263
1893 3100 2108 3263
1396 3094 1592 3263
489 3094 763 3263
1514 3068 1723 3263
1801 3061 1945 3263
1292 3061 1494 3263
104 3042 470 3263
868 3015 1064 3263
2180 3009 2448 3263
868 3002 1011 3166
489 3002 620 3179
639 2996 802 3185
1795 2963 1991 3153
705 2963 881 3205
2317 2950 2448 3159
966 2950 1168 3198
515 2944 711 3113
0 2937 143 3159
1096 2931 1240 3094
248 2931 509 3263
2049 2924 2343 3179
887 2924 1416 3263
1514 2885 1710 3094
332 2885 522 3100
659 2872 1070 3061
104 2865 365 3042
1318 2859 1527 3139
900 2859 1188 3074
535 2839 750 2989
424 2839 574 2976
1925 2833 2160 3146
332 2833 783 3263
1122 2780 1534 3263
1181 2774 1331 2911
1396 2767 1527 2918
757 2767 953 2963
1808 2741 1977 2970
1527 2741 1775 2996
0 2728 163 2996
2199 2722 2448 3009
306 2689 450 2924
1233 2676 1416 2852
953 2676 1214 2878
417 2676 646 2891
137 2643 359 2911
1938 2637 2154 2885
1821 2637 1971 2793
1710 2637 1860 2793
1135 2637 1325 2813
1175 2630 1462 3139
554 2630 848 2885
757 2624 900 2898
842 2585 1103 2944
2271 2545 2448 2807
1971 2539 2108 2669
1769 2513 2017 2722
1579 2506 1775 2767
926 2506 1214 2787
208 2506 620 2833
992 2500 1227 2683
639 2493 835 2767
2075 2487 2317 2852
2206 2480 2382 2617
1436 2480 1664 2807
1390 2467 1560 2689
1370 2467 1507 2624
718 2467 979 2780
1253 2454 1390 2754
1684 2415 1840 2656
711 2415 998 2656
1840 2389 2030 2598
2095 2382 2271 2513
1083 2382 1410 2604
65 2369 339 2748
1566 2356 1729 2526
463 2356 783 2702
920 2337 1090 2565
1383 2330 1514 2545
1801 2323 1958 2532
1116 2323 1403 2500
365 2310 535 2513
835 2284 1018 2500
1494 2278 1671 2500
705 2278 966 2461
163 2278 411 2467
0 2271 182 2545
1893 2258 2115 2493
1775 2245 1919 2382
1742 2239 1880 2506
783 2206 979 2389
1906 2199 2056 2330
182 2193 404 2337
0 2167 215 2350
391 2154 600 2369
2062 2147 2337 2441
1325 2147 1521 2506
1729 2128 1925 2304
293 2121 502 2271
1625 2108 1795 2480
1220 2102 1364 2356
913 2095 1129 2252
626 2088 848 2402
1325 2082 1475 2212
842 2082 1057 2212
1880 2062 2036 2232
528 2056 724 2278
476 2049 607 2232
2258 2036 2448 2461
1782 2030 1997 2167
2134 2017 2291 2206
0 2017 208 2278
1272 2010 1449 2141
2004 2004 2186 2239
1416 1997 1684 2330
959 1997 1240 2350
1612 1984 1827 2167
913 1971 1168 2121
600 1964 815 2147
143 1964 280 2128
456 1938 626 2088
0 1919 208 2062
691 1912 874 2069
2186 1906 2448 2160
1847 1906 2108 2088
1364 1906 1527 2082
1423 1880 1645 2062
195 1873 430 2186
1142 1860 1403 2128
1031 1847 1220 2017
1977 1840 2193 2036
2239 1834 2369 1977
378 1834 548 2154
554 1827 691 2017
1129 1814 1299 1977
1455 1782 1677 2030
796 1775 985 2193
2167 1769 2330 1991
1618 1762 1801 1984
737 1749 907 2017
626 1749 789 1971
293 1729 515 1977
1729 1723 1977 1964
1710 1716 2121 2141
2245 1703 2448 1906
1403 1684 1618 1827
489 1684 678 1827
