0 0 3263 2448
1840 0 3250 195
1840 0 2604 195
2291 91 2820 430
1259 652 1742 1103
1305 1168 1847 1853
1840 0 2526 195
2356 1396 3263 2115
2356 1429 3263 2115
3015 339 3263 763
483 1847 907 2062
2252 1468 2552 1938
2722 2102 3263 2448
3022 2160 3263 2448
1305 1168 1729 1853
0 0 2513 1396
1599 718 2513 1396
0 0 2310 822
0 78 3263 2448
2291 91 2820 417
2506 97 3263 1364
1625 718 2513 1396
1625 763 2513 1396
2043 953 2513 1201
815 874 1579 1188
874 874 1579 1188
966 874 1579 1188
1077 874 1579 1188
1214 874 1579 1188
110 1690 332 1873
0 0 2134 822
1625 763 2480 1396
228 476 972 776
1214 0 2310 352
1592 1651 1886 1971
2572 0 3250 156
65 2082 580 2448
1305 1168 1716 1853
1305 1207 1716 1853
1651 1266 1847 1631
992 0 1736 261
992 0 1618 261
0 0 2134 633
0 0 1390 613
2252 1566 2487 1938
3068 339 3263 763
221 215 1390 613
1468 705 1742 1103
1468 718 1742 1103
1945 959 2186 1148
91 1220 665 1801
91 1220 665 1762
91 1220 665 1723
150 1220 665 1723
150 1220 665 1488
1625 972 2480 1396
1592 1677 1886 1971
1592 1677 1853 1971
1051 221 2134 633
1312 221 2134 613
1312 365 1814 613
1762 78 2793 1383
1762 78 2793 1233
65 2088 580 2448
998 0 1618 189
0 476 3263 2448
0 1390 437 1592
1762 78 2793 1051
1762 78 2793 985
1762 163 2793 985
959 541 1527 874
1005 541 1527 874
1005 541 1527 822
1005 541 1527 783
698 1096 1651 1625
698 1168 1403 1625
698 1168 1403 1586
1357 52 1736 241
1436 52 1736 215
1436 52 1716 215
228 476 770 776
2186 1977 3263 2448
2186 1977 3263 2382
2186 2036 3172 2382
2186 2036 2976 2382
221 215 1351 613
150 1220 665 1423
1645 763 2265 1077
1886 1625 2337 1808
1886 1651 2337 1808
0 0 1312 554
2885 874 3159 1037
65 2206 391 2448
1286 1096 1651 1325
2317 2265 2696 2448
0 659 470 1044
0 659 319 1044
0 659 287 881
0 659 189 842
169 2206 391 2448
0 815 319 1044
1808 1814 2186 2121
1808 1925 2121 2121
1808 1925 2088 2121
2722 2102 3172 2448
2911 2102 3172 2382
221 228 1351 613
385 228 1351 613
254 1227 463 1364
0 0 894 554
1540 476 3263 1782
1540 926 3263 1782
1742 1024 2480 1396
0 528 2865 2448
1312 365 1814 607
1305 1207 1690 1853
1305 1357 1625 1853
1312 1442 1625 1853
2010 1762 2865 2212
691 2023 900 2226
691 2023 900 2167
1383 1096 1651 1259
0 287 319 554
1762 163 2304 483
2069 169 2304 483
385 345 1135 613
2121 221 2304 443
1840 1938 2121 2075
2010 1775 2846 2212
2010 1775 2761 2212
2898 476 3263 972
1814 189 2793 985
1814 189 2793 966
1814 326 2715 966
2010 1775 2598 2121
2180 1775 2598 2121
2180 1775 2519 2121
1834 1220 2310 1547
19 0 894 463
19 0 894 352
1645 763 1977 1077
1534 221 2134 607
0 528 2506 2448
0 1227 2506 2448
156 1227 2506 2448
541 1449 2506 2448
541 1449 1429 2448
541 1631 1429 2448
541 1631 1429 2376
855 1631 1429 2297
2885 2075 3172 2323
561 2095 1181 2448
750 1449 1305 1840
1116 1560 2506 2448
0 528 1553 1494
1762 163 2102 404
65 189 705 463
65 189 261 404
541 1958 946 2376
541 2004 789 2376
156 1227 1044 2291
156 1227 1044 2245
202 1873 411 2226
1945 1272 2310 1547
1951 1272 2310 1514
1951 1272 2284 1514
0 528 1468 1494
0 528 489 809
1534 261 1912 607
1116 1690 2506 2448
0 685 1468 1494
913 763 1449 1142
0 770 1468 1494
241 972 718 1246
293 972 718 1227
1423 1690 1827 2121
1423 1690 1808 2121
287 685 842 1024
1540 1090 2891 1782
1540 1090 2467 1782
1540 1090 2291 1782
156 1227 959 2245
665 2095 1181 2448
718 587 1161 894
1116 1736 2506 2448
1723 1827 1977 2102
1540 1090 1925 1481
2931 476 3263 972
2931 685 3263 972
2918 1266 3263 1560
1142 1736 2506 2448
156 1227 953 2245
1142 1736 2408 2448
1168 1736 2408 2448
1005 763 1449 1142
1037 763 1449 1142
2160 607 2715 966
385 385 1103 613
535 1266 881 1462
293 1227 953 2245
2506 2043 2761 2212
0 1475 463 2448
1168 1736 2382 2448
2323 372 2539 750
1168 1736 2330 2448
0 528 313 705
0 1521 463 2448
293 685 842 1024
202 1971 411 2226
476 1227 953 1716
2683 926 3263 1573
2180 1775 2343 2121
2931 724 3153 907
0 1521 463 2376
293 1599 861 2245
293 1599 861 2082
293 1599 861 2043
293 1599 815 2043
1814 326 2428 822
2611 97 3263 450
293 1605 815 2043
430 1605 815 1958
430 1756 815 1958
293 972 698 1161
2049 1951 2239 2258
1168 1736 2199 2448
176 215 705 463
2317 2265 2630 2448
1331 1207 1690 1560
3068 528 3263 763
150 1436 522 1723
476 1227 953 1645
646 1227 953 1631
1814 411 2395 822
1964 411 2395 822
1964 515 2350 822
0 770 1468 1338
26 2030 274 2376
1188 1736 2199 2448
0 770 1024 1338
0 1521 463 2049
0 1521 463 1964
293 744 718 1024
750 1449 1259 1840
1188 1736 1977 2448
1188 1977 1977 2448
1305 2030 1977 2448
2683 926 3263 1468
0 1521 463 1788
1305 2030 1919 2448
2722 2317 2944 2448
2317 2317 2545 2448
2617 2297 2754 2448
665 2297 926 2448
2252 2284 2382 2448
1893 2278 2199 2448
561 2278 744 2448
169 2278 319 2408
2108 2271 2330 2448
71 2212 378 2428
1984 2206 2141 2350
228 2206 391 2448
1462 2199 1658 2448
1305 2193 1553 2448
541 2193 737 2376
26 2193 254 2376
2010 2186 2310 2376
3022 2160 3263 2408
1645 2154 1977 2448
2957 2102 3172 2343
1912 2095 2141 2252
691 2095 1181 2448
293 2088 580 2448
104 2082 450 2363
2931 2075 3172 2258
2069 2062 2239 2258
1827 2062 2010 2310
202 2049 411 2226
2506 2043 2683 2212
2624 2036 2846 2167
1494 2030 1919 2415
84 2030 274 2239
561 2004 789 2245
359 1997 587 2245
3061 1977 3263 2265
1188 1977 1521 2376
470 1964 633 2193
2258 1958 2402 2115
737 1958 946 2115
2049 1951 2206 2141
2448 1945 2598 2115
2180 1945 2323 2121
1808 1925 1964 2082
2297 1886 2519 2049
0 1886 182 2448
130 1873 332 2049
1625 1853 1782 1997
1729 1827 1977 2010
2467 1821 2637 1951
1886 1814 2186 1984
2010 1795 2245 1964
1592 1795 1723 1971
2245 1788 2408 1951
770 1788 959 1977
1423 1782 1808 2121
2193 1775 2343 1984
861 1769 1051 2062
430 1769 672 1958
293 1769 496 2043
2637 1762 2865 1984
1795 1756 2062 1893
548 1756 815 1958
2872 1742 3015 1873
1227 1736 1475 2088
150 1723 332 1873
0 1723 195 1964
2356 1710 2487 1938
1494 1690 1736 1847
1612 1677 1853 1847
1390 1631 1625 1853
528 1605 718 1827
2252 1566 2428 1814
1214 1560 1527 1762
0 1560 150 1775
868 1521 1259 1840
274 1521 522 1723
91 1521 463 1788
620 1514 783 1664
998 1501 1201 1631
1436 1475 1716 1612
2278 1468 2552 1645
1129 1449 1305 1612
750 1449 1005 1801
0 1449 215 1592
2408 1442 2689 1684
1312 1442 1501 1690
1194 1442 1390 1625
646 1442 855 1631
150 1436 450 1592
476 1377 744 1645
1651 1370 1847 1631
2852 1364 3081 1573
1305 1357 1579 1605
1501 1351 1690 1560
3022 1344 3263 1560
2082 1331 2467 1599
1586 1318 2291 1782
0 1312 169 1494
698 1299 907 1462
1951 1286 2160 1514
1880 1279 2056 1436
2056 1272 2284 1436
2918 1266 3068 1455
600 1266 881 1462
1977 1259 2173 1396
150 1253 391 1416
731 1227 953 1468
359 1220 665 1423
2395 1214 2891 1488
1736 1214 1925 1357
1331 1207 1631 1488
874 1181 1403 1586
698 1168 966 1325
574 1122 907 1279
2395 1116 2630 1383
1468 1096 1651 1259
1540 1090 1860 1481
411 1070 541 1227
2683 1064 3028 1396
476 1051 718 1227
293 1031 502 1161
1945 1018 2141 1148
2402 1011 2604 1233
0 1005 221 1142
750 998 1468 1279
613 992 829 1214
1214 985 1423 1188
1077 979 1272 1175
1625 972 1788 1168
489 972 698 1122
2043 953 2513 1135
874 946 1077 1083
124 940 372 1070
0 933 776 1338
2950 926 3263 1468
2976 907 3159 1037
1645 874 1775 1077
1351 874 1579 1090
2382 855 2532 985
1919 855 2265 1070
2219 842 2441 985
1037 822 1449 1142
293 815 633 1024
65 815 319 1037
2180 770 2434 933
613 770 1024 1103
1658 763 1977 1031
1122 763 1338 900
913 763 1161 1044
2931 744 3061 900
456 744 718 887
0 744 287 881
1599 731 1945 881
1468 724 1638 1083
1919 718 2082 920
1553 718 1742 1103
2160 711 2395 868
789 711 1161 894
71 711 241 842
1468 705 1645 1024
1305 698 1488 874
3087 685 3263 972
2017 659 2271 861
1259 652 1677 966
1964 633 2115 822
2206 607 2715 966
1651 600 1938 770
235 600 489 809
2395 594 2532 750
3068 587 3263 763
718 587 1103 763
1416 574 1834 822
2846 567 2989 718
1814 554 2062 698
1201 541 1527 783
404 541 770 776
3094 528 3224 705
2088 515 2350 711
2983 476 3120 763
228 476 567 750
1801 463 1938 646
385 437 633 574
221 430 509 567
2193 411 2395 607
1253 398 1390 548
554 385 1103 613
2323 372 2539 626
1468 365 1814 607
2506 345 3133 1364
874 345 1135 600
1938 326 2428 646
176 300 705 463
0 287 274 515
509 267 1044 404
1671 261 1912 430
1534 261 1893 607
2291 241 2513 417
2121 228 2284 443
940 228 1351 567
1788 221 2134 567
365 215 639 372
1214 202 1749 352
1168 202 1612 502
2461 189 2793 502
2069 169 2284 483
2258 163 2493 398
1762 163 2062 398
2454 91 2820 372
992 65 1410 261
998 39 1188 189
2186 19 2408 169
1227 19 1638 156
2421 0 2604 195
2389 0 2526 195
1840 0 2415 156
1560 0 2310 313
829 0 1312 267
104 0 894 352
19 0 235 163
0 0 3159 1279
0 91 3263 2448
0 933 1847 2448
1305 91 3263 2448
815 946 1077 1090
332 1638 613 1801
1312 1266 1847 1853
1312 1442 1729 1853
2010 1775 2245 1964
1468 705 1788 1168
1305 1018 3263 2448
2885 2075 3263 2448
2885 2075 3172 2382
1645 91 3263 1560
0 933 1716 2448
1305 1024 3263 2448
0 0 3159 607
1834 1181 2173 1396
104 2082 476 2363
1671 163 2062 430
2108 1566 2637 2049
65 2212 378 2448
541 2193 802 2448
2297 1710 2637 2049
0 228 1945 1279
1468 705 1645 1083
1834 1181 2108 1338
1005 398 1808 698
2108 1566 2428 1951
2291 241 2558 430
1286 1155 1553 1325
1051 398 1808 633
633 1599 861 1847
705 1599 861 1821
2297 1710 2519 2049
150 1723 372 1991
1305 1808 2976 2448
2258 1958 2467 2115
0 0 2310 607
1840 0 3159 398
0 1449 215 1605
1919 339 3263 1560
1645 91 3263 1103
1051 398 1501 633
1645 718 2154 1103
1645 718 2115 1103
1919 718 2115 966
1645 763 1977 1103
541 2193 744 2448
0 528 1945 1279
0 861 182 1044
2108 1566 2428 1814
150 1723 332 1958
1253 398 1501 548
1814 91 3263 822
1214 163 1749 352
104 0 2310 607
0 228 1103 750
470 1181 1716 2448
124 783 470 1070
261 783 470 940
1840 0 3159 241
2389 0 3159 195
2421 0 3159 195
1331 1024 3263 2408
2278 1214 3263 2408
1331 548 1945 881
1416 574 1945 881
1416 574 1938 822
724 1658 861 1821
1651 1808 2128 2102
1651 1808 2128 2036
1305 1945 2976 2448
2513 2265 2859 2448
2395 1214 2891 1501
1129 1351 1716 1625
1129 1357 1716 1625
470 1181 1527 2448
0 933 966 2448
1840 0 2421 241
1840 0 2415 169
2513 2297 2754 2448
1449 1958 1625 2102
1331 1024 2480 2258
1880 1272 2310 1547
0 528 1677 1279
1651 1808 2128 2010
1129 1357 1579 1625
1129 1442 1390 1625
2898 339 3263 900
2898 744 3061 900
470 1958 946 2291
104 0 2310 600
150 1168 528 1566
150 1253 522 1566
535 1168 966 1462
567 1168 966 1351
2160 711 2434 933
1468 169 2304 607
496 1181 1527 2448
496 1514 783 1716
646 1181 1527 2448
2278 1266 3263 2408
2852 1266 3081 1573
2004 169 2304 483
2004 169 2284 483
966 979 1272 1181
2278 1429 3263 2408
1116 2252 1266 2448
0 287 1103 750
0 287 1103 613
104 0 1612 600
992 0 2310 313
1305 2030 2976 2448
2278 1442 2689 1684
104 0 1612 567
104 0 1351 567
0 659 241 842
1468 221 2134 607
691 1181 1527 2448
750 2043 979 2226
2356 1429 3263 2408
1919 345 3263 1560
372 1383 522 1566
959 620 1272 770
2983 339 3263 763
1423 1024 2480 2258
1423 1782 1808 2160
1919 607 2715 1383
0 124 169 417
2983 391 3139 763
1259 652 1677 1155
1351 874 1579 1155
1494 1024 2480 2258
1886 1814 2323 2258
1886 1814 2239 2258
1945 1272 2284 1547
1331 1090 1860 1488
470 1964 789 2291
0 933 907 2448
1919 659 2271 1070
3113 339 3263 626
221 385 1103 613
567 1168 966 1338
1468 261 1893 607
0 1560 907 2448
2323 91 3263 626
293 1605 907 2448
2454 91 3263 502
2506 345 3263 1560
470 1964 789 2245
2957 1977 3263 2408
829 0 1351 567
646 1227 1044 1631
731 1227 1044 1468
2252 2226 2506 2448
1494 1024 2480 1984
1736 1024 2480 1396
1912 1951 2121 2121
1494 1318 2467 1984
1795 1690 2343 1984
1795 1690 2337 1893
0 933 829 1788
0 933 776 1494
0 1560 411 2448
0 528 1527 1279
91 992 829 1788
1729 1808 2128 2010
1494 1318 2467 1847
26 2049 411 2376
293 1031 541 1227
124 430 567 750
2043 607 2715 1383
580 541 1527 1188
580 541 1527 1142
0 528 1468 1279
1331 1207 1677 1488
1814 326 2428 776
580 587 1161 894
2454 91 3263 450
2010 2036 2976 2448
750 1449 1051 2062
3035 528 3263 907
770 1769 1051 2062
3022 1977 3263 2408
1005 541 1527 1142
0 528 770 1037
0 528 718 1037
0 744 319 1037
293 1605 907 2062
476 992 829 1227
1005 822 1449 1142
430 1605 907 2062
855 1181 1527 2376
2043 607 2715 1233
2010 2036 2976 2382
2010 2186 2408 2376
1494 1677 1853 1847
91 1220 744 1788
2043 842 2604 1233
0 1560 195 2448
2683 685 3263 1560
430 1769 907 2062
293 1997 587 2448
855 1521 1527 2376
992 19 1638 261
1305 2030 2199 2448
1494 2030 2199 2448
3035 587 3263 907
574 770 1468 1279
0 528 718 1024
84 1873 332 2239
2088 411 2395 711
150 1220 744 1723
1814 554 2062 776
2043 953 2604 1233
0 1723 195 2448
359 1220 744 1645
2950 685 3263 1560
613 770 1468 1279
1586 1318 2467 1782
1645 2154 2199 2448
2950 685 3263 1468
1188 1560 1527 2376
855 1521 1429 2297
1188 1736 1521 2376
2421 0 3250 195
2252 1566 2480 1867
2284 1566 2480 1867
1207 163 1645 300
1612 1279 2239 1795
940 202 1612 502
0 1690 293 1821
2186 39 3263 1416
0 0 2637 1547
1246 1201 1527 1684
1246 1318 1527 1684
0 0 2147 809
2271 1416 3263 2448
2310 1429 3263 2448
1468 483 2637 1547
0 0 1501 809
1840 1821 2271 2258
2839 202 3263 1037
2839 339 3263 1037
2186 2036 2976 2448
2271 1416 2741 1697
1468 639 2637 1547
0 0 1501 639
404 1795 953 2062
646 2219 907 2408
91 1175 789 1716
0 0 1501 613
0 0 1377 613
998 0 2689 1377
998 0 2650 1227
2075 842 2604 1227
1357 215 2147 646
169 2088 594 2448
1305 1318 1527 1684
221 215 1377 613
509 215 1351 613
2186 2036 2976 2415
646 2219 907 2402
946 620 1259 835
946 620 1259 770
998 0 2650 1122
1077 0 2650 1122
1077 0 2317 254
2095 52 2467 241
2983 339 3263 1024
202 541 1135 809
1775 143 2650 1122
0 476 1553 2448
0 953 3263 2448
0 953 1925 2448
1468 639 2010 1161
0 953 1684 2448
2950 1991 3263 2448
1142 385 1377 548
1475 1220 1925 1867
2310 1429 3263 2206
1044 1233 3263 2448
0 0 1168 574
0 0 1083 574
509 215 940 470
509 267 789 470
0 548 1553 2448
2226 78 2467 241
1475 1501 1756 1867
3061 1991 3263 2408
1860 163 2650 1122
0 476 842 1181
1292 574 1684 874
1729 1024 2637 1547
0 0 698 574
815 953 1684 1429
959 959 1684 1429
1860 163 2650 926
1860 163 2304 443
2075 169 2304 443
0 972 1044 2448
2839 744 3113 1037
0 476 776 1181
0 476 776 1135
0 476 313 940
0 528 313 940
0 528 313 881
2036 1331 2552 1547
678 2023 894 2252
2911 2186 3081 2382
959 959 1645 1266
737 1840 953 2030
0 58 698 574
1932 659 2323 1122
1880 319 2650 926
691 2023 894 2167
202 548 815 809
0 58 698 515
189 215 698 463
1860 163 2134 424
1880 319 2650 868
0 972 1044 2376
150 972 1044 2376
150 972 1044 2297
241 972 1044 1977
241 972 1044 1938
241 972 1044 1468
91 1175 783 1716
1880 326 2565 868
2069 1331 2552 1494
1860 2062 2219 2376
1292 594 1684 874
1044 1233 2983 2448
1044 1507 2545 2448
1044 1534 2545 2448
0 1742 372 2376
0 1742 215 2030
711 1449 972 1938
1932 789 2323 1122
2167 221 2304 411
1031 959 1645 1266
1031 959 1645 1259
463 1964 802 2376
731 1233 1044 1468
150 1638 685 2297
267 1638 685 2297
267 1638 607 2297
463 1964 731 2376
685 548 1553 2448
737 548 1553 2448
1880 326 2526 868
1880 326 2421 770
1945 326 2421 711
241 972 946 1462
1116 1534 2545 2448
1116 1801 2545 2448
1912 2095 2545 2448
1331 1220 1723 1645
1246 1534 2343 2141
1377 1710 2343 2141
241 972 829 1246
2715 1240 3263 1534
1377 1710 2343 2121
737 548 1553 1566
91 1227 783 1716
1599 1710 2343 2121
2702 2082 3166 2448
2428 2317 2650 2448
1044 2304 1266 2448
548 2297 966 2448
2950 2291 3133 2448
2702 2265 2996 2448
1364 2258 1651 2448
2108 2226 2545 2448
646 2219 881 2402
2931 2186 3081 2337
1938 2173 2219 2376
169 2160 476 2448
829 2102 979 2239
1912 2095 2421 2363
554 2095 731 2376
319 2088 594 2448
2846 2082 3166 2350
1860 2062 1997 2226
620 2004 802 2199
463 1964 678 2193
770 1932 953 2108
1756 1919 1919 2141
0 1886 372 2376
26 1873 215 2030
169 1853 404 2154
1853 1808 2043 1945
1116 1801 2154 2448
2252 1795 2434 2115
404 1795 757 2062
2310 1788 2761 2206
750 1788 953 1938
1651 1782 1886 1912
1377 1782 1808 2082
267 1742 580 2297
0 1742 195 1938
1599 1723 2062 2010
1893 1710 2343 2121
1494 1710 1769 1847
652 1710 842 1925
150 1710 300 1886
2310 1664 2480 1867
528 1658 685 1827
1403 1645 1625 1860
326 1638 607 1834
522 1618 861 1977
1475 1612 1749 1867
2284 1566 2480 1795
626 1540 789 1716
1246 1534 1527 1801
1024 1494 1201 1638
0 1462 385 1788
1312 1449 1527 1684
711 1449 972 1801
0 1449 241 1592
1246 1442 1377 1592
2337 1429 3263 2180
763 1423 1429 2448
2271 1416 2689 1697
215 1377 783 1716
1521 1351 1684 1560
0 1312 352 1507
3048 1279 3263 1534
731 1272 959 1468
1880 1259 2284 1547
2715 1240 3081 1494
2115 1233 2983 1547
91 1227 437 1410
1658 1220 1925 1586
2539 1181 2689 1377
372 1175 665 1423
535 1161 946 1462
1331 1109 1553 1266
1540 1083 1860 1481
737 1051 1507 1566
241 1031 639 1246
1729 1024 2637 1396
1416 1018 1645 1259
0 992 378 1181
959 985 1292 1175
496 972 829 1220
1031 959 1449 1103
815 953 966 1090
0 933 776 1344
1932 874 2180 1122
1788 874 1977 1031
2839 868 3113 1037
2010 789 2323 972
2904 744 3061 900
1658 737 2010 1018
1599 737 1932 881
2180 718 2434 913
1292 705 1547 874
0 691 776 1135
2075 659 2271 861
1468 639 1795 1161
1997 633 2219 802
685 633 1077 1109
1880 620 2010 770
2141 613 2526 868
1468 594 1684 789
1475 574 1664 731
202 561 456 809
874 548 1553 1090
319 548 815 796
1618 483 2108 763
2983 476 3263 1024
2193 430 2382 613
65 430 385 574
221 424 633 574
2337 372 2565 750
607 326 789 470
2461 319 2650 528
189 313 698 463
2330 306 2558 450
1997 293 2134 424
705 267 1044 424
522 235 1351 613
1762 221 1912 372
378 215 580 378
3107 202 3263 522
1103 202 1612 502
2075 169 2284 443
1860 163 2095 398
1618 124 1749 254
2487 110 3263 1416
2696 97 2957 228
1377 78 1736 215
992 71 1188 228
1077 58 1410 208
972 58 1168 261
0 58 274 515
2186 39 2865 450
1840 0 2467 195
1292 0 2317 254
58 0 1083 345
0 0 137 228
1116 0 3263 2448
0 0 2532 2448
0 476 1756 2448
0 476 1645 2448
0 0 2532 874
0 0 2532 737
1331 0 3263 1645
1116 1233 3263 2448
2173 1468 2448 1625
2911 2186 3263 2448
744 953 966 1188
998 0 1762 163
1534 143 1977 372
2950 2291 3263 2448
0 2212 378 2448
1305 1867 1475 2082
1997 580 2232 802
1246 1201 1423 1592
0 0 2532 646
541 496 1834 737
0 1233 1625 2448
1292 1201 1423 1540
0 476 1645 1788
541 496 1423 737
541 496 1318 737
1351 528 1834 731
646 2023 907 2402
1018 1462 1201 1638
