0 0 2448 3263
1161 0 2043 594
1618 0 2043 528
1618 332 1840 528
1749 0 2043 476
992 437 2226 1305
1194 437 2226 1305
84 1475 476 1638
0 1638 372 2154
0 1638 176 2154
1749 0 2017 476
1749 156 2017 476
0 483 437 887
398 0 665 228
1455 0 2448 1312
0 1697 169 2154
489 1403 770 1534
489 1403 731 1534
1514 0 2448 1024
900 1207 1338 1507
1964 1788 2448 2082
2082 1788 2448 2030
783 1906 1984 2643
19 1684 502 2036
0 2062 776 3159
0 2062 776 2865
959 1919 2448 3263
959 1997 2448 3263
1266 1997 2448 3263
1742 2591 2448 3263
783 1906 1534 2643
783 1958 1534 2643
0 2062 776 2761
0 2062 515 2689
0 2062 254 2402
1299 1925 1984 2434
0 815 587 1109
783 1958 1514 2643
887 1958 1514 2643
887 2088 1514 2643
110 1161 502 1462
202 1161 502 1442
1109 2095 1514 2526
1109 2095 1410 2350
2206 1919 2448 2337
0 815 496 1109
0 848 496 1109
633 0 1494 443
959 2898 1547 3263
0 953 1801 3263
900 1370 1749 1997
946 1370 1749 1997
946 1423 1749 1997
1573 0 2448 1024
829 476 1468 770
1240 1370 1403 1507
1018 1423 1749 1997
1638 0 2448 1024
1253 1625 1475 1834
0 2160 515 2689
0 2160 515 2637
182 2160 515 2532
1253 1625 1455 1782
0 0 2448 2330
0 0 1814 1227
0 0 1814 1044
293 613 1214 1044
293 613 1214 933
1161 966 2448 2330
19 1684 483 1880
633 855 953 1044
0 0 1814 829
1742 2624 2448 3263
1742 2715 2448 3263
548 718 1279 1227
848 718 1279 1031
0 0 1814 809
0 0 1814 737
476 2793 913 3250
476 2793 705 2944
822 0 1344 156
1853 1083 2102 1227
783 2141 1005 2382
1977 0 2448 496
2023 2715 2448 3263
2115 2715 2448 3263
274 156 796 809
110 1318 339 1462
620 2833 913 3250
992 802 1377 985
1292 2245 1971 2918
1292 2643 1605 2918
0 0 1814 685
332 267 796 809
352 456 796 809
0 953 1207 2350
0 953 1148 2350
0 1142 1148 2350
143 1142 1148 2350
143 1142 1148 2271
0 1808 1801 3263
1161 966 2448 2252
2043 1090 2382 1344
2043 1090 2343 1292
1638 372 2448 1024
548 1155 1207 1514
548 1155 1103 1514
548 1155 1103 1507
789 1207 1103 1507
0 1410 345 1677
385 0 1814 600
940 0 1814 600
0 0 659 685
548 0 796 300
0 0 613 685
0 0 613 600
1638 652 2448 1024
1638 652 2448 979
2226 0 2448 319
2226 130 2448 319
1266 2265 2448 3263
548 1155 861 1436
548 1155 861 1325
835 1958 1116 2186
887 2088 1423 2643
1161 966 2448 2199
1181 1024 2448 2199
1527 0 1814 411
2043 2480 2271 2735
2147 2624 2448 2989
1932 372 2448 783
0 0 613 567
0 0 463 567
0 0 424 567
0 0 424 548
1181 1122 2448 2199
0 2754 365 3159
1723 652 2448 926
711 365 1037 633
711 365 900 522
1390 1214 1834 1436
561 117 796 300
1018 2898 1547 3263
2023 868 2389 1024
1742 2885 2180 3263
0 1808 1436 3263
0 2558 1155 3263
137 2558 1155 3179
1442 1024 2004 1272
1090 2898 1286 3133
1769 2885 2180 3263
1769 2989 2180 3263
313 1808 1436 2937
685 1808 1168 2082
1586 0 1814 274
620 2865 913 3250
313 2062 1436 2937
1161 966 1436 1142
1246 1351 2448 2199
1932 620 2252 783
1566 1109 2004 1272
639 2865 913 3250
665 2865 913 3250
156 1971 398 2350
907 1272 1207 1494
1638 757 1958 979
0 953 691 1220
0 2846 802 3263
150 2846 802 3263
45 2839 365 3159
502 2062 1436 2937
1886 2989 2180 3263
1742 1240 2448 1566
502 2121 1436 2937
502 2121 1207 2793
293 953 691 1220
548 985 1272 1227
1742 1240 2448 1449
757 2689 1155 3179
1037 2304 1801 2865
1769 3094 1925 3263
2023 3074 2245 3263
150 3074 535 3263
1886 3048 2069 3263
776 3042 1116 3263
1018 3009 1547 3263
2010 2989 2180 3166
1919 2963 2056 3100
0 2950 228 3263
959 2931 1161 3074
228 2924 365 3159
848 2911 1083 3179
2017 2885 2167 3022
287 2846 802 3263
45 2839 319 3126
2147 2813 2323 2989
1514 2741 1906 3002
998 2722 1436 2937
757 2689 1155 2996
1292 2650 1605 2918
1436 2643 1599 2793
2265 2624 2448 2839
2252 2591 2448 2813
78 2585 319 2735
0 2585 182 2865
2056 2565 2271 2735
137 2558 959 2891
1037 2532 1423 2826
39 2467 287 2624
235 2389 776 2761
182 2376 515 2532
789 2350 1090 2545
0 2317 274 2637
1312 2304 1801 2865
1331 2278 1514 2526
678 2265 1207 2793
1507 2245 1971 2702
783 2212 959 2382
1429 2199 1579 2356
887 2193 1423 2643
313 2180 626 2461
1429 2160 1645 2369
835 2141 1005 2317
502 2121 705 2389
0 2121 254 2402
1331 2102 1534 2284
1109 2095 1364 2265
920 2088 1181 2304
156 2088 398 2350
685 2062 894 2297
0 2062 228 2291
1403 2010 1984 2434
2017 2004 2226 2180
1906 1997 2343 2415
189 1971 385 2108
1077 1958 1436 2350
848 1958 1116 2134
1299 1925 1684 2134
1109 1906 1416 2212
1175 1899 1396 2088
163 1847 502 2036
65 1847 254 2088
1880 1840 2049 1997
685 1834 861 2082
2212 1821 2369 1977
776 1808 1168 2069
900 1795 1116 1938
2212 1788 2448 2030
1893 1769 2297 1997
0 1762 156 2154
345 1736 476 1880
19 1736 169 1867
2193 1729 2330 1867
2252 1710 2448 1853
0 1697 169 1991
143 1684 483 1880
26 1658 372 1840
1024 1605 1299 1925
1742 1521 2017 1749
1795 1494 2448 1893
163 1488 476 1638
84 1475 241 1638
1801 1462 2193 1625
0 1429 182 1677
489 1403 718 1534
2069 1364 2323 1494
1997 1357 2448 1566
1246 1351 2088 2199
789 1344 1024 1507
124 1331 339 1462
907 1318 1207 1494
1834 1299 2088 1442
1560 1292 1834 1436
548 1286 718 1436
907 1272 1070 1429
2108 1240 2448 1449
1742 1240 2239 1436
143 1233 1148 2271
985 1220 1122 1410
829 1207 1103 1390
900 1194 1279 1357
731 1161 861 1299
548 1155 789 1325
404 1142 613 1403
1181 1122 1671 1527
0 1122 313 1507
1566 1109 1736 1253
1475 1109 1658 1246
2128 1090 2343 1246
0 1051 398 1214
1442 1024 1651 1214
1383 1024 1912 1305
783 998 1272 1194
548 985 1233 1227
1233 979 1436 1142
352 953 691 1220
2265 887 2448 1024
561 861 822 992
750 855 953 1044
1037 842 1227 1037
1455 829 2448 1312
848 763 1096 1031
1638 757 1814 979
1233 737 1423 979
959 718 1279 887
0 705 437 887
1514 685 1703 855
326 678 515 829
293 672 1214 933
1932 639 2134 783
352 626 633 809
737 580 979 737
345 554 548 685
678 548 887 698
894 489 1037 633
0 483 378 750
907 476 1468 718
541 456 796 770
1194 437 2226 1057
1618 398 1840 528
1161 398 1782 594
2115 372 2448 626
711 365 874 496
502 339 940 600
332 267 620 496
1527 202 1782 411
940 202 1664 600
385 182 1037 515
1977 176 2448 496
1749 163 1906 456
1788 156 2017 476
607 117 796 261
1645 110 1808 274
65 84 208 267
2310 0 2448 182
2017 0 2382 235
1801 0 2017 182
1586 0 1814 156
1488 0 1697 241
1338 0 1566 248
1129 0 1344 156
548 0 698 137
398 0 646 228
313 0 470 130
176 0 424 189
0 0 404 548
0 0 2448 1566
1175 1853 1396 2088
0 705 2448 3263
0 705 1436 3263
731 1161 2448 3263
2147 2591 2448 2989
332 855 587 998
1514 685 1736 855
1109 2095 1645 2526
0 0 1814 1142
84 1475 339 1638
1181 0 2448 1566
0 705 1272 2461
339 1305 496 1436
737 489 1129 770
737 489 1129 737
1331 2102 1645 2369
998 1919 2448 3263
731 1161 2448 2199
1475 1109 2382 1344
0 1684 1436 3263
737 580 1129 737
1305 1684 1475 1834
202 2924 365 3159
0 1834 1436 3263
783 1906 1436 2643
783 2088 1423 2643
1566 1109 2382 1344
1566 1109 2121 1325
0 1834 1286 3263
0 1684 502 2637
0 1762 476 2637
2023 868 2448 1024
1742 2963 2180 3263
1742 2989 2180 3263
1788 0 2043 476
1077 1906 1436 2350
1181 1024 2448 1566
0 1958 1286 3263
0 1762 476 2402
548 0 796 261
731 1161 1207 1507
2232 502 2448 633
143 1684 502 2036
0 1847 476 2402
1194 0 2448 1312
1840 1919 2448 2415
1436 2245 1971 2793
998 2010 2448 3263
1018 2265 2448 3263
0 705 953 1840
561 855 953 1044
0 2062 1286 3263
541 2793 1286 3263
620 2865 1286 3263
776 2898 1286 3263
959 2898 1286 3094
1096 2898 1286 3094
65 1847 476 2350
1873 2963 2056 3100
143 985 1272 2461
306 456 613 685
345 456 613 685
345 483 548 685
1742 3002 1925 3263
0 705 691 1840
313 2180 705 2461
0 1638 372 1840
731 1161 1122 1507
731 1161 1122 1410
776 1207 2448 2199
1246 1299 2448 2199
0 2062 1207 3263
0 705 691 1677
0 2467 319 2976
0 2585 319 2976
293 398 1782 1142
607 91 796 261
176 0 463 235
1906 1919 2448 2415
0 705 691 1507
2193 1710 2448 1867
541 2793 842 2924
65 1847 398 2350
65 1847 385 2108
848 718 1436 1142
848 718 1423 1031
0 2585 228 2976
293 398 1782 933
1194 437 2448 1312
0 0 796 809
0 2585 182 2976
1037 842 1436 1142
829 1207 1122 1410
776 1207 1749 2134
143 985 1272 2271
1769 639 2134 783
1527 110 1808 411
1383 1024 2448 1566
1977 0 2448 737
1977 0 2448 626
900 1207 1396 1507
776 1423 1749 2134
0 0 796 770
235 2062 1207 2793
293 476 1468 933
1338 0 1814 248
998 2010 1984 2937
998 2532 1436 2937
0 0 620 750
404 985 1272 1403
404 1142 789 1403
2219 580 2448 737
1488 0 1814 241
1997 1240 2448 1566
385 0 1664 600
0 848 691 1507
1312 2010 1984 2865
502 2062 894 2389
776 1423 1749 2069
1455 652 2448 1312
385 182 1664 600
0 2558 959 3263
0 0 404 750
0 2839 535 3263
0 953 691 1507
385 182 1037 600
0 2950 535 3263
0 1122 502 1507
2017 0 2448 319
776 1605 1299 2069
137 2558 959 3263
235 2265 1207 2793
1795 1494 2448 1997
1070 1912 1579 2356
979 1801 2448 3263
580 0 2448 1331
1729 0 2062 483
0 2304 261 2702
580 789 1370 1083
2095 0 2448 267
0 1631 398 1827
1736 0 2062 483
13 1690 463 2095
1161 1853 1684 2526
463 1631 652 1814
1906 2591 2448 3263
1906 2624 2448 3263
1951 2624 2448 3263
1161 1853 1684 2389
1161 1880 1684 2389
13 1690 463 2023
1736 0 2043 476
26 1690 463 1886
1788 0 2043 300
489 1396 750 1527
1024 861 1370 1083
1161 1880 1684 2284
1161 1932 1599 2284
0 0 1840 1188
0 946 2448 3263
0 2056 1984 3263
1488 372 2448 1037
0 750 1077 1188
0 0 1840 1122
0 0 1814 1122
0 522 659 881
1488 502 2448 1037
1488 528 2448 1037
0 946 2448 2702
0 946 2448 2343
84 1024 2448 2343
0 1729 561 2617
45 2154 561 2617
45 2160 515 2617
470 1560 1423 2702
776 2108 1423 2637
1462 1024 2448 1560
0 946 1527 1664
0 404 1788 1122
0 1729 274 2421
620 1677 2448 3263
1932 1677 2448 1997
26 1690 378 1873
0 0 1814 770
1488 639 2448 1037
84 1024 2448 2271
1514 639 2448 1037
0 946 1436 1664
0 946 1246 1664
894 1207 1338 1507
620 1893 2363 3263
1436 1893 2363 2800
1827 1893 2363 2415
789 1331 1077 1507
1246 1370 1403 1501
2154 1677 2448 1880
1514 639 2448 1024
52 1690 378 1873
110 1005 1246 1638
235 1005 1246 1403
248 1253 744 1468
248 1331 470 1468
470 1560 1259 2702
594 1560 1259 2702
84 1207 2448 2271
1827 1977 2226 2415
2004 1977 2226 2154
0 946 953 1664
0 946 953 1507
1827 2095 2134 2415
1161 1932 1534 2284
685 1560 1259 2702
685 1560 1259 2297
705 2154 1240 2702
0 2787 541 3263
1299 1880 1684 2147
933 1560 1259 1971
953 1560 1259 1912
705 2154 1142 2702
705 2154 1135 2702
620 2683 1462 3263
502 0 1814 600
0 0 1037 770
0 0 940 770
0 652 1266 1122
0 2787 352 3263
1514 639 2448 979
705 2212 1135 2702
620 2800 913 3263
176 0 940 770
554 424 940 770
254 456 659 665
0 685 985 1122
176 0 685 561
620 2833 913 3263
1161 1932 1423 2147
235 946 953 1279
254 946 953 1161
2062 868 2389 1024
300 750 1077 1031
770 2683 1462 3263
1906 2807 2284 3263
71 2056 1984 3263
65 3074 541 3263
1514 718 1958 959
0 2859 352 3263
306 489 659 665
1462 1024 2343 1344
1462 1024 2115 1344
287 208 659 561
1403 1214 1860 1436
1788 1449 2121 1631
2010 1142 2343 1344
502 0 1749 600
1932 1233 2448 1560
1462 1024 1984 1272
979 3087 1161 3263
228 3074 541 3263
202 2970 352 3159
1906 2937 2167 3263
0 2859 319 3263
646 2833 913 3263
2147 2807 2284 2989
0 2787 130 2950
770 2696 1155 3263
992 2683 1462 2989
2023 2624 2448 3263
2265 2591 2448 2826
0 2585 176 2839
842 2558 972 2696
84 2539 319 2735
815 2493 1135 2656
45 2441 326 2617
182 2402 515 2532
71 2395 985 3263
1436 2304 1906 2800
0 2304 261 2637
1331 2265 1514 2526
776 2265 1090 2545
1899 2219 2102 2415
705 2212 913 2702
1429 2199 1631 2389
933 2173 1090 2337
1338 2167 1579 2356
848 2154 1005 2480
280 2154 561 2434
319 2128 705 2448
0 2121 221 2402
920 2108 1423 2637
1344 2102 1534 2284
1827 2095 2134 2408
0 2082 221 2291
1403 2069 1599 2212
966 2056 1984 2833
195 2036 489 2343
117 2017 274 2421
2017 2004 2226 2154
1507 1997 1684 2147
1253 1932 1449 2088
1214 1932 1423 2147
1070 1912 1429 2350
2141 1893 2363 2062
1299 1880 1664 2128
65 1840 385 2095
1932 1827 2376 1997
685 1821 1109 2297
1077 1801 2448 3263
1573 1749 1749 1899
0 1729 137 2154
953 1716 1122 1912
2193 1710 2448 1880
176 1690 378 1873
143 1664 398 1827
0 1631 195 1769
1253 1625 1481 1782
1011 1560 1259 1886
1788 1449 1964 1579
1279 1449 1527 1658
0 1370 182 1664
1932 1351 2108 1501
789 1331 998 1462
248 1331 437 1468
110 1331 483 1638
907 1318 1201 1494
1109 1299 2448 2180
1442 1286 1860 1436
907 1272 1077 1429
450 1253 744 1468
1834 1240 2317 1403
1997 1233 2448 1560
829 1207 1037 1357
84 1207 1586 2271
235 1207 470 1403
1096 1201 1318 1377
2010 1142 2343 1331
235 1129 502 1279
0 1122 339 1507
254 1031 476 1161
0 1031 365 1188
1462 1024 1736 1253
1129 1024 1912 1436
398 1024 554 1161
365 1005 1246 1403
2278 887 2448 1024
1024 861 1325 1083
0 855 515 1122
580 789 1096 1031
1638 757 1958 959
600 750 1077 926
1514 718 1703 855
319 685 985 946
789 652 1266 783
1631 639 2448 979
1488 639 1684 802
84 633 221 770
2128 528 2448 737
554 489 874 770
306 489 548 639
900 476 1103 633
744 424 940 600
907 404 1788 691
502 391 848 574
2186 372 2448 567
241 345 404 502
1488 326 1840 528
287 228 417 378
332 208 659 561
1233 202 1383 365
1736 163 2004 476
1788 91 2017 300
992 0 2448 1331
1788 0 2043 182
1586 0 1814 254
1338 0 1573 156
1129 0 1331 143
822 0 998 176
541 0 1749 600
567 0 744 130
176 0 685 267
39 0 241 143
0 0 365 535
0 0 2448 2271
0 1631 2448 3263
1194 685 1370 855
1488 0 2062 528
13 1723 235 2023
0 789 2448 2271
1703 0 2062 483
959 1801 2448 3263
1932 1827 2376 2062
1488 639 1736 809
0 1631 1631 3263
1703 163 2062 483
0 0 2448 1560
1161 1853 1599 2284
992 0 2448 1560
470 2330 705 2467
1736 163 2062 483
789 1207 2448 2180
0 2017 535 2702
182 2402 535 2565
1227 0 1449 156
0 789 1586 2271
815 1853 1631 2696
815 2493 1135 2696
0 2017 372 2702
0 2017 274 2702
0 2017 274 2637
848 1853 1631 2663
1338 2167 1631 2389
1090 2963 1266 3133
0 2121 261 2637
894 476 1103 633
848 1853 1429 2663
920 1853 1429 2663
1129 1024 2448 1560
0 1631 1155 3263
920 1853 1429 2643
0 1631 398 2154
0 0 1814 881
0 1821 1155 3263
567 0 757 261
117 228 417 594
2004 907 2160 1037
117 456 378 594
907 1272 1201 1494
920 1912 1429 2643
241 228 417 502
1233 176 1494 365
1233 202 1442 365
1253 1625 1481 1834
959 1977 2226 3074
920 1912 1429 2637
1514 528 2448 1024
65 1840 561 2434
829 1207 2448 2180
1011 1214 2448 2180
829 1207 1527 1658
900 1207 1527 1658
1011 1299 2448 2180
959 2056 1984 3074
65 1840 489 2343
1827 2004 2226 2415
1827 2004 2226 2408
0 2441 326 2839
0 2539 319 2839
1514 528 2448 979
900 1207 1351 1507
0 789 1436 1664
248 1292 496 1468
0 2395 1155 3263
815 404 1788 691
365 789 1436 1161
365 946 646 1161
1631 528 2448 979
548 789 1436 1142
580 789 1436 1142
580 789 1325 1083
0 489 985 1122
541 0 1814 600
0 1005 1246 1664
0 1031 483 1664
959 2683 1462 3074
365 1005 1246 1468
1834 1142 2448 1560
319 1821 1109 2702
0 0 848 881
0 0 685 535
0 1031 483 1638
705 2212 1090 2702
319 1821 1109 2448
0 2395 985 3263
0 208 848 881
306 208 848 639
0 1031 476 1507
1834 1233 2448 1560
332 208 848 574
0 2859 541 3263
1116 2004 1521 2343
1103 2075 1416 2402
0 1625 463 2154
0 1625 385 2154
1103 2075 1416 2382
1547 0 2108 476
1736 0 2108 476
776 3087 1299 3263
757 2004 1011 2219
1736 163 2010 476
0 1697 150 2154
0 1625 385 1873
0 509 345 829
1782 0 2108 293
1592 822 2141 1220
881 1710 2448 3139
881 2115 1514 2656
887 2232 1514 2656
985 2291 1514 2656
1090 2291 1514 2656
1175 1710 2448 3139
0 2062 1188 2872
424 2317 1188 2872
0 0 1880 1507
0 319 1880 1507
404 953 1455 1507
750 1011 1455 1507
1011 1912 1377 2252
0 2062 509 2715
0 2062 496 2715
0 319 1880 1142
1488 319 1880 476
1338 2069 1912 2572
1514 2069 1912 2572
894 1011 1455 1507
998 1011 1455 1357
998 1011 1455 1266
0 1429 933 2108
71 1481 933 2108
71 1599 861 2108
1919 65 2108 293
424 2402 1188 2872
0 411 1762 1142
0 0 1821 926
0 2062 235 2428
0 430 1592 1142
0 2167 496 2715
2154 2545 2448 2918
0 1873 2448 3263
620 1873 985 2408
620 1893 861 2408
620 1893 861 2297
0 1899 2448 3263
0 0 2448 2382
789 1207 1083 1462
789 1272 1083 1462
894 1201 1351 1507
189 1599 861 2108
1103 1736 1710 2219
1240 1925 1710 2219
110 1481 933 1658
137 1481 933 1658
450 1514 933 1658
1188 548 1631 894
0 2167 365 2715
0 2317 274 2715
1638 456 2160 763
130 1024 802 1436
2023 0 2448 705
2154 2611 2448 2918
789 0 1821 515
0 404 2448 2382
1103 1736 1527 1964
1240 1925 1605 2128
2023 0 2448 456
1566 1109 2115 1344
189 1762 744 2108
0 0 1044 926
2199 417 2448 705
1364 2526 1645 2754
0 567 1220 1142
0 855 450 1142
1592 913 2095 1220
0 861 437 1142
0 881 235 1142
861 0 1821 515
293 567 1220 946
541 718 1436 1142
541 718 1423 1109
1175 2650 1710 3139
1997 1233 2448 1566
2108 1233 2448 1521
2108 1233 2448 1449
1090 1331 1351 1507
541 855 1064 1109
1129 2160 2448 3263
1233 2160 2448 3263
1377 2160 2448 3263
1416 2160 2448 3263
0 1899 1736 3263
130 1129 496 1436
0 496 633 926
71 2689 476 2878
0 0 1044 770
1599 1710 2448 2754
1964 1710 2448 2402
1742 1521 2095 1756
1964 1710 2448 2304
1233 3048 1442 3263
1024 861 1436 1142
1951 2709 2448 3263
1455 1292 1853 1436
1925 2996 2154 3263
1964 1788 2448 2304
2088 1788 2448 2147
1142 430 1592 698
1207 248 1697 515
430 2461 1188 2872
430 2461 979 2820
1194 992 1390 1142
861 0 1821 332
1514 404 2448 1253
1756 404 2448 1253
2284 809 2448 1253
1599 2278 2056 2754
1514 528 1951 953
0 842 2448 2382
293 672 1161 946
1951 2715 2448 3263
1756 404 2448 940
2023 0 2448 319
548 842 2448 2382
1899 881 2421 1331
1899 881 2421 1292
548 1279 1253 1573
933 1403 1253 1573
1207 293 1488 515
541 861 1064 1109
1175 2735 1605 3139
1416 2271 2448 3263
182 1899 711 2448
0 2141 1736 3263
0 2258 1736 3263
45 2441 567 2702
1024 861 1436 1109
267 496 633 822
724 842 2448 2382
548 293 1044 665
861 0 1814 332
0 2356 1736 3263
1664 3022 2023 3263
848 718 1423 1064
1383 1827 1847 2141
182 1899 711 2337
332 1899 711 2232
1899 404 2448 940
189 1880 378 2095
861 0 1677 332
1899 946 2421 1292
0 0 861 770
848 718 1318 1064
0 0 861 731
0 1011 848 1586
0 1103 848 1586
124 1142 848 1586
287 1142 848 1547
404 1142 848 1455
1416 2271 2343 3263
1416 2918 1853 3263
1220 842 2239 1645
1220 842 2239 1442
1135 0 1677 300
1899 946 2330 1227
1599 2284 2043 2754
1318 0 1814 150
