0 0 2448 3263
104 0 1155 1893
0 1808 1259 3263
0 1945 913 3263
567 0 1155 1893
959 0 1155 1534
959 0 1122 1534
117 1808 1259 1984
959 0 1116 1534
443 1945 913 3263
1299 2180 1697 3263
567 1122 1148 1893
705 1958 1390 3263
1240 0 2448 3263
0 0 1697 3250
1018 0 1697 2258
1723 2963 2448 3263
1723 3061 2448 3263
0 0 1161 3250
0 1723 770 3250
1390 1064 2350 2095
1240 2154 1481 3263
0 0 1161 1932
959 0 1096 1423
1103 0 1521 1984
1220 0 1521 1899
0 1096 1161 1932
0 1775 770 3250
633 0 1064 1272
1299 0 1521 1899
0 1096 1037 1893
0 1096 1018 1886
0 1096 574 1631
0 1096 476 1494
1357 0 2448 3055
1455 2082 2448 3055
1651 2389 2448 3055
1658 2402 2448 3055
1664 2467 2448 3055
1664 2480 2448 3055
1671 2637 2448 3055
1690 2754 2448 3055
1697 2859 2448 3055
0 0 1031 1494
1103 926 1351 1984
443 1971 757 2552
1455 2082 2448 2395
1338 594 1521 1899
1103 1155 1325 1984
1018 1867 1697 2258
1357 0 2448 2141
1579 2056 2448 2258
1357 0 2448 2095
1390 0 2448 2095
881 2545 1155 2839
1018 1971 1507 2258
509 1945 913 3263
110 1514 1005 1808
117 1514 1005 1808
1566 1977 2304 2141
0 1775 770 2291
1671 2637 2448 2826
1690 2754 2291 2924
1690 2650 2448 2826
1044 1977 1507 2245
1299 0 1481 1181
515 1945 913 3263
1481 2082 2448 2395
1631 2167 2448 2395
1018 1971 1253 2258
117 1527 959 1808
1664 2480 2448 2650
541 2095 724 2552
1677 1051 2369 1893
1579 2056 2173 2219
1723 3061 2206 3263
515 2937 685 3263
959 2683 1155 2839
705 2637 1233 3263
1299 2552 1697 3263
881 2545 1044 2689
0 2526 633 3263
796 2382 926 2767
1645 2258 2448 2395
541 2239 672 2552
1305 2180 1645 2780
1631 2167 1840 2337
1266 2154 1481 2558
1024 2108 1253 2239
1481 2082 1664 2284
0 2056 711 3250
1292 1991 1507 2245
1044 1977 1318 2167
1018 1971 1201 2258
443 1971 757 2278
842 1958 1390 3263
0 1951 770 2291
580 1945 913 3263
2115 1919 2448 2128
1305 1867 1697 2154
783 1808 1259 1977
0 1775 326 2049
84 1723 802 1899
0 1723 319 1945
1103 1703 1325 1984
195 1625 476 1801
65 1592 1018 1886
0 1573 1161 1932
835 1514 1005 1808
1357 1455 1827 2023
443 1338 913 1507
966 1325 1148 1893
1984 1233 2369 1893
0 1201 574 1631
39 1168 476 1494
1507 1135 1697 1396
567 1122 1103 1814
0 1096 130 1272
1677 1051 2004 1233
1344 594 1521 1618
1312 0 1481 1181
985 0 1116 1534
639 0 1064 1272
633 0 926 744
959 0 1521 2258
1481 2056 2448 2284
0 0 1259 3263
959 0 1194 1534
1018 0 1521 2258
0 1775 926 3263
0 0 1259 1984
705 0 2448 3263
0 1723 1259 1984
0 0 1175 1932
705 1455 2448 3263
705 1455 1827 3263
1299 2134 2448 3263
0 1945 926 3263
1390 0 2448 2167
0 1096 1175 1932
1651 2389 2448 2545
1658 2402 2448 2545
509 1945 926 3263
0 0 1148 1893
1214 0 1521 1964
1566 1919 2448 2167
1024 1455 1827 2245
1664 2480 2448 3263
1671 2637 2448 3263
1299 2134 1697 3263
1214 0 1481 1964
1044 1455 1827 2245
796 1325 1148 1893
1690 2663 2448 3263
1690 2741 2448 3263
1690 2754 2448 3263
1566 1919 2448 2141
1266 0 1481 1279
0 0 1103 1814
1214 0 1351 1964
1220 0 1351 1886
1214 1455 1827 2245
0 1168 1018 1886
1214 1867 1697 2245
1214 1991 1507 2245
443 1122 1103 1814
509 2937 685 3263
0 1168 574 1631
1690 2754 2448 3061
1690 2826 2448 3061
1697 2859 2448 3061
65 2767 594 3263
208 1501 1011 1814
946 0 1201 1534
946 0 1122 1534
1729 3048 2448 3263
946 0 1116 1534
0 1775 1429 3263
0 1775 913 3263
0 1775 789 3263
0 1775 783 3263
104 1514 1005 1808
1729 3074 2448 3263
0 0 1064 1501
705 1958 1429 3263
0 1775 750 3263
0 953 1246 1958
737 953 1246 1951
0 1188 1161 1958
1024 0 2448 3263
1103 0 2448 2095
1024 1455 2448 3263
319 1925 913 3263
848 1338 1246 1951
1292 0 2448 2095
587 2095 737 2852
1024 1795 1631 2258
1024 1977 1507 2245
1207 2069 1507 2245
1240 1455 2448 3263
1690 2741 2448 3055
1357 1455 2448 2258
1579 2036 2448 2258
1103 0 1331 1997
1103 946 1331 1997
1357 1455 2448 2134
1566 1932 2448 2134
254 1958 789 2147
1240 2082 2448 3263
1579 2193 2062 3263
1299 2082 2448 2741
1240 2193 1697 3263
1645 2252 2448 2741
1645 2252 2448 2722
1645 2252 2448 2650
1645 2252 2448 2591
1645 2376 2448 2591
1645 2252 2448 2389
1292 0 1488 1742
1240 2258 1390 3263
228 3107 528 3250
1690 2741 2448 3028
1664 2643 2062 3263
705 2643 1240 3263
789 2330 992 2767
1299 2193 1697 3263
1299 2082 1919 2558
1207 2069 1416 2245
1579 2036 2448 2239
1024 1977 1377 2226
489 1971 763 2147
842 1958 1429 3055
0 1951 750 3263
1867 1932 2448 2134
1292 1795 1631 2258
0 1775 150 2049
26 1756 163 1938
0 1566 1161 1958
104 1527 326 1808
1005 1501 1168 1899
1357 1455 1827 2030
1984 1233 2173 1462
0 1188 1011 1893
737 953 1142 1886
1103 946 1318 1977
1318 0 1488 1566
104 1501 1011 1814
0 0 1507 3263
1292 0 2448 3263
946 0 1214 1534
998 1977 1259 2245
0 0 1488 1997
0 0 1161 1958
0 1775 1507 3263
1299 1932 2448 3263
1299 2036 2448 3263
1299 2082 2448 3263
319 1925 1507 3263
319 1925 992 3263
848 0 1488 1997
1292 0 2448 2258
705 1958 1507 3263
0 0 1142 1886
1103 0 1488 1997
1299 2082 1919 3263
1645 2252 2448 3055
1103 0 1488 1977
1103 0 1331 1977
1103 0 1318 1977
1292 1455 1827 2258
1103 189 1318 1977
985 0 1135 1494
1005 0 1135 1494
1357 907 1788 1984
1357 998 1631 1984
0 633 130 802
1357 1390 1631 1984
0 1729 783 2043
0 992 1253 1971
1357 1521 1631 1984
1377 1723 1631 1984
1410 1723 1631 1984
639 0 1077 1331
0 1168 1253 1971
737 274 985 815
776 274 985 815
0 1938 907 3263
0 1971 763 3263
228 319 659 829
228 319 659 783
1860 1462 2448 2121
1886 1462 2448 2121
1945 1462 2448 2121
1945 1462 2350 2095
2062 1462 2350 1840
1540 0 1899 176
117 1938 907 3263
0 1253 1253 1971
0 1253 1018 1880
0 1481 1018 1880
0 1253 202 1579
0 1305 202 1579
228 319 659 639
326 319 659 541
65 1834 1253 1971
1527 907 1788 1214
228 0 646 306
0 0 1220 1899
91 1064 1220 1899
130 1286 1220 1899
0 0 1024 1507
711 0 2448 3263
1351 0 1775 1468
1396 0 1775 1468
1396 443 1775 1468
1429 443 1775 1370
776 274 959 815
2095 1246 2448 1442
2147 1246 2448 1442
933 1286 1220 1899
0 1971 672 3133
1410 0 1651 946
1449 0 2448 2095
1625 1827 2010 2082
711 1873 2448 3263
1442 0 1651 456
1214 0 1481 2069
1214 0 1455 2069
1292 0 1455 1893
385 1971 763 3153
248 1951 907 3263
1449 0 2448 2082
1625 2219 1775 3263
248 1951 881 3263
979 1286 1220 1899
0 2931 528 3263
130 1631 1148 1899
711 2748 926 3263
802 1873 2448 3263
796 1631 1148 1893
802 1958 1135 2702
881 1958 1135 2337
894 104 1077 1331
326 1207 665 1501
1429 607 1664 1370
835 1873 2448 3263
835 2082 1703 3263
907 2082 1703 3263
1292 2082 1703 3263
1299 2082 1645 2924
1299 2082 1645 2722
1299 2271 1521 2722
1018 1873 2448 3159
1018 1873 2448 3074
1018 1873 2448 3061
1586 2062 2448 3061
1586 2062 2448 2258
0 0 1024 1410
1625 2173 2448 3061
1625 2173 2448 2859
1507 1142 1742 1475
385 1971 763 3068
1625 2173 2448 2833
1651 2317 2448 2833
241 685 607 966
0 0 1024 1233
1534 1423 1756 1671
0 0 972 1109
502 587 972 1109
685 587 953 966
1521 0 2448 2082
1024 1338 1220 1899
1018 1873 1932 2252
1018 1971 1507 2252
1018 1971 1429 2252
1651 2323 2448 2833
907 2239 1410 3263
1057 2239 1410 2996
835 2415 1240 3263
1651 2337 2448 2833
1651 2337 2448 2545
1651 2337 2448 2474
1625 2173 2448 2382
1625 2173 1958 2304
672 0 959 195
0 0 926 1037
0 0 926 685
0 0 398 665
0 143 398 665
365 0 926 685
450 456 926 685
1664 2487 2448 2833
1664 2487 2448 2741
1664 2487 2448 2722
1037 1991 1429 2252
574 1122 1018 1507
835 2415 1233 3263
835 2558 1233 3263
0 143 326 665
0 176 326 665
0 176 326 515
835 2624 1233 3263
835 2656 1233 3263
0 235 326 515
365 0 874 554
365 176 874 554
483 176 874 554
1684 0 1899 176
1703 2859 2448 3061
1703 2859 2448 3055
1697 0 2193 274
1521 117 2448 2082
887 1958 1070 2304
2082 359 2369 639
1318 1873 1932 2160
110 1527 966 1808
515 992 1024 1233
163 1527 966 1808
541 1951 881 3263
502 822 972 1109
1331 1938 1932 2160
1521 117 2448 1919
1697 117 2448 1566
1697 117 2448 1396
1697 208 2448 1396
1697 365 2448 1396
385 685 607 913
1449 97 1814 561
672 2199 868 3263
1664 2487 2448 2650
1521 1312 2448 1919
1586 1312 2448 1899
1762 208 1997 496
2297 718 2448 998
71 548 385 1037
228 1090 639 1259
71 665 385 1037
248 2212 763 3263
1318 0 1455 1893
1938 1390 2448 1742
985 2846 1233 3263
1586 1312 2062 1899
1645 1312 1938 1586
1645 1312 1938 1560
365 235 652 404
385 665 815 1135
2245 953 2448 1312
1788 1364 2147 1566
1586 1488 2062 1899
0 1971 626 3133
1697 365 2448 1370
1964 365 2448 946
600 1951 881 3263
992 2846 1233 3263
2271 365 2448 913
0 1971 626 2480
0 1971 626 2448
463 2082 718 3068
1292 2193 1703 3263
1292 2284 1703 3263
424 2239 626 2448
1325 2193 1690 3172
1325 2193 1658 2780
0 2291 594 3133
626 1951 881 3263
1951 1684 2173 2082
463 2363 659 3068
1697 770 2291 1370
1860 770 2291 1370
1951 855 2291 1370
1991 940 2291 1370
0 1971 626 2350
0 2291 502 3133
0 2291 450 3133
0 2800 430 3133
0 2800 430 3074
0 2800 430 3042
718 1951 881 2741
1964 509 2350 946
0 1997 567 2350
1370 2676 1690 3172
0 2291 450 2918
261 2898 489 3100
202 1527 966 1808
0 1997 567 2343
1677 1057 1964 1318
2180 1396 2448 1742
718 1951 881 2532
0 1997 567 2310
0 2363 443 2918
0 737 150 1090
0 2363 385 2918
0 2500 385 2918
0 2500 385 2859
0 2036 567 2310
176 2062 567 2310
202 1527 868 1808
202 1534 868 1808
169 2500 385 2859
718 1951 855 2532
241 1534 868 1801
300 1534 868 1801
300 1534 868 1697
202 1631 855 1808
300 1534 718 1671
737 1122 1018 1331
0 3120 352 3263
1057 3107 1227 3263
985 3107 1129 3263
855 3107 1037 3263
1292 3048 1703 3263
0 3048 417 3179
711 2983 881 3263
1044 2957 1220 3139
835 2957 1018 3133
280 2931 528 3231
1416 2924 1592 3094
894 2911 1051 3055
306 2898 489 3055
0 2813 254 2989
117 2800 430 3042
163 2787 378 2924
979 2767 1233 2957
744 2748 926 3153
1370 2741 1690 3172
1521 2676 1664 2878
13 2669 189 2846
835 2656 1018 2976
626 2624 757 3263
907 2598 1240 3263
1299 2591 1449 2924
169 2591 385 2859
959 2558 1103 2689
1305 2532 1507 2722
1083 2532 1240 2683
0 2506 208 2683
600 2487 763 3263
463 2461 613 3068
926 2415 1168 2598
1057 2382 1246 2996
1475 2369 1658 2780
0 2363 352 2552
0 2343 195 2480
169 2337 365 2526
254 2291 450 2526
1292 2284 1475 3166
1299 2271 1521 2624
1259 2258 1390 3263
1090 2239 1410 2839
450 2239 626 2395
1051 2232 1188 2402
515 2212 763 3263
0 2199 528 2343
1325 2193 1631 2617
881 2147 1135 2337
802 2147 1064 2702
1305 2082 1645 2421
561 2082 718 2532
1279 2075 1429 2245
1377 2069 1507 2219
228 2062 567 2310
0 2036 443 2173
1475 2023 1932 2160
887 2010 1031 2304
1018 1971 1299 2173
385 1971 763 2265
900 1958 1070 2154
1331 1938 1775 2141
117 1938 802 2258
1318 1873 1547 2062
1951 1867 2173 2082
1625 1840 1775 2010
1723 1827 2010 2082
1945 1782 2310 2095
2271 1756 2448 2095
2115 1710 2350 1840
1964 1684 2173 1899
1860 1677 2069 1834
802 1651 940 1808
913 1631 1142 1886
345 1625 574 1801
1586 1618 2036 1899
195 1612 332 1795
241 1605 443 1762
2317 1586 2448 1945
1521 1566 1729 1919
626 1553 868 1697
1064 1534 1240 1925
515 1534 718 1671
1586 1527 1756 1671
933 1527 1103 1821
110 1527 274 1762
1357 1521 1507 1919
1827 1488 2062 1723
0 1481 933 1873
2239 1475 2448 1742
2062 1462 2284 1782
2180 1396 2350 1553
1788 1396 2049 1566
1938 1390 2193 1599
1390 1390 1540 1599
1997 1364 2147 1507
110 1364 574 1507
2265 1357 2448 1553
913 1357 1090 1514
1645 1338 1840 1560
1788 1312 1938 1462
574 1312 881 1507
0 1305 202 1501
2147 1299 2382 1442
1507 1279 1729 1475
130 1279 476 1501
2095 1266 2252 1396
0 1253 182 1475
2284 1246 2448 1390
385 1246 665 1501
1971 1233 2102 1396
326 1207 587 1377
574 1181 822 1410
176 1168 332 1318
2199 1148 2369 1344
1742 1148 2030 1410
1540 1142 1742 1357
1991 1135 2291 1370
737 1135 1018 1331
1775 1129 1964 1266
319 1103 639 1259
0 1090 208 1312
91 1064 1096 1527
1677 1057 1893 1318
1553 1051 1788 1214
515 1005 887 1227
815 992 1024 1233
26 992 345 1299
1919 966 2075 1194
2304 953 2448 1312
195 946 417 1109
2023 940 2199 1207
1697 920 1932 1148
1527 907 1736 1096
385 907 626 1135
502 874 972 1109
2297 868 2448 998
332 861 574 1109
319 861 456 992
1951 855 2173 1044
208 855 385 1018
2128 848 2271 1024
1605 802 1769 998
241 802 411 966
796 796 953 966
385 776 574 913
1860 770 2075 1064
1658 724 1801 861
1847 705 1991 868
1697 705 1893 1005
235 698 417 829
456 685 607 887
561 665 815 926
71 665 267 1037
835 639 1005 874
0 633 130 776
1462 607 1664 1070
2278 600 2448 913
385 594 522 783
685 587 894 809
483 587 711 731
1775 580 1932 737
2193 574 2350 946
208 567 424 815
1938 561 2082 763
91 548 254 737
1964 509 2252 894
665 483 926 685
228 470 607 639
450 456 802 639
0 456 228 665
1553 443 1775 639
1638 417 1919 770
2193 398 2369 639
1860 398 2004 724
130 391 345 548
0 385 163 515
326 378 522 541
2271 365 2448 665
1521 365 1671 691
2082 359 2252 554
894 352 1077 1331
483 345 874 554
1631 319 1795 463
483 319 659 456
1938 306 2239 580
1762 306 1919 496
718 293 848 424
221 293 398 450
776 274 959 574
417 235 652 404
0 235 326 417
2141 208 2350 430
1827 208 1997 450
594 176 789 372
58 176 248 339
1612 163 1814 391
2252 124 2448 430
1984 117 2193 339
300 104 437 306
1697 97 2095 274
1449 97 1697 561
345 58 607 306
1684 26 1899 176
2226 0 2448 176
2030 0 2193 163
1756 0 1984 176
1540 0 1697 176
1488 0 1651 287
1351 0 1481 306
1318 0 1455 1840
985 0 1116 1442
639 0 985 352
783 0 959 195
672 0 815 156
502 0 685 267
228 0 646 143
104 0 300 254
0 0 221 202
894 0 1664 2069
894 0 1135 1494
1064 0 1664 2069
0 1305 966 1579
894 0 1129 1494
0 0 1253 3263
0 1729 881 3263
0 1938 881 3263
894 0 1116 1442
0 1951 881 3263
1625 2219 2448 3263
0 0 1253 1971
0 1729 783 2480
0 1945 783 2480
711 1938 2448 3263
1214 0 1664 2069
65 1814 1253 1971
65 1814 1246 1958
1390 998 1658 1984
711 1938 1932 3263
1220 0 1664 2069
0 1286 1220 1899
0 633 574 1507
0 633 476 1501
0 0 1096 1527
1586 2062 2448 2846
1390 998 1631 1984
0 1971 763 3133
254 1971 763 2931
1507 0 2448 2095
1390 1390 1631 1984
639 0 1005 874
913 1286 1220 1899
0 1481 1148 1893
0 1481 1103 1873
1390 1390 1540 1945
0 1997 567 2480
1586 2062 2448 2722
1586 2062 2448 2650
1586 2062 2448 2545
1586 2062 2448 2474
913 1286 1129 1808
1227 0 1664 2069
0 633 345 1299
1449 0 1899 705
254 2082 718 2931
254 2239 626 2931
1410 1586 1540 1945
0 1090 476 1501
1227 0 1481 2069
1227 0 1455 2069
515 1951 881 3263
1697 2846 2448 3061
1031 1938 1932 2252
1037 1938 1932 2252
1037 1938 1775 2252
776 274 1005 874
0 2337 430 3133
1645 2252 2448 2474
1645 2258 2448 2474
1690 2663 2448 2846
0 2062 567 2350
802 1514 1005 1808
861 1514 1005 1808
711 1958 1703 3263
110 1527 920 1808
163 1527 920 1808
979 1286 1129 1808
711 1958 1135 3263
0 1997 456 2291
0 1997 456 2258
0 2036 443 2258
130 1168 476 1501
110 1527 332 1795
0 2062 567 2343
0 2898 528 3263
352 2389 594 2931
398 2389 594 2931
1527 0 2448 1396
2128 0 2448 248
835 2075 1703 3263
835 2239 1410 3263
1507 848 2448 2095
2128 848 2369 1194
2128 848 2337 1103
91 900 1096 1527
2265 1246 2448 1553
1507 920 2448 2095
1488 0 1651 332
463 2363 659 3153
254 2239 626 2526
254 2291 522 2526
835 2382 1246 3263
1396 424 1664 1468
1586 1148 2448 2095
881 2010 1135 2337
2128 0 2265 248
0 665 345 1299
0 2898 489 3179
0 2337 385 2924
0 2337 365 2552
1507 920 2030 1919
1507 920 2030 1671
541 1951 855 3263
1938 300 2239 763
594 176 848 424
163 1527 920 1801
1279 2075 1703 3263
0 0 926 815
0 235 926 815
1625 215 1932 789
0 0 815 450
1396 607 1664 1468
1507 920 2030 1560
1690 2663 2448 2833
1997 1266 2252 1507
195 587 1024 1410
195 594 574 1109
639 0 985 437
1625 306 1932 789
26 665 345 1299
1449 0 1899 639
1449 0 1814 639
1449 0 1814 561
1449 0 1697 561
1553 319 1795 639
1938 306 2239 763
385 900 665 1135
541 2415 763 3263
600 2415 763 3263
1788 1312 2049 1566
1625 306 1919 789
1638 306 1919 770
0 2500 385 2924
835 2957 1037 3263
1697 0 2193 724
1697 0 2193 450
456 587 1024 1410
456 587 972 1109
319 861 574 1109
1299 2082 1658 2780
1507 1279 1840 1560
163 2500 385 2924
1586 1396 2448 2095
1703 2865 2448 3055
195 698 574 1109
195 855 417 1109
1527 117 2448 1396
907 2382 1246 3263
0 235 874 815
1938 1148 2382 1599
0 319 874 815
91 319 874 815
91 391 430 815
91 391 345 737
1690 2669 2448 2833
1553 920 2030 1410
718 1951 855 2741
1527 705 1991 1096
1527 705 1893 1096
1527 724 1801 1096
1945 1586 2448 2095
1945 1684 2448 2095
1938 1299 2382 1599
0 0 815 339
456 665 972 1109
228 1090 1018 1507
228 1090 881 1507
0 0 685 339
1860 117 2448 1396
228 470 926 731
626 1527 920 1697
1945 1684 2330 2095
1945 1782 2330 2095
235 698 574 966
235 698 574 913
711 2147 1064 3263
711 2650 926 3263
326 319 874 639
39 665 267 1037
208 567 430 815
1527 802 1769 1096
0 0 646 339
515 992 1024 1410
1305 2082 1658 2780
1305 2082 1645 2617
2297 868 2448 1312
163 1527 718 1801
1860 117 2448 1064
228 470 711 731
1586 1396 2448 1899
163 1527 587 1801
228 1090 665 1501
228 1090 639 1377
104 0 646 293
1697 0 2095 274
1951 855 2291 1396
1971 940 2291 1396
0 385 228 665
104 0 339 293
1292 2741 1703 3263
0 0 248 339
0 2500 332 2846
1586 1462 2448 1899
450 345 874 639
2062 1462 2448 1782
835 2656 1233 2976
1860 359 2252 1064
0 2506 208 2846
1586 1468 2069 1899
1984 117 2448 946
1677 920 2030 1410
1677 1057 2030 1410
163 1527 587 1762
163 1527 443 1762
1984 117 2350 430
1716 1468 2069 1834
1860 509 2252 1064
2193 124 2448 946
2252 124 2448 913
1292 2924 1703 3263
1716 1468 2062 1723
502 665 972 1109
855 0 1246 1925
1671 417 1919 731
1357 907 1723 1984
1357 998 1677 1984
1357 1370 1677 1984
1357 1370 1631 1984
0 1729 783 3231
1357 1436 1631 1984
0 1070 326 1325
0 1103 326 1325
0 0 1090 1579
0 1305 992 1579
91 1364 992 1547
0 0 1090 1507
0 1481 1005 1873
65 0 2448 3263
1645 1011 2082 1716
1645 1057 2030 1716
1736 1148 2030 1716
1736 1312 2030 1716
1736 1377 2030 1716
1795 1377 2030 1684
1527 907 1723 1194
574 1312 861 1507
1377 1658 1631 1984
0 0 1090 1501
855 0 1246 1899
1396 0 1788 1468
0 1971 672 3231
1429 0 1788 1370
0 0 1090 1494
1645 1057 1919 1357
2036 1390 2350 1631
1429 0 1697 1370
1540 0 1697 287
0 1253 476 1501
1429 91 1697 1370
1507 91 1697 757
1664 1710 2448 2121
1664 1710 2350 2095
1664 1827 2284 2095
65 1631 1253 3263
65 1631 1253 1971
802 0 2448 3263
1214 0 1605 2069
1292 0 1481 1893
1292 0 1436 1893
65 1827 1246 1958
1410 0 1605 946
1410 0 1592 946
1442 0 1592 456
855 0 1220 1899
