0 0 2448 3263
411 306 1716 848
829 1142 1527 1919
1070 1645 1527 1919
1808 0 2402 319
2010 1586 2448 2219
2010 1827 2448 2219
2082 2212 2448 2924
0 0 443 150
2088 2212 2448 2924
1756 1449 2245 1729
1808 0 2369 287
1808 0 2369 254
509 646 861 979
1064 763 2448 1684
1168 763 2448 1684
1729 1299 2258 1540
1122 1814 1540 2108
1122 1912 1540 2108
1253 554 1919 1175
1253 580 1919 1175
1292 580 1919 1175
1292 580 1853 920
2062 2102 2448 2337
1880 1305 2258 1540
1906 1305 2258 1540
2062 2102 2363 2232
0 2219 1501 3139
0 2219 1109 3139
2278 2128 2448 2337
0 561 215 718
1814 1547 2193 1729
1077 0 2448 607
228 2408 496 2624
907 3126 1462 3263
1070 1677 1227 1919
626 176 1083 496
0 2219 620 3139
1077 0 1951 339
1573 678 1919 1175
1645 678 1919 972
1194 763 2448 1566
1194 763 2448 1475
1331 1312 1697 1566
71 0 443 150
352 2323 522 2500
2088 2212 2428 2454
1214 0 2448 607
1214 45 2448 607
1214 195 2448 607
1723 1592 1906 1801
1122 1912 1540 2075
0 0 2448 2611
744 195 1083 496
1077 0 1390 208
1775 45 2095 332
2271 280 2448 483
2167 2891 2448 3263
1573 894 1906 1175
1331 1312 1677 1566
1390 763 2448 1299
1103 0 1951 339
1103 0 1827 339
0 1064 2448 3263
1527 195 2448 607
1827 195 2448 607
1775 104 2036 332
1351 1886 2043 2820
1351 2075 2043 2820
1351 2075 1919 2820
1351 2395 1579 2820
0 0 1684 2611
0 1292 1684 2611
137 1782 548 2049
1331 1390 1677 1566
626 176 842 306
150 326 2448 1272
1351 2565 1579 2820
0 2284 2363 3263
0 2585 2180 3263
0 2408 620 3139
1814 1547 2141 1729
1488 2284 2363 3263
1220 1064 2448 2865
1853 1064 2448 1821
1416 2075 1919 2487
1416 2082 1919 2487
809 228 1083 496
1220 1357 2421 2865
1220 1357 2421 2284
1951 2154 2297 2284
0 0 1514 1795
0 998 306 1390
1220 1357 2421 2265
1690 1834 2232 2265
1710 1938 2232 2265
1867 1938 2232 2265
0 600 1077 1795
0 600 1077 1488
1220 1357 2421 2030
1370 3002 1612 3263
0 600 770 1109
0 0 1514 672
235 0 1514 522
1077 287 1514 522
1240 1357 2421 2030
221 763 620 926
1853 1064 2448 1710
1103 0 1710 339
0 124 502 430
1997 2271 2330 2865
2036 2330 2330 2865
522 1560 1207 2043
2036 2389 2330 2865
1932 0 2369 254
1521 815 1762 1011
0 124 502 417
522 1560 1207 2023
1618 1357 1886 1618
1240 1494 2421 2030
0 2219 182 2493
235 0 1246 463
2239 1834 2448 2088
2030 1064 2448 1710
2102 1064 2448 1710
1788 2180 2043 2434
1103 0 1710 293
1344 0 1710 195
1521 326 2448 1253
1664 326 2448 842
1664 398 2448 842
0 1292 1148 2030
522 1618 1207 2023
711 1736 1207 2023
0 1814 1684 2611
1279 1534 1527 1664
1827 195 2317 398
0 1292 1148 1991
0 1292 979 1991
0 2813 972 3263
2102 1064 2448 1651
2160 1416 2448 1651
378 2585 2180 3263
2102 1064 2448 1481
2102 1064 2448 1331
235 0 1246 391
1096 3126 1462 3263
0 1814 1566 2611
0 1814 1566 2545
417 1977 1566 2545
150 548 1540 1272
0 1292 933 1991
417 1997 1566 2545
208 2813 972 3263
1547 2976 2180 3263
208 2813 802 3263
208 3094 548 3263
1873 1938 2232 2206
378 2585 1762 3224
378 2585 1703 3224
1051 2689 1703 3198
1051 2813 1703 3198
1521 718 2088 1253
150 665 1540 1272
339 665 1540 1272
1240 1501 2421 2030
1240 1501 2245 2030
567 665 1540 1272
567 665 1155 1083
1161 2813 1703 3198
221 548 665 861
0 1814 744 2467
0 1814 744 2265
0 1814 620 2265
0 124 502 404
1161 2813 1455 3198
1377 1501 2245 2030
443 2245 1109 2748
1769 3055 2180 3263
1390 1501 2245 1977
1521 835 2036 1253
1429 2696 2004 3061
378 2585 1266 3224
45 2154 456 2467
1051 796 1540 1272
195 1044 1077 1488
332 1292 933 1795
1664 411 2448 842
1292 91 1710 339
378 2585 1148 3224
0 1547 509 1991
0 1938 522 2265
554 2728 1148 3224
1390 1631 2245 1977
97 1938 522 2265
417 1997 1501 2545
1664 411 2369 789
1488 2493 2363 3263
417 1997 1155 2395
332 1292 933 1749
306 3133 470 3263
1096 3126 1299 3263
208 3100 450 3263
391 3094 548 3263
1769 3055 1991 3185
0 3055 391 3263
1867 3042 2023 3192
1292 3015 1475 3185
1161 3015 1383 3198
1370 3002 1612 3224
1051 2983 1214 3139
1547 2976 1932 3263
1893 2957 2069 3198
822 2957 1129 3224
1690 2944 1880 3074
1410 2918 1703 3120
548 2852 972 3263
1631 2820 2004 3061
1351 2820 1762 2976
1181 2813 1455 3087
306 2813 802 3237
1919 2754 2102 2904
554 2728 1148 3068
1116 2715 1364 2931
1429 2696 1893 2944
1279 2689 1488 2846
0 2689 195 2950
541 2676 770 2807
1488 2591 2056 2983
378 2585 672 2807
1383 2565 1579 2820
1782 2513 1971 2643
1919 2493 2363 3263
228 2487 476 2624
613 2467 1109 2748
176 2461 483 2702
2036 2448 2330 2865
137 2441 313 2630
926 2434 1501 2924
998 2434 1272 2611
750 2434 933 2611
228 2408 496 2578
1423 2395 1573 2578
352 2369 515 2500
0 2330 143 2493
1488 2323 1893 2656
2180 2297 2448 2924
1664 2284 1977 2578
1416 2278 1658 2487
1912 2265 2108 2513
143 2258 450 2454
2082 2252 2421 2604
443 2245 946 2617
45 2245 261 2467
2297 2232 2428 2454
0 2219 182 2363
1899 2180 2043 2369
1951 2154 2134 2284
1259 2154 1494 2317
143 2154 456 2323
2167 2102 2363 2232
1586 2082 1919 2343
868 2062 1501 2545
1188 2049 1566 2310
881 2030 1155 2291
2304 2023 2448 2219
97 2010 339 2265
0 2004 248 2252
417 1997 972 2395
1083 1977 1357 2108
1873 1938 2088 2206
195 1938 522 2102
1801 1919 2043 2088
248 1893 815 2239
2239 1886 2448 2088
1501 1886 1723 2082
711 1840 1057 2017
1690 1834 1886 2115
2010 1827 2376 2173
528 1827 744 2017
1240 1821 1429 1991
378 1814 620 2010
1377 1801 1671 2030
137 1782 548 1984
718 1762 913 1906
2186 1749 2421 1912
835 1736 1207 2023
1710 1723 2245 1977
1220 1723 1462 1873
1664 1677 1821 1827
2180 1651 2330 1821
868 1651 1031 1795
1207 1645 1527 1782
1390 1631 1762 1886
522 1618 953 1912
1742 1612 2128 1821
567 1612 757 1795
0 1605 470 1991
2304 1586 2448 1860
1925 1586 2141 1729
208 1547 509 1769
783 1540 979 1684
1344 1534 1527 1664
2232 1514 2448 1710
2160 1501 2356 1651
1468 1501 1762 1690
1651 1462 1853 1618
1756 1449 2245 1690
417 1442 561 1573
1168 1436 1410 1684
2239 1416 2448 1560
2154 1390 2337 1547
1481 1390 1677 1521
1331 1390 1566 1566
1618 1357 1886 1534
587 1318 933 1560
835 1312 1077 1488
2278 1305 2448 1481
1906 1305 2147 1501
1729 1299 2167 1521
332 1292 809 1749
2030 1246 2389 1442
1853 1246 2121 1377
1194 1227 2017 1475
0 1214 535 1795
2102 1148 2448 1331
829 1142 1344 1710
0 1083 306 1390
2226 1064 2448 1259
195 1044 985 1429
1573 1005 1782 1175
1064 998 1364 1279
0 998 228 1161
822 972 1142 1175
1521 946 1951 1253
1214 933 1540 1272
1638 894 1906 1057
1135 894 1325 1064
966 887 1155 1077
1521 874 1762 1011
1299 874 1729 1181
0 848 770 1109
1795 835 2036 1005
1051 796 1351 966
1749 763 2448 1259
221 763 561 926
150 763 391 940
881 744 1109 881
1899 718 2088 868
1645 678 1919 946
567 665 1064 1083
1292 646 1586 920
522 646 861 979
0 600 313 868
1501 580 1853 861
221 580 600 861
2154 548 2448 842
522 548 665 685
1664 483 1945 763
1821 411 2369 789
1867 398 2043 646
900 359 1716 848
1077 359 1514 522
1932 345 2199 574
0 313 652 672
411 306 1396 626
1214 280 1579 430
2206 228 2448 607
874 228 1083 463
2128 221 2317 378
1527 215 1938 548
1827 195 2186 398
744 195 946 430
1449 189 1710 339
900 176 1227 391
705 176 842 306
254 124 829 463
163 124 502 352
1775 104 1912 332
1651 97 1840 352
1292 91 1560 300
2167 78 2369 254
1103 52 1449 293
2258 45 2448 319
1906 45 2095 182
0 19 456 345
1521 13 1710 195
1932 0 2369 176
1573 0 1827 228
1344 0 1612 130
698 0 900 137
235 0 1246 235
0 1377 2448 3263
0 0 2448 2049
1416 2180 1658 2487
0 509 1148 2049
1168 1377 2448 3263
2278 2128 2448 2454
1808 0 1958 176
0 0 2448 1710
0 509 1148 1991
0 0 2239 868
2278 2206 2428 2454
1168 1390 2448 3263
1507 1834 1886 2252
1814 1547 2193 1690
1997 2271 2160 2474
0 1618 2056 3263
0 2049 2056 3263
894 176 1227 391
1664 1592 1906 1827
822 0 2448 1710
0 1618 1723 2578
0 1618 1723 2467
1501 0 2448 1710
1527 0 2448 1710
2258 0 2448 483
1501 554 1853 861
822 646 2356 1710
1168 1390 2448 2232
0 0 1716 868
228 2323 522 2578
1521 678 1925 1175
2258 0 2448 319
1481 1377 1697 1521
1279 1938 2448 3263
855 3002 1612 3263
0 580 1148 1991
1573 0 2239 352
1886 104 2239 287
1573 0 2036 352
417 1540 1148 1795
907 3002 1612 3263
1573 0 1912 352
1573 0 1912 332
1788 1938 2310 2434
1873 1938 2310 2297
1951 2154 2310 2297
1207 1390 2448 2232
1279 2082 2448 3263
0 1886 221 2030
0 2219 1272 3263
522 509 1018 750
522 509 913 691
417 1560 848 1795
1573 678 1925 1175
0 2245 1272 3263
1638 678 1925 1057
228 2369 515 2578
1762 1560 2141 1729
1279 2395 1762 2976
1279 2565 1762 2976
522 509 718 685
1645 678 1925 946
1181 1723 1521 1938
1769 2957 2180 3263
1827 0 2448 607
1507 1834 1886 2193
1181 1723 1462 1938
1194 1227 2356 1690
0 0 1710 463
1077 0 1710 398
0 3055 548 3263
1024 3002 1612 3263
1279 2565 1579 2846
0 0 1246 463
744 195 1083 463
2010 1586 2448 2232
0 1814 1449 2467
1024 3015 1553 3263
1488 2082 2448 3263
567 1560 848 1795
1194 1227 2356 1651
1194 1227 2017 1534
522 1618 1723 2082
0 580 1077 1991
1827 0 2369 398
822 646 2088 1710
822 796 1540 1710
0 306 1716 868
1919 2493 2448 3263
0 1814 1449 2395
1083 1977 1449 2108
822 2049 2056 3263
1096 3015 1553 3263
1096 3015 1383 3263
1906 1305 2356 1651
378 2245 1272 2807
2010 1586 2448 2173
2239 1834 2448 2219
1077 0 1560 398
1527 215 2448 1710
783 1540 1148 1749
0 1814 1155 2395
1122 1886 1723 2082
1207 1390 2245 2134
1240 1612 2245 2134
1390 1612 2245 2134
1207 646 2088 1253
1207 646 1742 920
1292 646 1742 920
1077 0 1560 300
0 1044 1077 1991
1207 1390 1853 1782
1207 1390 1762 1782
0 3055 450 3263
1299 718 2088 1253
2239 1886 2448 2219
822 2591 2056 3263
0 1214 933 1991
1488 2082 2448 2924
0 580 1064 1390
1390 1612 2245 2088
868 2049 1566 2931
1312 1886 1723 2082
822 2813 1703 3224
0 19 829 463
163 124 829 463
1331 1390 1762 1690
0 19 456 404
2030 1064 2448 1560
2030 1064 2448 1481
1906 0 2369 182
378 2434 1272 2807
613 2434 1272 2748
822 2957 1214 3224
1103 52 1560 300
2030 1064 2448 1442
822 796 1540 1272
1527 215 2448 1259
1527 215 2369 789
0 580 1064 1109
150 580 600 940
1827 78 2369 398
1240 1801 1671 2030
306 3094 548 3263
1429 2591 2056 3263
1299 835 2036 1253
0 646 1064 1109
1181 2813 1703 3120
1429 2591 2056 3074
1299 874 1951 1253
0 306 1716 848
221 580 600 926
0 2408 1148 3263
1429 2696 2004 3074
1932 326 2278 574
97 1814 1155 2395
97 1814 815 2265
0 665 1064 1109
822 887 1155 1175
1390 1612 2245 1977
1710 1612 2245 1977
2036 2252 2448 2924
1488 2082 2108 2656
868 2062 1501 2931
2010 1749 2421 2173
306 2728 1148 3263
248 1814 815 2239
1488 2265 2108 2656
1488 2284 1977 2656
2030 1148 2448 1442
0 306 1396 672
926 2434 1501 2931
2036 2297 2448 2924
0 1214 535 1991
1749 548 2448 1259
1527 215 1945 763
306 2813 972 3263
1703 1305 2245 1716
1912 2049 2448 2480
1416 1906 2167 2487
1801 1906 2167 2199
137 1853 1534 3263
137 1853 1507 2630
2232 1651 2448 2088
2232 1651 2448 2069
0 0 1677 809
0 0 443 130
313 1853 1507 2598
137 2154 522 2630
2075 2049 2448 2480
117 0 2448 1527
117 522 2448 1527
117 522 2448 1521
554 2382 1534 3263
1064 0 2448 985
0 150 2448 3263
835 1044 2448 3263
835 1396 1801 2069
1129 1044 2448 3263
835 1494 1801 2069
2232 1651 2448 1951
0 150 1782 3263
620 150 1599 522
1044 241 1599 522
1044 241 1599 470
1096 0 2448 985
874 1396 1566 1684
1658 84 2363 417
137 2408 489 2630
0 456 1782 3263
0 2317 1207 3263
0 2317 946 3263
1782 84 2363 417
1853 104 2363 417
1886 104 2363 378
620 150 1083 483
705 176 1083 483
1416 2108 1886 2487
1096 0 2448 815
1246 1044 2448 2323
0 456 1782 2467
1129 2108 2448 3263
1272 1044 2448 2323
1096 0 1906 352
2082 2049 2448 2480
2102 1044 2448 1331
2206 1044 2448 1259
2206 1096 2448 1259
1129 2134 2448 3263
1272 1214 2448 2323
1064 0 1390 189
1782 84 2232 332
221 2395 1207 2865
1788 665 2036 966
1782 84 2102 332
1207 456 1782 1018
1207 600 1729 1018
1129 2252 2448 3263
221 2395 1207 2807
1064 998 1442 1279
2082 2160 2448 2480
1129 2558 2180 3263
1272 1227 2448 2323
1142 1494 1801 2069
0 574 1651 2467
0 574 1651 1383
0 574 1651 1292
195 574 1651 1292
620 150 913 306
1442 2252 2448 3263
1703 2252 2167 2578
554 652 1651 1292
0 1279 1148 2467
776 1579 1148 1762
1292 861 1827 1194
2030 1227 2448 1775
1338 1331 1867 1579
2030 1227 2448 1697
1553 0 2448 815
0 1279 1057 2467
1494 2134 1964 2545
1181 2558 2180 3263
1494 2232 1756 2545
221 2395 1207 2767
332 2395 1207 2767
489 2395 1207 2617
195 574 861 1077
0 1279 966 2467
659 2395 1207 2611
1272 1553 2265 2323
1410 1553 2265 2291
1410 1553 2239 2291
1410 1553 2193 2291
1410 1579 2069 2291
1586 1579 2069 1932
221 2572 502 2702
1096 0 1756 352
1410 1853 2049 2291
0 1279 770 2467
1181 2558 1847 3263
1729 1579 2069 1932
1410 1853 2049 2278
744 2944 1129 3263
1455 1357 1867 1579
2030 1246 2448 1697
1181 2558 1703 3263
1181 2558 1703 3224
2030 1246 2448 1481
110 1573 1057 2102
1455 2696 2180 3263
0 3055 737 3263
1096 78 1756 352
1096 84 1756 352
1455 1853 2049 2108
1553 208 2448 815
1560 2820 2180 3263
1560 3015 2180 3263
0 1279 770 2023
554 672 1651 1292
0 3055 470 3263
1560 3048 1977 3263
1769 3042 2017 3185
1893 3015 2180 3263
1005 2983 1462 3263
1592 2944 1821 3120
783 2944 1129 3263
1625 2820 2004 3061
1912 2754 2069 2885
456 2715 620 2865
1455 2696 1906 2924
541 2676 783 2807
1860 2598 2010 2741
332 2585 646 2767
1286 2519 1416 2793
1749 2513 1938 2643
0 2448 946 3263
940 2434 1207 2598
137 2415 345 2630
228 2408 489 2624
1423 2395 1573 2585
659 2395 1018 2611
554 2382 1534 3068
1442 2323 1795 2643
0 2317 143 2480
1938 2278 2167 2519
1416 2265 1586 2487
1488 2252 2448 3263
1703 2252 1977 2578
1919 2232 2082 2389
1527 2232 1756 2408
2291 2219 2448 2480
2082 2160 2304 2337
1912 2154 2108 2369
1272 2154 1494 2323
176 2154 522 2448
1671 2134 1964 2382
2075 2108 2363 2271
1521 2108 1886 2389
176 2082 417 2258
2265 2049 2448 2310
1410 2043 1605 2278
2284 2030 2448 2219
1507 2010 1906 2219
110 1925 522 2102
1801 1919 2167 2199
1455 1912 1723 2108
2284 1899 2448 2088
0 1886 300 2467
1703 1853 2049 2049
1142 1814 1514 2069
1749 1795 1906 1932
2232 1756 2448 1951
1220 1723 1501 1880
2245 1703 2421 1860
1971 1703 2389 2128
835 1677 1233 2023
1723 1671 1873 1801
2304 1651 2448 1847
1586 1631 1821 1867
1729 1579 2069 1880
0 1579 548 2023
391 1573 1057 2017
1762 1553 2193 1742
1057 1547 1240 1684
1279 1527 1527 1671
1207 1494 1801 2030
2147 1410 2448 1697
1703 1396 2245 1716
1455 1370 1808 1579
2062 1357 2415 1540
1527 1357 1867 1527
587 1338 966 1618
2317 1305 2448 1481
1880 1305 2147 1501
1762 1299 1997 1481
0 1279 770 1827
2030 1246 2389 1403
1723 1233 2017 1383
1077 1181 1344 1383
2102 1161 2448 1331
0 1122 345 1383
2284 1096 2448 1259
1279 1051 1442 1227
1521 946 1827 1194
535 926 750 1077
1507 874 1729 1018
1292 861 1703 1188
1808 783 2036 966
750 757 1651 1292
456 737 620 874
0 731 594 1155
554 672 1109 1083
1788 665 1932 842
1148 652 1527 802
1560 613 1880 985
1207 600 1710 920
659 580 1051 770
195 574 861 998
1481 456 1782 659
1175 345 1514 522
1553 300 2023 600
1155 280 1599 470
744 280 959 483
1044 241 1194 411
1736 208 2448 815
1442 195 1756 352
705 176 1083 450
1658 130 1853 352
1886 117 2343 378
0 117 1677 809
2193 104 2363 345
1782 104 1912 332
1821 84 2102 287
1096 84 1560 300
1449 78 1703 293
0 19 502 430
1553 6 1756 163
2258 0 2448 352
1906 0 2356 182
1573 0 1906 130
1292 0 1631 137
71 0 1168 385
0 1096 2448 3263
0 0 2448 1527
1416 2199 1599 2487
0 0 2448 1521
2043 150 2232 287
0 522 2448 1521
0 0 2448 815
0 1096 2448 2598
0 1631 2448 3263
1410 1631 2448 3263
0 1279 1507 2598
587 1096 2448 2069
0 2317 2180 3263
1044 215 1370 411
1286 2519 1494 2793
1455 0 1912 332
1455 0 1821 235
0 2382 2180 3263
1703 2513 2010 2741
1749 2513 2010 2741
554 580 1051 770
1194 972 1442 1227
1762 1181 2173 1501
0 574 2036 1383
1455 0 1756 163
1853 1181 2173 1501
1880 1181 2173 1501
1912 1181 2173 1390
2036 1631 2448 2088
2226 1631 2448 2088
2278 1834 2448 2088
1449 0 2448 815
1449 78 1853 352
2036 1690 2265 1827
1148 456 1782 802
221 2382 1534 3068
332 2382 1534 3068
1507 613 2036 1194
2226 1631 2448 1951
0 1853 1507 2598
0 1279 1501 2102
1573 0 2108 287
1410 1703 2448 3263
1912 2049 2448 2474
1912 2108 2363 2474
1912 2108 2363 2369
2036 2160 2304 2474
835 1677 1501 2023
1521 613 2036 1194
1521 613 1880 1194
1853 0 2356 417
1886 0 2356 378
1410 1703 2389 2389
0 0 1756 809
0 2448 2180 3263
1573 0 2102 287
1586 1631 1906 1932
1455 1096 2448 1716
1703 1096 2448 1716
1521 2108 1964 2389
1410 1703 2389 2291
0 574 1710 1383
332 2585 783 2807
0 0 1756 522
0 0 1168 450
0 574 1109 1383
1096 0 1756 522
1410 2043 1638 2291
1096 0 1756 470
783 2558 2180 3263
2030 1096 2448 1481
2030 1161 2448 1481
1455 1703 2389 2199
750 600 1710 1292
587 1338 2193 2069
0 1279 1057 2102
1703 1357 2448 1716
1142 1494 2193 2069
783 2558 1703 3263
750 757 1703 1292
2062 1357 2448 1697
1096 0 1631 300
1703 1703 2389 2199
587 1338 1566 1684
0 0 1168 430
0 574 1109 1155
1442 2252 2167 2643
1729 1553 2193 1880
1625 2820 2180 3263
1703 1703 2389 2128
0 1886 522 2467
1005 2558 1703 3263
2030 1161 2448 1403
1442 2252 1977 2643
0 574 861 1155
613 345 926 522
705 176 1148 483
124 2754 476 3133
2245 2180 2448 2480
2212 45 2448 319
1729 2591 2219 3002
1729 2591 2049 2918
998 1534 2278 2585
554 652 861 796
998 1534 1573 2023
522 3081 789 3263
1272 1573 2278 2585
1272 1573 2278 2487
1390 881 2376 1547
0 411 1018 868
2088 2330 2448 2735
2088 2330 2448 2598
979 2820 1821 3263
0 0 894 293
0 0 894 169
0 0 868 169
398 19 868 169
1514 881 2376 1547
1618 881 2376 1547
1266 0 1964 339
339 881 1586 2036
0 1449 280 1710
1618 881 2376 1534
1292 287 2278 979
1605 287 2278 705
202 411 1018 672
339 907 1586 2036
339 907 1586 1684
0 1044 509 1351
202 1044 509 1272
1886 1259 2265 1547
1292 594 1906 979
0 0 483 130
1605 332 2278 705
1605 352 2147 705
293 1547 502 1684
1286 1573 2278 2487
1416 2075 1912 2487
509 2206 1031 2611
979 2885 1821 3263
2088 2330 2402 2585
2088 2330 2402 2506
2258 718 2448 894
391 1592 1175 2036
202 463 1018 672
1645 881 2376 1383
1266 0 1821 339
1266 0 1710 339
1266 58 1710 339
835 0 2448 3263
1782 0 2448 561
1821 0 2448 561
587 476 1018 665
1286 1573 2278 2278
1286 1703 2278 2278
1286 1729 2278 2278
835 398 2448 3263
1292 613 1742 920
1037 1057 1383 1279
711 1077 1586 1684
1540 594 1906 979
97 659 385 861
1286 1814 2232 2278
1860 0 2448 561
1860 0 2448 391
1207 2382 1429 2624
522 1592 1175 2036
0 19 456 293
0 19 365 293
705 1338 933 1573
1292 646 1677 920
0 535 261 868
1971 881 2376 1181
2036 2448 2448 3263
1605 352 2036 685
1037 1064 1383 1279
52 1540 280 1710
711 1077 1566 1501
202 463 685 672
1605 352 1945 685
1416 2075 1703 2487
0 1083 313 1351
835 2108 2434 3263
0 0 1899 3263
0 0 1899 1266
0 0 1899 724
