0 0 2448 3263
2167 189 2448 437
280 91 620 339
0 509 241 770
613 1122 829 1396
430 2963 855 3198
620 274 829 496
1246 763 1749 1064
2167 1122 2448 1286
646 0 1227 372
763 0 1227 372
763 182 1122 372
829 182 1122 313
652 2017 907 2337
1410 326 1821 509
1690 1057 2075 1305
1475 574 1664 757
124 1945 463 2147
1507 1521 1788 1716
0 874 385 1710
456 1690 659 1880
1240 352 1403 600
1312 1455 1586 1677
470 2963 855 3198
0 1312 2448 3263
2023 2904 2448 3263
0 874 385 1638
0 0 2448 1625
332 672 920 985
1031 2069 2023 3263
1867 2115 2448 2787
1932 156 2448 607
1932 156 2448 561
1259 2337 1455 2591
2199 1383 2448 1566
124 1951 300 2147
1716 1853 2278 2317
711 574 1018 835
757 652 1018 835
887 1246 1481 1481
1024 874 1253 1031
0 182 2448 1625
0 0 2448 1292
280 91 620 300
1259 0 1605 215
0 0 757 280
0 0 561 280
600 0 2448 1292
1932 156 2448 541
1867 2121 2448 2787
1716 1853 2180 2317
1436 2278 1853 2852
1436 2376 1853 2852
202 2376 411 2565
430 541 672 783
1534 2376 1769 2637
600 0 2448 1279
0 509 241 705
607 2526 1051 2852
1436 2428 1853 2852
104 2983 398 3224
130 3028 398 3224
2167 580 2448 868
2017 208 2448 541
1716 1853 2180 2297
319 1436 652 1592
1645 698 2023 1077
1396 150 1756 391
1951 2121 2448 2787
1951 2147 2448 2787
0 874 385 1521
802 2415 1064 2578
0 208 2448 1625
411 1325 855 1566
946 1769 1586 2180
2043 2147 2448 2787
600 0 1455 633
45 0 561 280
78 0 561 280
0 1736 855 3192
58 2337 705 2839
104 2983 313 3126
1188 2069 1638 2624
1253 2069 1638 2624
332 672 920 953
450 672 920 953
450 724 920 953
1031 2448 2023 3263
0 1684 306 1951
1436 1188 2448 1625
2128 1749 2448 2010
1338 737 1618 913
1716 1853 2147 2297
1742 2297 2448 3263
724 1351 855 1494
678 2526 1051 2852
450 724 789 953
0 1736 757 3192
789 2095 972 2382
2095 326 2448 541
2128 1769 2448 2010
1795 2297 2448 3263
1795 2343 2448 3263
1795 2480 2448 3263
1436 2428 1769 2852
1351 2069 1638 2624
0 208 1547 1547
2186 580 2448 822
1795 2558 2448 3263
946 1769 1442 2180
104 2676 398 2885
600 0 1455 548
1155 0 2448 1279
1540 0 2448 300
1540 0 1977 228
1155 169 2448 1279
1318 169 2448 1279
1318 430 1742 750
1932 26 2448 300
1932 26 2382 300
2043 2147 2448 2676
26 1259 385 1521
26 1259 385 1442
613 2898 1161 3263
613 3022 1161 3263
613 3022 1096 3263
0 3061 345 3263
0 208 1188 1547
0 874 319 1325
1370 169 2448 1279
1599 169 2186 776
835 594 1547 1357
19 1684 306 1925
887 1272 1220 1481
1370 594 2448 1279
1370 992 1762 1279
78 2337 705 2839
235 2337 705 2839
293 2337 705 2839
332 2337 705 2839
352 2337 705 2839
352 2337 646 2715
1664 594 2448 1233
2160 84 2382 300
600 0 1455 470
600 39 1194 470
711 235 1194 470
855 235 1194 404
1436 1188 2245 1625
985 594 1547 1331
1096 698 1547 1331
1096 894 1547 1331
1096 2448 2023 3263
1201 2532 2023 3263
1201 2630 2023 3263
2108 2147 2448 2656
946 1769 1429 2167
946 1769 1429 2128
946 1840 1220 2128
1005 1312 2448 2474
1814 1188 2245 1396
1318 430 1579 750
1932 26 2226 235
1664 626 2448 1233
1710 626 2448 1220
2180 2147 2448 2656
1201 2709 2023 3263
2115 1233 2448 1507
1716 1853 2102 2297
1436 1266 1893 1625
1547 1266 1893 1625
1005 1331 2448 2474
1749 1853 2102 2297
0 1338 1403 3263
0 1338 972 2102
2023 2904 2448 3166
1096 979 1547 1331
1096 979 1547 1188
1749 2030 2043 2297
1351 2069 1592 2624
2180 2232 2448 2656
2193 2323 2448 2656
2193 2421 2448 2656
1795 2624 2376 3263
1795 2624 2304 3263
0 208 1188 1390
0 208 1188 1253
1814 626 2448 1220
1886 900 2448 1220
561 1338 972 1834
137 2715 496 2983
620 1814 855 2102
1175 1044 1540 1331
124 1090 737 1547
1723 169 2160 476
1827 2030 2043 2252
254 1736 757 2376
332 1455 1403 3263
0 208 1188 1188
1005 1364 2448 2474
1403 1880 2448 2474
332 1631 1403 3263
2128 2904 2448 3166
1240 2709 1625 3087
652 1455 1142 1860
770 1455 1142 1808
1814 626 2434 1051
607 1338 972 1579
332 2735 1338 3263
398 2735 1338 3263
398 2735 1116 3146
398 2735 1057 3146
137 1090 737 1547
137 1331 378 1547
1005 1364 2448 2036
1351 2186 1592 2624
580 1631 1403 2950
208 1090 737 1475
1403 1880 1867 2310
398 2735 972 3146
398 2813 665 3146
561 2735 972 3028
1201 2826 2023 3263
0 1540 594 2102
0 2069 515 3192
0 2069 515 2461
580 1873 1403 2950
561 2735 881 3028
254 1736 587 2128
1077 2839 1338 3263
0 476 1070 1188
0 476 509 1018
0 1540 594 2095
1286 2826 2023 3263
1462 2826 2023 3263
0 2069 430 2461
1599 1945 2448 2474
1540 2826 2023 3263
430 1867 757 2376
580 1873 1403 2709
1599 2043 2382 2474
169 802 1070 1188
541 802 1070 1070
1403 1971 1808 2310
1481 2043 1808 2310
1795 2624 2304 3231
0 2350 274 3192
0 2585 274 3192
0 208 1188 776
0 208 691 561
580 1873 1403 2585
580 2121 1403 2585
1005 1364 1840 1951
1716 1370 2448 2036
1716 1370 2245 2036
1716 1377 2245 2036
580 2121 1299 2585
1077 1573 1840 1951
1416 3133 1566 3263
117 3133 345 3263
2310 3113 2448 3263
1201 3107 1344 3263
1540 3100 1867 3263
456 3100 685 3263
332 3081 470 3263
1840 3068 2102 3263
1651 3061 1893 3231
0 3061 195 3263
613 3048 1037 3263
221 3028 398 3198
966 3022 1096 3263
1462 3009 1716 3198
1286 2996 1475 3263
2128 2983 2389 3166
156 2983 313 3126
1984 2976 2304 3231
646 2970 855 3166
470 2963 698 3198
398 2944 541 3146
248 2937 437 3113
2023 2931 2193 3087
1122 2931 1338 3263
2245 2904 2448 3081
0 2859 163 3192
1377 2852 1625 3087
1272 2852 1442 3081
1077 2839 1292 3120
829 2839 1057 3139
2023 2833 2265 3068
1645 2826 2023 3166
430 2813 665 3028
137 2813 411 2983
913 2780 1116 2970
1573 2774 1736 2996
561 2774 783 3002
1514 2748 1658 2904
822 2748 972 2963
724 2735 881 3028
1710 2728 1899 2878
189 2728 398 2885
306 2715 496 2957
1240 2709 1540 2911
104 2676 359 2820
1631 2656 1801 2833
2128 2643 2258 2787
1259 2630 1455 2780
548 2630 705 2839
1795 2624 2160 3009
365 2604 626 2924
796 2591 1051 2780
0 2585 274 2891
2154 2558 2448 2931
1723 2558 1886 2748
953 2545 1272 2950
1325 2532 1455 2696
607 2532 744 2715
678 2526 861 2852
78 2526 287 2709
235 2519 385 2689
332 2506 554 2767
2271 2500 2448 2656
1814 2480 2134 2728
293 2467 456 2637
1436 2461 1769 2852
783 2461 1077 2709
1096 2448 1299 2748
483 2434 646 2715
1305 2428 1449 2558
2193 2421 2448 2552
887 2421 1064 2578
2108 2402 2297 2598
1259 2389 1390 2591
1534 2376 1710 2513
0 2350 274 2637
1423 2337 1592 2624
352 2337 580 2558
2226 2323 2363 2454
1742 2323 1906 2532
940 2310 1194 2506
1873 2297 2056 2461
84 2284 430 2461
1488 2278 1742 2415
1253 2245 1416 2389
580 2245 1018 2585
437 2245 626 2376
2180 2232 2310 2395
1599 2232 1912 2402
182 2219 319 2363
1351 2186 1527 2376
2232 2147 2448 2480
1749 2147 1925 2297
1161 2134 1403 2369
881 2121 1299 2448
430 2121 757 2376
1579 2115 1808 2310
1827 2108 1977 2252
815 2095 972 2310
287 2082 515 2343
1390 2069 1527 2291
0 2069 313 2310
1893 2043 2382 2474
1481 2043 1684 2245
1873 2030 2043 2206
1742 2017 1899 2186
652 2017 907 2323
1991 2004 2278 2212
1403 1971 1664 2121
1129 1971 1442 2180
992 1951 1181 2128
254 1951 385 2082
2291 1945 2448 2160
274 1945 463 2147
1161 1919 1396 2095
1638 1880 1867 2154
829 1873 1031 2212
0 1873 182 2102
691 1867 855 2102
496 1867 705 2199
1795 1853 2102 2088
1286 1853 1468 2004
946 1840 1220 2010
2212 1801 2448 2010
1155 1769 1429 1971
124 1749 352 2095
293 1736 587 2128
652 1703 874 1860
104 1684 306 1925
1716 1671 2245 2036
842 1631 1103 1919
2173 1625 2448 1867
1782 1612 1951 1742
1077 1579 1553 1925
1449 1573 1840 1951
770 1547 1018 1808
561 1540 848 1834
0 1540 594 1827
1507 1521 1710 1716
2160 1475 2448 1710
182 1475 372 1612
1312 1468 1494 1677
319 1462 580 1592
1429 1455 1586 1592
913 1455 1142 1697
0 1449 143 1638
607 1436 815 1579
2199 1410 2389 1566
78 1396 215 1592
1945 1377 2245 1867
1736 1370 2062 1664
1005 1364 1416 1873
137 1351 300 1527
809 1338 972 1573
1305 1331 1494 1527
1011 1331 1155 1468
1547 1325 1749 1566
411 1325 744 1566
1873 1312 2062 1468
1436 1312 1638 1462
26 1286 241 1442
2115 1272 2323 1507
1651 1266 1893 1625
156 1259 385 1403
1155 1246 1481 1449
2278 1233 2448 1442
1442 1214 1736 1364
1919 1188 2245 1383
744 1155 946 1390
208 1155 737 1475
2167 1142 2402 1286
1690 1142 2075 1305
1338 1122 1540 1331
652 1122 829 1331
332 1090 528 1233
0 1057 274 1325
1370 1044 1638 1279
1175 1044 1475 1272
789 1031 933 1168
411 1018 685 1194
1710 1005 1925 1168
835 998 1253 1357
496 998 900 1253
1592 992 1762 1201
1096 979 1383 1188
1886 966 2271 1188
0 926 143 1175
2186 900 2448 1220
169 881 554 1188
1090 874 1253 1005
65 874 319 1083
724 855 881 985
541 822 874 1070
829 802 1070 1057
1710 783 2023 1077
763 783 920 913
972 776 1135 972
1938 770 2434 1051
1631 770 1795 933
1338 757 1481 913
332 757 515 907
450 724 691 953
0 718 156 855
1103 698 1383 926
874 652 1018 835
0 633 156 770
1814 626 2258 881
0 613 391 1018
985 594 1344 815
1514 587 1664 757
430 587 672 783
711 574 972 731
1220 554 1429 718
2134 528 2291 705
1338 528 1560 750
1853 522 2154 672
0 509 143 705
208 476 509 796
1521 470 1742 620
2121 430 2343 561
1318 430 1579 594
1599 424 2186 776
1077 424 1299 633
1240 417 1377 600
2317 391 2448 541
359 372 1188 776
1951 339 2160 476
2095 326 2363 496
1455 326 1821 502
1122 326 1357 548
711 313 881 470
0 300 378 561
855 274 1083 404
620 274 776 496
2291 241 2448 437
1155 241 1605 476
1018 235 1194 404
763 228 946 372
0 215 267 345
2017 208 2206 359
97 208 691 443
2167 189 2343 391
1664 189 1919 326
1723 169 2141 430
1396 150 1756 313
78 137 306 280
2160 124 2323 300
900 110 1116 248
280 91 515 267
45 71 274 221
600 39 985 319
1370 26 1605 215
1605 0 1977 228
1540 0 1749 176
1096 0 1455 300
802 0 1227 235
476 0 757 228
248 0 561 176
176 0 541 163
0 0 215 261
0 0 2448 1677
0 1188 2448 3263
0 0 2448 1592
613 1286 855 1494
0 1331 1494 3263
1481 2337 1769 2637
215 182 522 339
646 0 913 137
1259 0 1553 182
182 2206 345 2363
0 509 2141 1592
0 0 2448 1286
0 509 156 855
0 509 156 770
829 110 1122 313
548 1188 2448 3263
946 1188 2448 2480
548 2245 2448 3263
829 110 1116 313
1259 0 1553 150
2030 1932 2180 2082
0 535 2141 1592
1220 554 1494 913
1220 554 1494 763
652 672 894 868
1188 2245 1449 2591
1253 2245 1449 2591
1253 2245 1416 2591
1455 0 2448 1286
2121 430 2448 705
2121 430 2448 633
548 2297 2448 3263
1377 2950 1553 3126
1521 470 1756 620
0 0 1919 861
45 71 306 280
1631 698 1938 933
1024 874 1299 1031
1736 352 1984 496
0 1331 1494 2461
822 2709 1031 2963
0 1867 1018 3263
633 235 1194 496
0 1396 215 1710
0 1396 215 1638
39 1396 215 1592
1338 2049 1527 2291
195 1945 463 2147
966 2898 1161 3263
985 2898 1161 3263
1605 2402 2448 3263
2023 2833 2265 3087
548 2297 2056 3263
1233 2526 1501 2696
1325 2526 1501 2696
1455 0 2448 1220
946 1769 1645 2252
802 2415 1116 2578
567 1775 907 2323
567 1775 894 2102
620 1801 894 2102
1932 156 2206 359
0 535 1135 1592
1599 0 2448 1220
2160 0 2448 300
319 1325 744 1592
946 1769 1586 2252
1723 2297 2056 2748
1723 2506 1886 2748
1742 2297 2056 2532
0 0 541 345
0 0 326 345
0 535 1135 1579
541 652 1135 1070
724 652 1135 985
195 1951 385 2121
1077 1188 2448 2480
1749 2108 2180 2317
0 535 979 1579
607 1122 979 1579
607 1155 979 1579
607 1272 979 1579
1090 874 1299 1005
548 2310 1899 3263
378 2245 626 2382
548 2532 744 2839
0 535 737 1547
2160 97 2448 300
45 2728 411 3126
0 1540 874 2461
763 652 1135 972
1645 2402 2448 3263
1749 2108 2088 2317
1749 2108 1977 2297
2095 241 2448 496
1122 1893 1586 2252
0 613 737 1547
496 698 2141 1566
1592 992 2141 1468
1664 1142 2141 1468
1690 1142 2141 1468
1788 522 2154 678
0 0 326 261
1742 2323 1964 2532
280 0 1919 372
280 0 757 267
691 1331 1494 2448
600 0 1919 372
802 0 1919 326
1814 1279 2141 1468
1873 1292 2141 1468
0 208 1664 861
613 2310 1899 3263
691 1364 1416 2448
0 926 443 1442
124 1246 443 1403
1272 2337 1899 3087
1631 2656 1899 2878
2186 522 2448 822
1534 2376 1710 2630
2043 2402 2297 2676
2043 2532 2278 2676
763 652 1018 913
600 39 985 372
1122 1971 1442 2252
1919 1188 2448 2480
2180 2147 2448 2480
0 208 1605 815
0 2337 580 3263
248 2937 541 3263
1272 2337 1769 3087
1272 2461 1769 3087
1272 2748 1658 3087
1272 2852 1625 3087
1077 417 1664 861
496 698 2023 1566
966 1044 1749 1566
966 1214 1749 1566
2180 2232 2363 2454
0 2337 580 3224
104 3009 398 3224
1077 417 1579 750
1077 417 1377 633
248 2937 470 3263
613 2310 1893 3263
1077 2839 1893 3263
1096 0 1919 326
1096 0 1756 313
1370 0 1756 313
1436 587 1664 861
966 1214 1736 1462
104 3009 254 3224
0 2337 580 3192
235 2337 580 2689
235 2467 456 2689
2128 1749 2389 1893
496 698 2023 1357
1919 1188 2448 2160
2115 1233 2448 2160
2115 1233 2448 1566
0 926 274 1442
1096 698 2023 1279
1077 1266 2382 2474
1351 1853 2382 2474
1403 1880 2043 2206
1742 2017 2043 2206
2160 1475 2448 2160
1645 2421 2448 3263
1077 2839 1867 3263
306 1867 1018 3263
430 2774 783 3263
456 2774 783 3263
0 241 1605 815
946 241 1605 548
137 2728 411 3126
1370 0 1749 215
137 2728 411 2983
2160 1475 2448 2010
1351 2043 1742 2415
1351 2043 1684 2376
0 300 1344 815
613 2310 1540 3263
796 2310 1540 2970
796 2545 1272 2970
913 2545 1272 2970
1077 1266 2245 2036
966 1214 1736 1449
1155 1214 1736 1449
1077 2839 1716 3263
1286 2996 1716 3263
1599 0 2434 1188
1403 1880 1867 2154
0 1057 274 1442
496 802 1253 1357
1579 1853 2382 2474
1984 2421 2448 3263
0 2350 359 3192
2128 2421 2448 3263
2154 2421 2448 2931
2154 2500 2448 2931
1103 698 2023 1279
0 1540 594 2461
1579 2004 2382 2474
1893 2004 2382 2474
470 2774 783 3198
2128 2904 2448 3263
940 2310 1540 2911
1096 2448 1540 2911
2160 1475 2448 1867
306 1867 1018 2957
946 326 1357 548
1246 763 2023 1279
1246 763 2023 1077
1645 2480 2160 3166
0 613 737 1475
946 1769 1429 2010
613 2461 1077 3263
678 2461 1077 2852
1605 0 2226 476
1605 0 2226 235
613 2735 1057 3263
1599 424 2434 1188
1651 1266 2062 1664
0 2350 274 2891
0 613 554 1188
0 1736 587 2461
1077 1377 2245 2036
1579 2115 1912 2402
430 1867 1018 2715
306 2604 626 2957
483 2245 1018 2715
829 1364 1416 2448
84 2082 515 2461
561 1540 874 1860
842 1364 1416 1919
829 802 1253 1357
1077 1573 2245 2036
724 2735 1057 3139
829 1873 1403 2448
881 2121 1403 2448
1814 626 2434 1188
104 1684 352 2095
1240 2630 1540 2911
1645 2624 2160 3166
0 300 1188 796
0 300 509 796
1449 1573 2245 2036
0 515 143 763
1455 274 1821 528
248 1938 470 2147
1455 274 1821 502
0 3042 398 3263
1919 150 2160 287
0 0 2448 1638
554 2970 861 3166
202 2376 411 2545
580 2128 770 2500
0 0 2448 1481
1083 221 1396 443
1175 2663 1742 3263
0 137 1410 1638
2154 0 2448 130
2036 979 2376 1292
946 1840 1436 2363
1096 1919 1436 2363
1096 1997 1436 2363
1175 2722 1742 3263
1259 0 1547 137
1553 1305 1906 1553
1566 1475 1860 1716
2088 1749 2343 1899
1312 1455 1586 1671
2232 2115 2448 2558
1945 293 2448 607
0 137 1410 1586
332 548 1214 953
1083 235 1396 443
1945 293 2448 541
0 182 1410 1586
332 587 1214 953
1175 2748 1742 3263
332 600 1214 953
332 600 920 953
953 1977 2448 3263
0 0 1612 463
0 195 1410 1586
953 0 2448 1481
332 659 920 953
332 718 920 953
2017 430 2350 607
607 894 1410 1586
953 345 2448 1481
0 1331 1338 3263
332 718 776 953
613 1116 829 1396
1175 2774 1742 3263
953 600 2448 1481
802 0 1227 208
182 1814 907 2552
1201 345 2343 926
1201 345 2147 926
842 639 1214 835
176 1272 443 1534
0 926 385 1638
0 2820 437 3211
0 2820 313 3211
1357 0 2141 430
607 979 1410 1586
1266 2774 1742 3263
0 0 1148 339
0 0 1024 339
195 2219 626 2552
0 195 1370 1494
809 1188 2448 2415
0 0 913 254
0 926 385 1521
1155 600 2448 1442
182 1814 907 2363
306 2709 1338 3263
0 1331 1299 2983
953 2304 2265 3263
0 195 1370 1129
306 2780 1338 3263
1795 1932 2180 2284
306 2780 1129 3263
0 1331 1044 1906
953 2304 1756 2950
1207 600 2448 1403
613 2780 1129 3263
137 1873 1299 2983
137 2004 1299 2983
0 626 835 1494
0 626 554 1168
137 2421 1116 2983
1834 3133 1964 3263
2206 3120 2376 3263
1175 3100 1364 3263
2297 3074 2448 3263
0 3061 150 3263
221 3042 398 3172
646 2970 861 3166
306 2931 724 3263
58 2931 313 3211
985 2911 1122 3133
430 2898 639 3028
1266 2859 1592 3263
0 2820 313 3192
639 2793 881 3002
1586 2774 1742 2989
1521 2748 1658 2918
2115 2558 2310 2793
953 2545 1259 2950
1462 2474 2265 3263
78 2467 470 2820
137 2434 646 2983
541 2421 1116 2983
920 2310 1096 2474
1096 2304 1756 2911
195 2284 417 2461
1481 2219 1703 2428
352 2219 626 2552
182 2206 332 2363
2232 2115 2448 2480
1795 2115 1958 2284
1175 2108 1403 2363
0 2095 137 2232
607 2004 1299 2617
1096 1997 1436 2252
287 1997 548 2180
274 1984 470 2147
1723 1977 2448 3139
1867 1932 2180 2219
809 1873 1122 2317
946 1840 1246 2043
287 1814 907 2337
1188 1769 1671 2121
2128 1762 2343 1899
0 1684 659 2891
652 1534 1044 1906
1631 1475 1860 1716
1312 1475 1514 1671
1436 1455 1586 1592
71 1396 235 1560
1553 1364 1853 1553
0 1331 848 1853
176 1331 345 1534
1547 1325 1742 1468
953 1292 1214 1481
809 1279 1840 2102
1331 1188 2448 2415
1873 1188 2323 1507
652 1116 829 1331
0 1037 385 1521
2036 998 2376 1292
1155 998 1671 1442
607 998 1279 1586
770 998 913 1161
1161 979 1410 1142
1507 972 2075 1403
0 926 143 1109
78 874 254 1024
202 868 554 1168
261 822 835 1494
332 718 691 953
0 718 163 855
796 711 1370 1129
992 685 1214 822
1521 678 1886 926
842 639 1011 835
0 626 496 992
1207 600 2448 1286
515 548 705 685
2102 535 2343 757
0 515 143 705
2017 430 2350 567
1201 345 2147 776
1945 313 2448 541
633 274 1148 496
1083 235 1279 378
0 202 267 345
0 195 1357 789
1357 156 1756 319
97 137 306 280
900 124 1148 293
659 58 1024 339
815 45 985 195
1912 0 2448 391
1370 0 2141 430
1090 0 1612 463
802 0 1135 208
248 0 913 228
0 0 541 254
0 1514 2448 3263
0 1534 2448 3263
0 0 2448 2428
0 0 2448 789
0 535 2448 2428
0 535 1860 2121
861 600 2448 2428
953 600 2448 2428
71 1396 235 1592
822 1840 2448 3263
0 1534 1338 3263
0 535 1214 1853
515 659 894 874
515 659 776 874
633 221 1396 496
274 1958 587 2180
287 1958 587 2180
287 1997 587 2180
124 1090 365 1325
0 137 404 345
822 1977 2448 3263
0 1997 137 2232
613 998 913 1396
0 182 404 345
195 2284 417 2545
953 600 2448 1507
724 639 1214 946
483 2128 815 2500
0 535 848 1853
946 1840 1396 2095
580 2128 815 2500
633 221 1318 496
633 235 1279 496
195 2284 417 2532
685 2128 815 2343
117 2898 639 3263
117 2937 437 3263
822 1997 1756 3133
1155 600 2448 1507
0 548 848 1853
0 626 848 1853
117 3042 398 3263
1266 1977 2448 3263
900 0 2448 776
2017 430 2350 757
731 639 1214 913
0 1684 659 3263
1331 1188 2448 2428
1521 2748 1742 3087
78 1534 1338 3263
