0 0 2448 3263
1357 620 1906 1860
1416 620 1906 1605
1416 620 1906 1553
1527 972 1906 1553
1416 620 1788 1253
1416 620 1762 1253
1416 620 1756 1253
0 2989 130 3263
1964 372 2147 607
2023 1991 2271 2193
1181 1344 1364 1697
1886 789 2108 998
0 0 1899 1090
1723 1338 1873 1534
587 2239 1188 3263
261 946 411 1090
2252 2676 2448 2957
1416 620 1756 1155
541 456 1729 2258
574 456 1729 2258
574 691 1592 2258
574 691 1592 1795
894 456 1729 1240
894 456 1729 1109
848 1684 1468 2258
848 1729 1468 2258
620 2467 822 2813
0 489 926 2193
0 489 835 2193
0 0 1899 992
0 0 1795 992
802 0 2186 476
894 456 1729 1077
894 456 1729 1024
1070 456 1729 1024
1161 456 1729 1024
1161 456 1612 1024
0 489 705 2193
1364 0 2448 3198
1364 1318 2448 3198
894 496 1148 815
0 1364 2448 3263
763 1364 946 1775
894 567 1148 815
1612 0 2448 1808
2004 900 2278 1279
0 1462 2448 3263
104 1899 835 2337
541 1860 998 2095
1161 456 1612 920
1161 554 1612 920
1566 1455 2154 2421
0 2441 776 3263
1364 1318 2448 2793
32 2904 365 3263
1664 1827 1899 1991
802 0 1527 476
802 0 1527 345
1410 0 2186 378
32 2970 365 3263
1612 0 2448 1788
1044 1971 1246 2167
607 2239 1188 3015
607 2239 1181 3015
1684 0 2448 1788
1201 456 1390 691
574 691 1547 1795
359 1462 894 1951
0 1723 2448 3263
1357 2519 2448 3263
1723 2519 2448 3263
1756 2519 2448 3263
607 2239 985 3015
0 1723 1729 3263
1860 2519 2448 3263
1357 2820 1808 3185
1684 0 2448 1775
0 489 705 1808
1860 2519 2448 3218
1860 2526 2448 3218
1860 2526 2448 3113
1364 1318 2448 2683
607 2415 926 3015
1703 2754 2056 3198
1684 182 2448 1775
1873 0 2448 855
0 744 705 1808
1605 2826 1808 3120
1651 2924 1808 3120
104 1991 835 2337
802 0 1527 313
1481 2656 1840 2976
0 489 228 757
1566 1455 2154 2252
1566 1677 2102 2252
1684 1677 2102 2252
1423 2820 1703 3009
1161 580 1612 920
359 1462 822 1932
359 1462 789 1853
0 2245 182 2421
104 1991 672 2337
1161 613 1586 920
1161 613 1488 868
32 2970 326 3263
842 2095 1729 3263
842 2095 1729 3100
1873 0 2448 594
1011 0 1527 313
887 2095 1729 2650
0 1723 1142 2767
802 1997 1142 2356
0 1723 972 2767
248 1723 972 2036
0 1893 398 2356
1684 182 2448 1396
1912 182 2297 522
1684 443 2448 1396
1018 2839 1651 3263
2056 0 2448 594
2265 1083 2448 1775
1527 1756 1690 2154
887 2095 1729 2585
887 2154 1729 2585
463 1723 972 2036
1018 2839 1449 3263
1018 2839 1383 3263
1821 443 2448 1396
1912 182 2141 450
1357 2918 1808 3185
0 1938 972 2767
378 1938 972 2669
463 1938 972 2304
2297 1299 2448 1775
887 2154 1612 2585
463 1795 972 2036
842 2395 1631 3100
887 2154 1501 2526
1018 2924 1383 3263
1853 1677 2102 2088
378 2245 776 2669
535 2245 776 2669
1011 0 1494 313
1736 1318 2448 2683
2141 0 2448 594
2147 267 2448 594
2141 0 2421 385
900 2395 1631 3100
1370 3120 1651 3263
1977 3107 2154 3263
2245 3100 2448 3237
1155 3094 1383 3263
0 3087 130 3263
1756 3074 2134 3263
2095 3061 2448 3263
1723 3035 1951 3263
32 3022 202 3263
1357 3002 1592 3153
541 2996 783 3263
45 2970 326 3263
1814 2950 2056 3198
1201 2924 1449 3231
1018 2924 1227 3263
1566 2918 1808 3185
587 2911 1175 3263
1279 2859 1631 3100
1253 2859 1403 2996
1605 2826 1801 2976
1560 2820 1703 3009
1703 2754 1984 3002
2278 2696 2448 3218
1938 2696 2069 2872
1057 2689 1188 2898
2265 2683 2448 2957
1481 2656 1840 2878
607 2624 894 3015
783 2611 1181 2950
620 2572 763 2813
2121 2519 2297 2735
58 2500 261 2709
646 2467 822 2715
1396 2441 2004 2793
842 2428 1233 2637
1494 2421 1625 2650
763 2415 926 2650
900 2395 1579 2918
1370 2376 1612 2585
411 2369 626 2545
639 2363 802 2506
1586 2297 1729 2539
0 2271 411 2767
691 2252 868 2402
535 2245 776 2421
378 2245 574 2461
26 2245 182 2402
809 2239 985 2474
1142 2206 1501 2448
1853 2167 1984 2304
887 2154 1299 2526
1736 2121 2448 2683
802 2108 1018 2356
541 2108 835 2271
940 2102 1090 2428
1344 2095 1514 2245
1566 2075 1782 2232
0 2075 332 2356
104 2062 580 2337
1044 2030 1246 2167
731 2030 972 2304
2115 2004 2271 2193
946 1997 1142 2219
2023 1991 2173 2173
385 1991 672 2134
1684 1964 1893 2252
2232 1958 2448 2212
835 1951 998 2095
463 1938 829 2134
332 1899 515 2056
124 1893 398 2088
541 1860 861 2069
2278 1840 2448 2134
1697 1827 1899 1958
463 1801 874 2036
829 1795 972 2017
1527 1756 1690 1906
848 1736 979 1925
959 1729 1468 2258
248 1729 607 1971
920 1684 1116 1880
1932 1677 2102 1984
0 1664 378 2193
378 1645 822 1932
359 1501 613 1710
0 1501 130 1684
580 1462 789 1853
1814 1455 2004 1645
776 1364 946 1703
1364 1351 2265 2500
1181 1344 1364 1638
1769 1318 2448 2271
1253 1312 1592 1599
0 1253 156 1396
137 1240 515 1462
1455 1220 1664 1605
39 1181 705 1808
1782 1122 2049 1423
515 1109 881 1246
1977 1090 2408 1396
2265 1083 2448 1403
1462 1018 1677 1253
1305 998 1534 1240
1507 966 1658 1148
1853 953 2069 1142
1416 953 1553 1155
2004 900 2258 1279
1991 887 2154 1044
1161 855 1370 1135
1945 848 2108 998
1684 842 1971 1057
1312 842 1481 1024
352 809 835 1227
1886 789 2082 926
933 783 1129 913
1971 744 2232 940
0 744 509 1468
1161 705 1423 868
913 659 1148 815
1488 620 1756 1116
1338 613 1488 855
1416 580 1612 822
894 567 1031 724
65 554 293 809
32 541 228 718
926 509 1383 881
365 509 613 659
0 489 195 757
1808 476 1945 685
1964 463 2147 607
1259 463 1390 691
1201 456 1344 652
1821 443 2448 1175
2193 378 2389 594
1579 372 1899 861
1906 352 2036 522
1116 293 1305 476
2075 280 2297 522
2147 267 2448 535
1788 254 1964 541
1612 254 1808 417
2252 143 2448 411
2141 124 2421 385
2095 124 2252 319
1873 71 2121 235
1207 71 1795 691
1410 52 1664 215
1155 52 1403 345
2154 0 2421 261
1494 0 2186 378
1018 0 1259 130
802 0 1044 137
0 0 1416 992
0 0 169 241
0 71 2448 3263
1357 71 2448 3263
0 456 1840 3263
0 0 2448 1024
1507 959 1788 1168
1638 959 1788 1168
0 489 972 3263
933 783 1325 926
352 456 1840 3263
541 1684 1840 3263
1716 2924 1971 3113
352 456 1756 1951
1853 2167 2082 2304
0 2904 300 3263
1305 607 1756 1253
1416 607 1756 1253
1416 607 1756 1155
1756 3009 2448 3263
352 456 1664 1951
894 456 1442 815
1070 456 1442 757
352 691 1664 1951
1716 2924 1867 3087
1201 456 1442 757
1527 71 2448 1808
0 1462 972 3263
0 489 705 2421
0 489 705 2402
1357 1318 2448 3263
1527 182 2448 1808
541 1860 1142 2428
1410 0 1664 280
1945 848 2154 1044
580 1684 1840 3263
1259 463 1442 757
724 1364 979 1951
724 1364 979 1925
1488 607 1756 1116
1364 1318 2448 3218
1370 2376 1625 2650
763 1364 979 1925
1410 0 1664 215
763 1625 979 1925
763 1625 933 1795
580 2252 868 2715
587 1684 1840 3263
1566 1677 2102 2421
607 1684 1579 3015
1318 2095 1514 2278
1357 2826 2056 3263
1566 1964 1893 2252
1357 2918 2056 3263
1357 2918 1951 3263
541 1860 1142 2356
802 0 2448 1024
2056 39 2448 855
2056 39 2252 319
32 2904 300 3263
580 2252 868 2669
639 2252 868 2506
2023 1840 2448 2212
2115 1840 2448 2212
2232 1840 2448 2212
2147 143 2448 855
802 0 2421 1024
0 2075 332 2402
2199 1083 2448 1808
2265 1083 2448 1788
359 1462 815 1853
2147 143 2448 594
2147 143 2448 535
926 509 1612 1024
0 1729 972 3263
1756 3061 2448 3263
1977 3061 2448 3263
587 2656 1840 3263
1481 2656 1840 3009
541 1860 1142 2304
352 691 1664 1795
1188 1220 1664 1697
1253 1220 1664 1605
1527 182 2448 1553
1847 182 2297 580
1906 182 2297 522
352 691 1547 1795
802 0 2421 691
926 509 1481 1024
1161 705 1481 1024
1906 352 2134 522
0 489 293 809
32 541 293 809
731 1997 1142 2304
0 2062 776 3263
587 2859 1742 3263
587 2911 1742 3263
1155 2924 1742 3263
607 2154 1579 3015
763 2239 985 2650
248 1729 972 2343
1886 744 2232 940
1338 580 1612 855
248 1729 972 2134
1396 2297 2448 3218
580 1462 815 1853
0 1253 156 1455
1527 254 2448 1553
0 744 705 2193
1527 254 2049 1553
1396 2441 2448 3218
248 1729 874 2134
248 1729 829 2134
1579 254 1971 1057
1579 254 1964 861
1201 2924 1742 3263
607 2611 1181 3015
1201 2924 1651 3263
0 1664 398 2193
1011 0 2421 691
104 2062 776 2461
378 2245 776 2461
587 2911 1227 3263
1011 0 1795 691
0 2271 776 3263
528 2108 835 2343
842 2154 1579 2918
887 2154 1579 2918
920 1684 1468 2258
1853 900 2408 1396
332 1899 829 2134
1977 900 2408 1396
1494 0 2421 385
1527 972 2049 1553
1396 2441 2448 3113
1396 2441 2004 3002
1383 607 1775 1292
1488 607 1775 1148
1383 1018 1677 1292
1011 372 2448 2683
541 2428 1161 3263
1018 143 1357 430
0 0 2448 2284
0 0 2402 2284
0 0 1808 2284
1527 1860 2082 2421
678 456 1638 1233
678 456 1612 1233
1410 0 2448 678
1527 1860 2004 2421
0 535 313 802
156 554 313 783
1357 652 2402 1814
1357 744 2402 1814
1403 744 2402 1579
1403 972 2056 1579
1390 3107 1736 3263
1390 3107 1723 3263
1612 0 2448 678
1853 744 2402 1259
1853 789 2402 1259
2088 1096 2402 1259
665 2317 966 2617
665 2317 966 2545
678 456 1612 1051
509 933 946 1227
509 953 946 1227
1658 652 1821 1194
0 1292 195 1684
0 535 261 802
678 456 1612 933
665 2317 868 2500
1312 848 1521 1051
65 2480 372 2709
2297 1299 2448 1795
0 1318 195 1684
0 1912 2448 3263
998 2813 2069 3263
1710 0 2448 678
913 456 1612 926
1031 548 1612 926
261 1364 1051 2337
0 1912 2004 3263
0 1912 1325 3263
1494 2297 1729 2656
261 1364 1051 2323
0 1938 1325 3263
0 2036 887 3263
1710 221 2160 678
1710 221 2134 678
1788 254 2134 678
1788 254 2043 678
998 2839 1631 3263
998 2839 1468 3263
1168 2839 1468 3263
261 1501 1051 2323
1194 548 1612 894
587 2219 2004 3263
261 1501 1051 2304
378 1938 1325 2696
378 1938 1142 2696
378 2232 992 2696
378 2232 992 2487
1429 2813 2069 3198
1560 2813 2069 3198
352 1501 1051 2304
352 1501 894 2069
1560 2813 1951 3185
52 2970 450 3263
2297 1299 2448 1723
463 1801 894 2069
1527 1860 2004 2252
718 1873 1051 2304
1729 3107 1991 3263
1390 3107 1651 3263
1893 3009 2069 3198
52 2970 306 3263
541 2963 861 3263
1560 2918 1951 3185
1168 2918 1468 3263
156 2904 306 3100
998 2891 1259 3263
1299 2859 1631 3126
1207 2839 1403 2996
1560 2813 1801 3009
587 2813 1181 3263
1697 2715 1991 3074
2252 2669 2448 2859
620 2572 770 2839
65 2500 261 2709
241 2480 372 2611
594 2428 1161 2983
1586 2408 1827 2598
1494 2382 1664 2656
809 2382 966 2545
665 2369 842 2500
483 2369 633 2552
541 2350 705 2696
0 2271 887 3263
378 2245 868 2487
822 2232 992 2415
887 2219 2004 2957
0 2212 189 2382
1795 2186 1984 2421
1762 2134 2448 3263
835 2108 1024 2323
1318 2095 1514 2310
1573 2075 1756 2239
0 2036 835 2793
2023 2023 2160 2160
1051 2023 1246 2186
718 2023 966 2304
2232 1958 2428 2212
365 1958 711 2154
946 1938 1142 2428
182 1912 398 2088
1527 1873 1671 2154
829 1873 1051 2095
1651 1860 2004 2252
261 1860 770 2102
2304 1847 2448 2186
672 1840 894 2069
463 1801 763 1997
913 1684 1116 1893
835 1664 979 1925
352 1501 894 1945
2023 1462 2154 1742
0 1462 137 1684
1357 1423 1527 1814
594 1364 946 1775
1181 1344 1364 1625
0 1318 195 1507
1886 1312 2160 1455
1403 1312 1592 1494
1383 1161 1651 1292
2199 1096 2402 1259
509 1037 881 1227
1481 972 2056 1579
1312 946 1553 1233
1697 940 1860 1096
2036 933 2180 1064
339 894 580 1122
2193 887 2350 1064
1312 868 1481 1051
1161 848 1370 1051
0 842 1527 2284
2088 815 2239 1011
1853 789 2121 1240
1684 652 1821 887
678 639 1031 933
156 626 313 783
58 620 261 802
1488 613 1729 1148
1194 613 1494 894
1631 607 1775 796
1436 548 1612 894
0 535 228 750
1299 502 1449 757
1821 470 2043 678
926 470 1390 894
913 456 1344 894
1964 437 2160 607
404 332 646 659
1880 293 2134 509
1612 254 1775 417
1018 195 1175 339
2304 163 2448 437
1109 143 1357 430
1410 58 1664 293
1912 0 2448 587
1449 0 2186 378
966 0 1286 130
0 0 1808 1429
0 0 2448 2683
1011 0 2448 2683
0 822 2448 3263
0 1847 2448 3263
1507 607 1860 1194
0 0 2402 1579
0 822 1527 2428
0 842 1527 2428
1566 607 1860 1194
2088 815 2350 1064
620 2572 783 2839
2088 815 2245 1011
0 2036 2004 3263
626 1703 802 1847
1168 1847 2448 3263
1631 607 1860 1194
1494 2297 1827 2656
2304 0 2448 437
1658 652 1860 1194
678 456 2402 1579
678 456 1729 1253
678 456 1729 1233
1168 2134 2448 3263
1769 2944 2069 3198
1808 3009 2069 3198
1403 789 2402 1579
182 1364 1325 2428
1560 2813 1808 3120
678 456 1344 933
1795 2186 2082 2421
2219 1847 2448 2212
2232 1847 2448 2212
0 2036 992 3263
182 1501 894 2154
261 1501 894 2154
926 470 1729 1233
1312 613 1729 1233
1051 1971 1246 2186
182 1912 398 2128
352 1501 894 1997
541 2232 992 2696
665 2232 992 2545
1481 789 2402 1579
809 2232 992 2545
926 470 1612 1051
594 1364 1325 2428
594 1364 979 1925
926 470 1612 894
926 470 1494 894
1168 2859 1991 3263
1560 2918 1991 3263
718 1684 1325 2428
946 1938 1325 2428
261 1840 894 2154
365 1840 894 2154
1697 2134 2448 3263
1168 2859 1631 3263
1481 789 2121 1579
1449 0 2448 678
718 1684 1116 2304
587 2428 1259 3263
365 1958 822 2154
0 2036 868 2793
1449 0 2448 587
587 2428 1181 3263
829 1684 1116 2095
1410 796 1867 1455
1814 3035 1984 3172
1410 796 1729 1279
1977 372 2271 659
2265 2532 2448 2904
2297 2532 2448 2793
1462 796 1729 1279
985 855 1410 1377
985 855 1410 1312
1057 855 1410 1286
1129 855 1410 1240
1129 985 1410 1240
2193 1272 2448 1788
1847 0 2167 594
2154 0 2448 411
91 1031 718 1253
261 1031 718 1253
2193 1272 2448 1723
763 0 1919 959
763 0 1919 920
2160 515 2448 1207
2160 515 2448 1018
2180 515 2448 1018
1122 3009 1318 3224
763 0 1742 802
1436 470 1919 920
1540 1586 1932 2154
352 1351 1442 2715
378 2232 776 2434
913 456 1775 959
913 456 1592 959
913 456 1494 913
913 456 1455 913
992 456 1455 894
1201 456 1403 763
306 450 633 639
1181 1018 1410 1240
1436 470 1919 868
1436 470 1690 750
1540 1586 1932 2056
0 0 705 874
0 0 607 874
32 0 607 874
1958 1436 2448 2291
1977 1436 2448 2291
352 1462 1442 2715
587 2193 998 2715
32 0 607 809
32 0 607 718
1096 2102 1501 2389
757 1057 1018 1227
763 0 1742 672
1540 1586 1880 2056
1540 1586 1880 2017
1109 1964 2271 3055
1109 1964 1991 3009
1109 2226 1991 3009
1592 966 2108 1573
1592 966 2075 1527
1592 1018 2075 1527
913 659 1201 913
1977 1658 2448 2291
1977 1801 2448 2291
1977 1801 2408 2291
365 711 718 985
456 744 718 985
1736 2558 2004 2735
1775 1018 2075 1481
587 2350 842 2715
352 1462 1442 2323
352 1462 1292 2323
352 1586 1292 2323
352 1586 1116 2323
372 1077 718 1246
587 2382 829 2715
0 2382 248 2878
1684 1964 1971 2493
1684 2056 1971 2493
1684 2212 1860 2493
763 0 1560 672
1958 1534 2121 1945
228 829 561 1031
1096 2206 1501 2389
1886 0 2128 254
32 202 607 718
992 509 1455 894
1658 574 1919 868
998 1716 1292 2036
1991 2304 2343 2630
1847 189 2167 594
1886 189 2167 509
2049 1658 2448 1971
2199 1658 2448 1971
1592 1272 1906 1527
0 0 280 463
1109 2637 1840 3009
1344 2637 1840 3009
763 261 1175 626
0 2382 248 2787
1403 705 1592 959
1142 1181 1286 1377
32 202 489 718
352 1586 1051 2323
985 0 1560 672
0 0 1370 3263
0 1592 920 3263
0 1723 920 3263
0 2931 306 3263
1775 2735 2271 3055
0 1723 920 3126
248 1723 822 2134
0 0 1370 1801
124 691 1044 1175
208 0 2448 3263
2049 1801 2408 2193
698 972 868 1168
2252 0 2448 411
0 2382 235 2787
1377 0 2448 1599
0 1592 385 1951
0 1592 293 1951
345 691 1044 1175
2199 1658 2448 1899
208 835 2448 3263
861 2826 2448 3263
1390 2826 2448 3263
1390 2833 2297 3263
1390 2865 2173 3263
1723 2865 2173 3263
1762 2865 2173 3263
0 1906 920 3126
0 1906 920 2578
124 2271 600 2578
124 2271 437 2500
1188 835 1723 1625
1188 1168 1723 1625
1377 0 2448 1547
1377 0 2448 1351
1377 0 2448 1338
1377 0 2448 940
822 0 1370 417
822 0 1122 417
1573 2826 1867 3185
365 1684 1051 2323
365 1684 1051 2245
365 1684 1051 2095
861 2963 1449 3263
861 2963 1220 3263
861 2963 1207 3263
1024 2963 1220 3263
1188 1168 1592 1625
1233 835 1514 1207
2075 1083 2448 1547
208 842 2448 3263
208 2467 1631 3263
659 3035 907 3263
724 3035 907 3263
1377 0 2448 802
1651 2826 1867 3120
933 13 1370 378
933 13 1338 378
1507 2226 1991 2689
1997 0 2376 502
1997 0 2304 300
32 424 424 718
0 0 933 1801
2017 2304 2343 2506
1481 2637 1840 2904
0 0 280 306
1377 32 2448 802
776 2467 1161 2865
208 2487 1631 3263
208 2624 1631 3263
933 13 1175 378
1684 691 2323 1338
1684 796 2323 1338
0 0 933 1168
0 1148 718 1801
0 1148 718 1742
1377 124 2448 802
1377 254 2448 802
0 0 933 1005
607 2624 1631 3126
607 2624 1259 3120
607 2624 1070 3120
757 2833 1070 3120
385 1396 718 1742
659 3133 842 3263
829 1684 1116 2017
0 1148 580 1677
0 1148 580 1553
0 1906 920 2421
737 842 2448 2826
737 842 2082 2780
737 842 2082 2128
737 842 2056 1977
737 842 1958 1977
2062 2826 2448 3263
842 1893 1840 2780
235 2487 626 2774
1684 1723 2448 2826
1847 1723 2448 2826
737 842 1847 1977
2004 1351 2245 1599
1462 254 2448 802
1631 254 2448 802
1631 326 2448 802
1867 398 2448 802
1912 398 2448 802
2102 398 2448 802
0 1906 835 2421
0 1906 718 2421
0 1906 718 2350
2102 528 2421 802
208 2656 776 3263
195 2271 437 2493
0 32 208 306
1207 0 1560 672
1847 1723 2448 2780
1847 1853 2448 2780
1847 1919 2448 2780
1847 1919 2108 2284
0 1279 254 1684
842 1893 1756 2780
45 1906 718 2304
0 2448 235 2787
737 959 1847 1977
815 959 1847 1977
652 456 829 691
0 32 881 1005
0 241 293 796
0 241 293 672
32 241 293 580
32 241 293 489
1364 1553 1592 1834
1396 1553 1592 1788
1631 326 1899 659
815 959 1155 1449
940 1031 1155 1449
208 2656 711 3263
737 1377 1292 1795
0 2513 463 3126
1396 1893 1756 2650
1775 254 1964 535
1919 2180 2448 2780
2088 2180 2448 2780
2088 2193 2448 2780
2088 2193 2448 2643
2193 2193 2448 2643
58 32 881 1005
58 613 522 1005
58 763 424 1005
502 32 881 822
502 32 881 718
2062 2833 2297 3068
1684 796 2167 1129
894 1233 1847 1977
1860 2545 2297 2826
842 2252 1605 2780
1677 1625 2082 2128
208 2878 509 3263
365 1684 894 2069
2252 1083 2448 1547
842 2252 1494 2748
842 2252 1201 2630
2004 900 2323 1338
0 1148 580 1494
1416 1893 1756 2650
1468 1893 1756 2363
528 32 881 515
1357 1357 1847 1977
398 2656 711 2983
0 2513 306 3126
894 1233 1501 1932
933 2284 1494 2748
1155 2284 1494 2578
528 32 881 430
528 32 861 430
894 1233 1299 1703
248 1240 580 1494
829 1553 1292 1795
248 2030 718 2304
933 2474 1403 2748
1129 1423 1501 1932
1129 1625 1429 1932
0 1951 476 2350
2193 2206 2448 2643
1024 1899 1410 2252
959 1233 1299 1703
1390 3113 1736 3263
372 3081 528 3231
2173 3068 2448 3263
1762 3068 2154 3263
2062 3061 2258 3263
0 3061 150 3263
861 3055 1096 3263
1723 3035 1945 3263
580 3028 770 3263
208 3015 417 3263
1651 2976 1821 3120
1188 2970 1449 3263
1024 2963 1220 3211
489 2963 724 3224
554 2937 776 3068
91 2931 306 3218
1573 2918 1769 3185
757 2918 1070 3120
287 2878 509 3042
1893 2865 2173 3159
1233 2852 1631 3126
502 2839 665 2996
2121 2833 2297 2983
2147 2826 2448 3218
1664 2826 1867 2996
0 2813 235 3126
966 2807 1259 3009
398 2767 672 2983
1775 2754 1971 2963
1814 2735 2271 3055
2265 2709 2448 2904
