0 0 4032 3024
1088 370 4032 782
1137 475 4032 782
0 790 4032 3024
0 790 4032 1693
0 0 4032 1112
0 1128 4032 3024
2451 2193 3104 2378
2064 2265 2483 2540
1080 491 1411 725
0 0 4032 628
0 419 4032 1112
0 419 4032 959
0 419 4032 903
0 1128 3217 2201
0 1362 4032 3024
0 556 4032 903
0 637 4032 903
0 419 1306 838
580 637 4032 862
967 637 4032 846
0 1177 3217 2201
0 491 1217 838
0 491 1217 830
0 516 1217 830
0 1427 3217 2201
0 741 1483 903
0 419 1306 685
1467 0 4032 628
0 0 1435 274
2612 2419 3677 3024
2790 2419 3661 2846
2790 2419 3661 2798
2790 2524 3661 2798
2790 2524 3523 2798
467 2185 838 2548
0 0 1435 241
0 903 1056 1112
0 1427 2459 2048
1467 0 4032 532
0 419 1306 661
0 443 274 620
1467 0 4032 379
0 2491 346 2782
88 2491 346 2782
0 1177 2193 1661
2612 2628 3677 3024
2644 2838 2830 3024
3032 2572 3330 2782
3330 2467 3596 2653
2749 1838 3765 2556
3056 1838 3765 2556
3249 2136 3765 2556
0 419 1306 637
2322 1128 3273 1298
2838 0 4032 379
2967 0 4032 379
0 1556 3153 3024
1927 2161 3153 2806
1927 2161 3153 2717
1927 2161 3048 2717
3515 2628 3999 3024
1975 1362 4032 2919
1975 1362 4032 2193
0 1556 2814 3024
1427 2717 1806 3024
1927 2161 2765 2443
2225 2201 2765 2443
3096 2064 4032 2919
1467 0 3128 282
0 1556 2741 3024
1951 2403 2741 2959
2257 2419 2741 2725
0 1556 2290 3024
0 1556 887 2628
0 1556 524 2386
0 1774 2290 3024
3096 2064 4032 2790
3096 2128 4032 2790
3257 2128 4032 2790
3532 2128 4032 2790
1322 2483 1588 2790
1467 1822 2814 2257
1467 1822 2548 2257
741 2080 975 2515
1467 0 3128 274
1322 2177 1935 2419
0 2475 806 3024
0 2588 580 3024
749 1774 2290 3024
959 2217 2290 3024
959 2249 2290 3024
959 2249 1620 2580
1169 2314 1620 2580
0 1636 524 2386
0 2588 233 3024
1975 1362 2830 1830
201 2104 749 2620
749 1774 1733 3024
3612 2128 4032 2483
749 1774 1733 2362
749 1774 1532 2249
854 1854 1532 2249
790 2249 1628 3024
1467 1822 2427 2225
790 2249 1403 3024
201 2104 749 2435
806 2249 1403 2757
806 2249 1137 2685
1491 2362 2290 3024
1112 2048 1733 2362
1491 2362 1999 2911
2072 2862 2435 3024
1741 2862 1975 3024
2427 2814 2693 3024
1427 2749 1806 3024
2419 2741 2701 2919
1564 2717 1741 2927
1161 2701 1628 3024
1870 2693 2290 3024
733 2693 935 2870
0 2693 177 3024
2612 2661 2903 2935
790 2636 1395 3024
2709 2628 3677 3024
2395 2620 2709 2814
153 2604 346 2782
64 2588 580 3024
0 2588 233 2798
3209 2580 3523 2798
3144 2572 3330 2757
1411 2572 1588 2790
3257 2548 3540 2717
2790 2524 3346 2798
354 2515 516 2677
88 2491 306 2677
1322 2483 1572 2774
2475 2475 2741 2661
830 2475 1137 2685
467 2475 806 3024
3330 2467 3572 2653
3532 2443 3959 2790
806 2443 1403 2757
1491 2427 1999 2911
2943 2419 3273 2580
2257 2419 2588 2725
1951 2403 2507 2959
1282 2370 1620 2580
467 2370 758 2548
2620 2362 3048 2717
1685 2362 1983 2596
2483 2354 2878 2806
443 2346 669 2524
2225 2330 2483 2540
249 2322 532 2620
3096 2314 3540 2588
3846 2306 4032 2757
3403 2290 3765 2556
1596 2290 1870 2467
2774 2265 3153 2475
2064 2265 2330 2491
959 2249 1257 2459
806 2249 1016 2548
2499 2217 2765 2411
1749 2217 2249 2564
1322 2217 1645 2419
2628 2201 3104 2378
2225 2201 2628 2443
669 2185 838 2459
1620 2177 1935 2346
1927 2161 2338 2362
3612 2145 3959 2483
419 2145 749 2435
3249 2136 3540 2395
3717 2128 4032 2386
1112 2128 1370 2362
201 2104 612 2386
782 2080 975 2411
1306 2048 1733 2265
1217 1967 1403 2136
2451 1943 2814 2161
1249 1903 1532 2136
233 1895 443 2088
1467 1870 1991 2225
854 1854 1282 2249
0 1854 887 2628
3056 1838 3677 2298
1846 1822 2427 2185
749 1774 1080 2096
241 1717 524 1927
2096 1685 3217 2201
2314 1645 2515 1830
0 1636 395 2386
2604 1443 4032 2193
435 1443 2459 2048
0 1427 1008 1790
1975 1362 2830 1790
0 1177 2016 1661
2653 1128 3273 1298
0 903 403 1112
0 596 758 830
0 524 225 685
1290 516 2104 677
532 516 1217 741
225 499 540 661
1080 491 1346 685
209 459 395 620
1088 370 1459 620
2967 161 4032 379
1806 96 4032 532
0 32 580 241
3233 0 4032 241
2064 0 3128 249
0 0 2935 612
0 0 4032 1693
0 1177 4032 3024
2483 2354 3403 2814
0 475 4032 1693
0 0 4032 838
0 475 4032 935
0 475 4032 919
0 475 4032 903
1911 1362 4032 3024
0 0 4032 677
0 1177 2765 3024
0 2080 2765 3024
0 1177 2459 2628
0 419 1411 838
2790 2524 3661 2846
0 741 2507 903
0 419 1346 838
0 895 1056 1112
0 0 1249 241
1701 637 4032 814
1927 2145 2765 2491
0 0 4032 612
1927 2161 2765 2491
2790 2524 3588 2846
1975 1362 4032 3024
2475 2064 4032 3024
0 2080 2709 3024
0 419 1346 830
0 0 846 241
0 2185 2709 3024
1975 1362 4032 2298
354 2370 758 2677
2475 2120 4032 3024
0 443 540 661
1290 516 2838 677
2580 1128 3273 1298
701 2080 975 2717
2790 2524 3403 2798
3209 2580 3588 2846
2620 2120 4032 3024
0 2693 290 3024
0 491 1346 830
959 2185 1620 2580
959 2185 1257 2459
2064 2201 2765 2491
1411 2572 1741 2927
2790 2145 3282 2370
0 1177 2459 2048
0 2249 2709 3024
2257 2419 2709 3024
2395 2620 2709 3024
2838 0 3596 169
0 1556 2427 2628
2620 2128 4032 3024
2620 2201 3104 2717
749 1774 2427 2419
1806 0 4032 532
3249 2120 3644 2403
2395 2620 2709 2919
854 1822 2427 2419
0 2249 2507 3024
790 2249 2507 3024
209 459 540 661
2709 2128 4032 3024
3096 2128 4032 2919
3096 2290 3765 2588
790 2636 1975 3024
790 2636 1806 3024
854 1822 2427 2362
806 2249 2507 3024
0 2322 806 3024
806 2249 1572 2774
806 2443 1572 2774
1491 2362 2507 3024
2709 2628 3999 3024
3532 2128 4032 2919
854 1854 1733 2362
1249 1822 2427 2225
2096 1443 4032 2298
790 2636 1628 3024
854 1854 1370 2362
1491 2362 2507 2959
64 2475 806 3024
3846 2306 4032 2919
2096 1685 3677 2298
1685 2362 2507 2959
0 790 4032 1806
580 467 4032 862
1128 467 4032 822
0 0 4032 1064
0 1282 4032 3024
0 1290 4032 3024
0 1290 4032 2628
0 1685 4032 3024
0 0 4032 903
0 0 4032 870
0 895 1532 1064
0 338 1346 870
2636 2298 3169 2806
2419 2814 2830 3024
0 338 1314 870
0 338 1314 838
2499 2257 3072 2564
0 338 1314 669
0 419 1314 669
0 419 1314 612
2620 2257 3072 2507
2790 1919 3540 2588
0 0 1540 266
0 419 1314 588
0 419 475 580
1266 0 4032 282
0 451 604 669
3338 2153 3709 2411
2838 0 4032 282
2846 0 4032 282
0 1685 983 2628
0 1838 4032 3024
153 451 604 669
201 459 604 669
2612 2290 4032 3024
2765 2290 4032 3024
0 1838 3596 3024
2701 2524 3596 2935
1266 0 2975 274
0 475 1225 838
0 1838 2814 3024
3298 2290 3669 2709
2701 2524 3596 2878
2814 2524 3330 2806
1749 2088 2757 2725
1749 2088 2757 2524
443 2064 1370 2685
322 475 604 669
919 1838 2814 2346
0 2080 2733 3024
0 2290 2733 3024
1467 2314 1822 2580
1854 2088 2757 2362
1854 2136 2749 2362
1927 2153 2749 2362
524 1814 983 2048
0 2080 758 2814
161 2080 758 2620
338 2080 758 2435
669 2064 1370 2685
919 1838 2814 2257
846 2290 2733 3024
846 2290 2378 3024
846 2507 1806 3024
2419 2814 2733 3024
1507 2790 1806 3024
1346 2701 1612 2911
2612 2661 2903 2943
2701 2628 3596 2878
0 2564 266 2814
3169 2532 3548 2725
3298 2524 3572 2709
2814 2524 3298 2806
846 2507 1620 3024
2475 2467 2741 2661
2765 2443 4032 3024
0 2443 1330 3024
2733 2427 3169 2717
2257 2419 2556 2725
1467 2419 1636 2580
1951 2403 2733 2967
443 2346 758 2564
161 2338 532 2620
2499 2330 2693 2564
2225 2330 2483 2532
2314 2322 2588 2491
2636 2298 3153 2806
3411 2290 3669 2644
1532 2290 2378 3024
1282 2290 1620 2580
2064 2265 2298 2491
1903 2225 2096 2395
2499 2217 2935 2411
1749 2209 2209 2524
1217 2201 1669 2459
419 2201 758 2435
1620 2185 1895 2346
1927 2161 2322 2362
2225 2153 2749 2354
975 2128 1370 2459
2790 2088 3540 2588
338 2080 653 2282
669 2064 1137 2685
717 1927 991 2161
3056 1919 3322 2104
919 1838 2524 2257
701 1822 983 2048
0 1685 887 2628
0 903 435 1112
354 895 1532 1064
1701 637 4032 806
0 516 1225 838
677 475 1217 653
322 475 540 669
201 459 370 620
161 419 1314 588
2088 0 2975 249
0 0 580 266
0 0 4032 1806
0 0 4032 887
2733 2249 3548 2725
2854 2249 3548 2725
3072 2298 3548 2725
0 467 4032 887
2249 2814 2830 3024
2338 2814 2830 3024
0 0 4032 685
0 854 1846 1112
0 895 1532 1112
2701 2572 3669 2935
2016 2257 3072 2580
2064 2257 3072 2564
2064 2265 2798 2564
2064 2265 2693 2564
0 419 1362 838
2701 2572 3596 2935
0 1685 1620 3024
2064 2265 2483 2532
0 419 1314 838
2701 2572 3596 2878
0 895 524 1112
2314 2322 2693 2564
1096 427 2838 685
919 1838 4032 3024
1507 2290 4032 3024
919 1838 3572 2709
0 2064 1620 3024
588 475 1217 653
1314 516 2838 685
0 459 1225 838
919 1838 2814 2459
1266 0 4032 274
2475 2298 3298 2806
1749 2088 3572 2709
1749 2153 2749 2524
2475 2298 3153 2806
2612 2443 4032 3024
1507 2290 2733 3024
2499 2088 3572 2709
2499 2088 3540 2588
201 459 540 669
2088 0 4032 249
161 2201 758 2620
0 2443 1620 3024
1532 2290 2733 3024
975 2128 1669 2459
572 637 4032 1088
572 637 4032 878
1128 379 4032 725
1128 467 4032 725
1128 467 2104 725
1185 467 2104 677
1185 467 2104 653
1709 637 4032 806
0 0 4032 895
0 862 4032 3024
0 0 4032 854
2693 2257 3596 2854
1217 870 2467 1548
1346 467 4032 693
1757 556 4032 741
1217 870 2330 1548
1217 870 2128 1548
1540 1072 2128 1548
1443 1257 1903 1540
1217 870 2128 1120
0 0 4032 830
1709 637 4032 798
2701 2257 3596 2854
1064 911 1701 1395
1064 911 1685 1169
2056 975 2717 1153
1999 467 4032 677
0 0 4032 661
1725 370 3685 548
1814 370 3685 532
2757 2257 3596 2854
2870 2395 3596 2854
2870 2491 3596 2854
0 903 4032 3024
0 903 1306 1620
322 483 2524 830
1951 862 4032 1620
491 483 1185 758
790 508 1185 741
1088 1112 1701 1395
1201 1128 1701 1395
0 927 274 1322
0 903 1096 1620
0 975 1096 1620
2451 1685 2927 2032
2290 862 3177 1024
1951 870 4032 1620
2959 1322 3169 1620
64 975 1096 1572
64 1040 1096 1572
64 1040 1096 1387
96 1040 1096 1282
1225 1403 1919 1782
1225 1443 1612 1782
1951 870 4032 1459
1951 1064 2386 1459
1975 1282 2765 1564
0 903 685 1064
0 1306 4032 3024
64 1161 596 1387
749 56 1628 233
435 88 1112 258
3088 2491 3419 2798
2274 870 4032 1451
2290 862 3040 1024
1975 1282 2741 1540
0 419 1290 661
0 0 4032 499
2870 2685 3596 2854
1548 1403 1919 1661
1951 1064 2386 1322
983 0 4032 499
491 483 1008 758
0 459 596 854
1927 2024 3096 3024
983 0 4032 483
3620 2540 4032 2822
3773 2540 4032 2822
2064 2161 3096 3024
0 0 1249 161
0 0 1120 161
2274 1008 4032 1451
2274 1032 4032 1451
467 2290 1870 2862
830 2290 1870 2685
903 2290 1870 2661
1072 2290 1870 2661
1282 2290 1870 2604
1072 2443 1451 2661
0 201 1088 411
225 451 540 661
2257 2330 3096 3024
2257 2419 3096 3024
2612 2661 3096 3024
1661 2451 2443 3024
983 0 4032 403
983 0 4032 379
2282 40 4032 379
2386 40 4032 379
2532 40 4032 379
96 1040 951 1282
3314 2007 3580 2282
467 2370 878 2862
2943 40 4032 379
3652 2338 4032 2628
1620 1306 4032 3024
1620 1564 2290 2338
2040 1306 4032 3024
0 1306 2524 3024
1564 137 2096 322
2943 40 4032 322
1387 2290 1870 2483
983 0 2362 209
1564 0 2362 209
258 1677 862 2435
258 1854 806 2435
258 1854 806 2225
0 2467 306 2685
2064 2161 3072 2491
2943 129 4032 322
3451 1322 4032 1854
3564 1322 4032 1854
2080 2161 3072 2411
3080 2080 3306 2370
2274 1169 3685 1411
975 2185 1201 2403
2080 2161 3072 2386
1774 32 2362 209
0 1491 491 1951
0 1491 491 1814
0 2507 306 2685
1741 2822 2443 3024
1927 2846 2443 3024
0 1491 491 1774
3120 129 4032 322
3048 2193 4032 3024
717 1564 1185 1741
3104 2193 3951 2765
3104 2193 3757 2556
0 1290 217 1620
1725 2217 2524 2975
1725 2217 2524 2959
0 1306 2032 3024
88 1306 2032 2524
88 1701 370 2064
2040 1306 4032 2427
2354 1354 2854 1822
2354 1475 2854 1822
2967 1919 3386 2177
2967 1999 3217 2169
0 1919 2007 3024
0 1919 1467 3024
1080 2636 1467 3024
1080 2677 1467 3024
0 1919 1128 3024
3048 2717 4032 3024
3403 2717 4032 3024
3556 2717 4032 3024
1225 1451 1507 1782
1677 1564 2290 2217
3104 2193 3540 2540
298 1306 2032 2524
1330 2362 2007 3024
3580 1749 4032 2177
3580 1749 3951 2177
2628 1169 3685 1411
2040 1306 3983 2427
3217 2193 3540 2540
0 1491 322 1774
0 419 1290 612
2040 1532 3983 2427
1951 2403 2524 2959
1677 1564 2161 2217
3540 2104 3959 2427
2040 1532 3983 2290
0 1919 1080 3024
0 1919 685 2524
0 1919 685 2386
0 1919 612 2386
1661 2451 2112 2919
3048 2814 3499 3024
2040 1612 3983 2290
0 2257 1080 3024
298 1306 1120 1806
298 1362 758 1806
677 1362 2032 2524
96 2257 1080 3024
419 2628 1080 3024
483 2685 1080 3024
588 2685 1080 3024
653 2685 1080 3024
2040 1612 3983 2233
2040 1612 3636 2233
2080 2161 2749 2378
435 1677 862 2024
2757 1443 3080 1774
774 1362 2032 2524
1395 2362 2007 2927
298 1362 677 1806
774 1475 2032 2524
790 1475 1427 2136
790 1677 1427 2136
774 1532 2032 2524
774 2233 1451 2524
0 2088 612 2386
1306 1532 2032 2386
1306 1532 2032 1870
1306 1532 2016 1870
1395 2395 2007 2927
2040 1669 3370 2233
2040 1830 3144 2233
2475 1830 3144 2233
96 2257 596 2967
1322 1709 1822 2386
790 1677 1427 2096
2475 1886 3144 2233
2475 1943 2943 2233
1395 2540 2007 2927
1338 1709 1822 2249
1338 1709 1822 2112
96 2096 612 2346
790 1677 1225 2096
3370 2862 3652 3024
685 2862 1080 3024
1927 2846 2112 3024
3790 2830 4032 3024
2644 2822 3096 3024
1741 2822 1975 3024
3153 2814 3499 3024
3048 2814 3330 3024
2419 2814 2701 3024
483 2814 669 3024
1330 2790 1620 3024
999 2790 1306 3024
3403 2774 3677 2975
2048 2774 2290 2975
56 2774 225 2951
830 2765 999 2943
306 2733 572 2975
1733 2725 2007 2911
588 2725 790 3024
3556 2717 4032 2935
0 2717 177 3024
846 2709 1128 2935
1266 2701 1467 3024
653 2685 935 2886
2443 2677 2725 2903
1080 2677 1346 2903
2612 2661 2838 2870
3169 2628 3419 2798
2693 2628 2959 2830
2257 2628 2524 2854
419 2628 580 2846
3620 2620 3830 2790
2443 2620 2701 2798
0 2580 193 2798
693 2572 1040 2757
1548 2556 1749 2782
3298 2548 3572 2709
2701 2548 3241 2806
1806 2548 2048 2733
3846 2540 4032 2822
1395 2540 1741 2927
96 2515 556 2967
0 2515 201 2685
3088 2491 3354 2725
999 2483 1266 2741
830 2483 1137 2685
467 2483 878 2862
1330 2475 1572 2685
3459 2443 3951 2765
1282 2435 1524 2604
3177 2427 3556 2628
2580 2419 2935 2701
2257 2419 2717 2661
1951 2403 2411 2959
2935 2395 3169 2636
1540 2395 1725 2604
2661 2378 3048 2548
467 2370 766 2556
2225 2338 2483 2540
2322 2330 2693 2507
3217 2306 3523 2540
3403 2290 3757 2556
1387 2290 1620 2483
2064 2274 2314 2491
2757 2257 3161 2475
249 2257 596 2596
951 2249 1451 2467
0 2241 467 2524
774 2233 1008 2524
975 2225 1201 2403
1725 2217 2249 2604
2628 2209 3072 2386
1951 2209 2153 2370
1322 2209 1669 2386
3628 2201 3959 2427
419 2201 766 2435
3338 2193 3540 2395
1620 2177 1927 2338
669 2177 846 2491
96 2169 379 2346
2233 2161 2749 2378
2822 2145 3144 2306
1169 2128 1378 2338
3540 2104 3902 2403
338 2096 612 2282
0 2088 209 2386
3080 2080 3306 2330
798 2056 975 2290
1338 2048 1532 2249
3314 2040 3507 2282
3491 2032 3685 2290
1927 2024 2193 2298
306 2024 491 2193
145 2024 370 2201
2177 2016 2515 2185
1677 1991 1991 2217
3838 1983 4032 2225
2693 1983 2943 2233
2040 1983 2298 2161
903 1983 1169 2249
677 1983 887 2193
3709 1959 3935 2177
1507 1959 1733 2185
2475 1943 2749 2193
3144 1919 3386 2177
0 1919 249 2136
1088 1895 1274 2169
2870 1886 3144 2201
258 1870 637 2136
2040 1854 2499 2096
483 1854 806 2225
1451 1846 1685 2128
88 1814 330 2064
3846 1806 4032 2024
0 1774 209 1951
1338 1766 1588 2112
846 1757 1225 2096
3580 1749 3951 2128
1717 1741 1886 2040
1822 1717 1999 2040
2870 1709 3064 1886
1580 1709 1822 2104
1193 1709 1427 2024
2491 1685 2927 2032
790 1677 1217 1943
435 1677 862 1927
2959 1669 3370 1991
2249 1669 2515 1959
1306 1669 1701 1870
0 1636 298 1814
3540 1628 3983 1838
2080 1628 2290 1878
2354 1620 2725 1822
3273 1612 3636 2080
314 1604 620 1806
0 1604 185 1774
1225 1588 1475 1782
2757 1572 3032 1774
2983 1564 3233 1749
1846 1564 2161 2096
717 1564 991 1741
1604 1532 2016 1774
491 1507 758 1766
2169 1499 2628 1725
24 1491 322 1669
2499 1475 2854 1782
975 1475 1314 1766
1266 1451 1507 1701
2894 1443 3080 1653
1419 1443 1612 1766
1999 1435 2403 1628
0 1427 193 1620
3467 1411 3870 1733
1628 1403 1919 1612
540 1395 1104 1701
3451 1387 3661 1596
1975 1370 2346 1540
3265 1362 3556 1709
298 1362 677 1661
2741 1354 2975 1588
2338 1354 2765 1564
1451 1338 1903 1540
3080 1306 3354 1580
637 1306 1120 1516
0 1290 217 1483
2282 1282 2741 1459
137 1274 499 1572
2056 1233 2322 1459
3169 1185 3685 1411
2274 1185 2628 1411
1814 1185 2128 1548
2628 1169 3273 1387
64 1161 403 1387
1677 1153 1975 1330
822 1137 1274 1419
2193 1128 2386 1314
1241 1128 1701 1378
2306 1064 2894 1233
1951 1064 2362 1322
854 1056 1096 1266
96 1040 758 1266
3564 1032 4032 1451
3024 1008 3411 1241
2653 983 3233 1201
2306 983 2717 1153
0 927 217 1209
419 903 1306 1177
201 903 685 1064
3806 878 4032 1056
3024 870 3548 1080
2491 862 3040 1024
3298 854 4032 1088
80 564 596 838
1128 516 1443 725
491 508 838 758
766 483 1008 709
338 483 540 661
1233 475 1782 677
0 459 564 854
0 419 927 612
362 201 1088 411
1749 185 2580 403
435 88 975 258
2532 56 3572 241
2056 32 2362 209
0 0 4032 911
0 854 4032 3024
0 556 4032 911
0 556 4032 895
0 1806 4032 3024
0 854 4032 2524
322 556 4032 870
0 1128 4032 2524
0 0 2282 258
1951 2209 2483 2540
0 854 4032 1580
1233 475 2104 677
0 0 4032 637
2870 2628 3677 2975
0 2145 3499 3024
0 2201 3499 3024
774 1806 4032 3024
2499 2257 3257 2733
2499 2257 3257 2636
2499 2257 3169 2636
0 854 4032 1451
2870 2628 3596 2854
669 2056 975 2491
717 556 4032 870
0 0 2282 241
0 0 1120 217
2499 2257 3048 2548
983 0 2282 241
2757 2257 3169 2636
1951 2209 2314 2491
1846 1306 4032 2370
1185 370 4032 637
0 56 1999 459
201 88 1112 330
717 556 4032 830
0 1128 2765 2524
0 419 1443 854
0 201 1999 459
362 201 1999 459
3080 1806 4032 3024
1749 0 4032 499
1749 32 4032 499
1749 32 2596 249
2056 32 2596 209
1814 370 4032 532
0 1128 2765 1774
0 1395 1999 2524
1749 40 4032 499
1080 2395 1725 2903
1330 2395 1725 2685
1080 2636 1403 2903
467 2403 3499 3024
693 2572 1128 2935
112 0 1120 217
314 88 1112 330
862 209 1999 459
2193 0 3040 193
0 419 1290 854
717 556 4032 782
677 1749 895 2193
1185 467 3007 637
0 2201 790 3024
862 209 1999 451
1749 185 2919 475
1749 185 2919 403
983 0 2282 161
3088 1806 4032 3024
774 1983 3241 2806
774 1983 3072 2604
774 1983 2249 2604
3217 1806 4032 3024
2056 854 4032 1451
677 1749 887 2193
2257 2330 3241 2806
919 209 1999 451
96 2201 790 3024
96 2201 766 3024
0 2467 201 2685
3217 2032 4032 3024
0 870 2661 1387
1217 870 2661 1330
2741 1322 3169 1653
2894 1322 3169 1653
80 483 1185 838
1701 2217 2249 2604
2145 40 4032 499
2145 306 3217 499
467 2403 2411 3024
2943 72 4032 322
1104 225 1999 451
2274 854 4032 1451
0 903 1685 1387
0 1580 806 2524
2306 983 3612 1274
2306 983 3612 1249
2306 983 3411 1241
0 1580 491 1814
1217 870 2661 1322
1217 870 2362 1322
774 1983 2193 2524
903 1983 1725 2403
314 1395 1999 2217
1717 1717 1999 2040
3838 1806 4032 2225
1999 1282 2765 1628
2257 2419 3241 2806
2257 2620 3499 3024
