0 0 3024 4032
991 2507 1419 3225
991 2515 1419 3225
991 2515 1362 3153
669 1346 911 2016
2411 3612 3024 4032
2661 3024 3024 3435
2701 3024 3024 3435
1395 1427 1951 1895
766 1588 2201 3088
1072 1588 2201 3088
1072 1588 2201 2741
1072 1588 1999 2741
2241 2282 2443 2556
2040 1008 2209 1346
1701 3201 2120 3822
1701 3273 2120 3822
766 2136 1080 2540
854 2201 1080 2540
999 3265 1411 3612
1096 2314 1467 2564
2201 169 3024 2532
0 1169 274 1524
2354 1596 2644 1919
2209 3652 2580 4032
1459 3217 1790 3427
2201 169 3024 2515
2427 169 3024 2515
2427 169 3024 1959
2427 169 3024 1733
2467 169 3024 1733
2467 2257 2886 2532
2491 2257 2822 2483
766 120 999 403
0 0 3024 1822
0 1346 3024 4032
290 2201 604 2540
2427 3612 3024 4032
0 1370 3024 4032
2298 2467 2991 3282
2298 2548 2991 3282
2378 2870 2733 3072
104 3709 749 4032
2209 3814 2580 4032
1741 3701 1943 4032
427 1064 790 1499
0 2169 193 2604
459 1161 758 1757
2717 1370 2983 1628
0 1403 3024 4032
1193 1588 1999 2741
2362 0 3024 959
862 1346 1540 2209
0 0 2693 1822
1967 1096 2580 1806
2064 1096 2580 1806
0 1169 274 1467
1540 2846 1886 3201
1653 2878 1886 3201
2120 1096 2580 1741
2467 169 3024 1548
999 2790 1169 3169
1701 3273 1983 3532
1620 2072 2201 2685
1322 911 1645 1419
2411 2572 2814 2806
2717 1370 2983 1612
725 1161 1096 1741
725 1257 1096 1741
2120 1298 2556 1741
1403 1145 1693 1620
56 2806 217 3153
725 1257 1056 1741
0 1403 2177 4032
814 2693 1411 3894
814 2693 1249 3878
814 2693 1193 3878
1588 1483 3024 4032
1185 2556 1645 3370
1314 2556 1645 3370
1330 2959 1620 3370
1137 1661 1540 2209
1217 1661 1540 2096
1927 2225 2201 2685
1620 2072 2064 2403
862 1346 1298 1927
0 0 2604 1822
2153 0 2604 628
0 0 2427 1822
1072 2040 1475 2524
1322 1032 1636 1419
2314 1524 2935 2257
2314 1524 2935 2225
766 3854 967 4032
1524 2265 2064 2709
1524 2265 1975 2709
814 3435 1193 3878
1725 709 2693 1491
2395 2427 3024 3346
2580 2427 3024 3282
0 1499 499 2467
838 2693 1161 3475
2854 1161 3024 1733
2362 0 3024 806
2395 3136 3024 3717
2499 3241 3024 3717
2499 3241 3024 3588
1588 1483 2701 4032
1588 3459 2024 4032
1588 3499 1919 4032
1951 0 2201 282
2112 709 2693 1491
1661 758 1927 999
935 427 1217 685
999 443 1217 685
2153 0 2524 628
1314 2556 1645 3064
0 725 233 1153
0 0 2427 1669
306 3451 685 3717
491 3451 685 3717
1798 1483 2701 4032
1983 2564 2701 4032
1725 887 2153 1467
1822 1032 2153 1467
725 1290 967 1741
1314 185 1499 499
2193 709 2693 1483
2193 1096 2427 1483
862 0 1153 225
0 1008 604 1669
0 2757 693 4032
0 2757 620 4032
1983 3128 2693 4032
1798 1483 2524 2717
1798 1483 2524 2612
0 2846 620 4032
0 1008 508 1669
0 1008 508 1491
2007 3128 2693 3991
2007 3128 2564 3991
2145 3128 2459 3628
258 1185 604 1572
258 1185 572 1483
2580 2427 3024 3056
2725 2427 3024 2862
2765 2427 3024 2757
0 0 2427 1580
1274 435 1717 822
1419 435 1717 822
1524 2314 1975 2709
1838 1524 2524 2612
2274 709 2693 1257
0 2846 604 4032
1096 701 1298 991
524 1693 1193 2870
975 1225 1483 1822
112 0 443 322
112 0 443 282
0 1499 499 2080
0 1499 427 2080
2120 1362 2556 1741
1838 1556 2524 2612
1838 1870 2524 2612
2249 2298 2846 2628
0 2846 604 3773
717 1693 1193 2475
717 1693 1193 2419
717 1693 1193 2395
717 1830 1193 2395
0 1499 249 1911
669 499 1459 1556
1911 1032 2153 1467
0 1008 508 1395
669 548 1459 1556
669 548 1112 991
0 0 435 628
0 0 370 564
1104 1225 1483 1822
1104 1306 1483 1822
169 0 2427 1580
1516 596 1919 1580
1354 1588 1999 2572
596 1306 758 1757
1443 435 1717 822
887 2693 1161 3475
2580 2636 3024 3056
0 2104 2177 4032
983 0 1362 258
249 1403 838 2491
306 1733 838 2491
306 1878 838 2491
306 1878 741 2459
1516 2532 2177 3362
249 1403 758 1951
169 0 2427 1225
1919 3273 2120 3822
1838 1870 2524 2411
1838 1870 2451 2386
620 3233 854 3394
0 2104 1878 4032
346 3273 1878 4032
346 3338 1306 4032
395 3338 991 3790
556 3572 991 3790
2080 2282 2298 2612
233 0 2427 1225
169 637 975 1153
274 661 975 1153
274 661 701 1153
0 2104 999 3354
88 2104 999 3354
1040 3273 1878 4032
1128 3644 1411 3894
1330 0 2427 1225
1572 0 2427 1225
1709 0 2427 1225
2153 80 2524 628
0 2483 233 2911
524 2346 1056 2870
0 2870 322 3741
0 3032 322 3741
0 3112 314 3741
0 2483 233 2806
185 2846 604 3773
185 2846 604 3612
233 0 1467 854
233 0 1419 854
233 0 975 854
604 2515 1024 2870
1330 0 1814 443
217 2846 604 3386
1040 3306 1814 4032
1282 3394 1814 4032
717 1975 1193 2395
983 0 1362 225
1282 3419 1814 4032
1314 3540 1814 4032
1354 3540 1814 3846
395 3338 878 3620
88 2104 999 3233
314 2459 999 3233
1838 1878 2451 2386
2048 1878 2451 2386
693 766 1459 1556
233 0 967 854
693 766 1459 1362
0 3225 314 3741
274 661 653 1153
354 1403 758 1951
604 661 975 1032
1524 2532 2177 3362
766 32 1419 596
1524 2532 2104 3362
1645 2532 2104 3362
1645 2532 2104 3096
1645 2532 2024 3096
1645 2532 2024 2951
1516 2653 1766 2927
2274 758 2693 1257
346 3733 1306 4032
1088 32 1419 596
1709 72 2427 1225
491 2790 999 3233
1822 72 2427 1225
233 0 822 854
693 846 1370 1362
846 846 1370 1338
169 637 532 1072
1838 419 2427 1225
806 3854 967 4032
2749 3838 3024 4032
1741 3838 1943 4032
1209 3822 1532 4032
2209 3814 2499 4032
104 3806 612 4032
153 3798 314 3991
2306 3790 2628 4032
1032 3782 1306 3959
1983 3773 2249 4032
1314 3757 1677 4032
346 3733 1145 4032
0 3709 225 4032
1128 3644 1387 3870
2411 3620 2653 3846
862 3612 1193 3878
0 3580 241 3749
1354 3564 1580 3846
193 3564 475 3773
1467 3540 1814 3749
379 3532 685 3782
1959 3515 2120 3822
2677 3507 3024 3717
2435 3499 2693 3661
1677 3499 1919 4032
2007 3491 2564 3991
306 3451 532 3628
814 3435 1056 3652
1282 3419 1540 3636
2685 3403 3024 3588
2048 3394 2209 3620
1532 3394 1814 3556
112 3378 314 3725
1104 3370 1274 3572
580 3354 878 3620
395 3338 685 3507
1378 3330 1766 3604
185 3314 548 3612
1040 3306 1435 3701
999 3290 1314 3612
1919 3273 2120 3540
1798 3273 1983 3499
1604 3273 1878 3435
1048 3265 1266 3459
2499 3241 2838 3467
0 3225 201 3741
2661 3185 2951 3354
2177 3177 2459 3628
564 3161 895 3354
370 3144 693 3362
217 3144 443 3386
2395 3136 2604 3515
1346 3136 1604 3370
1185 3136 1378 3306
887 3136 1161 3475
2145 3128 2338 3475
1056 3128 1249 3394
0 3112 169 3394
1790 3064 2064 3362
314 3048 620 3298
104 3032 322 3394
2822 3024 3024 3346
2395 3007 2822 3346
661 2983 951 3177
2701 2975 2951 3282
1330 2959 1620 3201
1524 2927 1854 3330
1766 2903 2016 3096
1653 2878 1886 3064
266 2846 604 3241
120 2846 379 3080
491 2838 774 3185
1403 2814 1572 3064
709 2790 999 3233
1645 2774 2024 2951
1991 2757 2177 3120
274 2757 459 2943
1088 2741 1362 3153
1201 2709 1475 3088
2725 2693 3024 2862
927 2693 1104 3362
1516 2677 1677 2927
1580 2653 1766 2838
2580 2636 2967 2991
620 2636 1008 2870
1806 2628 2104 2870
2064 2612 2298 2935
249 2596 532 2846
2499 2588 2814 2806
2136 2564 2701 3225
1314 2556 1645 2854
1757 2532 1959 2878
991 2515 1266 2790
604 2515 1024 2741
1088 2507 1274 2701
1193 2491 1524 2741
0 2483 233 2717
314 2459 749 2943
2862 2427 3024 2612
1524 2427 1870 2709
0 2362 193 2604
524 2346 1056 2620
2467 2338 2886 2532
1854 2322 2064 2628
1741 2314 1975 2507
1096 2314 1435 2564
725 2314 887 2475
2249 2298 2628 2596
2080 2282 2265 2612
596 2282 838 2491
1596 2265 1886 2435
2007 2225 2201 2604
387 2201 604 2483
354 2201 516 2395
1620 2161 2064 2403
1072 2161 1475 2524
1354 2136 1685 2572
766 2136 983 2435
862 2104 1064 2362
88 2104 370 2894
403 2072 741 2459
2548 2056 2774 2257
2048 2040 2257 2386
1169 2040 1411 2233
2201 2032 2524 2411
217 2032 443 2249
983 1983 1193 2395
717 1975 1064 2201
1838 1927 2096 2257
1137 1927 1338 2209
0 1886 290 2467
2104 1878 2451 2225
306 1878 741 2145
2628 1870 3024 2515
1951 1870 2153 2072
1032 1830 1193 2048
1217 1806 1419 2096
951 1798 1112 2024
2314 1733 2846 2225
499 1733 717 2024
2016 1725 2185 2007
338 1725 548 1919
1403 1709 1645 1927
822 1693 1088 2024
1314 1661 1540 1878
249 1645 459 1886
40 1620 209 1911
80 1604 427 2080
1137 1596 1298 1806
1354 1588 1999 2265
2693 1572 2983 1782
354 1572 758 1951
1564 1556 1959 1870
2467 1524 2935 1983
2007 1524 2193 1709
1395 1516 1677 1895
0 1499 249 1725
1798 1483 2201 1943
2120 1475 2378 1741
2064 1475 2306 1806
2201 1435 2499 1991
1209 1435 1483 1822
290 1435 499 1604
1645 1427 1951 1717
80 1427 362 1669
435 1403 637 1661
2717 1395 2935 1612
1411 1395 1612 1620
2427 1370 2644 1725
2209 1362 2556 1580
862 1346 1169 1927
806 1330 967 1741
1193 1322 1411 1556
330 1322 548 1483
1104 1306 1282 1677
975 1306 1145 1709
48 1209 282 1395
258 1185 572 1378
1911 1169 2153 1467
0 1169 201 1467
2854 1161 3024 1427
459 1161 669 1435
1403 1145 1693 1516
1524 1137 1919 1580
2378 1096 2580 1395
1322 1080 1483 1419
693 1080 927 1362
1403 1032 1636 1249
2403 1016 2604 1233
1145 1008 1370 1338
0 1008 508 1314
1112 951 1298 1177
274 943 556 1153
2274 935 2515 1257
1443 911 1645 1080
0 911 217 1153
749 903 975 1096
1725 887 2040 1274
491 887 701 1137
1935 878 2128 1145
2467 862 3024 1548
846 846 1185 1314
2717 822 2903 1056
1370 822 1556 983
766 798 975 975
1661 790 1838 999
1104 782 1298 991
1806 774 2048 967
1943 766 2153 943
1193 766 1459 1153
2362 758 2693 1040
330 717 532 983
999 661 1161 903
604 661 822 1032
435 661 653 951
1878 653 2209 814
749 645 1112 991
169 637 443 1072
1443 604 1693 822
1516 596 1822 1395
209 564 548 822
669 548 1080 733
2007 524 2427 1225
1048 524 1217 685
0 499 314 1024
2467 491 2774 959
1274 467 1435 693
1507 435 1717 604
1838 419 2217 749
1128 419 1467 814
2370 403 2532 572
209 395 435 628
1709 387 1983 903
2362 346 2644 806
628 338 975 524
1572 322 1814 548
2153 314 2411 628
1427 306 1612 532
2765 258 2991 749
2419 241 2604 499
72 225 370 564
1088 201 1290 596
2644 169 3024 999
2830 161 3024 330
1612 161 1895 427
766 145 1177 459
137 137 338 322
822 120 999 362
2177 80 2524 443
1822 72 2064 532
1580 64 1757 233
1951 40 2185 282
1169 32 1419 508
2362 0 3024 564
1991 0 2282 508
2016 0 2201 185
1741 0 1903 225
1628 0 1814 201
1330 0 1749 443
1169 0 1362 225
983 0 1209 177
717 0 967 306
580 0 822 387
233 0 725 854
282 0 443 161
112 0 395 282
0 0 185 314
0 1927 3024 4032
0 0 3024 3282
0 0 1209 3185
596 0 3024 3282
2032 919 2338 1507
1798 3701 1991 3959
1951 0 3024 3282
2048 0 3024 3282
0 0 1193 3185
596 0 2693 2572
0 2515 1814 4032
1137 1048 2499 2572
991 1927 3024 4032
2217 1016 2604 1443
1137 1419 2499 2572
1516 2677 1886 3201
1516 2677 1886 3064
0 1620 209 1999
2661 3024 3024 3354
0 2693 1814 4032
2040 919 2338 1491
2040 919 2338 1346
0 1169 322 1524
2298 2427 3024 3282
2217 1177 2459 1443
2048 0 3024 2806
2411 2193 2822 2483
2346 241 2604 572
1354 1419 2499 2572
1354 1435 2499 2572
596 0 2693 2072
1516 2677 1677 3015
766 0 2693 1709
120 1862 499 2112
1959 3056 2209 3620
1959 3201 2209 3620
1959 3201 2193 3467
1677 2225 3024 4032
2725 2693 3024 3080
2080 919 2338 1346
991 1927 2298 3556
0 1169 282 1524
0 1169 282 1467
1193 2427 1790 2741
1193 2491 1685 2741
1338 435 1790 1249
999 2757 1249 3394
999 2757 1169 3169
935 314 1298 991
596 1169 1249 2072
1137 1435 1677 2233
274 830 846 1185
274 943 741 1185
1338 435 1790 1120
1338 435 1717 1120
999 2757 1169 3104
2274 0 3024 1056
2274 0 3024 959
999 524 1298 991
999 524 1274 903
999 524 1217 903
1370 733 1645 1120
2048 862 3024 2806
2362 2572 2540 2774
1580 0 2201 282
1741 0 2201 282
999 2790 1169 3104
2725 2693 3024 3056
209 0 1153 854
2346 241 2604 540
306 3451 838 3733
306 3451 637 3628
2693 1395 2983 1782
217 3104 887 3386
217 3144 693 3386
1798 1435 2499 2007
1798 1475 2306 2007
1927 2225 2298 2685
1338 435 1717 822
2217 2298 2886 2806
0 1886 838 2540
217 2032 838 2540
2048 862 3024 2515
1137 1435 1540 2233
217 2032 838 2491
1330 0 2693 1483
2378 1016 2604 1395
2007 2225 2298 2612
1411 1274 1725 1620
1169 1435 1540 2233
637 1169 1249 2072
40 1620 209 1999
1370 822 1645 1120
1370 822 1645 1080
217 2032 516 2395
669 1346 1249 2072
725 1693 1088 2072
1677 2564 3024 4032
1677 3273 2628 4032
1677 3273 2249 4032
677 830 846 1185
403 2072 838 2491
1314 1927 2298 3556
1532 3394 1935 3556
709 2693 1378 3652
709 2693 1266 3652
1677 3273 2120 4032
1677 3459 2024 4032
1677 3499 1943 4032
766 0 2209 1709
1661 653 2209 999
1806 653 2209 943
991 2161 1475 3153
991 2515 1475 3153
1088 2709 1475 3153
1314 1927 2298 3435
1620 1927 2096 2403
0 2757 1814 4032
709 2693 1161 3652
1822 0 2201 282
2249 2298 2886 2806
2007 2564 3024 4032
766 0 1919 1709
975 1008 1411 1709
0 2757 620 3741
314 3709 749 3927
330 1322 604 1572
24 3161 1814 4032
709 2693 1161 3475
2209 3790 2628 4032
2427 1354 2717 1725
2249 2298 2846 2806
209 0 967 854
2644 169 3024 1056
1798 1483 2233 2007
1798 1483 2201 2007
2088 2564 2701 3475
2104 2564 2701 3475
1314 2265 2298 3435
1314 2556 1645 3201
1725 774 2153 1467
1725 774 2128 1274
1725 774 2048 1274
185 3161 1814 4032
0 1830 1193 3185
524 1830 1193 2620
524 2314 1056 2620
1524 2265 2298 3435
120 2757 459 3080
1282 3419 1580 3846
0 2104 951 3185
1209 1435 1540 2096
0 0 1112 2145
1878 653 2209 943
2048 1733 2846 2411
24 3741 354 3991
669 1346 1169 2016
209 395 548 822
1895 3273 2120 4032
1895 3515 2120 4032
2007 2604 3024 4032
2459 2604 3024 3282
717 1830 1193 2419
862 1830 1193 2395
983 1830 1193 2395
2007 3007 3024 4032
1524 2265 2104 3435
1072 2161 1475 2564
1104 1008 1411 1677
2104 2564 2701 3225
2104 2822 2306 3136
0 1161 758 2145
2459 2604 3024 3015
0 1330 758 2145
0 0 1112 1378
1774 1927 2096 2257
709 2782 999 3233
2580 2604 3024 2991
0 1330 741 2145
0 1330 499 2080
0 1330 459 2080
0 1330 427 2080
0 1330 387 1725
0 1427 362 1725
185 3161 1387 4032
0 2846 620 3741
999 3290 1814 4032
1209 3644 1798 4032
185 3161 1387 3878
766 0 1919 1580
846 419 1919 1580
1209 3757 1677 4032
766 0 1435 693
1088 0 1435 693
1524 2314 2104 3435
354 1403 758 2024
999 3290 1814 3749
1040 3306 1814 3749
1378 3330 1814 3749
1209 1435 1540 1878
354 1572 758 2024
2153 80 2693 1483
2298 709 2693 1040
693 903 975 1362
0 2846 604 3741
2395 3007 3024 3661
2395 3136 3024 3661
2435 3241 3024 3661
435 338 1112 1137
435 661 975 1137
435 661 975 1032
2193 935 2515 1483
0 0 572 1378
2048 1878 2524 2411
1911 2612 2298 3201
1911 2757 2177 3201
628 338 1112 991
435 661 822 1032
2153 80 2644 806
2153 314 2644 806
306 1725 741 2145
1145 1008 1411 1556
491 2838 951 3185
0 2104 749 2943
0 2104 370 2894
1524 2427 2104 3435
1088 32 1435 693
249 2201 749 2943
0 0 532 1314
2048 2032 2524 2411
1524 2427 2064 3435
1524 2653 2064 3435
1524 2774 2064 3435
628 338 975 604
185 3161 895 3782
185 3161 895 3773
395 3161 895 3620
1524 2903 2064 3435
1524 2927 2064 3435
556 3572 1387 3878
2467 862 3024 2515
2467 1524 3024 2515
2007 3177 3024 4032
2007 3177 2564 3991
0 0 532 1072
0 499 532 1072
846 419 1483 1419
862 3612 1387 3878
1524 2927 2064 3362
580 0 967 387
185 3314 548 3773
1403 1137 1919 1580
72 0 395 564
1330 0 1814 548
1709 72 2064 903
846 419 1467 1314
249 2459 749 2943
395 3161 895 3507
846 766 1459 1314
846 846 1298 1314
0 499 443 1072
2741 3838 3024 4032
951 1556 2048 3249
1137 1677 1411 2209
548 2225 878 2491
951 1556 2048 3209
1048 1556 2048 3209
0 266 3024 4032
1048 1556 1975 3209
0 0 3024 2120
0 758 217 1096
951 2540 1241 2782
653 3499 991 3749
290 1403 758 2120
1048 1733 1975 3209
0 0 3024 2040
1048 2032 1685 3209
2314 266 3024 2532
0 903 3024 4032
1604 3201 2209 4032
2370 0 3024 870
48 3249 758 3717
48 3249 758 3612
435 3249 758 3499
1588 1556 1959 1870
2733 1161 3024 1959
1653 2072 2048 2370
1709 2072 2048 2370
0 0 2677 2040
620 2612 1653 3467
620 2612 1491 3467
620 2612 1266 3467
620 2612 1169 3467
838 2701 1169 3467
838 2701 1161 3467
1991 2451 3024 4032
2499 2024 2814 2257
1064 709 1524 1338
0 1161 282 1435
1943 903 2112 1080
1048 2048 1685 3209
1604 3507 1943 4032
620 2612 1032 2959
862 0 1209 225
1645 903 2677 1991
1725 903 2677 1991
1725 903 2677 1596
1725 903 2677 1532
2193 1153 2636 1991
935 379 1257 685
2733 1161 3024 1741
2774 1161 3024 1628
2007 2451 3024 4032
330 1080 967 1483
0 1257 3024 4032
951 1427 1467 2072
951 1443 1298 2072
1137 1733 1411 2209
1048 2048 1685 2749
1661 0 2677 1048
0 0 2048 2040
620 2612 999 2959
0 0 2048 1814
1217 3249 1653 3467
1217 3249 1653 3435
1104 709 1290 943
2419 3419 3024 4032
2040 3773 2580 4032
1314 2556 1645 3080
1048 2153 1685 2749
48 3362 556 3612
1459 1475 3024 3362
1459 2249 2217 3362
0 1257 1895 4032
1838 1475 3024 3136
0 1499 1895 4032
0 1499 499 2169
1838 1475 2572 3136
2007 1475 2378 1951
1838 1870 2572 3136
1459 2249 2161 3362
1822 0 2677 1048
1822 32 2677 1048
1838 1870 2548 3136
2007 1475 2378 1862
2378 2153 3024 3104
2378 2153 3024 2999
2378 2153 2894 2628
1459 2249 2161 3330
0 0 2048 1540
330 1153 669 1483
0 1717 1895 4032
0 2790 637 4032
2007 2451 2975 3991
0 604 749 1346
0 2790 620 3757
2580 2427 3024 2999
1080 3548 1814 4032
1838 1870 2515 3136
556 1241 1056 2040
806 1241 1056 1749
564 306 999 604
1725 903 2677 1491
209 0 2048 1540
209 0 2048 1419
1370 596 1878 1419
0 0 540 919
1951 1886 2515 3136
1951 1886 2427 3136
1951 2225 2306 3136
2064 2564 2306 3136
0 1499 499 2056
1378 596 1878 1419
2580 2604 3024 2999
1080 3556 1814 4032
1459 2249 2104 3330
0 2790 620 3290
0 1717 1161 3394
0 2056 991 3394
209 0 2048 1314
0 3225 290 3757
451 2765 991 3394
193 3225 1895 4032
193 3265 1677 4032
475 1717 1161 2620
193 3354 878 3790
1725 903 2193 1491
0 3290 290 3757
209 0 1903 1314
346 0 1903 1314
830 0 1903 814
411 3265 1677 4032
411 3411 1677 4032
411 3612 1306 4032
0 2056 983 2943
1096 3822 1306 4032
2177 3806 2580 4032
2040 3773 2209 4032
1604 3773 1943 4032
0 3765 266 4032
2386 3741 2628 4032
1443 3741 1693 4032
64 3741 637 4032
0 3709 217 3886
411 3612 1185 4032
733 3572 991 3749
233 3532 475 3717
1653 3507 1895 3951
32 3507 290 3757
193 3451 870 3790
169 3435 556 3612
951 3411 1677 3701
48 3362 217 3596
580 3354 878 3548
185 3314 548 3540
0 3290 169 3749
1798 3282 1991 3499
1217 3265 1435 3427
798 3265 1314 3644
1411 3249 1653 3435
451 3249 758 3435
1532 3225 1895 3604
1854 3201 2209 4015
1048 3177 1266 3435
1185 3153 1491 3330
209 3015 491 3394
298 2975 620 3290
2693 2903 3024 3386
451 2846 991 3394
2096 2790 2306 3136
0 2790 379 3273
725 2782 999 2959
1225 2774 1387 3064
483 2765 733 3169
0 2757 185 3007
1999 2749 2161 3088
1080 2741 1338 3209
2580 2733 3024 2999
1225 2709 1604 3249
887 2701 1161 3467
338 2685 540 2999
870 2669 1032 2830
1499 2661 1709 3161
225 2620 451 2846
620 2612 870 2862
2725 2604 3024 2790
2064 2564 2298 2878
1008 2564 1241 2782
1314 2556 1645 2878
2007 2548 2975 3991
1757 2532 1959 2782
2185 2451 2814 3225
2378 2338 2894 2628
1096 2314 1362 2564
2241 2282 2548 2548
1048 2282 1524 2749
1951 2225 2290 2685
604 2225 878 2491
1709 2161 2048 2370
2435 2153 2822 2443
1072 2153 1685 2572
2362 2136 2572 2338
2548 2080 2749 2257
