0 0 4032 3024
1854 193 4032 387
2330 1604 2790 1935
0 0 4032 653
0 96 4032 653
2007 96 4032 322
0 137 4032 653
0 379 4032 653
0 516 4032 3024
0 137 2016 508
3798 2862 4032 3024
0 137 2016 491
0 709 4032 3024
0 516 4032 1128
185 1653 1314 2483
0 540 4032 1128
0 0 4032 225
0 0 2943 225
2096 0 4032 169
0 540 4032 1088
0 556 4032 1088
354 137 2016 483
661 137 2016 467
2725 1943 3419 2282
854 1854 1128 2080
3032 2709 3612 3024
3048 2709 3612 3024
3080 2709 3612 3024
3080 2709 3540 3024
0 830 4032 3024
3564 2362 4032 2862
766 2620 1435 3024
1112 2757 1435 3024
0 2354 346 3024
0 169 1088 491
830 709 4032 1806
1354 2403 1999 2927
1354 2403 1999 2846
0 2636 346 3024
0 169 1040 491
0 193 846 491
991 1088 3862 2290
830 709 3338 1290
830 709 3338 1282
0 1370 4032 3024
3112 838 4032 1806
3112 1064 4032 1806
3257 1064 4032 1806
3273 1185 4032 1806
3298 1298 4032 1806
0 830 1999 1757
2661 1346 3128 1620
0 1540 741 3024
0 830 1999 1588
3257 1064 4032 1483
3257 1064 4032 1362
3201 838 4032 1169
217 1370 4032 3024
217 1661 4032 3024
3080 1661 4032 2733
217 2201 4032 3024
3201 838 4032 1153
0 838 653 1088
508 1370 2999 2693
508 1370 2846 2693
508 1370 2806 2693
508 1387 2806 2693
3298 838 4032 1153
1233 1959 1443 2145
2653 2201 3346 2798
0 2636 201 2999
766 2620 1346 3024
0 967 1999 1588
0 967 1346 1588
3153 1661 4032 2733
0 2636 193 2959
1411 2403 1999 2846
2459 1846 3314 2120
991 1088 3483 2290
991 1088 2846 2290
0 967 870 1588
0 1540 741 2378
217 2298 4032 3024
1177 2483 4032 3024
1362 2483 4032 3024
1008 999 1999 1330
1209 999 1999 1330
1209 999 1822 1330
1209 999 1661 1306
508 1387 2282 2540
0 1540 741 2346
0 1540 741 2024
0 1572 604 2024
169 1572 604 1830
3467 1661 4032 2274
0 967 717 1588
1362 2483 3128 3024
1362 2483 3104 3024
1362 2483 2403 3024
3024 2515 4032 3024
3024 2515 3572 2806
2459 1846 3144 2120
1572 2112 2282 2540
508 1387 2048 2306
217 2298 1507 3024
217 2298 1354 3024
2306 2677 3104 3024
508 1387 1983 2153
725 1387 1983 1975
1669 2483 2403 2967
749 1387 1983 1822
749 1387 1943 1822
1016 1516 1943 1822
0 1895 532 2346
1669 2483 2306 2967
1669 2483 2306 2886
1903 2483 2306 2830
217 2403 991 3024
0 2274 580 3024
1153 1516 1943 1822
0 967 717 1378
725 1661 1886 1975
3273 2846 3556 3024
24 2782 201 2999
1983 2774 2193 2967
2612 2757 3104 3024
3080 2709 3540 2983
2306 2677 2765 3024
766 2677 1346 3024
3467 2669 4032 3024
1669 2653 1943 2886
2298 2636 2564 2822
1177 2636 1427 2806
0 2636 193 2878
1983 2612 2306 2830
3273 2604 3572 2774
1362 2604 2346 3024
685 2596 1112 2854
3564 2588 4032 2862
3024 2515 3330 2806
2128 2491 2403 2669
3540 2483 3814 2677
1903 2483 2209 2725
32 2459 580 3024
1411 2443 1862 2846
1217 2435 1443 2677
217 2435 637 2636
1701 2403 1999 2669
338 2403 991 3024
3733 2362 4032 2661
0 2354 322 2790
1201 2306 1507 2515
919 2298 1354 2685
790 2282 1145 2556
0 2274 580 2532
1814 2265 2040 2499
2661 2201 3346 2798
0 2169 249 2378
2193 2161 2806 2693
2774 2145 2999 2395
1725 2112 2282 2540
3153 2032 3991 2733
3620 1959 4032 2274
2790 1943 3419 2282
1475 1911 2048 2306
967 1911 1128 2080
0 1895 475 2274
3112 1862 3314 2024
2153 1862 2386 2120
1911 1854 2225 2088
2644 1846 3144 2120
3862 1798 4032 1999
1016 1798 1838 2604
508 1798 1040 2153
0 1709 282 2024
725 1669 1524 1951
3467 1661 4032 2136
1435 1661 1886 1975
2330 1653 2790 1935
2354 1604 2782 1766
298 1572 604 1790
524 1540 741 1701
1016 1532 1217 1741
1153 1524 1596 1766
1540 1516 1943 1822
2685 1475 3862 2096
1604 1435 1983 1628
749 1387 1161 1725
0 1354 217 1588
2661 1346 3128 1612
1790 1274 2846 2290
467 1217 1169 1475
0 1209 935 1757
3273 1185 3572 1387
3403 1137 4032 1362
1806 1128 1999 1298
2120 1120 3483 1669
3693 1088 4032 1257
991 1088 2161 1588
314 1032 1346 1233
1612 1016 1822 1330
1209 999 1564 1185
0 967 717 1282
56 838 653 1088
508 830 1185 1072
0 596 346 758
0 556 4032 1032
1999 379 4032 653
0 241 661 491
491 193 846 354
2007 112 3870 322
1886 32 2943 225
2620 0 4032 169
0 0 4032 1387
0 1016 4032 3024
0 1016 4032 2669
0 2032 4032 3024
0 0 4032 508
0 298 4032 508
1886 0 4032 322
0 379 4032 1387
620 298 4032 508
0 0 2290 491
0 379 4032 1362
0 379 4032 758
0 556 4032 1362
3048 2806 3612 3024
3161 2806 3612 3024
3273 2806 3612 3024
0 1016 2282 2669
1790 1064 4032 2330
1790 1120 4032 2330
2653 2507 3128 2886
2653 2507 2830 2886
1790 1120 4032 2314
1056 2620 1427 2806
1790 1120 4032 2290
3612 1056 4032 1257
3112 1064 3491 1225
0 1016 2161 2080
0 1653 2282 2669
0 2201 2765 3024
2411 1451 2854 1628
3701 1290 4032 1483
0 1016 2161 2024
3701 1290 3902 1451
3540 2403 3951 2677
1886 0 4032 225
0 1088 2161 2024
0 556 4032 1056
3040 854 3491 1056
1983 2032 4032 3024
1233 1870 1443 2145
1233 1870 1443 2104
943 1532 1217 1790
1983 2032 4032 2862
0 709 4032 1362
1572 2177 2040 2669
2459 1298 4032 2274
2193 2032 4032 2862
3298 838 4032 1362
1604 1370 1983 1628
0 1225 403 1588
1983 2491 2564 2830
1572 2177 1862 2395
1483 1016 1999 1330
1612 1016 1999 1330
0 2201 1112 3024
0 1653 2282 2604
1790 1120 3483 2290
1790 1274 3419 2290
766 2298 2765 3024
0 2201 580 2532
1016 1798 2282 2604
1983 2491 2403 2830
2612 2515 4032 3024
2612 2669 4032 3024
2612 2709 3540 3024
0 709 3338 1282
0 830 1564 1282
0 830 1419 1282
0 2354 1112 3024
0 1209 1169 2024
1701 2265 2040 2669
919 2298 2209 2886
2685 1298 4032 2274
56 830 1419 1233
56 830 1185 1088
0 1653 1314 2483
0 1209 1169 1790
766 2604 2765 3024
766 2677 1435 3024
725 1088 2161 1975
3620 1798 4032 2274
1217 2435 2209 2886
1411 2443 2209 2886
1911 1854 2386 2120
1669 2483 2209 2886
0 1209 1169 1757
32 2403 1112 3024
1362 2604 2765 3024
1475 1911 2282 2540
314 1032 1419 1233
725 1516 1943 1975
3153 2032 4032 2862
0 1209 1161 1757
0 1895 475 2378
2685 1298 4032 2136
3298 1298 4032 2136
2193 2161 3346 2798
32 2403 991 3024
1201 177 4032 475
0 0 4032 1153
0 491 4032 1153
0 0 4032 677
2306 1604 2790 1935
0 846 4032 3024
0 96 4032 677
0 362 4032 677
0 96 4032 508
1999 96 4032 330
1161 362 4032 677
0 137 2024 508
0 1435 3330 3024
0 1854 1419 3024
1467 1274 4032 3024
1790 1274 4032 3024
1467 1757 2386 2395
0 846 4032 2024
0 846 4032 1677
0 846 3830 1677
2636 2016 2903 2330
2636 2104 2903 2330
0 1064 2040 2024
0 1064 2040 1903
3096 1088 4032 1387
516 1774 693 1951
2306 2548 3661 3024
0 1064 2040 1814
0 1064 1895 1814
0 1064 1895 1749
3096 1096 4032 1387
3096 1096 4032 1362
2306 2653 3661 3024
2306 2677 3515 3024
0 967 1370 1362
2612 2693 3515 3024
2306 2677 2774 3024
1209 2636 1419 2806
3257 2548 3467 2733
3072 2153 3346 2459
2725 2104 2903 2274
0 2104 1419 3024
1217 1895 1483 2136
2451 1886 2782 2072
0 1862 201 2024
782 1854 1056 2120
1717 1822 2386 2153
1467 1757 1943 2395
2306 1620 2790 1935
846 1556 1161 1741
2572 1499 2782 1669
3306 1298 4032 1886
3273 1185 3572 1346
3403 1153 4032 1362
3612 1088 4032 1274
88 1040 1370 1225
0 967 717 1362
427 846 3830 1677
1161 362 4032 645
1999 112 3870 330
637 177 4032 491
0 362 4032 1153
0 1274 4032 3024
0 967 2040 2024
0 0 4032 330
0 967 1895 2024
1161 362 4032 653
427 846 4032 1886
3096 1088 4032 1886
3096 1096 4032 1886
0 1725 201 2024
0 967 1895 1870
0 1064 1895 1870
548 1685 766 1870
3306 1153 4032 1886
0 967 1419 1362
88 1040 1419 1225
564 0 4032 491
564 96 4032 491
2749 0 4032 169
1991 96 4032 322
564 137 4032 491
1999 137 4032 362
2491 137 4032 314
0 0 4032 798
2378 628 2693 806
0 499 4032 3024
2338 1612 2790 1927
2378 1636 2790 1927
2378 1636 2790 1903
3564 532 4032 798
2378 1693 2790 1903
0 0 4032 628
0 0 2257 169
0 387 4032 628
564 274 4032 491
2943 693 3572 911
0 0 2975 499
0 137 2096 499
0 137 2096 370
0 137 1991 346
2419 387 4032 620
862 274 4032 475
862 306 4032 475
0 153 1596 346
516 153 1596 346
427 2532 677 2765
0 620 4032 3024
0 177 1774 499
0 499 3951 1177
1895 0 2975 209
362 1048 943 1306
0 2354 411 2636
3572 2540 3951 2749
88 1798 427 1975
2927 2782 3935 3024
2927 2782 3644 3024
1991 112 3878 322
169 177 1774 499
0 499 3088 1177
0 499 2580 1177
0 516 2354 1177
314 177 1774 499
0 516 2007 1177
1701 548 2354 749
0 540 2007 1177
0 556 2007 1177
725 556 2007 943
0 943 4032 3024
1556 2725 2169 3024
0 580 1169 1177
1209 620 4032 1443
1701 2749 2169 3024
2927 2782 3612 3024
3080 2782 3612 3024
3161 2782 3612 3024
1249 1241 1766 1661
322 177 1774 499
0 2814 620 3024
3225 620 4032 927
3225 620 4007 798
322 2814 620 3024
2741 2491 3265 2830
2854 2491 3265 2830
322 177 1677 499
999 177 1677 435
1145 177 1677 419
1249 1241 1757 1572
1209 709 4032 1443
3064 717 3927 1056
362 1403 1080 2016
362 1403 1080 1814
2128 1346 3265 2120
2128 1346 3265 1790
2282 1346 3265 1709
766 2088 1048 2265
2854 2620 3265 2830
2854 2620 3128 2830
451 1403 1080 1814
0 580 951 1177
3144 2467 3661 2733
2411 1346 3265 1709
2411 1346 3161 1709
2411 1346 3161 1693
1209 709 2177 1241
1604 854 4032 1443
0 580 588 1177
0 774 483 1177
0 846 362 1177
1806 2749 2169 2967
1983 2749 2169 2927
1725 1709 4032 3024
0 1951 1766 3024
3282 878 3830 1161
0 1999 346 2362
1604 854 3265 1443
1604 854 2991 1443
0 943 4032 2741
2386 959 3265 1290
2386 959 3056 1290
2386 959 3040 1128
1330 1757 1725 2322
1330 1757 1677 2322
1330 1757 1677 2177
0 2096 346 2362
3112 991 4032 1362
3177 991 4032 1362
362 1088 774 1306
0 2145 1766 3024
1362 2757 1749 3024
0 580 588 854
2145 2265 2403 2669
0 1999 258 2249
3467 2233 4032 2999
3580 2233 4032 2999
3580 2233 4032 2838
3580 2233 4032 2644
0 943 1588 1572
145 943 1588 1306
322 282 1161 499
661 282 1161 467
1604 862 2467 1443
1725 1709 3620 3024
3257 1128 4032 1362
3257 1128 3782 1346
0 2145 1661 3024
1201 2290 1661 2725
451 1443 943 1814
145 951 1588 1306
564 959 1588 1306
1604 862 2467 1330
1604 862 2467 1185
1604 862 2467 1145
1604 862 2080 1145
1725 1709 3354 3024
1975 2757 2475 3024
1604 862 1983 1032
362 1951 854 2306
1378 1757 1620 1951
1725 1709 3273 3024
0 2145 1451 3024
322 2145 1177 2814
564 2145 1177 2814
0 999 4032 2741
2790 1266 4032 2644
749 959 1588 1306
749 1040 1588 1306
1120 1112 1588 1306
2790 1451 4032 2644
0 2193 927 2532
0 2193 798 2532
249 2193 798 2483
0 1048 749 1572
0 2459 1451 3024
0 2459 1249 3024
0 2459 1177 3024
0 2459 491 2999
0 2459 314 2878
564 2145 1177 2580
435 2532 1177 3024
435 2532 1177 2983
3580 2233 4032 2459
3798 2233 4032 2459
2451 1709 3273 2580
0 1048 749 1459
1725 2217 3193 3024
2596 2499 3193 3024
2596 2499 2894 3024
564 2145 1177 2572
806 2145 1177 2524
2451 1709 3144 2572
1725 2217 2798 2983
1725 2411 2798 2983
1725 2499 2798 2983
1725 2540 2798 2983
1725 2540 2572 2846
1725 2540 2306 2846
1725 2540 2209 2846
2636 1346 3161 1693
0 999 3249 2741
2822 1451 4032 2644
362 2024 774 2306
2451 1846 3144 2572
3548 1709 3959 1943
2507 1846 3144 2572
2822 1499 4032 2644
3330 1499 3765 1725
2822 1532 4032 2644
2927 1532 4032 2644
2927 1661 4032 2644
3153 1661 4032 2644
0 1709 677 2153
0 1709 677 2136
0 1709 677 2048
2983 1266 4032 1620
0 999 3249 2661
1072 1967 2040 2741
2507 1846 3048 2572
2507 2040 3048 2572
2507 2088 2798 2386
1725 2540 2064 2846
3153 1830 4032 2644
3636 1830 4032 2072
2983 1266 4032 1580
2983 1266 3725 1580
2983 1266 3459 1580
435 2661 1177 2983
0 999 3249 2354
1548 999 3249 1846
0 1709 387 2048
2370 1137 3249 1572
3153 1911 3862 2644
3153 1911 3862 2612
3153 2290 3628 2612
2007 1951 2846 2661
2257 1951 2846 2661
2257 2007 2806 2661
0 1709 282 2048
3628 1290 4032 1540
2257 2007 2709 2282
1241 2128 2040 2741
1507 2249 2040 2741
2927 1669 3677 2459
3273 1911 3862 2419
2983 1266 3354 1580
3273 2128 3862 2419
0 1209 2233 2354
1403 1516 2233 2354
0 1209 1556 2193
0 1209 1507 1886
467 1209 1507 1886
661 1580 1556 2193
661 1580 1161 1830
1556 1516 2233 2354
2322 2169 2806 2661
2338 2169 2806 2612
1548 999 2822 1846
1612 1104 2822 1846
1612 1104 2822 1588
1612 1378 2080 1588
0 1290 782 1749
0 1290 580 1749
2927 1967 3427 2459
725 1782 1556 2193
725 1782 1556 2088
725 1782 1306 2088
1798 1483 2298 1846
467 1217 1507 1886
870 1330 1507 1886
1556 1516 2032 1935
2007 1104 2822 1507
1201 2290 1588 2677
153 1290 580 1733
1564 1774 2233 2354
1580 1822 2233 2354
1580 1903 2056 2354
467 1217 1064 1491
2685 2040 3048 2572
870 1475 1507 1886
2370 1201 3072 1572
1580 1911 2048 2354
153 1338 483 1733
3322 2854 3564 3024
1499 2854 1749 3024
3161 2830 3435 3024
596 2830 822 3024
1975 2822 2282 3024
459 2822 620 3024
322 2814 491 3024
1806 2774 2072 2967
2080 2757 2475 3024
1362 2757 1564 2935
1556 2725 1846 2903
24 2717 491 2999
3467 2709 3733 2935
2790 2709 3193 3024
3685 2701 4032 2999
790 2685 1177 2983
3217 2677 3620 2838
2612 2677 2894 3024
2306 2677 2798 2983
1516 2661 1766 2854
435 2661 887 2919
1064 2644 1451 3024
3040 2628 3265 2806
2056 2612 2306 2806
0 2612 314 2878
1290 2604 1588 2822
3854 2588 4032 2838
2265 2588 2572 2838
258 2580 443 2774
3394 2572 3661 2733
1862 2572 2064 2733
1991 2556 2209 2765
1725 2540 2016 2846
3032 2532 3354 2790
499 2532 677 2725
2741 2515 2935 2741
620 2507 862 2725
2596 2499 2790 2701
2459 2499 2709 2725
2870 2491 3048 2669
2145 2475 2386 2669
3144 2467 3459 2653
878 2459 1088 2814
0 2459 274 2677
322 2435 620 2653
1201 2427 1475 2677
1548 2419 1717 2588
1983 2411 2225 2628
1411 2403 1661 2725
2322 2395 2515 2661
967 2386 1177 2580
3540 2370 3814 2556
3298 2370 3628 2612
564 2370 919 2572
3733 2362 4032 2644
0 2354 274 2636
3007 2346 3273 2580
2451 2346 2806 2612
1604 2330 2040 2741
3798 2298 3983 2459
0 2298 370 2532
3153 2290 3346 2540
1419 2290 1588 2467
3580 2265 3846 2435
2193 2265 2403 2540
1024 2265 1354 2741
806 2257 1145 2524
1507 2249 1822 2483
2927 2241 3249 2459
419 2241 798 2451
3838 2233 4032 2419
2088 2217 2322 2532
669 2201 927 2459
2685 2193 3048 2572
2532 2193 2798 2386
1104 2193 1378 2378
249 2193 564 2483
2338 2169 2564 2427
3169 2153 3523 2322
951 2145 1177 2330
1870 2136 2225 2475
3273 2128 3685 2419
1241 2128 1548 2354
56 2128 346 2362
1685 2112 2048 2354
1459 2112 1628 2322
3628 2096 3951 2274
2507 2088 2765 2282
2257 2064 2459 2282
2991 2056 3169 2217
2790 2040 3032 2346
491 2040 774 2306
3540 2024 3717 2201
362 2024 612 2274
2411 2007 2709 2177
2007 1999 2330 2274
0 1999 185 2185
3725 1983 3935 2145
830 1975 1112 2193
3862 1967 4032 2265
3056 1967 3427 2274
1072 1967 1507 2298
298 1959 467 2136
2677 1951 2846 2225
580 1951 854 2177
1330 1935 1677 2177
120 1935 387 2153
3378 1911 3749 2217
1580 1911 1814 2209
1733 1903 2056 2136
0 1862 201 2048
2822 1854 3112 2016
2636 1846 2862 2048
3862 1830 4032 1991
1911 1822 2233 2088
1266 1822 1556 2040
1104 1822 1306 2088
193 1798 427 1975
725 1782 1128 2088
596 1782 967 2016
1564 1774 1757 1975
3782 1725 3959 1935
330 1725 677 2048
3548 1709 3862 1943
2790 1709 2975 1870
0 1709 282 1903
2145 1701 2386 2120
2556 1693 2790 1903
870 1677 1475 1886
3112 1669 3677 2080
1701 1653 2032 1935
3088 1645 3265 1838
1903 1636 2298 1846
2338 1612 2782 1870
451 1596 766 1814
2128 1580 2354 1790
862 1580 1161 1741
2790 1572 3112 1878
3330 1564 3523 1725
298 1564 524 1733
0 1540 282 1749
3193 1532 3419 1911
1403 1532 1653 1774
1556 1516 1895 1830
2725 1507 2951 1709
3435 1499 3765 1725
3814 1483 4032 1741
1798 1483 2136 1725
1153 1475 1507 1766
169 1475 483 1733
3564 1451 3902 1798
588 1443 943 1725
3265 1419 3491 1620
2282 1419 2596 1653
2032 1419 2362 1612
491 1419 782 1604
782 1403 1080 1645
2903 1387 3161 1685
2370 1387 2685 1572
1782 1378 2080 1548
3822 1354 4032 1516
2983 1346 3306 1580
2636 1346 2983 1693
0 1346 209 1572
1161 1338 1370 1499
153 1338 443 1499
3362 1330 3725 1556
991 1330 1233 1588
467 1306 766 1491
3628 1290 3894 1540
258 1290 580 1459
3064 1266 3354 1475
1411 1257 1620 1467
1636 1249 1895 1507
2007 1241 2524 1507
1257 1241 1483 1451
709 1217 1064 1451
943 1209 1306 1387
2596 1201 3072 1483
1806 1185 2040 1443
3677 1169 4032 1362
3362 1145 3782 1346
2911 1137 3249 1378
564 1137 774 1306
0 1137 249 1459
3112 1120 3435 1330
2572 1120 3056 1290
2169 1104 2822 1378
362 1088 685 1257
1983 1072 2282 1330
153 1048 749 1362
749 1040 1346 1225
2048 1024 2403 1185
1548 999 2088 1298
3177 991 3459 1169
3757 983 3943 1153
1822 967 2080 1145
2701 959 3040 1128
0 959 249 1177
3604 919 4032 1290
3282 878 3773 1112
1983 878 2467 1096
2354 854 2991 1048
1209 798 1935 1241
201 774 483 935
3064 717 3628 1056
1790 709 2177 983
943 709 1548 975
2080 701 2338 903
2943 693 3378 911
2685 685 3161 959
395 669 951 983
2798 645 2999 814
3483 637 4007 798
2233 612 2540 798
306 596 733 798
2524 580 3088 822
725 580 1330 943
1233 556 2007 862
1701 548 2072 709
2419 443 3080 620
2685 387 4032 548
322 338 862 499
48 330 258 491
790 290 1161 451
661 282 919 467
169 274 467 499
0 258 258 435
1298 241 1596 411
999 233 1274 435
1733 201 2096 370
1145 193 1322 419
516 153 1104 346
2612 137 4032 306
0 532 4032 3024
0 532 4032 2354
0 1709 4032 3024
0 0 4032 854
862 274 4032 572
0 1048 4032 2354
0 532 4032 1612
0 548 4032 1612
862 306 4032 572
2749 0 4032 185
3080 2604 3935 3024
3080 2604 3644 3024
72 1064 395 1241
2338 1612 2790 1903
3080 2604 3620 3024
0 387 4032 854
1362 1951 4032 3024
3217 2604 3620 3024
0 1709 2225 3024
1209 798 3782 1612
3257 1128 3636 1298
0 0 3427 499
0 0 3427 322
0 0 2975 209
1999 1169 4032 2274
0 177 2096 499
0 1048 2298 2354
0 548 4032 1362
354 870 838 1072
2991 2628 3265 2830
0 491 2007 854
2007 1169 4032 2274
1983 1951 4032 2749
0 177 1685 499
0 153 1104 346
1362 2346 4032 3024
3217 2677 3620 3024
0 516 1524 854
2854 2491 3048 2757
3322 2806 3612 3024
2088 1951 4032 2749
0 258 677 499
2378 620 4032 1290
2491 620 4032 1290
3298 2370 3806 2644
0 548 2991 1362
491 1757 2048 2354
749 1040 1411 1225
2128 1169 4032 2217
2927 2346 4032 3024
2927 2346 4032 2999
3467 2588 4032 2999
0 516 1233 854
1362 2395 3193 3024
2128 1201 4032 2217
2927 2346 3661 2927
1886 387 4032 822
1983 387 4032 822
1540 201 2096 387
2128 1419 2677 1790
2419 387 4032 822
3725 1661 4032 2145
0 1709 467 2774
1895 0 2951 209
2419 0 2951 193
491 1774 2048 2354
2685 620 4032 1290
2943 620 4032 1290
3177 991 3830 1169
0 1709 467 2636
3007 2346 3661 2790
2145 1201 4032 2217
249 2024 2225 3024
322 177 1685 499
790 177 1685 451
999 177 1685 435
1145 177 1685 419
3467 2701 4032 2999
1701 548 2991 1104
2419 443 3951 822
0 1048 2298 2136
459 2822 822 3024
0 1048 1177 2048
862 1540 1177 1741
870 1209 2298 2136
2419 443 3951 645
1362 2515 3193 3024
1209 798 3249 1612
1290 177 1685 395
0 1048 1080 2048
2282 1419 2677 1653
0 1709 427 2636
0 2298 411 2636
0 2298 411 2604
0 556 2177 1362
0 766 749 1362
2943 620 4032 1112
1991 2475 2386 2765
0 1709 427 2362
0 766 362 975
2056 2395 2709 2838
2322 2395 2709 2725
2056 2588 2572 2838
3007 2346 3354 2790
2233 612 2991 1104
0 1709 427 2249
1548 2354 1822 2588
169 258 677 499
322 282 919 499
2330 959 3782 1346
2701 959 3782 1346
3032 999 3782 1346
3112 1120 3782 1346
