0 0 3024 4032
1257 387 1701 669
1257 387 1532 556
895 1862 1878 2636
895 1862 1741 2636
0 766 185 1016
0 1870 499 2322
725 3620 967 4032
895 1862 1717 2636
2298 3427 2507 3798
2080 185 3024 1846
2080 645 2782 1846
2636 3169 2991 3669
2096 145 2636 677
1370 0 1628 282
2395 185 3024 766
2395 298 3024 766
2467 298 3024 693
72 2128 524 2378
2782 298 3024 620
80 3306 564 3749
1040 2032 1741 2564
1499 1112 1886 1516
1499 677 2032 1008
1411 3540 1830 4032
2459 2064 2782 2483
1032 2548 1443 2838
733 3540 1387 4032
2112 3596 3024 4032
1411 3540 1830 4015
806 3540 1387 4032
88 1596 362 1838
1499 677 1693 999
338 0 790 403
2064 2774 2628 3056
1241 2032 1741 2443
475 2298 766 2612
1838 1886 2193 2403
1104 3394 1709 4032
1185 3515 1709 4032
701 806 1757 2088
782 806 1757 2007
1096 1862 1717 2467
1241 2040 1741 2443
2153 2395 2532 2733
2112 3596 2878 4032
862 806 1757 1854
0 2306 233 2564
0 1282 177 1580
0 2532 1540 3709
0 2532 1443 3709
548 3620 903 4032
572 3620 903 4032
451 2532 1443 3362
451 2596 1443 3362
451 2596 1370 3362
451 2596 1217 3362
1612 193 2209 895
2112 3596 2878 3999
0 3040 556 3709
862 806 1757 1790
1024 806 1298 1257
766 0 1653 733
274 3830 524 4032
1040 2330 1524 2564
153 693 838 1403
1838 1895 2072 2403
2757 798 3024 1161
2838 2395 3024 2588
403 693 838 1403
524 693 838 1177
862 991 1757 1790
870 1346 1274 1790
0 0 1048 822
0 0 749 645
0 0 451 459
2201 0 3024 491
1709 3282 2556 4032
1975 3677 2556 4032
1975 3717 2556 4032
2112 3838 2556 4032
1241 822 2209 1378
1257 822 2209 1378
1266 822 2209 1378
2185 3128 3024 3886
2314 1274 3024 2459
2314 1830 3024 2459
2314 1830 3024 2346
2314 1830 3024 2282
2354 1830 2870 2136
0 1443 685 2290
0 1443 645 2290
0 1524 645 2290
0 1685 524 2290
1709 3282 2306 4032
2177 653 3024 1895
2532 1274 3024 2120
298 0 749 645
1628 1346 2330 1862
1628 1532 1927 1854
766 0 1653 540
766 0 1548 540
1185 56 1548 540
1612 895 2209 1378
104 3040 556 3628
766 0 1370 524
766 0 1370 338
403 1016 822 1403
927 3540 1387 4032
274 3838 524 4032
1886 1346 2330 1862
2822 3136 3024 3306
8 3330 878 4032
0 0 3024 3749
1169 2024 2088 2822
1169 2040 2088 2822
1346 2040 2088 2822
1435 2040 2088 2765
1854 2540 2088 2765
1612 193 2209 701
1661 193 2209 685
1709 193 2209 612
2378 2040 2749 2346
2378 2040 2749 2322
0 0 330 395
0 137 330 395
1701 2338 1943 2572
16 3419 637 3983
161 3419 637 3838
177 3419 637 3838
1024 806 1298 1217
0 1741 524 2290
2298 3128 3024 3886
2298 3257 3024 3886
2685 3298 3024 3685
411 3499 580 3838
1709 354 2145 612
2201 0 3024 346
2298 3257 2846 3886
2338 3507 2846 3886
1257 854 1604 1137
2177 1266 2870 1895
1709 3282 2306 3870
1846 3040 2225 3515
2604 1314 3024 2120
2661 1653 3024 2120
2733 2128 3024 2459
0 2282 967 3523
0 2306 790 3523
2475 653 3024 1524
2475 983 3024 1524
0 2306 637 3523
2201 0 3024 322
2249 0 3024 322
2515 0 3024 322
2136 2774 2628 3056
1846 3040 2209 3427
1911 3040 2209 3427
2177 1314 2870 1895
16 3733 290 3983
1612 895 2209 1145
1757 951 2209 1145
88 1741 524 1959
0 0 2677 1862
1225 0 2677 1507
1475 0 2677 903
1475 0 2314 572
2064 56 2677 903
0 161 1314 1862
2064 56 2564 733
2185 499 2677 903
2661 1080 3024 1524
1749 3282 2306 3854
1346 2451 1620 2822
1346 2467 1620 2822
1475 0 2282 572
1548 0 2282 572
0 201 1314 1862
8 3330 685 4032
177 1088 3024 3749
177 1604 1596 2588
177 1749 1580 2588
1225 580 2596 1507
1225 580 2596 1161
1572 580 2596 1161
1911 580 2596 1161
0 201 1314 1766
0 1008 790 1766
782 1088 3024 3749
1209 1088 2798 2193
1209 1088 2798 2048
1757 1693 2798 2048
1604 0 2282 572
8 3757 572 4032
2064 56 2564 725
2064 193 2378 725
782 2080 3024 3749
628 3620 903 4032
0 1008 524 1588
0 201 1314 1620
0 354 1169 1620
2515 0 3024 258
862 991 1757 1411
1161 991 1757 1354
177 2016 1217 2588
604 2016 1217 2588
0 2306 637 3225
475 1249 1016 1620
475 1338 1016 1620
596 3338 878 3677
782 2564 2644 3749
782 2709 1959 3749
282 1370 790 1766
2112 3838 2419 4032
1209 1088 2128 2024
2048 1346 2330 1798
1975 2241 2306 2628
854 201 1314 830
822 2709 1959 3749
870 2709 1959 3685
870 2709 1411 3564
870 2967 1411 3564
1177 3144 1959 3685
1991 2080 3024 3475
2733 2427 3024 2935
1233 1088 2128 2024
1233 1209 2128 2024
1233 1209 2120 2024
1798 1499 2120 1733
1572 2572 1927 2886
475 1338 943 1620
1991 2080 2862 2596
1911 1693 2798 2048
2282 2548 3024 3475
1435 2040 2056 2757
1387 2564 2644 3596
1483 2564 2644 3596
1693 2564 2644 3596
1338 3144 1959 3677
1338 3161 1838 3677
1338 3354 1766 3677
1338 3394 1766 3677
0 354 1169 1354
0 580 1169 1354
217 628 1169 1354
435 628 1169 1354
669 669 1169 1354
669 685 1169 1354
669 790 1169 1354
2007 2314 2306 2628
1233 1209 1886 2024
1233 1209 1838 2024
1233 1209 1757 1741
1782 1088 2112 1507
217 693 508 1201
0 1008 524 1475
878 2153 1217 2588
1338 3394 1766 3661
1362 3088 1653 3491
2282 2806 3024 3475
2507 653 3024 1241
1604 0 2209 572
1604 0 1999 572
1693 2564 2644 3273
2282 2806 3024 3249
1233 1330 1669 1741
1693 2564 2435 3273
1693 2782 2435 3273
491 2886 854 3362
717 790 1169 1330
717 790 1153 1266
1975 2241 2274 2483
2112 3846 2298 4032
548 3846 717 4032
8 3846 298 4032
2241 3838 2419 4032
685 3838 903 4032
1427 3822 1636 4032
1790 3782 1975 4032
88 3773 290 3951
282 3757 572 3967
2846 3733 3024 3967
2386 3733 2564 3902
1411 3733 1806 4032
16 3733 209 3983
1975 3717 2177 4032
2741 3693 2951 3983
2185 3677 2403 3870
806 3661 967 4032
1387 3652 1709 4032
2725 3604 3024 3773
927 3604 1387 4032
2112 3596 2451 3983
1709 3580 1967 3870
806 3548 1080 3838
1411 3540 1782 4015
1048 3540 1387 3846
1749 3532 2136 3854
1185 3515 1395 3757
2386 3507 2846 3886
2338 3507 2507 3749
822 3507 1080 3749
411 3499 580 3798
177 3419 637 3782
2685 3394 2927 3644
1338 3394 1572 3661
1104 3394 1282 3572
0 3378 419 3709
2693 3362 2991 3669
1499 3354 1661 3515
1177 3354 1378 3685
862 3346 1024 3540
596 3338 878 3652
475 3330 685 3814
80 3314 532 3733
120 3306 564 3749
2814 3298 3024 3685
1838 3282 2306 3701
2298 3257 2685 3596
72 3257 282 3435
1927 3233 2209 3427
2257 3225 2475 3523
1895 3225 2290 3652
2483 3217 2765 3475
2451 3217 2765 3596
782 3209 983 3532
2636 3169 2854 3411
1645 3161 1838 3499
1467 3161 1653 3419
2096 3153 2346 3596
0 3153 233 3523
48 3153 225 3346
1733 3144 1959 3596
2741 3128 2935 3403
104 3128 435 3475
0 3128 161 3290
870 3112 1403 3564
1362 3088 1548 3491
1846 3080 2032 3306
524 3080 854 3362
282 3048 499 3209
1911 3040 2136 3354
201 3040 556 3628
1693 2975 2007 3233
1443 2967 1782 3209
1040 2967 1411 3338
2282 2959 2806 3249
330 2959 580 3128
1725 2886 2435 3273
1378 2886 1540 3169
491 2886 782 3306
1483 2862 1717 3048
2314 2854 2628 3056
2153 2838 2411 3217
1145 2830 1443 3048
2540 2806 3024 3217
2136 2774 2507 2967
1387 2709 1693 2943
1080 2709 1290 3015
1169 2685 1370 2959
1572 2669 1886 2886
2749 2661 2911 2903
2241 2644 2644 2943
991 2636 1201 2870
1346 2612 1620 2822
1177 2604 1443 2838
451 2596 1217 3338
1798 2564 2282 2854
2475 2548 2782 2886
508 2548 790 2765
1854 2540 2024 2765
927 2532 1112 2749
1169 2491 1443 2693
2209 2483 2532 2733
1387 2467 1548 2653
2007 2451 2241 2628
895 2435 1169 2636
2153 2395 2330 2596
2016 2378 2177 2596
1435 2362 1943 2757
0 2362 572 3225
0 2362 233 2564
1709 2338 1943 2532
1112 2330 1524 2524
338 2306 637 2564
2451 2282 2862 2596
628 2282 967 2653
2072 2257 2274 2427
1975 2241 2233 2483
2475 2225 2774 2483
72 2201 274 2378
2830 2193 3024 2532
878 2185 1128 2588
1048 2153 1217 2362
2838 2145 3024 2443
2435 2145 2685 2322
2733 2128 3024 2338
185 2128 524 2362
1096 2120 1427 2467
419 2096 628 2282
1991 2080 2532 2572
2725 2064 2903 2265
2459 2064 2782 2338
177 2056 717 2322
2378 2040 2749 2249
1604 2040 2056 2532
1257 2040 1741 2435
1419 2032 1701 2201
604 2016 983 2322
2459 1967 2701 2136
2007 1959 2467 2193
282 1951 645 2145
2354 1911 2628 2136
0 1911 379 2322
1838 1895 2072 2274
1927 1886 2193 2209
2314 1878 3024 2282
0 1870 322 2290
1346 1862 1717 2177
524 1862 895 2169
782 1846 1016 2007
701 1838 919 2088
2556 1830 2870 2007
2056 1814 2798 2048
1757 1798 1935 2040
387 1774 685 2064
88 1766 403 1959
903 1749 1580 2322
217 1741 524 1919
1911 1693 2757 2016
0 1685 306 1991
2661 1653 3024 1951
1443 1653 1838 2024
870 1628 1064 1790
217 1628 459 1846
1790 1620 2128 1846
1266 1604 1596 1911
693 1604 935 1862
112 1596 290 1806
1661 1580 1927 1854
556 1564 790 1766
1628 1532 1862 1733
395 1524 645 1798
169 1524 354 1830
2128 1516 2403 1846
2177 1459 2870 1895
2048 1459 2241 1798
258 1443 483 1814
2572 1403 2757 1741
0 1403 201 1798
161 1378 362 1604
32 1378 290 1588
282 1370 661 1741
1233 1354 1669 1741
2153 1346 2330 1540
1032 1346 1274 1766
927 1346 1249 1645
475 1338 943 1604
1241 1330 1499 1516
2604 1314 3024 1766
2290 1314 2685 1717
1838 1314 2128 1628
2532 1274 2701 1451
2378 1266 2628 1507
2661 1257 2870 1524
2854 1225 3024 1483
862 1217 1225 1411
1282 1209 1757 1653
516 1209 822 1403
1798 1201 2112 1507
0 1201 524 1475
1628 1161 1886 1516
669 1145 903 1354
2475 1112 2701 1314
1499 1112 1806 1338
1782 1088 2007 1467
2798 1080 3024 1314
1161 1056 1459 1306
806 1032 1153 1266
403 1016 774 1346
153 1016 499 1282
0 1008 379 1266
1185 991 1757 1354
2475 983 2919 1378
1983 959 2209 1145
2080 951 2386 1507
1757 951 2007 1128
2757 943 3024 1161
2427 943 2612 1266
2507 927 2717 1241
1322 919 1604 1137
1612 895 1895 1120
274 870 508 1201
2636 854 2814 1048
1257 854 1483 1112
0 846 185 1016
1596 830 2032 1008
1266 822 1636 1008
1128 822 1298 1217
2765 798 3024 1072
717 790 1145 1201
0 766 161 943
2451 758 2628 1088
2193 758 2596 1161
2798 709 3024 870
217 693 419 919
1499 677 1693 927
774 669 991 927
2540 653 3024 1032
2185 645 2378 903
435 628 774 1040
1225 620 1628 903
209 620 540 975
1572 612 1919 951
1911 580 2274 975
0 580 314 1032
2395 564 2677 766
1661 524 1878 685
2072 508 2346 725
2346 499 2677 766
870 499 1314 830
314 499 548 661
935 443 1153 661
612 419 903 725
1516 411 1701 669
1056 403 1233 572
1225 395 1604 733
1257 387 1467 556
524 387 749 645
2822 379 3024 620
524 370 1048 822
1798 354 2145 612
0 354 467 685
2435 338 2636 628
2491 306 2693 564
2685 298 2870 637
2467 298 2846 693
1604 290 1919 572
661 290 830 483
1282 274 1532 459
1088 209 1266 524
854 201 1161 572
2064 193 2378 516
1862 193 2209 427
459 193 790 403
2411 185 2774 362
0 169 330 395
814 161 1072 354
2096 145 2499 677
2653 137 2894 322
0 137 209 370
2749 129 2959 346
1967 96 2314 330
516 64 709 233
2378 56 2564 274
1185 56 1467 540
2201 16 2475 193
1935 0 2209 193
1717 0 1999 362
1548 0 1903 322
1080 0 1370 338
1088 0 1298 258
766 0 1161 290
459 0 725 209
298 0 620 637
290 0 451 338
120 0 379 346
0 0 169 217
0 3306 564 4032
1040 2330 1620 2822
717 1475 1072 1830
822 1475 1072 1830
645 3394 1080 4032
2451 3169 2991 3669
1967 96 2362 330
1886 564 2782 1862
1185 3515 1806 4032
1266 677 2032 1008
516 3685 717 4032
16 3306 564 3951
1266 677 1693 1008
0 1862 3024 4032
2411 2064 3024 2483
2459 2064 3024 2483
2411 24 2894 637
2411 24 2894 362
2411 137 2894 362
1282 0 1741 556
1282 0 1741 499
870 1483 1072 1790
2048 564 2782 1846
2048 645 2782 1846
0 3128 225 3346
1370 0 1741 499
0 0 3024 3169
2475 1274 2701 1491
0 766 2306 3169
1709 2572 1927 2757
645 3394 1080 3838
0 1766 499 2564
0 1870 499 2564
0 1911 379 2564
241 2298 790 2765
895 2032 1741 2749
16 3314 532 3951
1516 145 1741 499
1516 145 1701 499
0 0 3024 2322
1733 379 3024 2322
338 2298 790 2765
0 766 499 1282
153 806 499 1282
2185 3604 3024 4032
2185 3677 3024 4032
2386 3733 3024 4032
1419 0 1596 169
895 2120 1427 2749
895 2435 1225 2749
0 0 3024 1645
1516 354 2145 895
1516 354 2145 701
1733 653 3024 2322
2636 854 3024 1161
2757 379 3024 677
0 870 2306 3169
209 0 725 975
870 1507 1072 1790
1249 3822 1636 4032
475 2298 790 2765
209 0 620 975
32 1370 790 1846
32 1370 790 1830
32 1370 790 1766
806 620 1628 1330
169 1443 645 1830
169 1443 483 1830
2386 3733 2878 4032
1024 620 1628 1217
1411 1959 3024 4032
0 1862 1838 4032
201 2959 580 3628
1693 2975 2032 3306
0 3153 282 3652
1927 3233 2225 3515
2096 145 2846 903
2064 2774 2628 3217
2136 2774 2628 3217
2741 3128 3024 3403
0 1008 1016 2290
1757 653 3024 2322
1024 806 1483 1217
870 870 2306 3169
1499 870 2209 1378
1540 870 2209 1378
2290 653 3024 2120
2290 653 3024 1766
32 1378 362 1604
870 1161 2306 3169
645 3394 822 3830
870 1161 2306 3048
2774 2145 3024 2588
927 3394 1387 4032
2177 0 3024 572
2725 3604 3024 3967
1612 895 2007 1128
2096 145 2677 903
2096 145 2636 733
1128 822 1483 1217
1661 354 2145 685
1757 1459 3024 2322
1757 1459 3024 2282
8 3330 903 4032
2830 2145 3024 2588
2322 338 2636 733
1733 1895 2072 2274
870 1346 1346 1854
2386 3862 2878 4032
870 1346 1274 1854
0 1008 1016 1991
0 1008 1016 1862
0 1403 290 1806
927 2532 1225 2749
2515 0 3024 572
1693 3580 2556 4032
1693 3580 2419 4032
0 0 2596 1645
0 0 1919 1645
935 56 1467 661
1693 3580 2177 4032
0 3153 282 3523
0 1008 1016 1620
1548 0 2596 1628
2830 2145 3024 2532
0 48 1919 1645
1516 411 1830 701
2290 1266 2757 1741
0 48 1757 1645
459 48 1048 822
459 193 1048 822
903 1161 2306 3048
2290 1266 2685 1717
1411 1959 3024 3983
2257 3225 3024 3886
2475 653 3024 1766
766 0 1298 290
8 3419 637 4032
8 3733 524 4032
8 3846 524 4032
0 1008 1016 1604
548 1604 935 1862
1411 3144 2169 3854
1411 3354 2169 3854
903 1161 2128 3048
1628 1161 2120 1733
0 161 1757 1645
1757 1693 3024 2282
1757 1693 2870 2048
2515 0 3024 346
1604 0 2596 1628
1499 3354 2169 3854
217 1741 685 2064
2136 2774 2507 3217
1499 3354 1766 3612
411 3330 685 3814
1838 16 2596 1628
0 1862 1838 4015
1862 16 2596 1507
1693 3580 1975 4032
903 1209 2128 3048
1169 2491 1443 2838
1693 1959 3024 3983
0 354 991 1201
0 354 508 1201
0 354 467 1032
822 2709 1838 4015
1040 2709 1838 4015
1862 193 2596 1507
935 403 1233 661
120 0 451 459
0 1862 1217 3709
628 2153 1217 2653
628 2185 1128 2653
0 3128 435 3709
1693 2564 3024 3983
2475 927 3024 1766
1911 193 2596 1507
1693 3580 1967 3991
2298 3257 3024 3685
403 161 1757 1645
2782 153 3024 572
1967 3717 2177 4032
1991 1959 3024 2935
669 161 1757 1645
1693 2564 2644 3983
2798 1080 3024 1483
1991 1959 2862 2886
1991 1959 2782 2886
403 1016 911 1403
1145 2362 1943 3048
2080 758 2596 1507
1717 0 2209 362
1911 193 2378 975
1177 2967 1838 4015
1177 2967 1838 3685
1838 3040 2451 3983
1838 3153 2451 3983
1838 3153 2346 3701
2475 983 3024 1766
2604 1257 3024 1766
903 1209 2128 2532
0 1008 943 1604
1145 2669 1886 3048
806 1032 1169 1330
435 628 991 1040
1362 2967 1838 3499
1749 3532 2169 3854
1161 919 1757 1354
1185 919 1757 1354
0 1862 1217 3532
903 1209 2056 2532
669 161 1604 1645
72 1862 983 2378
814 161 1604 830
854 201 1604 830
0 2362 1217 3532
491 2886 983 3532
516 1209 911 1403
903 1209 1838 2322
669 790 1249 1645
669 1145 1249 1645
1040 2709 1411 3338
822 3112 1403 3749
1145 2709 1693 3048
862 1217 1249 1645
1798 2564 2644 2943
1661 1580 2128 1854
177 1862 983 2322
524 1862 983 2322
2282 2661 3024 3249
0 2362 1217 3338
1362 3088 1838 3499
2209 2483 2782 2886
1467 3161 1838 3499
524 3080 983 3532
1991 1959 2532 2572
2540 2661 3024 3217
1112 2088 1741 2524
2685 298 3024 620
0 1685 403 1927
1403 3741 1709 4032
2080 483 3024 1846
903 1645 1749 2596
1403 3540 1838 4032
0 749 169 1016
0 749 169 951
903 1645 1749 2532
1411 2016 1749 2338
2282 3257 2677 3604
1201 2096 1725 2451
0 1201 790 1774
0 1322 499 1677
0 3040 556 3588
508 2282 1145 2774
903 1645 1709 2532
2548 193 3024 620
2548 193 2903 620
161 3419 975 4032
161 3419 935 4032
887 1387 1266 1854
919 1387 1266 1854
2386 3725 3024 4032
1620 2975 2306 3685
1701 2975 2306 3685
983 1387 1266 1782
1693 3669 1983 4032
1491 1145 1903 1338
467 0 1024 572
1548 1919 1806 2362
887 137 2120 1274
887 137 2048 1274
1225 137 2048 1008
1233 137 2048 701
1330 137 2048 701
1516 137 2048 701
1524 427 2048 701
1620 483 2048 701
1620 499 1870 701
2677 3136 3024 3782
1516 137 1701 532
0 3136 322 3443
564 1838 1032 2161
701 1838 1032 2080
701 1838 1016 2032
2386 3814 3024 4032
2386 3814 2999 4032
1516 137 1685 499
508 2282 967 2774
161 3419 911 4032
411 3499 911 4032
2677 3136 3024 3677
1628 1314 3024 2346
1628 1540 3024 2346
1628 1540 2757 2120
1911 983 2120 1241
0 2298 298 2604
2467 1314 3024 2120
2540 1314 3024 2120
887 725 1975 1274
2080 0 3024 387
1048 2572 1927 2943
1701 2975 2088 3144
887 1419 1153 1677
2661 1354 3024 2120
0 1459 1491 4032
959 3411 1491 4032
1709 2306 2330 2757
1048 3411 1491 4032
1225 3782 1491 4032
1709 2306 2298 2757
1709 2306 2298 2604
1709 2338 2177 2604
0 1459 1290 4032
0 0 209 370
1653 1580 2757 2120
1741 1741 2757 2120
1774 3669 1983 4032
0 0 2709 1370
137 0 2709 1370
137 0 749 685
0 3249 322 3628
2403 1814 2757 2120
604 0 2709 1370
2661 1661 3024 2120
0 580 3024 4032
2128 685 3024 1895
2128 685 3024 1838
2427 685 3024 1524
2636 685 3024 1524
2636 685 3024 1411
2636 685 3024 1153
2653 685 3024 935
0 580 2290 2056
628 3346 1056 3830
0 1628 1290 4032
0 2306 1290 4032
1024 1806 3024 4032
604 0 2709 1137
1024 2338 1943 2782
0 2306 1217 4032
0 2330 1217 4032
8 3306 685 4032
0 2330 1217 3540
1024 2362 1943 2782
1346 2362 1943 2782
1169 1806 3024 4032
1169 3346 1467 3693
0 2330 1201 3540
0 2330 1201 3427
0 1628 1161 2620
0 1774 1161 2620
0 1814 1161 2620
0 1814 951 2580
1346 1806 3024 4032
0 1459 741 1862
1967 2145 3024 4032
1967 2830 3024 4032
604 0 2709 1088
604 0 2709 895
758 0 2709 895
758 0 2709 782
1645 0 2709 782
1709 282 2709 782
1709 354 2241 701
967 548 1524 895
1782 1088 2290 1854
1806 1378 2290 1854
1967 2959 2878 4032
1346 1806 2951 3870
0 580 1903 2056
2088 282 2709 782
0 580 1838 2056
1669 1870 2128 2483
1669 1895 2128 2483
1225 387 1693 1008
0 1814 709 2580
0 1814 709 2354
0 1814 524 2298
758 0 1903 661
758 0 1548 661
2636 0 3024 354
1798 572 2636 1088
1056 64 1435 580
1346 2564 2644 3870
0 1459 491 1862
0 620 1838 2056
290 733 1838 2056
483 733 1838 2056
483 733 1757 1870
483 733 1532 1870
483 733 1249 1870
483 838 1249 1870
483 838 1249 1862
1645 0 2475 556
1951 0 2475 201
677 733 1024 1185
1024 2483 1435 2693
1362 2564 2644 3636
2467 2145 3024 2935
2282 2959 2878 3951
2080 0 2701 387
758 0 1362 661
1346 3153 2217 3870
0 2330 661 3225
0 2330 612 3225
1669 2564 2644 3636
483 838 1249 1653
1346 3153 1895 3677
1967 3491 2685 4032
0 620 766 1266
209 620 766 1201
1669 2564 2644 3403
1725 2564 2644 3403
1975 2564 2644 3403
1435 3854 1612 4032
2257 3814 2419 3991
1403 3806 1645 4032
1249 3782 1491 4032
249 3773 556 4032
1411 3741 1709 4032
8 3741 322 4032
2798 3725 3024 3975
1774 3669 1983 3991
548 3628 911 4032
653 3612 822 3854
2725 3604 3024 3782
1403 3604 1838 4032
1967 3588 2475 4032
927 3556 1387 4032
959 3540 1378 3765
1983 3532 2298 3822
