0 0 4160 3120
748 698 1106 1156
798 698 990 915
740 124 965 515
1447 0 2005 174
3452 1680 3943 2096
3452 1805 3902 2096
1181 732 1489 973
748 2238 1081 2645
3477 1539 3852 1847
3477 1539 3852 1788
1314 1064 2745 2154
1921 1422 2745 2154
1921 1722 2728 2154
216 2629 524 2953
1489 0 2429 906
1547 0 2429 832
1547 0 2221 832
3394 1015 4060 1472
3394 1015 3968 1472
815 1148 1264 1738
1314 1064 2163 2154
1980 407 2213 698
2138 0 2429 257
956 2604 1198 2970
931 1148 1264 1672
0 1946 374 2362
91 1946 374 2362
3527 241 3960 457
1164 2021 2104 2429
1164 2021 1963 2429
1339 2030 1963 2429
1772 2038 2104 2404
557 374 1148 923
807 374 1148 582
0 199 599 898
0 199 399 898
2912 898 3328 1397
3269 2379 3610 2604
1772 2038 2055 2404
2812 1921 3386 2238
1314 1089 2080 2154
1314 1089 1797 2021
2504 0 2778 332
3294 2046 4160 2404
1988 1431 2304 1838
2080 1431 2304 1838
3494 2046 4160 2404
3744 2570 4151 3120
3860 2645 4151 3120
2837 66 3386 341
2163 2030 2820 2512
2163 2030 2670 2504
2163 2030 2554 2312
2163 2030 2554 2229
2479 2188 2978 2895
2412 2537 3952 3120
2412 2637 3952 3120
2554 2637 3952 3120
2554 2770 3328 3120
2654 1098 3635 1763
2670 1173 3635 1763
2670 1173 3477 1763
2812 2038 3128 2238
2179 2138 2670 2504
1422 2487 1946 2995
1589 2487 1946 2837
1614 2487 1946 2670
2196 1930 2487 2129
865 1872 1713 2179
2837 108 3244 341
0 2096 565 2704
2437 2121 2820 2512
2437 2121 2820 2421
24 690 965 1356
166 690 965 1189
2845 2421 3161 2620
1847 757 2171 998
0 2254 507 2704
0 2288 357 2704
2920 2637 3952 3120
2920 2862 3677 3120
2920 2862 3502 3120
2654 1098 2920 1364
2920 2862 3411 3120
24 906 307 1356
0 0 524 698
2412 2953 2762 3120
1123 782 1780 1148
1206 807 1780 1148
1389 856 1780 1148
1555 906 1780 1148
574 2770 748 3028
166 690 881 1189
3319 1422 3635 1672
1314 1089 1755 1713
1431 0 4160 1863
2978 632 4160 1098
2188 0 2604 432
2188 0 2579 432
2188 0 2487 341
1381 1064 2163 1364
865 1872 1347 2063
1006 1872 1347 2063
3153 2637 3952 3120
1555 0 4160 1505
1555 0 4118 1505
1555 2820 1905 3120
1680 2820 1905 3120
2421 790 4160 3120
3502 2221 4160 3120
3394 1015 3968 1414
0 0 2803 3120
2737 1572 3028 1830
723 898 1173 1347
832 898 1173 1347
998 898 1173 1239
3186 1239 3727 1456
0 0 266 698
74 2254 507 2520
0 2446 524 2912
0 2446 524 2753
2878 166 3652 798
2936 357 3652 798
1547 199 2080 832
83 0 1697 890
83 0 973 890
807 0 1697 890
3036 424 3652 798
3153 424 3652 798
0 723 2803 3120
1639 2246 2803 3053
1872 2246 2570 2845
1872 2246 2537 2845
2021 2246 2537 2845
2903 1921 3386 2096
1040 2121 1539 2504
1256 2121 1539 2504
2346 1422 2745 1880
0 723 2462 3120
0 2462 790 3120
199 2462 790 3120
507 2845 790 3120
1630 0 4118 1505
0 981 865 2088
0 1672 282 2088
2870 2629 3552 3028
1639 2254 2803 3053
1655 2454 2803 3053
2421 790 4160 2812
2421 798 4160 2812
2878 1439 3843 2080
3219 1439 3843 1996
133 723 2462 3120
2421 1664 3943 2812
3203 790 3793 1248
1431 1181 2604 1863
0 2778 257 3120
0 2853 257 3120
432 0 973 407
2878 1822 3278 2080
1431 1181 2570 1863
1431 1397 2188 1863
2496 1797 3943 2812
3286 798 4160 2129
0 981 865 1830
1431 1547 2188 1863
1431 1547 2046 1863
807 0 1622 449
881 0 1622 449
133 1272 2462 3120
940 374 1289 873
2030 0 4118 1505
2030 0 4026 1505
3352 332 3985 615
3677 865 3968 1048
1630 973 2504 1389
1630 973 2288 1331
2504 723 3028 1148
2421 1664 2795 2113
2537 1664 2795 2063
83 108 856 890
0 0 266 374
2030 0 3386 1505
2030 99 3328 1505
1580 1397 2055 1772
0 0 224 249
3286 840 4160 2129
2961 2021 3444 2213
1164 149 1697 890
3286 1114 4160 2129
1447 1181 2570 1847
2720 2312 3078 2770
1431 1547 1896 1863
1655 2454 2803 3036
3677 2404 4160 3120
2604 99 2970 416
607 1239 1073 1655
607 1297 1073 1655
1647 2013 2362 2487
83 266 807 890
2496 1863 3943 2812
2995 2138 3943 2812
3760 1522 4160 2055
133 1272 2362 3120
1106 2670 2362 3120
1397 2670 2362 3120
3286 1564 4010 2129
3103 0 4026 615
3103 0 3827 615
274 1489 790 1996
133 1272 1905 3120
1397 2670 2163 3120
532 2196 1131 3120
3985 1522 4160 1963
2920 2629 3552 3028
532 2396 1131 3120
532 2396 1089 3078
765 2720 1089 3078
2504 723 2878 1148
2188 2296 2570 2745
199 2462 673 3120
3203 815 3793 1248
2030 158 3328 1505
1655 2454 2737 3036
1655 2454 2520 2945
83 299 807 890
1198 149 1697 890
1322 424 1605 890
881 0 1622 349
3070 2254 3519 2612
3003 1822 3278 2013
2496 1863 3120 2421
1630 973 2196 1289
1863 973 2196 1289
2030 158 3036 1505
2454 299 3036 898
1664 1314 2570 1847
3153 2637 3818 3120
133 1272 1905 2995
715 1921 1872 2995
998 723 1456 1389
3785 1114 4160 1688
2978 2920 3386 3120
208 299 807 890
307 299 807 707
133 1272 1905 2387
1372 1539 1905 2154
1131 2238 1763 2704
1131 2354 1639 2704
790 2263 1872 2995
790 2263 1605 2995
790 2263 1605 2745
790 2263 1456 2745
790 2263 1239 2737
1863 2454 2520 2945
2496 1930 3120 2421
2745 2113 3120 2421
3178 1040 3544 1306
1397 2670 2055 3120
3103 0 3560 615
166 981 865 1830
715 1921 1397 2396
773 2887 1131 3120
2670 1173 3278 1763
2728 590 3328 973
790 2329 1239 2737
133 1272 1639 2387
133 1497 1639 2387
133 1497 740 2387
3344 1439 3843 1872
532 2396 881 2936
2030 158 2803 1505
2030 158 2620 1139
2030 158 2620 690
1505 2670 2055 3020
690 1647 1639 2046
2055 374 2579 1139
2271 232 2620 690
3652 2687 4060 3120
1805 2953 2163 3120
1680 2945 1896 3120
199 2945 449 3120
3303 2936 3502 3120
773 2895 990 3120
2104 2887 2462 3053
956 2887 1131 3120
3244 2870 3544 3036
1106 2862 1555 3120
3527 2853 3818 3120
1397 2853 1605 3120
0 2853 257 3111
507 2845 782 3120
3976 2812 4151 3120
3652 2812 3952 3120
1855 2787 2055 3020
881 2778 1089 3078
0 2778 216 2995
3760 2770 4060 3120
2637 2770 3328 3120
2670 2720 2837 2912
765 2720 981 2945
1173 2695 1364 2920
3652 2687 3885 3078
216 2687 507 2953
1980 2679 2271 2945
1422 2679 1614 2995
1098 2679 1522 2995
1505 2670 1980 2953
3943 2654 4160 3120
2412 2654 2737 3036
3860 2645 4118 3103
3153 2637 3768 2978
3111 2637 3552 3028
3103 2629 3436 2812
2920 2629 3369 2953
266 2629 524 2912
2113 2604 2520 2945
1015 2604 1198 2970
0 2604 349 2912
3744 2570 3952 2828
1131 2570 1456 2745
1655 2562 2071 2803
1389 2554 1605 2737
2762 2537 3236 2945
0 2537 416 2753
790 2504 1064 2737
532 2479 873 2936
249 2462 673 3053
1863 2454 2271 2820
3070 2446 3328 2612
316 2446 524 2687
3444 2437 3610 2604
1397 2437 1872 2679
1131 2429 1514 2704
2912 2421 3161 2620
0 2421 357 2704
3228 2412 3486 2612
3677 2404 4160 2837
823 2396 1056 2645
549 2396 881 2587
1397 2354 1639 2545
3710 2346 4160 2629
2071 2329 2537 2845
965 2329 1239 2704
424 2329 682 2579
2845 2312 3078 2529
1040 2312 1281 2496
2188 2296 2570 2695
1872 2296 2071 2562
74 2288 324 2454
0 2288 332 2496
2670 2263 2978 2662
3194 2254 3519 2454
1639 2254 1955 2520
266 2254 507 2520
1514 2238 1763 2437
748 2238 1081 2554
3502 2221 3827 2504
1880 2221 2055 2387
2745 2213 3120 2421
574 2204 790 2412
2437 2196 2695 2421
624 2196 906 2454
2479 2188 2795 2895
3286 2179 3943 2812
1788 2179 1988 2404
3494 2171 3877 2404
3660 2163 4160 2462
2179 2154 2479 2504
1339 2146 1555 2346
2995 2138 3344 2471
91 2104 374 2362
316 2096 565 2421
715 2046 1397 2396
0 2046 316 2337
2812 2038 3128 2204
1772 2038 2055 2296
1647 2030 2063 2196
1489 2030 1963 2429
3136 2021 3444 2213
1980 2013 2362 2487
532 2013 790 2213
0 1980 183 2221
1289 1971 1713 2179
133 1946 357 2138
2496 1930 2895 2238
2903 1921 3328 2088
948 1921 1281 2179
3452 1896 3719 2096
2878 1888 3095 2080
2421 1888 2620 2113
382 1888 690 2146
199 1872 740 2387
0 1872 282 2088
3444 1863 3868 2113
2562 1863 2878 2088
1555 1847 1905 2154
1921 1830 2637 2154
3028 1822 3278 2013
3685 1805 3902 2030
3219 1797 3461 1996
2712 1797 3144 2055
3760 1788 4160 2055
3286 1788 3710 2129
2537 1788 2728 2030
457 1730 790 1996
3985 1722 4160 1963
2046 1722 2728 2021
1331 1713 1639 2030
3511 1688 3910 1988
0 1672 199 1980
2554 1664 2795 2063
3036 1647 3436 1905
2770 1647 3028 1830
1422 1647 2080 2154
690 1647 1364 2046
3344 1639 3519 1872
1980 1639 2188 1847
1431 1639 1797 2021
1431 1630 1747 1830
1181 1630 1397 1847
3477 1622 3818 1788
1780 1622 2046 1813
2346 1614 2737 1880
2737 1572 2912 1805
3868 1564 4076 1863
3552 1564 4010 1863
0 1564 216 1763
1555 1547 1896 1863
1447 1547 1630 1713
3244 1539 3436 1755
1755 1539 2055 1772
1372 1539 1655 1930
3993 1522 4160 1730
815 1522 1148 1738
2113 1505 2304 1838
133 1497 499 1946
274 1489 607 1930
1073 1472 1264 1672
3427 1439 3843 1722
3427 1422 3635 1664
2404 1422 2745 1747
1580 1397 1980 1738
2670 1372 3078 1763
3169 1364 3477 1572
1322 1364 1497 1647
607 1339 973 1655
3785 1314 4068 1688
1847 1314 2570 1847
765 1289 965 1555
1081 1272 1414 1713
3186 1239 3577 1439
0 1189 291 1680
1447 1181 1913 1431
2670 1173 3278 1713
2903 1148 3111 1322
931 1148 1256 1580
2163 1139 2504 1389
3918 1114 4160 1522
1431 1114 1630 1281
3877 1106 4060 1381
2071 1081 2288 1331
3602 1073 3968 1414
1788 1064 2038 1281
1381 1064 1921 1264
2912 1056 3328 1397
2396 1056 2803 1505
3178 1040 3502 1306
1938 1031 2196 1289
424 1023 748 1306
166 1023 865 1830
3394 1015 3893 1339
1630 1006 1913 1198
832 981 1064 1347
266 981 432 1198
1863 973 2104 1156
432 940 881 1189
1589 923 1780 1148
1231 923 1456 1189
2404 915 2654 1139
1555 906 1738 1114
108 906 299 1181
24 906 307 1347
682 881 965 1139
2229 856 2479 1231
1389 856 1647 1106
3968 840 4160 1123
3677 823 3976 990
2504 823 2878 1148
1672 823 1946 1106
3427 815 3793 1248
1206 807 1514 1064
3810 798 4160 1114
748 798 1106 1156
3377 790 3585 1040
1314 782 1489 973
1123 782 1381 1023
1847 757 2063 998
2978 740 3552 1098
2595 723 2878 940
998 723 1347 1389
1630 707 1863 881
2770 698 3328 973
798 698 973 915
0 698 249 1223
166 690 715 1031
2088 665 2321 1015
2154 640 2396 856
673 640 848 832
3486 632 4160 923
1896 624 2154 865
91 615 307 832
2728 590 3086 890
2479 582 2654 807
1722 565 1913 832
3261 549 3652 798
3036 540 3244 723
2454 532 2903 898
1214 515 1447 807
940 490 1189 873
557 465 998 923
208 465 515 890
2171 457 2579 1139
1372 457 1605 890
3361 449 3536 615
1980 449 2154 698
3153 424 3461 732
1322 424 1530 640
3352 391 3669 557
366 382 807 707
2055 374 2354 748
1089 374 1289 848
915 374 1148 557
807 374 1031 582
3918 366 4118 599
2936 357 3278 549
1547 357 1921 832
1738 349 1921 549
3544 332 3985 615
83 332 357 723
2512 299 3036 624
307 299 549 532
3527 282 3902 457
2454 266 2620 690
582 266 782 565
208 266 391 482
0 266 166 698
2271 232 2496 565
840 232 1089 424
0 232 224 898
998 216 1248 449
3885 208 4118 540
357 208 599 391
1855 199 2080 565
2878 166 3144 474
2030 158 2296 465
1198 149 1697 715
3103 141 3377 482
3053 141 3244 341
740 124 965 449
0 124 266 374
2188 108 2371 341
565 108 856 399
2753 99 2970 399
1456 91 1697 266
2887 66 3386 249
881 49 1123 349
1672 41 1847 440
3760 0 4026 249
3436 0 3827 374
3269 0 3560 615
2687 0 2862 183
2504 0 2770 224
2387 0 2579 432
2271 0 2487 282
2213 0 2429 216
2138 0 2387 257
1697 0 2221 440
1447 0 1772 174
1064 0 1622 266
432 0 832 407
91 0 524 257
58 0 224 174
1123 732 1414 1023
1580 1397 2304 1838
1630 1406 2304 1838
266 798 1106 1198
266 890 881 1198
432 890 881 1189
1447 0 2005 440
3452 1564 4076 2096
1381 906 2163 1364
0 1464 4160 3120
1788 2179 2096 2520
0 0 4160 2812
0 0 2387 2704
1447 0 4160 2812
1447 0 2005 266
91 0 599 257
0 1464 3818 3120
0 232 249 1223
424 1023 848 1306
3685 1680 3943 2030
1306 2146 1555 2346
2412 2221 4160 3120
2412 2312 3236 3036
3103 2221 4160 3120
3103 2346 4160 3120
3103 2629 3952 3120
2412 2312 3078 3036
1364 2679 1614 3003
665 2887 990 3120
1372 1464 3494 2263
1372 1464 2188 2154
624 0 1164 582
2437 582 2654 856
2213 0 2604 432
0 1713 3818 3120
3652 2346 4160 3120
3103 2629 3768 2978
2654 1098 3111 1364
1921 1614 3494 2263
1921 1614 3444 2229
3710 2346 4160 2712
807 0 1164 582
0 1872 357 2221
840 0 1164 424
881 0 1164 349
2271 0 2604 432
1372 1539 2188 2154
1372 1539 2080 2154
2562 1863 3444 2213
2562 1863 3328 2204
956 2604 1364 2970
1921 1614 2795 2229
2071 981 2504 1389
2071 981 2288 1331
0 0 2387 1189
1206 515 1514 1189
1206 515 1514 1064
1630 0 4160 1963
2762 890 3028 1189
3652 2404 4160 3120
0 1946 357 2221
0 0 2387 1139
1630 0 4160 1905
3885 83 4160 673
3885 208 4160 673
1447 1181 4160 2812
2279 2629 3818 3120
715 2887 990 3120
773 2887 990 3120
0 1713 2978 3120
1389 2487 1946 2837
0 723 1755 2704
1788 2179 2055 2404
0 0 2387 1106
1980 0 2387 698
2887 0 3752 615
3053 0 3752 615
1214 515 1489 973
3244 1422 3635 1755
1755 1464 2088 1772
2845 2254 3594 2620
0 0 2221 1106
1921 1614 2795 2154
3244 1539 3469 1755
2437 2121 2820 2429
382 1872 1397 2554
382 1872 1397 2396
1389 790 1946 1106
0 0 2221 1031
0 2046 565 2704
3053 0 3560 615
0 723 1755 2387
2812 1921 3328 2204
3985 1406 4160 1963
0 2604 782 3120
0 2604 557 3120
0 2778 557 3120
3877 1023 4060 1381
2496 1622 4160 2812
3286 1622 4160 2462
3286 1622 4160 2213
3286 1688 4160 2213
1447 1181 3461 2096
2670 1372 3461 2096
2670 1372 3153 2055
2670 1372 3144 2055
1422 1547 2080 2154
3053 141 3377 482
2670 1372 3078 1830
2670 1372 3078 1805
3444 1788 4160 2113
2878 1797 3461 2096
3294 2046 4160 2213
2387 0 2604 432
2887 357 3278 574
382 1888 1397 2396
0 0 599 532
0 124 599 532
0 124 399 374
2770 0 4160 1905
3377 765 3968 1248
3419 765 3968 1248
3419 765 3952 1248
2496 1930 3943 2812
3419 815 3793 1248
3985 1713 4160 1963
307 208 599 532
266 2096 565 2520
83 0 2221 1031
83 0 1697 1031
2279 2629 3411 3120
2279 2720 3411 3120
2279 2753 3411 3120
2030 0 2387 599
2030 108 2371 599
2030 108 2371 465
1447 1181 2745 1847
1389 790 1763 1106
249 1713 2978 3120
1289 1713 2071 2562
1514 2238 1813 2512
3111 2637 3818 3120
3228 2412 3610 2612
2496 1930 3344 2471
2745 2113 3344 2471
249 2013 2978 3120
249 2121 2520 3120
1639 2254 2520 3053
1639 2254 2520 2945
1655 2562 2096 2803
2845 2421 3328 2620
249 2121 2362 3120
1630 0 3577 1713
3352 299 3752 557
3652 2645 4160 3120
3760 2645 4160 3120
3760 2645 4118 3120
83 0 1622 1031
83 0 1289 1031
915 216 1289 848
998 216 1289 848
2953 2113 3344 2471
507 2770 782 3120
2412 2529 2853 3036
2878 1797 3461 2080
1555 1847 2063 2296
0 906 1364 2387
2412 2753 3411 3120
0 906 790 2387
0 906 790 1996
0 906 499 1980
0 1189 499 1980
3169 1040 3577 1572
1630 0 3386 1713
1630 640 2396 1289
1630 665 2321 1289
1239 399 1605 890
1239 399 1530 640
748 723 1755 1713
748 898 1173 1555
748 898 1173 1447
2030 0 3386 1713
2454 0 3386 898
2912 2421 3328 2620
2870 2753 3411 3120
1980 2013 2978 2895
2412 2770 3328 3120
3194 2254 3594 2487
1630 881 2296 1289
1647 2030 2063 2296
1797 757 2063 1006
2770 332 4160 1905
3036 798 4160 1905
83 0 1189 1031
83 0 973 1031
83 108 856 1031
83 266 715 1031
83 266 391 832
1630 499 2154 881
1722 499 2154 865
557 465 1189 923
1505 2670 2362 3120
1505 2670 2271 3020
249 2121 1639 3120
366 108 856 707
956 2887 1248 3120
3036 1073 4160 1905
3419 1073 3968 1456
998 723 1755 1713
2770 332 4160 973
1980 2013 2570 2845
166 465 715 1031
3436 0 4026 457
249 2312 1639 3120
249 2312 1639 3053
532 1921 1397 2396
998 723 1414 1713
83 332 357 832
108 906 1364 2046
1921 1614 2737 2154
2770 332 3985 973
3261 332 3985 798
3169 1239 3577 1572
0 1189 499 1946
3028 1797 3461 2013
2030 232 3328 1713
574 2196 906 2454
2504 0 3386 723
1040 2312 1639 2704
3036 1114 4160 1905
3036 1314 4068 1905
3552 1314 4068 1863
2504 0 3244 723
2512 99 3244 723
1289 1713 1963 2429
1040 2312 1514 2704
2837 66 3386 266
2504 0 2862 224
532 2013 1397 2396
1880 499 2154 865
2071 2154 2570 2845
2071 2154 2537 2845
166 1023 1364 2046
1555 2903 1896 3120
2030 232 2620 1231
249 2329 1522 3053
1098 2570 1522 2995
1289 1971 1963 2429
249 2329 1239 3053
2770 424 3461 973
2512 166 3244 723
2396 823 3328 1713
3036 1439 3843 1905
3036 1639 3519 1905
1697 0 2221 565
3286 1688 3910 2129
249 2396 881 3053
2396 1056 3328 1713
565 108 856 565
2055 232 2620 1231
2055 232 2620 1139
1805 2953 2362 3120
3436 0 3902 457
2055 232 2620 748
199 2945 557 3120
2055 232 2496 748
1098 2654 1522 2995
2512 299 3244 723
2670 1056 3328 1713
249 2462 873 3053
1447 0 2005 366
948 1913 1381 2113
0 1564 216 1880
1971 2113 2354 2362
1322 1081 3244 2171
2679 1081 3244 1747
3186 1297 3477 1572
41 274 224 790
2670 2196 3020 2770
1272 1647 1639 2030
615 465 1106 1164
615 465 990 965
1322 1114 2920 2171
2046 1722 2728 2088
2454 2246 2679 2421
1397 940 2296 1372
2080 0 2612 257
2271 0 2612 257
2063 407 2379 590
2080 0 2429 257
2612 715 3577 1322
2612 715 2845 940
1431 1189 2920 2171
1431 1422 2737 2171
1431 1639 2712 2171
1431 1639 2712 2154
1431 1639 2088 2154
3061 449 3536 715
0 2312 790 2978
274 2312 790 2978
2720 2437 3003 2770
3660 2146 4160 2837
3660 2146 4160 2504
931 1148 1264 1464
2146 632 2512 1139
2304 748 2512 1139
2545 0 3078 224
2080 0 2387 257
3411 366 3952 690
3411 399 3952 690
2512 2429 3952 3120
2512 2620 3952 3120
2512 2637 3952 3120
2512 2845 3511 3120
1489 2030 2055 2496
0 2612 524 2912
3752 2404 4160 2837
1272 2654 1589 3020
1381 2778 1555 3020
1996 1431 2171 1772
0 0 599 898
3968 83 4160 657
3968 83 4160 615
2512 2845 3411 3120
557 191 1397 1414
557 399 1397 1414
1064 690 1397 1414
1131 998 1397 1414
1131 998 1314 1372
3244 1431 4010 2113
3477 1431 4010 2030
3477 1622 3968 2030
0 2238 432 2695
0 2288 432 2695
2936 2620 3511 2953
0 2679 515 3120
0 2795 499 3120
557 399 1189 856
557 399 1015 723
2837 83 3377 574
3511 1431 4010 1705
2670 2720 2837 2920
0 1489 316 2362
0 1755 316 2362
0 1755 274 2104
0 615 965 1356
2437 1930 3136 2645
2496 1930 3136 2645
2687 1572 3419 2046
2687 1572 3020 1847
3394 640 4160 2104
3394 640 4160 1447
3394 640 4160 1422
3469 640 4160 1139
0 2046 316 2362
2496 1930 2970 2645
2496 1930 2970 2404
2496 1930 2970 2312
1397 2296 2362 3120
1397 2296 2271 3053
1397 2296 2271 2936
1397 2296 2271 2820
1397 2296 2096 2812
2953 2113 4160 3120
3411 2254 4160 3120
124 615 965 1272
166 682 965 1272
166 682 965 1248
1156 374 2728 2121
3411 2312 4160 3120
3644 2404 4160 3120
3685 2404 4160 3120
3918 815 4160 1139
3602 1314 4160 2104
3486 0 4160 673
3727 74 4160 673
3727 366 4160 673
1156 374 1564 1181
1156 374 1447 881
0 1763 199 1971
1173 807 1564 1181
166 682 956 1248
0 0 4135 3120
0 890 2337 3120
0 890 2104 3120
1489 2030 1963 2496
1439 1106 2728 2121
3394 865 3968 1422
2720 1630 3419 2046
2179 1955 2454 2171
3602 1630 4160 2104
208 274 391 482
116 0 4135 3120
116 0 906 815
823 890 1181 1289
532 66 906 565
0 923 2104 3120
1123 1872 1805 2213
3785 74 4135 532
873 0 4135 3120
1980 2154 3602 3120
2853 2271 3186 2612
116 0 832 815
1688 2296 2096 2812
1439 1106 2604 2121
1464 1530 2604 2121
1464 1539 2604 2121
1464 1547 2096 2121
1980 2154 3536 3120
2005 2154 3536 3120
2005 2179 3536 3120
2005 2246 3536 3120
2121 2812 2454 3120
3952 1314 4160 1830
3918 815 4160 1123
931 2820 1173 3120
