0 0 3024 4032
709 2725 1241 2943
2298 3024 2596 3338
548 193 838 459
1701 3322 1870 3943
2040 2265 2403 2951
2120 2265 2403 2951
2644 2265 2919 2749
314 2169 1193 2677
0 1838 766 2862
0 1838 766 2725
225 2717 548 3153
0 2564 419 2862
0 2661 274 2862
532 1153 822 1451
1241 2395 1443 2822
2644 2669 3024 3451
1032 379 1838 1072
1032 612 1838 1072
838 56 1548 338
838 56 1548 274
1564 3652 2338 4032
1806 1137 1967 1701
1806 1137 1967 1451
0 1838 766 2636
0 1838 766 2588
0 1927 395 2556
435 2169 822 2491
2693 2265 2919 2749
1185 1604 2040 2709
1185 1604 1991 2709
1185 1604 1903 2709
1185 1782 1903 2709
1185 1846 1903 2709
1266 2298 1693 2507
2193 3443 2830 4032
2193 3443 2693 4032
2282 3491 2693 4032
2386 3491 2693 4032
2403 3491 2693 4032
209 2854 1330 4032
209 2854 1274 4032
258 2854 1274 4032
209 3596 475 4032
2298 927 2564 1370
1991 1451 2628 1943
0 1120 3024 4032
1475 3080 1774 3652
1507 3080 1774 3499
1120 3015 1330 3314
0 0 3024 2564
733 733 1266 1241
322 3128 677 3693
1612 3652 2338 4032
1314 3104 2016 4032
0 1411 395 1774
572 193 838 403
1185 1846 1766 2709
1717 2201 1903 2491
782 346 1217 645
1249 1846 1766 2709
1532 2201 1741 2709
346 1588 903 2257
1249 1846 1766 2386
1491 1846 1766 2282
1790 3233 2016 3846
0 2765 217 3298
0 2862 209 3298
838 112 1548 274
2830 3677 3024 4032
499 3346 1112 4032
2515 1185 3024 1620
2564 1257 3024 1620
1427 2669 1757 3144
1427 2669 1653 3144
1241 2395 1419 2677
1741 120 2007 564
1306 209 1709 685
1306 209 1709 661
1112 1387 1314 1572
1346 209 1709 661
2282 129 3024 717
2282 161 3024 717
2282 249 3024 717
2282 290 3024 717
2282 338 3024 717
2451 354 3024 717
2451 354 3024 669
137 540 1128 1395
298 540 1128 1330
314 540 1128 1217
2209 693 2572 967
0 2120 1314 4032
499 3346 1064 4032
2701 516 3024 717
0 2120 1314 3814
1185 1854 1532 2233
0 1411 395 1701
2209 693 2572 959
814 1120 3024 4032
1685 1983 1895 2435
782 1153 1201 1395
975 1169 1201 1395
0 0 249 346
1314 3104 1943 4032
314 725 669 1217
435 903 653 1217
1564 1120 1919 1604
1564 1185 1919 1604
1564 1209 1919 1604
1669 1209 1919 1411
1290 693 1548 1008
814 1330 3024 4032
2524 2548 3024 3064
2524 2709 2846 3064
2524 2709 2790 3064
798 2209 1137 2709
1322 693 1548 1008
491 1387 983 1782
1701 1378 2104 2338
2185 1628 2733 2370
2185 1669 2733 2370
137 999 419 1395
1741 3652 2338 4032
2185 1725 2548 2169
1701 1378 2096 2338
1701 1378 2096 2064
1895 225 2314 443
2120 2265 2403 2919
1564 3080 1774 3459
0 3080 370 4032
1983 2862 3024 4032
1306 274 1540 653
0 669 1886 2564
1983 3007 2983 4032
1983 3056 2459 4032
1983 3265 2459 4032
346 1588 887 2257
1314 3201 1862 4032
814 2395 1725 4032
814 2395 1636 4032
895 1499 1072 1846
1588 1330 3024 3854
870 2620 1072 2822
0 0 3024 1911
0 0 3024 1338
2693 0 2991 314
814 3725 1024 4032
1612 266 3024 1911
0 0 483 548
499 3346 927 4032
322 3153 677 3693
2080 3007 2983 3620
2177 3007 2983 3620
2395 3169 2983 3604
2596 3209 2983 3580
846 2395 1636 4032
887 2395 1636 4032
927 2395 1636 4032
991 2395 1636 4032
1048 2395 1636 4032
1048 2395 1636 3394
1048 2467 1628 3394
1048 2677 1572 3394
1201 2677 1572 3007
2532 3556 2830 4032
822 346 1217 645
806 209 1346 653
806 298 1346 653
1798 3080 2136 3854
1822 3273 2136 3854
0 2257 1298 3814
1903 225 2314 435
1588 1330 3024 3290
0 2257 1298 3806
80 2257 1298 3806
895 685 1153 854
516 153 959 604
556 153 959 604
838 1822 1137 2096
2507 846 2765 1330
80 2257 1298 3564
1128 3177 1370 3741
612 1387 983 1701
1822 3427 2136 3854
1822 3427 2072 3854
0 677 1886 2564
0 1024 1298 2419
1588 2265 2161 2870
1661 2265 2161 2870
24 1556 870 2419
2282 709 3024 1475
2403 709 3024 1475
2483 709 3024 1475
2604 709 3024 1475
0 1024 1298 2241
2790 3435 3024 3862
290 677 1886 2564
290 677 1709 2564
258 3217 967 4032
572 669 1120 1282
1717 2265 2161 2870
2693 709 3024 1475
1846 3427 2048 3733
1483 1467 1886 1959
451 2846 1104 3814
2693 725 3024 1475
2846 2862 3024 3241
1088 2967 1564 4032
2709 725 3024 1419
2709 725 3024 1322
2709 725 3024 1217
1620 1330 3024 3290
1951 1330 3024 3290
2096 1330 3024 3290
2104 1330 3024 3290
2443 1330 3024 2782
2104 2007 2798 3290
2572 1330 3024 2669
2685 1330 3024 1878
451 2927 1056 3814
451 3088 870 3814
1612 266 2580 1911
1903 491 2580 1911
1943 685 2580 1911
2443 2136 2741 2782
2104 2007 2798 3217
2104 2032 2798 3217
935 677 1709 1636
935 677 1709 1290
935 677 1411 1128
935 806 1411 1128
935 830 1298 1056
185 2257 1298 3564
2572 1556 3024 2669
0 0 3024 1064
0 104 838 1064
0 209 838 1064
2024 822 2580 1911
2024 1249 2580 1911
2024 1257 2532 1911
2314 1257 2532 1572
290 1403 1499 2564
903 1403 1338 1975
2024 1427 2459 1911
1951 1830 2274 2499
290 1507 1499 2564
475 1507 1499 2370
419 0 3024 878
0 1209 1298 2241
419 0 3024 701
1943 685 2306 1604
1612 266 2169 854
572 758 1120 1282
661 1507 1499 2282
911 1507 1499 2282
1943 685 2298 1532
2088 685 2298 1290
2185 1725 2483 2145
274 3040 685 3564
774 2927 1056 3411
185 2257 1298 3507
1669 2830 1999 3290
1669 2830 1999 3153
1524 1467 1886 1959
1580 1467 1886 1959
2709 806 3024 1217
1620 2677 2265 3064
483 0 3024 701
483 0 1120 193
2177 2032 2798 3217
2314 2209 2798 3217
2354 2209 2798 3217
2354 2459 2798 3217
612 3088 870 3588
1120 0 3024 701
1766 403 2169 854
2177 2032 2395 2846
0 1370 798 2241
0 1370 798 2040
0 1403 419 2040
2572 1556 3024 2475
2024 1491 2330 1911
1120 0 3024 491
0 258 838 1064
185 2378 1161 3507
1072 1507 1499 2072
1137 0 3024 491
1137 0 2515 443
2330 0 3024 491
1137 0 1846 443
1137 0 1822 443
1137 153 1774 443
249 2378 1161 3507
249 2733 774 3507
0 258 838 999
0 258 838 782
1330 0 1822 379
1806 0 2515 395
483 2378 1161 2951
1951 298 2701 701
2330 0 2935 451
927 3798 1137 4032
411 3773 604 4032
241 3773 403 4015
2459 3765 2669 4032
1951 3757 2338 4032
2725 3701 2911 4032
1322 3677 1564 4032
1822 3669 2072 3854
1612 3669 1830 4032
1741 3652 2193 4023
887 3644 1104 4032
499 3644 766 4032
258 3644 540 4032
2532 3636 2782 4032
2386 3612 2564 3782
1314 3612 1612 4032
1443 3564 1653 4032
2604 3556 2830 4032
2790 3515 3024 3862
2282 3499 2532 3886
443 3499 846 4032
2403 3491 2693 3927
451 3483 661 3814
2669 3467 2846 3749
669 3451 1064 4032
322 3435 532 3693
0 3394 225 4032
1709 3346 1870 3943
540 3346 927 4032
274 3322 540 3564
637 3298 870 3588
1983 3290 2459 4032
1886 3273 2064 3515
2201 3265 2395 3620
249 3249 451 3507
1822 3233 2016 3499
677 3233 854 3443
217 3233 435 3467
435 3217 967 3927
2741 3209 2983 3580
878 3209 1112 3588
1483 3201 1862 3693
2395 3169 2701 3604
491 3153 677 3451
1612 3104 1943 3604
774 3104 991 3411
612 3088 846 3427
1798 3080 2048 3362
96 3080 370 3628
2080 3040 2338 3443
419 3040 685 3394
2419 3032 2596 3338
2298 3024 2507 3273
2177 3007 2612 3620
0 3007 169 3378
258 2975 822 3806
1088 2967 1524 4032
1830 2959 1999 3153
48 2951 209 3136
2846 2927 3024 3241
798 2927 1056 3233
282 2927 540 3217
1387 2903 1556 3185
1548 2894 1725 3193
1427 2894 1628 3144
193 2886 596 3354
56 2870 225 3072
1048 2862 1330 3394
806 2854 1274 3693
2185 2846 2709 3290
838 2846 1104 3080
790 2838 999 3104
225 2838 443 3153
1669 2830 1935 3128
1588 2822 1757 2983
370 2822 548 3096
2612 2806 2790 3064
80 2790 322 3298
2669 2774 2846 2983
1201 2765 1443 3007
0 2765 217 2991
403 2733 774 3354
709 2725 911 2943
2007 2709 2265 3064
193 2685 604 3201
1620 2677 2024 2959
1322 2677 1572 2838
2362 2669 2798 3217
1459 2669 1653 2935
0 2661 177 2862
2145 2644 2338 2886
225 2620 483 2935
185 2604 782 3467
169 2604 459 2878
120 2564 419 2749
427 2556 717 2782
2556 2548 3024 2927
443 2532 653 2741
2354 2459 2556 2862
2104 2451 2282 2733
1588 2451 1749 2628
88 2451 306 2685
419 2443 693 2709
483 2435 911 2951
2177 2427 2395 2846
1717 2411 1951 2846
1395 2395 1636 2806
790 2378 1161 2830
596 2370 830 2628
1266 2346 1661 2507
40 2346 306 2725
56 2330 306 2636
1532 2306 1741 2709
838 2274 1032 2507
1911 2265 2161 2870
1072 2257 1298 2838
2814 2241 3024 2669
370 2225 548 2386
2386 2209 2564 2596
56 2201 354 2475
435 2185 701 2491
1951 2169 2128 2499
604 2169 822 2403
290 2161 532 2564
2443 2136 2636 2717
1104 2120 1314 2419
2620 2112 2830 2540
1249 2104 1580 2386
1491 2072 1701 2282
2725 2064 2935 2451
2177 2032 2370 2556
40 2024 354 2386
2798 2007 3024 2475
911 1999 1257 2282
24 1999 483 2419
395 1983 669 2257
2725 1935 2927 2096
346 1935 645 2257
661 1927 1008 2274
0 1927 395 2338
1185 1886 1532 2233
903 1886 1137 2096
1959 1846 2169 2257
1507 1846 1766 2257
475 1838 814 2370
2072 1830 2274 2193
2241 1774 2483 2145
1483 1774 1653 1959
2798 1766 3024 2153
2717 1766 2919 1967
2185 1725 2435 2064
387 1709 806 2064
1991 1693 2378 1943
2395 1669 2733 2370
903 1645 1161 1975
1427 1604 1596 2040
596 1588 887 1959
0 1588 419 2040
0 1580 580 2241
2685 1572 3024 1878
556 1572 887 1919
2572 1556 2862 2072
1661 1556 1886 1959
895 1556 1072 1846
266 1556 870 2104
64 1556 411 1838
24 1532 274 1774
2370 1516 2564 1677
2024 1516 2201 1911
491 1516 709 1782
1072 1507 1403 2072
2096 1491 2330 1806
1580 1467 1774 1895
2330 1451 2628 1741
1032 1451 1193 1766
612 1435 838 1701
0 1435 266 1701
2177 1427 2459 1733
185 1411 395 1572
1088 1403 1338 1878
0 1403 419 1895
1419 1395 1620 1628
1830 1378 2096 2064
1701 1378 1919 1725
241 1370 830 1983
120 1370 798 1959
330 1370 499 1588
2370 1354 2532 1572
2128 1354 2306 1604
1564 1354 1806 1604
1491 1354 1685 1556
346 1338 653 1636
2846 1330 3024 1733
0 1330 338 1636
524 1314 999 1548
2693 1306 2854 1475
2233 1266 2419 1516
2564 1257 3024 1612
1169 1225 1387 1636
532 1225 774 1451
2757 1217 2975 1419
1443 1217 1757 1443
233 1209 1298 2032
2515 1185 2709 1580
137 1185 346 1395
2798 1161 3024 1322
298 1161 556 1330
782 1153 1024 1362
637 1153 822 1378
0 1145 282 1419
2596 1120 2765 1330
2298 1080 2564 1370
1346 1080 1524 1274
709 1072 903 1282
1008 1064 1266 1241
1943 1056 2265 1532
137 1024 814 1588
0 1024 330 1338
258 999 419 1249
2403 983 2572 1153
1677 967 1927 1201
959 959 1209 1153
346 935 508 1185
2709 927 3024 1217
443 903 653 1120
2088 887 2298 1290
1403 887 1717 1322
2507 846 2757 1193
1128 830 1298 1032
935 830 1217 1056
2282 822 2580 1040
2749 806 3024 1040
1128 806 1411 1128
2322 790 2524 967
274 782 508 951
572 758 1120 1185
1588 741 1782 983
733 733 1209 1153
2532 725 2701 1072
314 725 669 999
2330 701 2572 959
1153 701 1709 1290
2403 685 2774 878
2112 685 2298 1177
1104 677 1411 878
1483 669 1838 1072
620 669 975 854
0 669 499 999
1814 645 1991 1112
145 572 427 822
2701 540 2870 717
637 540 1128 774
2265 532 2701 701
2822 516 3024 701
1903 491 2403 1112
1766 491 2040 854
1935 403 2169 596
2765 395 3024 588
1306 387 1499 653
782 379 943 628
0 370 354 782
2451 354 2911 669
806 354 1112 572
1951 298 2507 604
1064 298 1346 653
1338 274 1540 475
1612 266 1870 701
258 258 838 782
2612 249 2814 483
1346 241 1572 661
2056 225 2314 435
1548 209 1709 403
862 209 1128 540
217 209 395 435
556 201 959 604
580 193 838 354
2427 161 2620 427
1137 161 1540 443
516 161 846 322
153 161 395 330
1475 153 1774 435
685 153 927 362
1741 120 2007 499
0 120 290 548
338 104 653 290
2548 64 2935 451
153 64 330 249
1475 40 1822 379
2814 0 2991 314
2330 0 2878 233
1911 0 2515 395
1806 0 2193 193
677 0 1120 169
483 0 878 193
137 0 483 185
0 0 3024 2870
0 120 3024 4032
0 693 2435 4032
1411 120 3024 4032
2717 1709 2919 1967
0 2209 2016 4032
661 693 2435 4032
0 0 1411 2870
338 0 3024 1072
0 0 1411 2822
524 1225 999 1548
338 0 3024 999
1741 3652 2201 4032
1951 1669 3024 4032
1411 120 3024 3007
1766 1935 2040 2669
1862 1935 2040 2669
1677 1886 1870 2104
0 2024 354 2556
0 2201 354 2556
1862 1935 2024 2669
1427 2894 1628 3257
2201 717 2524 967
0 2330 306 2741
338 0 3024 878
1233 241 1572 661
1314 3080 2016 4032
2282 3499 2564 3959
0 2209 1564 4032
661 693 1927 2386
1306 241 1572 661
1072 1378 2435 4032
0 0 1411 1419
2443 1257 3024 3007
2644 2669 3024 3862
1145 2620 1443 3040
1145 2620 1443 3007
1983 1669 3024 4032
661 693 1919 2386
0 1024 1298 2822
1411 120 3024 1911
0 2822 685 4032
2644 2669 3024 3612
2443 1330 3024 3007
2282 3499 2532 3959
0 1024 1193 2822
338 0 1548 419
40 2451 419 2822
40 2564 419 2822
1120 2822 1556 3314
838 153 1233 419
1249 3677 1564 4032
709 2725 999 3104
1983 1774 3024 4032
2459 3467 3024 4032
0 2346 459 3298
0 1024 1193 2677
0 2822 677 4032
0 3080 677 4032
0 3080 475 4032
1507 2677 2338 4032
1507 2677 2265 4032
0 2604 459 3298
1443 1120 1919 1604
1443 1120 1919 1443
1185 2822 1556 3217
1120 0 3024 878
0 1024 983 2588
0 1024 903 2588
749 3644 1137 4032
1411 120 2007 701
443 2370 830 2741
806 2274 1032 2653
661 693 1886 2386
661 701 1886 2386
1338 951 1661 1588
1677 403 3024 1911
1411 209 1983 701
338 0 1548 290
959 693 1548 1153
225 2822 548 3217
2532 3467 3024 4032
2532 3556 3024 4032
1507 2830 2136 4032
1507 2830 2136 3854
1072 1378 2435 2935
1411 209 1870 701
749 3644 1104 4032
2532 3556 2911 4032
1983 1774 2919 4032
2040 2427 2556 2878
2040 2427 2395 2878
225 2822 548 3153
1612 3346 1870 4032
435 2854 1564 4032
2443 2040 2604 2419
1322 1378 2435 2935
1322 1725 2435 2935
1346 951 1661 1274
1314 2822 1556 3185
1314 2886 1556 3185
2443 1330 3024 2983
0 0 749 548
1532 2306 1798 2709
0 1024 870 2419
2040 2959 2338 3443
1685 1378 2104 2435
1701 1378 2104 2435
0 2209 1161 4032
2644 2669 3024 3580
540 2854 1564 4032
806 2854 1564 4032
0 1741 903 2588
1507 2830 2136 3733
1249 2072 1701 2386
2556 2548 3024 2983
2209 693 3024 1443
2209 693 2580 1040
2282 701 2580 1040
1322 2669 1653 2935
1636 1120 1919 1330
1588 2677 2265 3064
0 201 1411 1419
483 0 1548 258
483 0 1177 201
1983 2846 2798 4032
2040 2451 2282 2878
1983 3007 2798 4032
1507 2830 2064 3733
96 3080 370 3798
1588 1725 2435 2870
661 701 1886 2282
1153 701 1717 1636
1128 3177 1370 3806
1072 2120 1636 2838
1241 2395 1636 2806
1411 266 1870 701
2443 1330 3024 2733
0 2209 1161 3854
782 209 1346 653
814 3644 1104 4032
2846 2862 3024 3532
1677 403 2580 1911
1677 403 2467 1911
1072 2120 1314 2838
661 1354 1886 2282
0 1024 814 2338
1895 862 2104 1419
258 2846 1104 4032
612 2846 1104 3588
2395 3169 2798 3604
540 3346 1064 4032
2177 1774 2919 3217
1120 0 2935 701
991 2862 1330 3394
1983 3007 2612 4032
1306 2395 1636 2806
782 298 1346 653
2403 725 3024 1443
2403 725 3024 1419
0 201 1128 1419
0 999 419 1419
0 1024 814 2241
1419 1354 1685 1628
475 1741 903 2370
572 677 1411 1282
516 153 927 362
782 379 1217 645
959 806 1411 1153
0 3185 161 3854
1483 3104 1943 3693
2572 1330 3024 2733
2507 725 3024 1419
1959 1725 2435 2419
2749 725 3024 1040
0 201 1128 1338
1548 2830 2064 3733
1733 403 2467 1911
1733 403 2467 1806
290 2161 822 2564
1943 1056 2459 1806
80 2209 1161 3564
249 2733 878 3564
1548 2830 2064 3515
1548 2830 2048 3362
0 2604 459 2991
661 1403 1886 2282
2725 2064 2943 2733
1701 1378 2096 2435
2177 1774 2798 3217
572 677 1411 1185
1588 2169 2161 2870
1548 2830 1935 3290
612 2846 1104 3427
0 201 1128 1064
290 2161 701 2564
249 2733 878 3507
2177 1774 2636 2717
733 677 1411 1153
1669 2830 1935 3290
661 1403 1532 2282
846 1403 1532 2282
903 1403 1532 2282
774 2846 1104 3411
1072 1507 1532 2233
80 2209 1161 3467
403 2733 878 3354
2765 233 3024 588
1733 403 2467 1516
2233 822 2467 1516
1153 701 1717 1322
903 1403 1338 2282
2096 1427 2459 1806
258 201 1128 854
620 540 1128 854
0 3499 161 3854
258 201 959 782
2596 2112 2919 2782
1588 2411 1983 2862
1717 2411 1983 2862
903 1403 1338 2096
1733 403 2403 1290
2177 1838 2636 2717
1588 2483 1774 2782
1120 0 1846 435
1120 0 1822 435
2370 1354 2564 1677
80 2209 1161 3298
1524 266 1870 701
1806 0 2935 701
1806 0 2878 701
1806 0 2701 701
2814 0 3024 314
2709 927 3024 1419
2709 927 3024 1322
1766 403 2403 1290
1814 403 2403 1290
1814 403 2403 1177
0 370 499 1064
2177 2007 2636 2717
2177 2007 2467 2556
2233 822 2419 1516
0 370 427 822
80 2620 604 3298
1911 0 2701 701
1903 403 2403 1177
1903 491 2403 1177
80 2620 483 3298
2572 1330 3024 2475
0 669 499 1064
1120 0 1822 379
483 2209 1161 2951
2798 1766 3024 2475
2596 2112 2830 2782
0 1403 580 2241
2386 2136 2636 2717
798 2846 1104 3233
1032 1403 1338 1878
1959 1725 2435 2257
137 0 483 249
790 2209 1161 2830
1298 1532 1499 2080
1959 1830 2274 2257
1911 0 2515 604
556 1556 887 1919
1701 3322 1967 4032
1701 3322 1911 4032
1822 2007 1991 2669
790 2814 1249 3104
1838 3661 2233 3854
2749 1556 2959 1878
209 3604 491 4032
1636 935 1814 1161
0 612 161 903
2016 1161 3024 1927
0 1741 1128 3378
2669 1443 2919 1653
1282 1483 1604 2128
782 209 1395 653
2677 2661 3024 3475
1080 3185 1362 4032
1137 3185 1362 3806
258 1346 516 1596
1201 2338 1661 3241
1201 2395 1572 3241
0 0 3024 2604
0 693 3024 4032
1306 2395 1749 2806
1322 3193 1886 4032
120 1475 580 1927
2314 2749 3024 4032
2427 2749 3024 4032
2427 3491 2701 4032
2532 2749 3024 4032
1338 2395 1636 2806
0 693 1733 2604
0 0 3024 2427
0 1564 403 1999
1137 3185 1362 3741
0 2169 1346 4032
258 2854 1346 4032
749 693 3024 4032
0 1999 467 2564
0 1741 959 3378
1266 161 1572 653
0 2169 1298 4032
0 3088 266 4032
129 2169 1298 3806
1524 120 2403 1169
1709 120 2403 1169
2725 1927 2991 2330
2725 1927 2959 2201
1669 693 2507 2846
0 3088 161 4032
1266 1886 1774 2540
1524 145 1870 604
749 1330 3024 4032
2532 3048 3024 4032
1524 145 1774 604
2048 2161 2274 2870
2048 2257 2265 2870
2104 2257 2265 2782
0 693 1733 2354
2185 3007 2515 3644
1532 758 1774 1080
1685 693 2507 2435
129 2169 1298 3798
1903 225 2911 733
2532 3362 3024 4032
225 2532 637 3153
1685 693 2507 2354
758 685 1145 870
854 685 1145 870
749 3241 1346 4032
927 3241 1346 4032
0 693 1733 2185
749 3386 1112 4032
1895 693 2507 1911
0 1024 1290 2185
0 1330 395 1798
1104 1330 3024 4032
1104 2822 1774 4032
1104 2894 1774 4032
2532 3411 3024 4032
2620 3411 3024 4032
1451 701 1685 991
1903 225 2145 491
1725 120 2403 1169
1685 1354 2193 2354
1451 1330 3024 4032
749 3588 1112 4032
2701 0 2951 314
1830 1354 2193 2064
0 0 3024 1685
0 0 3024 1411
274 169 1217 782
0 3419 161 4032
1080 153 1419 443
596 258 2040 2427
2725 3435 3024 4032
153 2169 1298 3798
1104 2894 1741 4032
1419 2894 1741 3564
153 2241 1298 3798
274 258 1217 782
274 258 862 782
2128 395 3024 1685
2128 524 3024 1685
2128 540 3024 1685
153 2330 1298 3798
153 2330 1298 3507
2185 1330 3024 2919
2185 1725 2975 2919
814 3588 1112 4032
1927 1354 2193 1766
1451 1838 2749 4032
193 3322 516 3798
1725 2959 2136 3838
0 0 1838 1411
0 588 1838 1411
153 2330 1298 3394
0 0 1572 822
0 0 661 822
2443 1330 3024 2685
2128 709 3024 1685
935 677 1419 1225
0 1024 999 2185
1725 2959 2136 3733
1532 258 2040 1314
1798 209 2403 1169
1451 1838 2749 3225
1451 1838 2274 3128
1927 1838 2274 2870
1951 1838 2274 2515
1451 0 3024 491
2233 709 3024 1685
2717 1120 2975 1419
935 677 1419 1137
596 1032 1919 2427
596 1395 1532 2427
1193 1032 1919 1935
1532 258 2040 1233
1532 258 2040 1112
