0 0 3120 4160
0 1913 316 2188
2504 2953 2828 3253
1389 2620 1713 3020
1406 1272 1813 1872
648 1713 1031 1963
2421 3760 2870 4160
324 956 565 1223
2787 2246 3095 2787
2787 2246 3095 2595
1306 3569 1489 3927
923 3011 1114 3352
632 83 931 482
632 83 906 482
2104 199 2421 407
0 499 191 848
2421 3760 2803 4160
2337 3053 2737 3710
1996 2654 2321 3045
2371 2263 2595 2704
2371 2496 2595 2704
732 1331 981 1505
1173 3352 1431 3918
2853 3527 3120 3744
1406 1272 1797 1872
2371 1156 2654 1572
2371 1156 2654 1406
1173 3544 1431 3918
2396 3053 2737 3710
99 0 557 424
166 0 557 424
1722 2895 2038 3352
1722 2895 2038 3303
0 3610 374 4160
191 3095 865 3585
191 3095 790 3585
191 3095 698 3585
191 3095 440 3585
2545 3161 2737 3710
0 3785 374 4160
0 3868 374 4160
2271 0 2870 241
2271 0 2795 241
1938 1547 2379 2171
1339 74 1664 257
2795 3677 3120 4060
1639 1921 2171 2312
1713 1921 2171 2304
1780 1921 2171 2304
0 3885 374 4160
2928 881 3120 1173
2179 515 2870 1006
449 2662 723 2936
424 341 915 790
1489 3228 1797 3735
1564 3394 1797 3735
1123 316 1963 773
1123 316 1888 673
1123 316 1639 673
1123 316 1639 615
1214 324 1639 615
1722 1322 2096 1647
424 474 915 790
424 474 807 790
599 474 807 790
1422 3710 1863 4026
1497 3752 1863 4026
1672 3278 2662 4010
1672 3394 2595 4010
1863 3394 2595 3902
490 1896 1314 2812
74 1996 590 2579
74 1996 507 2579
2670 0 3120 332
2878 0 3120 332
2878 58 3078 324
1114 2737 1622 3569
1114 2845 1622 3569
1114 2845 1589 3569
1239 3053 1406 3386
1547 2188 1996 2704
391 3519 1131 4160
391 3519 948 4118
0 865 416 1214
391 3536 948 4118
391 3677 948 4118
416 3677 948 3993
607 3735 840 3993
2246 515 2870 1006
2096 2121 2953 3161
2096 2121 2837 2978
2246 2229 2837 2978
2246 2254 2837 2978
2246 2254 2803 2978
2246 2254 2753 2978
2371 2562 2753 2820
940 0 2171 332
940 0 2171 291
940 0 2171 241
1114 0 2171 241
1489 0 2171 241
574 1896 1314 2812
790 1896 1314 2487
973 1896 1314 2446
973 1896 1189 2354
1114 0 1589 224
0 1406 407 2005
507 3685 1131 4160
2096 2121 2437 2512
24 1406 407 2005
2496 807 3120 2038
2545 807 3120 2038
2545 807 3120 1738
2545 807 3120 1605
74 1996 374 2529
2246 2254 2512 2978
2246 2254 2512 2612
391 840 1289 1830
391 923 1289 1830
391 1106 1289 1830
399 1106 1289 1830
399 1106 965 1830
399 1106 956 1830
399 1106 956 1672
432 1131 956 1672
432 1148 757 1672
1314 224 2179 1555
1688 224 2179 915
1688 224 2179 848
1788 374 2179 848
2038 1547 2379 1980
1314 865 1955 1555
2595 807 3120 1564
2271 58 2620 241
574 2129 1223 2812
648 2271 1223 2812
648 2271 1015 2812
2246 515 2712 1006
2795 3677 3120 4043
2820 3677 3120 4043
1206 1780 1614 2446
1206 1780 1614 2354
1206 1780 1530 2354
1214 1780 1530 2213
1547 2288 1996 2704
1597 2288 1996 2537
1314 915 1955 1555
2604 2770 2953 3161
2629 807 3120 1555
1314 923 1755 1555
1314 923 1755 1489
1314 923 1664 1472
1314 923 1497 1223
216 2021 507 2579
74 1996 316 2454
2038 1630 2304 1980
0 2462 241 3411
0 2462 241 3153
1148 1921 1314 2446
1114 2845 1589 3411
266 2728 2562 4160
2479 515 2712 807
540 840 1015 1123
1672 3519 2429 4010
24 1406 407 1963
24 1406 316 1688
1955 2454 2196 2704
1847 599 2179 848
1555 1306 3120 3902
2104 2246 3120 3902
2104 2421 3120 3902
2104 2595 3120 3902
2104 2753 3120 3902
2104 2778 3120 3902
2213 2778 3120 3902
2487 3020 3120 3902
2487 3136 3120 3902
2487 3186 3120 3902
0 0 3120 1713
1555 1306 3120 2936
1198 565 1514 848
2487 3269 3120 3902
2487 3269 3028 3902
2670 3269 3028 3694
2745 3269 3028 3694
1389 2787 1713 3020
183 166 557 424
2487 3560 2862 3902
2487 3560 2862 3868
266 2728 2471 4160
1214 1780 1530 1996
1489 0 2146 241
665 133 1056 424
2870 2595 3120 2978
1289 3719 2471 4160
1555 1356 3120 2936
266 2728 1713 4160
341 166 557 399
2770 1447 3120 1738
1780 1356 3120 2695
1780 1356 3120 2362
1780 1356 3120 2296
1930 1356 3120 2296
2179 1364 3120 2296
1930 1356 2487 1980
2504 3569 2862 3868
2920 3810 3120 4043
2629 1089 3120 1555
1289 3719 1921 4160
2080 1938 2629 2362
0 0 3120 1272
266 2728 1381 4026
357 2936 1381 4026
357 3278 1381 4026
1555 2446 1980 2936
357 3278 1131 3752
1123 1064 1464 1713
1123 1064 1464 1622
1863 3810 2471 4160
1863 3810 2421 4160
2770 1447 3053 1639
2246 1364 2595 1822
1364 3719 1921 4160
1431 0 3120 1239
1822 0 3120 1239
1822 0 3120 1198
1822 0 3120 1031
0 3610 232 3860
0 0 1830 1272
1123 3660 1713 4160
2038 3610 2562 3893
2213 2778 2895 3411
1123 1289 1464 1622
2213 2778 2637 3178
2179 1597 3120 2296
0 740 3120 4160
0 0 332 748
1971 815 2421 1198
357 3361 815 3744
0 740 3120 2312
0 1081 2171 2312
1472 1248 2171 1921
1655 1248 2171 1913
1697 740 3120 1505
0 1880 2337 4160
0 133 1830 1272
0 199 698 1006
0 199 698 990
158 199 698 815
224 199 698 615
1822 565 2229 1031
0 1081 1505 2312
865 1572 1505 2063
224 307 532 615
0 2645 465 4160
1206 1872 1447 2354
1023 3644 1381 4026
2179 1730 3120 2296
2412 1797 3120 2296
2379 1597 2737 2005
424 133 1830 1272
424 133 1830 1156
0 1880 2337 3669
0 2462 241 2787
2379 1597 2737 1930
1489 0 1946 241
673 133 1830 1156
673 216 1830 1156
673 432 1830 1156
0 2645 416 3976
0 2953 416 3976
0 3136 416 3976
0 1081 1073 2312
0 3136 299 3677
0 3369 299 3677
1930 1356 2487 1863
1722 3719 1921 4160
158 399 657 815
1697 740 2995 1505
1847 0 3120 723
0 1081 931 2288
99 1198 931 2288
99 1580 931 2288
249 1580 931 2288
249 1580 931 2238
865 1647 1505 2063
0 2080 2337 3669
0 2080 1880 3519
2670 607 3120 881
673 524 1830 1156
848 524 1830 1156
848 524 1705 1156
1971 0 3120 723
2063 0 3120 723
2196 166 3120 723
1971 815 2354 1198
1971 224 2246 698
1697 740 2753 1505
1697 940 2629 1505
0 2080 1688 3361
948 1647 1505 1971
1697 1114 2537 1505
1697 1114 2354 1505
1697 1114 2196 1414
0 2163 1664 3361
2221 241 3120 723
1930 1356 2279 1863
848 632 1464 1156
848 632 1281 990
1697 2637 2337 3669
2537 1797 3120 2296
166 2296 1664 3361
599 2296 1664 3361
1040 2296 1664 2895
1697 2687 2337 3669
599 2712 1314 3361
2254 3993 2520 4160
2138 3993 2379 4160
973 3943 1164 4160
91 3935 374 4160
391 3910 557 4118
507 3885 906 4160
0 3885 266 4160
2837 3877 3120 4060
1497 3843 1822 4026
2421 3827 2745 4026
2296 3827 2471 4001
2188 3827 2421 4051
1722 3827 1921 4160
1863 3810 2271 4160
1289 3785 1572 4001
2695 3777 2870 4160
2437 3760 2803 4160
1622 3752 1863 4026
1173 3752 1389 3918
299 3752 465 4160
673 3735 840 3952
1730 3719 1905 3902
2637 3702 2820 3902
2154 3685 2562 3893
807 3685 1131 3993
2820 3677 3120 3993
416 3677 948 3985
1489 3660 1755 3877
1123 3660 1456 4160
1023 3660 1381 4026
1322 3652 1489 3927
2329 3644 2595 3902
1863 3635 2429 4010
2038 3610 2429 3785
0 3610 232 3777
2570 3569 2862 3810
2487 3560 2670 3760
1189 3544 1431 3810
607 3536 865 3719
2853 3527 3120 3727
1672 3519 2055 3818
66 3511 416 3976
1056 3494 1322 3677
357 3444 532 3744
424 3411 657 3843
74 3411 299 3644
2570 3394 2737 3710
1863 3394 2520 3760
1580 3394 1797 3735
457 3361 815 3569
1189 3352 1422 3660
2920 3344 3120 3585
2745 3344 3028 3694
2670 3344 2920 3694
1614 3303 1780 3569
1073 3294 1322 3610
2371 3278 2662 3635
1297 3278 1555 3569
707 3278 1131 3752
299 3269 790 3569
1489 3228 1672 3694
1780 3211 2337 3669
2787 3186 2986 3361
2620 3169 2895 3411
2545 3161 2737 3494
2337 3161 2595 3461
2113 3136 2396 3402
58 3136 266 3494
191 3095 440 3386
1339 3086 1589 3411
2620 3061 2828 3253
2396 3053 2587 3436
2662 3020 2928 3228
2903 3011 3120 3469
2104 3011 2537 3244
1763 3011 2038 3303
923 3011 1089 3236
2412 2986 2637 3178
216 2986 898 3344
2504 2953 2695 3120
141 2953 332 3269
416 2936 998 3294
2637 2928 2953 3161
2812 2912 3103 3103
1722 2895 1888 3153
1297 2870 1880 3519
1114 2845 1464 3128
981 2787 1314 3361
2213 2778 2487 3086
2604 2770 2936 3028
2429 2753 2762 3003
1189 2737 1372 2970
0 2737 232 3153
266 2728 640 3095
599 2712 1031 3086
2870 2687 3120 2978
1697 2687 2221 3303
449 2662 648 2936
74 2645 416 3053
1705 2637 2229 2845
1439 2620 1655 2912
873 2612 1089 2820
2246 2604 2471 2978
682 2595 898 2812
2545 2562 2753 2795
1955 2520 2196 2704
1040 2504 1605 2895
2595 2496 2803 2720
24 2496 241 2787
940 2462 1223 2737
1555 2454 1813 2936
1772 2446 1980 2737
1547 2446 1772 2704
2870 2421 3120 2637
108 2346 382 2545
1880 2312 2321 2695
1206 2296 1664 2637
166 2296 782 2812
1688 2288 1996 2512
1048 2279 1414 2496
648 2271 1015 2654
407 2271 590 2570
2246 2263 2487 2612
2096 2263 2304 2512
2870 2254 3095 2512
940 2254 1123 2496
2787 2246 2961 2595
2595 2246 2862 2545
2512 2238 2712 2562
2554 2229 2820 2504
790 2221 1114 2487
1555 2213 1755 2396
1281 2213 1472 2446
124 2196 299 2454
1680 2188 1847 2379
0 2163 282 2512
2080 2146 2254 2362
332 2138 507 2579
1805 2129 2121 2354
574 2129 748 2321
2221 2121 2437 2304
1938 2121 2171 2304
1639 2121 1855 2312
1456 2080 1688 2446
1248 2063 1447 2354
723 2055 1073 2312
216 2021 416 2421
74 1996 316 2304
141 1988 316 2163
1863 1971 2221 2171
2595 1963 3120 2296
1356 1963 1522 2213
1414 1955 1614 2171
973 1946 1189 2354
2171 1938 2629 2296
2412 1930 2662 2113
1780 1921 2013 2229
0 1913 208 2188
1938 1896 2321 2171
1472 1880 1855 2171
1206 1872 1431 2129
282 1855 632 2288
865 1813 1123 2063
2762 1805 3053 2221
2537 1797 2762 2021
407 1788 931 2238
224 1788 407 2005
1331 1780 1530 1996
2038 1772 2204 1980
2753 1747 2995 1913
2179 1730 2479 2030
798 1722 1031 1963
1780 1713 2005 1996
948 1713 1272 1971
648 1713 956 1896
2928 1697 3120 2038
199 1688 407 1963
99 1672 349 2071
1214 1647 1505 1863
2246 1630 2504 1822
2104 1630 2304 1872
2379 1597 2687 1930
249 1580 574 1830
2604 1572 2953 1913
1056 1572 1331 1780
1589 1547 1805 1755
2936 1539 3120 1738
540 1539 881 1830
1930 1522 2171 1863
1406 1522 1664 1872
1655 1514 2146 1913
906 1514 1114 1747
24 1505 249 1688
2828 1472 3053 1639
391 1472 557 1763
1722 1447 1938 1639
2704 1439 2995 1805
2612 1431 2778 1605
665 1422 906 1614
0 1422 208 1589
2221 1397 2487 1647
2404 1364 2595 1647
2046 1356 2279 1797
856 1356 1223 1622
2936 1347 3120 1555
2188 1339 2354 1505
1772 1322 2096 1647
657 1314 832 1497
1123 1297 1464 1622
1123 1289 1381 1464
1472 1272 1971 1921
1480 1272 1813 1622
1472 1272 1797 1564
2737 1264 2978 1522
1980 1248 2171 1688
2371 1223 2587 1406
191 1198 457 1639
1697 1181 2080 1414
1381 1173 1664 1472
2146 1131 2537 1364
640 1131 956 1397
1722 1114 2196 1372
848 1114 1289 1464
2629 1089 3020 1456
1539 1081 1755 1489
0 1081 349 1522
1123 1064 1389 1322
1314 1056 1480 1223
391 1040 565 1223
2088 1031 2263 1239
490 1015 823 1272
1971 948 2188 1198
2213 940 2629 1248
1314 923 1497 1131
881 923 1206 1156
2437 915 2687 1114
1680 915 1955 1148
782 915 973 1156
449 915 682 1089
1381 906 1672 1239
540 906 856 1123
2496 865 2720 1198
1697 865 1863 1031
0 865 416 1206
2063 815 2354 990
973 815 1281 990
2679 807 3070 1214
1822 798 2080 1031
2928 790 3120 956
1422 790 1664 1073
158 790 474 1006
2421 740 2753 1048
1772 740 1996 915
0 740 224 990
424 732 748 973
673 715 931 965
1164 707 1464 1156
266 707 440 873
2903 690 3120 881
1547 690 1830 1106
2179 657 2412 823
2246 640 2562 1006
848 632 1156 915
1847 615 2055 848
2670 607 2961 815
424 607 648 790
1988 599 2179 790
732 582 915 790
2030 565 2229 865
1980 532 2171 698
615 532 807 790
1381 524 1705 873
158 524 515 815
1672 490 1963 773
1264 482 1505 673
2928 474 3120 840
956 432 1131 657
832 432 1048 707
91 432 257 624
640 416 815 582
2870 399 3095 615
449 399 657 723
2620 391 2787 632
1788 374 2071 732
2188 357 2437 673
1522 349 1888 582
224 349 416 599
2221 316 2670 723
632 316 832 482
324 307 532 615
2570 241 3120 632
1971 224 2246 590
1688 224 2021 407
865 216 1347 823
341 208 507 399
416 199 698 424
665 191 940 366
0 174 324 748
2196 166 2612 399
1272 166 1639 382
66 158 382 391
2454 149 2753 316
1431 133 1963 399
1114 133 1314 449
823 133 1056 424
2670 124 2978 307
640 83 906 324
1339 74 1614 257
1114 33 1339 224
1664 16 1946 241
2063 0 2454 266
1938 0 2171 191
1489 0 1788 232
1198 0 1589 208
732 0 1272 174
457 0 807 224
166 0 490 249
0 0 332 349
224 1788 424 2005
0 0 3120 2512
0 1755 3120 4160
1472 1272 1813 1622
0 1896 3120 4160
1339 74 1664 291
249 956 565 1406
324 956 565 1406
2271 16 2945 241
2562 16 2945 208
191 3095 865 3685
266 399 807 873
2179 391 2870 823
2412 391 2870 807
2620 3020 2928 3411
2620 3020 2928 3253
2246 2254 2662 2820
2787 2246 3120 2595
0 3610 299 3860
640 83 931 324
391 1040 565 1406
0 3868 332 4160
599 3519 998 3719
1489 3120 1797 3735
1489 3153 1797 3735
1888 873 2421 1198
1955 873 2421 1198
2496 865 3120 2071
2704 1439 3120 2071
1930 1772 2204 1980
1422 3710 1822 4026
1148 1921 2013 2537
2246 2254 2595 2704
2246 2254 2512 2704
2038 3344 3120 4160
2038 3527 3120 4160
66 141 557 424
2104 199 2437 474
2104 208 2437 474
2038 3560 3120 4160
2046 3560 3120 4160
0 3868 266 4160
2254 3560 3120 4160
2296 3560 3120 4160
2329 3560 3120 4160
2046 3960 2379 4160
782 915 1206 1272
2737 1697 3120 2071
2928 1697 3120 2071
307 1472 557 1763
2329 3644 2745 4026
241 3228 865 3585
2487 3560 3120 4160
2504 3569 3120 4160
0 1913 1980 4160
1114 2737 1464 3386
2870 2246 3120 2512
2504 3677 3120 4160
0 0 2246 2496
2496 865 2778 1605
2545 1364 2778 1605
1148 1921 2013 2446
2479 391 2870 807
2554 391 2870 807
2620 391 2870 715
124 2146 374 2529
782 915 1206 1156
2154 3627 2562 3893
2504 3677 3120 4060
266 1896 3120 4160
1938 1896 3120 3710
2512 2238 2803 2720
1023 3352 1980 4160
1289 3719 1980 4160
266 2296 2520 4160
2429 2753 2762 3120
0 1913 1322 4160
1314 807 1547 1223
1314 807 1547 1131
1314 898 1547 1131
1547 3719 1980 4160
1547 3719 1921 4160
249 3228 865 3569
299 3228 865 3569
732 0 3120 2512
1431 349 2246 1555
1522 349 2246 1148
1522 349 2171 1148
1522 349 2071 1148
1522 349 1996 1148
1522 349 1996 915
1522 349 1963 773
2737 790 3120 1738
1198 432 1514 848
2504 3677 3120 4043
424 399 807 790
424 532 807 790
1114 2737 1464 3228
1114 2845 1464 3228
2179 648 2437 823
0 2129 1322 4160
407 2129 748 2570
2737 881 3120 1738
2737 881 3120 1555
2496 865 2720 1572
1023 3352 1456 4160
1389 2446 2196 3020
1547 2446 2196 2936
1555 2446 2196 2936
66 141 416 391
0 0 1464 2496
540 1206 956 1896
599 1206 906 1614
599 1206 832 1497
524 2129 748 2421
0 0 1414 2496
0 1406 407 1963
24 1505 407 1963
1431 1081 1755 1555
1206 565 3120 2512
1589 1322 2146 1913
1589 1514 2146 1913
0 2163 1322 4160
1198 482 1514 848
2928 881 3120 1356
1281 1921 2013 2446
216 2936 998 3344
2104 3011 2595 3461
1356 1921 2013 2446
732 0 3120 1472
1971 948 2421 1198
1639 1921 2013 2379
1713 1921 2013 2229
1289 3785 1822 4093
0 0 832 748
0 0 807 748
2670 474 3120 881
2496 865 2720 1389
2737 1264 3120 1555
416 199 832 482
2637 3677 3120 4043
0 3777 299 4018
0 0 490 748
1489 0 2171 257
1489 0 2146 257
0 1406 316 1680
0 2163 1322 3976
2113 3136 2595 3461
2737 1747 2995 2005
0 66 1414 2496
723 1813 1414 2496
723 1896 1414 2496
1189 3352 1431 3810
1688 2121 2437 2512
2346 0 3078 316
2354 0 3078 316
2354 0 3061 307
0 66 1331 2288
540 66 1314 1123
640 66 1314 965
640 66 1314 607
640 341 915 607
673 582 931 965
973 1896 1414 2496
2545 1431 2778 1605
0 307 1331 2288
2670 58 3061 307
1688 2121 2171 2512
1805 2121 2171 2354
607 3536 998 3719
540 1522 956 1896
91 3411 1164 4160
1206 565 3120 2354
2146 1098 2587 1647
2146 1098 2537 1647
2246 2263 2496 2704
1639 2121 1855 2379
665 66 1314 449
823 66 1314 449
2371 2229 3120 3710
2545 2229 3120 3710
2554 2229 3120 3694
2554 2229 3120 3469
2595 2246 3120 3469
807 3685 1164 4160
2604 2421 3120 3469
2346 133 2753 316
1264 482 1514 740
1023 3494 1456 4160
1023 3494 1381 4026
1356 1963 1688 2446
2637 3677 3120 3993
2795 3677 3120 3993
0 865 416 1314
0 1589 349 2071
2104 3011 2537 3269
2146 1131 2537 1647
2221 1306 2487 1647
1297 3211 2520 4160
2604 2595 3120 3469
1206 1272 2221 2354
1489 3211 2520 4160
1489 3660 1863 4026
1214 1272 2221 2171
91 3411 948 4160
91 3752 557 4160
299 3752 557 4160
266 2296 2487 3519
2213 2604 2487 3086
58 2645 416 3644
832 216 1863 1472
1697 565 3120 2296
2046 1356 3120 2296
2104 1364 3120 2296
1672 3211 2520 4160
832 216 1830 1472
1938 1896 2629 2296
1672 3211 2429 4160
1672 3211 2429 4010
1214 1647 2221 2171
1214 1647 2005 2171
1472 1713 2005 2171
1697 565 3070 1505
2629 807 3070 1456
416 3411 948 4160
416 3411 948 3985
58 2645 416 3494
74 2645 416 3269
2404 1797 3120 2296
0 307 748 1089
732 0 3120 723
732 0 2021 407
1272 133 2021 407
1431 133 2021 407
1697 565 2753 1505
1822 565 2753 1248
0 2163 1223 3976
0 2163 1223 3677
0 2462 232 3677
0 2462 232 3153
2030 565 2753 1248
2063 640 2753 1248
2379 1572 2953 1930
0 307 748 1006
0 307 532 1006
0 307 532 990
158 307 532 815
0 1015 1331 2288
490 1015 1331 1971
2595 2246 2920 2787
848 216 1830 1472
1381 906 1672 1472
2088 640 2753 1248
2088 640 2687 1248
2088 640 2629 1248
2088 940 2629 1248
0 2163 1223 2812
0 2163 1015 2812
848 216 1830 1156
266 2296 2321 3519
1297 2312 2321 3519
2179 1364 2595 2030
1297 3278 1555 3719
2604 2770 3120 3469
640 1114 1331 1971
906 1514 1331 1971
823 66 1189 424
66 3278 1131 3976
732 0 1589 224
640 1114 1289 1622
848 1114 1289 1622
0 0 490 349
1297 2687 2221 3519
191 1148 931 2288
906 1514 1272 1971
1164 324 1830 1156
2828 1472 3120 1738
1214 1647 1530 1996
266 2296 1664 3361
1164 524 1830 1156
191 1148 757 1672
282 1788 931 2288
2637 2928 3120 3469
1214 324 1797 615
848 216 1347 915
540 1522 881 1830
1705 2312 2321 3045
1705 2312 2321 2845
1164 524 1705 1156
266 2595 1314 3361
732 0 1589 208
266 2595 1031 3095
266 2712 1031 3095
166 2271 1015 2812
1456 324 1872 524
1822 2903 2055 3228
2104 3827 2753 4160
2437 3169 2737 3477
1655 931 1946 1164
1164 3311 1489 3927
1214 3311 1489 3760
199 3169 898 3452
682 2595 956 2828
0 1198 391 1572
665 1547 1031 1913
815 1963 1056 2229
199 3236 856 3452
2945 1173 3120 1505
457 0 748 232
865 2862 1114 3352
723 1547 956 1730
183 2620 507 3061
1722 1339 1963 1639
0 1198 391 1472
1780 2446 1980 2737
2862 3444 3120 3744
865 2961 1114 3352
1006 0 1347 224
307 1472 565 1772
124 2013 440 2562
124 2146 440 2562
590 307 807 782
2196 133 2620 474
2138 624 2437 823
58 890 565 1397
266 1023 565 1397
890 1505 1114 1747
2745 1497 3120 2071
2046 3985 2379 4160
1963 1048 2229 1314
1331 3003 1664 3369
1472 1339 1855 1896
1472 1339 1855 1880
1589 1547 1847 1780
24 1614 432 2005
91 1614 432 2005
2221 2121 2570 2562
948 1830 1522 2496
948 1830 1522 2487
1048 1830 1522 2479
1198 1830 1522 2454
1198 2213 1472 2454
382 3594 1173 4160
399 3594 1173 4160
574 3660 1173 4160
574 3660 1081 4160
2787 2246 3120 2720
2787 2254 3120 2720
2787 2254 3120 2637
1364 3003 1664 3203
1980 1880 2329 2179
399 3594 915 4160
0 3785 324 4160
0 3785 299 4160
0 3785 299 4018
2928 798 3120 1181
2496 1231 2662 1422
2196 199 2620 474
1564 1921 2096 2396
1680 1921 2096 2396
0 2737 232 3144
0 2912 224 3144
357 2055 856 2570
357 2113 856 2570
2745 1672 3120 2071
2928 1672 3120 2071
