0 0 3024 4032
2265 806 2661 1064
129 2290 1008 3830
233 2290 1008 3830
2540 2257 2927 2556
2032 1322 2532 1499
2774 758 3024 1080
2241 1806 2564 2096
233 2290 1008 3419
741 0 1580 1153
951 0 1580 314
951 120 1419 314
2774 2314 3024 2991
2774 2370 3024 2991
241 2290 1008 3419
1757 1177 1935 1451
1741 1911 1967 2080
266 177 475 516
2314 1588 2919 1782
193 0 919 241
193 0 766 201
693 2145 975 2435
1798 2378 2225 3080
1241 2314 1459 2620
169 604 1201 1717
1314 806 1628 1580
169 604 758 1064
169 604 758 1048
217 604 758 1032
0 1749 1774 4032
741 266 1056 1153
741 499 1056 1153
741 499 935 1153
2257 2564 2483 2959
508 604 758 919
1580 137 2403 1008
1749 798 2048 1008
1314 1008 1524 1580
1435 249 1830 548
1314 3185 2725 4032
1314 3185 2515 4032
1314 3185 2257 4032
1314 3185 2016 4032
1774 3806 2257 4032
1798 2443 2225 3080
508 604 685 822
1806 2717 1967 3080
1580 137 2403 919
1580 572 2007 919
2016 1725 2427 2314
2056 1725 2427 2314
2080 1895 2427 2314
2709 895 3024 1935
556 1008 1201 1717
217 612 669 1032
2282 3701 2725 4032
2298 3701 2725 4032
1983 137 2403 604
1306 2016 1709 2459
725 1185 1201 1717
499 3056 1056 3475
1951 2782 3024 3580
1967 2822 3024 3580
0 3370 1177 4032
782 0 3024 4032
1435 0 2386 733
1435 0 2354 733
1362 943 1822 1451
1362 943 1757 1346
0 0 1451 2782
161 1661 741 2403
161 1798 532 2403
290 1798 532 2403
1217 3209 1854 3975
1217 3394 1806 3975
1217 3467 1701 3975
2709 895 3024 1814
2749 1435 3024 1814
2749 1435 2999 1798
2572 3523 3024 4032
0 2169 435 2782
0 2209 282 2782
0 2209 233 2653
782 0 3024 3870
2556 24 3024 580
1596 0 2354 733
1685 0 2354 733
1685 0 2354 685
2572 3612 3024 4032
2556 24 3024 403
2209 467 2491 725
2532 2822 3024 3483
499 3088 887 3475
1080 2274 1620 2935
1080 2274 1620 2661
2096 1895 2322 2169
338 3370 596 3830
0 0 1451 2459
0 0 1451 1556
0 725 443 1161
0 967 1185 2459
887 0 1757 1225
1967 2854 2806 3580
2177 2983 2806 3580
1362 943 1733 1346
2644 2822 3024 3483
1838 459 3024 3201
1919 3273 3024 3870
1919 3273 2903 3870
1919 3273 2806 3870
2556 24 3024 322
2556 24 2854 185
887 0 1757 999
1080 2274 1620 2644
1104 2346 1620 2644
1878 1314 2362 1620
1911 459 2669 1443
1911 782 2580 1443
1911 838 2580 1443
1967 878 2580 1443
2016 878 2580 1403
0 56 475 395
169 72 475 395
1838 862 3024 3201
2136 1999 2604 2249
298 580 540 822
0 0 1451 814
0 951 443 1161
540 653 1274 1556
540 653 1225 1556
709 653 1225 1556
806 653 1225 1556
1241 3467 1701 3975
1241 3669 1564 3975
1314 3298 2007 4032
1685 0 2354 612
1685 145 2193 612
2709 895 3024 1467
2644 2878 3024 3483
1435 0 2040 338
1411 1338 1846 1709
0 967 1185 2354
2298 2782 2653 3104
2298 2830 2653 3104
2177 2725 2483 3024
0 2209 233 2604
0 2209 185 2604
2588 3612 3024 4032
1137 2628 1540 2935
1137 2628 1540 2919
1983 1387 2362 1580
2298 459 2669 951
2104 3273 2806 3862
0 1685 459 2257
2088 1387 2362 1572
540 669 782 1137
1411 1338 1677 1677
0 967 1161 2354
0 1451 209 2064
1798 2443 2225 2822
0 830 185 1024
0 0 1338 814
24 0 1338 693
1411 1419 1677 1677
1411 1419 1612 1604
887 459 1387 999
806 967 1225 1556
2136 1999 2483 2249
1201 2677 1540 2919
951 0 1757 782
16 967 1161 2354
0 1749 1443 3669
475 3790 1177 4032
588 3790 1177 4032
588 3790 1088 4032
741 3790 1088 3975
1959 0 2354 225
782 0 3024 3685
2572 475 3024 1080
2572 588 3024 1080
2572 588 3024 991
258 2290 1008 3419
0 1749 1443 3540
2104 3273 2427 3701
2169 3298 2427 3701
0 580 330 814
0 3370 491 4032
16 967 1080 2354
774 2717 1048 3153
16 1080 693 1459
1080 0 1757 491
1080 209 1435 491
1120 419 1757 862
64 0 1338 604
2709 951 3024 1467
129 967 1080 2354
129 1161 1080 2354
282 1161 1080 2354
403 1693 1080 2354
508 1693 1080 2354
443 2782 1774 4032
0 3677 491 4032
1838 862 3024 2846
1967 1128 2209 1443
2572 588 2983 991
2411 1717 2838 1935
2644 3040 3024 3483
2435 2983 2806 3580
2644 3072 3024 3483
32 2169 435 2757
1838 862 3024 2628
1927 862 3024 2628
1927 1483 3024 2628
1927 1540 3024 2628
2588 3612 3024 4007
1967 1128 2209 1346
1927 1854 3024 2628
2467 1854 2854 2217
2499 1854 2854 2177
0 3370 193 3902
0 1822 459 2257
2717 3822 3024 4007
96 1080 693 1459
2032 1540 2588 1943
2032 1540 2491 1927
443 3338 830 3951
2032 1540 2491 1709
2604 588 2983 991
2661 3225 3024 3483
0 2233 846 3540
0 2233 846 3088
104 2233 846 3088
217 2233 846 2894
1362 943 1733 1338
1362 943 1677 1338
782 0 2830 3685
1290 2088 2427 3685
1290 2338 2427 3685
1290 2483 2427 3685
2419 2386 2878 2846
96 1274 459 1524
387 0 1338 604
556 0 1338 604
637 0 1338 475
870 0 1338 306
1290 2483 2427 3572
1290 2532 2153 3572
1290 2532 1903 3346
1548 2894 1903 3346
524 2233 846 2636
2451 2596 2814 2846
1241 3669 1524 3975
1120 419 1757 846
782 0 2830 2507
2298 862 2999 1669
2298 862 2967 1669
1927 2096 3024 2628
2298 975 2967 1669
1008 685 1878 1588
1008 685 1870 1588
1008 790 1604 1588
1008 790 1604 1330
1088 790 1604 1330
1830 2983 2153 3572
282 1161 991 1798
475 1161 991 1741
282 1516 637 1798
64 298 451 564
475 1161 991 1717
475 1161 927 1717
1274 524 1757 846
556 1693 1080 2354
1387 2338 1749 2653
96 3265 459 3669
1943 0 2830 983
1943 0 2798 983
1951 0 2798 911
2032 0 2798 846
2048 0 2798 733
2048 0 2741 733
2048 0 2725 733
2048 0 2669 612
2104 0 2669 516
217 2483 717 2894
556 1693 1080 2048
2395 862 2653 1161
1193 2459 1620 2644
717 1749 1443 2975
782 967 2225 2507
2483 2386 3007 3201
2483 2661 2894 3201
2298 975 2967 1604
2298 1008 2967 1604
1104 1233 1370 1588
1483 967 2112 1572
1483 1217 1943 1572
1314 3532 1999 4032
0 3757 491 4032
0 3757 411 4032
0 3765 362 4032
2298 1120 2927 1604
2298 1169 2927 1604
443 3661 758 3951
1870 2483 2427 3249
782 1298 2225 2507
782 1298 2225 2201
685 2782 1774 4032
717 1749 1443 2830
1524 3532 1999 3959
0 1951 330 2257
2032 516 2435 846
2032 516 2354 758
1524 3580 1999 3959
2177 3451 2806 3862
2741 3225 3024 3394
1927 2096 2919 2628
1620 3669 1999 3959
782 1298 1749 2201
782 1475 1749 2201
782 1475 1749 2007
782 1475 1749 1975
782 1475 1427 1911
2435 306 2725 733
685 2862 1516 4032
2048 2515 2427 3249
2572 3862 2790 4032
2862 3838 3024 3999
2193 3830 2515 4032
588 3830 838 4032
2717 3822 2886 4007
2072 3806 2257 4032
1314 3806 1741 4032
653 3790 878 4015
1241 3773 1524 3975
0 3765 201 4032
217 3757 411 4032
1620 3725 1999 3959
2403 3701 2725 4032
2257 3693 2717 3870
2177 3685 2346 3862
443 3677 653 3951
80 3677 274 3983
540 3661 758 3902
1878 3652 2169 3943
1766 3636 1951 3838
2588 3612 3024 3975
2225 3596 2419 3757
1524 3580 1709 3862
1919 3540 2225 3870
1620 3532 1814 3693
2644 3523 3024 3782
2677 3499 2903 3669
0 3499 193 3902
2765 3467 3024 3652
1467 3467 1701 3717
2274 3451 2806 3830
2185 3443 2386 3701
145 3427 459 3830
1564 3394 1806 3604
282 3394 459 3669
685 3362 1443 4032
491 3354 685 3669
532 3338 830 3749
330 3314 516 3483
1717 3298 2007 3725
2435 3282 2685 3580
588 3282 870 3475
96 3265 298 3644
1951 3233 2177 3685
2862 3225 3024 3394
1653 3209 1854 3475
2072 3128 2274 3378
354 3128 693 3419
0 3112 169 3451
129 3104 451 3378
2177 3088 2580 3435
499 3088 887 3290
1548 3080 1886 3346
2644 3072 3024 3459
1088 3064 1733 3733
798 3056 1056 3354
0 2991 201 3540
2459 2983 2806 3298
1830 2983 2153 3346
2298 2927 2556 3104
1677 2894 1903 3201
774 2878 991 3153
2120 2862 2411 3249
838 2862 1516 3443
1967 2854 2225 3233
104 2854 379 3088
249 2838 532 3080
2838 2822 3024 3056
919 2814 1185 3048
233 2814 491 3088
2483 2798 2870 3201
1951 2782 2177 2951
1387 2782 1774 3201
2177 2725 2411 3015
838 2717 1048 2959
217 2701 483 2894
1427 2685 1588 2870
1895 2644 2145 3040
1137 2628 1435 2903
2540 2612 2814 2814
225 2612 620 3080
2451 2596 2653 2846
959 2588 1241 2975
1661 2580 1838 2749
1290 2532 1838 2983
806 2532 967 2693
274 2532 435 2774
419 2524 766 2806
2048 2515 2427 2927
1798 2499 2096 2822
1870 2483 2330 2774
322 2483 717 2749
32 2475 338 2757
1653 2467 1838 2685
1443 2467 1620 2628
1193 2459 1499 2644
524 2395 758 2636
2685 2386 3007 2709
2419 2386 2878 2717
1854 2378 2153 2628
1387 2378 1612 2556
2677 2362 2838 2532
1104 2346 1395 2636
1483 2338 1749 2653
2798 2314 3024 2524
258 2290 1008 3201
387 2290 588 2628
878 2274 1201 2830
628 2233 846 2467
0 2209 185 2548
758 2201 975 2435
169 2169 435 2596
1709 2161 2032 2507
1927 2153 2338 2548
2169 2145 2830 2427
483 2145 677 2459
2080 2136 2427 2314
1306 2128 1516 2459
2814 2120 3024 2411
354 2120 532 2403
161 2104 346 2403
2257 2096 2919 2628
1604 2088 1838 2411
290 2064 499 2265
1725 2056 1927 2330
508 2048 677 2282
1419 2016 1709 2386
870 2007 1161 2241
822 2007 1024 2241
2169 1999 2483 2249
556 1991 903 2354
104 1967 330 2128
2838 1959 3024 2128
0 1951 258 2257
1838 1943 2120 2265
959 1935 1185 2112
1314 1927 1685 2201
685 1919 919 2096
1636 1911 1943 2161
2136 1895 2322 2064
2499 1854 2838 2048
2241 1846 2564 2096
1266 1846 1491 2007
145 1822 459 2072
1903 1806 2120 1999
290 1798 532 2145
717 1749 1443 2483
1822 1725 2056 2016
1282 1725 1749 1975
2580 1717 2838 1935
0 1717 185 2064
2733 1693 2959 1935
1483 1693 1935 1935
782 1693 1266 1911
161 1693 467 1870
32 1685 201 1878
2112 1669 2459 1927
459 1661 741 2072
2749 1636 2999 1798
887 1588 1072 1782
282 1548 491 1798
2241 1540 2491 1709
2032 1540 2330 1709
1556 1532 2225 1862
129 1532 459 1790
330 1516 637 1798
580 1499 806 1741
1636 1491 1951 1717
2112 1483 2604 1693
1024 1475 1427 1806
443 1467 612 1693
0 1451 209 1806
2774 1435 2999 1677
2515 1435 2903 1669
104 1403 661 1596
2572 1378 2927 1564
959 1362 1201 1645
846 1354 1016 1540
709 1330 927 1717
1878 1314 2088 1620
0 1306 266 1467
1153 1298 1620 1838
185 1274 459 1516
1483 1249 1830 1572
1104 1233 1322 1556
1733 1217 1943 1556
725 1185 1072 1717
2298 1169 2886 1604
96 1169 693 1459
1475 1161 1677 1346
475 1161 758 1395
2709 1120 2894 1362
2548 1120 2830 1338
999 1120 1274 1322
266 1096 516 1266
120 1080 379 1266
0 1072 233 1314
1362 1040 1588 1338
2620 1008 2967 1217
556 1008 749 1266
1572 991 1733 1225
814 991 1225 1556
1709 967 2112 1330
306 967 661 1185
0 959 209 1161
2846 951 3024 1467
104 951 443 1128
1483 943 1677 1209
169 887 362 1048
2016 878 2580 1378
1008 878 1257 1185
1088 870 1378 1330
2483 862 2653 1072
1636 862 1878 1201
1911 838 2435 1104
887 838 1056 1048
540 830 741 1137
2636 806 2846 1080
2298 806 2661 1056
1459 806 1628 1048
1282 790 1604 1225
2782 782 2983 943
2395 782 2556 959
427 774 669 1032
975 725 1266 959
96 725 306 983
1951 717 2282 911
1725 693 2007 919
1532 685 1870 935
2185 669 2435 846
1241 637 1435 862
1886 620 2104 814
298 620 524 822
217 612 580 1032
2298 604 2572 951
2790 596 3024 822
2572 596 2782 790
2604 588 2975 991
0 588 338 919
24 580 330 766
1580 572 2007 798
1274 524 1757 782
2032 516 2265 758
967 508 1387 999
24 508 338 693
596 483 887 669
1709 475 1870 733
2209 467 2386 725
2386 459 2669 878
2483 443 2725 733
387 362 548 564
2564 354 2798 516
1427 346 1701 580
217 314 451 564
64 298 266 564
2709 290 3024 580
951 282 1387 782
1983 274 2322 604
1080 266 1435 491
798 266 1056 532
2806 233 2991 403
0 233 177 685
637 225 887 475
2048 217 2298 459
1104 209 1435 435
387 177 580 483
2588 169 2830 346
1709 145 2193 612
2104 137 2548 516
201 129 475 395
2459 120 2741 330
951 120 1411 314
2733 112 3024 322
725 104 903 330
403 96 588 274
556 88 846 604
0 56 225 298
491 48 717 346
2636 24 2854 185
2596 0 3024 217
2314 0 2556 169
2161 0 2386 193
1959 0 2265 225
1378 0 1757 249
1314 0 1580 185
1257 0 1532 201
1096 0 1338 201
870 0 1137 306
862 0 1040 193
725 0 919 241
322 0 766 177
193 0 387 201
225 2483 766 3080
0 0 3024 2459
0 1661 3024 4032
2257 3693 2717 3927
225 177 604 620
0 2814 532 3241
0 887 2999 2459
0 0 3024 1935
967 508 1628 1580
0 0 3024 1709
1580 137 2403 814
1798 2499 2096 3080
1878 1249 2532 1620
104 2814 532 3241
2032 1249 2532 1499
2774 758 3024 1935
217 604 685 1032
8 2104 282 2370
104 2814 532 3233
499 3088 911 3370
1475 1153 1935 1451
1475 1153 1854 1451
1483 1693 3024 4032
225 3233 596 4032
2177 3088 2620 3644
322 2483 766 2806
717 3604 943 3838
717 3604 943 3773
0 3370 258 4032
1878 3652 2257 4032
2169 2007 2886 2427
693 499 935 1153
104 2814 491 3233
306 0 766 274
0 887 693 1596
104 2854 451 3233
266 177 588 588
379 322 588 588
379 322 548 564
0 951 693 1596
306 0 766 177
1580 274 2322 814
0 1661 2096 4032
217 604 669 1032
0 1661 1443 4032
274 2290 596 2774
951 0 3024 1709
1499 1419 1846 1709
959 1862 1233 2241
959 1862 1185 2112
2169 2024 2854 2427
2169 2104 2830 2427
2177 3088 2580 3540
2016 1725 2201 2169
951 0 3024 1669
274 2290 588 2774
951 0 1451 314
443 2314 2096 4032
443 2459 2096 4032
1475 1153 1822 1451
403 1661 741 2104
0 1749 1443 4032
685 1919 1024 2241
1580 274 2322 798
0 0 1370 1588
0 725 306 1161
0 830 209 1161
2644 3378 3024 3782
2644 3378 3024 3669
919 2588 1241 3048
693 499 878 1153
1878 1959 3024 3024
0 927 2999 2459
2572 3862 3024 4032
2644 2822 3024 3459
2846 895 3024 1935
2846 951 3024 1935
2644 3467 3024 3782
1878 1959 3024 2951
1241 2314 1749 2653
1524 1435 1846 1709
540 459 1370 1588
556 1298 2999 2459
0 927 1072 2128
2846 951 3024 1814
2644 2878 3024 3459
951 0 2556 846
1548 467 1870 733
1927 1959 3024 2951
338 3370 596 4032
1322 2314 1749 2653
0 1161 1072 2128
0 2395 282 2919
0 2644 282 2919
1475 1153 1757 1346
1636 1911 1967 2330
1636 1911 1943 2330
1241 0 3024 1669
1241 637 2007 1338
1241 637 1878 1338
2749 516 3024 822
0 0 1338 822
0 0 540 822
0 129 540 822
0 0 387 298
2644 3378 3024 3556
2193 3612 3024 4032
2403 3612 3024 4032
556 1008 1072 1717
387 0 1338 669
120 927 661 1266
1088 806 1628 1580
1088 870 1524 1580
0 298 540 822
24 298 540 822
1241 637 1870 1338
2572 1370 2999 1798
540 653 1370 1588
951 0 2386 846
0 2290 1008 4032
1201 2774 1451 2935
1604 3532 2096 4032
2572 1378 2999 1798
1483 1693 3024 3870
1886 2661 3024 3870
1886 3265 2427 3870
1886 3265 2225 3870
120 967 661 1266
556 1298 2959 2459
2177 1693 2959 2136
2177 1693 2959 2104
1596 467 1870 733
1604 3725 2096 4032
1604 3725 1999 4032
1411 0 3024 1669
0 3370 201 4032
387 0 1338 637
387 0 1137 637
387 0 1040 637
725 0 1040 330
0 1072 693 1596
443 2459 1838 4032
741 3628 1145 4032
822 3628 1096 3886
387 48 887 637
387 48 846 604
951 249 1943 846
2177 2661 3024 3862
0 2757 241 2919
0 1749 1443 2894
1886 3265 2064 3572
1620 3532 1951 3838
2370 1693 2959 2104
1927 2096 3024 2951
0 2395 177 2653
637 225 887 637
2556 975 2967 1362
2556 975 2967 1217
0 2935 516 4032
2411 1693 2959 2104
24 298 451 693
0 1266 459 1524
1435 249 1943 685
1080 0 2386 612
1378 0 2386 612
1378 0 2040 338
2177 2798 3024 3862
1983 1419 2274 1580
1709 0 2386 612
0 2935 201 3540
0 1951 258 2548
0 2209 233 2548
266 967 661 1266
80 3104 516 4032
387 48 717 483
2177 1766 2443 1927
741 3790 1145 4032
741 3822 1145 4032
540 669 822 1282
1411 846 2209 1604
878 2274 1233 2830
1411 862 2209 1604
1411 862 2112 1604
951 282 1757 846
951 282 1757 782
2104 3273 2427 3685
2104 3273 2306 3685
1911 0 3024 1669
2298 112 3024 951
2386 112 3024 878
1709 0 2354 612
0 1161 991 2128
1483 1693 2427 3725
1483 1693 2120 2016
1483 862 2112 1572
1483 1693 2056 2016
1185 3669 1524 3975
2572 1378 2999 1677
806 653 1370 1588
806 653 1274 1556
1185 3773 1524 3975
2048 0 3024 612
0 1266 322 1524
1378 0 1959 249
443 2717 1790 4032
2185 2798 3024 3830
1241 637 1604 1225
1249 790 1604 1225
1911 516 2983 1669
0 1306 322 1524
32 1749 1443 2894
1927 2096 3024 2846
1927 2096 3024 2717
0 1161 991 1806
129 1161 991 1798
129 1161 927 1798
129 1467 806 1798
129 1516 637 1798
1024 2459 1838 2983
1137 2459 1838 2983
1137 2532 1838 2983
443 2782 1790 4032
32 1685 459 2128
1362 685 1870 1338
524 1749 1443 2636
1911 516 2903 1669
1362 887 1685 1338
1137 2628 1588 2903
1137 2628 1540 2903
1314 3467 1790 4032
1604 1943 2427 3725
32 1991 903 2894
32 2120 532 2894
32 2169 483 2894
2395 806 2846 1161
2459 1693 2959 2104
1314 3467 1741 4032
1314 3580 1741 4032
483 1991 903 2459
508 1991 903 2354
1411 1338 1596 1604
1927 2136 2427 2564
80 3104 459 4032
96 3104 451 3644
1927 2136 2427 2548
306 967 661 1193
475 1161 758 1564
443 1467 806 1741
96 1169 693 1596
1120 419 1757 782
1653 2644 2274 3725
1677 2644 2274 3378
1830 2644 2274 3378
1830 2983 2274 3378
556 1298 2604 2459
1556 1483 2604 2249
1556 1483 2604 1927
2032 1483 2604 1709
0 3499 201 4032
2257 2096 3024 2717
2257 2096 2919 2717
2483 806 2846 1080
814 878 1274 1556
2459 0 3024 346
104 1822 459 2128
2136 1895 2483 2249
2499 1693 2959 2048
2185 2798 2870 3830
2298 2798 2870 3201
1653 3209 2007 3725
2435 112 3024 733
80 3427 459 4032
145 3427 459 4032
1024 2491 1338 2661
2185 572 2435 846
1604 1943 2427 3249
1604 1943 2330 2774
2459 24 2854 346
443 3282 878 4015
1967 2515 2427 3249
2185 2983 2806 3830
443 3282 870 3951
145 3757 411 4032
1967 2725 2411 3249
2120 2725 2411 3249
1604 1943 2153 2685
1604 1943 2153 2628
2459 24 2854 330
2435 290 3024 733
1911 516 2580 1378
1911 717 2580 1378
556 1298 1749 2459
1153 1298 1749 2459
2185 3443 2806 3830
1604 1943 2120 2507
556 1475 1427 2048
814 878 1257 1556
1282 1725 1749 2459
1282 1725 1749 2201
1556 1532 2459 1927
2580 1693 2959 1935
129 1532 491 1798
685 2862 1733 4032
838 2862 1733 3733
1911 838 2580 1378
556 1693 1266 2048
1604 2088 2032 2507
2298 1169 2903 1669
225 2257 1008 3411
225 2290 1008 3411
1782 2427 2225 2846
2846 2983 3024 3225
2257 2378 2604 2822
1306 209 1564 459
1306 209 1564 427
0 1725 2177 4032
2765 758 3024 1249
2798 895 3024 1249
1782 2427 2225 2822
2096 1911 2282 2177
161 612 725 1048
161 612 669 1048
2225 3556 3024 3870
2257 499 2588 1048
185 1556 516 1838
225 2378 999 3411
2314 1370 3024 1935
2467 1370 3024 1935
1241 2886 1507 3128
411 911 1072 1717
427 911 1072 1717
895 2249 1516 2830
2749 1370 3024 1935
2080 3007 3024 3596
2177 3007 3024 3596
1886 967 2128 1128
1330 830 1628 1427
2749 1435 3024 1935
2177 3007 2911 3596
0 1725 1709 3201
0 1725 1709 2919
0 2588 2177 4032
895 2249 1370 2830
975 0 3024 4032
0 0 2257 2782
806 516 1096 1096
1548 508 1757 766
580 419 887 798
596 419 887 669
1201 3370 1830 3967
0 0 766 338
887 403 1282 1169
951 1814 1177 2088
951 1814 1169 2007
1959 1120 2193 1459
120 2177 338 2499
2225 3556 2725 3806
2749 1459 3024 1935
2749 1596 3024 1935
1967 3580 3024 4032
2225 3596 2725 3806
2177 3007 2911 3483
588 669 782 1072
0 1991 1249 2919
0 1991 975 2919
2612 0 3024 628
0 1967 532 2782
1378 1040 1596 1427
975 0 3024 3717
1128 2628 1588 2935
1548 2733 1983 3515
225 1088 596 1266
1104 1338 1378 1588
580 2717 1104 3459
749 2717 1104 3362
0 2056 532 2782
0 2120 532 2782
2177 3612 3024 4032
1548 2749 1983 3515
1548 2749 1959 3346
975 596 1612 1225
975 596 1257 943
1016 0 3024 3717
