0 0 3024 4032
1378 3282 1741 3669
1749 3709 2056 4032
919 620 1177 951
1419 1975 1806 2233
903 2161 1653 2532
1169 3596 1354 3838
701 2653 903 2999
274 1717 499 2007
983 2161 1653 2532
1145 2161 1653 2532
1548 1104 2040 1419
1556 1137 2040 1419
0 532 3024 4032
0 2951 628 3370
0 2951 604 3370
0 0 3024 3080
40 0 314 233
669 2499 878 2749
1766 3491 2161 3733
1983 1096 2378 1580
2032 1096 2378 1580
532 0 1636 1185
0 2386 895 2999
0 2386 572 2798
467 2507 895 2999
1862 1830 2330 2443
1927 2145 2249 2443
1185 2306 1653 2532
443 1693 2225 3096
443 1693 2225 2838
443 1693 2225 2741
443 1693 2032 2677
443 1693 1951 2636
443 1693 1951 2451
443 1693 1491 2330
443 1693 1475 2257
443 1717 1475 2257
758 1717 1475 2257
1112 1717 1475 2257
1185 1717 1475 2177
1185 1717 1475 1999
0 137 233 419
1669 3177 2040 3644
1782 3177 2040 3467
2306 1524 2685 1846
2467 1524 2685 1846
2491 1524 2685 1846
1483 3725 1822 4032
241 3540 919 3943
241 3540 919 3935
241 3540 919 3902
596 975 1080 1645
1088 2596 1427 3096
0 2951 564 3209
1862 1830 2330 2257
40 1612 201 1927
419 3338 685 3620
491 3338 685 3620
2040 3233 2298 3628
1241 3120 1443 3362
249 2765 661 2991
0 532 669 2636
596 975 1024 1645
645 1177 1024 1645
709 1177 1024 1451
0 1249 3024 4032
693 3144 1185 3451
782 3144 1185 3451
870 3144 1185 3427
0 532 475 2636
443 1717 959 1999
499 1717 959 1999
1395 3088 1677 3475
1556 2959 1870 3265
2556 2919 2838 3290
1040 1403 1628 2024
1362 1556 1628 2024
693 3177 878 3443
2048 3386 2298 3628
1088 2596 1427 2919
1685 1145 2040 1314
459 1846 1257 3193
459 1846 1257 2653
895 3144 1185 3370
1040 1403 1499 1943
241 3669 798 3902
862 2564 1193 3193
862 2564 1153 3193
475 1846 1169 2386
2362 3773 2580 4032
1370 3378 1661 3830
0 3161 330 4032
0 3290 330 4032
1040 1403 1217 1943
0 532 370 2298
475 1846 1169 2378
693 2024 1169 2378
56 1419 370 1693
2032 354 3024 3080
2032 354 3024 1362
1556 2959 1814 3177
1951 2709 2709 3354
0 532 314 2298
0 532 314 2104
459 2314 1257 2653
0 3290 330 3798
0 1983 169 2298
0 532 314 1088
0 2145 475 2636
1427 3459 1661 3733
846 2322 1257 2653
0 951 169 2104
1475 2604 1919 3072
1475 2604 1919 2991
2596 2919 2838 3290
2209 475 3024 3080
2209 2274 2806 2991
2354 2467 2806 2991
2362 2467 2806 2782
2435 2572 2806 2782
2274 475 3024 3080
1459 2016 1951 2451
693 2024 1048 2378
0 3290 330 3685
2032 354 2943 1362
862 2564 1104 3032
1483 1249 1999 2016
1483 1249 1782 2016
1556 2846 1741 3072
0 0 3024 2241
48 1153 483 1564
56 1185 483 1564
2080 2782 2709 3354
2177 2854 2709 3354
0 1290 3024 4032
1395 2919 2241 3596
1395 2919 2080 3596
1596 2919 2080 3346
0 0 1080 2241
104 2145 475 2499
104 2233 475 2499
532 0 1636 1096
1782 1290 2653 3024
1991 2628 2499 3024
2032 354 2741 1362
2032 733 2435 1362
798 0 3024 1741
2249 2854 2709 3354
0 2499 3024 4032
951 2782 1266 3064
1459 2016 1911 2451
645 1346 1048 1878
1782 1290 2653 2862
2241 354 2741 1233
2241 451 2741 1233
48 3427 1137 4032
104 3427 1137 4032
104 3628 1048 4032
1411 1249 1604 1564
1524 3749 1822 4032
1524 3822 1806 4032
2241 564 2709 1233
2241 564 2709 1169
72 677 314 1056
72 677 290 975
653 3628 1048 4032
2338 3403 2636 3870
1935 3120 2241 3386
0 2572 3024 4032
1161 2572 1620 3144
1161 2572 1588 3144
1298 2782 1588 3144
2241 564 2709 1040
2241 564 2709 927
2403 814 2838 1137
2112 733 2435 1145
2209 2274 2628 2701
2088 137 2370 298
1782 1290 2653 2499
1911 1290 2653 2499
1911 1290 2653 2338
1741 2499 2064 2935
1741 2612 1999 2935
532 80 1636 1096
1072 0 1532 387
1911 1290 2653 1959
2096 1290 2653 1669
1395 3136 1854 3596
1516 3273 1854 3596
137 3749 532 3983
0 2588 3024 4032
0 2588 766 3072
0 2653 766 3072
0 2653 701 3072
0 2653 588 3072
0 2693 508 3072
0 2717 508 3072
0 2717 370 3056
2024 2274 2524 2862
1862 1830 2314 2257
193 2846 3024 4032
193 2927 2322 4032
193 2927 2136 4032
387 2927 2136 4032
524 2927 2136 4032
540 2927 2136 4032
677 2927 2136 4032
1290 3314 2136 4032
1290 3532 1854 4032
1459 3532 1854 3894
2378 653 2709 927
2451 653 2709 846
1935 2846 3024 4032
677 2927 1427 4032
943 3040 1427 4032
943 3056 1427 4032
943 3265 1427 4032
532 225 1636 1096
822 3628 1048 4032
1661 991 2201 1685
943 3265 1387 4032
104 1733 653 2241
177 1935 653 2241
2096 1290 2653 1645
2451 2846 3024 4032
1088 2596 1322 2911
2451 3217 3024 4032
0 0 1080 1846
467 887 774 1249
2451 3298 3024 4032
2064 3636 2483 4032
596 225 1636 1096
741 1346 1048 1878
2532 0 3024 338
2249 2274 2628 2612
943 3467 1370 4032
193 927 862 1846
2620 3580 2798 4032
2677 2153 3024 3080
1782 459 2104 919
2467 3588 2733 3765
2451 3298 3024 3959
104 1733 314 1999
0 0 1080 1161
2693 3298 3024 3959
1072 0 1443 387
1661 1266 2072 1685
1604 798 2048 1201
1935 2919 2459 3669
1911 1967 2314 2257
2274 475 3024 2257
2475 475 3024 1475
193 0 1080 1161
661 225 1636 1096
193 991 862 1846
193 1290 862 1846
661 225 1636 911
661 225 1636 846
798 0 2330 1741
854 0 2330 1741
854 1064 1516 1741
854 1064 1330 1741
0 290 249 524
2475 475 3024 1362
1709 0 3024 1177
2088 3717 2483 4032
1959 3491 2322 4032
1008 0 2330 1241
1709 0 2628 1177
846 225 1636 846
846 225 1290 548
1008 1177 1330 1741
282 1951 653 2241
338 991 758 1475
419 1177 758 1475
1241 379 1636 846
2217 3193 2459 3669
2274 1378 3024 2257
1153 1104 1516 1725
2491 161 3024 491
2685 2846 3024 3314
846 225 1241 548
2475 548 3024 1362
2677 2225 3024 3080
2112 758 2378 1145
1145 838 1411 1161
2274 1491 3024 2257
1717 0 2628 1177
56 1298 290 1564
661 467 1128 798
0 443 266 903
943 3693 1370 4032
1757 0 2628 1177
1016 0 2330 1241
2346 1491 3024 2257
2346 1491 3024 2241
217 0 1080 1161
217 0 959 1161
217 0 838 1161
2612 548 3024 1056
2612 548 3024 975
1241 379 1491 846
1241 580 1491 846
1790 0 2628 983
1757 2919 2080 3225
2532 0 2903 241
1790 80 2411 983
1927 290 2411 983
1137 0 2330 1241
1137 0 2330 959
1137 0 2330 830
1201 0 2330 290
1185 774 1741 1241
838 1346 1048 1725
2790 2306 3024 2774
217 0 838 951
2677 2225 2975 3080
1790 80 2257 540
1137 137 1725 830
798 806 1145 1169
217 0 620 604
217 0 620 411
2209 0 2628 403
1266 137 1725 830
1266 137 1725 701
459 0 959 645
1927 290 2411 766
1717 0 2330 258
1717 0 2080 258
2346 1677 3024 2241
2572 1677 3024 2233
1895 137 2257 540
2572 1677 3024 2040
274 540 838 951
1185 903 1677 1241
193 1532 628 1846
2806 3862 3024 4032
653 3854 878 4032
2088 3830 2298 4032
48 3830 233 4032
1524 3822 1725 4032
1290 3814 1548 4032
2483 3790 2693 4032
1483 3725 1701 3919
1112 3725 1370 3999
2209 3717 2483 4032
2048 3709 2282 4032
1959 3709 2120 4032
943 3693 1177 4032
290 3685 798 3902
1169 3661 1354 3838
822 3628 1048 3846
2411 3604 2636 3870
2467 3596 2661 3765
2628 3580 2798 4032
314 3580 749 3741
1766 3572 1943 3733
193 3556 411 3725
596 3540 919 3806
1548 3532 1854 3814
0 3523 258 3798
1459 3515 1661 3733
1999 3491 2322 3725
1878 3491 2161 3701
1048 3467 1233 3814
0 3459 169 3685
1201 3451 1362 3669
2451 3435 2725 3620
1669 3435 1895 3644
2782 3427 3024 3596
628 3427 1137 3701
2338 3403 2572 3806
1556 3403 1782 3596
2161 3338 2322 3636
1419 3338 1741 3669
1830 3314 2136 3580
387 3306 628 3491
991 3298 1185 3523
0 3290 330 3540
1516 3273 1854 3523
2459 3265 2749 3483
1128 3265 1387 3556
524 3233 806 3580
161 3225 346 3411
2669 3217 2878 3540
870 3217 1032 3427
782 3217 975 3451
2217 3193 2459 3467
2249 3185 2580 3459
1862 3177 2040 3362
693 3177 854 3346
2048 3169 2241 3386
0 3161 330 3394
895 3144 1185 3362
1596 3128 1951 3346
1935 3120 2145 3370
193 3120 604 3661
322 3104 604 3370
1395 3088 1556 3314
2249 3080 2636 3354
1612 3080 1870 3265
1137 3056 1387 3346
2556 3048 2741 3257
540 2991 935 3322
911 2983 1153 3193
2685 2967 3024 3314
2362 2967 2644 3265
1757 2967 1967 3225
1346 2959 1588 3144
0 2951 564 3185
677 2927 1032 3201
2596 2919 2838 3249
1935 2919 2265 3217
1814 2919 2080 3161
975 2919 1193 3112
1201 2894 1387 3096
225 2886 508 3072
427 2870 701 3064
2257 2854 2709 3257
1556 2854 1725 3072
1435 2854 1620 3015
2717 2846 2886 3056
2548 2822 2814 3007
354 2814 661 2991
1709 2806 1919 2991
0 2798 370 3056
2354 2774 2757 2991
2193 2765 2499 3024
2862 2749 3024 3007
1249 2741 1427 2919
1951 2709 2153 2983
1378 2701 1540 3064
499 2685 766 2943
701 2677 870 2999
1088 2661 1322 2911
177 2653 588 2838
2790 2644 2975 3080
1991 2628 2201 2854
1838 2612 1999 2935
1475 2604 1790 2903
999 2604 1177 2838
2435 2580 2806 2782
1161 2572 1556 2782
862 2564 1056 2959
2806 2548 3024 2774
588 2548 895 2999
0 2515 362 2693
467 2507 782 2790
2088 2499 2524 2862
1895 2499 2064 2677
1951 2491 2225 2741
572 2483 733 2677
846 2475 1112 2653
2362 2467 2620 2644
2209 2459 2491 2701
2677 2451 2838 2854
48 2386 572 2798
2249 2370 2467 2612
1185 2370 1653 2532
0 2370 169 2636
1749 2362 2032 2677
177 2330 475 2499
959 2322 1257 2491
459 2314 919 2540
2790 2306 2999 2596
1193 2306 1354 2475
1507 2282 1725 2451
2403 2274 2628 2564
2024 2274 2265 2644
104 2233 451 2443
2677 2225 2886 2927
2193 2217 2386 2499
233 2217 669 2411
2354 2193 2556 2411
564 2193 749 2378
0 2193 209 2411
1145 2161 1322 2330
1370 2153 1951 2636
1927 2145 2233 2443
2669 2104 2846 2298
911 2104 1169 2314
483 2080 645 2314
1717 2072 1951 2354
2830 2064 3024 2257
935 2064 1137 2257
0 2064 249 2395
1112 2056 1274 2257
1911 2048 2209 2257
693 2040 1048 2378
0 2040 169 2298
709 2024 983 2225
1459 2016 1911 2306
2346 2007 2620 2241
435 1983 653 2185
2080 1967 2314 2185
1233 1951 1491 2330
282 1951 516 2241
177 1935 387 2128
104 1927 314 2177
2580 1919 2903 2233
959 1911 1249 2145
2096 1895 2628 2338
2467 1886 2717 2112
475 1846 774 2233
758 1838 1128 2161
1862 1830 2080 2145
2274 1822 2564 2048
322 1822 548 2040
1782 1774 1943 2024
661 1774 959 1999
1306 1766 1475 1999
104 1733 282 1991
2007 1717 2354 2032
1185 1717 1354 1975
499 1717 766 1967
322 1717 499 1895
927 1693 1153 1943
2572 1685 3024 2040
2814 1677 3024 1903
2330 1669 2540 1895
193 1661 459 1846
2306 1620 2491 1846
2491 1612 2886 1975
1483 1612 1782 2016
1040 1612 1217 1943
1451 1580 1628 1854
2080 1572 2346 2007
1362 1556 1612 2024
1911 1548 2153 1959
741 1548 1016 1878
201 1532 628 1846
2515 1524 2685 1774
1677 1524 1999 1870
870 1516 1032 1725
2024 1507 2233 1774
1177 1499 1499 1798
532 1499 774 1741
2854 1491 3024 1717
56 1491 306 1693
193 1419 370 1612
2765 1387 3024 1596
2540 1378 2959 1701
838 1346 1048 1645
645 1330 951 1645
1798 1322 2072 1685
2709 1314 2927 1475
2532 1314 2765 1475
1153 1314 1459 1725
1411 1298 1572 1564
56 1298 290 1556
2096 1290 2556 1645
330 1290 862 1588
419 1282 580 1475
1661 1266 1870 1661
1516 1249 1774 1693
1983 1241 2145 1451
1757 1225 1999 1395
2782 1209 2991 1435
1008 1209 1185 1741
137 1185 483 1532
1072 1177 1330 1524
709 1177 951 1435
556 1177 758 1403
1556 1137 1822 1419
2314 1128 2612 1362
88 1120 354 1370
1185 1104 1516 1427
2757 1096 3024 1395
2451 1096 2636 1257
2177 1096 2378 1338
2862 1064 3024 1282
2032 1064 2314 1362
854 1064 1088 1282
1435 1024 1725 1322
2475 1016 2814 1362
1895 991 2201 1354
338 991 588 1314
596 975 862 1241
201 975 411 1225
2338 967 2620 1233
467 967 717 1249
0 951 169 1903
298 927 628 1322
1459 911 1677 1177
1145 911 1330 1161
1814 903 1983 1128
1185 903 1604 1241
2540 895 2838 1137
1056 895 1233 1241
701 895 878 1096
798 887 1145 1169
524 887 774 1088
2112 870 2378 1145
1757 862 2177 1177
1193 838 1411 1032
2403 814 2757 1137
1330 774 1741 991
967 766 1177 951
88 766 290 975
2161 758 2346 991
2378 733 2644 927
1467 733 1653 903
2749 725 3024 975
1935 725 2185 983
2088 693 2249 854
72 677 249 878
298 653 838 951
1782 620 1975 919
2790 612 3024 798
1016 612 1338 935
548 612 766 830
1241 580 1427 846
32 580 266 903
2241 564 2515 782
1419 564 1628 830
2741 556 3024 766
2612 548 2911 846
717 548 959 798
274 540 596 822
2427 516 2717 733
1604 483 1886 959
661 467 1128 637
532 467 741 661
1927 459 2386 766
1886 459 2104 685
2846 451 3024 620
2435 451 2741 612
1419 443 1636 677
0 443 258 628
1507 419 1725 701
1008 411 1290 669
1241 379 1467 628
193 370 403 774
1596 354 1862 532
0 354 249 524
1137 322 1467 491
1717 314 1935 540
233 314 499 604
2306 290 2499 596
2112 290 2411 677
0 290 233 491
2177 282 2354 467
459 282 959 645
596 266 919 467
2830 249 3024 411
846 225 1241 483
249 225 508 411
1733 209 1895 379
1564 209 1774 532
2612 193 3024 491
2491 161 2862 427
2088 137 2290 298
1911 137 2257 540
1266 137 1677 443
0 137 233 322
2395 129 2628 403
395 112 669 395
32 112 346 346
1120 104 1435 387
2741 96 3024 338
854 96 1080 362
2378 80 2556 249
1790 80 2040 346
983 80 1169 266
2532 0 2822 241
2209 0 2556 395
1975 0 2330 201
1717 0 1951 258
1201 0 1782 290
1072 0 1443 209
951 0 1193 161
838 0 1024 241
524 0 959 379
217 0 620 266
0 0 201 201
0 0 3024 2653
0 1717 3024 4032
0 1895 3024 4032
0 2951 628 3209
1370 3177 2040 3830
1370 3282 1741 3830
467 2483 927 2999
572 2483 927 2999
588 2548 927 2999
1951 2709 2330 3096
959 2604 1177 2838
2007 1717 2354 2040
564 2193 1225 2491
564 2193 1024 2491
564 2193 919 2386
572 2483 878 2749
2040 3233 2322 3636
0 0 1427 2636
701 2653 927 2999
1419 1774 1943 2233
330 0 3024 2653
975 2894 1193 3112
1483 3491 2370 4032
1483 3644 2370 4032
1483 3709 2370 4032
782 3217 1032 3459
782 3217 1024 3459
330 733 2886 2653
1483 3709 2282 4032
838 0 3024 2233
895 508 1072 814
1370 3282 1661 3830
0 2314 1919 4032
2451 895 2838 1257
2080 2782 2330 3096
2838 2257 3024 2604
1709 1774 1943 2024
1483 3709 2120 4032
1636 3709 2120 4032
1749 3709 2120 4032
330 733 2765 2653
1935 733 2765 1580
572 3725 1040 4032
1895 2499 2064 2765
1935 733 2540 1580
2233 1524 2886 1975
2306 1524 2886 1975
1306 2701 1919 3475
1459 2701 1653 2943
2306 1620 2612 1846
725 2016 1137 2257
0 2314 1387 4032
653 3725 1040 4032
0 532 314 2636
838 0 3024 1161
1983 733 2540 1580
2032 733 2540 1580
0 532 306 2636
0 532 249 2636
330 1177 2395 2653
2024 1507 2395 1774
596 1895 3024 4032
2007 1895 2878 3540
1306 2806 1919 3475
1395 2806 1919 3475
0 2386 1387 4032
2007 1895 2846 2628
2007 1895 2685 2628
56 1419 306 1757
2467 3580 3024 4032
2467 3580 2862 4032
2620 3580 2862 4032
1201 2741 1427 3096
1072 354 3024 2233
1177 862 2177 2024
1177 1249 1774 2024
2007 1895 2628 2338
0 0 1427 2499
274 1717 774 2314
443 1846 774 2314
330 1177 2314 2653
56 1419 306 1693
0 2386 1217 4032
895 3112 1217 3370
1524 2806 1919 3475
1532 2806 1919 3306
1556 2806 1919 3177
0 0 314 491
0 0 233 491
838 0 3024 991
2193 2572 2878 3540
2193 2765 2878 3540
2193 2765 2814 3257
2257 2822 2814 3257
2314 733 2540 1169
1548 862 2177 1419
1548 1104 1822 1419
1757 1225 1999 1467
862 2467 1387 3346
862 2564 1387 3346
862 2564 1266 3064
862 2564 1201 3032
2403 354 3024 628
2403 354 3024 620
596 2064 3024 4032
596 3120 2403 4032
1008 0 3024 991
2782 209 3024 411
2249 2967 2878 3540
2249 3080 2878 3540
2596 411 3024 620
467 782 1217 1943
0 1612 249 2636
0 2040 249 2636
0 2193 209 2636
2080 451 3024 2233
2201 1540 2395 1701
0 2386 1153 4032
0 2386 572 2846
0 2386 572 2838
0 2467 362 2693
1072 354 2378 2016
0 2040 249 2395
2314 733 2540 1040
0 137 233 491
330 1177 951 1741
846 3725 1040 4032
451 1846 774 2314
0 2588 1153 4032
0 3523 798 4032
596 3120 2378 4032
1088 2064 3024 4032
395 0 822 395
2749 1096 3024 1435
2314 1128 2765 1475
2314 1128 2628 1475
2346 2007 2628 2306
1016 3112 1217 3370
499 1548 2314 2653
330 1290 862 1741
104 3580 798 4032
0 2588 1153 3725
661 782 1056 1185
661 782 1056 1096
661 782 927 1096
2435 2572 2806 2838
1362 1249 1774 2024
846 2161 1725 2653
467 887 1217 1943
596 975 1217 1943
741 1064 1217 1943
1088 2104 2628 3314
1927 2104 2290 2443
499 1548 2314 2378
1596 3120 2145 3370
2749 1209 2991 1435
1088 2153 2628 3314
2378 80 2862 427
1088 2153 2628 3144
499 1596 766 1967
741 1209 1217 1943
1008 379 1491 798
1217 379 1491 798
1072 354 2249 1725
0 2588 1032 3725
2330 1669 2628 1895
104 1733 669 2499
0 3523 258 3870
911 2983 1153 3217
104 3685 798 4032
290 3685 798 3975
1298 2782 1620 3144
1346 2854 1620 3144
0 2588 935 3725
1757 2064 3024 4032
2677 2064 3024 3056
2765 2064 3024 2306
467 887 774 1403
2491 1524 2886 1975
661 1548 2314 2378
709 2024 1169 2314
0 2588 935 3685
1935 693 2249 983
0 2588 935 3661
846 2282 1725 2653
1088 2153 2628 2983
1636 3749 1822 4032
661 1548 2314 2330
1137 0 3024 991
1419 322 1636 677
1201 0 3024 766
2677 2225 2886 3056
596 3265 2378 4032
1128 3265 1387 3669
2532 3185 2878 3540
2532 3185 2806 3370
104 1822 669 2499
1870 3709 2120 4032
1088 2153 2628 2935
1088 2153 2620 2935
0 0 1427 1846
56 878 628 1846
56 927 628 1846
1717 209 1935 540
1185 2282 1725 2532
0 0 1427 1169
0 354 403 975
0 2653 935 3661
741 1209 1185 1943
427 2588 766 2943
1757 2306 3024 4032
0 354 266 903
2080 1290 3024 2233
661 1717 2314 2330
661 1717 1911 2330
661 1717 1354 2257
661 1774 1274 2257
661 1774 1249 2161
0 532 169 1903
741 1209 1185 1878
741 1516 1032 1878
838 0 1532 387
838 0 1443 387
596 3298 2378 4032
596 3298 1725 4032
943 3685 1725 4032
1290 3685 1725 4032
1790 80 2040 443
88 370 403 975
193 370 403 951
56 975 628 1846
1548 3314 2378 3814
104 1935 669 2499
177 1935 669 2499
177 1935 669 2411
1137 137 1741 991
596 3298 1233 3846
88 975 588 1532
451 2080 645 2314
2322 1249 2628 1475
2338 451 3024 1362
1451 758 2378 2016
1451 991 2201 2016
1290 3685 1572 4032
1072 354 2048 1725
1072 798 2048 1725
2451 2306 3024 3959
2556 2306 3024 3959
2596 2306 3024 3959
2403 451 3024 1362
1217 379 1467 628
1072 903 1677 1725
1153 1249 1604 1725
2685 2306 3024 3959
2790 2306 3024 2830
596 3427 1233 3846
1419 419 1725 830
838 0 1435 387
838 0 1169 266
2427 451 3024 1362
88 975 588 1475
1741 2193 2620 2935
1741 2612 2201 2935
233 1951 669 2411
2427 516 3024 1362
88 975 588 1370
1757 2919 2693 4032
1757 2919 2459 3467
1935 2919 2459 3467
1451 1266 1870 2016
1233 1766 1911 2330
2088 3403 2693 4032
2338 3403 2693 4032
2451 3265 2749 3620
2427 516 3024 1080
1677 991 2201 1870
1677 1322 2072 1870
596 3427 1233 3814
32 0 1427 1169
1233 1951 1911 2330
1088 2153 1951 2911
1088 2572 1790 2911
2378 653 2701 927
2024 2193 2620 2862
2024 2193 2620 2644
177 2653 588 2886
628 3427 1233 3814
1451 1580 1782 2016
2685 2644 3024 3959
2096 1290 3024 2233
2096 1290 3024 1717
2193 2193 2620 2644
2193 2193 2556 2612
2193 2193 2556 2499
596 225 1427 1169
2427 516 3024 975
56 1298 628 1846
56 1298 370 1612
1137 137 1677 491
2475 991 2975 1362
596 225 1338 1169
798 612 1338 1169
1201 0 2386 766
758 1838 1249 2161
1072 903 1677 1524
1072 1104 1516 1524
1999 3491 2378 3782
193 2991 935 3661
798 766 1177 1169
32 0 959 951
274 0 959 951
2685 2967 3024 3959
2096 1290 2959 1701
2032 758 2378 1362
88 983 354 1370
2274 1677 3024 2233
1548 3314 2136 3814
2112 0 3024 677
2532 0 3024 491
2612 96 3024 491
596 225 1241 798
1201 0 2330 540
1596 354 1886 959
596 225 1241 637
