0 0 3024 4032
338 129 588 362
935 2274 1636 2653
935 2274 1636 2596
2193 2524 2846 3217
620 2072 919 2330
620 2072 822 2314
0 2064 637 2475
1991 1895 2322 2322
1991 1951 2274 2209
1943 3846 2145 4032
596 2943 878 3104
1806 596 2733 1024
282 2467 540 2951
282 2467 508 2830
2475 0 3024 975
2507 0 3024 975
2507 0 3024 709
2693 0 3024 709
2556 3644 3024 4032
2717 0 3024 427
2507 16 2886 556
1040 2306 1636 2596
161 266 3024 2443
2556 3644 3024 3975
887 1983 1854 2669
1507 1911 1790 2088
2588 3862 2830 4032
2524 2120 2757 2354
0 2314 2386 4032
2741 2088 3024 2588
2806 2088 3024 2491
0 2064 524 2475
895 2314 1322 2653
2507 16 2870 427
0 2467 2386 4032
887 1983 1854 2564
983 1346 1790 1693
1120 88 1548 427
1120 96 1548 427
0 290 225 677
266 2016 516 2185
161 266 3024 2411
2427 435 3024 1435
2685 1104 3024 1435
2749 1225 3024 1435
1540 266 2064 588
1540 306 2064 588
2056 1330 2467 1540
161 322 3024 2411
2193 1048 2419 1274
1798 3282 2136 3523
314 3177 733 3773
362 3403 733 3773
2112 3112 2459 3435
314 3177 709 3580
0 0 2886 1354
0 596 443 1354
0 1161 3024 4032
2693 3685 3024 3975
0 0 2886 1064
0 3346 1403 4032
0 3346 959 4032
0 3346 798 4032
0 3346 709 4032
2427 435 3024 1128
2515 435 3024 1128
2604 435 3024 1128
2604 435 3024 1040
2846 435 3024 967
2104 403 2378 628
685 2467 2386 4032
685 2467 2233 4032
685 3015 1507 3725
1056 3225 1507 3548
0 596 443 1257
0 3548 709 4032
314 3177 685 3435
725 2467 2233 4032
1540 419 1911 588
258 322 3024 2411
1782 1411 2572 1895
1830 1411 2572 1895
685 3015 1435 3725
2322 24 2677 419
0 403 225 677
685 3015 1435 3701
2040 2120 2532 2411
1346 2314 2096 2733
258 322 3024 2282
0 1161 499 1911
0 1161 499 1886
838 161 1088 403
1669 306 2064 508
983 1435 1524 1693
338 999 596 1177
0 1540 3024 4032
0 1540 2298 3733
580 1588 2298 2620
1233 548 1620 1104
887 1983 1854 2532
1435 1346 1790 1685
1540 1346 1790 1620
0 3548 645 4032
1766 2314 2096 2677
0 1540 1403 3733
733 3451 1403 4032
72 411 443 870
72 411 354 870
725 2467 2233 3596
290 540 814 1064
1459 2096 3024 4032
2685 3290 3024 3733
2370 2604 2927 2878
2370 2677 2733 2878
846 3451 1403 4032
8 3548 645 4032
2685 3370 3024 3733
2636 2604 2927 2854
0 0 2886 919
2145 2120 2532 2346
548 3209 911 3717
48 0 2886 919
2112 3144 2459 3435
1217 96 1548 427
1217 2483 1636 2693
8 3548 612 3975
1790 2314 2096 2612
725 2467 2233 3314
290 540 564 1032
1628 1193 2056 1524
2193 2524 2532 2959
8 3685 612 3975
0 1677 1403 3733
725 2467 2233 3072
1040 2790 1645 3072
725 2467 2233 3024
1959 2903 2233 3314
1959 2967 2233 3314
1911 2596 2233 2814
1628 1266 1919 1524
0 1870 1403 3733
0 1870 1403 3620
1233 548 1580 927
967 2927 1346 3153
0 1306 435 1886
580 1588 1016 1782
2080 1411 2572 1895
0 1870 685 2330
0 1870 685 2314
725 2467 2193 3024
725 2467 1951 3015
193 0 2886 919
1387 1338 2290 2282
0 1878 1403 3620
258 322 3024 2193
1459 3499 2677 4032
0 3346 249 3943
0 2419 225 2935
0 2419 169 2935
193 1161 499 1749
1556 2717 2048 3314
2024 2096 3024 3943
2040 2096 3024 3943
2225 3136 3024 3943
2507 3136 3024 3572
1661 2717 1975 3056
2040 2096 3024 3564
2161 733 2717 1177
1290 3370 1556 4032
193 0 2806 919
2362 556 2806 814
1459 3499 2572 4032
798 3015 1435 3394
2725 3136 3024 3451
2040 2435 3024 3564
0 2975 282 3620
0 2975 282 3403
1056 3290 1403 3548
1491 3499 2572 4032
1491 3499 2572 3935
1822 596 2733 1016
2225 3507 2878 3943
887 1145 1120 1419
72 1878 1403 3604
895 1927 1403 2193
193 0 2733 919
193 0 2717 919
72 1878 1080 3604
161 2451 395 3015
0 1306 427 1782
0 1524 427 1782
548 322 1120 838
548 322 1120 749
548 419 1120 749
258 362 3024 2193
1564 362 2515 1145
1564 427 2515 1145
1564 499 2443 1145
1564 548 2145 1145
2274 733 2717 1177
2136 2096 2959 2620
2040 2878 3024 3564
2403 24 2677 419
258 612 3024 2193
725 1177 1217 1709
725 1298 1128 1709
2274 733 2717 943
1556 2943 2048 3314
258 1556 693 2104
225 2346 580 2515
1540 3499 2572 3935
1540 3499 2338 3935
1540 3499 2145 3935
1540 3499 2088 3894
1387 1516 2290 2282
0 1870 604 2314
201 1983 604 2314
846 3451 1387 3894
1564 645 1959 1145
887 1983 1717 2346
887 2104 1717 2346
2427 2878 3024 3185
725 2467 1822 3015
2136 2096 2959 2580
2136 2193 2959 2580
2459 2217 2959 2580
2862 1806 3024 2185
193 0 1959 919
193 0 1959 741
193 0 1766 741
1169 161 1766 628
0 1870 411 2306
1451 0 2717 459
193 0 1411 741
548 419 1088 741
258 0 1411 741
370 612 3024 2193
370 612 1991 1628
137 3153 467 3604
919 1725 2298 2620
370 612 1709 1628
2080 1491 2386 1895
548 3354 911 3717
685 3233 1274 3701
258 1717 693 2104
2290 2435 3024 2975
2564 2451 3024 2975
2564 2459 3024 2975
919 0 1411 467
1878 798 3024 2193
1878 798 2822 1532
1878 798 2628 1532
2564 2878 3024 3185
2249 1346 3024 2193
2040 3024 2757 3564
2040 3024 2685 3564
411 1024 1709 1628
258 0 1266 741
282 0 1266 645
282 0 1266 612
282 0 1040 435
282 0 1040 177
1870 499 2443 733
370 612 1362 1314
258 1774 693 2104
1451 0 2306 419
72 1878 1080 3298
72 2249 975 3298
72 2886 645 3298
725 2612 1822 3015
725 2612 1540 3015
330 2249 975 3096
330 2249 967 3096
330 2717 782 3096
556 612 1362 1306
1451 0 2064 346
508 1024 1709 1588
749 1024 1709 1588
2040 3024 2515 3564
1241 822 1991 1330
258 241 709 741
1878 830 2628 1532
419 2249 967 2838
2249 1483 3024 2193
2249 1483 2999 2193
1459 0 2064 346
1387 1516 2161 2282
1580 1991 2136 2282
2290 1483 2999 2193
1387 1516 2161 2120
975 1024 1709 1588
1161 1104 1709 1588
2257 3024 2515 3564
419 2282 943 2838
2822 3870 3024 4032
2661 3862 2830 4032
2032 3862 2322 4032
1782 3854 1975 4032
32 3854 508 4032
1959 3846 2145 4032
1120 3846 1403 4032
2274 3838 2677 4032
1604 3814 1830 4032
1459 3790 1661 3983
8 3790 290 3975
717 3773 959 4032
854 3765 1145 4032
2717 3757 2975 3983
2524 3757 2774 3935
467 3749 645 4032
1177 3709 1346 3870
2725 3685 3024 3975
2225 3685 2653 3943
201 3685 612 3902
733 3677 1032 3854
1983 3661 2338 3919
298 3661 508 3822
2790 3644 3024 3814
2556 3644 2806 3814
612 3644 798 4032
1540 3628 1814 3894
2217 3604 2572 3862
0 3580 249 3943
1306 3564 1556 4032
846 3548 1387 3894
104 3548 354 3870
1491 3532 1766 3798
1749 3523 2145 3935
2451 3507 2878 3725
1685 3499 2088 3886
330 3491 491 3733
548 3459 838 3717
2346 3451 2636 3644
1104 3451 1370 3733
870 3419 1274 3701
1749 3403 1935 3588
362 3403 733 3693
467 3378 709 3580
1290 3370 1499 3644
2507 3362 2782 3572
669 3354 911 3540
1798 3346 2136 3523
0 3346 241 3636
177 3338 467 3604
1193 3290 1403 3548
24 3290 282 3620
2040 3265 2419 3556
499 3265 685 3435
2580 3249 2757 3467
2435 3233 2685 3499
1427 3233 1999 3596
685 3233 1145 3507
2257 3201 2515 3564
2024 3193 2290 3491
2725 3185 2935 3451
314 3177 612 3346
1048 3161 1435 3394
758 3153 1056 3322
137 3153 419 3443
2201 3144 2459 3362
1411 3144 1588 3386
2782 3136 3024 3322
1983 3128 2233 3314
2491 3112 2757 3306
1443 3096 1709 3306
0 3096 282 3403
2265 3024 2515 3217
1669 3024 2048 3314
798 3015 1298 3298
322 3015 645 3298
1241 2983 1435 3225
0 2975 193 3209
2427 2967 2636 3128
1959 2967 2153 3185
1088 2959 1346 3153
1556 2943 1878 3136
854 2935 1040 3128
967 2927 1185 3120
2080 2911 2378 3177
2564 2886 3024 3185
72 2886 379 3193
2306 2878 2564 3040
1733 2846 1975 3056
330 2814 628 3096
2451 2790 2846 3217
1233 2790 1645 3072
1040 2790 1346 3032
1878 2749 2193 3024
161 2741 330 3015
1661 2717 1862 2951
459 2717 782 3007
1395 2709 1701 2983
2257 2693 2507 2959
2193 2693 2386 2935
2588 2685 3024 2975
2564 2685 2733 2878
298 2685 540 2951
1685 2653 1951 2927
1911 2644 2225 2814
725 2644 1241 3015
1112 2612 1540 2894
2636 2604 2870 2782
282 2604 508 2830
56 2556 225 2830
2032 2532 2298 2741
2193 2524 2532 2838
419 2515 741 2757
1217 2507 1427 2693
1346 2491 1790 2733
1620 2483 1830 2669
1395 2483 1636 2685
1056 2475 1322 2653
637 2475 943 2838
951 2467 1120 2677
322 2467 499 2701
2564 2459 2927 2725
2782 2451 2959 2628
209 2451 395 2806
2290 2435 2693 2725
1766 2427 2040 2677
0 2419 169 2814
2741 2395 3024 2588
2217 2370 2443 2620
346 2346 580 2515
1161 2322 1636 2596
2459 2314 2806 2580
1790 2314 1975 2612
895 2314 1120 2524
1040 2306 1330 2572
419 2282 862 2556
669 2249 967 2612
2717 2217 2959 2435
443 2209 733 2370
2136 2193 2548 2540
2419 2161 2693 2443
1475 2153 1854 2532
887 2145 1306 2330
2524 2120 2757 2282
2145 2120 2411 2346
1290 2104 1717 2346
1128 2072 1330 2314
0 2064 524 2395
1774 2056 2136 2282
201 2056 435 2314
1507 2016 2298 2620
895 1999 1128 2193
1580 1991 1903 2201
1169 1983 1467 2225
306 1983 604 2290
1080 1927 1403 2120
2491 1903 2846 2136
2048 1895 2322 2322
2249 1886 2604 2193
645 1878 1080 2306
0 1870 411 2088
1080 1838 1249 2040
2290 1814 2499 1991
2862 1806 3024 2032
1999 1798 2290 2016
258 1798 524 2080
435 1774 693 2104
1209 1749 1403 1919
878 1749 1120 2032
919 1725 1532 2048
693 1725 951 1886
1387 1709 2153 2120
88 1701 435 1886
0 1693 201 1911
524 1677 895 1991
2096 1669 2386 1895
1209 1636 1507 1838
0 1596 427 1782
580 1588 975 1749
1419 1572 1790 1806
2596 1564 2999 2193
2306 1564 2483 1725
1903 1564 2072 1766
403 1556 604 1741
524 1540 854 1717
1782 1524 1967 1725
2661 1516 2830 1701
1628 1516 2161 1959
2080 1491 2386 1685
2822 1483 3024 1838
2290 1483 2765 1919
1225 1483 1524 1661
2540 1451 2782 1620
983 1435 1282 1693
1830 1427 2104 1628
2354 1411 2572 1604
411 1403 838 1628
1435 1378 1628 1685
766 1378 1128 1709
2056 1362 2290 1540
983 1362 1185 1636
2524 1354 2693 1564
2693 1346 3024 1540
1556 1346 1725 1507
193 1346 499 1749
1766 1338 2112 1516
2233 1330 2467 1507
0 1306 379 1628
725 1298 983 1507
1628 1266 1846 1524
2749 1249 2991 1435
508 1217 814 1435
1161 1209 1499 1588
1032 1177 1217 1419
2362 1161 2628 1532
201 1161 475 1387
887 1145 1120 1370
370 1145 620 1314
2403 1137 2596 1370
749 1112 1008 1354
2685 1104 3024 1330
1338 1104 1709 1459
0 1096 185 1354
975 1024 1257 1249
1709 1016 1991 1282
2427 1008 2822 1451
2774 967 3024 1137
798 959 1032 1193
556 951 782 1306
2290 846 2572 1177
1878 830 2451 1378
1241 822 1749 1330
233 814 443 1209
2846 806 3024 967
1564 806 1870 1145
2080 798 2338 1185
2499 782 2717 943
508 782 814 1064
2161 774 2346 967
2274 733 2580 919
233 733 443 975
1298 717 1532 967
145 669 354 870
1499 653 1693 919
1757 645 1959 822
1645 637 1814 846
0 628 193 1056
2653 612 2911 975
709 612 1362 1096
1378 604 1580 927
2524 596 2806 814
1822 596 2499 1016
1693 596 1903 806
0 596 346 1257
830 588 1120 749
548 580 903 741
2185 564 2443 733
2362 556 2588 741
1862 548 2145 782
1233 548 1459 749
290 540 556 991
1475 499 1959 741
959 491 1330 653
0 475 209 677
2483 427 2733 677
2354 427 2515 661
653 419 1088 612
2548 411 2886 846
72 411 346 749
548 387 782 645
346 370 532 596
2153 330 2338 508
677 322 959 499
258 322 548 741
838 314 1266 612
1669 306 1846 508
1169 290 1507 628
1967 282 2185 491
1782 266 1983 427
0 266 298 548
0 258 314 451
370 241 709 596
2403 193 2677 419
0 185 427 346
1733 161 2064 346
1427 161 1766 620
838 161 1088 338
338 161 508 362
483 137 693 427
935 120 1370 467
2572 112 2765 274
1217 112 1378 427
1298 96 1548 411
193 80 451 306
564 48 798 249
1024 40 1274 249
645 32 878 435
2443 24 2620 225
2507 16 2790 209
1451 16 1701 330
798 16 975 217
2717 0 2951 225
2056 0 2717 459
1959 0 2306 419
1459 0 2048 225
919 0 1411 201
282 0 685 177
48 0 379 201
0 0 169 258
0 1693 3024 4032
0 0 3024 2282
209 604 443 782
1459 3790 1661 4032
298 3604 709 4032
0 1693 330 1943
0 1693 330 1935
2862 2588 3024 2814
0 628 225 1354
0 935 225 1354
548 1806 3024 4032
2225 3644 3024 4032
1161 0 3024 2282
0 0 2064 1991
322 3604 709 4032
2653 612 2959 975
0 0 2064 1919
0 935 185 1354
0 1693 2540 4032
790 1693 2540 2677
919 1725 2540 2677
919 1725 2540 2620
2524 1354 2782 1620
1298 717 1620 1104
1645 3403 1935 3588
2717 3685 3024 4032
2225 3644 2806 3943
1717 2274 2096 2677
2048 1814 2499 2322
798 16 1088 403
1040 2790 1346 3153
2572 104 2886 556
0 1717 1636 4032
0 1999 637 2475
0 1999 524 2475
0 1999 524 2395
524 669 1040 862
2040 2249 2314 2451
1362 3024 1854 3265
1427 3024 1854 3265
1604 1806 3024 4032
0 137 693 548
0 161 508 548
2265 48 2548 233
0 3790 290 4032
1806 556 2733 1024
1822 556 2733 1016
290 846 564 1088
1580 3072 1854 3265
1604 2096 3024 4032
895 2306 1636 2685
895 2306 1636 2596
0 1717 1362 4032
2806 1806 3024 2491
1225 1346 1790 1685
548 1927 2757 4032
959 483 1403 653
572 1927 2298 3548
572 2935 1056 3322
1717 2314 2096 2677
1459 0 3024 1274
1540 282 2249 588
2007 2693 2386 3024
2007 2790 2217 3024
0 1717 1120 4032
0 2725 282 3403
0 2919 282 3403
1120 0 1548 427
2193 2693 2386 2943
1540 403 2249 588
1161 806 3024 2282
1161 806 3024 2193
1080 1838 1362 2040
330 3209 758 3733
330 3265 733 3733
362 3265 733 3693
467 3265 709 3580
548 2717 2757 4032
1661 2717 1983 3088
572 2967 1056 3322
0 161 508 451
0 161 508 362
524 669 766 862
661 1927 2298 3548
1459 0 3024 1185
2515 669 3024 1137
2515 806 3024 1137
2515 887 3024 1137
548 2911 2757 4032
0 419 1790 1919
1459 0 2886 1185
0 0 2064 1387
0 290 814 1387
0 290 443 975
0 290 346 749
596 2967 1056 3322
1604 3523 2830 4032
2136 2096 3024 3862
1628 1266 2467 1540
1137 0 1548 427
1217 0 1548 427
1298 0 1548 411
0 1225 588 1886
0 1225 532 1886
0 1225 499 1886
0 1225 435 1886
0 0 2064 919
0 540 814 1387
233 540 814 1209
201 1983 685 2314
2257 2693 2846 3217
2386 2790 2846 3217
370 419 1790 1919
975 1435 1790 1919
1798 3128 2290 3523
1983 3128 2290 3491
2604 887 3024 1137
1661 2717 1975 3072
370 419 1580 1886
2685 3370 3024 3814
145 669 443 975
1580 1951 2274 2282
1604 3523 2677 4032
1604 3523 2338 4032
1806 790 2136 1024
370 419 1362 1886
661 1927 2193 3548
1056 2790 1709 3548
467 3604 709 4032
467 3749 709 4032
1056 2983 1709 3548
1056 2983 1588 3548
1056 3144 1588 3548
2217 2370 2540 2620
2419 2120 2757 2443
1693 330 2515 822
1911 2532 2298 2814
895 2306 1330 2572
2290 2386 2693 2725
604 3088 1056 3322
1540 419 2104 588
0 290 209 677
2153 330 2403 548
975 1572 1790 1919
661 1927 2193 3314
887 1927 1854 2733
887 1983 1854 2733
0 3177 612 4032
0 3290 612 4032
24 3290 467 3620
0 596 475 1387
2080 16 2886 1185
2080 24 2886 1185
2403 24 2830 483
0 1717 1120 3443
0 2346 741 3015
661 2612 2193 3314
370 419 1362 1749
1693 427 2515 822
2717 3685 3024 3983
370 419 1362 1709
749 959 1032 1354
2080 411 2886 1185
1459 0 2733 677
1886 1274 2467 1540
1056 2475 1790 2733
1056 2475 1427 2693
975 1572 1790 1838
1886 1274 2290 1540
1693 499 2443 822
733 3548 1403 4032
2862 1806 3024 2435
0 2419 741 3015
0 2419 540 3015
0 2419 330 3015
0 2419 217 2927
403 1540 975 1749
524 1540 975 1749
2136 2096 3024 3725
854 3765 1322 4032
56 2443 540 2951
56 2451 540 2951
56 2451 508 2830
2741 2395 3024 2628
2056 0 2733 677
1290 2911 2757 4032
1959 2911 2378 3185
1757 499 2443 822
1862 499 2443 782
2427 2886 3024 3725
2451 2886 3024 3725
2451 3185 2935 3725
725 2612 2193 3314
1395 2709 2048 3314
548 2927 1435 4032
1209 1572 1790 1838
1427 16 2064 919
1427 16 1959 919
1427 16 1766 620
0 0 1507 741
0 0 379 258
548 3354 911 4032
548 3459 838 4032
2080 733 2717 1185
2080 733 2580 1185
2080 774 2346 1185
56 2451 395 2830
1862 499 2233 782
0 1717 1120 2306
370 612 1362 1709
258 0 1507 741
282 0 1507 628
725 2612 2193 3024
725 2612 1951 3015
975 1024 1257 1419
685 2927 1435 3733
1459 0 2306 419
2136 2096 3024 2975
2249 1008 3024 2193
2459 2096 2959 2580
887 2104 1854 2532
1604 3523 2145 4032
0 1717 1080 2306
0 1717 693 2104
0 1774 693 2104
72 2209 967 3443
0 3346 612 4032
0 3346 354 3943
2136 2120 2548 2540
1161 806 2628 2120
1387 1338 2572 2120
1766 1338 2572 1725
1766 1338 2572 1685
1161 806 2628 1588
1161 806 1991 1588
2491 2886 3024 3306
685 2927 1435 3701
282 0 798 249
322 2209 967 3298
258 241 782 741
1161 806 1870 1588
1161 822 1749 1588
1290 3024 2757 4032
1290 3233 2088 4032
0 3548 354 3943
645 32 1507 628
838 290 1507 628
2290 1008 3024 2193
370 612 1362 1628
370 951 838 1628
370 1145 838 1628
411 1217 838 1628
1830 1411 2572 1685
1290 2104 1854 2532
2427 1008 3024 2193
2136 3523 2572 3862
2628 2096 2959 2435
2451 3362 2878 3725
1306 3233 2088 4032
1306 3233 1999 4032
1306 3532 1766 4032
1112 2612 1822 2894
1387 1516 2386 2120
1999 1669 2386 2016
733 3548 1387 3894
1475 499 1959 919
258 322 782 741
919 0 1411 249
32 3685 612 4032
322 2249 967 3298
419 2249 967 3007
2040 3201 2757 3564
2435 3233 2757 3499
685 3015 1435 3507
2080 1411 2572 1685
322 2814 645 3298
2427 1008 3024 1838
2040 3201 2515 3564
2491 1564 2999 2193
72 2886 419 3443
2427 1008 3024 1540
927 2274 1636 2596
2757 1056 3024 1249
1798 2274 1967 2604
193 1233 532 1733
1975 2395 2620 2830
1975 2395 2443 2774
0 112 330 354
564 1636 951 1903
2661 895 3024 1072
1435 3024 1709 3306
0 3096 249 3362
1653 3669 2322 3991
701 0 1233 403
701 0 1088 403
701 0 1072 209
822 0 1072 209
290 354 3024 2419
0 596 411 1354
0 596 330 1354
0 935 169 1354
0 596 330 1104
2314 0 3024 911
2499 0 3024 911
2685 0 3024 911
959 483 1378 701
0 2064 612 2483
338 774 556 1112
338 379 532 604
145 0 709 451
145 56 709 451
766 2136 1306 2620
1467 72 1846 370
1564 72 1846 330
0 3378 532 4032
0 3378 532 3951
0 3378 298 3943
2225 3185 3024 4032
2644 2661 3024 2967
120 3419 532 3951
1943 1290 2419 1524
2717 2661 2959 2846
959 483 1354 701
0 1314 201 1604
145 56 540 362
887 2136 1306 2427
1370 3475 1830 3798
2080 0 2395 161
2225 3185 3024 3975
2233 2128 2540 2346
1822 596 2661 1016
1636 72 1846 314
927 2282 1636 2596
2733 0 3024 427
2104 3144 2459 3435
2225 3185 3024 3967
1524 3475 1830 3652
193 1282 532 1733
806 161 1088 403
806 161 1088 330
2225 3193 3024 3967
1645 72 1846 314
1645 354 2233 846
1741 354 2233 782
120 3419 532 3894
120 3419 362 3790
2225 3233 3024 3967
0 1483 3024 4032
0 1870 475 2330
0 1870 475 2241
290 419 3024 2419
2225 3394 3024 3967
1169 2056 1975 2677
1169 2056 1886 2572
1169 2056 1782 2556
887 2161 1306 2427
0 2064 556 2483
153 1870 475 2241
0 0 3024 2064
0 1483 3024 3733
524 1677 903 1983
1322 2064 1782 2556
338 3015 637 3241
1032 2306 1636 2596
2096 2193 2548 2620
2386 120 2894 798
2548 3394 3024 3814
1169 1612 1782 1830
32 2427 2814 4032
32 3233 2814 4032
0 628 330 1104
774 2427 2386 3636
1378 1346 1886 1717
0 1354 435 2064
290 1491 693 2185
338 419 3024 2419
0 0 3024 1387
2306 1814 2693 2032
314 3153 903 3435
290 0 1040 241
290 0 1040 177
290 0 838 177
1201 3144 1580 3636
338 419 3024 2282
2225 3459 2693 3967
2225 3693 2693 3967
774 2427 2386 3596
798 2999 1314 3330
0 1378 435 2064
0 1507 435 2064
0 1507 435 1895
290 1556 693 2185
2338 1911 2935 2419
2459 1911 2935 2411
2628 1911 2935 2298
564 951 830 1249
