0 0 3024 4032
1346 379 1596 782
443 3177 637 3556
1717 3765 1967 4032
999 104 1685 443
1725 1233 1991 1411
1927 346 2765 1040
862 1693 1064 2007
1024 1886 1838 2903
1024 1903 1838 2903
1927 346 2628 1040
1927 346 2556 1040
1927 346 2346 1040
0 1080 185 1370
1008 532 1217 749
999 169 1685 443
709 2556 1185 3080
741 2580 1185 3080
709 2556 1137 2919
749 2249 1008 2548
1927 346 2346 967
0 2427 225 2693
1161 1903 1838 2903
354 1636 588 1951
2322 2064 2515 2241
693 3604 975 4032
983 2870 1427 3273
1225 2870 1427 3273
2515 1903 3024 2403
145 3451 580 3717
2685 1903 3024 2403
2854 2209 3024 2403
1209 3644 1685 4032
1217 3249 1685 3572
1161 1903 1701 2669
1161 1903 1653 2669
1419 2564 1645 2798
0 0 3024 3435
1201 2346 1838 2903
1378 2741 1757 2903
2685 1903 3024 2257
1201 2346 1838 2798
0 185 3024 4032
1048 185 3024 4032
1048 774 3024 4032
1991 3080 3024 4032
88 782 290 983
0 991 1951 4032
1451 3024 1661 3257
1072 846 1612 1475
1177 1903 1572 2354
1806 185 3024 2007
1854 185 3024 2007
999 169 1645 443
1322 266 1645 443
1717 3096 1959 3459
790 3701 975 4032
0 2435 612 2943
193 2435 612 2862
1241 999 1951 1604
2153 2604 2951 3225
2467 3024 2951 3225
2467 3040 2951 3225
2467 3040 2814 3225
0 991 1516 4032
387 3652 685 4032
330 846 878 1499
112 2854 370 3128
1935 782 2233 1040
427 1282 806 1548
1701 2556 2040 2967
1096 1064 1507 1395
1161 2193 1653 2669
2153 2604 2862 3024
2354 2757 2862 3024
2628 3790 3024 4032
1911 2919 2233 3265
1911 2983 2145 3265
1354 999 1951 1604
1201 2491 1435 2741
0 540 241 782
1927 1564 2580 2007
0 2644 717 4032
0 3185 717 4032
330 943 677 1499
2153 2604 2467 2999
330 1008 677 1499
0 3185 556 3757
0 3185 370 3757
1072 959 1580 1475
0 3451 346 3757
1177 1967 1572 2354
2556 2475 3024 2919
2757 2475 3024 2919
2757 2580 3024 2919
2757 2717 2967 2919
258 991 1516 4032
1927 1677 2580 2007
2427 1032 2741 1636
258 991 1322 4032
693 2580 975 2870
1209 1636 1790 2064
1209 1645 1540 2064
1346 1741 1540 2064
0 2644 653 3403
0 2644 653 3322
0 2894 491 3322
1411 999 1951 1596
1459 999 1951 1354
1459 1112 1911 1354
1854 185 3024 1943
1854 379 3024 1943
1854 887 3024 1943
1967 887 3024 1943
2048 887 3024 1943
2209 887 3024 1943
2475 887 3024 1943
2483 1137 3024 1943
2483 1306 2854 1943
1346 3814 1507 4032
951 0 3024 1370
491 1580 1322 4032
2475 887 3024 1314
2491 185 3024 572
2491 249 3024 572
2612 249 3024 572
1782 3669 2024 4032
0 0 1467 3435
951 677 1483 1370
967 685 1483 1370
967 685 1427 1370
620 588 895 911
1112 0 3024 1193
1048 3644 1346 4032
1048 3709 1338 4032
499 1580 1322 4032
1991 3080 2886 4032
1096 774 3024 4032
1161 774 2427 1935
1161 774 2427 1830
1161 1443 1959 1830
258 991 1249 1774
524 991 1249 1749
0 3403 717 4032
1161 1540 1524 1806
1991 3080 2878 4032
1096 1395 3024 4032
0 2346 451 2814
88 2346 451 2661
249 2346 451 2596
499 1645 1322 4032
2386 2524 3024 3193
1588 3072 1814 3298
1580 1886 2314 2201
1580 1935 2314 2201
1774 1935 2314 2201
0 878 249 1161
2483 1306 2838 1943
2483 1306 2782 1790
540 1911 878 2282
1991 3144 2878 4032
2007 3144 2878 4032
2007 3144 2757 4032
2048 1112 2491 1766
499 1645 1266 4032
661 1645 1266 3209
499 3015 1169 4032
499 3015 975 4032
2612 249 2911 572
2007 3144 2749 4032
572 991 1249 1725
0 1645 298 2136
1112 0 2806 1193
2580 379 3024 959
661 1645 1217 2846
661 1645 1217 2532
741 1911 1217 2532
524 3290 975 4032
661 1645 1024 1967
2007 3322 2749 4032
0 0 1467 3225
32 1282 274 1564
741 2056 1217 2532
1096 1395 3024 3919
1999 2717 3024 3378
2072 2870 3024 3378
2072 2967 2378 3378
2112 1112 2491 1636
2403 1395 3024 2257
604 991 1249 1725
2628 3838 3024 4032
2007 3475 2749 4032
637 2967 862 3435
1096 1757 3024 3919
1185 0 2806 1193
2209 951 2572 1290
0 1645 258 2136
2290 3475 2749 4032
2515 1395 3024 2072
2515 1725 2886 2072
2515 1782 2717 2072
2362 3475 2749 4032
2427 3652 2749 4032
282 2644 653 2975
2741 0 3024 314
2580 524 3024 959
2580 524 3024 846
1185 0 2806 1008
1233 0 2806 1008
1233 314 1701 1008
1233 314 1483 878
1499 0 2806 927
782 2806 1169 3153
903 104 1177 483
540 3306 975 4032
48 1645 258 1999
2298 2870 3024 3362
2475 3048 3024 3362
604 991 1120 1725
2007 3685 2370 4032
1991 0 2467 282
2806 1395 3024 1983
758 3338 1322 3975
1241 814 1483 1137
540 3419 870 4032
1177 2556 1822 3128
1927 1709 2386 1886
2362 3475 2709 3846
451 717 814 1048
2580 2774 3024 3193
1846 774 2427 1596
48 2894 491 3322
2048 1499 2306 1766
741 2056 1217 2435
1774 1935 2257 2145
854 3338 1322 3975
2733 1903 3024 2257
1483 3773 1806 4032
0 3693 467 4032
387 1411 741 1701
0 2072 983 3225
298 2145 983 3225
298 2257 983 3225
314 2282 983 3225
2806 0 3024 233
1266 2790 1822 3128
1459 2790 1822 3040
1483 1757 3024 2741
0 0 1467 2185
951 298 1387 661
1088 298 1387 612
1499 0 2806 854
1499 0 2806 677
1507 0 2806 677
0 532 774 2185
209 1749 774 2185
2265 951 2572 1290
1483 1757 2894 2741
1483 1766 2894 2741
1741 419 2145 798
854 3386 1322 3975
0 0 1467 1161
628 991 1120 1685
628 1346 1032 1685
0 532 693 1862
0 798 532 1862
96 798 459 1467
96 1016 459 1467
1024 3201 1516 3491
1096 2628 2241 3919
1096 2822 2241 3919
1556 0 2806 677
314 2556 983 3225
451 2556 983 3225
1556 0 2548 516
1556 0 2427 516
1556 0 2153 516
1846 870 2249 1596
1483 1798 2894 2741
1556 0 2088 516
1814 0 2088 516
669 991 1120 1499
1096 2822 2241 3846
0 2072 370 2524
0 2072 370 2459
2298 0 2806 677
0 201 322 580
314 2903 637 3120
1556 2104 2894 2741
854 0 1467 274
1032 0 1467 274
1032 0 1395 274
1943 870 2249 1322
1556 56 1935 491
1266 2798 1604 3128
0 0 1048 1161
0 161 620 919
451 2556 822 3015
1556 2104 2894 2733
1491 2822 2241 3790
1499 2822 2241 3790
1499 3136 2241 3790
1499 3136 1870 3790
2322 0 2806 677
0 193 596 919
153 193 596 822
1556 2104 2894 2628
2330 2193 2894 2620
249 0 1048 1161
249 0 628 209
451 2556 814 2943
524 0 1048 1161
524 0 943 379
580 0 943 379
532 249 1048 1161
701 491 1048 1161
1516 3136 1870 3782
1685 2346 1975 2733
1556 2104 2524 2628
1096 3403 1636 3846
153 193 596 628
1774 3161 2241 3749
1991 2104 2524 2628
1636 3870 1806 4032
2685 3838 3024 4032
903 3806 1104 4032
2370 3773 2653 3943
1814 3773 2024 4032
1483 3773 1645 4032
1717 3765 1927 4032
249 3765 467 4032
2515 3749 2749 4032
2290 3741 2604 4032
145 3709 451 3943
0 3693 322 4032
1580 3685 1862 3919
1096 3685 1257 3967
1782 3669 2024 3862
467 3652 685 3927
693 3604 903 4032
2717 3596 3024 3870
2386 3580 2572 3782
2443 3572 2709 3846
2040 3548 2233 3749
1628 3532 1943 3757
854 3532 1322 3975
540 3507 782 4032
362 3507 580 3717
1233 3499 1636 3846
145 3451 443 3709
0 3451 217 3757
2386 3435 2733 3596
669 3419 870 3709
2749 3403 3024 3628
1096 3403 1451 3620
387 3403 717 3862
758 3394 999 3669
1048 3386 1298 3596
2435 3378 2757 3564
2846 3362 3024 3540
1774 3362 2161 3749
258 3362 556 3612
1516 3346 1806 3782
2136 3322 2419 3572
774 3306 975 3523
2685 3290 2878 3467
2483 3249 2685 3459
1217 3249 1685 3435
1024 3249 1257 3491
1169 3201 1516 3370
1717 3193 1943 3459
0 3185 370 3523
2459 3169 2717 3346
1862 3161 2241 3548
2322 3144 2532 3451
1580 3136 1870 3386
153 3136 508 3403
1467 3128 1685 3346
951 3128 1169 3378
685 3128 862 3435
2475 3112 2814 3362
1798 3096 1959 3322
330 3096 516 3257
1588 3072 1798 3298
2636 3048 3024 3362
2072 3024 2265 3378
499 3015 677 3330
2177 2967 2378 3169
637 2967 798 3249
1741 2959 2257 3523
2580 2943 3024 3193
669 2927 983 3225
435 2927 637 3120
975 2919 1169 3153
1588 2911 1774 3153
48 2894 370 3322
2298 2870 2524 3185
112 2862 330 3128
0 2862 161 3032
927 2838 1185 3080
1685 2822 2072 3153
1387 2814 1604 3048
782 2806 1008 3120
1459 2798 1725 3040
1266 2798 1451 3128
540 2790 822 3015
2580 2774 3024 2983
2354 2757 2717 3024
177 2757 475 2935
0 2757 209 2943
1999 2717 2338 3056
1072 2709 1266 3209
322 2701 620 2975
2556 2653 2757 2814
2386 2653 2653 2870
193 2653 419 2862
2016 2628 2177 2903
1419 2620 1645 2798
2153 2604 2411 2999
878 2580 1112 2782
741 2580 1040 2894
693 2580 975 2854
459 2580 814 2943
0 2580 258 2814
2733 2556 2951 2798
1701 2556 2016 2870
1177 2556 1378 3080
451 2556 685 2717
2653 2548 2822 2741
2386 2524 2661 2774
1685 2524 1935 2733
2507 2515 2701 2717
903 2515 1209 2846
88 2491 274 2661
1072 2459 1290 2636
1419 2451 1620 2669
258 2435 612 2709
2330 2346 2653 2620
1685 2346 1975 2653
1298 2346 1838 2798
1951 2330 2411 2661
96 2330 354 2524
2225 2298 2483 2483
2072 2298 2451 2628
2774 2290 3024 2669
540 2282 967 2596
298 2257 733 2507
798 2249 1008 2435
854 2241 1056 2532
1346 2233 1653 2475
2217 2217 2515 2395
1628 2209 1895 2411
2596 2193 2894 2604
1161 2193 1604 2669
822 2185 999 2386
943 2169 1201 2443
1766 2161 2193 2467
2515 2153 2774 2330
249 2120 564 2378
741 2112 1072 2346
1991 2104 2524 2378
1556 2104 2024 2314
2741 2080 2903 2346
1177 2080 1427 2354
0 2080 370 2459
96 2072 298 2249
2822 2064 3024 2257
887 2056 1217 2435
1370 1967 1572 2298
1774 1943 2112 2145
2016 1935 2257 2104
129 1927 298 2128
2403 1919 2733 2257
741 1911 1161 2169
572 1911 878 2282
2733 1903 3024 2185
1209 1903 1427 2201
0 1895 201 2136
1080 1886 1249 2193
2112 1878 2515 2177
1378 1846 1540 2064
628 1822 862 2032
282 1814 774 2185
1483 1798 1766 2153
1128 1790 1306 1983
758 1782 1024 1967
48 1782 249 1999
1588 1766 2145 2145
2185 1757 2499 1959
209 1749 419 1943
2822 1741 3024 1983
1346 1741 1524 1975
2701 1725 2886 2040
1927 1709 2249 1886
1507 1701 1790 1895
862 1693 1064 1870
2330 1677 2580 2007
604 1677 782 1927
1209 1645 1475 1927
661 1645 919 1935
72 1645 258 1895
1387 1636 1790 1806
379 1636 588 1951
1967 1596 2136 1774
887 1580 1249 1999
1161 1572 1419 1806
2274 1564 2540 1757
604 1556 878 1725
258 1548 588 1774
2572 1524 2838 1943
2483 1524 2741 1790
1854 1499 2136 1709
2693 1475 2878 1661
1507 1451 1757 1653
1435 1443 1959 1830
1354 1419 1564 1604
943 1411 1249 1685
790 1411 1032 1685
483 1411 741 1588
2806 1395 3024 1846
628 1346 862 1620
112 1314 274 1564
2507 1306 2782 1612
1411 1306 1806 1596
427 1290 661 1516
1072 1282 1564 1475
588 1282 806 1548
1725 1233 1919 1411
330 1225 532 1499
2556 1217 2749 1395
1096 1209 1443 1395
1846 1193 2217 1596
669 1185 878 1419
2830 1161 3024 1435
1862 1153 2096 1354
2330 1145 2532 1354
0 1145 532 1862
2580 1137 3024 1451
1459 1137 1677 1306
2112 1112 2467 1548
1548 1112 1911 1354
758 1096 967 1298
0 1080 185 1322
1338 1064 1507 1306
96 1056 306 1467
2580 1040 2830 1209
967 1040 1427 1370
2435 1032 2741 1636
1943 1024 2249 1322
249 1016 459 1290
1153 1008 1338 1193
395 1008 677 1322
2265 999 2515 1290
830 991 1120 1499
1596 959 1886 1193
1387 959 1580 1306
2378 951 2572 1128
2209 951 2419 1241
2701 927 3024 1314
80 895 249 1112
2475 887 2790 1096
2661 878 3024 1120
1951 870 2233 1153
2265 846 2620 1064
419 846 878 1225
451 846 653 1048
1766 830 1951 1145
741 822 903 1032
1241 814 1475 1080
2814 806 3024 1096
169 798 451 1048
1935 790 2145 1040
2177 774 2427 1024
1112 766 1314 1112
516 717 814 1040
1443 701 1701 1008
725 701 895 911
2596 685 2935 959
1016 685 1249 1145
1661 677 1959 919
830 677 1048 1161
258 677 475 895
1185 669 1346 895
2330 645 2830 887
2145 637 2556 830
1886 628 2120 814
0 628 185 919
1241 596 1459 878
620 588 790 798
2136 572 2354 790
153 564 516 822
1507 556 1806 854
1741 548 1975 798
362 532 693 903
2580 524 3024 806
701 491 975 749
2104 459 2265 637
1822 451 2080 637
1903 419 2145 693
0 411 274 580
1499 387 1886 620
2782 379 3024 580
1411 379 1596 782
153 379 483 628
1145 362 1387 612
951 354 1145 661
2032 346 2346 830
1233 314 1483 669
1943 298 2330 491
1862 298 2032 516
1088 298 1282 604
2677 290 2911 572
2282 290 2548 508
991 282 1177 483
499 258 669 508
2612 249 2838 475
532 249 846 628
0 201 322 491
249 193 596 483
2540 185 2757 548
1943 185 2153 379
1556 177 1911 491
830 177 1008 693
999 169 1346 370
0 169 169 362
459 161 620 370
2322 145 2636 677
903 104 1080 370
1266 80 1467 274
2806 72 3024 233
1717 56 1935 306
2806 0 3024 185
2741 0 2903 314
2451 0 2806 322
2298 0 2612 314
2161 0 2467 282
1991 0 2290 233
1814 0 2088 306
1620 0 1903 233
1362 0 1524 258
1112 0 1395 274
1032 0 1225 201
701 0 943 225
580 0 927 379
451 0 628 185
249 0 508 209
64 0 516 258
0 0 217 193
0 0 3024 1935
0 991 3024 4032
0 0 3024 1927
2290 3580 2653 3943
2515 1999 2790 2330
1346 1032 3024 4032
2290 3580 2572 3782
0 991 2241 4032
1096 3644 1685 4032
758 3217 1064 3669
1378 2499 1757 2903
1483 1032 3024 4032
2661 637 3024 1120
1854 346 2628 1193
1717 2919 2257 3523
1717 2959 2257 3523
758 3217 1032 3669
258 1532 588 1951
2112 3394 2314 3741
1080 1886 1427 2201
1927 1564 2588 1919
1927 1564 2540 1919
80 870 249 1112
0 2346 2241 4032
1346 2193 1701 2669
0 2653 419 2943
0 991 1838 3330
862 1580 1306 2007
887 1580 1306 2007
2427 3169 2717 3459
2427 3249 2685 3459
137 3451 475 3741
137 3451 443 3741
2112 3483 2314 3741
0 0 1919 1564
0 2685 258 2943
0 0 1741 1564
1201 814 1677 1306
395 258 669 564
943 0 3024 1927
1241 814 1677 1306
2362 3435 3024 4032
0 411 274 782
1346 2193 1701 2499
524 3241 782 3451
2136 572 2628 830
2145 637 2628 830
354 822 903 1249
322 1193 661 1516
1322 201 1685 443
1322 201 1685 419
790 3636 975 4032
1854 346 2346 1193
1854 790 2145 1193
1048 1153 2096 1661
1790 1153 2096 1403
0 2862 330 3169
1387 959 1677 1306
1806 2524 3024 4032
2725 637 3024 1096
0 878 274 1564
387 3757 645 4032
0 0 1741 1419
951 532 1145 1024
354 846 878 1249
419 846 878 1249
669 1741 1838 3330
1483 1032 3024 2798
2322 1870 2733 2257
2395 1870 2733 2257
1048 1249 1911 1661
2757 637 3024 1096
2757 637 3024 846
1814 2524 3024 4032
669 2556 1185 3080
2362 3475 3024 4032
2274 1032 2741 1693
2330 1032 2741 1636
0 1895 564 2378
1483 1161 3024 2798
1507 1701 1806 1935
798 1741 1838 3330
798 1967 1838 3330
887 1580 1306 1999
2636 1370 2854 1548
0 991 1443 3257
2169 2677 2338 2886
1233 314 1741 1008
1451 362 1669 540
379 1822 878 2346
1201 1064 1507 1306
2475 2580 3024 3193
2475 2653 3024 3193
2556 2653 3024 3193
330 1225 661 1516
1806 1580 1991 1935
1669 838 1919 1128
798 2056 1838 3330
2491 0 3024 572
1483 1217 3024 2798
822 2056 1838 3330
669 2580 1185 3080
669 2580 975 2894
0 2644 1338 4032
0 2644 653 3523
1927 1709 2386 1919
0 2967 1338 4032
1048 1249 1911 1604
1072 1249 1911 1604
1354 1249 1911 1604
2830 1161 3024 1556
0 1080 274 1564
1112 0 3024 1354
2177 379 3024 1314
1346 2233 1701 2499
2032 459 2265 645
951 2346 2241 4032
951 3024 1798 3491
951 3024 1685 3491
1451 3024 1685 3346
1096 2346 2241 4032
1346 3773 1806 4032
1096 2346 2241 3919
0 3136 508 3523
903 2346 1838 3330
822 2056 1604 2669
822 2080 1604 2669
379 1911 878 2346
903 2507 1822 3330
1354 1306 1911 1604
822 2185 1604 2669
48 2644 653 3322
1112 0 2806 1354
1822 185 2548 637
2330 379 3024 1314
0 3128 1338 4032
2717 3403 3024 3870
1814 3548 2749 4032
1814 3548 2395 4032
2007 3548 2395 4032
0 3128 1322 4032
943 870 2515 1927
2007 3685 2395 4032
943 1411 1419 1806
903 2515 1822 3330
903 2515 1604 3330
903 2515 1516 3330
822 2185 1249 2532
822 2185 1209 2532
2290 3652 2749 4032
1862 185 2548 516
1862 185 2427 516
2330 379 3024 1209
2725 0 3024 314
854 3338 1322 4032
1862 185 2153 516
572 1911 878 2346
1499 3161 2241 3919
2225 3080 2532 3451
0 0 1459 1419
249 0 1459 1419
1016 548 1346 1217
1016 548 1338 1217
1016 548 1338 1193
1016 548 1314 1145
951 3128 1685 3491
951 3128 1516 3491
1483 1306 3024 2798
0 1556 1161 3257
0 2427 274 2814
1878 2628 2177 2967
0 3128 975 4032
0 0 943 1112
822 2185 1056 2532
2177 774 2620 1064
1016 685 1314 1145
1209 870 2515 1927
1967 1499 2306 1774
249 1008 677 1322
2491 282 3024 572
177 2644 653 3007
2507 2515 2951 2798
2653 2548 2951 2798
1999 2524 3024 3741
532 0 1459 1419
532 0 1225 1419
2136 3322 2419 3741
991 282 1459 878
1145 362 1459 878
1991 0 2806 677
0 991 1443 2096
0 1056 806 2096
2225 3144 2532 3451
1233 314 1483 774
0 0 943 1048
1999 2524 3024 3467
2475 3040 3024 3467
2475 3048 3024 3467
2636 3048 3024 3467
903 2515 1451 3273
129 1556 1161 2346
508 1556 1161 2346
604 1556 1161 2346
741 1782 1161 2346
129 1814 774 2185
1112 0 2330 1354
1112 0 1830 274
1362 0 1830 258
1362 0 1661 258
1580 3161 2241 3919
2290 3741 2749 4032
1483 1306 3024 2669
2185 1306 3024 2040
177 2644 653 2975
1096 2346 2072 3846
2274 1475 2491 1693
1628 3161 2241 3757
1483 1766 3024 2669
2217 2217 2515 2483
0 3193 975 4032
2161 0 2806 677
1209 1193 2217 1927
1209 1443 1959 1927
1499 0 2330 1354
1548 830 1951 1354
1177 2556 1451 3273
0 1056 741 2096
258 1548 588 1951
1354 1306 1806 1604
2491 290 2911 572
2515 2080 3024 2669
2596 2080 3024 2669
1999 2524 2862 3378
1483 1766 2653 2661
1999 2524 2524 3378
1580 3669 2024 3919
1499 0 2330 919
0 628 290 935
0 1233 274 1564
0 1056 532 2096
0 1645 419 2096
1548 959 1911 1354
532 104 1145 1419
2548 1217 2749 1451
0 2080 1008 3257
2016 1878 2515 2177
0 2080 967 2943
96 2072 564 2378
1854 870 2515 1709
1854 999 2515 1709
2354 2653 2862 3024
1886 298 2330 814
1886 419 2145 814
2330 379 3024 1096
1999 2604 2524 3378
2072 2604 2524 3378
2153 2604 2524 3185
2177 2870 2524 3185
145 3193 975 4032
2330 645 2935 1096
2475 685 2935 1096
2330 1306 3024 2040
258 3193 975 4032
741 1911 1161 2346
0 0 814 1048
0 1056 532 1862
1112 0 1467 274
628 991 1443 1685
1499 0 1975 919
1499 0 1959 919
1499 0 1935 854
830 104 1145 693
0 2427 258 2814
451 0 943 379
2330 1306 2782 2007
145 3709 467 4032
2515 1524 3024 2040
330 2790 1008 3257
669 3193 975 4032
669 3306 975 4032
669 3419 903 4032
1814 3661 2136 4032
628 991 1427 1685
1499 3346 1838 3790
2330 1524 2741 2007
258 3362 717 3862
2596 2080 2903 2604
1177 2556 1451 3128
604 1556 919 1935
991 282 1282 604
1499 56 1935 854
1499 56 1935 620
2161 0 2612 314
2572 1524 3024 2040
2572 1524 2886 2040
435 2790 1008 3225
0 1645 258 2096
48 1749 419 1999
1766 2161 2653 2661
0 2080 967 2709
96 2330 451 2524
790 991 1427 1685
532 249 1048 1419
532 249 1048 1298
532 249 975 749
540 2790 1008 3225
0 0 693 1048
0 0 596 1048
0 0 596 822
0 0 596 628
0 0 596 491
1491 2346 2072 3507
1580 2346 2072 3386
1685 2346 2072 3153
1766 2161 2451 2661
1483 1766 2524 2378
1483 1798 2524 2378
64 0 596 483
258 2257 967 2709
830 991 1427 1499
1499 3346 1806 3790
1556 1943 2524 2378
830 177 1145 693
1209 1636 1790 1927
1854 1112 2467 1709
1766 2161 2451 2628
298 2257 967 2596
758 677 1048 1298
669 2806 1008 3225
1556 2104 2524 2378
169 677 475 1048
1685 2346 2016 2870
2580 379 3024 806
1153 1919 1854 3153
1008 540 1225 1128
1362 0 1685 419
1362 137 1685 419
1790 346 2628 1040
1733 2959 2257 3523
999 104 1346 370
322 3507 782 4032
1314 379 1645 1306
1314 701 1645 1306
1153 1983 1854 3153
1257 1919 1427 2153
709 2556 1193 3104
1790 346 2524 1040
1185 1983 1854 3153
1241 1991 1854 3153
1524 1330 2048 1919
1532 1354 2048 1919
1314 701 1572 1225
