0 0 3024 4032
983 1677 1370 2903
1346 1153 2201 2459
1346 1153 2064 2459
975 3846 1330 4032
0 0 2677 3040
1177 1072 1475 1266
1886 1411 2153 1733
0 0 895 943
0 0 895 870
459 1766 2386 3951
0 0 2677 1330
1499 1435 1733 1604
0 653 2677 3040
943 653 2677 3040
1048 653 2677 3040
0 911 1354 2064
0 0 846 870
2515 3056 3024 3757
2685 3056 3024 3435
2685 3169 2846 3370
459 1766 1362 3015
459 1766 1322 2919
814 2782 2386 3951
459 1766 1322 2911
556 1766 1322 2911
556 1983 1322 2911
1693 0 2096 564
1830 209 2096 564
2145 3862 2386 4032
2185 0 3024 3144
2515 3386 3024 3757
1048 1257 2677 3040
1048 1257 2677 3015
822 1975 1048 2177
943 1217 1572 1967
1645 653 2628 1540
1661 653 2628 1540
1661 709 2628 1540
0 1596 3024 4032
1161 2032 1370 2903
0 3717 379 4032
2765 3056 3024 3435
2177 2411 2499 2830
1596 2653 2120 3040
1620 2653 2120 3040
0 911 1257 2064
1862 2120 2403 2443
0 2999 782 3717
0 3040 782 3717
0 3040 548 3717
0 3136 266 3717
1661 709 2628 1290
2322 0 3024 1556
0 2822 3024 4032
467 3233 782 3459
1798 0 2677 717
2016 1145 2620 1540
0 1596 1435 3419
0 1709 1435 3419
1241 2298 1491 2886
0 1709 1346 3282
2185 1475 3024 3144
0 3282 266 3717
814 3153 1419 3798
1233 2782 2386 3951
0 2999 1104 4032
467 2999 1048 3782
467 2999 1048 3515
943 2822 3024 4032
1886 2822 3024 4032
2185 2282 3024 3144
1048 1693 1701 2451
1290 2782 2386 3951
943 3443 2112 4032
1064 3443 2112 4032
1064 3443 1798 4032
467 2999 999 3354
628 2999 999 3257
0 3290 1104 4032
1886 3007 3024 4032
1483 1257 2677 3015
1483 1257 2677 2685
2354 0 3024 1556
0 1709 1032 2701
1290 3265 2386 3951
1064 3443 1556 4032
1233 2814 1830 3523
1886 3346 3024 4032
0 2572 1346 3282
1290 3451 1967 3951
1741 3854 2112 4032
1104 3846 1330 4032
717 3838 1104 4032
48 3806 379 4032
1209 3701 1556 4032
1338 3548 1967 3951
2451 3499 3024 3975
2515 3459 2854 3757
645 3459 878 3782
1290 3451 1532 3612
1064 3443 1435 3951
0 3443 193 3717
814 3411 1169 3798
2717 3386 3024 3596
1886 3346 2717 4032
467 3290 693 3459
0 3290 991 4032
56 3282 266 3507
1387 3273 1830 3523
1516 3265 2386 3806
1153 3209 1435 3419
96 3177 403 3378
975 3153 1419 3515
620 3128 1048 3515
1975 3088 2153 3273
467 3080 693 3354
2765 3072 3024 3435
2580 3072 2911 3241
120 3040 548 3443
741 3032 999 3257
2080 3007 2846 3580
1419 2999 1749 3338
2564 2822 3024 3144
1233 2814 1540 3386
1128 2814 1362 3015
1620 2782 2241 3443
0 2685 161 2854
1330 2669 1491 2886
1403 2661 1620 2911
741 2661 1346 3282
1620 2653 2024 3040
661 2644 878 2919
0 2572 774 3169
1040 2564 1322 2911
1951 2556 2314 3015
1733 2556 1911 2757
2217 2532 2499 2830
419 2532 620 2757
2701 2419 2959 2588
451 2282 749 2580
2128 2274 2403 2443
1314 2241 1790 2975
1862 2120 2185 2306
1274 2112 1491 2370
0 2112 314 2395
556 1983 1249 2822
0 1975 298 2306
1483 1943 2507 2685
2282 1911 2612 2161
1862 1846 2064 2007
2798 1741 3024 2265
1290 1717 1572 1967
733 1685 903 1967
983 1677 1169 2161
854 1596 1112 2040
1911 1499 2153 1733
2443 1475 3024 2459
1991 1370 2201 1556
1967 1257 2677 2217
943 1217 1548 1806
274 1201 532 1387
2733 1193 3024 1564
2016 1153 2185 1362
1346 1153 2032 2459
2145 1145 2620 1540
1645 1120 1967 1346
1177 1088 1475 1266
1491 1024 1717 1233
1080 943 1354 1161
1661 895 2282 1290
2145 709 2628 1233
1620 701 1830 919
1830 653 2314 1056
2354 540 2774 1040
1967 419 2330 717
1870 330 2032 564
419 306 685 645
0 298 177 943
1830 209 2096 387
411 193 749 435
2411 0 3024 1556
2322 0 2532 306
1798 0 2677 709
1693 0 1895 290
1056 0 1435 233
0 0 2233 1330
717 0 895 266
0 1677 3024 4032
0 0 3024 2975
0 1943 3024 4032
1491 0 3024 2532
983 1677 1491 2903
1491 0 3024 2483
1491 0 3024 2459
983 1677 1217 2395
0 0 2233 2975
0 911 2032 2975
0 2572 1749 4032
1104 1943 3024 4032
1886 2580 2120 2741
1983 1153 2225 1427
2016 1153 2225 1427
2580 3072 2911 3370
1620 685 1830 919
0 911 1322 2911
943 1153 2032 2975
1491 0 3024 1564
1153 1943 2524 3523
2217 2532 2524 2927
0 3330 249 3717
0 3330 193 3717
1862 1257 3024 2459
1491 1024 2064 1346
1153 1943 2507 3523
556 3717 1193 4032
1935 3072 2370 3338
1975 3072 2370 3273
1104 2282 3024 4032
1911 1257 3024 2459
1911 1370 2201 1733
1661 0 3024 1564
1693 0 2330 717
1491 1024 1967 1346
1967 1257 3024 2459
1104 3265 2854 4032
1693 0 2096 387
1403 2661 1757 3136
1507 2886 1757 3136
0 1596 1322 2911
419 2282 749 2757
1104 3265 2717 4032
0 2999 1435 4032
1483 1943 2507 2757
0 0 846 943
467 2999 782 3459
467 2999 782 3354
717 3717 1193 4032
0 911 1257 2306
1153 2653 2241 3523
2411 0 3024 1564
1951 2282 3024 3975
943 1217 1790 2975
1048 1693 1790 2975
0 3040 1435 4032
0 3040 548 3507
0 3136 266 3507
733 1596 1112 2040
1661 0 2774 1540
1951 2282 3024 3144
2080 2822 3024 3975
0 1709 1322 2911
1290 1153 2032 2459
1661 540 2774 1540
1153 3209 1830 3523
1620 2653 2241 3443
0 2572 1749 3515
0 3290 1435 4032
814 3411 1435 3951
2451 3386 3024 3975
620 2661 1749 3515
1830 540 2774 1540
1104 3548 1967 4032
2080 2822 3024 3580
2564 2822 3024 3435
1104 3701 1798 4032
620 2661 1419 3515
1104 3701 1556 4032
2145 540 2774 1540
1233 2814 1749 3386
2145 709 2628 1540
1516 3265 2717 4032
741 2661 1419 3515
1145 1024 1499 1290
1145 1048 1475 1274
1161 2032 1475 2903
0 0 3024 2306
0 1137 3024 4032
846 1040 1104 1306
0 2685 3024 4032
612 2685 3024 4032
387 1169 612 1483
1838 217 2056 572
0 2975 1193 4032
0 1137 3024 3612
878 1137 3024 3467
1733 2282 2765 2975
0 1572 1757 3612
2459 2685 3024 3628
2524 2685 3024 3628
2524 2685 3024 3370
1733 2282 2765 2911
1991 2282 2765 2911
959 1661 1225 2411
2524 2757 3024 3370
0 2975 1072 4032
0 3040 1072 4032
1661 0 3024 1636
612 3032 3024 4032
612 3032 2112 4032
943 3693 1193 3862
717 3443 2112 4032
637 3411 895 3677
1516 3314 3024 4032
1153 3185 1757 3612
0 3136 249 3693
177 3088 338 3249
2580 3056 3024 3628
612 3032 1411 3741
548 2975 959 3233
1249 2814 1653 3153
2209 2798 2475 2975
2524 2757 3024 3217
1411 2685 1620 2854
661 2644 870 2919
0 2620 161 2822
1298 2532 1475 2878
1733 2524 2056 2749
1040 2403 1274 2661
2032 2128 2193 2386
1064 2104 1225 2411
2282 1975 2459 2153
0 1669 209 1854
959 1661 1185 2161
733 1604 911 1854
435 1580 693 1774
0 1572 1507 3282
451 1387 758 1669
2693 1298 2903 1516
2862 1209 3024 1475
387 1201 556 1483
1903 1128 2201 1411
1201 1104 1475 1274
1145 1048 1459 1257
1282 1024 1499 1290
1080 943 1257 1257
1830 749 2088 1056
2080 669 2314 1032
1870 322 2056 572
1451 322 1749 508
1838 217 2056 387
2322 0 2548 161
1056 0 1370 161
0 0 2338 2306
0 943 3024 4032
878 943 3024 3467
0 1572 3024 4032
0 1572 1757 3282
1209 2080 1395 2524
177 3048 411 3249
0 2757 3024 4032
1080 943 1499 1290
0 1572 1653 3282
1080 943 1459 1257
959 1661 1274 2661
0 2975 2112 4032
1040 2104 1274 2661
1249 2685 1653 3153
1516 2757 3024 4032
0 3032 2112 4032
2524 2757 3024 3628
612 3032 1757 3741
0 0 612 637
0 0 475 637
330 2024 838 2467
330 2145 693 2467
1475 564 1991 862
129 241 1048 1378
814 0 1370 209
0 878 354 1628
0 991 330 1628
2306 2677 2588 2878
298 64 612 306
1475 564 1862 862
814 0 1370 185
814 0 1257 185
2580 2411 2903 2709
2427 201 2644 516
1701 919 2370 1378
1701 919 2282 1362
129 298 1048 1378
2757 362 3024 1080
1701 919 2241 1362
1749 919 2241 1362
2644 2016 2894 2306
0 0 314 290
1604 2193 1951 2411
0 991 306 1395
0 991 185 1209
2838 475 3024 1080
1983 3733 2604 4032
895 1596 1507 3015
895 1596 1507 2886
959 1653 1507 2886
959 1653 1314 2717
129 298 1048 1274
129 298 878 1274
508 298 878 717
1249 2338 1507 2886
0 2685 572 3556
0 2903 491 3556
0 2903 169 3185
72 0 314 225
0 0 193 290
129 677 685 1274
298 758 685 1274
1991 2128 2411 2701
0 0 3024 2588
0 1016 3024 4032
1088 3475 1370 3733
1137 1572 1540 1911
2024 0 3024 830
0 0 2999 2588
508 645 991 1088
1749 2491 2314 3040
1749 2491 2314 2903
717 3846 1346 4032
2604 1016 3024 1701
2604 1225 3024 1701
0 1306 3024 4032
2604 1306 3024 1701
0 0 895 1217
0 354 596 1217
0 354 596 911
0 354 322 911
129 677 556 870
508 645 967 895
508 701 790 895
201 451 596 749
120 2443 467 2725
120 2443 467 2644
0 2685 572 3241
88 822 491 1217
2338 0 3024 830
1266 1403 1878 1862
1266 1403 1862 1862
1266 1403 1709 1717
354 0 895 491
669 645 967 862
2338 0 2967 830
2338 0 2886 830
2338 0 2798 830
2338 0 2798 387
0 0 2145 2588
1572 1306 2314 1895
1572 1443 2314 1895
846 0 2999 1983
846 40 2999 1983
846 798 1967 1572
1435 862 1967 1233
959 1653 1225 2386
959 1653 1185 2024
733 104 1225 596
2475 862 2838 1225
911 104 1225 516
0 1491 3024 4032
2685 1693 3024 2209
2685 1766 3024 2209
1290 1854 1572 2265
2765 1806 3024 2209
895 1201 1145 1467
1137 0 2145 1080
1225 483 1548 870
1822 40 2999 1983
1572 1443 2032 1895
1338 3572 2112 4032
0 322 1354 2588
0 322 1354 2580
693 2161 1249 2588
2580 3177 3024 4032
2580 3177 3024 3596
2580 3177 3024 3435
1137 80 2145 1080
1298 161 2145 1080
1330 217 2145 1080
1330 217 2104 709
241 2943 572 3217
1056 2507 1378 3015
258 322 1354 2016
975 3846 1346 4032
2338 0 2765 290
1830 3088 2427 3620
1830 3265 2153 3620
1378 645 2145 1080
1580 645 2145 1080
1628 645 2145 1080
1790 645 2145 1080
0 3136 491 3556
1395 2798 2233 3314
1540 2798 2233 3314
1540 2798 2233 3193
1822 88 2999 1983
1822 508 2999 1983
2145 2427 2451 2846
653 2620 1403 3282
653 2620 1403 3096
653 2620 1338 3096
798 2620 1338 3096
798 2669 1338 3096
919 2717 1338 3096
919 2717 1338 3015
1120 2774 1338 3015
2048 2128 2411 2588
1169 1645 2427 2733
1451 1645 2427 2733
1564 1806 2427 2733
1564 1806 2427 2524
1701 1806 2427 2524
1451 1645 1814 2024
1451 0 2274 451
1169 1701 1572 2483
1169 1983 1572 2483
1169 1983 1403 2378
556 2024 838 2290
2040 3088 2427 3411
0 3330 596 4032
0 3467 596 4032
1741 1806 2427 2524
1903 1886 2427 2524
1903 1943 2427 2524
0 1362 1153 2580
0 1362 919 2580
1653 2265 1983 2733
1725 2443 1983 2733
0 1870 1241 3185
0 1870 1241 3161
258 653 1346 2016
258 999 1346 2016
0 1870 1241 3032
0 3677 362 4032
895 1241 1145 1467
709 653 1201 1185
72 3677 362 4032
1451 0 2274 395
1709 0 2274 395
2427 362 2798 830
846 798 1870 1572
846 943 1870 1572
1048 1072 1870 1572
2072 508 2999 1983
2072 1306 2459 1983
2088 1306 2459 1919
2104 88 2620 991
524 2806 951 3161
193 2007 499 2346
661 1717 1153 2104
2306 508 2999 1556
0 1362 612 2580
145 1717 612 2193
1338 3572 1870 4032
1564 3741 1870 4032
1645 2903 2233 3193
1330 217 1733 620
104 3467 596 4032
2532 508 2999 1556
2306 3298 2588 3846
1975 40 2427 451
2145 40 2427 395
0 1362 508 2580
0 1362 508 2185
887 322 1354 838
0 137 475 637
0 2233 1241 3032
2644 508 2999 1507
0 1975 483 2580
1338 3572 1725 3806
2765 1927 3024 2209
564 1870 951 2257
878 1378 1346 1782
96 1491 3024 4032
1975 1491 3024 4032
1975 1491 3024 3886
2177 887 2669 1241
1749 2491 2072 2903
2225 88 2620 991
411 193 669 491
0 2282 1241 3032
96 2282 1241 3032
201 2282 1241 3032
628 2443 1241 2693
814 2459 1241 2693
2209 1491 3024 3241
1169 1701 1540 2080
1975 2870 2951 3886
1975 2870 2677 3491
1975 2870 2677 3346
2112 2870 2677 3346
2225 2870 2677 3346
258 999 943 2016
96 2088 2362 4032
1153 2088 2362 3902
1153 2088 1878 3612
1153 2991 1612 3612
201 2282 878 3032
201 2282 717 3032
0 1362 508 1967
0 1362 508 1878
0 1499 475 1878
282 1257 943 2016
330 1257 943 2016
1346 2088 1878 3096
1137 80 1467 451
2185 3273 2951 3886
1048 1145 1870 1572
1322 1145 1870 1572
145 1862 604 2193
1153 3233 1612 3612
96 2983 1612 4032
2209 1491 3024 3144
2274 1491 3024 3144
2330 2378 3024 3144
2330 2540 3024 3144
2330 2604 2878 3144
2475 2604 2878 3144
2475 2644 2878 3144
2475 2644 2878 3032
2524 3782 2927 4032
1475 3112 2362 3902
2007 3354 2362 3790
1475 3112 2120 3902
1475 3112 2072 3773
0 2346 241 2725
330 1467 943 2016
330 1467 943 1878
2822 3515 3024 4032
1040 798 1499 1120
1903 1943 2298 2524
1475 3112 1935 3685
0 3330 193 3693
499 3572 854 4032
693 2161 1177 2588
749 2983 1612 4032
766 3507 1612 4032
766 3507 1274 3967
887 3507 1274 3967
524 2806 862 3161
1346 2386 1878 3096
443 1467 943 1685
2580 2975 2911 3241
96 3056 870 3822
96 3128 870 3822
1346 2386 1878 2935
2274 1491 3024 2653
2274 1491 2927 2653
2274 1669 2927 2653
2298 2088 2927 2653
2354 2088 2927 2451
887 3507 1217 3967
2225 435 2620 991
0 2346 241 2604
322 3177 870 3822
1209 3693 1612 4032
749 2983 1225 3556
2225 435 2515 967
2701 2540 3024 2991
2145 3733 2604 4032
2515 2136 2927 2451
2378 3273 2951 3838
2483 3273 2951 3830
322 3177 701 3822
322 3177 701 3628
201 2282 701 3032
2524 3862 2709 4032
1725 3854 2112 4032
717 3854 1040 4032
1104 3846 1346 4032
2314 3814 2604 4032
72 3814 362 4032
2556 3782 2927 3991
499 3782 822 4032
1983 3765 2241 4032
1499 3757 1693 3951
1209 3757 1612 4032
1564 3741 1782 4032
282 3741 596 4032
2145 3733 2386 4032
2830 3717 3024 4032
0 3717 169 3951
1846 3709 2120 3902
1072 3701 1274 3951
1282 3693 1564 3919
887 3677 1161 3967
169 3677 338 3846
330 3669 556 3878
2378 3661 2636 3838
2306 3644 2499 3846
1677 3636 1903 3894
1516 3628 1725 3806
766 3612 1088 3902
2185 3604 2467 3886
1338 3572 1548 3765
572 3572 854 3927
1766 3564 2072 3773
1241 3556 1435 3773
0 3556 274 3854
2515 3548 2741 3749
1088 3523 1370 3733
2822 3515 3024 3806
2564 3507 2894 3830
887 3507 1217 3733
508 3491 717 3669
411 3491 661 3822
104 3467 443 3757
685 3459 887 3669
0 3443 193 3693
2185 3419 2362 3685
1830 3419 2112 3620
2717 3403 3024 3596
814 3403 1072 3661
362 3403 701 3628
1475 3394 1935 3685
2007 3354 2265 3790
1112 3314 1443 3572
2322 3298 2588 3701
1685 3282 1983 3548
40 3282 491 3556
2483 3273 2951 3588
1903 3265 2153 3475
516 3265 870 3564
2233 3249 2443 3491
1378 3249 1612 3612
2757 3193 3024 3435
2580 3177 2822 3354
2040 3177 2257 3411
322 3177 524 3459
1862 3153 2056 3338
975 3153 1225 3556
685 3153 1048 3451
1475 3144 1685 3354
0 3136 177 3346
96 3128 379 3386
1516 3112 1911 3451
1604 3096 1766 3314
2193 3088 2427 3298
2701 3072 3024 3241
1080 3064 1298 3282
467 3056 733 3403
2395 3024 2677 3346
1395 3015 1741 3185
1193 2991 1443 3265
524 2991 862 3161
749 2983 1032 3217
306 2975 572 3217
241 2943 483 3120
1645 2935 2024 3193
2580 2927 2774 3144
2112 2927 2370 3225
2790 2911 3024 3104
1088 2911 1282 3096
1935 2903 2233 3112
2225 2870 2507 3112
749 2854 951 3032
2475 2846 2717 3032
1137 2846 1338 3015
1362 2830 1669 3096
838 2830 1177 3185
1951 2806 2169 2999
548 2806 830 3040
1798 2798 2040 3040
1540 2798 1733 3032
2209 2782 2491 2975
2701 2749 3024 2991
459 2749 717 2967
1983 2725 2225 2935
919 2717 1161 2943
0 2685 370 3241
2427 2677 2588 2878
1749 2669 2056 2903
798 2669 999 2878
2483 2644 2878 2935
556 2644 878 2814
1959 2628 2314 2894
887 2620 1080 2790
2330 2612 2564 2774
2507 2604 2749 2806
201 2596 588 3032
2757 2540 2991 2798
1483 2524 1878 2935
1741 2515 1951 2733
1056 2507 1362 2894
1032 2499 1241 2685
1991 2491 2290 2701
1886 2491 2072 2685
814 2459 1064 2693
1725 2443 1983 2661
628 2443 878 2685
120 2443 306 2604
2217 2427 2451 2774
2580 2411 2798 2628
0 2403 177 2604
1346 2386 1733 2862
2685 2378 3024 2661
0 2346 241 2548
1249 2338 1507 2878
2298 2282 2628 2653
427 2282 701 2636
2048 2274 2411 2588
1653 2265 1967 2548
88 2265 483 2580
1903 2257 2169 2524
1056 2249 1249 2548
653 2233 846 2443
330 2233 604 2467
1604 2217 1782 2411
725 2217 919 2427
1266 2177 1572 2483
2661 2169 2927 2451
814 2161 1177 2588
459 2145 693 2370
2515 2136 2765 2427
2153 2128 2314 2306
1943 2120 2104 2298
274 2120 499 2346
2354 2088 2620 2338
1701 2088 2007 2257
1395 2088 1757 2419
2249 2072 2427 2403
911 2024 1169 2346
556 2024 725 2225
2644 2016 2894 2217
701 2016 951 2257
379 2007 612 2209
193 2007 379 2209
2330 1999 2556 2161
1564 1991 1822 2209
1169 1991 1378 2378
1217 1983 1403 2249
0 1975 290 2395
2822 1967 3024 2209
2040 1943 2298 2274
1999 1935 2241 2104
2765 1927 2983 2120
0 1927 298 2185
2507 1919 2749 2233
1459 1919 1693 2112
1919 1886 2169 2185
645 1878 830 2088
290 1878 604 2193
790 1870 1153 2104
564 1870 774 2096
1290 1854 1572 2080
362 1846 564 2016
2717 1806 2967 2040
1741 1806 2056 2064
1169 1782 1395 2080
2685 1766 2943 1951
2072 1766 2290 1983
2483 1749 2733 1983
1137 1741 1403 1911
1580 1733 1814 2024
0 1725 274 1967
661 1717 878 1951
443 1717 612 1903
1306 1701 1540 1919
2274 1669 2636 2096
330 1669 524 1878
193 1669 370 1878
814 1661 1056 1919
1451 1645 1661 1967
2185 1620 2459 1919
2556 1596 3024 1830
1645 1596 1862 1862
895 1596 1217 1886
499 1588 919 1895
1266 1572 1540 1822
733 1524 951 1685
1959 1516 2314 1846
1516 1499 1709 1717
0 1499 475 1814
2604 1491 2886 1701
2362 1491 2644 1806
1822 1491 2032 1895
2475 1475 2677 1645
628 1467 943 1628
1572 1443 1903 1725
1266 1403 1548 1636
878 1403 1088 1636
1040 1378 1346 1782
2314 1362 2540 1540
258 1362 508 1653
1104 1338 1290 1499
653 1338 878 1516
524 1330 701 1556
2798 1306 3024 1572
2088 1306 2435 1701
1991 1306 2185 1556
2507 1290 2701 1532
0 1282 330 1628
282 1266 499 1443
419 1257 588 1556
1411 1241 1645 1540
1048 1241 1411 1475
895 1241 1145 1403
1322 1217 1516 1483
2145 1185 2370 1378
2306 1177 2604 1443
1822 1153 2201 1556
1483 1145 1870 1572
661 1145 1024 1378
1749 1112 2024 1362
2644 1104 2999 1507
1177 1096 1475 1266
2532 1088 2782 1556
0 1088 306 1395
403 1080 653 1274
1056 1072 1266 1314
2120 1056 2282 1249
499 999 733 1201
258 999 548 1346
2580 991 2838 1225
322 991 491 1217
1435 959 1766 1233
846 943 1209 1209
1878 919 2241 1249
2177 911 2459 1153
1314 911 1499 1120
2330 887 2669 1241
0 878 354 1177
2475 862 2774 1024
1604 862 1967 1177
88 822 370 999
1040 798 1451 1080
604 790 991 1088
1378 782 1620 1016
709 766 1088 1185
2314 758 2620 991
298 758 685 1120
1790 717 1975 895
2225 709 2507 967
1628 709 1822 935
129 677 411 870
2548 669 2822 903
1580 669 1782 895
1983 661 2290 983
1024 653 1201 814
1862 645 2145 1080
669 645 830 806
1790 580 1991 774
2427 572 2636 830
1475 572 1693 862
1636 564 1862 758
1282 540 1548 870
2104 516 2362 758
749 516 1048 806
508 516 878 717
2701 508 2999 1120
56 508 322 806
201 499 524 749
1225 483 1395 725
999 483 1354 838
2838 475 3024 903
419 451 596 628
2314 435 2515 725
1983 419 2322 653
1330 403 1725 620
1701 387 1878 564
1580 379 2104 709
2757 362 3024 572
2596 362 2798 717
217 330 475 637
887 322 1096 564
733 314 1008 596
556 298 814 612
411 298 580 491
2177 290 2395 532
2427 282 2628 516
1451 282 1653 483
1975 274 2217 451
2693 258 2878 564
604 241 822 459
1645 217 1999 451
1540 217 1733 419
2580 201 2798 387
2145 177 2322 395
1298 161 1596 532
766 161 975 354
1024 145 1225 516
0 137 419 540
1137 112 1378 451
911 104 1169 411
2330 88 2491 459
1241 80 1467 282
298 64 564 306
2185 40 2427 306
2395 24 2564 241
975 24 1137 185
2822 0 3024 193
2669 0 2967 387
2507 0 2765 290
2024 0 2370 225
1830 0 2274 395
1709 0 1927 233
1451 0 1741 290
1306 0 1499 225
814 0 1137 185
354 0 895 290
0 0 193 177
1411 0 3024 4032
0 0 2072 4032
0 0 1991 2580
