0 0 2448 3263
881 0 1090 639
1024 2826 1227 3185
1618 900 1880 1220
1031 1135 1286 1729
65 1977 248 2226
1651 0 2448 3263
1651 1227 1984 1507
1821 0 2448 3263
0 0 2082 3263
1037 1135 1286 1729
2010 0 2448 1501
0 0 1070 3263
169 241 1070 3263
0 0 1037 3263
933 0 2082 3263
933 0 1651 3263
1116 0 2082 3263
261 2872 411 3185
1090 2434 1410 2650
1031 1246 1175 1618
372 0 979 992
404 0 979 992
1044 1233 1286 1729
1044 1233 1286 1625
1188 0 2082 3263
2252 2911 2448 3263
2271 2911 2448 3068
1880 0 2304 509
169 1018 992 3263
1821 345 2448 3263
946 0 1651 3263
966 1462 1142 2363
2017 1938 2408 2206
45 2402 267 2598
1096 1383 1286 1729
972 2212 1370 2493
1227 2983 1507 3263
1383 1214 1573 1488
0 0 515 3263
1951 1168 2095 1547
1821 345 2448 2258
1821 345 2448 2212
946 411 1651 3263
946 535 1651 3263
1024 535 1651 3087
1024 535 1586 2376
1051 535 1586 1951
1175 750 1586 1951
1175 913 1586 1951
1194 913 1586 1912
1266 913 1586 1710
1266 913 1586 1579
1266 913 1586 1344
1821 345 2448 2056
1821 345 2448 1938
1821 345 2448 1906
1821 345 2330 953
1024 1723 1468 2376
1024 1723 1468 2304
1024 1860 1468 2304
1024 1860 1429 2278
1051 535 1462 1246
1051 535 1462 1161
1051 535 1390 1142
1051 535 1305 1142
1051 535 1305 972
1064 607 1305 972
1090 607 1305 946
1090 607 1305 894
1090 607 1240 815
1024 1860 1429 2115
443 509 1037 1037
443 842 926 1037
1977 2049 2448 3263
2199 2049 2448 2330
1853 2487 2036 2630
1057 0 1514 639
1057 0 1266 639
711 241 1070 2389
1899 0 2304 430
1932 0 2304 326
946 2526 1455 3263
946 2526 1455 3211
979 2526 1455 3179
979 2526 1455 3146
979 2526 1344 2976
665 1919 959 2278
1083 881 1272 1142
1338 0 2082 3263
1090 1938 1651 3087
1279 1312 1507 1579
946 2474 1168 2761
1090 1938 1651 2983
1090 1938 1651 2630
1331 1938 1651 2415
1109 1886 1429 2115
972 691 1253 1403
972 691 1253 1220
1129 0 1514 254
169 1018 972 3263
2304 1703 2448 2056
0 1684 189 1880
2206 0 2448 1501
1194 1592 1468 1912
966 1658 1122 2363
966 1658 1096 2239
1090 2402 1553 2630
1977 2212 2448 3263
711 241 1070 2075
835 241 1070 1096
443 842 809 1037
1729 2918 2043 3263
1729 2950 2023 3263
966 1658 1096 2121
1821 345 2330 933
2049 345 2330 633
2271 0 2448 1501
1684 0 1964 691
1155 2643 1455 3146
1155 2944 1455 3146
0 0 515 2676
0 2199 163 2676
1821 1867 2082 2558
1175 411 1612 783
1338 0 2056 3263
1964 829 2448 1906
1977 2226 2448 3263
979 2611 1220 2976
737 2428 992 3263
0 0 515 2513
0 0 483 1749
0 0 391 1749
0 522 391 1749
1436 0 1867 613
1436 0 1867 535
1801 933 1951 1207
724 509 1037 953
91 411 515 2513
737 2428 992 3159
117 411 515 2010
1338 554 2056 3263
1455 2696 2056 3263
1338 554 2043 2852
1684 26 1964 691
1044 691 1181 1070
1775 2950 2023 3263
1821 1867 2043 2317
0 0 319 620
705 2891 933 3179
1684 163 1964 691
130 0 483 385
0 548 391 1749
1338 554 2036 2787
1338 580 2036 2787
1338 724 2036 2787
117 411 515 1860
150 411 430 691
0 548 287 1749
1364 724 2036 2787
117 580 515 1860
235 52 483 385
2271 0 2448 1338
2271 0 2448 874
2271 0 2448 365
1377 835 2036 2787
1377 835 1697 1272
0 0 319 502
0 731 287 1749
1403 1148 2036 2787
1416 1148 1958 2448
117 848 515 1860
117 1148 411 1860
156 1148 411 1729
208 848 515 1227
1977 2226 2448 3224
1977 2448 2448 3224
2049 2578 2448 3224
1377 900 1664 1272
2317 848 2448 1338
1403 2258 2036 2787
1403 2258 1651 2683
1462 2696 2056 3263
1416 1148 1958 2115
1494 1148 1788 1462
0 2513 254 3263
0 1194 235 1749
1775 3133 2023 3263
1037 3113 1207 3263
1729 3107 1880 3263
1351 3074 1494 3263
2252 2989 2448 3263
705 2989 933 3179
1227 2983 1507 3205
946 2983 1083 3211
2082 2957 2402 3224
1853 2950 2023 3198
1161 2950 1455 3146
0 2950 221 3263
1305 2944 1468 3172
1155 2944 1286 3120
1919 2918 2128 3192
1253 2898 1475 3087
2043 2891 2278 3081
1462 2885 1925 3263
1024 2872 1175 3061
979 2859 1168 3179
1880 2833 2049 3002
1455 2833 1671 3061
979 2780 1220 2976
1573 2722 1703 2931
1697 2696 2056 2950
1847 2683 2043 2852
737 2663 946 3159
1207 2643 1403 2983
1468 2624 1631 2898
1377 2611 1527 2983
1018 2611 1188 2859
2049 2578 2448 3035
1233 2572 1403 2826
998 2539 1168 2761
1116 2526 1344 2702
1207 2519 1410 2650
0 2513 254 2963
0 2513 163 2676
1488 2500 1651 2683
2317 2487 2448 2722
946 2474 1148 2761
1977 2448 2363 2761
835 2428 992 2780
1161 2402 1553 2630
2010 2382 2278 2604
953 2376 1116 2532
1527 2369 2036 2787
972 2278 1161 2415
1723 2258 1880 2448
1403 2258 1612 2565
1991 2239 2173 2513
1899 2239 2082 2558
2186 2226 2448 2545
2049 2212 2278 2565
1077 2212 1370 2493
0 2199 156 2526
2199 2193 2448 2330
1240 2193 1370 2376
293 2186 443 2337
1468 2173 1749 2415
711 2154 972 2656
1331 2121 1534 2415
979 2121 1122 2363
1703 2056 1945 2448
1233 2030 1468 2304
2023 2023 2160 2193
1847 2017 2043 2317
1024 1997 1220 2278
1534 1984 1801 2226
78 1977 248 2180
91 1945 300 2513
1390 1938 1651 2186
1951 1919 2291 2212
705 1919 959 2278
1207 1906 1429 2115
1442 1886 1586 2030
1109 1886 1240 2056
1821 1867 1984 2062
0 1847 143 2102
124 1840 293 2010
2075 1821 2343 1984
1338 1775 1507 1958
1573 1769 1729 1964
1077 1723 1246 1860
1037 1723 1194 1880
2304 1703 2448 1938
221 1703 352 2036
1194 1697 1455 1912
966 1697 1096 2121
0 1684 137 1873
117 1631 261 1860
1318 1592 1468 1775
1971 1579 2141 1938
1416 1566 1553 1782
1286 1475 1429 1710
992 1462 1142 1716
0 1442 208 1749
1416 1429 1958 2115
2062 1416 2219 1553
156 1364 372 1729
1325 1331 1507 1553
1951 1299 2082 1547
150 1292 287 1436
1651 1259 1880 1507
1494 1233 1716 1455
1044 1233 1227 1468
1749 1227 1984 1507
1383 1214 1521 1383
13 1194 235 1494
0 1168 156 1364
1612 1148 1788 1462
208 1148 411 1488
1037 1135 1279 1286
1997 1122 2448 1906
1521 1096 1658 1272
1710 1077 1853 1259
1873 1064 2036 1331
1266 1044 1481 1344
0 1037 150 1214
208 1031 378 1227
169 1018 913 3263
2317 1011 2448 1338
972 1011 1253 1220
711 1011 1044 2075
1618 985 1880 1220
1612 972 1749 1142
822 953 985 1090
1801 933 1951 1096
1370 913 1586 1299
1651 900 1873 1103
1377 900 1664 1175
1103 881 1266 1070
1240 868 1390 1129
287 848 515 1096
1044 842 1175 1070
443 842 691 1031
1756 835 1951 1037
1566 835 1697 1018
1964 829 2408 1175
254 822 391 959
1912 815 2115 953
894 783 1044 1096
724 750 1024 953
0 731 287 1214
1364 724 1592 992
241 705 378 874
1051 691 1181 887
2206 652 2369 920
91 613 306 776
1090 607 1240 750
1631 580 1925 933
287 580 443 874
1573 554 1788 744
0 548 208 842
195 541 326 691
1338 535 1481 750
1051 535 1246 731
1403 528 1612 783
45 522 228 672
1821 509 2323 933
861 509 1037 822
1867 443 2147 770
2056 424 2330 633
1925 424 2160 587
1175 411 1475 776
150 411 430 567
1645 404 1808 613
372 404 646 705
1880 365 2128 509
0 365 182 620
2049 345 2317 522
1782 332 1958 691
241 332 437 463
2304 326 2448 874
84 313 319 502
1116 261 1344 430
835 241 1070 1064
2010 221 2310 378
0 202 176 483
1899 195 2226 430
235 169 411 385
1684 163 1964 496
1096 156 1227 313
1188 130 1553 470
2271 91 2448 365
319 52 483 287
1442 32 1867 535
1710 26 1945 202
2291 0 2448 156
1932 0 2304 287
1906 0 2056 248
1436 0 1612 176
1272 0 1514 163
1129 0 1351 254
1064 0 1266 476
881 0 1070 639
476 0 607 248
339 0 496 163
130 0 404 143
0 0 280 339
0 0 1416 3263
0 0 1370 3263
705 0 2448 3263
705 1383 2448 3263
1057 0 2448 2212
1024 2696 1279 3185
1240 2121 1560 2421
1090 2415 1527 3172
1521 718 1664 946
1057 0 1351 639
1103 0 2448 2212
1090 2415 1436 2689
1090 2415 1410 2650
1305 2611 1527 3172
1867 117 2310 770
1880 117 2310 587
705 2428 1377 3263
933 3107 1377 3263
1037 3113 1377 3263
1168 3126 1377 3263
1090 339 1325 561
150 0 1370 2278
822 783 1044 1096
966 1194 1259 2278
966 1246 1259 2278
966 1462 1259 2278
966 1462 1220 2278
150 0 1370 1566
1083 1037 1331 1246
1064 737 1370 979
1116 737 1370 979
1880 221 2310 587
1338 2611 1527 2989
1240 2121 1534 2421
1240 2193 1370 2421
946 1383 2448 3263
1853 2382 2278 2630
1651 1168 2291 2212
1651 1227 2291 2212
2252 2793 2448 3263
1103 0 2448 1984
2108 554 2421 920
2108 652 2421 920
150 0 1279 1566
1037 1135 1279 1566
1096 0 1351 313
0 0 1044 3263
169 1011 1044 3263
0 0 483 3263
1651 1227 1984 1710
1919 1494 2291 2212
150 0 1253 1227
1814 0 2095 248
1814 0 2056 248
1279 1214 1573 1782
1044 1233 1253 1566
1233 737 1370 979
966 1462 1142 2239
1286 1214 1573 1782
1286 1214 1573 1710
2284 1860 2448 2212
2284 1860 2448 2173
1325 1214 1573 1553
1325 1214 1521 1553
946 1383 1651 3263
1155 2944 1507 3263
966 1462 1142 2121
1103 0 2115 1462
946 1383 1651 3211
946 2859 1168 3211
0 2043 176 2291
110 2689 254 3094
1919 1736 2291 2212
150 0 1070 1227
972 535 1253 1220
946 1383 1651 3087
1645 404 1821 633
1403 1429 2448 3263
1729 1938 2448 3263
1077 1383 1468 1951
150 332 809 1227
1103 868 1586 1344
1775 1938 2448 3263
1077 1383 1442 1951
1077 1383 1286 1860
946 1723 1651 3087
1116 0 2115 1462
1801 815 2115 1331
1821 0 2448 1984
117 1292 287 1651
124 2689 254 2950
1044 535 1246 1070
1116 0 1964 1462
1338 528 1612 783
0 0 411 3263
1403 1429 2082 3263
1801 815 2115 1096
1880 365 2160 587
705 2428 992 3263
1880 2833 2049 3087
2010 1938 2408 2258
1742 1077 1932 1279
946 1723 1651 2813
1024 1723 1651 2493
1024 1723 1651 2186
1024 1723 1429 2115
150 411 809 1227
946 2121 1168 2813
946 2121 1168 2761
946 2121 1161 2761
979 2526 1475 3087
1103 868 1481 1344
1775 2212 2448 3263
1207 2572 1475 3087
1207 2572 1403 2983
953 2121 1161 2532
972 2121 1161 2415
705 2428 992 3179
130 0 483 287
1240 868 1481 1344
2108 652 2369 920
372 0 1070 1064
150 411 443 874
208 822 809 1227
1364 724 1853 1462
208 822 515 1227
372 0 1024 992
1847 2212 2448 3263
1821 0 2448 1338
1899 0 2448 1338
0 2199 254 3263
1847 2017 2082 2558
1116 0 1964 1037
1116 130 1553 776
254 822 515 1096
1847 2448 2448 3263
1964 829 2448 1984
1403 1429 2056 3263
1403 2258 1703 2931
1077 2030 1468 2493
0 0 411 2513
404 0 1024 992
1436 0 1964 1037
1847 2448 2448 3224
1364 724 1788 1462
1364 724 1664 1272
0 0 411 672
1403 2258 1651 2898
1416 1429 2056 3263
2049 2212 2448 2565
705 1011 1044 2656
835 0 1070 1064
1416 1429 1958 2448
0 613 352 2513
0 1840 300 2513
78 1840 300 2513
91 1840 300 2513
1455 2173 2056 3263
1468 2173 2056 2950
1468 2173 1880 2448
0 0 411 620
0 613 352 2036
1436 0 1964 933
1527 2369 2056 2950
1175 130 1553 776
117 1631 352 2036
1631 163 1964 933
1631 332 1958 933
1455 2833 1925 3263
1364 724 1664 1175
2271 91 2448 1338
2271 91 2448 1077
1997 1122 2448 1984
1534 1984 1945 2448
1977 2448 2448 3035
0 613 306 1749
0 0 411 483
2304 326 2448 1077
705 1919 972 2656
0 0 280 483
1207 1142 1351 1631
1201 2506 1410 2696
1318 541 1618 900
1057 2833 1227 3159
1964 855 2382 1286
1351 541 1618 900
2297 1782 2448 2128
404 0 1044 992
926 0 2448 3263
926 0 2075 3263
1109 0 2075 3263
1403 554 1618 900
0 0 1064 3263
926 0 1651 3263
0 0 979 3263
998 1135 1286 1729
1618 894 1880 1214
1703 0 2448 3263
1749 0 2448 3263
972 0 1586 1599
1070 0 1338 267
926 1351 1651 3263
2030 2885 2219 3218
208 509 1064 3263
1749 953 2448 3263
1840 2617 2088 2957
1840 2793 2036 2957
998 1214 1286 1729
998 1442 1286 1729
998 1442 1259 1703
972 156 1586 1599
972 156 1586 1416
705 509 1064 3263
705 776 1064 3263
705 2650 953 3263
926 1351 1553 3263
972 352 1586 1416
972 437 1586 1416
1821 0 2369 1090
1964 953 2448 3263
0 0 809 3263
0 0 685 3263
0 0 502 3263
1821 0 2369 1011
1821 0 2363 1011
1899 0 2363 829
972 594 1586 1416
1057 594 1338 1070
1057 691 1338 1070
1057 691 1338 1044
1964 1142 2448 3263
1064 763 1338 1044
1109 0 1912 535
1338 0 2075 3263
744 933 979 1083
1925 0 2297 378
972 822 1586 1416
1821 646 2363 1011
979 1351 1507 2278
992 1351 1507 2102
1181 1351 1507 2102
1090 437 1475 770
1181 1468 1468 2102
1964 1142 2448 2565
946 2513 1403 3263
1945 2617 2088 2918
926 2160 1553 3263
2317 861 2448 1501
2317 1051 2448 1501
1325 1351 1507 1553
992 1475 1246 1873
926 2389 1122 3263
933 2389 1122 3185
946 2389 1122 2761
946 2604 1403 3263
946 2604 1377 3263
946 2604 1201 3263
946 2643 1201 3263
979 1742 1259 2278
1742 0 1977 698
1769 0 1977 430
1769 0 1964 215
979 1742 1240 2278
979 1742 1142 2278
1964 1142 2448 2487
1893 646 2363 1011
1938 195 2297 378
972 822 1501 1416
972 822 1410 1416
972 1011 1357 1416
0 0 470 3263
1338 456 2075 3263
1338 456 1958 2128
1364 456 1951 1612
0 0 456 1736
1991 1142 2448 2487
972 2160 1553 2911
972 2160 1553 2630
1077 2337 1553 2630
0 372 470 3263
0 2859 221 3263
1410 1853 2075 3263
1410 1984 2075 3263
0 0 326 1736
0 372 470 2891
84 372 470 1977
966 2643 1155 2983
1410 1984 2049 3263
1364 456 1951 1488
0 1840 280 2891
1742 319 1958 698
84 404 470 1977
705 776 1064 2761
705 776 1064 2023
1899 0 2317 646
1364 541 1951 1488
1364 580 1951 1488
0 2173 280 2891
1188 2650 1403 3081
150 404 398 691
1364 580 1932 1488
1364 580 1925 1286
84 541 470 1977
189 541 470 1383
84 1292 385 1977
124 0 502 313
1410 1997 2049 3263
1410 2252 2049 3263
1410 2252 2036 2931
0 352 326 1736
2271 0 2448 1037
2004 1873 2448 2487
0 731 326 1736
0 731 326 1462
1853 3133 2036 3263
1155 3048 1377 3263
2082 3022 2219 3218
1919 3009 2160 3192
946 2983 1201 3263
1312 2963 1507 3198
1808 2950 1938 3113
1214 2950 1462 3205
1168 2944 1442 3100
1853 2918 2049 3198
1188 2898 1370 3081
0 2898 221 3263
1005 2852 1168 3042
1057 2833 1214 3159
1011 2820 1220 3074
1455 2800 2049 3263
1880 2709 2049 2846
1573 2696 1945 2931
1207 2650 1403 2957
705 2650 953 3166
966 2643 1155 2859
1057 2604 1201 2807
946 2578 1109 2761
1331 2545 1527 3035
1044 2539 1416 2911
1129 2513 1344 2696
1997 2506 2448 3263
1481 2500 1625 2683
2317 2402 2448 2545
959 2389 1122 2650
2049 2382 2291 2578
1906 2363 2075 2624
1077 2343 1253 2539
1175 2337 1553 2630
1410 2252 2036 2800
1331 2245 1481 2480
1135 2212 1272 2441
2036 2193 2448 2487
1390 2180 1560 2376
1468 2173 1749 2480
972 2160 1175 2448
1677 2154 1814 2284
1964 2134 2304 2291
1233 2023 1468 2265
1129 2017 1259 2239
1625 1997 2017 2448
1436 1984 1651 2199
1253 1919 1429 2095
705 1912 1005 2761
1024 1880 1240 2271
2004 1873 2448 2226
1814 1853 1984 2075
1436 1853 1586 2056
91 1853 306 2232
0 1840 137 2291
1991 1795 2154 1938
2297 1782 2448 1938
979 1742 1142 2160
0 1703 137 1873
1037 1690 1246 1873
84 1586 365 1977
1181 1475 1468 2102
1338 1455 1958 2128
998 1455 1259 1703
1579 1429 1736 1612
110 1429 241 1579
1651 1416 1847 1599
1325 1416 1488 1553
1971 1383 2212 1899
1331 1351 1507 1494
0 1351 195 1736
124 1292 385 1645
1703 1266 1867 1501
1749 1227 2004 1507
1357 1214 1540 1390
1044 1214 1227 1468
189 1148 404 1383
1991 1142 2448 1951
1083 1135 1246 1279
1527 1116 1697 1286
0 1116 235 1462
1475 1077 1932 1488
835 1077 1044 2023
1279 1057 1442 1325
2317 1051 2448 1299
1403 1044 1586 1305
1618 1037 1788 1214
972 1011 1357 1331
208 1011 972 3263
541 1011 829 1181
1338 1005 1501 1161
1710 959 1873 1103
2134 953 2408 1246
1801 940 1945 1096
1638 894 1880 1109
1932 868 2193 1090
1964 855 2382 1181
1710 835 1951 1044
1188 829 1338 979
1233 822 1410 1051
463 809 750 998
1821 783 1958 933
705 776 1064 1096
1064 763 1299 1044
0 731 326 1214
2023 724 2363 907
1057 691 1233 887
1442 652 1618 900
1893 646 2062 1011
104 626 254 783
1364 580 1925 1175
1964 554 2363 829
1566 541 1749 711
1442 541 1599 705
208 541 470 1220
1318 528 1540 672
2193 522 2369 724
1742 509 1899 698
855 509 1044 1070
163 509 378 691
1527 456 1788 613
150 404 398 567
293 372 450 580
1070 352 1214 594
0 352 221 861
1899 345 2317 646
287 332 437 463
2304 326 2448 1037
1782 319 1958 633
1899 261 2141 450
1938 208 2226 372
2017 195 2297 378
208 169 456 411
1814 163 1977 430
1064 156 1266 476
195 58 483 313
1769 39 1964 215
1945 0 2310 352
1925 0 2069 287
1429 0 1586 176
1272 0 1501 150
1155 0 1338 254
1090 0 1227 176
124 0 502 169
1318 528 1599 705
1775 0 2448 3263
0 0 2049 3263
0 0 561 3263
1031 1246 1175 1612
208 0 2049 3263
404 0 1964 1396
208 1011 2049 3263
1840 2617 2154 3048
1840 2617 2134 3048
1945 2617 2134 3048
326 1070 496 1488
1299 1214 1540 1396
404 0 1964 1331
1057 2545 1527 3159
1168 2545 1527 3100
1331 2545 1527 3042
1037 0 1266 1083
1044 0 1266 848
946 1064 2049 3263
1057 2343 1253 2617
1057 2434 1207 2617
208 1011 1253 3263
1821 580 2193 1090
1821 646 2193 1090
1057 2833 1272 3159
1775 3133 2036 3263
1814 0 2448 3263
1318 541 1468 763
1037 842 1175 1083
933 2578 1109 3185
822 3107 1044 3263
1286 2180 1560 2480
1331 2180 1560 2480
1090 0 1338 300
1272 0 1586 176
1971 1383 2212 1938
2297 1521 2448 2128
1005 1194 1253 1566
1814 0 2141 450
1899 0 2448 3263
1821 646 2062 1011
1064 0 1266 594
208 1011 1044 3263
1005 1194 1227 1468
1116 0 1338 300
1899 0 2141 450
1880 2637 2049 2846
541 933 979 1181
541 933 920 1181
959 1064 2049 3263
959 1351 1651 2650
1031 1246 1168 1599
1175 1064 2049 3263
1579 1064 2036 1710
1579 1064 2036 1612
1579 1227 2004 1612
1175 1077 2049 3263
959 1455 1651 2650
946 2513 1507 3263
946 2513 1468 3263
946 2513 1416 3263
1579 1416 1847 1612
287 332 450 580
1057 0 1964 1325
1057 691 1586 1325
1233 718 1586 1325
1279 1005 1586 1325
1090 0 1964 1286
1057 691 1299 1044
1090 0 1964 1175
1024 1475 1651 2271
946 2539 1416 3263
959 1455 1272 2650
1906 2363 2448 3263
1899 0 2448 2487
966 2539 1416 3081
1703 0 1964 215
1175 2337 1631 2898
959 1475 1272 2650
972 2539 1416 3081
1175 2337 1625 2683
404 0 1357 1331
1233 718 1410 1051
1044 2539 1416 3081
959 1475 1175 2650
959 2095 1175 2650
959 2160 1175 2650
0 1586 365 3263
1090 0 1958 1175
1338 1077 2049 3263
1364 541 1951 1175
463 776 1357 1331
463 776 1064 1096
1024 1475 1468 2271
1279 1044 1586 1325
1899 0 2363 907
1090 0 1958 770
979 1475 1142 2160
1044 2539 1416 2957
1964 855 2448 2487
1338 1077 2017 2448
0 0 502 1736
124 0 502 411
705 1077 1044 3166
1109 0 1958 633
1527 319 1958 633
0 2709 221 3263
0 1586 365 2891
1410 2173 2049 3263
150 404 470 1383
195 58 483 411
1364 580 1951 1175
0 0 385 1736
1338 1455 2017 2448
705 1077 1044 2761
1964 855 2448 2226
0 0 326 1462
84 1586 365 2232
0 0 319 861
1991 1142 2448 2226
933 0 1070 659
1037 1592 1449 1919
0 1318 509 2206
1272 691 1631 1037
620 2154 1129 3263
620 2154 1129 3224
620 2154 966 3224
1011 1096 1442 1586
1096 1096 1442 1586
411 678 802 1044
1227 1096 1442 1586
1279 1155 1442 1586
0 0 2160 3263
1272 691 1631 998
352 1651 829 1886
352 1671 737 1886
352 1671 659 1886
352 1671 620 1801
1795 1070 1977 1286
2265 0 2448 1723
1775 1638 1945 1964
0 0 1651 3263
84 1318 509 2206
84 1318 385 2206
979 1220 1390 2297
1037 1697 1377 1919
1070 1220 1390 1710
1344 535 1592 731
1070 1220 1292 1710
1103 0 2160 3263
665 2004 907 2369
665 2004 874 2369
665 2004 861 2369
1847 2415 2030 2643
