0 0 1536 2049
77 1700 188 1958
0 0 659 2049
270 0 1536 2049
77 1700 172 1958
0 0 553 1180
159 1364 286 1663
0 221 561 2049
311 327 450 799
352 327 450 680
356 327 450 536
0 778 561 2049
0 1012 504 2049
0 1012 450 2049
65 1118 504 2049
336 1499 446 1729
631 147 823 303
307 221 532 967
323 221 532 967
323 221 532 872
0 1012 450 1942
348 475 524 1028
348 536 463 1028
0 1012 450 1885
0 0 495 1180
188 778 561 1262
98 0 495 512
98 0 393 512
1340 286 1450 389
430 381 893 721
229 823 561 1262
856 1348 1004 1454
290 0 495 270
487 0 659 487
430 385 893 721
614 438 893 721
631 438 893 721
65 1643 295 2049
229 823 557 1262
1286 963 1467 1118
0 1032 450 1885
0 1499 135 1885
143 1012 295 1405
1229 1930 1536 2049
204 1118 504 1696
430 385 659 606
590 1180 717 1397
590 1208 704 1397
741 336 897 442
0 0 405 1180
0 0 405 897
0 331 405 897
0 331 204 807
1241 528 1430 680
876 32 1167 303
876 163 979 282
430 389 651 606
1299 557 1430 680
745 598 1147 1024
766 700 1147 1024
766 729 1147 1024
233 823 557 1262
1245 1225 1385 1479
32 1032 450 1758
32 1372 159 1557
786 729 1147 1024
631 438 790 721
590 1208 672 1340
1135 963 1266 1122
1135 963 1266 1094
717 1590 852 1704
270 1610 700 2049
1135 963 1266 1069
0 0 245 385
0 127 225 385
290 0 495 192
0 381 204 807
372 0 1536 2049
0 889 188 1434
807 1688 1081 1885
1299 1450 1536 1790
741 344 889 442
499 0 659 487
270 1721 700 2049
270 1770 700 2049
233 823 536 1262
233 831 536 1262
1262 0 1536 454
12 1368 208 1942
479 491 782 897
1299 1450 1536 1745
745 598 831 872
516 0 659 426
163 348 405 897
430 389 545 606
1114 1487 1241 1585
73 1032 450 1758
163 499 327 897
163 499 307 692
467 1159 835 1704
1266 1225 1368 1405
1262 0 1536 364
1299 1450 1536 1606
0 463 122 713
516 913 676 1049
467 1159 713 1700
0 463 106 676
0 463 98 639
467 1266 713 1700
852 1192 1192 1413
856 1360 975 1454
516 913 643 1049
491 491 782 897
491 545 782 897
516 913 631 1040
28 331 147 499
954 32 1167 303
463 1954 594 2049
1262 49 1536 364
491 581 782 897
491 581 708 827
577 0 1536 1208
975 32 1167 303
975 143 1118 303
807 1737 979 1885
852 1192 1090 1413
467 1266 659 1700
467 1266 655 1700
467 1266 573 1569
467 1266 569 1495
491 1159 688 1598
1102 516 1323 704
1110 516 1323 704
1110 622 1233 704
1299 1450 1536 1561
643 647 782 897
1422 1930 1536 2049
844 0 1065 217
844 16 1065 217
577 0 1073 930
749 409 1073 930
819 417 1073 930
827 438 958 598
872 0 1536 1208
577 0 909 491
323 221 524 872
1364 1856 1450 1954
372 741 1536 2049
569 1737 778 1889
577 49 872 491
717 0 909 237
782 1028 1131 1192
840 1028 1131 1192
1036 1028 1131 1167
1159 516 1323 680
901 1540 1536 2049
749 409 926 590
1036 0 1258 237
1237 1602 1393 1790
356 1770 700 2032
270 1913 434 2049
852 1192 1090 1372
569 1737 704 1860
872 65 1536 1208
1036 0 1249 127
1102 737 1536 1208
1118 737 1536 1208
1303 885 1389 991
577 147 872 491
278 893 536 1262
1372 1725 1536 1848
12 1508 143 1942
717 110 889 237
840 1061 1085 1192
823 1737 979 1885
594 147 872 491
389 0 553 389
446 741 803 1069
667 864 803 1057
372 926 1536 2049
372 1340 1049 1897
446 741 733 1069
852 1192 1090 1303
1319 1835 1536 2016
463 1479 1049 1897
463 1479 1049 1876
700 1479 1049 1749
700 1508 1049 1749
823 1508 1049 1655
569 926 1536 2049
610 1401 795 1647
622 1401 795 1647
32 127 225 385
1102 737 1221 901
823 1737 934 1885
819 1479 987 1622
1266 1020 1536 1446
1266 1020 1536 1360
1266 1020 1536 1311
1372 1159 1536 1323
1319 1848 1536 2016
901 1540 1417 2049
872 65 1536 885
872 65 1389 754
872 143 1389 754
446 811 733 1069
1307 1020 1536 1311
680 1401 795 1647
840 417 1073 864
872 155 1221 754
569 1495 1135 2049
569 1565 1090 2049
1118 737 1401 1208
372 1340 540 1840
372 1434 499 1840
372 1544 483 1840
372 1622 475 1840
1237 1602 1393 1741
901 1610 1417 2049
1200 1852 1393 1995
872 155 1221 594
872 237 1090 475
1159 262 1536 885
1159 262 1397 561
606 926 1536 1704
643 926 1286 1413
749 926 1184 1106
844 926 1184 1106
958 1610 1417 2049
958 1610 1258 2049
958 1610 1200 1991
606 1241 1536 1704
643 1073 1286 1413
454 811 733 1069
594 147 819 491
569 1671 885 2049
864 1241 1536 1704
1143 1241 1536 1704
1229 1241 1536 1520
840 561 1073 864
606 249 819 491
844 979 1073 1106
704 1073 1286 1413
704 1073 1213 1401
975 1208 1213 1401
569 1778 872 2049
581 811 733 1069
864 1323 1294 1532
1028 155 1221 594
1159 331 1536 885
1303 331 1536 631
1311 1241 1536 1475
1159 581 1536 885
864 1323 1245 1532
983 1323 1245 1503
569 1852 815 2049
508 1954 594 2049
270 1954 360 2049
569 1946 815 2049
774 1942 917 2049
872 1930 1036 2049
299 1913 434 2040
1319 1905 1454 2016
979 1885 1085 2020
1200 1880 1311 1995
1044 1880 1258 2049
901 1856 1077 1983
1266 1852 1393 1995
590 1852 799 1991
1422 1848 1536 1958
807 1815 999 1983
1151 1811 1258 1930
676 1803 778 1889
823 1790 934 1885
737 1778 872 2016
356 1770 672 2032
381 1749 471 1840
1372 1737 1475 1823
569 1737 692 1827
1114 1729 1417 1885
1385 1725 1536 1848
303 1708 401 1946
1237 1704 1340 1790
958 1696 1200 1991
958 1688 1081 1840
65 1680 295 2049
249 1676 360 2049
676 1671 885 1823
1237 1647 1368 1741
172 1643 262 1745
864 1639 1032 1811
700 1635 909 1749
1151 1631 1274 1741
32 1631 184 1880
372 1622 475 1758
967 1610 1135 1770
1278 1602 1393 1688
680 1569 835 1704
840 1565 1090 1766
516 1557 655 1700
1077 1540 1192 1848
827 1540 942 1622
463 1528 741 1876
823 1520 983 1655
1315 1512 1405 1606
926 1508 1049 1643
61 1508 143 1753
32 1499 135 1647
1012 1495 1135 1577
1331 1491 1536 1745
680 1491 790 1647
819 1479 987 1594
475 1479 557 1577
1143 1458 1335 1704
659 1454 754 1585
1065 1442 1147 1532
491 1438 573 1569
864 1417 1036 1532
700 1401 795 1499
983 1397 1090 1503
204 1393 299 1688
479 1381 569 1495
0 1376 81 1508
1311 1364 1536 1475
893 1360 975 1454
1147 1352 1294 1512
606 1352 942 1581
450 1340 540 1446
1372 1335 1462 1446
1245 1327 1385 1479
1266 1323 1352 1405
1028 1323 1245 1503
602 1282 704 1397
73 1282 258 1758
1077 1278 1176 1376
467 1266 553 1389
528 1262 688 1598
926 1258 1036 1372
1442 1241 1536 1430
975 1237 1151 1401
1274 1225 1368 1368
1131 1221 1286 1413
1372 1208 1536 1323
208 1188 319 1503
635 1180 717 1278
1020 1167 1286 1286
491 1159 659 1307
1385 1118 1536 1204
229 1118 504 1696
643 1110 983 1409
1307 1106 1483 1311
450 1106 536 1262
0 1094 188 1434
704 1073 1057 1266
840 1061 1061 1172
1065 1040 1192 1184
229 1032 450 1299
1180 1024 1401 1208
270 1024 385 1114
1413 1020 1536 1143
1286 979 1467 1118
909 979 1073 1102
749 979 893 1081
1135 963 1258 1049
610 963 733 1069
516 954 606 1040
434 954 774 1180
229 942 360 1077
1061 926 1184 1081
446 917 553 1016
278 893 471 1147
0 889 163 1217
667 868 803 1057
684 864 766 958
819 848 926 930
233 831 319 987
454 827 631 954
581 811 704 979
1360 786 1536 1049
188 778 282 946
786 766 934 1020
680 749 782 897
491 741 614 881
1118 737 1372 1049
1114 737 1221 848
864 729 1147 1024
557 704 708 827
208 672 327 897
0 663 274 1180
856 659 1073 864
1159 655 1368 778
643 647 762 799
827 635 913 795
946 610 1028 754
745 598 831 770
180 594 307 692
1303 581 1536 885
491 581 602 774
840 561 1008 700
639 561 786 721
0 557 98 639
57 549 204 807
749 545 893 696
348 536 463 946
1241 528 1364 631
1159 516 1294 626
102 516 200 618
827 504 926 598
163 499 282 639
520 491 643 598
397 475 524 852
1032 471 1122 754
749 454 889 590
631 438 790 626
491 430 651 524
323 422 475 872
905 417 1053 754
65 413 196 565
795 409 926 508
57 409 147 499
430 389 545 499
971 385 1069 475
1397 381 1536 524
0 381 118 672
1102 360 1221 594
208 348 405 680
754 344 889 442
1303 331 1503 631
28 331 143 454
1167 327 1397 561
606 315 819 491
1159 262 1381 417
237 262 385 463
684 249 803 364
872 237 1090 450
438 221 524 446
0 221 98 323
45 196 147 290
799 188 979 352
975 163 1065 299
876 163 975 245
1028 155 1172 540
651 147 823 303
594 147 676 352
1118 143 1389 352
389 139 495 389
0 131 90 282
795 118 889 237
1126 110 1258 237
319 86 422 270
1237 65 1340 221
909 65 1065 217
909 57 995 139
1262 49 1499 344
631 49 749 188
0 49 147 245
1008 32 1167 196
1381 0 1508 151
1262 0 1397 106
1200 0 1282 135
1098 0 1249 127
733 0 909 122
659 0 745 102
532 0 659 426
504 0 590 233
446 0 553 159
405 0 495 135
290 0 471 192
122 0 245 176
0 0 143 159
110 942 385 1393
0 0 561 2049
0 1282 258 1942
430 0 1389 1172
958 0 1536 2049
249 1520 409 2049
270 913 1401 2049
1155 479 1249 614
454 1024 561 1172
290 221 532 983
290 221 524 983
446 0 1389 1172
454 0 1389 1172
1417 1688 1536 1790
0 0 536 2049
0 0 536 1508
102 467 237 749
12 1282 258 1942
311 0 659 799
356 0 659 536
311 491 401 799
307 672 413 967
102 516 204 749
270 1159 1258 2049
229 942 385 1114
684 598 917 958
745 598 917 954
0 0 536 1262
1274 737 1401 823
0 463 274 1508
0 1188 319 2049
434 913 1401 1594
835 303 975 401
860 114 979 282
524 1794 700 1897
0 0 495 897
0 1012 504 1885
557 618 708 827
0 0 495 692
0 463 274 1434
463 1934 598 2049
1114 733 1258 848
745 598 831 954
0 1012 295 1885
61 1282 258 1819
32 1188 319 1987
565 147 729 479
270 1495 1258 2049
491 0 1389 774
299 1159 795 2040
1139 1020 1253 1122
0 0 471 692
204 1032 504 1696
1102 0 1536 1143
852 1229 1036 1372
958 1106 1536 2049
356 0 553 536
32 1188 319 1880
32 1631 262 1880
454 569 1323 1172
958 1106 1536 2016
0 381 536 1262
659 0 782 102
860 942 1008 1073
270 1954 499 2049
340 1954 499 2049
0 381 282 946
528 913 643 1049
163 348 405 692
827 635 917 811
577 147 729 409
0 0 471 512
954 143 1118 303
356 1495 1258 2049
680 1569 852 1704
1114 1118 1536 2016
0 1012 295 1721
491 0 1389 754
844 16 1028 139
749 438 958 696
958 1106 1532 1995
1266 1106 1483 1405
1274 1106 1483 1368
348 475 524 946
1102 569 1323 704
0 1680 295 2049
577 147 676 409
0 131 98 323
1102 569 1323 680
32 1012 295 1647
741 290 889 442
754 290 889 442
454 610 1184 1172
290 0 471 270
1385 1118 1536 1233
0 290 147 499
1114 1208 1536 2016
159 1188 319 1643
1151 1631 1274 1782
0 0 393 512
491 0 1139 626
622 1401 795 1585
1299 1487 1409 1606
299 1159 778 2040
1159 516 1430 680
1159 516 1364 631
958 1323 1532 1995
110 1012 245 1393
299 1159 741 2040
356 1565 1258 2049
840 1565 1090 1811
491 188 1090 626
434 954 1401 1594
1393 1835 1532 1930
463 1159 741 1876
233 831 471 1147
32 1012 295 1557
622 1413 754 1585
606 1024 1401 1594
1229 1208 1536 1520
454 647 1184 1172
700 1495 1135 1749
491 545 786 774
0 0 245 245
631 0 1139 364
299 1340 540 2040
299 1434 499 2040
733 0 1139 135
733 0 1139 122
733 0 1049 122
958 1323 1393 1995
958 1540 1393 1995
356 1671 1258 2049
774 1815 1258 2049
667 659 1184 1172
491 430 651 598
413 1434 499 1635
299 1622 475 2040
606 188 1090 626
774 1815 1085 2049
1028 1323 1393 1741
774 1815 1036 2049
840 0 1389 754
1114 1467 1536 2016
434 954 893 1180
454 647 782 1069
454 741 631 954
1229 1290 1536 1520
1245 1290 1536 1479
749 979 893 1131
749 188 1090 590
1028 1323 1294 1532
1028 1323 1245 1532
909 0 1389 352
581 647 782 1069
491 545 659 774
958 1610 1393 1995
1151 1811 1393 1995
819 1192 1151 1594
819 1237 1151 1594
864 1237 1151 1532
934 1237 1151 1503
1143 1458 1393 1741
1008 0 1389 352
631 49 823 364
840 659 1184 1172
840 995 1102 1172
606 1024 1401 1581
1319 1467 1536 2016
840 1061 1102 1172
774 1930 1036 2049
651 147 823 364
0 663 274 1434
356 1671 885 2049
299 1708 471 2040
840 155 1172 754
840 385 1069 754
905 385 1069 754
303 1708 471 1946
1020 1024 1401 1413
606 1073 1057 1581
1245 1290 1512 1479
856 659 1184 1102
1098 0 1389 352
1159 0 1536 417
1331 1467 1536 1958
1385 1725 1536 1958
1311 1340 1536 1475
1098 0 1258 237
1102 327 1536 1143
1102 327 1536 631
1028 155 1172 754
934 1237 1151 1413
1020 1167 1286 1413
667 766 934 1057
1118 581 1536 1143
1102 327 1503 631
856 659 1147 1102
606 1110 983 1581
1118 737 1536 1143
676 1671 885 2016
799 188 1090 450
516 1557 713 1700
856 659 1147 1024
1143 1458 1368 1741
1262 0 1508 344
1118 737 1467 1118
1331 1467 1536 1745
606 315 819 626
1159 581 1536 1049
1303 581 1536 1049
1167 327 1503 631
0 0 692 2049
188 0 1536 2049
86 1118 422 1967
86 1233 331 1967
0 0 651 2049
0 0 561 1434
450 32 1139 979
98 0 651 1208
0 1008 512 2049
57 1135 512 2049
0 1008 368 2049
430 405 651 549
98 0 590 1208
98 463 557 1208
512 114 635 483
512 266 598 483
94 0 471 512
94 0 393 512
602 1393 807 1606
278 0 1536 2049
594 1180 721 1344
594 1180 721 1335
323 98 471 270
86 1352 290 1967
176 1352 290 1696
188 930 561 1897
430 405 651 524
188 930 516 1241
278 913 1106 2049
0 0 561 897
0 0 282 897
0 270 282 897
168 467 282 704
454 0 1536 2049
0 0 245 393
319 1237 561 1897
229 1135 512 2049
631 0 1536 2049
188 930 450 1147
0 1368 208 1942
1098 77 1516 381
340 1934 602 2049
704 561 1024 954
704 561 1024 934
704 561 1024 889
372 1237 561 1758
1417 1647 1536 1782
1417 1647 1536 1733
704 561 1024 872
0 270 241 897
0 270 241 782
0 381 241 782
12 1368 208 1876
454 913 672 1032
340 1954 594 2049
819 729 930 889
278 967 1106 2049
0 463 241 897
0 463 208 840
0 463 122 700
1110 106 1516 381
454 172 717 938
454 184 717 938
454 495 545 938
1344 512 1536 659
426 1954 594 2049
0 127 225 393
1434 512 1536 659
520 184 717 598
1094 565 1401 803
520 397 717 598
1094 565 1319 803
516 1733 795 1897
1266 1106 1467 1417
1286 1106 1467 1331
516 1733 754 1897
528 1733 663 1872
569 1733 663 1872
12 1499 143 1876
573 1733 663 1860
196 0 561 897
196 327 434 897
872 1934 1081 2049
631 0 1536 1381
631 0 1249 434
770 778 1536 2049
807 1540 1536 2049
639 401 1266 1131
663 401 1266 1131
852 0 1536 1381
872 1934 1036 2049
631 0 1139 434
631 0 942 434
770 778 1536 1717
90 499 241 782
385 0 561 413
651 0 942 434
651 114 852 434
663 401 1266 1110
807 1614 1536 2049
852 1188 1090 1381
1040 0 1536 1286
1167 0 1430 221
1376 0 1536 364
749 0 942 208
12 270 163 499
811 778 1536 1717
811 1020 1536 1717
1114 1020 1536 1717
1143 1020 1536 1717
1340 1020 1536 1360
663 516 1266 1110
749 516 1266 1110
749 729 1266 1110
852 1188 1090 1303
807 1614 1409 2049
372 1422 499 1758
1372 1725 1536 1921
811 1184 1352 1643
827 1467 1163 1643
811 1184 1352 1503
811 1196 1352 1503
1303 778 1536 1049
807 1614 1262 2049
815 1639 1032 1885
807 1614 1155 1983
926 1196 1352 1503
1143 1241 1536 1717
1040 290 1536 1286
1106 290 1536 1049
467 1954 594 2049
872 1938 1036 2049
467 1934 602 2024
1233 1905 1454 2049
1204 1889 1311 1995
1044 1889 1262 2049
987 1880 1102 2020
1417 1848 1536 2008
1233 1844 1409 2024
1397 1835 1503 1921
1139 1811 1274 2036
569 1790 663 1872
516 1778 754 1897
815 1733 950 1885
1372 1725 1536 1872
807 1696 1155 1983
319 1684 471 1897
86 1680 184 1967
249 1676 356 2049
1114 1667 1241 1811
1208 1659 1307 1782
1094 1647 1409 1889
57 1643 295 2049
864 1639 1032 1815
967 1614 1135 1770
0 1610 184 2049
1229 1598 1372 1688
1077 1540 1184 1794
1274 1512 1372 1614
926 1508 1061 1643
61 1499 143 1753
372 1487 483 1758
770 1475 860 1585
827 1467 1163 1622
602 1393 778 1606
811 1364 975 1454
1114 1352 1294 1585
926 1348 1090 1503
1143 1331 1536 1717
1266 1327 1352 1417
991 1258 1151 1389
926 1258 1016 1381
1442 1241 1536 1405
438 1237 561 1467
1340 1213 1536 1360
1061 1196 1352 1479
852 1188 983 1303
635 1180 721 1278
278 1143 1106 2049
229 1135 512 1712
331 1118 422 1258
1286 1106 1467 1266
352 1065 450 1147
913 1061 1102 1192
729 1024 893 1131
1385 1020 1536 1237
32 1008 368 1696
1139 995 1266 1085
1040 967 1467 1286
454 967 1081 1409
188 930 385 1114
454 917 672 1032
336 889 422 991
663 868 803 1032
1303 856 1417 979
815 848 926 934
155 807 241 897
1360 778 1536 1049
819 766 930 889
672 766 774 958
766 745 852 954
749 729 1192 1110
110 725 196 811
0 672 274 1434
28 667 208 840
208 663 348 897
958 659 1049 774
872 659 1073 852
0 610 122 700
704 573 856 872
778 561 1024 786
90 549 241 782
1032 516 1126 770
1151 508 1536 1049
98 499 213 635
344 479 471 1069
168 467 282 635
57 409 151 499
430 405 540 499
598 397 717 536
0 381 102 606
196 327 434 708
831 299 971 385
1106 290 1536 631
0 286 122 393
12 270 163 446
237 262 368 463
725 258 852 434
0 221 90 323
1405 196 1536 364
565 184 676 454
1401 168 1495 286
385 139 495 413
65 127 225 385
795 114 942 208
651 114 815 381
1114 106 1516 344
356 98 471 208
323 98 422 270
631 65 749 188
1376 0 1536 237
1258 0 1430 139
1167 0 1331 221
1110 0 1249 122
844 0 1139 106
749 0 909 143
504 0 651 422
405 0 590 532
446 0 561 159
405 0 495 131
290 0 430 122
290 1118 422 1376
98 0 692 1208
278 967 1536 2049
450 0 1536 1192
0 0 561 1508
1266 1213 1381 1417
0 463 450 1508
0 463 450 1434
504 0 692 483
504 0 651 483
278 1143 1450 2049
454 967 1536 2049
729 0 1536 1192
344 475 524 1069
344 475 516 1069
450 0 1331 1032
1364 1684 1536 1782
622 172 729 352
704 573 930 954
0 0 495 782
110 725 241 897
360 0 561 413
1344 577 1479 659
639 733 803 1032
0 0 495 708
0 1610 295 2049
0 0 471 708
450 0 1331 979
1032 401 1319 848
663 0 795 139
663 0 782 98
807 1540 1450 2049
1044 1020 1536 2049
602 1393 778 1618
471 184 717 639
454 967 1467 1643
852 1188 1016 1381
807 1540 1409 2049
168 327 434 708
86 1491 241 1967
639 733 774 958
0 1008 368 1749
729 561 1266 1192
1106 0 1536 1049
471 184 676 639
1221 1106 1467 1266
0 270 163 499
290 0 471 208
61 1368 208 1753
1229 1512 1372 1688
0 610 208 840
1094 1020 1536 2008
631 0 1331 434
749 0 1331 221
1044 1889 1454 2049
729 561 1266 1131
471 430 651 639
770 1200 1294 1643
811 1200 1151 1532
516 1778 795 1897
319 1422 499 1897
704 573 856 954
65 0 393 512
807 1614 1409 2036
1303 766 1536 1049
631 65 852 434
811 1200 1151 1503
