0 0 1536 2049
651 1352 1405 2049
942 1770 1143 1938
881 1590 991 1745
0 737 1536 2049
1131 1278 1536 2049
1229 1278 1536 1880
0 0 1536 1532
0 0 614 385
688 405 1286 795
0 881 495 1532
0 897 495 1532
0 897 495 1471
467 1495 770 2049
639 1401 876 1540
700 1401 876 1528
135 1270 389 1532
200 1409 389 1532
0 0 1536 1258
0 737 1536 2008
368 737 1536 1651
409 737 1536 1553
581 737 1536 1553
688 737 1536 1553
0 450 495 987
217 524 438 606
381 0 1225 446
381 0 1217 446
381 0 1217 438
844 0 1536 1258
844 168 1536 1258
1229 1409 1536 1880
1217 348 1368 598
1217 348 1364 598
713 352 840 446
0 270 1335 1196
0 327 520 635
975 1462 1110 1680
1131 1741 1536 2049
1131 1794 1536 2049
471 1044 876 1356
409 942 602 1208
475 1044 876 1356
475 1053 864 1356
844 168 1536 1204
1241 0 1536 311
151 1471 368 1671
102 454 561 684
102 454 475 618
102 454 299 565
1225 348 1364 508
475 1053 864 1348
688 737 1536 1426
1405 1004 1536 1258
0 1385 614 2008
1241 0 1536 237
1241 0 1536 208
122 331 1335 1196
122 331 1315 1196
926 1299 1233 1553
1335 1278 1536 1442
504 688 790 1077
684 840 782 1036
368 1020 1098 1651
0 364 135 483
942 1831 1090 1938
0 270 319 442
0 270 254 377
467 1495 663 2049
467 1585 643 2049
467 1737 643 2049
467 1737 618 2049
245 331 1315 1196
315 331 721 577
581 987 840 1106
467 1840 569 2049
340 331 721 577
245 348 1315 1196
245 348 1012 1057
245 348 950 1057
708 565 950 766
942 672 1315 1196
245 348 860 1057
245 733 590 1057
381 348 860 778
381 348 860 774
381 446 860 774
553 581 860 774
553 639 860 774
942 672 1315 1065
950 672 1315 1065
520 1794 643 2049
381 446 618 647
1061 807 1274 1196
0 450 356 987
495 1053 864 1307
950 672 1217 856
967 1954 1126 2049
475 1840 569 1995
942 1831 1036 1926
0 1823 159 1979
545 1799 643 2049
520 1794 614 1950
106 1778 516 2049
1020 1770 1143 1921
520 1737 618 1942
598 1688 692 2049
0 1643 86 1860
881 1590 991 1688
635 1581 770 1905
1229 1561 1536 1880
975 1540 1106 1680
0 1524 110 1631
528 1495 663 1807
221 1471 368 1671
1016 1462 1110 1553
1352 1409 1536 1708
200 1409 299 1532
766 1401 876 1528
700 1401 815 1512
1032 1340 1233 1553
1335 1323 1536 1442
926 1299 1085 1467
1450 1278 1536 1397
135 1270 282 1491
475 1245 590 1348
557 1233 758 1356
0 1204 86 1356
577 1180 754 1315
499 1176 631 1307
368 1167 545 1495
1417 1094 1536 1258
704 1077 795 1167
471 1073 602 1208
1139 1053 1274 1196
741 1053 848 1155
495 1053 864 1282
463 1020 1098 1651
1245 1016 1335 1188
913 1016 1016 1118
610 1012 840 1106
1405 1004 1536 1184
409 942 586 1122
930 930 1536 1426
245 893 438 1057
122 831 286 926
102 831 262 987
348 819 471 963
1061 807 1262 1098
1106 799 1315 1065
942 786 1102 983
368 778 458 881
475 749 614 1008
1081 741 1217 856
688 737 1073 1040
372 733 590 1020
901 725 1012 815
475 692 569 778
667 684 860 774
950 672 1106 848
823 659 950 745
553 639 729 737
188 639 319 876
487 635 598 721
573 581 741 700
397 569 561 684
708 565 934 766
520 557 618 647
196 536 495 917
217 524 360 606
286 495 475 618
1270 479 1368 581
61 458 229 700
0 450 356 942
381 446 569 606
495 413 721 577
528 364 639 479
0 364 131 454
208 360 319 442
1278 348 1364 491
598 348 737 631
340 331 549 508
844 241 1266 590
868 196 958 278
1172 168 1536 1204
1262 155 1442 311
799 155 881 245
405 135 561 245
106 45 188 131
1147 0 1327 295
577 0 713 102
0 0 114 102
0 930 1536 2049
0 270 1012 1532
0 0 1315 1167
1098 0 1536 1258
0 0 1315 1098
0 270 1012 823
0 0 1315 1077
610 1012 876 1167
0 450 590 1532
368 930 1536 1745
1118 0 1536 1258
1147 0 1536 1258
467 1585 692 2049
823 614 983 754
0 450 590 1471
315 241 1315 1077
520 1585 692 2049
0 0 1217 446
368 930 1536 1680
639 1401 815 1540
331 545 561 684
0 0 1217 438
204 495 360 606
98 430 475 618
98 430 319 528
487 635 1012 823
487 635 958 823
520 1688 692 2049
0 1270 1536 2049
651 1352 1536 2049
0 1270 770 2049
368 987 1106 1680
0 270 741 700
368 987 1098 1651
471 987 864 1356
102 831 438 1057
610 1012 840 1167
0 270 618 647
368 1016 1098 1651
0 299 618 647
766 1401 913 1565
528 1495 770 1905
0 1270 618 2049
0 1385 618 2049
0 1385 614 2049
930 930 1536 1553
1139 1016 1335 1196
1147 0 1536 1204
471 1163 631 1307
520 639 958 823
667 684 958 823
122 831 438 1057
0 299 520 635
315 241 1286 795
475 1737 618 1995
495 987 864 1356
520 639 729 754
0 450 590 1020
504 672 1315 1077
504 672 1217 1077
504 688 1102 1077
495 987 864 1282
315 331 737 631
1131 1409 1536 2049
504 688 1073 1077
0 897 586 1471
0 1778 516 2049
1131 1561 1536 2049
1147 0 1536 295
688 241 1286 795
495 348 737 631
315 331 549 508
0 450 495 942
0 0 1536 1204
0 249 1536 2049
508 688 1073 1106
1061 258 1385 659
0 450 622 2049
1225 1659 1401 1831
352 930 1536 2049
1061 258 1376 598
0 249 1315 1147
467 1495 749 2049
958 762 1315 1147
0 249 1012 1090
1253 69 1450 311
65 774 504 1028
471 1049 848 1356
471 1065 831 1356
491 1065 831 1315
102 774 504 1028
471 1163 782 1356
667 1053 811 1167
0 249 1012 823
86 454 454 631
102 774 471 1028
463 692 741 1090
475 1217 782 1356
586 1217 782 1356
639 1364 860 1540
0 327 1012 823
405 417 1012 823
545 528 1012 823
545 528 1012 815
545 528 946 774
86 454 278 622
102 831 471 1028
1061 258 1364 598
0 249 364 422
0 249 262 393
487 1495 749 2049
405 1950 557 2049
946 1827 1036 1926
467 1799 626 2049
0 1790 155 1979
1225 1659 1335 1790
663 1651 749 1893
889 1577 995 1737
1004 1540 1106 1680
487 1495 692 2049
639 1413 778 1540
758 1364 860 1520
499 1344 602 1426
926 1311 1118 1503
1393 1307 1536 1454
172 1270 368 1544
586 1233 741 1356
475 1225 614 1352
647 1217 782 1323
577 1196 663 1315
352 1196 540 1442
782 1090 876 1270
696 1073 811 1167
491 1065 831 1307
704 1049 848 1176
1405 1004 1536 1245
1118 954 1245 1098
516 930 1536 2049
0 897 614 2049
229 840 471 1028
102 831 270 987
118 823 258 926
958 782 1159 1053
368 774 467 893
1081 762 1315 1147
844 741 963 823
553 639 770 737
163 635 307 844
594 565 946 774
471 557 561 659
545 528 700 631
254 520 454 631
274 495 598 729
188 491 278 622
86 454 221 602
1270 450 1376 581
0 450 622 1208
405 417 622 586
577 385 704 508
0 372 147 458
0 327 520 614
53 295 262 393
1061 258 1286 495
0 249 110 344
1282 155 1450 311
1253 69 1360 237
1454 0 1536 110
0 0 1536 1208
0 897 1536 2049
0 249 1315 1208
49 430 319 520
577 1090 876 1323
1081 893 1245 1098
0 897 876 2049
704 1044 876 1176
0 450 1315 1208
885 610 987 754
0 249 770 762
577 1196 782 1323
0 897 831 2049
0 249 647 762
172 1065 831 1544
295 1495 749 2049
844 725 1012 823
102 823 471 1028
405 417 622 659
86 430 319 520
508 565 1315 1147
475 1065 831 1356
0 249 598 729
0 249 520 614
491 1065 831 1356
295 1950 557 2049
172 1196 540 1544
508 688 1315 1147
848 73 1016 225
1270 1061 1467 1397
0 1827 159 1983
1225 413 1454 704
1258 1438 1442 1635
405 737 991 1684
676 737 991 1495
676 893 991 1495
676 893 930 1106
405 1044 876 1684
471 1044 876 1499
713 8 844 155
499 1266 782 1499
471 1044 876 1340
475 1044 876 1340
524 0 905 241
561 0 905 221
1016 1155 1335 1774
1016 1155 1266 1774
1016 1155 1253 1692
1016 1155 1237 1614
598 1606 942 2049
733 1647 942 1794
1229 413 1426 569
876 311 1090 573
876 372 1024 573
163 1643 417 1885
237 61 377 217
0 1917 557 2049
598 1606 864 2049
676 1676 864 2049
983 1893 1147 2049
0 372 258 504
32 1917 557 2049
32 1917 405 2049
192 1930 405 2049
762 1085 991 1495
1393 463 1499 672
405 1462 581 1684
1282 614 1405 725
0 844 213 1057
1393 1528 1536 1962
1434 1528 1536 1962
1434 1528 1536 1860
495 749 782 1061
590 782 782 1061
1237 749 1487 889
749 1745 909 1921
934 549 1143 766
0 516 188 754
1065 1155 1229 1253
561 0 799 221
32 1917 262 2049
0 1098 147 1270
0 876 225 1413
0 876 188 1147
0 221 963 672
458 221 963 438
0 229 737 672
0 647 479 1110
143 1135 426 1631
590 221 963 438
1016 1208 1237 1614
0 647 479 1049
0 1131 225 1413
0 1131 225 1356
0 229 721 672
0 229 721 606
590 254 963 438
590 254 864 438
1098 417 1311 864
1098 491 1311 864
1163 491 1253 659
897 467 1016 573
1208 0 1536 381
0 229 512 467
696 1057 848 1167
1098 622 1311 864
1098 672 1311 864
1225 438 1454 704
467 1282 1147 2049
1004 827 1180 1053
184 655 405 852
0 262 512 467
0 307 512 467
147 331 512 467
1208 0 1536 282
1208 0 1536 221
315 331 512 467
213 1135 426 1524
0 0 1184 479
0 0 733 331
0 0 631 331
0 0 614 331
696 0 1184 479
729 0 1184 479
680 782 782 1036
0 0 581 331
1098 758 1290 864
225 1135 426 1438
237 1262 409 1438
237 1303 409 1438
680 840 782 1036
729 143 868 286
0 876 143 1147
467 1282 1147 1905
573 1282 1147 1905
0 65 1536 2049
1110 762 1536 1270
1208 762 1536 1270
1208 819 1536 1270
1217 819 1536 1270
1217 819 1536 1192
1217 868 1536 1192
1217 958 1536 1192
1217 958 1495 1118
581 1282 1147 1905
581 1282 1147 1692
581 1282 1098 1692
581 1331 1098 1692
581 1352 1098 1692
815 1405 1098 1688
868 1462 1098 1688
417 991 667 1147
581 1352 901 1692
0 692 479 1049
889 1331 1061 1524
1274 868 1536 1065
721 737 901 930
733 1553 1536 2049
598 1606 741 2049
225 1135 426 1311
1299 1061 1467 1397
610 1606 741 2016
614 1606 741 1962
950 1344 1147 1438
823 0 1184 479
823 159 1184 479
823 159 1163 442
823 159 1151 442
823 159 1126 442
823 159 1126 315
823 159 1032 315
1422 1876 1536 2049
0 0 569 327
0 0 504 327
524 577 680 672
143 1385 319 1631
0 65 1536 2036
0 1122 618 2036
0 1204 618 2036
0 713 479 1049
81 713 479 1049
122 840 479 1049
122 840 409 1049
86 0 504 327
1208 0 1536 204
0 65 1536 1688
1098 1069 1536 1688
881 1557 1126 1905
881 1631 1114 1905
323 1237 545 1610
377 1737 618 2016
1151 1069 1536 1688
86 0 504 217
0 1204 549 2036
733 1553 1446 2049
733 1680 1446 2049
1016 1303 1237 1614
946 221 1151 364
762 463 942 766
192 229 479 385
942 1631 1114 1905
249 1393 471 1635
1208 0 1536 172
282 94 479 282
1274 868 1454 1032
1208 0 1430 122
0 98 151 278
86 0 504 102
733 1696 1446 2049
733 1696 1434 2049
1085 1737 1434 2049
1085 1737 1397 2049
1085 1737 1389 2032
1131 1737 1389 1987
1172 1737 1389 1987
0 65 1536 1393
0 417 614 1208
81 454 614 1208
81 454 614 1061
815 1405 946 1516
168 454 487 659
590 254 799 438
143 967 458 1208
127 0 504 102
0 417 262 729
94 65 1536 1393
81 454 614 1024
135 540 614 1024
159 1204 311 1344
922 0 1110 217
885 1126 1135 1393
581 1352 831 1635
581 1430 733 1635
1426 1139 1536 1270
885 1126 1102 1381
917 1126 1102 1381
1008 549 1143 766
0 586 188 754
94 65 1536 1200
602 389 917 622
602 389 917 561
602 389 876 549
237 61 377 188
733 1696 1253 2049
844 1696 1253 2049
1024 1696 1253 1938
0 417 176 626
1016 1389 1233 1614
1409 1016 1536 1192
1180 1069 1368 1368
94 372 922 868
213 999 458 1208
0 1241 549 2036
0 1241 389 2036
0 1241 262 1868
0 1594 262 1868
213 999 409 1208
840 65 1536 1200
844 65 1536 995
844 65 1491 995
1106 65 1450 528
1106 65 1450 442
1106 94 1450 442
1106 94 1450 434
1196 180 1450 434
1430 446 1536 799
1430 577 1536 799
844 426 1491 995
311 1655 549 2012
311 1770 483 2012
1106 94 1315 364
1106 94 1315 295
1151 1229 1536 1688
1151 1344 1536 1688
1151 1344 1536 1524
840 786 1204 1200
840 786 1204 1167
577 1044 876 1331
139 1807 389 2036
0 1241 225 1700
135 647 614 1024
135 647 491 963
135 786 471 963
840 786 1200 1135
94 372 835 868
0 1708 221 1868
844 586 1491 995
844 643 1491 995
901 643 1491 995
94 372 835 766
94 372 389 532
475 1172 622 1340
45 1241 225 1635
901 643 1491 971
307 458 835 766
1208 643 1491 848
307 561 835 766
864 426 1106 680
901 663 1307 971
307 565 676 766
700 1405 901 1692
311 1823 471 2012
417 602 676 766
1278 1967 1397 2049
1335 1958 1458 2049
389 1958 557 2049
1434 1938 1536 2049
733 1934 864 2049
135 1917 262 2049
32 1917 217 2044
1110 1909 1327 2049
311 1897 405 2012
1249 1893 1389 1987
1131 1889 1221 1983
844 1872 1032 2049
676 1868 864 2049
1270 1852 1372 1938
1024 1840 1118 1938
848 1831 979 1958
749 1831 868 1921
1348 1827 1446 1975
0 1827 159 1934
979 1823 1069 1905
360 1823 471 1958
139 1815 352 2036
278 1807 389 1934
377 1794 614 2016
840 1786 963 1913
540 1786 635 2049
163 1782 336 1885
1221 1766 1381 1893
1393 1749 1483 1917
749 1745 909 1868
1331 1741 1434 1880
1172 1737 1299 1934
40 1708 221 1868
1040 1696 1253 1917
1090 1680 1200 1766
676 1676 766 1885
1225 1671 1335 1766
881 1671 991 1835
733 1659 840 1794
241 1659 364 1819
385 1655 549 1807
807 1647 942 1794
307 1643 417 1840
114 1643 200 1741
1126 1639 1266 1774
0 1639 155 1758
942 1631 1114 1880
1323 1626 1462 1778
196 1614 327 1840
635 1606 741 1823
163 1594 262 1721
467 1585 635 1897
327 1565 434 1721
1040 1557 1126 1725
713 1557 901 1692
1213 1553 1405 1696
0 1549 221 1700
528 1544 610 1680
1434 1528 1536 1762
1114 1524 1253 1692
774 1499 913 1635
405 1499 553 1684
1073 1487 1176 1614
868 1487 963 1688
581 1483 733 1635
1360 1479 1442 1635
1167 1462 1397 1606
922 1462 1098 1667
463 1462 581 1610
196 1450 319 1631
0 1442 94 1565
1258 1438 1393 1536
1397 1430 1536 1688
249 1413 430 1635
213 1409 299 1524
1364 1405 1487 1495
864 1405 946 1512
700 1405 860 1602
766 1401 848 1512
45 1397 225 1635
364 1393 471 1475
1016 1389 1233 1540
0 1389 139 1479
901 1385 1061 1524
143 1385 233 1540
692 1352 831 1462
950 1348 1085 1438
1253 1344 1536 1479
1151 1344 1290 1524
1065 1344 1147 1426
262 1340 372 1438
372 1331 463 1430
180 1319 282 1471
127 1319 225 1462
1118 1303 1237 1442
237 1303 409 1409
499 1294 729 1499
721 1282 835 1368
389 1278 545 1610
590 1266 782 1442
917 1245 999 1381
0 1245 86 1356
1208 1241 1344 1368
53 1241 188 1417
323 1237 471 1340
159 1233 266 1344
1409 1229 1536 1372
1135 1229 1241 1348
1270 1221 1376 1323
958 1221 1135 1393
475 1217 569 1340
1024 1208 1184 1356
200 1204 311 1290
577 1200 725 1331
520 1172 622 1319
803 1167 930 1319
1315 1163 1467 1397
762 1163 913 1495
1065 1155 1176 1253
225 1135 426 1282
618 1131 754 1229
86 1131 225 1348
938 1126 1102 1278
340 1122 512 1282
155 1122 262 1213
946 1106 1028 1200
840 1085 991 1249
1180 1069 1368 1266
1098 1069 1274 1184
213 1065 356 1208
1299 1061 1454 1221
1044 1057 1204 1167
741 1057 848 1151
495 1053 741 1221
417 1049 590 1147
688 1044 876 1323
377 1028 458 1151
823 1020 930 1106
1409 1016 1528 1184
1208 1016 1352 1126
885 1016 983 1155
0 1016 143 1147
290 999 409 1172
581 991 667 1102
409 987 586 1122
1352 975 1495 1118
1159 967 1253 1049
143 967 249 1090
1217 958 1360 1077
1110 950 1241 1098
1446 926 1536 1065
401 926 528 1061
1331 905 1454 1032
1131 901 1315 995
176 897 409 1049
963 893 1200 1135
676 893 864 1102
0 876 127 1077
1274 868 1389 967
372 864 479 1012
106 860 213 1057
0 844 127 930
590 840 704 1061
122 840 258 926
1090 831 1307 971
1012 827 1180 1053
1360 819 1532 975
319 795 471 963
840 786 1036 1040
135 786 336 917
1454 762 1536 852
1180 758 1290 864
1323 749 1487 864
844 749 963 905
495 749 647 909
430 745 614 1024
0 741 114 872
786 737 901 852
721 737 881 930
282 733 405 852
81 713 225 876
512 700 811 868
1208 692 1442 848
1430 680 1536 799
1221 672 1311 786
901 663 1126 897
184 655 377 844
1008 647 1135 766
344 647 491 840
98 647 200 762
1376 643 1491 762
520 643 676 754
717 631 922 774
1282 614 1364 721
823 602 942 766
417 602 610 766
565 590 680 672
1077 586 1245 856
0 586 122 754
1450 577 1536 708
307 565 495 700
549 561 835 704
934 557 1069 713
163 557 262 729
1040 549 1143 676
331 549 454 631
1393 545 1499 672
864 545 1004 680
217 540 360 692
1225 536 1360 704
704 532 819 622
28 532 127 655
561 520 737 655
254 516 487 659
930 475 1016 573
762 463 893 618
45 463 176 626
360 458 545 631
1036 454 1192 610
81 454 241 602
1331 438 1454 655
1131 426 1229 528
975 426 1106 614
0 417 114 545
1270 413 1426 561
364 409 721 606
774 401 876 549
602 389 795 532
237 385 389 532
360 381 458 467
1061 377 1184 479
876 372 1024 483
94 372 307 463
0 372 200 504
442 356 573 508
754 352 852 458
147 344 340 434
1422 331 1536 479
315 331 512 430
684 327 799 438
1278 311 1417 442
987 311 1090 467
1073 299 1163 409
844 295 999 442
381 274 479 368
946 262 1044 364
49 262 270 348
737 258 864 405
1139 254 1241 364
590 254 774 409
1344 237 1462 442
458 233 700 430
1430 229 1536 381
192 229 409 385
1196 225 1385 434
1036 221 1151 340
20 208 139 319
405 200 581 331
823 196 963 315
282 192 393 282
102 184 249 327
1340 180 1450 274
0 176 102 278
1434 168 1536 282
1262 159 1393 258
1008 159 1126 282
905 159 1032 282
176 147 315 286
729 143 864 245
626 143 733 258
524 143 635 241
471 143 557 258
1180 114 1315 295
237 98 348 188
53 98 151 229
1106 94 1237 282
696 94 823 254
319 94 479 245
1299 86 1393 204
561 86 659 221
90 77 176 217
876 73 1016 180
827 69 922 184
1213 65 1315 172
270 61 377 151
1442 40 1536 196
0 36 110 217
143 28 303 180
713 24 795 135
1208 16 1327 122
360 8 569 208
1344 0 1536 172
1221 0 1430 110
1135 0 1233 151
1024 0 1184 233
983 0 1110 217
848 0 1036 127
795 0 905 90
586 0 799 155
483 0 614 135
274 0 504 102
127 0 311 94
0 0 98 102
0 16 1536 2049
0 372 1229 2049
0 0 1536 762
844 16 1536 2049
0 372 1229 1524
0 1926 217 2049
0 975 991 2049
540 1495 741 2049
0 1044 991 2049
573 1495 688 1962
0 208 573 762
0 0 1536 549
540 1606 741 2049
540 1786 708 2049
811 975 930 1106
0 208 196 381
0 208 139 327
946 16 1536 1184
237 98 393 282
274 159 393 282
86 0 176 217
844 905 1536 2049
1065 1303 1237 1442
520 372 1229 1524
561 86 700 221
0 1163 991 2049
0 274 573 762
1262 114 1454 274
1262 114 1454 258
766 1401 868 1516
135 1917 557 2049
135 1917 331 2049
540 1786 676 2049
315 1958 557 2049
0 389 893 1471
