0 0 1536 2049
524 389 881 860
20 172 143 368
299 770 614 983
745 229 930 549
745 229 856 446
803 0 1065 188
32 999 176 1110
1020 602 1536 1167
1020 614 1536 1167
49 172 143 368
237 1618 516 1770
0 1749 163 2049
0 1749 163 2020
0 1749 163 1962
1172 0 1335 98
504 815 983 1204
147 1290 393 1487
352 0 606 233
417 610 561 745
504 815 950 1204
504 815 950 1163
65 659 262 786
1172 1880 1536 2049
377 1462 602 1704
1311 0 1536 217
1208 1122 1315 1229
876 147 1131 458
0 1602 1106 2049
184 356 381 651
532 1635 856 1819
594 1635 856 1819
594 1635 856 1815
680 1663 856 1782
254 356 381 491
594 1635 790 1815
0 1487 204 1598
372 0 606 233
0 397 1536 2049
1409 434 1536 897
1409 463 1536 897
1417 545 1536 897
1323 1213 1467 1331
0 0 1536 1532
508 463 1286 1532
864 745 979 885
1159 1278 1286 1368
0 0 1536 782
643 401 795 532
73 1794 889 2049
786 463 1106 1073
1192 1606 1536 2008
1192 1663 1536 2008
1192 1671 1528 2008
1426 581 1536 897
372 0 598 233
1405 1663 1536 2003
1311 24 1512 217
114 1794 889 2049
204 1864 889 2049
463 1864 889 2049
536 1864 889 2049
876 147 1049 405
1426 729 1536 897
114 1794 434 2049
0 397 831 1819
20 840 831 1688
0 397 672 1819
0 1561 463 1819
0 397 672 1692
241 397 672 889
549 872 1536 2049
967 381 1442 782
1381 1397 1520 1700
1381 1458 1516 1700
954 143 1237 372
954 208 1237 372
983 208 1237 372
549 872 1479 2049
983 1880 1167 2049
0 0 1536 766
795 0 1536 606
795 143 1036 508
819 258 1036 508
602 815 950 1163
20 840 590 1413
1299 1073 1536 1426
983 282 1225 372
872 0 1536 606
643 401 770 532
372 0 577 233
0 467 569 1692
69 647 266 876
368 885 569 1139
545 1864 889 2049
81 659 262 786
508 1028 1286 1532
876 147 1036 290
946 889 1069 1073
372 0 520 233
1405 1815 1536 2003
0 467 377 1577
0 1360 270 1577
0 467 377 1483
602 840 950 1163
0 663 377 1483
0 700 323 1483
0 700 98 1483
0 700 98 1430
0 0 856 766
65 0 286 413
65 0 286 340
65 0 286 213
65 0 266 213
1143 381 1442 655
1221 381 1442 655
1286 381 1442 639
1290 381 1442 606
1331 381 1442 602
163 1647 463 1819
827 1676 1290 2049
1057 1745 1290 2049
786 463 1106 975
901 348 1036 508
372 49 499 233
881 241 1049 405
573 1909 799 2049
110 930 270 1102
967 545 1172 782
967 545 1172 725
0 700 94 1151
1135 1397 1471 1799
1331 430 1442 602
549 872 1479 1782
766 1315 1004 1503
749 872 1479 1782
0 0 110 766
0 0 110 340
114 1794 434 1962
241 397 549 831
749 1417 1233 1782
151 57 286 192
69 0 856 598
1135 1577 1335 1799
602 840 823 1057
204 1876 614 2049
1143 442 1249 631
684 0 856 258
684 934 950 1163
684 975 950 1163
618 926 823 1057
217 1319 569 1692
0 700 94 1106
602 1028 1286 1532
114 1794 315 1909
708 975 950 1163
1008 872 1479 1635
1008 954 1479 1635
1126 1163 1479 1635
1126 1327 1372 1635
922 118 1536 606
479 725 672 889
0 0 110 254
1057 1745 1290 1950
1057 1745 1290 1946
1172 1163 1479 1483
549 1241 963 1536
549 1241 778 1536
602 840 778 979
749 1557 1065 1782
69 0 782 598
159 0 782 463
786 463 934 852
1057 1745 1262 1946
147 1684 1106 2049
208 0 782 463
208 0 721 463
208 0 446 290
73 0 266 213
73 0 266 184
872 0 1430 352
1020 0 1430 352
1032 0 1430 352
311 0 721 463
311 106 721 463
143 840 590 1368
684 1962 954 2049
1393 1954 1536 2049
1147 1946 1241 2049
434 1934 614 2049
573 1909 758 2016
536 1909 659 2049
114 1905 331 2049
1454 1901 1536 1991
1172 1880 1409 2049
983 1880 1135 2028
1405 1876 1536 2003
204 1876 463 2049
545 1864 889 1995
282 1856 434 1962
73 1856 192 1995
413 1848 590 1954
1188 1844 1290 1946
655 1811 1106 2049
114 1794 237 1909
1057 1786 1192 1946
0 1766 163 1962
1110 1745 1262 1901
217 1696 463 1819
754 1692 856 1782
147 1684 827 1901
827 1676 1155 1921
1422 1663 1536 1831
1233 1655 1335 1741
1344 1651 1458 1823
594 1635 790 1790
995 1610 1081 1696
1327 1606 1446 1717
0 1602 258 1799
1135 1577 1262 1799
934 1565 1065 1753
0 1561 241 1680
749 1557 950 1782
463 1532 602 1704
819 1487 1069 1684
0 1487 151 1598
377 1462 495 1565
217 1462 569 1692
1381 1458 1516 1647
1172 1434 1262 1565
217 1422 397 1540
1020 1417 1233 1745
0 1401 81 1483
1417 1397 1520 1561
1245 1397 1471 1737
626 1397 725 1528
1192 1381 1372 1635
872 1381 1004 1503
688 1372 778 1536
0 1372 270 1577
717 1360 963 1524
143 1360 233 1454
422 1331 831 1688
1331 1327 1479 1483
1126 1327 1356 1483
336 1319 520 1467
766 1315 885 1401
147 1290 393 1479
1389 1278 1536 1426
315 1270 401 1364
688 1253 795 1344
549 1241 758 1409
344 1241 528 1335
1344 1221 1467 1331
1376 1217 1524 1319
1172 1163 1434 1385
1208 1147 1303 1229
602 1118 926 1319
508 1118 626 1270
0 1094 98 1430
20 1090 233 1413
1299 1073 1536 1348
315 1065 590 1368
733 1028 1286 1532
708 1016 860 1163
32 999 122 1110
594 995 692 1159
110 991 237 1102
684 979 790 1081
778 975 950 1098
1106 963 1233 1098
946 963 1069 1073
1008 954 1253 1200
368 950 569 1139
795 934 885 1028
618 934 766 1057
717 926 823 1008
504 922 622 1065
950 889 1036 1020
602 856 688 954
1422 848 1536 983
639 840 778 979
143 840 495 1319
1020 823 1213 1098
725 823 848 926
901 815 983 1044
778 815 876 942
897 786 979 885
528 786 672 889
344 770 614 983
299 770 385 872
69 737 192 876
53 733 323 1090
479 725 602 835
0 700 94 1004
1040 667 1139 782
249 663 377 749
81 659 176 786
163 647 266 770
975 635 1073 758
1184 622 1352 741
467 622 561 745
1151 618 1286 737
1069 614 1536 1167
1307 598 1438 704
1172 594 1253 684
786 577 922 852
909 561 1106 975
65 520 200 729
1147 495 1249 631
213 467 340 708
1409 463 1536 594
786 463 934 651
1331 454 1442 602
241 438 549 831
73 434 155 635
438 422 557 577
1294 417 1376 508
282 397 389 598
1237 393 1323 483
1352 381 1442 479
184 381 278 651
1422 364 1520 471
1044 356 1131 458
909 348 1036 454
0 311 94 766
938 307 1049 405
1229 299 1311 385
69 290 225 598
1090 282 1225 372
766 278 930 549
311 262 590 463
819 258 946 356
954 254 1094 340
881 241 967 336
159 237 331 430
0 237 90 340
754 229 856 315
680 225 782 450
1176 221 1266 352
1094 208 1237 340
876 188 975 290
401 180 512 331
110 168 258 340
1454 155 1536 536
946 147 1036 266
963 143 1065 331
795 143 901 282
922 118 1503 606
286 114 438 290
208 110 307 266
434 106 721 413
122 102 229 213
434 90 594 192
803 81 893 188
352 77 434 176
1036 73 1126 184
1032 65 1356 352
151 57 286 147
372 49 471 176
73 49 159 184
872 32 1069 282
0 32 110 254
1348 24 1512 217
479 20 577 118
1278 0 1430 118
1020 0 1245 114
815 0 1065 139
684 0 823 258
565 0 696 176
516 0 606 139
405 0 520 122
208 0 446 184
118 0 266 98
0 0 94 118
0 0 1536 1483
0 1028 1536 2049
499 0 606 139
0 1729 159 1819
1057 1889 1176 2049
717 0 1536 1442
1327 1606 1458 1864
778 0 1536 1442
0 0 1139 1483
717 926 852 1008
0 0 381 1483
0 0 327 1483
0 0 327 1430
53 0 1139 1368
651 995 766 1135
704 413 795 520
377 1848 889 2020
377 1848 889 2008
377 1848 889 1995
0 1958 159 2049
651 995 737 1118
1327 1606 1458 1823
0 1028 1286 1692
69 0 971 651
0 1315 1536 2049
688 1315 1536 2049
315 1241 528 1364
352 0 594 233
352 20 594 233
688 1327 1536 2049
1409 364 1536 733
1409 463 1536 733
1057 1889 1176 1999
876 143 1266 458
938 143 1266 458
938 221 1266 458
938 254 1225 458
938 254 1131 458
938 307 1131 458
434 20 594 192
352 49 499 233
717 1327 1536 2049
0 1462 1106 2049
413 1848 889 1995
69 0 934 651
53 389 1139 1368
53 647 614 1368
1020 0 1335 114
143 1360 397 1540
204 1422 397 1540
1409 463 1536 618
778 745 1536 1442
864 745 983 1044
897 786 983 1044
815 0 1536 1348
782 0 893 188
778 872 1536 1442
778 889 1536 1442
815 0 1536 741
1422 364 1520 491
778 954 1536 1442
213 389 1139 1163
967 545 1536 1348
504 786 942 1163
0 1487 1106 2049
163 1647 356 1749
377 1462 618 1737
1184 577 1405 741
684 0 901 295
213 389 1139 975
975 635 1139 782
213 389 1106 975
467 606 610 745
53 733 614 1368
0 286 327 1430
745 278 934 651
815 0 1536 684
1147 417 1442 684
1147 417 1442 655
1147 495 1299 655
0 659 192 1430
0 659 192 1110
504 786 876 1163
528 786 876 1163
618 934 860 1163
618 934 790 1081
778 954 1536 1426
1106 963 1286 1131
815 0 1536 606
819 241 1036 454
1290 417 1442 606
0 659 192 1106
0 700 192 1106
0 1766 954 2049
0 1487 311 1680
528 786 876 979
602 815 876 979
639 815 876 979
725 815 876 942
0 286 327 766
504 901 692 1159
163 647 377 770
69 0 446 598
745 278 930 549
1294 417 1401 516
594 1635 876 1811
1422 729 1536 983
1278 0 1536 217
819 241 967 356
0 311 327 766
745 143 901 295
1381 1397 1520 1647
786 561 1106 975
1290 454 1442 606
69 0 266 598
213 389 881 860
573 1909 954 2049
151 0 446 184
73 0 266 413
73 0 266 340
0 1766 659 2049
0 1766 192 1995
0 1090 831 1692
504 922 692 1159
65 356 327 729
778 954 1434 1385
778 954 1253 1200
778 963 1069 1098
717 1327 1356 1946
827 1676 1262 1946
1278 0 1512 217
815 0 1126 282
65 381 278 729
159 0 721 463
114 1856 659 2049
922 65 1536 606
1143 1327 1536 2049
1143 1327 1479 1737
1245 1327 1479 1737
65 434 200 729
0 1090 569 1692
0 1602 827 1901
922 65 1503 606
213 397 389 708
1147 1663 1536 2049
1069 614 1536 1348
114 1856 614 2049
508 1118 926 1409
1143 1381 1372 1671
815 0 1069 282
508 1118 795 1409
717 1327 1356 1782
1172 1663 1536 2049
114 1876 614 2049
114 1876 463 2049
159 110 331 430
311 180 590 463
336 1319 831 1688
0 1602 463 1819
717 1360 1233 1782
434 0 721 413
241 389 881 860
549 1241 795 1409
1172 1671 1528 2049
147 1618 827 1901
143 770 614 1368
0 1487 241 1680
0 1090 393 1577
241 422 557 831
20 1090 393 1479
717 1360 1069 1782
717 1360 1069 1684
0 1753 463 2049
0 1958 151 2049
831 118 1536 1163
1422 639 1536 926
0 766 1536 2049
143 1036 1536 1860
143 1405 417 1487
0 0 1536 1172
336 1036 1536 1860
430 823 950 1172
295 1618 553 1708
504 823 950 1172
336 1036 1536 1790
1311 1364 1536 1741
0 0 1536 1090
53 336 930 1090
504 823 950 1159
0 0 1536 876
336 1299 864 1725
881 147 1036 364
950 147 1036 303
1311 1409 1536 1741
1311 1434 1536 1741
81 635 266 807
782 872 885 1016
594 823 950 1159
0 0 1536 786
762 213 1270 471
971 1856 1290 2049
1057 1856 1290 2024
545 1036 1536 1790
762 225 1229 471
782 245 1229 471
602 823 950 1159
0 766 905 1483
762 225 901 356
0 1352 1536 2049
0 1372 1159 2049
94 1794 446 1921
602 823 942 1159
307 0 631 344
331 0 631 344
401 0 631 344
0 766 610 1483
852 245 1229 471
61 0 290 295
331 61 499 237
643 364 774 516
598 1667 876 1860
602 823 819 1118
602 823 819 1077
643 401 774 516
0 823 590 1483
1143 352 1536 741
508 1085 905 1282
1159 352 1536 741
1266 352 1536 741
401 0 631 331
81 635 266 770
0 0 991 786
1311 1524 1520 1741
602 823 819 1053
352 61 499 233
1266 430 1536 741
401 0 602 122
754 577 881 823
602 823 819 1044
807 1036 1536 1790
831 581 1245 1151
545 1225 999 1528
647 1249 999 1528
159 53 286 192
659 983 942 1159
729 983 942 1114
807 1462 1200 1790
0 0 930 786
909 245 1229 471
909 245 1229 458
0 176 233 368
1135 1036 1536 1536
1180 577 1319 725
774 0 1536 495
504 934 631 1065
401 98 598 331
1135 1073 1536 1536
1172 1073 1536 1352
774 0 1536 356
1004 0 1536 356
1024 270 1229 458
49 0 930 786
49 0 721 786
688 200 930 549
49 0 487 786
1106 1352 1536 2049
49 208 487 786
49 208 377 786
1004 0 1536 266
61 0 290 213
1122 1905 1237 2024
971 1880 1241 2049
577 1876 954 2049
397 1876 659 2049
540 1864 766 1983
1057 1856 1290 1987
94 1794 364 1905
1077 1782 1159 1880
0 1766 463 2049
614 1733 864 1860
598 1667 876 1811
393 1626 553 1708
1311 1602 1491 1741
979 1598 1081 1684
1106 1577 1262 1840
0 1508 1159 2049
377 1462 692 1704
1376 1458 1516 1639
143 1405 299 1487
872 1376 999 1495
0 1372 590 1704
1114 1352 1536 2049
696 1319 979 1528
1135 1249 1503 1536
647 1249 999 1520
315 1241 528 1393
545 1225 680 1352
1323 1213 1536 1430
1110 1135 1245 1217
1172 1126 1331 1299
508 1118 635 1270
590 1085 905 1282
651 1081 745 1172
1270 1073 1536 1352
659 1061 774 1159
745 1057 942 1151
1204 1036 1286 1147
700 1028 1286 1544
729 1020 831 1114
991 1016 1106 1098
594 999 692 1159
618 991 762 1077
778 983 942 1094
795 954 922 1049
549 950 631 1065
622 942 778 1044
721 938 815 1065
405 938 594 1139
504 934 626 1057
0 930 176 1483
803 872 885 975
163 844 278 991
602 823 819 958
45 823 590 1467
758 811 876 913
532 786 741 876
303 766 610 1004
864 749 967 938
69 741 225 876
81 659 192 770
151 635 266 766
1180 594 1319 725
786 577 881 799
1159 495 1290 737
1409 458 1536 618
1303 438 1413 545
1266 430 1520 741
168 430 377 708
1294 413 1381 495
901 401 991 602
1352 352 1520 479
926 352 1044 471
766 340 930 549
479 340 581 450
315 340 401 450
1024 319 1131 458
0 311 94 1139
1229 303 1311 385
782 286 901 401
1114 270 1229 372
315 262 487 405
909 245 1090 397
807 237 901 356
1159 225 1262 364
762 225 881 315
1073 213 1270 360
49 208 331 786
688 200 786 446
881 192 975 364
69 176 233 368
1454 155 1536 495
950 147 1036 286
942 118 1536 1163
635 114 721 237
331 114 438 237
458 98 598 237
1032 81 1393 356
352 61 475 176
307 28 442 110
1299 0 1536 217
1004 0 1348 266
774 0 1065 213
688 0 950 295
463 0 721 426
450 0 602 122
401 0 491 90
204 0 434 303
176 0 290 102
61 0 221 213
0 0 94 307
0 0 1536 1430
762 225 971 417
770 786 950 1094
754 0 1536 1430
0 0 1044 1196
1028 213 1270 360
0 1249 1536 2049
1110 1077 1245 1217
0 1725 159 1819
782 286 971 417
549 950 631 1155
1204 1036 1315 1167
307 8 499 237
0 0 352 1139
0 1405 1159 2049
971 1249 1536 2049
307 8 446 110
53 0 1044 1196
1237 352 1536 926
1237 352 1536 618
0 0 331 1139
53 0 942 1196
405 811 942 1196
405 811 942 1172
635 0 1044 602
0 766 1286 1790
754 577 1536 1430
405 811 942 1159
1237 352 1520 545
1237 352 1520 495
1417 581 1536 926
336 1028 1286 1790
1159 225 1311 385
0 1462 1159 2049
659 872 942 1159
53 0 930 1090
61 0 774 876
69 340 401 876
69 430 377 876
69 635 266 876
69 659 225 876
754 577 967 938
0 766 680 1704
61 0 774 516
659 938 942 1159
729 938 942 1114
1294 352 1520 495
774 0 1536 1163
61 0 721 450
1143 430 1520 741
1143 438 1290 737
1057 1249 1536 2049
532 1671 864 1860
405 811 876 1159
405 811 876 1139
901 352 1044 602
1180 430 1520 741
331 114 499 237
786 577 967 938
782 1536 885 1676
635 0 950 549
774 0 1536 458
831 581 1536 1430
504 811 876 1057
659 1057 942 1159
688 0 950 549
688 0 950 446
745 299 930 549
602 811 876 983
45 766 680 1467
61 0 721 426
450 0 602 237
602 811 876 958
377 1462 876 1811
774 0 1536 397
909 0 1536 397
618 942 778 1077
1376 1409 1516 1639
0 0 331 786
0 0 233 368
61 0 487 405
1172 1073 1536 1430
45 766 610 1467
336 1299 1200 1790
1172 1126 1536 1430
508 1118 680 1352
1114 1249 1536 2049
61 0 434 303
909 81 1393 397
590 1028 1286 1544
590 1085 999 1520
696 1319 1200 1790
590 0 762 282
590 0 733 282
782 32 930 204
561 1073 1073 1327
1233 139 1536 405
1352 200 1536 405
1352 200 1483 405
598 1073 1073 1299
598 1073 1073 1286
417 963 610 1217
1434 0 1536 180
557 688 917 893
323 389 463 598
1081 745 1213 1077
77 655 352 807
807 1614 950 1725
983 557 1286 823
983 557 1286 770
1385 254 1536 594
1073 225 1376 491
1094 225 1376 491
1094 225 1278 491
1094 225 1278 471
163 643 475 979
557 704 917 893
557 704 885 893
557 717 827 893
1385 307 1536 594
598 1131 905 1286
0 499 1536 2049
0 0 1536 1024
81 1897 331 2049
135 1897 331 2049
286 1856 561 2049
377 1864 561 2049
913 762 1143 1118
913 762 1102 1081
1299 680 1434 774
1286 1348 1536 1991
1340 290 1512 495
1364 545 1536 786
1085 1139 1434 1385
1413 545 1536 778
499 340 721 577
98 1422 495 1651
631 1483 844 1708
1278 147 1401 274
1327 1606 1458 1819
442 540 799 819
618 540 799 762
0 499 151 1114
0 499 151 1004
0 602 1536 2049
98 1422 495 1602
512 1389 803 1651
795 446 1114 680
512 1446 749 1651
442 635 663 819
0 1651 196 1794
245 1270 598 1487
323 1274 598 1487
0 0 1536 827
483 483 663 643
122 1536 336 1680
0 499 151 979
1106 1163 1434 1385
913 778 1102 1081
803 1241 1085 1569
0 1114 299 1549
0 1114 225 1549
0 0 1475 827
975 299 1475 827
0 0 1454 803
901 0 1454 331
901 0 1454 319
483 1274 598 1487
803 1245 1085 1569
323 1286 528 1462
0 1114 127 1487
368 1544 807 1823
495 1614 807 1823
495 1614 790 1778
545 1614 790 1778
0 0 1106 803
352 0 602 233
1008 0 1454 303
1028 1442 1233 1758
1028 1442 1233 1745
1122 1442 1233 1626
975 1880 1229 2028
1012 1880 1229 1987
217 118 401 401
217 118 372 254
1090 745 1213 926
352 713 659 1008
434 713 659 872
319 422 553 717
319 458 528 717
319 516 508 717
876 147 1036 401
901 0 1184 319
1188 1327 1356 1585
1188 1327 1356 1438
245 1270 377 1442
319 553 475 717
1217 1876 1536 2049
823 602 1106 889
823 610 1106 889
0 749 1536 2049
1196 1397 1471 1762
1204 1397 1471 1708
1290 1348 1536 1934
1376 1450 1536 1934
0 0 1106 729
696 0 975 327
696 0 835 323
0 499 90 893
1176 340 1475 827
1176 413 1475 827
1176 413 1475 721
1114 749 1536 1098
1286 749 1536 1061
1344 749 1536 1061
0 811 1536 2049
573 819 946 1221
586 819 946 1167
122 1536 303 1618
450 0 602 118
1352 795 1536 1061
1352 795 1536 1004
1241 20 1536 249
155 0 1106 729
155 491 356 708
0 0 446 688
0 1114 98 1458
1241 20 1520 249
290 0 446 110
352 754 606 1008
688 1827 1340 2049
688 1827 1249 2049
688 1827 1176 2049
1245 1397 1471 1680
0 1508 889 2049
0 1708 889 2049
0 1753 889 2049
139 1753 889 2049
381 1770 889 2049
467 1864 889 2049
467 1913 799 2049
0 811 1536 1962
221 963 454 1262
0 0 377 688
1180 1622 1426 1930
