0 0 1536 2049
926 1049 1163 1217
926 1049 1163 1204
913 1315 1155 1483
672 987 1196 1233
77 1946 241 2049
557 1950 700 2049
1081 1282 1237 1475
1081 1331 1200 1475
0 0 434 745
0 807 295 913
0 811 295 913
647 323 868 602
766 434 868 602
299 1946 499 2049
0 1213 81 1462
631 708 1315 1053
778 708 1315 1053
778 708 1315 979
778 708 1208 979
672 1008 1090 1233
868 1016 1090 1098
0 303 98 401
299 1950 405 2049
778 708 1172 913
999 708 1172 913
1024 708 1172 860
106 0 1536 708
0 381 1536 2049
1069 598 1249 708
672 1008 1036 1233
385 1028 680 1413
516 1233 672 1413
840 1237 1044 1385
385 1028 680 1307
385 1036 680 1307
385 200 512 307
545 905 790 1028
631 905 790 1028
536 188 893 610
1405 799 1536 901
889 208 1147 426
0 901 139 1024
778 827 1028 913
106 463 434 745
106 0 975 430
639 0 975 204
762 0 1536 708
770 0 1536 663
0 1180 159 1467
180 315 282 405
651 430 758 516
504 69 631 188
282 897 475 1028
286 897 475 1012
942 1835 1426 2049
1151 217 1274 323
0 381 1028 909
0 381 184 663
0 422 1028 909
221 1852 331 2040
778 827 1028 909
1389 225 1536 331
643 73 766 192
1299 90 1438 208
0 442 1536 2049
0 856 1536 2049
872 442 1536 1852
1413 549 1536 692
147 192 262 303
364 65 495 184
0 1364 991 2049
835 1008 1036 1184
835 1008 946 1135
0 1053 348 1364
0 1053 249 1327
0 1053 249 1294
385 200 508 295
651 327 762 417
770 196 1536 663
770 196 1376 524
0 1409 991 2049
901 0 1323 319
90 1237 590 1671
90 1237 553 1671
90 1376 553 1671
90 1376 446 1671
0 1053 196 1294
106 463 434 622
881 266 1376 524
881 266 1262 520
881 266 1258 520
385 1044 680 1307
520 204 635 311
0 1098 196 1294
73 1098 196 1294
24 413 131 495
1167 1631 1475 1852
872 442 1536 1647
1126 340 1245 426
106 0 745 430
106 0 639 430
1167 1659 1475 1852
1192 1442 1536 1647
409 1036 643 1245
1262 221 1405 331
196 1930 348 2049
532 327 639 413
872 442 1536 1508
872 442 1278 622
417 1426 553 1647
946 524 1536 1508
946 692 1122 860
1049 524 1536 1508
221 1200 348 1364
90 1376 401 1671
0 508 184 663
0 532 184 663
0 1856 172 2049
909 77 1040 196
1192 1446 1536 1647
774 208 889 315
286 897 475 987
872 442 1208 622
1012 442 1208 622
1012 483 1192 622
778 73 901 196
90 1516 208 1671
258 196 385 303
909 81 1040 196
1040 0 1479 208
0 856 1085 1487
98 1516 208 1635
0 1118 90 1213
889 208 1131 426
1249 917 1536 1508
98 1376 401 1602
0 422 1028 856
1245 1196 1442 1315
0 1409 938 2049
127 1409 938 2049
290 1409 938 2049
1430 94 1536 213
1049 524 1536 1245
1049 524 1536 901
1290 766 1430 901
1020 217 1147 323
1049 524 1536 868
770 327 881 417
942 1835 1323 2049
1167 1659 1434 1852
106 0 528 430
1040 86 1307 208
1040 86 1274 204
672 1077 901 1233
1278 241 1536 663
0 1163 1536 2049
811 1290 1536 2049
290 1733 577 2012
303 1733 577 2012
639 1864 790 2020
413 1409 938 2049
413 1434 938 2049
1057 524 1536 868
1167 1659 1409 1852
1249 934 1536 1508
1249 934 1536 1376
1249 934 1536 1290
1278 442 1536 663
1299 1885 1426 2049
1249 991 1536 1290
1311 1020 1536 1290
0 1163 1278 1876
32 1708 135 1876
1319 1020 1536 1290
1319 1049 1536 1290
1319 1049 1536 1266
1188 0 1479 90
1040 86 1176 204
1368 1049 1536 1229
942 1905 1323 2049
811 1307 1536 2049
1110 823 1536 1245
1225 823 1536 1028
942 1905 1249 2049
758 1725 991 2049
758 1782 991 2049
0 426 1028 856
1057 622 1536 868
1057 647 1536 868
1147 647 1536 864
946 737 1122 860
573 684 934 852
0 1790 188 1975
0 1163 1278 1807
1299 1528 1536 1647
733 856 1085 1090
0 1434 139 1737
0 1434 139 1663
1147 647 1508 864
1180 713 1508 864
1110 909 1307 1245
1110 967 1307 1245
1110 1835 1299 1967
0 889 811 1487
0 889 811 1245
1409 1807 1536 2049
1172 524 1409 708
127 1733 336 1885
413 1487 938 2049
413 1487 938 2012
430 426 1028 856
0 680 692 856
208 680 692 856
413 1487 938 1889
508 1487 938 1889
508 1487 897 1889
508 1540 799 1889
94 1790 188 1975
508 1540 762 1889
741 1639 938 1827
0 889 811 1237
377 901 811 1143
823 856 1085 1032
1147 1307 1430 1598
0 0 426 553
569 1163 1278 1450
569 1163 1208 1450
594 1163 1208 1450
594 1270 770 1450
458 524 1028 856
811 1458 1536 2049
377 901 598 1036
840 1458 1536 2049
840 1631 1536 2049
840 1704 1241 2049
98 1397 401 1602
168 1208 504 1487
168 1208 385 1487
725 1163 1208 1450
0 889 454 1237
0 1303 823 1807
463 1303 823 1745
463 1303 717 1745
1204 1631 1536 1942
0 1491 532 1807
0 1618 233 1807
0 1643 176 1807
553 930 811 1143
897 1704 1241 1954
553 930 733 1143
1204 1766 1487 1942
1167 1671 1409 1852
852 1458 1233 1819
725 1184 1208 1450
110 958 454 1237
192 991 454 1237
864 1471 1233 1819
229 61 356 180
0 1434 139 1643
508 1303 717 1540
508 1696 717 1889
799 1184 1208 1364
163 1491 532 1790
217 1491 532 1790
299 1491 532 1782
864 1483 1233 1819
934 1508 1233 1819
1249 1954 1360 2049
389 1946 499 2049
114 1946 241 2049
639 1938 758 2020
266 1930 348 2049
1122 1913 1258 2012
1065 1909 1155 1995
221 1909 331 2040
975 1905 1081 1991
442 1901 618 2049
1389 1893 1479 1991
1299 1885 1381 1987
397 1876 520 1962
1348 1864 1446 2049
795 1864 901 2049
663 1864 790 2008
327 1860 446 2012
0 1856 151 2049
176 1848 258 1958
1110 1835 1249 1950
840 1823 1061 2049
602 1815 749 2012
1409 1811 1536 2049
1204 1807 1364 1942
499 1807 635 1926
0 1799 131 1954
553 1794 696 1889
758 1782 991 1930
708 1774 864 1942
1323 1766 1487 1934
897 1762 1065 1860
127 1753 274 1885
32 1749 127 1876
1167 1741 1315 1852
1208 1733 1303 1819
717 1733 799 1815
303 1733 577 1934
254 1733 336 1876
827 1729 938 1823
413 1729 639 1848
1012 1704 1241 1954
508 1696 717 1827
0 1684 90 1807
188 1680 270 1786
1303 1671 1409 1811
438 1663 540 1786
1167 1659 1303 1770
811 1643 983 1774
713 1643 799 1753
40 1643 176 1725
741 1639 913 1827
1434 1631 1536 1815
94 1618 233 1766
586 1598 684 1712
217 1585 356 1790
348 1577 532 1782
0 1577 110 1663
934 1553 1167 1819
651 1540 762 1786
835 1536 946 1643
1303 1528 1536 1647
163 1528 290 1626
1085 1508 1233 1721
1450 1503 1536 1606
438 1491 553 1647
299 1491 442 1753
733 1487 897 1647
864 1483 1061 1688
0 1483 139 1643
1319 1475 1536 1618
1024 1471 1192 1581
606 1471 708 1569
852 1458 991 1577
1192 1446 1356 1639
204 1446 401 1602
463 1442 618 1745
0 1434 110 1540
655 1422 823 1532
98 1397 241 1581
504 1385 590 1503
774 1381 864 1462
557 1376 717 1540
221 1376 377 1483
1180 1368 1286 1536
844 1364 938 1446
73 1360 159 1467
0 1360 81 1462
356 1356 487 1467
1381 1348 1536 1508
1249 1348 1430 1598
651 1344 770 1450
1081 1331 1167 1426
368 1327 467 1417
913 1319 1155 1483
1147 1307 1294 1434
508 1303 602 1417
168 1303 262 1487
1204 1290 1393 1376
725 1286 934 1450
1143 1282 1237 1364
594 1270 745 1401
840 1262 1016 1385
81 1241 188 1376
450 1237 545 1458
1303 1229 1442 1315
729 1217 831 1319
336 1213 504 1376
1417 1208 1536 1376
196 1208 385 1409
221 1200 348 1331
569 1196 778 1368
1450 1188 1536 1290
1143 1188 1278 1303
799 1188 1057 1311
983 1184 1208 1364
0 1180 94 1393
758 1163 922 1278
344 1163 446 1245
1258 1114 1389 1258
618 1114 770 1249
868 1102 1036 1184
672 1090 803 1233
385 1081 647 1307
749 1077 901 1200
1233 1073 1344 1155
1110 1061 1307 1245
0 1053 81 1151
1397 1049 1536 1208
926 1049 1143 1204
586 1044 680 1176
512 1036 643 1245
409 1036 536 1135
192 1028 364 1237
704 1020 844 1131
1249 991 1348 1098
323 991 454 1188
1077 987 1196 1094
1409 979 1503 1061
696 979 811 1094
1159 967 1258 1098
110 958 274 1114
553 954 667 1081
417 954 561 1085
0 950 151 1147
1253 946 1360 1028
1327 942 1446 1073
303 938 389 1028
24 938 131 1024
1438 934 1536 1036
1061 934 1159 1053
622 930 733 1143
647 926 790 1028
495 922 590 1036
823 913 938 1032
340 913 450 1012
1143 909 1278 1008
733 905 885 1090
377 905 475 987
0 901 139 999
200 893 331 1028
0 889 225 971
885 856 1085 1016
1225 823 1536 967
336 823 835 909
1163 819 1315 917
245 815 479 897
180 811 295 913
1442 799 1536 901
1319 790 1430 901
208 774 471 856
1180 762 1319 864
1057 762 1213 868
946 762 1057 860
663 758 934 852
0 741 241 835
1008 737 1122 819
1266 713 1508 795
1024 708 1172 835
717 688 1028 856
573 684 749 823
360 680 692 852
1372 659 1536 754
1147 647 1274 770
192 639 458 811
0 639 196 807
1061 635 1172 717
1245 618 1372 708
1155 598 1249 708
114 594 274 745
1278 557 1512 663
1413 549 1536 667
1077 532 1192 618
0 532 159 631
762 528 1077 708
1172 524 1409 680
458 524 860 692
872 516 1085 606
168 512 434 614
1012 483 1188 622
106 463 213 622
1307 442 1536 577
1098 438 1274 561
872 434 983 528
766 434 868 528
540 430 643 512
430 426 647 618
430 426 528 508
258 422 549 688
307 422 417 508
770 417 885 532
213 417 303 499
24 413 114 495
0 381 106 557
881 352 1085 520
1352 344 1483 430
1229 340 1376 524
1139 340 1245 426
1241 336 1364 426
889 331 1004 422
778 331 881 417
770 327 872 417
430 327 520 409
1110 323 1262 475
647 323 868 516
536 323 770 610
409 323 516 413
286 319 401 409
0 315 98 401
999 266 1258 508
1340 241 1536 508
0 241 426 553
1430 229 1536 331
1389 225 1536 327
1167 221 1274 323
774 221 881 315
168 213 262 303
897 208 1024 319
778 208 889 311
647 208 762 315
1032 200 1180 319
770 196 913 422
631 188 893 331
413 188 639 430
1262 172 1536 344
1040 122 1167 204
1348 114 1434 204
1442 94 1536 192
1172 90 1307 208
1155 86 1274 204
1040 86 1176 196
778 77 901 196
778 73 868 192
655 73 749 188
643 73 762 192
516 73 631 188
504 69 614 188
1159 65 1462 336
266 65 356 151
229 61 352 180
110 61 229 176
1405 0 1536 196
1188 0 1409 90
901 0 1323 217
774 0 975 204
639 0 786 192
495 0 745 204
229 0 528 430
106 0 389 315
0 0 405 504
913 1315 1155 1524
913 1319 1155 1524
926 1049 1151 1217
0 0 1536 807
0 434 1536 2049
0 807 94 889
713 434 1536 2049
1368 1208 1536 1413
147 1102 254 1204
0 639 1196 2049
0 639 1196 1569
0 1036 967 2049
1348 1864 1479 2049
868 934 1196 1098
868 946 1090 1098
266 1930 405 2049
0 639 1172 1569
1061 934 1196 1094
0 639 1085 1569
282 938 389 1028
954 692 1172 913
696 979 848 1143
1208 1044 1389 1155
1208 1044 1344 1155
458 0 1536 692
458 0 893 692
770 0 1536 561
0 0 647 807
1417 1208 1536 1413
868 995 1090 1098
0 1036 897 2049
0 1577 208 1737
954 692 1172 860
954 692 1172 835
696 979 844 1131
717 434 1536 1364
1364 979 1536 1110
1364 979 1503 1110
1098 323 1274 561
713 1135 1536 2049
0 639 934 987
0 639 934 950
0 0 647 745
1049 819 1315 979
770 0 1536 532
827 1725 983 1823
1020 0 1479 323
1032 0 1479 323
1032 0 1479 319
770 0 1536 524
1229 172 1536 524
840 1262 1016 1462
840 1262 1016 1446
1069 598 1266 708
1364 1020 1462 1110
774 1381 967 1512
1229 1135 1442 1315
631 860 807 950
389 1807 635 2049
0 639 934 909
770 0 1462 520
835 1008 1036 1221
463 1913 557 2024
0 0 639 745
713 1184 1536 2049
1217 1475 1536 1794
1217 1475 1536 1737
1299 1475 1536 1639
1217 1631 1499 1737
1213 442 1331 606
1221 442 1331 606
0 1680 336 2049
942 1905 1360 2049
942 1913 1360 2049
639 1938 795 2049
0 0 549 745
90 1581 208 1671
0 762 1085 1569
0 811 446 1405
586 1549 692 1712
655 73 766 188
1385 1688 1475 1794
385 188 639 430
717 434 1172 856
717 434 1077 856
717 528 1077 856
188 1680 336 2049
188 1680 336 2040
221 1733 336 2040
1229 1196 1442 1315
0 811 348 1405
0 811 340 1405
0 1036 897 2012
926 995 1085 1077
81 1241 200 1405
106 0 549 688
442 1807 635 2049
442 1901 622 2049
942 1913 1323 2049
872 442 1536 1364
1049 442 1536 1364
458 323 860 692
0 811 340 1294
725 1184 1536 2049
356 1036 647 1598
356 1081 647 1598
356 1237 545 1598
409 1237 545 1598
409 1426 491 1598
770 0 1462 508
770 0 1323 426
0 1577 110 1737
1319 790 1467 901
192 762 1085 1569
713 1536 946 1753
778 1536 946 1663
1110 1807 1426 2049
356 1356 487 1503
999 65 1462 508
1368 1208 1491 1364
1163 1659 1335 1782
1368 1253 1475 1364
0 1856 241 2049
0 639 835 909
438 1655 549 1786
0 811 331 1294
1155 0 1479 208
1155 0 1479 204
0 241 434 745
1372 1631 1499 1737
508 1114 922 1569
1049 442 1536 1303
1110 766 1536 1303
508 1114 922 1540
1049 442 1536 868
1110 799 1536 1303
0 1208 897 2012
569 1114 922 1450
770 0 1131 426
1110 1807 1381 2012
1110 1807 1364 2012
1110 1835 1299 2012
569 1114 922 1401
1258 1049 1536 1290
770 196 1131 426
1110 909 1360 1303
1110 1061 1307 1303
1225 799 1536 1036
1167 1659 1335 1770
192 762 1085 1237
192 901 733 1237
192 901 708 1237
192 913 561 1237
323 913 561 1188
0 893 331 1294
303 1422 897 2012
303 1729 639 2012
0 1208 532 1975
0 1753 274 1975
94 1753 274 1975
110 1753 274 1975
647 762 1085 1090
647 905 885 1090
0 1208 532 1807
0 1303 139 1643
0 1303 81 1462
872 483 1192 622
1057 618 1536 868
0 639 749 852
127 1753 274 1958
1229 241 1536 524
778 762 1085 1032
377 901 708 1081
377 901 708 1036
1249 942 1446 1098
1143 909 1360 1098
1143 909 1360 1028
741 1458 1536 2049
1167 1528 1536 2049
463 1422 897 2012
655 1422 897 1647
1057 647 1352 868
1057 647 1319 868
495 0 893 331
569 1163 922 1401
208 774 835 909
725 1184 1536 1639
741 1458 1241 2049
0 241 426 745
1110 1835 1258 2012
1024 1348 1536 1639
1225 823 1536 1036
741 1483 1241 2049
569 1163 922 1368
569 1196 831 1368
1368 1049 1536 1290
758 1704 1241 2049
0 639 692 852
98 1208 532 1790
98 1258 262 1626
463 1442 864 2012
778 762 1085 1016
725 1184 1393 1450
1147 1290 1393 1434
1266 659 1536 795
1180 1348 1536 1639
463 1442 864 1942
778 762 1057 909
938 762 1057 893
98 1258 262 1581
147 1258 262 1487
163 1208 532 1790
163 1446 532 1790
163 1446 442 1790
1303 1528 1536 2049
0 893 331 1151
741 1483 1233 1827
196 1208 504 1483
196 1208 504 1409
323 954 561 1188
192 639 692 852
0 950 274 1151
1192 1348 1536 1639
1303 1631 1536 2049
1303 1671 1487 1934
0 950 274 1147
1249 1348 1536 1598
795 1704 1241 2049
1057 762 1319 868
1409 1631 1536 2049
106 463 274 745
163 1446 401 1790
811 1483 1233 1819
725 1188 1057 1450
508 1696 864 1942
204 1446 401 1790
864 1483 1167 1819
0 163 110 377
0 381 131 557
917 1315 1147 1483
516 1282 672 1413
663 815 938 909
0 1852 98 2003
614 971 1196 1266
676 971 1196 1229
704 971 1196 1217
704 987 1196 1217
704 987 1196 1184
704 995 1081 1184
336 1024 680 1344
327 1860 553 2024
0 0 1536 917
991 434 1098 516
1163 795 1319 926
0 438 1536 2049
0 889 127 1024
213 315 540 618
213 315 528 618
413 422 528 618
0 303 98 409
385 1024 680 1282
430 426 528 512
229 61 364 184
868 434 1073 676
213 315 520 508
225 315 520 508
225 315 520 504
225 323 520 504
0 811 1536 2049
401 0 1536 708
401 0 766 495
946 438 1536 1659
0 1139 86 1393
0 1180 86 1393
1151 217 1278 323
860 614 963 749
774 204 893 315
1348 1864 1442 2049
1020 213 1147 323
1020 213 1143 323
1262 221 1405 327
1274 221 1405 323
917 1319 1147 1483
897 208 1020 319
651 0 1536 708
651 196 1085 602
651 196 901 602
0 1721 327 2049
0 1758 327 2049
0 1811 327 2049
0 889 1536 2049
561 1344 938 1512
758 1368 938 1512
868 434 1073 672
868 434 1069 614
417 1458 848 2049
774 73 905 196
1012 1811 1102 1942
81 1372 241 1626
0 508 208 737
0 508 184 737
946 438 1536 1508
704 995 1016 1184
458 1458 848 2049
499 1385 581 1520
0 1852 327 2049
0 1913 266 2049
0 1962 229 2049
77 1962 229 2049
1356 344 1487 430
98 831 512 1024
98 831 450 1024
81 1409 241 1626
635 0 1040 331
495 1458 848 2049
889 319 1118 426
704 995 979 1176
835 995 979 1135
946 446 1536 1508
0 0 1028 917
499 1458 848 2049
868 516 1069 614
508 1458 848 2049
508 1458 815 2049
508 1536 815 2049
561 1344 770 1462
0 426 1028 917
372 1340 483 1528
0 508 159 659
401 0 766 430
704 1020 909 1176
364 69 499 188
1266 909 1536 1508
946 524 1536 1135
942 1905 1327 2049
0 0 499 774
516 1778 815 2049
532 1778 815 2049
401 0 639 430
553 930 667 1040
893 0 1536 622
893 0 1536 561
999 0 1536 561
954 524 1536 1135
643 983 827 1217
532 1778 815 2040
0 0 442 774
0 426 1028 913
823 1614 995 1856
889 319 1094 422
282 815 807 917
336 815 807 917
0 426 1004 885
663 680 1004 852
852 745 1028 913
532 1778 799 2012
954 524 1405 819
954 524 1405 754
1049 524 1405 749
1053 524 1405 717
1044 762 1536 1135
1135 762 1290 860
0 1229 1536 2049
262 1794 499 2049
1044 766 1536 1135
942 1909 1323 2049
1229 0 1536 536
368 1073 1307 1647
368 1233 602 1647
114 0 499 413
1266 909 1536 1372
0 426 852 885
1077 524 1405 618
1077 532 1340 618
1155 766 1536 1135
1278 766 1536 889
0 704 483 885
0 889 971 1803
614 905 971 1102
647 905 971 1028
1266 909 1536 1258
0 889 704 1803
151 1229 1536 2049
1368 598 1536 758
1307 909 1536 1237
0 889 704 1405
20 889 704 1405
569 1073 1307 1426
1393 1770 1536 2049
20 889 704 1364
430 426 852 848
430 426 852 762
0 1356 176 1803
1155 844 1536 1135
1376 909 1536 1237
569 1110 1057 1426
995 1073 1307 1356
680 1631 1536 2049
680 1651 1389 2049
0 1438 176 1803
680 1651 1213 2049
680 1651 1061 2049
151 1229 938 1946
20 889 704 1225
20 889 454 1225
569 1110 1004 1426
422 1233 602 1647
1315 1631 1536 1938
151 1229 639 1946
655 1967 762 2049
708 1954 799 2049
516 1946 618 2049
463 1921 553 2024
299 1917 499 2049
155 1913 266 2049
0 1913 98 2003
1057 1909 1155 1999
602 1909 696 2012
1225 1905 1327 1987
1348 1864 1442 2040
327 1860 520 2008
217 1852 327 2049
1012 1811 1102 1905
262 1794 385 2016
532 1778 799 1999
713 1774 1061 2049
1393 1770 1536 1991
127 1758 266 1889
975 1741 1389 1995
254 1725 336 1860
967 1704 1213 1835
1315 1671 1434 1938
0 1667 274 2016
680 1651 893 1827
1331 1631 1536 1807
143 1618 229 1725
823 1614 991 1856
0 1602 176 1803
586 1598 684 1708
303 1577 639 1946
508 1536 799 1827
1299 1491 1536 1659
1307 1471 1528 1618
0 1438 139 1663
422 1426 553 1647
81 1409 241 1581
491 1401 938 1745
917 1385 1147 1483
758 1372 868 1512
1352 1368 1434 1479
844 1368 938 1503
0 1356 90 1462
926 1344 1122 1458
561 1344 667 1426
381 1340 483 1434
967 1319 1139 1405
368 1307 458 1417
1409 1299 1536 1508
852 1290 1422 1799
692 1286 1004 1426
954 1245 1073 1331
352 1237 504 1368
434 1233 602 1458
