0 0 2448 3263
463 1964 1964 2454
496 1964 1964 2454
496 1964 1964 2389
313 1259 1455 1951
313 1279 1455 1951
313 1279 1455 1893
1240 2591 2017 2937
0 1984 261 2395
13 1984 261 2239
0 1801 221 2069
1148 208 2448 2428
1697 979 2448 2428
1703 979 2448 2428
2167 2493 2448 3263
2069 979 2448 2428
737 1664 946 1951
0 0 2448 1057
0 235 1135 1057
0 215 2448 3263
1749 1938 2128 2402
1749 1938 1997 2382
1958 1886 2448 2839
1958 2160 2448 2839
1958 2160 2448 2604
0 215 2421 3263
39 1233 306 1631
0 0 2448 613
0 0 2448 587
241 2441 2369 3263
169 326 796 718
1148 208 1729 2252
0 2036 254 2395
417 2448 718 2702
894 1312 1370 1462
900 1312 1370 1455
241 2441 1560 3263
2160 992 2448 2428
1651 456 2448 587
2199 1762 2389 1997
1292 2591 2017 2937
783 1612 1416 2206
783 1612 1410 2180
1403 208 1671 855
1148 757 1729 2252
1148 757 1723 1886
1991 2552 2258 2839
0 215 1690 2389
0 1436 998 2389
0 1436 639 2389
365 1618 998 2284
0 0 2448 470
2069 979 2415 1925
2180 1181 2330 1925
417 1703 809 1964
0 2036 2421 3263
607 3107 2369 3263
1233 3107 2369 3263
0 215 1690 1586
0 215 1690 1501
313 1312 874 1501
1742 2252 2095 2545
0 215 1690 1325
58 235 1135 926
2193 992 2448 1906
2212 1109 2448 1906
1834 287 2448 470
417 1703 665 1958
378 1344 861 1488
1416 1299 1729 2252
365 1618 992 2043
783 1697 1410 2180
1396 313 1605 868
1455 1318 1729 2252
1005 450 1214 691
110 1436 639 2389
385 2206 2421 3139
385 2278 1129 2630
0 2036 959 3263
0 2036 763 3263
32 2330 763 2976
32 2330 535 2976
848 215 1664 1070
0 2036 398 3263
1090 2206 2421 3139
1403 208 1645 685
261 2630 763 2950
261 2702 522 2950
0 744 1690 1325
0 2036 365 2813
1403 208 1612 685
1834 287 2448 463
0 0 2448 456
365 1618 855 2043
411 1638 855 1867
496 2630 763 2918
496 2689 763 2918
0 2036 235 2395
535 1690 835 1867
1090 2265 2421 3139
1175 2323 2421 3139
1175 2323 1742 2656
861 2363 1122 2630
861 2376 1122 2630
1181 2337 2421 3139
0 2330 228 2813
228 2376 535 2728
365 1618 842 2043
0 2683 398 3263
274 1318 417 2082
1312 2343 1742 2656
228 2376 456 2728
1338 3107 2369 3263
411 1638 855 1769
1201 2337 2421 3139
1201 2545 1403 2950
1214 2337 2421 3139
261 2767 476 2950
0 1181 306 1586
424 1984 998 2284
1664 2487 1925 2676
1468 2337 2421 3139
1553 2434 2095 2807
1736 2454 2095 2807
848 3035 2297 3237
1455 1579 1729 2252
2108 0 2448 326
1181 2369 1481 2604
1011 1893 1416 2206
1840 2454 2095 2807
1338 3107 2291 3263
1860 2519 2095 2807
998 1612 1351 1742
378 1344 691 1488
378 1351 594 1488
1638 3107 2291 3263
1906 3107 2291 3263
365 2983 959 3113
2088 3107 2291 3263
1455 3035 2297 3179
241 2931 430 3068
0 2807 398 3263
1214 2800 1880 3009
261 2767 470 2918
1468 2748 2350 3139
496 2696 685 2918
0 2683 182 2891
2167 2624 2448 3263
1925 2617 2095 2807
1736 2591 1991 2754
1292 2591 1938 2937
293 2578 515 2761
2102 2558 2258 2767
1991 2552 2193 2839
1201 2545 1403 2833
1860 2519 2010 2696
1664 2487 1873 2624
509 2487 744 2807
424 2487 672 2702
1318 2474 1481 2604
274 2474 411 2715
1442 2454 1742 2656
776 2448 985 2807
417 2448 718 2637
953 2428 1122 2630
228 2389 372 2728
385 2376 535 2598
261 2376 456 2578
1181 2369 1357 2532
1116 2363 1246 2545
1312 2343 1710 2526
2049 2337 2421 3015
32 2330 339 2976
0 2330 228 2611
385 2278 1129 2611
1742 2271 1991 2480
1090 2265 1305 2532
1932 2252 2095 2545
1958 2212 2128 2402
1507 2206 1945 2454
0 2206 235 2395
1775 2193 1964 2382
1958 2160 2448 2506
300 2160 639 2389
496 2108 1468 2291
110 2036 365 2408
424 2017 998 2284
1011 1997 1383 2206
607 1997 783 2141
13 1997 261 2239
1971 1991 2141 2245
659 1984 998 2167
1286 1964 1964 2389
1749 1938 1997 2239
1175 1893 1416 2199
1984 1886 2160 2167
783 1860 1410 2180
1599 1827 1729 2082
45 1801 221 2030
456 1775 665 1958
2160 1769 2448 2428
2258 1762 2389 1997
1736 1762 2147 2004
737 1756 946 1951
417 1703 548 1840
887 1697 1410 1925
365 1697 659 2043
541 1690 835 1860
280 1677 417 2082
783 1664 933 1827
0 1631 182 1964
1455 1579 1710 2252
0 1573 156 1723
110 1436 476 2265
117 1390 280 1631
2219 1377 2448 1906
502 1344 691 1481
652 1286 1286 1462
1703 1259 2193 1964
1775 1259 1977 1396
39 1233 306 1592
0 1220 300 1586
78 1181 306 1357
1148 1148 1716 1886
2212 1109 2448 1703
0 1005 528 1325
2193 992 2448 1325
2069 979 2415 1618
2088 966 2448 1096
1573 757 1723 1220
58 744 1690 1312
731 665 887 796
489 554 672 724
554 528 783 718
1005 496 1214 691
1592 476 2448 1390
1651 456 2141 587
0 398 130 874
169 359 783 718
848 332 1344 691
835 332 1037 613
274 332 613 496
1005 326 1357 620
463 326 796 574
1396 313 1534 652
124 261 554 678
124 221 483 613
0 221 189 404
1057 215 1664 1070
2108 45 2369 326
2199 0 2448 319
1312 0 2448 456
0 0 1416 326
39 1233 417 2082
835 326 1357 620
1592 339 2448 1194
0 1906 261 2239
274 326 796 718
2095 1886 2239 2330
0 0 2448 1488
0 208 2448 3263
1148 208 2448 2983
1331 2193 1964 2454
1697 1769 2448 2983
1991 2363 2193 2839
1697 1769 2448 2761
0 750 2448 3263
0 750 959 3263
241 1279 2448 3263
685 1664 933 1827
274 326 796 574
1697 1769 2448 2506
1697 1938 2448 2506
0 750 874 3263
1331 2206 1945 2454
1148 208 2448 2252
1592 476 2448 2004
2069 979 2448 1997
1697 1938 2141 2245
1148 208 1795 2252
0 1005 874 3263
463 1201 1370 1488
228 2846 430 3068
1749 1938 2141 2245
1592 339 2448 587
2095 985 2448 1997
110 2036 372 2728
2193 992 2448 1997
1090 2265 1880 3009
1090 2265 1716 2950
1090 2265 1403 2950
1116 2363 1403 2950
1201 2500 1403 2950
0 0 2448 1312
0 1005 848 3263
313 1279 1964 2604
241 2252 2448 3263
0 215 1690 1312
1148 208 1723 2252
2219 1560 2369 1932
0 2036 235 2813
1736 2591 2017 2852
417 1677 913 1964
417 1690 835 1964
1148 757 1723 2252
463 1201 1370 1468
1592 339 2193 587
1736 2591 1991 2774
241 2252 2350 3263
1664 2252 2095 2807
463 1246 1370 1468
652 1286 1370 1468
652 1286 1370 1462
1090 2800 1880 3009
313 1279 1468 2291
1592 339 2141 587
0 1631 221 2030
1664 2467 1873 2624
1148 1148 1723 2252
58 215 1690 1312
1148 1148 1716 2252
1005 215 1664 1070
0 2160 848 3263
0 2330 848 3263
261 2487 848 2918
0 2330 398 3263
293 2487 672 2761
1814 2252 2095 2807
0 1005 528 2265
0 1005 528 1723
0 1005 528 1586
1840 2252 2095 2807
261 2160 639 2715
261 2160 639 2578
1703 1259 2193 2004
1175 1964 1964 2604
1175 2323 1481 2604
411 2487 848 2918
496 2487 848 2918
496 2487 763 2918
58 235 1690 1312
2049 2337 2448 3263
241 2278 2350 3263
0 0 1416 404
274 2376 535 2715
313 1279 1455 1925
607 3107 2291 3263
424 1860 1468 2291
1240 2343 2350 3139
1240 2591 2350 3139
1312 2343 1867 2656
1233 3107 2291 3263
1769 3107 2291 3263
1808 3107 2291 3263
241 2278 1560 3263
1442 2434 1867 2656
496 1860 1468 2291
58 235 1344 926
998 1612 1233 1742
1240 2591 1938 2937
385 2278 1129 2807
124 261 783 718
0 411 130 861
1716 1259 2448 3263
2036 2193 2448 3263
1148 176 2448 887
1148 176 1795 887
1716 1259 2199 2239
1716 1259 2199 2004
848 2996 2323 3237
1083 2996 2323 3224
0 1795 274 2376
124 208 992 724
124 221 796 724
0 1814 274 2376
1599 470 2448 2428
1599 470 2448 1762
1729 2193 1964 2461
1984 972 2448 2428
2069 972 2448 2428
124 261 796 724
124 274 796 724
1599 1064 1749 1762
463 1860 1416 2193
1455 1834 1703 2252
0 1991 274 2376
1729 2193 1964 2448
848 332 1410 835
0 1964 2415 3263
267 1964 1964 2624
0 0 2448 2284
0 202 1736 2284
0 2036 2415 3263
300 1279 1455 2167
300 1279 1455 1997
300 1279 1455 1925
2069 972 2448 1906
2069 979 2415 1370
208 2754 450 3061
0 2036 2369 3263
0 235 1736 2284
365 1325 874 1488
365 1612 1005 2167
365 1612 855 2036
378 1612 855 1867
2147 1181 2330 2291
2147 1181 2330 1853
2199 1181 2330 1795
998 202 1729 1240
998 202 1671 861
1462 1259 1729 2180
417 1664 933 1964
0 235 1736 1782
430 1997 1005 2167
0 1991 235 2376
221 2265 2369 3263
221 2337 744 2918
352 2487 744 2918
731 2017 1005 2167
248 2265 2369 3263
248 2265 1991 3263
0 2036 391 2611
2271 2493 2448 3263
221 2337 672 2728
0 235 1690 1586
463 1664 933 1964
221 2337 535 2728
221 2337 515 2728
437 1964 1964 2395
985 3107 2369 3263
763 1664 933 1951
783 2265 1991 2983
1214 2643 1938 2983
463 1847 1096 1997
1286 3107 2369 3263
1514 3107 2369 3263
1638 3107 2369 3263
783 2265 1991 2728
783 2278 1991 2728
783 2317 1991 2728
1168 2317 1991 2689
1168 2317 1991 2663
1168 2317 1847 2663
535 1697 829 1867
1168 2317 1749 2663
221 2337 417 2728
1168 2317 1749 2656
463 1867 1077 1997
783 2428 1266 2728
1723 3107 2369 3263
1977 3107 2369 3263
1423 2996 2323 3205
365 2976 1005 3113
254 2754 450 2924
1292 2650 1938 2937
1214 2643 1697 2983
352 2630 607 2859
2271 2624 2448 3263
1201 2591 1390 2865
0 2545 430 3263
1867 2526 2095 2807
1031 2500 1266 2728
1364 2493 1723 2663
496 2487 744 2918
345 2487 672 2728
248 2480 1827 3263
1671 2467 1919 2643
783 2428 1077 2630
261 2428 417 2715
1540 2421 1847 2591
1064 2415 1194 2578
313 2415 515 2722
1109 2363 1246 2552
221 2337 372 2728
26 2337 293 2944
1331 2330 1749 2656
0 2330 235 2611
1168 2317 1377 2558
861 2278 1135 2519
1834 2271 2088 2552
1090 2265 1305 2434
1886 2219 2147 2558
1958 2199 2128 2402
2036 2193 2448 2545
1814 2193 1964 2382
1612 2141 2415 3100
267 2062 1122 2624
1011 2049 1416 2206
78 2036 391 2428
783 2017 1005 2167
437 2017 1566 2297
1455 2010 1658 2252
430 1997 783 2141
1286 1964 1964 2395
1984 1958 2421 2428
1638 1945 1971 2193
1749 1938 2095 2239
1984 1886 2147 2167
1566 1834 1703 2160
13 1814 241 2075
0 1795 221 2036
2186 1782 2448 2428
2258 1742 2389 1997
365 1742 776 2036
1742 1710 2173 2004
417 1710 613 1958
378 1612 855 1769
1462 1475 1729 2180
1501 1370 1664 1795
0 1364 515 2284
345 1344 554 1501
0 1338 306 1645
313 1286 1364 1501
1357 1272 1507 2252
1716 1259 2199 1964
2199 1181 2330 1645
104 1148 528 1364
672 1122 1736 1782
0 1011 319 1586
2232 972 2448 1906
1462 659 1671 1129
84 620 221 874
998 613 1410 835
554 541 783 718
1468 528 1729 1240
1612 470 2448 1403
0 411 130 842
848 332 1351 763
829 332 1037 665
424 293 796 580
124 274 783 724
731 241 907 378
52 235 1690 1312
998 202 1605 763
1148 176 1795 470
2115 0 2448 287
424 208 992 718
0 1795 274 2239
672 352 2448 2428
607 2996 2323 3263
0 613 221 1155
0 613 221 874
1749 1938 2448 2545
0 1814 2448 3263
208 2702 450 3061
672 352 2448 2252
0 0 2448 2624
1507 1945 1971 2454
1638 1945 1971 2448
0 202 1690 2624
1984 1357 2448 2428
1357 1272 1703 2252
1886 2199 2147 2558
424 208 992 580
672 352 2448 2180
1612 470 2448 2004
345 1325 874 1501
463 1697 829 1964
1090 2265 1305 2552
672 352 1736 2180
1018 2017 1155 2173
1462 352 1671 1129
2199 972 2448 1997
2199 1181 2330 1932
0 1148 1566 2624
0 1338 783 2284
0 1338 515 2284
104 1148 1566 2624
0 202 1690 1586
672 528 1736 2180
0 1814 848 3002
0 1814 241 2428
0 1814 241 2376
1984 1782 2448 2428
2232 972 2448 1997
0 1964 2448 3263
985 2493 2448 3263
104 1148 1364 1501
672 1122 1736 2180
2258 2493 2448 3263
26 2036 848 3002
783 1964 2415 3100
1540 2421 1919 2643
26 2337 848 3002
267 1279 1566 2624
0 202 1690 1312
26 2337 848 2944
0 2480 1827 3263
783 1964 1991 2774
365 1612 913 2036
1246 2141 2415 3100
1834 2271 2095 2807
783 2428 1991 2774
783 2428 1906 2728
1227 2493 1906 2689
254 2415 848 2924
26 2337 417 2944
0 274 783 842
254 2415 672 2924
254 2487 672 2924
345 2487 672 2859
300 1279 1455 1951
267 1860 1566 2624
861 2278 1194 2578
52 202 1690 1312
848 202 1605 835
437 1860 1566 2297
1364 2493 1906 2689
1168 1964 1964 2656
1246 2598 1938 2937
1736 1775 2428 3055
372 1664 946 2036
2245 1037 2448 1488
117 0 1716 345
1592 463 2199 1605
1736 1775 2160 2271
372 1756 776 2036
208 202 1468 718
208 202 1468 685
0 1240 1462 2271
0 1246 652 2271
104 1246 652 1716
463 2010 1455 2291
776 2010 1168 2186
953 2010 1168 2186
0 1906 881 2683
0 1906 326 2683
0 1906 261 2683
0 1906 261 2297
71 1925 261 2239
1729 861 1906 1122
2245 1181 2448 1488
0 372 137 848
1462 1867 1997 2337
1481 0 2448 528
2186 1808 2448 2506
0 0 2226 2258
1723 1044 2226 1925
1723 1044 2212 1925
274 2598 522 2885
1723 1488 2154 1925
2186 2154 2448 2506
0 0 1729 2258
0 215 1729 2258
1527 287 2448 528
1527 287 2310 528
208 202 1468 476
208 267 783 476
0 2069 215 2683
1736 1677 2154 1925
1462 1867 1977 2337
1481 0 2448 378
0 1475 476 2271
0 476 2448 3263
1710 476 2448 3263
2147 1109 2448 3263
2199 1109 2448 2043
1592 659 2141 1605
1664 1168 2141 1605
2147 1586 2448 3263
0 2128 2369 3263
208 267 613 411
280 2102 881 2415
280 2102 483 2415
1710 476 2448 1318
1886 1044 2212 1782
1886 1148 2212 1782
1886 1299 2199 1782
1795 476 2448 1201
567 1331 874 1475
0 274 1729 2258
430 1566 1423 2258
430 1566 1416 2226
1795 489 2448 1201
1736 1677 2108 1925
822 1566 1416 2180
946 1566 1410 1984
985 1566 1410 1984
1853 2154 2428 3055
1991 2154 2428 3002
1801 476 2448 659
1853 2780 2350 3055
1540 2611 1867 2820
430 1867 1005 2226
463 1867 1005 2226
463 1867 966 2134
1037 2004 1423 2258
0 274 1729 2186
1135 352 1729 2186
385 2278 1122 2513
385 2278 1122 2506
385 2304 966 2506
2154 1782 2448 3263
319 1279 1455 1893
411 1645 913 1893
0 0 1005 404
607 202 1468 430
0 280 339 1246
0 359 339 1246
0 626 339 1246
2258 2506 2448 3263
2258 2663 2448 3263
0 274 1664 1455
646 1057 874 1214
0 0 221 404
1827 489 2448 1201
1710 1024 2167 1318
1710 1024 2036 1259
1710 1024 2036 1214
319 1279 1455 1821
0 1390 274 1710
313 561 1188 861
463 561 1188 861
2010 489 2448 1201
1155 0 1429 182
1710 0 2448 378
2010 489 2448 972
574 2036 1005 2226
13 2128 2369 3263
319 1292 1403 1821
117 0 1403 345
398 456 659 711
0 2676 554 3263
13 2206 2369 3263
1129 2206 1788 2461
450 1664 946 1964
1201 2134 2271 3042
319 1292 1357 1821
2304 2663 2448 3237
2010 489 2421 972
0 319 1664 1455
685 561 1188 802
0 770 339 1246
13 2226 2369 3263
0 1475 385 2102
0 1599 176 2043
822 1599 1416 2180
900 2278 1272 2585
900 2337 1194 2585
1442 2944 1677 3133
1723 1488 2036 1736
842 332 1351 672
842 404 1201 672
1135 359 1729 2186
13 2330 2369 3263
750 202 1468 424
1135 476 1729 2186
1423 476 1729 1253
65 385 652 1135
65 385 496 1135
274 385 476 718
1116 2278 1272 2585
1135 1233 1729 2186
1135 1233 1729 2173
829 1566 1103 1697
319 1299 1357 1821
117 0 1005 228
463 1867 966 2030
802 1142 1579 1272
900 424 1201 672
411 0 1005 195
496 0 1005 195
0 2911 254 3263
0 1116 528 1455
0 1188 483 1455
0 1188 306 1455
1070 998 1286 1168
13 2330 665 2957
13 2330 652 2957
1201 2807 2121 3002
1853 2134 2271 3042
404 1344 613 1488
1958 2134 2271 3042
2043 2696 2239 3042
456 319 1664 1246
737 665 959 848
254 2337 2369 3263
933 2963 1207 3100
1429 1305 1671 2173
319 385 476 718
65 600 496 1135
65 600 450 1070
65 659 450 1070
463 2115 1455 2291
2036 489 2421 972
2108 489 2408 868
2108 489 2402 770
1638 2226 1991 2663
1592 659 1834 1331
1396 359 1618 881
456 319 1658 1246
456 685 1423 1246
456 685 1201 1246
456 757 1201 1246
456 757 1070 1246
319 1357 946 1821
1246 319 1658 1168
1246 319 1592 1168
456 757 1024 1246
574 2062 1005 2226
1455 1305 1671 2173
1455 1671 1671 2173
456 770 783 1246
2036 815 2421 972
1396 359 1612 763
1233 2513 2010 2937
0 2676 554 3146
926 424 1201 672
691 757 1024 1214
117 0 1253 345
287 0 1253 326
287 117 900 326
1455 1305 1651 1769
1638 659 1834 1194
274 2337 2369 3263
496 3028 2369 3263
274 2337 1697 3153
1031 2931 1534 3153
1135 1233 1729 2115
1148 698 1423 1181
613 0 1005 195
274 2337 1697 3055
287 150 685 326
613 0 881 195
2206 52 2448 300
0 2676 195 2970
613 0 842 195
1286 2513 2010 2937
1286 2643 1958 2937
1286 2643 1736 2937
274 2337 1677 3055
998 3100 2369 3263
1246 437 1592 1168
691 757 1024 1122
1318 0 1716 274
117 0 443 228
143 659 450 985
215 770 450 985
437 1703 835 1893
737 0 1253 287
1057 1553 1403 1729
998 3126 2206 3263
998 3126 2128 3263
1638 2356 1977 2663
274 2337 1677 3048
319 2337 1677 3015
319 2643 835 3015
13 2330 424 2957
13 2330 313 2957
1710 71 2448 378
1867 71 2448 378
1808 2513 2010 2702
783 2480 913 2807
496 3028 1540 3263
665 2337 1677 3002
665 2337 1677 2963
796 2337 1677 2963
254 3055 809 3263
1246 652 1592 1168
1964 124 2448 378
796 2337 1677 2715
1214 2337 1677 2624
1214 2337 1592 2598
796 2467 1233 2715
1214 2337 1573 2598
900 2663 1253 2963
953 3055 1540 3205
372 3133 718 3263
254 3107 430 3263
2082 3100 2369 3263
228 3094 372 3263
953 3068 1344 3198
1011 3055 1540 3205
352 3055 809 3244
0 3042 254 3263
496 3028 1253 3263
2258 3022 2448 3263
861 3009 1011 3172
2304 3002 2448 3237
1331 2976 2297 3159
933 2963 1070 3100
1155 2957 1534 3153
1853 2924 2291 3055
0 2911 156 3061
274 2904 554 3048
750 2872 933 3002
900 2846 1051 2983
280 2846 456 2989
1436 2826 2121 3002
1201 2807 1501 2963
319 2787 548 2950
2193 2780 2350 3048
274 2780 829 3055
0 2780 195 2970
52 2767 554 3146
2043 2722 2239 3042
1540 2715 1736 2911
1853 2702 2102 2872
665 2696 861 2918
1684 2676 1958 2878
0 2676 169 2852
848 2669 979 2878
979 2663 1253 2878
900 2663 1233 2963
1299 2656 1540 2833
1286 2643 1631 2937
456 2643 835 3015
972 2637 1188 2767
1658 2630 1867 2820
1540 2611 1697 2767
274 2598 470 2885
1932 2591 2088 2767
1194 2578 1344 2833
1233 2526 1618 2696
2180 2513 2421 3002
515 2506 750 2780
1723 2480 1977 2663
509 2480 750 2689
300 2480 665 2735
796 2474 979 2617
855 2467 1233 2715
404 2454 652 2611
13 2421 274 2957
900 2395 1142 2585
261 2389 424 2722
385 2376 528 2513
1214 2363 1357 2598
1638 2356 1958 2656
1331 2337 1573 2526
0 2337 156 2683
1142 2330 1272 2585
718 2330 966 2506
117 2330 313 2780
385 2304 750 2493
835 2278 1122 2415
1645 2265 1893 2448
1129 2258 1540 2415
1788 2226 1991 2454
1951 2206 2128 2591
1468 2206 1788 2461
319 2193 483 2389
463 2160 1129 2291
2186 2154 2448 2291
1991 2154 2428 2624
1958 2134 2271 2735
1645 2128 1847 2258
1037 2121 1423 2258
874 2115 1455 2271
1462 2082 1684 2337
0 2069 215 2395
110 2030 326 2408
71 2030 235 2239
1175 2004 1390 2199
430 2004 750 2219
626 1991 783 2134
1716 1958 1997 2258
287 1899 476 2271
417 1893 776 2036
2226 1873 2448 2115
1631 1867 1977 2121
822 1867 1299 2180
463 1867 913 2030
1736 1853 2154 2271
2186 1808 2448 2212
45 1801 221 2069
450 1788 711 1964
2154 1782 2434 2506
1742 1775 2160 2265
946 1775 1168 1951
985 1762 1272 1984
404 1690 561 1827
45 1690 176 1853
1455 1671 1664 2173
691 1664 946 1951
940 1645 1299 1821
855 1631 1005 1814
1716 1612 1880 1945
2291 1599 2448 1938
1279 1599 1416 2141
1181 1566 1410 1932
894 1566 1103 1697
2199 1560 2350 2043
1246 1560 1403 1729
1057 1553 1292 1703
2258 1521 2448 1723
1723 1521 2036 1736
235 1488 365 1906
1560 1475 1729 2115
97 1475 385 2102
385 1462 946 1677
1886 1442 2180 1782
0 1390 274 1671
319 1357 691 1821
430 1344 613 1488
567 1338 861 1475
0 1331 306 1579
1703 1312 2141 1605
1455 1305 1651 1547
2010 1299 2199 1690
574 1299 1357 1475
