0 0 2448 3263
574 1344 933 1573
1390 0 1638 208
1410 293 1716 620
705 1860 926 2115
430 2591 1077 3263
2271 633 2448 1246
1044 0 1410 770
522 861 815 1214
0 2872 300 3074
430 2591 796 3263
0 1057 221 1220
1867 3094 2108 3263
1051 2715 1325 2976
1246 2323 1710 2813
1246 2493 1560 2813
1991 0 2337 600
2304 208 2448 633
319 887 496 1103
0 287 150 665
0 287 150 541
1742 802 2049 1103
887 1070 1579 1742
887 1070 1579 1723
2141 2193 2448 2454
1553 1011 2363 1351
1631 1011 2363 1351
1762 1011 2363 1325
1742 802 1951 1024
1742 802 1945 979
1906 2252 2448 2878
1906 2252 2350 2813
1631 1122 1795 1351
737 3022 1077 3263
470 2291 763 2539
1272 1762 1710 2219
1175 2702 1821 3263
1266 2702 1821 3263
2141 2193 2448 2415
2102 0 2337 600
887 1070 1514 1723
0 0 430 293
900 829 1253 1312
959 829 1253 1155
959 887 1207 1155
959 887 1207 1135
1769 1011 2363 1325
1769 1070 2232 1325
1769 1070 1958 1325
182 1834 378 1977
920 1873 1292 2212
920 1873 1233 2212
476 0 966 339
476 0 966 300
0 287 528 1175
0 287 528 1168
0 287 528 992
0 287 509 992
0 287 489 992
0 287 489 900
0 287 489 848
0 365 489 848
0 430 489 848
0 574 489 848
254 607 489 835
254 607 430 783
470 398 926 920
541 398 926 920
541 398 926 815
1899 2793 2448 3263
1899 2970 2323 3263
1932 1011 2363 1246
1958 2793 2448 3263
522 861 815 1201
691 1396 933 1573
1442 639 1599 900
979 1070 1514 1579
979 1116 1442 1579
1906 2323 2350 2813
0 0 280 293
0 1808 2323 3263
1840 2820 2173 3218
979 1168 1410 1579
0 1808 2193 3263
0 0 2448 2735
1070 594 1370 1103
1070 685 1370 1103
900 437 1070 718
2239 2996 2448 3263
1070 685 1331 966
0 0 280 137
887 1299 1253 1723
267 972 920 1449
267 972 646 1272
470 1207 920 1449
0 1873 1847 3263
1867 2572 2323 2859
1044 0 1331 770
1044 0 1272 450
1762 1808 2193 2911
554 0 966 300
1188 685 1331 966
470 528 646 842
0 0 2448 2454
52 1390 365 1736
815 3022 1077 3263
933 3022 1077 3263
0 2226 528 2624
1788 1135 2448 2735
0 2441 411 2976
0 2441 411 2839
0 2441 411 2748
65 1873 1847 3263
267 972 548 1272
1788 1135 2448 2265
1410 293 1645 620
0 0 2219 2454
2049 0 2448 1090
0 2343 241 2500
52 1462 365 1736
1788 1161 2448 2265
1272 2487 1494 2722
1958 2793 2448 3028
1396 2539 1716 2774
0 0 476 594
0 65 404 594
0 143 378 594
91 2748 306 2944
1220 1377 1769 1762
1220 1586 1736 1762
430 2591 691 3263
0 3022 235 3172
2049 0 2448 1044
1899 2970 2271 3263
2049 0 2448 1011
2049 287 2343 1011
1201 0 2219 2069
1259 907 1893 2069
1481 1259 1893 2069
1991 2826 2448 3028
65 1873 1808 3263
2108 0 2337 600
1501 1377 1769 1671
0 0 1736 2454
176 0 1181 926
176 0 881 626
176 124 881 626
189 124 881 626
1788 1161 2448 2226
1788 1161 2448 1586
1788 1305 2199 1586
1801 1161 2448 1410
52 1540 365 1736
1201 0 2219 1175
1201 0 2219 1051
1586 2637 1893 3263
607 2728 848 3172
1599 1299 1893 2069
1677 1299 1893 1782
470 1207 815 1423
1540 842 1938 1168
0 398 1736 2454
78 398 1090 1553
208 398 1090 1377
208 398 600 868
1259 907 1677 1318
587 541 1090 1377
587 705 1090 1377
587 705 1083 1377
678 815 1083 1377
750 815 1083 1377
763 1057 959 1377
1599 1729 1788 2069
1827 1566 2448 2226
1631 2637 1860 3120
1631 2637 1860 3042
0 1188 1736 2454
1077 2395 1560 2807
829 221 1181 926
1827 1573 2448 2226
0 143 378 489
1762 1808 2069 2911
587 705 861 1233
1801 1194 2448 1410
940 0 1168 293
0 1279 1736 2454
0 1305 1736 2454
1964 1566 2337 1808
1964 1566 2206 1782
1168 2395 1560 2767
2095 2258 2448 2735
78 809 522 1553
522 1873 1808 3244
522 2193 907 2643
522 2212 731 2506
829 221 1181 855
2219 0 2448 842
2219 65 2448 842
78 809 522 1390
78 809 437 1390
104 1116 437 1390
1259 0 2219 1051
1259 52 1664 966
1259 293 1645 966
1259 352 1645 966
2239 65 2448 522
1762 1808 1964 2754
1991 2826 2291 2989
104 1227 437 1390
1579 0 2219 1051
0 2441 411 2735
985 2284 1847 3263
985 2669 1631 3263
985 3002 1331 3263
378 1938 763 2180
1612 0 2219 1051
0 2441 306 2630
0 1305 1122 2454
1070 2669 1631 3120
613 1873 1808 3244
1207 1938 1808 2480
868 359 1181 855
378 1938 763 2102
959 1677 1736 2069
959 1716 1338 2069
0 966 254 1168
1951 652 2219 1051
613 1873 1527 3244
613 1873 1527 2918
613 1873 1527 2754
1827 1573 2448 1984
1827 1573 2448 1893
2271 633 2448 1031
822 711 1090 959
13 1279 293 1612
613 2702 1155 3244
1207 1938 1808 2356
1207 2062 1808 2356
1762 1808 1938 2754
0 1305 1122 2441
0 1305 1122 2278
0 1305 1122 2088
163 1305 1122 2062
1612 0 2128 809
580 2193 907 2643
2075 1586 2337 1808
1762 0 2128 809
1867 2572 2323 2813
65 2493 646 3263
91 2265 378 2454
920 1991 1233 2212
1168 2487 1351 2767
515 2591 646 3139
1051 1716 1338 2023
1612 287 1873 626
1938 215 2193 561
607 2741 737 3172
1579 130 1834 404
652 2728 848 2983
887 1873 1455 2428
744 2297 1051 2630
1070 2696 1553 3120
1142 2696 1553 3120
163 1305 946 2062
163 1305 946 2043
163 1462 946 2043
182 1462 946 2043
313 1462 946 1795
313 1462 946 1736
829 221 1116 535
0 2023 587 2278
770 2591 1201 2918
182 1586 718 2043
189 2493 646 3263
235 2493 646 2924
705 2807 1018 3107
39 385 254 594
770 2624 1077 2918
1207 2062 1697 2356
58 2121 496 2278
887 1873 1455 2350
979 359 1181 737
58 2108 802 2395
1631 2284 1847 2748
189 2846 522 3263
1259 2696 1553 3061
613 2226 1527 2754
613 2434 1351 2754
737 3133 868 3263
0 3126 130 3263
1867 3107 2030 3263
1893 3094 2108 3263
91 3087 274 3250
365 3081 502 3263
2317 3074 2448 3263
1175 3042 1423 3263
985 3022 1161 3263
933 3022 1070 3198
1971 3009 2323 3263
2310 3002 2448 3153
1109 3002 1331 3263
1899 2983 2167 3263
1586 2976 1893 3263
2115 2970 2271 3198
1142 2963 1292 3120
189 2957 404 3263
926 2950 1148 3146
1860 2931 2173 3218
1070 2885 1233 3087
2245 2859 2448 3028
705 2852 940 3107
274 2846 522 3100
2141 2833 2291 2989
1991 2826 2206 2989
0 2826 215 2976
1840 2820 1984 3015
1051 2807 1233 2976
1272 2800 1410 2937
1958 2793 2173 2963
163 2787 306 2918
430 2761 691 3263
607 2741 737 3035
1703 2735 1860 3042
1840 2722 2069 2911
1266 2715 1821 3263
1175 2709 1383 2996
1860 2702 2193 2839
1475 2702 1651 3002
2265 2689 2448 2878
411 2689 594 2898
1899 2676 2323 2859
770 2676 1005 2918
1481 2669 1631 2807
1631 2637 1821 2885
0 2637 385 2839
913 2624 1077 2859
1168 2591 1312 2767
1018 2591 1201 2728
1873 2572 2323 2813
1246 2572 1527 2813
45 2572 235 2722
1396 2539 1631 2774
613 2539 1057 2754
0 2532 176 2748
2206 2526 2350 2813
143 2526 411 2735
1299 2493 1560 2728
0 2493 156 2630
1272 2487 1423 2722
1168 2487 1351 2689
1631 2461 1847 2748
117 2441 306 2611
887 2434 1351 2617
744 2428 1051 2630
665 2428 848 2624
1344 2395 1560 2630
104 2363 241 2500
0 2343 130 2487
1906 2323 2252 2617
1507 2323 1710 2598
2291 2297 2448 2454
1018 2297 1155 2428
802 2297 1044 2532
528 2291 763 2539
1638 2284 1808 2552
91 2284 378 2454
2173 2278 2448 2735
1266 2278 1586 2480
1906 2252 2245 2604
1840 2226 2252 2656
953 2226 1527 2532
137 2226 528 2624
522 2212 665 2506
580 2193 900 2643
1207 2186 1507 2356
0 2167 163 2441
58 2141 698 2395
1834 2128 1964 2265
58 2128 319 2278
1925 2121 2304 2265
1651 2115 1808 2330
594 2108 802 2317
887 2069 1279 2350
1325 2062 1697 2330
359 2062 587 2212
1077 2036 1233 2173
0 2023 365 2278
535 1997 698 2180
920 1991 1129 2212
1808 1984 1964 2226
1135 1977 1292 2141
750 1977 972 2258
705 1971 835 2115
861 1958 1005 2193
1625 1938 1795 2173
470 1938 763 2102
1919 1899 2448 2226
802 1880 979 2108
678 1880 842 2010
1161 1873 1455 2245
926 1873 1070 2082
280 1867 567 2062
796 1860 926 2075
2115 1847 2389 1984
182 1834 319 1977
1801 1808 1938 2219
0 1808 208 2088
1599 1795 1788 2069
1423 1795 1684 2095
1396 1795 1710 2219
639 1782 887 1938
163 1782 528 1951
959 1769 1181 2069
0 1762 463 1906
319 1736 718 2043
1051 1716 1338 1925
966 1710 1227 1893
1827 1677 2134 1893
1331 1677 1736 1938
0 1664 254 1821
698 1658 1122 1951
1964 1645 2108 1782
626 1645 822 1795
1220 1592 1455 1762
2121 1586 2337 1729
1442 1586 1736 1762
182 1586 646 1775
52 1586 300 1736
2017 1573 2448 1886
463 1553 946 1736
1808 1527 1997 1716
1070 1501 1253 1723
1599 1462 1769 1671
313 1462 607 1625
110 1462 280 1605
750 1423 933 1573
691 1396 894 1547
1710 1377 1893 1782
1501 1377 1749 1664
1958 1370 2448 1592
574 1344 757 1573
1129 1325 1501 1592
1005 1318 1168 1475
789 1312 920 1449
1788 1305 2193 1566
326 1305 639 1547
1677 1299 1814 1462
887 1299 1109 1690
1488 1286 1684 1521
19 1279 182 1488
652 1272 815 1423
1481 1259 1710 1390
1801 1227 2448 1410
104 1227 365 1377
470 1207 731 1423
678 1194 815 1344
0 1188 176 1325
267 1181 522 1331
920 1168 1135 1370
1769 1148 1958 1325
2271 1135 2448 1312
1684 1135 1821 1312
763 1122 959 1377
1122 1116 1442 1521
150 1116 313 1266
1396 1090 1677 1318
1906 1070 2232 1233
1181 1070 1514 1566
913 1064 1070 1220
900 1057 1194 1312
829 1057 1011 1220
78 1024 254 1168
1070 1005 1207 1135
515 998 646 1220
391 972 548 1194
1194 959 1370 1103
2160 940 2350 1090
1899 913 2049 1103
1259 907 1534 1155
1442 887 1729 1175
959 887 1148 1051
339 887 496 1103
1272 861 1423 992
522 861 776 1201
1677 848 1821 1011
2167 842 2317 1044
1090 829 1253 1077
796 822 959 1011
750 815 1083 1207
1742 809 1873 979
78 809 398 1148
1808 802 1945 979
404 796 541 926
372 789 607 1096
1612 783 1808 913
0 757 352 900
1873 731 2141 1018
1070 724 1214 894
998 724 1175 926
2271 711 2448 1031
822 711 1018 894
652 705 809 920
587 705 776 1051
1188 685 1331 848
1442 672 1586 900
868 659 1103 855
1951 652 2206 1051
1259 646 1534 966
2154 620 2343 1011
306 613 489 835
1051 607 1181 737
2304 580 2448 757
0 574 352 848
1867 567 2004 731
750 541 946 757
900 535 1070 718
1514 528 1886 874
541 496 835 815
515 483 672 633
2304 450 2448 633
1618 437 1749 594
1442 430 1573 620
202 430 352 613
208 398 548 789
39 398 254 594
97 385 254 515
1586 365 1716 522
254 365 411 561
979 359 1116 672
0 359 130 541
1305 352 1645 750
848 352 992 535
1697 300 1873 626
163 300 378 489
1410 293 1645 554
1299 293 1442 554
2049 287 2271 698
0 287 150 483
1077 235 1331 770
829 221 1116 437
1938 215 2193 489
2239 189 2441 522
176 189 385 345
0 143 241 391
1579 130 1762 345
541 130 881 554
189 124 659 626
1455 91 1586 254
1044 84 1175 450
2317 65 2448 306
1586 65 1716 221
1227 65 1410 306
2193 58 2337 600
1325 52 1664 404
0 39 228 293
1736 0 1867 208
1579 0 1821 280
1390 0 1625 208
1201 0 1449 143
1135 0 1272 248
940 0 1168 248
770 0 966 300
554 0 802 195
456 0 646 182
300 0 476 156
0 0 163 137
1122 1116 1501 1651
1129 1325 1501 1651
463 1299 1168 1736
0 0 2448 1318
1867 2983 2167 3263
1893 2983 2167 3263
966 1697 1286 1893
202 365 430 613
404 776 600 926
0 613 2448 3263
1181 1011 2448 3263
1991 0 2199 287
463 1299 1109 1736
0 613 1847 3263
0 613 1410 2630
920 1964 1129 2212
966 789 1142 998
1181 1070 1579 1658
2056 554 2219 835
0 0 2343 1318
1742 685 1991 979
1299 293 1501 626
815 3107 1077 3263
0 1377 1847 3263
1246 2487 1716 3002
1246 2487 1716 2813
920 1168 1410 1723
2160 0 2448 1312
515 1977 1586 2820
1821 685 1991 881
208 287 1011 1233
0 613 1279 2630
2160 868 2350 1090
254 365 430 587
1481 1011 2448 3263
1553 1011 2448 3263
1736 280 1906 607
463 1423 1096 1736
515 1977 972 2722
1762 1011 2448 3263
587 2226 1586 2820
613 2226 1586 2754
2160 0 2448 1246
2160 0 2448 842
907 39 1175 450
940 78 1175 450
1769 1011 2448 3263
208 287 861 1233
0 2167 796 3263
430 2761 796 3263
0 359 130 665
0 2363 241 2552
1697 0 1912 235
979 1168 1410 1723
1769 1011 2448 3153
900 1005 1207 1312
1246 2493 1716 2813
574 1377 1847 3263
1553 1109 2323 3263
1840 2820 2271 3218
1246 2539 1716 2813
1527 2578 1716 2709
0 2167 665 3263
0 0 430 169
0 2787 306 3068
1808 1906 2004 2265
1808 1984 2004 2265
1808 1984 2004 2226
1697 0 1867 208
1051 1716 1410 1925
515 2193 900 2722
267 887 496 1272
287 887 496 1188
287 972 463 1188
319 972 463 1122
0 894 254 1220
2271 711 2448 1246
463 1547 1096 1736
1070 1005 1207 1155
1553 1109 2252 2754
1553 1109 1893 2369
1553 1109 1893 1906
1553 1109 1893 1782
0 3126 254 3263
130 2787 306 2983
1109 3002 1423 3263
1586 2572 2323 3263
1762 1808 2252 2754
0 966 254 1220
1390 0 1762 594
208 398 861 1233
633 1880 1005 2193
450 0 815 339
0 1808 470 2121
163 1834 332 2023
2193 0 2448 842
2193 58 2337 842
1246 2539 1631 2813
1840 2572 2323 2911
1390 0 1762 522
1390 0 1762 404
450 0 802 339
450 0 802 254
1599 1795 1808 2369
1599 1795 1808 2330
1599 1795 1795 2173
0 2989 274 3250
1840 2676 2323 2911
2239 0 2448 522
633 1880 979 2141
0 2167 646 3263
0 2226 646 3263
1553 1109 1814 1462
1631 1122 1814 1462
0 2441 646 3263
574 2591 1383 3263
607 2591 1383 3263
1475 2669 1651 3002
470 2212 665 2526
0 613 959 1573
1194 822 1370 1103
195 0 430 169
0 1808 306 2121
104 1181 894 1573
1769 1011 2448 1984
0 3022 274 3250
208 398 776 1051
208 398 646 842
1906 1899 2448 3153
1919 1899 2448 2317
0 613 959 1449
0 757 959 1449
267 1181 894 1573
267 1181 757 1573
1259 0 2343 1318
1906 2252 2448 3153
1860 2931 2271 3218
607 2591 1201 3244
1991 2826 2448 3153
0 2441 646 2924
45 2441 306 2722
1325 0 2343 1051
0 0 1645 1207
809 352 1116 672
848 352 1116 672
907 359 1116 672
1259 639 1938 1318
1586 2735 1893 3263
1703 2735 1860 3120
0 1279 1279 2630
744 2036 1279 2630
887 2036 1279 2428
887 2069 1279 2428
1259 646 1938 1318
456 0 802 195
1769 1011 2448 1893
1840 2702 2193 2911
463 1553 1096 1736
0 2493 646 2924
0 2526 411 2748
750 711 1253 1207
750 711 1175 1207
750 711 1148 1207
1677 1233 1814 1462
0 757 959 1423
372 789 959 1423
1788 1305 2448 1893
0 757 398 1266
750 711 1083 1207
0 1279 1233 2454
0 1938 802 2454
652 1122 959 1423
0 1951 802 2454
0 1279 1233 2069
698 1658 1233 2069
894 1769 1233 2069
894 1769 1181 2069
476 0 802 195
0 1279 887 2062
1142 1377 1847 3263
1932 1011 2363 1318
1161 1377 1749 2356
607 2591 1201 3172
913 2591 1201 2859
607 2676 1005 3172
0 1951 802 2395
0 1951 698 2278
0 0 1645 855
1207 1377 1749 2356
1207 1586 1736 2356
1207 1592 1736 2356
267 1181 731 1423
985 2709 1383 3263
0 0 672 848
652 2676 1005 3107
1142 2284 1847 3263
1142 2323 1847 3263
1906 2252 2448 2735
541 0 1645 855
1188 594 1357 848
1325 52 1886 874
1410 293 1886 874
372 789 776 1201
1390 0 1762 345
0 1279 293 1821
1925 2121 2448 2317
0 1997 698 2278
359 1997 698 2212
1579 0 2343 1051
1873 287 2343 1051
1873 652 2206 1051
1207 1795 1710 2356
163 1305 887 2062
0 0 659 848
1769 1148 2108 1325
1579 0 2193 809
541 0 1449 855
1051 235 1331 770
796 711 1018 1011
1220 1592 1736 1938
1697 0 2193 809
1697 0 2128 809
1168 2487 1423 2767
0 1279 293 1690
0 39 659 848
770 0 1449 306
770 0 1410 306
940 0 1410 306
541 130 1116 855
750 535 1103 855
1788 1305 2193 1716
0 39 659 626
163 189 385 489
78 809 398 1266
1070 2709 1383 3087
2049 287 2343 1044
0 39 254 594
1266 2323 1847 3263
1507 2323 1847 2885
750 541 1103 855
163 1305 822 2062
2154 620 2343 1044
652 2676 1005 2983
541 130 1116 815
0 39 241 391
541 130 881 815
163 1305 718 2062
182 1305 718 2062
1259 646 1729 1318
1259 646 1729 1175
1259 646 1534 1155
182 1462 718 2062
182 1586 718 2062
280 1736 718 2062
1631 2461 1847 2885
940 0 1272 248
0 3028 261 3250
1827 1991 2004 2245
1064 0 1403 698
1664 1070 1938 1312
1664 1070 1938 1286
2265 3028 2448 3263
1188 1775 1403 1925
2095 2173 2448 2317
750 248 1122 626
2004 254 2448 1246
2049 254 2448 1246
2049 339 2448 1246
1109 2754 1821 3263
1181 2754 1821 3263
509 1390 894 1599
626 685 829 1037
0 300 150 626
1827 1703 2265 1964
1064 0 1403 313
1788 2265 2252 2767
378 2487 1560 3263
378 2630 1318 3263
378 2630 626 3263
691 2291 900 2487
378 2630 620 3263
378 2630 594 3263
1436 293 1919 1031
881 966 1534 1775
1037 1560 1279 1775
0 0 2448 3146
97 1005 731 1423
97 1005 731 1370
0 1795 2350 3263
750 1070 1201 1690
750 1070 1122 1690
750 1161 1103 1690
750 1161 1024 1645
750 1318 1024 1645
750 1423 1024 1645
652 2428 848 2630
881 966 1534 1690
0 0 2448 2689
1344 1932 1703 2278
0 0 959 574
1775 998 2448 3146
1775 998 2448 3042
1775 998 2448 2885
1906 2239 2448 2885
1906 2239 2258 2604
705 2846 913 3107
1899 2976 2284 3263
633 3022 1077 3263
0 1795 1964 3263
1462 2565 1899 3263
1462 2565 1893 3263
626 685 829 920
0 0 2350 2689
319 476 1070 1233
319 476 848 1233
587 718 835 1233
1834 2526 2350 3263
1834 2572 2330 3263
1834 2676 2330 3263
1344 1932 1703 2212
887 0 1259 626
979 221 1259 626
881 1044 1534 1690
920 1044 1534 1651
0 2317 241 2552
32 2382 241 2552
1194 672 1925 2219
1416 1344 1906 2219
992 2284 1814 3263
1181 2284 1808 2767
887 0 1181 293
0 0 652 261
1834 2676 2180 3263
1834 2715 2180 3263
887 0 1161 293
940 0 1161 293
2108 0 2448 868
2186 0 2448 868
0 2434 411 3002
0 2434 411 2833
881 1312 1116 1690
1194 672 1925 1769
1775 998 2448 2252
1775 998 2448 2226
1775 998 2448 1964
1775 998 2448 1893
1814 1344 2448 1893
0 287 607 1181
0 607 502 1181
1971 2833 2330 3263
1612 626 2141 1103
1612 770 2141 1103
1612 770 1951 1024
0 287 607 842
0 1814 280 2102
992 2513 1814 3263
1429 2513 1814 2774
940 1880 1259 2350
757 3022 1077 3263
992 2696 1507 3263
65 1795 1964 3263
705 1945 1044 2193
0 1951 280 2102
0 1951 189 2102
1416 1729 1788 2010
0 287 535 842
959 2043 1259 2350
1396 0 1834 404
2049 339 2265 959
143 2199 770 2689
143 2199 685 2689
143 2232 613 2689
143 2232 541 2689
26 2434 385 2728
0 829 502 1181
1788 1436 2115 1808
868 1951 1044 2193
2193 0 2448 652
0 0 2350 2448
822 0 2350 1135
998 0 2350 1090
1991 685 2350 1090
2186 385 2343 868
2095 2265 2448 2885
0 705 1736 2448
1514 2317 1808 2578
1429 2545 1762 2774
822 659 1207 1135
65 2434 672 3263
65 2526 567 3263
1181 2284 1782 2767
1181 2323 1645 2767
1416 1240 1795 1769
0 705 1338 2448
515 815 1096 1488
620 815 1096 1488
678 815 1096 1377
476 1795 1964 2872
1070 2696 1507 3146
0 829 502 1161
574 2689 946 3126
998 0 2219 1031
998 574 1246 1031
1188 0 2219 842
476 1795 1697 2872
0 2754 306 3002
580 2689 946 3126
1481 1932 1964 2461
1181 2369 1566 2767
2258 639 2448 1246
1814 1344 2448 1658
476 1795 1514 2872
476 1795 1455 2872
1188 0 2167 822
1468 0 2167 822
1468 0 2128 822
1599 261 1912 620
65 2846 522 3263
476 1977 998 2715
613 1795 1455 2872
476 2173 998 2715
235 2526 567 2918
0 1057 1338 2448
0 1057 463 1612
0 1057 463 1468
1005 1044 1534 1651
2004 1586 2271 1716
979 2624 1207 2904
2258 711 2448 1246
1188 0 1664 750
1188 91 1664 750
0 1312 1338 2448
802 1710 1338 2082
1481 1932 1840 2461
