0 0 1536 2049
508 1229 643 1417
0 1032 417 1688
401 565 594 1143
401 565 561 868
352 0 1085 655
516 590 795 840
733 0 1536 1590
799 0 1536 1590
0 0 778 1520
0 676 1536 2049
0 680 1536 2049
0 0 778 1442
0 1364 512 2049
1069 0 1536 754
417 868 553 1147
540 680 758 987
0 688 1536 2049
549 680 733 967
733 0 1069 245
0 1032 348 1487
0 1085 758 1803
0 0 778 1258
143 688 1536 2049
0 0 643 1258
0 438 643 1258
549 762 733 967
16 856 758 1520
549 774 684 942
0 1151 135 1442
516 799 971 1643
516 1344 971 1643
577 1344 971 1643
0 438 643 1204
528 799 909 1602
520 442 778 635
520 442 778 626
577 442 778 618
0 1118 729 1803
1241 655 1536 754
659 1085 909 1602
926 1663 1536 2049
0 0 417 532
282 0 417 532
98 1118 729 1618
274 1118 729 1467
20 495 479 1204
24 1364 512 1913
549 778 684 942
581 442 717 561
581 454 717 561
528 799 835 1151
667 1085 909 1602
667 1085 864 1561
667 1147 864 1561
667 1176 864 1561
667 1258 864 1561
672 1258 864 1532
483 868 594 1143
98 1208 614 1618
143 1364 1008 2049
143 1364 909 2049
975 688 1536 2003
151 1208 614 1581
0 1290 417 1688
979 1553 1536 2003
991 1667 1536 2003
143 1364 651 2049
143 1397 651 2049
815 1471 1008 2049
991 1667 1536 1958
594 799 835 1151
143 1729 651 2049
672 1258 860 1532
672 1258 860 1495
991 1667 1536 1934
1159 1680 1536 1934
639 807 835 1151
483 938 594 1143
946 676 1049 1549
487 1942 639 2049
1417 1921 1536 2003
1368 1848 1536 1958
1450 1831 1536 1913
225 1778 479 2049
0 1745 241 2049
32 1741 184 1876
1253 1692 1458 1856
991 1667 1327 1864
24 1643 196 1872
815 1590 975 2049
28 1573 262 1864
979 1553 1249 1782
0 1524 172 1803
196 1499 364 1647
667 1475 864 1561
922 1471 1008 1712
659 1462 971 1643
151 1458 295 1581
0 1458 237 1696
463 1454 909 2049
98 1434 303 1618
65 1417 299 1573
0 1413 233 1688
696 1389 860 1495
467 1364 635 1487
168 1364 512 1913
577 1344 688 1565
516 1344 655 1483
0 1344 131 1487
0 1311 532 1905
221 1290 417 1446
0 1274 127 1389
274 1266 508 1467
672 1258 856 1413
520 1249 643 1417
319 1245 487 1401
508 1229 626 1364
610 1221 708 1364
295 1208 614 1462
463 1184 553 1278
1090 1180 1221 1352
680 1176 803 1331
545 1159 754 1299
557 1155 725 1245
122 1151 229 1258
504 1118 729 1307
741 1085 840 1262
602 1085 758 1172
0 1032 348 1462
483 991 594 1143
16 991 532 1520
631 975 717 1061
528 975 647 1077
221 942 336 1106
491 938 577 1044
286 889 377 1061
266 856 758 1278
81 848 307 1204
73 835 180 1319
639 807 823 1090
577 807 680 930
594 799 811 1032
540 766 758 987
561 762 733 967
1241 729 1360 831
672 725 786 938
975 688 1536 1856
606 680 713 762
524 659 688 811
803 639 1036 1590
401 569 561 868
795 524 1040 667
20 495 479 1044
0 475 110 1241
0 471 127 852
0 438 643 950
1118 32 1213 139
1069 0 1536 733
799 0 1536 799
852 0 1069 245
282 0 385 532
0 0 356 508
28 1499 364 1864
0 1085 778 1696
508 1229 655 1483
946 676 1073 1549
417 868 565 1147
0 1085 778 1688
0 0 1536 950
98 1085 778 1618
0 475 1536 2049
0 1196 94 1315
151 1085 778 1581
0 475 1036 2049
926 688 1536 2049
274 1245 508 1467
73 835 229 1319
0 1221 1008 2049
151 1118 729 1581
467 442 778 721
602 1085 778 1172
0 1221 909 2049
446 1397 540 1967
0 475 1036 1643
0 475 758 1520
483 639 1036 1643
483 938 647 1143
528 975 647 1098
524 639 1036 1643
524 659 758 987
524 659 733 967
594 639 1036 1643
577 454 778 618
594 639 1036 1590
467 565 688 721
520 1221 708 1417
577 504 778 618
659 1085 971 1643
0 1344 909 2049
524 659 713 831
524 659 713 811
0 0 1085 950
0 0 643 950
659 1147 971 1643
680 1147 835 1331
352 0 1085 942
143 1344 909 2049
659 1258 971 1643
168 1344 909 2049
0 475 479 1442
0 475 479 1241
926 1553 1536 2049
401 569 795 942
168 1364 909 2049
594 799 823 1090
352 0 1085 667
667 1389 864 1561
463 1364 909 2049
401 569 684 942
688 1389 860 1495
450 1221 663 1503
69 1340 528 1803
0 1745 245 2049
516 590 803 934
672 602 803 934
0 864 631 1696
663 1405 909 1602
663 1430 868 1565
672 602 795 934
0 864 483 1442
0 766 835 1909
549 766 725 971
549 774 680 954
0 856 835 1909
323 856 835 1434
0 971 327 1442
90 971 327 1319
680 1430 860 1544
581 430 700 520
0 0 540 1323
0 0 430 1323
24 0 1536 2049
508 0 1536 1237
508 438 827 651
508 438 737 651
323 876 835 1434
323 876 782 1434
483 876 737 1147
483 876 663 1147
24 635 1536 2049
532 635 967 1647
532 635 864 1610
532 635 864 1512
532 635 835 1151
532 688 835 1151
0 0 430 1266
540 635 786 795
540 762 758 987
508 438 688 651
24 688 1536 2049
24 1434 1536 2049
24 1438 651 2049
24 1643 651 2049
922 688 1536 1971
483 876 590 1131
0 475 430 1266
651 1110 864 1512
651 1110 856 1512
922 1422 1536 1971
770 1110 852 1352
651 1204 856 1512
676 1213 856 1512
676 1253 856 1512
676 1253 856 1495
463 1434 1536 2049
991 1663 1536 1971
1131 1725 1536 1971
1131 1725 1536 1934
1335 1844 1532 1971
221 1762 479 2049
1241 1729 1536 1934
1131 1725 1368 1868
991 1663 1143 1778
930 1651 1536 2049
69 1549 299 1803
188 1438 479 1913
463 1434 967 2049
57 1434 311 1639
922 1422 1262 1786
811 1405 909 1602
700 1405 852 1495
782 1401 864 1495
524 1376 635 1458
0 1344 368 1696
266 1340 528 1573
811 1331 967 1647
0 1294 557 1909
770 1262 852 1352
0 1262 131 1442
676 1253 856 1430
1122 1229 1221 1331
626 1225 831 1610
680 1213 795 1319
286 1184 610 1458
717 1172 835 1307
532 1151 745 1299
0 1147 135 1323
708 1126 799 1225
323 1065 782 1434
491 1049 663 1147
122 1024 327 1258
737 999 819 1081
0 971 393 1467
90 971 196 1319
487 909 590 1131
463 885 553 1094
0 864 631 1565
307 864 483 1044
405 856 553 1155
590 835 721 946
532 799 811 1061
631 778 717 909
602 778 684 917
561 766 725 971
479 758 688 905
672 725 786 934
975 688 1536 1852
688 688 835 1151
540 676 713 762
524 651 667 758
803 635 1036 1569
622 635 786 795
696 602 795 840
401 561 545 909
667 528 827 635
385 524 540 688
20 479 430 1204
0 475 106 1266
508 438 643 651
1061 0 1536 745
803 0 1536 1237
352 0 1085 647
0 0 389 569
0 0 377 532
0 438 1536 2049
0 856 852 1909
0 856 852 1565
0 856 835 1565
0 856 737 1565
286 1065 835 1458
717 1110 852 1352
0 1221 1536 2049
626 1225 967 1647
0 864 737 1565
491 1012 737 1147
0 0 1536 1266
323 1065 835 1434
385 438 1536 1852
385 438 827 987
405 856 561 1155
385 438 827 795
508 438 827 795
516 446 827 795
516 446 827 667
487 635 1536 1852
487 635 1036 1602
0 1151 745 1909
520 446 827 635
573 446 827 635
573 499 827 635
573 499 737 586
487 774 717 1131
0 0 1085 1266
0 1147 135 1442
0 0 545 1266
0 1221 663 2049
524 635 786 795
651 1126 864 1544
651 1204 864 1544
676 1213 864 1544
676 1253 864 1544
532 635 1036 1602
676 1253 864 1512
524 651 713 762
549 774 717 954
803 635 1036 1602
463 1422 1536 2049
676 1253 864 1495
549 774 684 954
0 475 545 1266
24 1221 663 2049
463 1422 1262 2049
688 1401 852 1495
20 479 545 1204
1241 1729 1536 1971
188 1221 663 1913
991 1663 1368 1868
389 626 471 922
0 594 405 1442
844 1036 975 1503
909 676 1069 1590
909 676 1065 1590
438 745 667 1139
1266 1233 1360 1360
0 131 594 680
0 131 536 680
262 1364 512 1790
262 1364 512 1708
0 672 405 1442
0 672 303 1442
508 1225 909 1647
508 1229 909 1647
0 131 102 467
487 889 667 1139
0 987 790 1938
0 987 790 1909
0 987 516 1696
0 987 417 1696
0 917 122 1319
0 1020 122 1319
0 672 274 1442
36 672 274 1294
741 1508 909 1610
487 889 667 1098
487 889 590 1098
0 1032 122 1319
422 1880 651 2049
942 1626 1229 1893
942 1626 1192 1893
0 1647 196 1938
672 1967 823 2049
610 1549 909 1856
610 1549 909 1733
1053 1331 1376 1663
1053 1393 1376 1663
1053 1393 1266 1569
1053 1393 1200 1536
1053 1393 1176 1503
336 1962 463 2049
0 1299 344 1696
0 1131 790 1909
479 1749 622 1934
0 0 1536 983
520 594 803 983
0 0 1536 754
0 0 1110 672
0 987 417 1577
0 987 417 1503
1053 0 1536 754
0 0 1090 667
610 1549 741 1712
0 471 1536 2049
860 893 1008 1426
860 1139 983 1426
0 471 1032 1528
147 331 307 479
77 688 1536 2049
0 1192 122 1319
0 1417 245 1696
1151 893 1311 1004
508 1229 807 1647
577 1426 807 1647
77 733 1536 2049
1069 368 1184 622
0 1032 110 1233
0 1286 561 1909
942 1721 1192 1893
32 0 1090 667
409 417 545 553
926 1807 1159 2049
221 864 405 1094
192 1573 340 1766
1040 688 1536 975
1069 696 1536 975
991 1610 1438 1864
1065 1610 1438 1864
999 1118 1135 1327
999 1200 1135 1327
393 557 536 831
1012 733 1405 1217
1020 733 1405 1217
1032 733 1405 1217
1032 733 1348 1208
77 835 1536 2049
77 1782 229 2049
1253 1745 1438 1864
0 471 823 1528
139 758 823 1528
266 856 553 1143
1065 1610 1262 1782
663 393 815 594
1188 782 1319 893
0 471 405 1040
1032 733 1348 1135
127 835 1536 2049
979 1270 1155 1594
979 1344 1122 1594
520 651 778 971
545 659 778 971
553 659 778 971
610 659 778 819
733 790 897 1274
815 659 1032 1008
815 721 1012 1008
0 434 536 680
1057 0 1536 754
1090 0 1536 754
635 692 778 819
0 471 393 815
1049 1135 1217 1294
81 790 405 1040
1151 553 1286 655
139 762 811 1528
139 1008 762 1528
450 1364 647 1647
0 471 352 733
1069 696 1483 885
926 1868 1118 2049
934 1868 1118 2016
49 499 352 733
49 573 352 733
49 573 299 733
32 0 1090 635
946 676 1065 1590
815 721 975 1008
815 721 975 975
1032 733 1303 1057
0 1438 303 1799
1102 1135 1217 1294
926 479 1044 667
1217 835 1536 1151
1311 848 1536 1151
127 1024 1536 2049
1135 1762 1536 2049
1135 1762 1532 2049
1135 1823 1532 2049
1135 1840 1532 2049
1135 1876 1467 2049
852 1196 967 1503
32 0 1090 622
631 45 749 192
983 676 1065 1319
1335 1840 1532 1967
1122 0 1536 754
1241 1778 1536 1999
528 1598 786 1905
528 1598 770 1840
528 1647 610 1807
139 1044 762 1528
139 1044 540 1438
561 1598 770 1840
1094 0 1233 319
1020 971 1176 1217
651 1139 967 1639
1122 0 1536 651
1122 0 1536 622
1122 0 1536 545
1122 102 1536 545
1122 102 1471 545
1147 102 1471 545
1147 102 1471 532
1225 102 1413 397
1225 102 1409 364
32 0 372 532
352 0 1090 622
917 1024 1536 1872
983 1024 1536 1872
1077 1024 1536 1872
1077 1553 1266 1704
127 1557 975 2049
139 1044 504 1360
360 0 1090 622
1147 319 1471 532
1213 319 1442 467
1270 319 1442 467
799 622 1536 774
651 1139 864 1553
1098 1024 1536 1872
135 1557 975 2049
811 1557 975 1983
139 1172 504 1360
143 524 381 659
32 0 356 434
1294 586 1536 754
360 0 1090 540
32 0 344 426
73 127 344 426
73 127 319 426
81 811 336 1040
147 811 336 1040
168 811 336 1024
168 811 327 958
917 1454 1024 1643
168 1085 762 1528
49 573 258 733
1147 352 1471 532
32 0 270 258
545 766 713 942
581 450 786 622
581 508 786 622
135 1569 917 2049
135 1569 672 2049
1340 1967 1467 2049
360 0 1073 540
0 1401 417 1909
135 1569 577 2049
143 1569 577 2049
143 1569 483 2049
143 1663 483 2049
594 1840 917 2049
594 1840 864 2049
545 766 684 934
1065 733 1303 942
1098 1118 1536 1872
1401 270 1536 594
360 0 1061 540
360 0 1061 377
512 0 1061 377
512 0 1004 377
684 0 1004 344
512 143 766 377
0 1417 245 1635
1098 1180 1536 1872
1098 1180 1536 1684
1024 0 1110 672
594 1840 799 2020
143 1729 479 2049
852 0 1004 270
852 0 958 270
852 49 958 270
0 987 417 1458
1098 1180 1471 1532
651 1172 864 1553
1098 1249 1471 1532
69 1401 417 1721
676 1229 864 1553
684 0 958 344
1098 1249 1422 1487
1200 1631 1536 1872
0 200 102 467
303 1172 504 1319
676 1229 860 1503
1438 1118 1536 1385
512 176 713 377
1372 1967 1467 2049
1225 1967 1372 2049
733 1967 823 2049
487 1942 635 2049
926 1934 1028 2049
540 1926 672 2049
4 1909 127 2049
1372 1901 1462 1983
594 1889 725 2020
81 1889 168 2049
249 1885 352 2049
135 1885 245 2049
1364 1876 1532 1967
1135 1876 1344 2049
934 1868 1085 2016
602 1840 799 2003
336 1831 479 2049
1340 1827 1536 1938
1184 1823 1315 1926
483 1815 577 1967
680 1790 786 1905
77 1782 229 1954
1348 1778 1438 1864
1241 1778 1405 1999
0 1766 159 1938
1184 1762 1327 1864
479 1749 590 1856
1253 1745 1372 1827
127 1745 217 1868
975 1729 1139 1856
143 1729 389 2049
254 1712 401 1852
1368 1708 1536 1872
766 1700 889 1856
590 1696 770 1840
1110 1676 1262 1782
672 1663 758 1774
331 1663 483 1921
991 1659 1143 1774
32 1647 196 1864
1200 1631 1422 1807
950 1626 1040 1803
1397 1614 1536 1729
979 1614 1077 1700
651 1598 741 1712
561 1598 655 1721
495 1573 594 1688
192 1573 278 1766
467 1569 549 1807
344 1569 454 1745
0 1569 262 1909
1229 1565 1376 1663
721 1565 909 1733
69 1561 258 1721
811 1557 975 1840
1077 1553 1262 1659
983 1553 1102 1643
0 1540 94 1635
512 1532 635 1647
0 1532 143 1696
811 1508 909 1602
262 1508 368 1708
614 1499 807 1647
1344 1491 1536 1684
1258 1491 1389 1585
987 1487 1122 1594
0 1458 278 1799
848 1454 967 1639
77 1438 303 1667
692 1434 864 1553
577 1426 692 1549
0 1417 245 1581
0 1417 143 1577
1188 1405 1344 1549
213 1401 417 1602
1073 1393 1176 1503
528 1376 635 1458
393 1368 512 1610
450 1364 647 1598
311 1364 512 1598
1290 1360 1471 1532
979 1344 1102 1516
680 1344 852 1426
0 1340 249 1503
1077 1331 1184 1430
696 1315 860 1503
1245 1311 1422 1462
860 1311 963 1503
159 1299 344 1450
1405 1286 1487 1405
381 1286 561 1471
983 1270 1155 1426
860 1270 975 1426
1438 1266 1536 1385
1098 1249 1278 1487
0 1249 143 1442
1344 1245 1442 1327
139 1237 331 1360
1266 1233 1360 1352
168 1233 565 1528
676 1229 852 1356
508 1229 655 1462
0 1217 122 1319
852 1196 967 1422
303 1188 393 1319
1167 1180 1286 1278
651 1172 807 1335
245 1159 540 1438
893 1139 983 1282
1262 1135 1454 1290
1102 1135 1184 1225
524 1131 790 1299
1438 1118 1536 1278
1217 1118 1344 1208
430 1085 762 1266
1122 1081 1237 1196
0 1081 336 1458
1032 1073 1167 1217
372 1069 516 1200
303 1044 405 1217
844 1036 975 1274
491 1032 594 1139
0 1032 102 1233
1319 1024 1475 1188
106 1020 266 1258
540 1008 655 1126
159 1008 303 1126
192 987 417 1221
1151 975 1348 1135
1020 971 1176 1106
856 971 999 1073
545 967 667 1094
221 942 397 1094
803 934 893 1274
434 934 516 1143
213 926 336 1024
1311 922 1516 1151
0 917 94 1073
876 913 963 1008
487 889 581 1053
286 864 405 1008
1065 856 1217 942
266 856 553 1126
1426 848 1536 1069
1217 835 1405 1057
831 831 975 975
1032 811 1245 1057
221 811 327 922
569 795 684 934
733 790 897 1151
262 790 405 954
573 778 713 942
1376 770 1536 975
545 766 672 913
647 762 811 1053
676 762 758 938
553 762 725 971
639 758 823 1102
438 745 561 893
1102 733 1303 897
1270 729 1483 885
815 721 958 840
147 700 245 782
663 692 778 819
1040 688 1139 889
57 688 151 770
1044 676 1536 774
893 659 1032 889
610 659 721 762
409 655 536 831
520 651 651 770
799 635 917 815
237 631 393 815
1294 626 1475 729
208 622 299 721
49 622 135 733
1217 614 1376 713
1188 602 1290 696
536 594 803 983
1352 586 1536 754
1053 577 1135 667
254 577 352 704
90 573 258 717
1262 561 1348 651
1057 561 1217 692
393 557 528 708
835 553 1008 655
1438 545 1536 626
926 540 1040 667
372 540 536 680
590 536 786 622
241 532 381 659
1151 524 1266 606
786 524 897 635
143 524 303 639
663 491 815 594
930 479 1044 590
1385 471 1491 610
835 471 987 573
0 471 127 676
1069 463 1163 622
385 458 495 553
1344 446 1454 545
479 438 594 577
758 434 848 540
0 434 385 545
409 430 545 553
45 401 172 487
1147 397 1344 532
803 393 901 512
663 393 766 512
926 381 1049 565
864 381 983 504
1073 368 1184 545
737 364 835 471
225 360 372 532
1327 352 1471 479
1270 352 1364 467
590 352 737 463
147 352 237 479
208 331 307 479
1356 319 1442 409
950 315 1061 413
1282 303 1413 397
1081 303 1180 434
721 303 811 434
864 299 958 401
409 295 688 504
73 274 176 426
1401 270 1536 483
364 270 487 540
667 258 754 360
922 249 1061 344
766 241 864 401
225 237 319 372
1090 233 1249 417
1438 204 1536 299
512 200 684 377
622 176 713 286
876 172 958 270
831 172 958 344
98 159 188 319
1094 147 1204 319
651 143 766 319
360 143 528 336
782 135 864 299
151 127 319 385
1368 110 1536 274
127 106 270 258
1225 102 1409 319
631 86 721 192
49 81 131 176
495 77 631 221
1381 49 1475 176
852 49 958 200
655 45 749 159
913 12 1090 258
1450 0 1536 159
1294 0 1417 127
1196 0 1335 180
1106 0 1233 208
909 0 1004 131
864 0 958 94
754 0 897 106
684 0 876 196
524 0 663 131
397 0 581 159
254 0 340 192
114 0 315 122
32 0 163 155
0 0 1536 1294
1024 0 1536 754
0 0 1090 1294
0 987 786 1577
926 676 1155 1590
946 676 1155 1590
946 676 1069 1590
0 1044 786 1577
0 1044 786 1528
159 1044 786 1528
303 1044 409 1225
266 692 778 1143
266 696 667 1143
434 811 667 1143
553 692 778 971
0 303 385 545
0 385 385 545
0 430 385 545
434 811 594 1143
434 889 581 1143
0 635 1536 2049
159 1085 786 1528
168 1085 786 1528
0 1192 143 1442
651 635 1536 2049
266 696 553 1126
159 1159 540 1450
0 1225 909 2049
4 1225 909 2049
0 471 823 1294
372 508 823 1139
0 0 102 127
0 471 405 1294
0 1438 303 1909
372 508 786 680
360 49 446 192
393 557 823 1139
393 557 823 1102
536 594 823 1102
381 1131 790 1471
651 635 1139 2049
651 635 1032 1639
1217 1118 1405 1217
491 1008 655 1139
631 258 754 385
393 557 721 934
926 733 1536 2049
1253 1745 1536 1995
1335 1827 1536 1995
0 1237 331 1503
393 557 684 934
733 635 1032 1639
1159 1491 1389 1585
4 1364 909 2049
225 0 356 434
799 635 1032 1639
926 1790 1229 2049
1024 1790 1229 2049
1360 49 1475 192
786 1454 1139 2049
0 0 1090 635
372 540 692 680
0 1561 262 1909
237 1225 692 1745
237 1364 512 1745
237 1508 368 1745
1323 512 1422 622
385 303 815 594
311 1364 512 1610
385 303 811 577
385 352 737 577
385 430 594 577
508 1225 692 1549
159 1172 504 1450
409 430 594 577
786 1454 1040 2049
876 172 1061 344
1335 1827 1536 1938
581 352 737 520
159 1188 393 1450
254 0 356 434
1040 688 1483 1057
1069 696 1483 1057
934 733 1536 2049
999 1012 1286 1327
