0 0 1536 2049
40 922 200 1020
598 868 704 1249
835 721 1040 909
835 733 1032 909
778 1266 1032 1413
290 0 475 176
1163 0 1450 536
1163 0 1422 536
1163 0 1352 536
1401 991 1516 1180
245 1409 499 1577
688 1671 868 1823
667 963 893 1286
0 573 221 737
942 713 1536 1081
942 770 1422 1081
122 0 270 229
667 963 852 1286
1098 24 1315 237
299 106 458 204
229 1561 426 1766
229 1561 426 1712
557 0 795 204
557 0 754 204
1286 1557 1536 1950
1286 1557 1462 1680
122 0 233 229
458 1200 655 1450
483 1258 655 1450
483 1299 655 1450
311 963 417 1102
659 434 1426 1061
659 622 1426 1061
213 1040 307 1253
225 643 487 930
1040 827 1278 987
0 0 545 487
0 159 545 487
0 245 545 487
0 245 520 487
1381 1631 1536 1950
1389 1631 1536 1790
1286 1557 1413 1663
1081 692 1426 922
0 934 274 1430
0 983 270 1430
0 983 200 1110
0 245 196 471
77 557 180 659
262 1618 799 2049
262 1618 663 2049
479 1663 663 2049
479 1885 594 2049
995 434 1188 754
1163 159 1286 536
237 643 487 930
237 684 409 930
659 622 1233 1061
659 795 922 1061
651 1704 799 1971
663 1733 799 1971
299 106 417 200
0 0 1536 1528
307 0 1536 1528
688 922 1155 1413
688 922 1122 1413
819 922 1122 1241
819 922 1032 1217
819 1008 1020 1217
819 1008 1020 1200
0 1036 270 1430
0 1233 180 1430
1327 336 1454 516
0 815 1536 2049
0 0 983 1049
188 0 524 340
188 0 463 340
0 0 180 225
36 1758 311 2049
57 1758 311 1897
262 1618 602 1946
262 1778 557 1946
647 946 774 1319
655 946 774 1188
663 946 774 1032
1327 553 1446 659
1192 438 1290 590
213 590 307 688
0 159 221 319
1237 1237 1422 1479
1237 1237 1393 1479
0 586 143 799
487 274 610 446
795 1233 1155 1413
381 860 528 1008
1237 1319 1393 1479
0 950 520 1794
0 1290 520 1794
0 1483 520 1794
0 1483 512 1794
0 1483 348 1794
389 1118 569 1426
516 1663 663 1938
188 0 434 340
844 368 967 655
610 1696 1401 2049
610 1725 1159 2049
0 344 344 663
57 344 344 643
57 348 344 643
0 1290 454 1536
795 1237 1155 1413
131 1848 545 2049
131 1848 487 2049
131 1930 303 2049
1016 1372 1536 1803
1016 1372 1536 1729
1122 1372 1483 1520
1122 1372 1360 1487
610 1725 1126 2049
610 1803 1126 2049
610 1811 893 2049
610 1811 840 2049
754 1815 840 2049
770 815 1536 1811
795 1385 1249 1811
1098 65 1286 237
1098 81 1286 237
0 602 467 1049
0 725 467 1049
28 725 467 1044
98 725 467 1044
98 782 467 1044
258 905 467 1044
0 1467 1536 2049
971 1807 1159 2049
770 815 1536 1569
610 1811 778 2049
319 643 487 852
872 733 1032 860
442 1385 639 1487
1081 692 1417 922
1331 221 1450 315
319 0 983 819
1352 1844 1536 2049
258 1848 487 2049
319 446 422 651
610 1811 762 2049
963 1249 1155 1352
659 848 922 1061
1081 721 1213 922
290 0 475 143
172 950 344 1364
889 1696 1401 2049
16 1290 454 1536
819 1008 967 1200
327 0 983 819
327 0 983 696
409 0 983 549
151 1335 454 1536
151 1385 352 1536
327 491 610 696
409 0 983 504
409 0 983 417
434 0 983 417
475 0 983 401
598 0 983 327
799 86 983 327
1229 1684 1536 2008
172 1020 336 1364
0 1299 180 1430
1090 815 1536 1503
409 86 573 221
45 0 180 221
999 434 1188 754
799 208 917 327
831 1803 1126 2049
848 1803 1126 2049
770 1057 1393 1569
770 1057 1393 1503
930 1057 1393 1503
967 1282 1331 1503
979 1282 1331 1503
1081 1385 1331 1467
381 491 610 696
1016 1471 1536 1729
0 1483 340 1688
0 1467 1335 2049
0 1467 688 2049
565 1102 864 1528
622 1102 864 1528
979 1282 1278 1503
979 1282 1278 1467
307 0 1536 1385
848 0 1536 807
1090 815 1536 1381
1294 1077 1536 1503
1172 692 1417 840
848 0 1385 667
848 0 1282 598
307 479 1020 1385
323 770 479 917
307 479 1020 1368
307 479 979 1368
442 479 979 1253
1229 1692 1536 2008
663 1733 799 1889
602 1487 1335 1987
1192 1827 1335 1987
0 1590 270 2049
0 1590 270 1840
32 1647 270 1803
598 0 975 327
208 1467 688 1876
1286 0 1536 807
864 1651 1196 1901
258 1848 422 2049
98 782 295 946
848 0 1282 536
53 0 180 188
1036 434 1188 754
61 1782 229 1942
602 1487 1253 1909
602 1487 1143 1909
602 1487 1143 1815
778 1569 1143 1815
1090 815 1536 1311
1090 852 1536 1311
1241 852 1536 1307
1372 852 1536 1307
1417 917 1536 1307
598 0 864 327
708 0 864 233
930 1057 1393 1303
754 0 975 295
844 512 979 741
32 1680 270 1803
442 479 893 1253
1381 1745 1536 1950
1307 0 1536 807
1241 905 1462 1094
1405 1631 1536 1766
1233 713 1536 930
442 479 893 913
442 479 893 881
442 479 893 872
1307 36 1536 807
0 1036 270 1352
0 1147 270 1352
897 1631 1143 1815
61 1794 229 1942
905 303 1200 495
1044 348 1200 467
1327 434 1536 807
663 200 885 504
307 995 516 1368
348 995 516 1229
1090 1053 1442 1311
1315 1155 1536 1503
1344 1237 1536 1503
1401 1237 1536 1503
1417 967 1536 1307
790 524 1020 848
602 1487 950 1749
307 1102 409 1368
1241 905 1426 1094
848 0 1282 422
926 0 1282 422
1307 36 1536 524
0 827 110 1049
602 1495 950 1749
602 1495 950 1700
1307 36 1536 290
467 827 631 1253
651 1495 950 1700
553 479 893 872
1327 434 1536 659
553 643 876 872
553 692 811 872
930 1139 1258 1303
942 0 1282 422
208 1536 573 1876
622 1376 823 1528
942 0 1258 422
651 1495 876 1700
651 1540 835 1700
963 0 1253 299
598 479 893 733
348 995 516 1204
372 1536 573 1778
426 1962 553 2049
1032 1946 1155 2049
483 1946 594 2049
131 1946 217 2049
1360 1934 1458 2049
192 1930 303 2049
1172 1913 1315 2049
1155 1909 1311 2049
204 1905 286 2020
692 1901 778 2049
647 1893 762 2049
258 1893 352 2049
479 1885 569 2028
446 1872 545 2028
1159 1864 1401 2049
831 1848 979 2049
385 1848 487 2049
315 1848 422 2049
1356 1844 1536 2049
848 1840 1020 2008
106 1831 229 1942
1192 1827 1331 1987
405 1819 557 1921
971 1815 1094 1962
36 1815 147 2049
0 1815 122 2049
610 1811 692 2049
98 1811 368 2003
61 1794 168 1917
131 1782 217 1864
262 1778 417 1946
192 1778 311 1897
1381 1762 1536 1950
1299 1753 1536 2008
1397 1745 1536 1872
704 1745 799 1848
975 1741 1196 1901
1044 1725 1253 1876
840 1725 963 1840
741 1721 823 1819
688 1712 823 1823
651 1704 741 1893
516 1704 610 1938
799 1700 942 1909
889 1696 1192 1967
1229 1692 1323 1860
1319 1684 1409 1827
1196 1671 1282 1807
508 1667 602 1819
577 1663 663 1852
958 1659 1143 1815
278 1659 422 1766
208 1655 442 1876
864 1651 991 1749
1204 1647 1442 1803
114 1647 208 1753
1405 1643 1536 1766
860 1639 979 1852
377 1618 602 1840
372 1610 504 1778
717 1598 835 1700
0 1590 98 1840
213 1585 348 1794
118 1581 225 1696
1286 1577 1393 1663
602 1577 700 1663
778 1569 1073 1708
540 1565 643 1737
274 1565 426 1712
229 1561 397 1708
1323 1557 1413 1655
360 1553 520 1659
905 1549 1094 1692
651 1540 774 1696
450 1536 573 1753
1016 1503 1315 1729
733 1495 876 1700
241 1495 512 1602
852 1487 946 1594
1020 1471 1536 1655
479 1467 688 1573
581 1446 876 1598
151 1430 348 1536
0 1422 266 1508
659 1401 823 1528
442 1385 606 1487
827 1381 1044 1569
622 1376 725 1479
1122 1372 1340 1458
512 1360 655 1450
258 1335 454 1438
770 1327 1024 1417
1303 1323 1393 1479
1344 1319 1479 1479
1237 1319 1340 1438
0 1299 131 1426
1131 1294 1225 1381
835 1290 1032 1413
16 1290 315 1385
991 1282 1278 1417
778 1266 885 1348
573 1258 655 1364
1229 1249 1348 1340
963 1249 1085 1352
397 1241 569 1426
1270 1237 1389 1364
795 1237 1049 1413
565 1237 696 1508
487 1237 590 1385
0 1233 102 1356
40 1213 270 1352
307 1204 409 1368
688 1188 844 1413
1417 1172 1508 1266
1315 1155 1417 1303
0 1147 114 1282
90 1143 245 1315
930 1139 1126 1303
1090 1126 1393 1311
401 1126 516 1229
1237 1118 1376 1208
1094 1118 1245 1200
667 1102 864 1413
516 1102 626 1307
1294 1077 1471 1229
827 1073 975 1217
725 1073 807 1233
1053 1057 1393 1237
942 1057 1122 1241
1340 1053 1442 1135
163 1044 245 1233
823 1040 967 1200
667 1040 823 1286
77 1036 196 1180
1036 1024 1176 1139
819 1008 938 1155
348 1008 463 1204
336 1004 417 1102
401 995 516 1159
0 995 118 1159
868 991 971 1114
1143 975 1290 1139
655 975 762 1188
1241 963 1426 1094
1057 963 1176 1044
729 963 852 1139
336 958 467 1044
524 950 626 1253
208 950 344 1294
176 934 274 1028
885 922 1032 1049
487 922 569 1028
663 913 922 1061
1213 905 1348 1028
958 905 1118 1024
1040 885 1167 987
442 860 528 971
98 860 295 946
1372 852 1536 1090
659 848 917 963
1233 827 1475 930
467 827 631 983
0 827 110 991
1360 819 1499 991
45 811 159 926
995 807 1114 958
1085 799 1213 922
729 795 823 909
278 790 409 930
176 782 274 893
323 770 463 917
586 766 692 881
1241 729 1376 811
106 725 270 840
1081 721 1213 852
672 721 811 815
442 717 573 844
1299 713 1536 860
1241 696 1426 848
1172 696 1344 840
553 692 786 872
237 684 327 872
1102 663 1430 778
463 655 594 819
122 655 221 737
749 643 876 749
442 643 524 737
319 643 487 795
844 626 979 741
868 622 1233 1032
680 614 774 713
0 610 143 799
204 602 377 729
561 594 672 758
1385 590 1536 807
844 590 926 676
1036 577 1188 754
1446 573 1536 676
0 573 184 733
81 557 241 692
1327 553 1426 655
811 524 1020 782
598 524 725 618
856 512 942 647
1122 504 1237 598
487 499 610 672
1389 491 1536 659
958 491 1094 618
381 491 516 696
614 479 893 733
586 467 684 557
0 454 192 663
1327 434 1450 635
1053 434 1159 602
463 405 647 573
57 405 336 643
844 368 958 622
663 368 885 504
1184 360 1385 667
893 356 1020 540
1393 352 1483 467
1163 352 1245 536
1085 348 1200 467
192 348 344 536
118 344 225 520
1327 336 1417 467
610 336 754 549
905 303 1139 495
848 286 942 417
1340 282 1495 372
163 278 520 487
487 274 590 446
434 270 557 417
0 254 127 364
36 245 196 471
1364 221 1450 311
188 217 368 340
663 200 872 442
1294 196 1409 319
475 192 635 401
606 188 704 479
942 184 1258 422
430 184 524 315
1024 168 1172 299
926 168 1040 319
1393 163 1536 524
57 143 155 225
942 139 1081 336
1098 122 1278 237
754 122 864 295
598 114 725 327
631 114 721 200
708 94 795 233
938 90 1061 204
467 90 573 221
840 86 983 299
1307 81 1430 249
122 77 233 229
53 77 147 188
290 65 446 176
1335 36 1536 290
360 16 454 143
1385 0 1536 151
1270 0 1352 352
963 0 1253 241
827 0 975 184
835 0 963 90
758 0 864 151
684 0 795 110
524 0 610 163
438 0 586 135
290 0 475 81
192 0 434 278
184 0 270 86
61 0 180 139
0 1233 1536 2049
0 0 1536 1508
36 1565 979 2049
868 0 1090 135
1151 0 1422 536
0 0 1061 1508
553 0 1536 1503
0 922 245 1233
815 1073 1008 1282
0 922 200 1110
131 1565 979 2049
1217 1557 1462 1680
1217 1577 1393 1663
131 1663 663 2049
0 573 262 737
122 655 262 737
417 114 725 631
639 0 795 110
581 868 688 1319
659 745 917 963
458 114 725 631
0 1233 499 1577
245 1405 499 1577
315 204 463 311
0 1299 1536 2049
651 1372 1536 2049
0 1299 823 2049
208 639 569 1294
225 639 569 1102
225 639 569 1028
225 864 569 1028
237 639 524 872
237 643 524 872
237 643 487 872
0 741 217 893
0 741 163 852
458 188 704 631
995 651 1098 749
868 553 1536 1143
942 553 1536 1143
868 922 1032 1114
0 0 270 319
208 950 368 1294
1323 1557 1462 1680
860 1639 1094 1962
1229 1692 1340 1921
1294 196 1495 516
1294 196 1454 516
1294 196 1430 467
651 1381 1536 2049
942 553 1536 1081
1036 926 1303 1143
1036 926 1303 1139
1118 926 1303 1044
1118 946 1237 1044
0 0 221 319
295 889 569 1028
0 0 1061 651
290 0 483 204
557 467 684 651
540 1565 979 2049
1098 0 1327 237
1286 553 1446 659
458 405 647 631
942 590 1536 1081
381 922 569 1028
40 922 200 1057
274 1553 520 1712
0 1233 454 1442
655 577 1536 1503
655 577 1442 1467
0 1299 512 2049
0 1590 122 2049
1040 696 1426 987
799 184 917 327
0 1299 512 1815
1294 196 1417 467
1294 196 1409 426
290 0 483 200
0 336 754 1508
1331 221 1495 372
1381 1733 1536 1950
770 1053 1442 1467
655 577 1417 1413
0 245 225 520
36 245 225 520
163 0 1061 651
602 1577 979 2049
290 0 475 200
163 0 1061 487
348 1118 569 1426
655 622 1417 1413
0 1299 512 1803
213 1368 352 1458
667 622 1417 1413
598 868 688 1319
0 348 467 1049
1143 815 1536 1503
1331 262 1495 372
0 934 336 1364
1147 696 1426 897
655 913 922 1188
1102 590 1536 807
1098 28 1286 237
61 1385 823 2003
290 65 446 200
995 577 1188 754
61 1385 688 2003
651 1381 1536 1815
651 1385 1536 1815
114 1585 348 1794
114 1647 254 1758
512 1360 655 1458
278 336 754 1508
307 995 536 1368
278 770 479 930
131 1848 426 2049
131 1848 422 2049
131 1905 303 2049
278 770 463 930
0 995 270 1352
0 995 196 1282
963 1053 1442 1467
553 0 1536 926
553 356 1094 926
0 1299 348 1803
0 1483 340 1803
1286 553 1426 655
0 1299 348 1536
979 1053 1442 1467
0 454 467 1049
0 454 467 1044
61 1536 602 2003
61 1782 368 2003
61 1782 262 1942
61 1794 262 1942
667 622 1233 1413
667 963 1122 1413
16 1290 454 1442
0 454 377 893
1270 1417 1483 1520
0 995 196 1180
610 1700 979 2049
610 1704 799 2049
98 860 467 1044
446 1663 663 2049
848 1696 1536 2049
1044 1725 1536 2049
1044 1725 1458 2049
98 860 389 971
381 336 754 1508
848 1696 1401 2049
848 1696 1311 2049
848 1803 1159 2049
172 934 336 1364
663 1598 835 1721
360 0 1061 442
1360 815 1536 991
905 0 1536 667
1143 852 1536 1503
1237 967 1536 1503
1237 1077 1536 1503
1294 1077 1536 1307
1327 1819 1458 2049
1307 0 1536 524
1307 0 1536 344
1307 0 1536 303
0 557 377 893
81 557 377 729
204 590 377 729
889 1696 1311 2049
0 811 159 1049
1081 696 1376 922
651 1385 1249 1815
651 1704 799 1893
163 0 557 487
1143 852 1536 1139
348 995 536 1299
667 963 864 1413
381 491 725 1508
688 1032 1122 1413
942 1032 1122 1241
663 86 1061 442
840 86 1061 417
840 86 1061 299
40 1143 270 1352
442 499 725 1508
442 655 725 1508
1237 1200 1536 1503
1303 1200 1536 1503
602 1577 700 1749
1438 1200 1536 1503
692 1700 979 2049
0 811 159 991
1417 1155 1536 1307
1303 1319 1479 1479
1122 360 1536 667
1184 360 1536 667
1307 36 1536 303
442 655 594 844
360 0 754 221
467 811 725 1508
561 356 1094 782
553 643 876 926
651 1487 1143 1815
831 1487 950 1622
467 811 631 1253
979 1229 1278 1467
991 1229 1278 1417
692 1815 893 2049
692 1815 840 2049
487 1237 725 1508
487 1237 696 1508
442 1385 688 1573
758 0 963 151
688 1040 967 1413
651 1495 1143 1815
651 1495 1073 1708
905 0 1258 602
0 610 274 893
799 1700 979 2049
1241 852 1536 1094
848 168 1040 417
1016 1471 1536 1803
1016 1503 1536 1803
1016 1503 1442 1803
733 1495 1073 1708
1090 1118 1393 1311
1081 696 1376 852
905 0 1258 495
208 1536 602 1876
401 995 516 1229
0 1422 348 1536
561 356 1020 782
561 479 979 758
811 356 1020 782
1172 696 1376 840
163 0 520 487
163 217 520 487
372 1536 602 1840
360 0 586 221
561 479 926 758
614 479 926 733
16 1290 454 1438
438 0 586 221
0 610 270 840
561 524 725 758
1044 1725 1331 1987
942 168 1258 422
778 606 1233 1131
778 606 1233 1049
1159 0 1381 565
626 1430 876 1577
573 864 815 1311
610 864 815 1311
610 897 815 1311
995 1483 1413 1659
995 1483 1372 1622
856 721 1032 913
1159 1864 1479 2049
1053 1020 1467 1233
930 1057 1172 1217
1012 1483 1372 1622
663 208 967 655
663 262 967 655
856 389 967 655
868 393 967 655
934 622 1536 1073
950 622 1536 1073
950 655 1536 1073
856 1643 1036 1864
856 1643 995 1864
1053 1020 1450 1233
1315 1684 1536 1967
934 692 1483 991
934 692 1483 975
991 692 1483 975
229 1557 422 1794
229 1557 397 1737
274 159 504 463
286 159 495 315
286 192 495 315
286 192 463 307
1270 1569 1413 1659
0 245 348 663
0 303 348 663
561 1422 688 1512
0 245 131 495
0 0 565 241
0 0 475 241
557 0 770 204
639 0 770 118
639 0 766 118
1381 1745 1536 1967
663 208 786 368
524 545 643 672
0 0 475 225
45 0 475 225
45 0 270 225
274 258 504 463
208 901 368 1294
1012 1483 1274 1606
0 303 311 663
262 0 475 143
208 901 368 1040
348 1610 1044 2049
348 1610 651 2049
422 1610 651 2049
655 852 1155 1422
655 938 1155 1422
680 938 1155 1422
680 938 971 1422
782 1233 1155 1413
36 303 311 663
610 1729 1044 2049
692 938 971 1360
32 651 385 1028
32 651 385 946
32 651 311 946
32 729 311 946
32 729 290 946
348 1848 545 2049
295 0 475 143
1004 1376 1151 1458
581 713 1536 2049
0 1065 602 2049
692 938 946 1360
237 1626 602 2012
0 1065 573 2049
610 1729 840 2049
0 1237 573 2049
0 0 1536 1643
0 0 987 1167
0 721 196 1167
0 795 196 1167
0 835 196 1167
0 835 192 1167
0 995 118 1167
0 0 987 852
73 249 274 360
626 1676 795 1971
626 1676 737 1950
577 1106 704 1303
0 835 192 1049
598 713 1536 2049
237 1782 417 2012
598 819 1536 2049
0 1368 573 2049
1114 713 1536 1044
1114 745 1536 1044
1085 0 1327 303
1147 0 1327 147
32 852 274 946
663 1737 795 1971
0 586 151 766
860 1397 1536 1815
909 1397 1536 1729
909 1397 1536 1655
958 1417 1536 1655
1204 1221 1340 1438
958 0 1536 766
81 0 987 852
81 24 774 852
81 24 725 852
487 118 725 557
487 118 725 516
487 118 725 499
81 24 635 852
188 24 422 565
188 24 422 458
430 0 610 200
430 86 549 200
1118 692 1483 897
0 0 1258 1643
0 1020 364 1364
135 1020 364 1364
163 1020 364 1364
196 1020 364 1364
1139 0 1536 692
1352 0 1536 254
295 0 1258 1643
81 81 635 852
81 196 635 852
81 401 606 852
81 446 450 721
958 553 1188 766
958 553 1147 766
733 0 987 409
733 0 983 278
786 0 983 184
1139 77 1536 692
188 24 422 344
938 1745 1188 2049
0 1237 192 1442
422 1696 622 2049
213 1040 364 1364
487 266 635 499
745 819 1536 1544
745 1233 1286 1544
323 401 606 852
950 819 1536 1495
356 1848 545 2049
1405 1626 1536 1778
1090 1102 1413 1262
598 1458 1340 2049
458 0 1258 991
458 643 827 991
663 1737 795 1958
840 1827 1155 2049
819 90 987 409
295 770 815 1643
295 770 815 1573
295 770 745 1573
581 0 1258 770
778 1458 1340 2049
1270 77 1536 692
1294 77 1491 516
458 643 815 991
598 1491 946 1840
905 1626 1340 2049
905 1671 1340 2049
905 1671 1335 2049
422 1946 590 2049
1294 77 1491 467
1294 77 1491 401
1294 77 1479 401
1294 127 1479 401
643 0 1258 770
643 221 1208 770
905 221 1208 618
905 1671 1331 2049
643 475 1028 770
1155 819 1536 1495
1213 819 1536 1495
