0 0 2049 1536
766 520 1024 786
1028 795 1200 1176
1372 1204 1565 1454
1372 1204 1553 1348
377 311 577 790
1229 786 1872 1278
1229 786 1680 1208
1913 446 2049 1520
975 1192 1196 1372
926 381 1889 786
659 831 893 1270
1676 381 1889 553
1536 1180 1872 1278
0 0 188 795
1155 618 1503 1536
1204 1180 1503 1536
1913 446 2049 1323
1233 618 1573 844
1233 618 1569 844
1639 1237 1848 1422
1639 1237 1848 1417
0 0 1921 1536
360 0 1921 606
0 0 1217 1536
766 831 893 1167
860 606 1213 967
864 606 1213 840
1217 0 2049 1536
1233 618 1569 795
1233 672 1569 795
1385 799 1680 1208
926 413 1762 786
1217 811 1975 1536
1462 1061 1975 1536
1823 1090 1913 1364
1217 811 1585 1495
1217 835 1585 1495
1217 967 1585 1495
249 147 389 319
1573 0 2049 1253
1229 967 1585 1225
516 1106 635 1331
270 680 622 1405
303 860 622 1405
303 860 598 1405
1233 618 1561 725
881 606 1213 807
749 356 926 450
1233 618 1540 725
303 860 598 1311
303 860 491 1139
1233 618 1540 713
901 606 1213 762
270 680 581 1004
270 704 577 1004
1217 1167 1520 1495
876 881 1200 1307
905 881 1167 987
127 0 397 651
217 0 397 307
0 0 536 1536
233 286 1217 1536
319 926 491 1139
881 700 1204 807
1536 1225 1737 1385
0 0 536 1495
385 942 499 1139
336 922 598 1311
1676 458 1889 553
1258 885 1540 995
1225 1237 1520 1495
1225 1237 1401 1434
233 286 1065 1479
233 286 868 1479
422 286 868 1233
901 606 1200 762
901 643 1118 762
901 1208 1061 1352
422 286 868 1229
1573 0 2049 1225
1913 1102 1995 1520
422 286 868 1155
422 286 868 934
422 303 868 934
688 626 782 766
434 1245 1217 1536
434 1368 991 1536
876 881 1196 1307
876 881 1196 1299
893 1081 1196 1299
1815 0 2049 1221
1815 0 2049 1012
274 319 536 811
299 352 536 811
1290 1020 1487 1143
1225 1258 1364 1434
348 1159 495 1417
336 352 536 811
0 0 290 1495
0 0 282 1495
0 118 237 1495
422 303 790 930
20 0 282 1028
336 430 536 811
1290 1266 1520 1495
909 1180 1172 1307
893 1245 1217 1536
876 881 1192 1167
999 963 1192 1110
270 704 577 979
8 0 188 795
180 577 282 1028
274 319 364 786
422 303 790 864
905 1245 1200 1467
229 0 397 307
8 0 147 639
1258 889 1536 995
893 1454 1217 1536
434 1454 975 1536
319 1438 512 1536
1413 1372 1520 1495
717 1368 991 1495
151 1335 249 1471
1557 1315 1725 1417
909 1307 1163 1434
127 1299 413 1536
0 1299 139 1536
1225 1294 1323 1434
1462 1286 1876 1536
1422 1274 1520 1368
1639 1266 1848 1417
1290 1266 1520 1430
495 1266 622 1405
1225 1258 1364 1340
356 1245 495 1417
1098 1241 1196 1372
1692 1237 1819 1323
1233 1237 1401 1331
901 1225 1061 1352
1372 1221 1499 1319
65 1217 147 1376
1930 1208 2049 1536
975 1192 1151 1344
1335 1180 1520 1266
909 1180 1094 1307
368 1172 508 1405
1217 1167 1376 1262
659 1163 893 1270
577 1151 774 1233
708 1135 1065 1430
233 1131 852 1479
434 1126 573 1344
893 1110 1147 1299
516 1106 618 1331
684 1094 815 1229
1823 1090 1913 1262
954 1081 1196 1184
110 1069 233 1495
749 1065 848 1196
1868 1061 1975 1536
336 1061 598 1311
1290 1044 1487 1143
401 1040 499 1139
1335 1020 1442 1110
934 1020 1016 1122
1090 1016 1200 1270
729 1016 844 1098
1233 991 1422 1151
1040 983 1196 1176
1282 975 1585 1225
319 975 430 1139
1229 967 1426 1151
1016 963 1192 1110
795 942 889 1167
200 942 336 1376
479 922 561 1098
1524 901 1680 1208
1004 897 1167 983
1258 889 1438 995
905 881 1094 987
876 881 1110 1167
303 860 438 1012
1229 835 1442 971
766 831 893 958
545 815 840 1155
1385 799 1573 942
1028 795 1200 1016
860 774 1049 967
1233 762 1385 844
864 758 1200 840
270 741 434 950
897 717 1204 807
409 704 577 979
610 688 868 934
1233 680 1569 795
946 672 1118 762
278 672 422 856
1307 667 1422 762
1688 663 1770 905
934 639 1110 721
626 639 741 745
586 631 688 930
758 622 840 790
352 622 536 811
1233 618 1422 713
1106 618 1208 737
1233 614 1557 708
1012 614 1213 717
299 590 393 704
1721 577 1815 725
795 557 1024 762
1573 549 1938 1225
926 536 1376 786
1565 524 1926 770
1278 524 1393 606
610 524 790 639
766 520 930 786
463 495 577 790
1680 458 1889 553
1913 446 2049 1241
336 430 426 622
1376 413 1762 713
1712 381 1852 463
0 377 155 1458
835 356 926 446
274 319 364 639
377 311 532 704
274 311 401 401
422 303 766 864
590 286 680 475
270 225 389 319
249 147 348 286
0 118 237 1294
241 90 397 307
221 81 315 229
229 0 385 135
127 0 282 651
20 0 217 766
8 0 114 499
1122 618 1499 1471
1155 618 1499 1471
0 0 1049 1536
1385 0 2049 1536
0 0 893 1536
1155 618 1422 1471
1524 0 2049 1536
94 0 1921 1536
217 0 1921 844
94 795 1876 1536
463 495 581 913
676 942 889 1167
516 975 635 1331
516 1049 635 1331
1372 1204 1553 1368
1422 1204 1553 1368
1229 762 1573 852
1155 618 1290 1471
1237 667 1422 762
1557 1315 1823 1422
1921 0 2049 270
127 795 1876 1536
1225 1372 1520 1495
270 225 893 1311
917 795 1200 1372
0 0 401 1536
917 795 1200 1184
934 795 1200 1184
934 1020 1196 1184
270 225 893 1155
610 524 790 745
1090 1016 1200 1372
217 0 1921 606
1286 811 1553 958
0 0 397 1536
795 413 1889 844
217 0 385 139
127 835 1876 1536
127 881 1876 1536
795 413 1876 844
270 225 401 401
1573 0 2049 1536
1823 446 2049 1536
1823 909 1975 1536
127 1126 1876 1536
1217 835 1585 1266
1217 889 1585 1266
1217 1167 1520 1266
766 520 1049 967
659 881 1192 1344
975 1184 1172 1344
278 286 893 1155
795 413 1762 844
278 286 868 1155
659 881 1192 1307
1229 889 1585 1225
913 606 1213 737
729 942 889 1167
1204 1180 1876 1536
1225 1225 1876 1536
795 536 1569 844
795 536 1569 795
0 118 237 1536
659 881 1147 1307
1860 909 1975 1536
1233 1225 1876 1536
1233 1237 1876 1536
659 1094 893 1270
127 1126 1217 1536
368 1126 622 1405
881 639 1118 762
20 0 397 1376
1868 909 1975 1536
0 1069 237 1536
110 1069 237 1495
127 1131 1217 1536
708 1135 1217 1536
708 1135 1065 1495
795 536 1376 786
905 881 1192 1110
1290 1266 1876 1536
278 311 577 1139
303 311 577 1139
303 860 499 1139
303 860 438 1139
127 1131 975 1536
876 881 1147 1307
217 0 385 135
901 639 1118 762
864 717 1204 840
913 606 1213 717
934 639 1118 762
20 0 364 1376
1233 618 1422 725
278 467 422 856
368 1126 573 1405
545 688 868 1155
422 286 766 864
20 0 364 938
336 311 577 979
893 1110 1147 1307
127 0 364 651
336 311 536 811
1004 897 1192 1110
278 590 422 856
200 766 336 1376
127 1131 852 1536
20 0 254 938
1106 614 1229 1426
1852 434 2049 1323
1897 434 2049 1323
1536 1221 1860 1385
885 631 1204 795
1225 1237 1430 1454
1225 1258 1430 1454
1233 659 1569 803
1233 663 1569 803
1237 663 1569 795
1385 1225 1655 1426
1385 1225 1553 1401
372 0 1954 762
245 319 446 922
926 536 1573 971
1229 717 1573 971
1311 795 1573 893
1663 381 1889 553
417 286 602 913
430 385 602 913
274 618 446 868
1917 434 2049 1323
458 483 602 913
926 536 1553 725
0 0 434 1536
114 0 2049 1536
868 778 1200 1270
0 0 245 1536
1840 0 2049 1016
114 0 1991 1536
114 0 1626 1536
360 926 635 1413
413 926 614 1348
430 1057 610 1348
430 1102 573 1348
438 1143 573 1348
1217 565 1991 1536
868 778 1200 987
905 885 1192 1020
413 926 614 1139
413 926 540 1139
1229 614 1553 725
872 876 1200 1270
458 483 577 790
872 876 1196 1180
905 885 1172 995
442 397 1217 1151
545 606 1217 1151
860 606 1217 967
913 606 1217 717
114 0 581 1143
114 0 430 704
270 987 1626 1536
717 1249 1626 1536
1221 565 1991 1536
799 942 889 1167
270 987 1200 1536
274 303 581 1143
274 303 581 1139
274 303 581 1004
442 397 803 782
602 520 803 766
860 610 1176 967
860 696 1176 967
1290 1016 1475 1135
270 1008 1200 1536
1245 1237 1524 1495
270 1008 1008 1536
270 1008 893 1491
270 1008 893 1471
1077 614 1208 713
1221 565 1934 1262
885 672 1204 795
602 520 803 754
274 303 581 979
16 0 434 1536
377 319 581 979
114 0 405 704
208 0 405 311
713 1106 1200 1462
1290 1253 1524 1495
299 860 442 1139
618 1008 893 1278
1585 1237 1872 1417
1585 1237 1835 1352
618 1008 840 1167
930 1012 1159 1110
999 1016 1159 1110
1262 885 1540 995
1413 1368 1524 1495
1528 1319 1655 1426
131 1290 245 1491
1225 1258 1327 1438
1290 1253 1520 1422
717 1249 1499 1536
450 1249 545 1348
1651 1237 1872 1417
1245 1237 1401 1335
1237 1237 1331 1331
1446 1225 1553 1401
1385 1225 1499 1319
1544 1221 1860 1340
1106 1204 1196 1372
1909 1192 2049 1536
1040 1184 1167 1303
1389 1180 1520 1266
1217 1167 1376 1278
360 1159 635 1413
438 1143 573 1331
344 1143 434 1249
713 1135 1200 1462
143 1135 434 1536
270 1131 868 1471
893 1106 1196 1335
430 1102 565 1282
618 1090 893 1278
708 1085 831 1167
1495 1061 1991 1536
1290 1044 1422 1135
442 1024 540 1139
1016 1020 1159 1110
1331 1016 1475 1114
618 1008 840 1155
663 987 799 1073
504 983 614 1118
102 983 241 1360
1221 963 1557 1225
385 942 499 1143
479 930 561 1098
1262 889 1471 995
967 889 1172 995
1286 885 1540 979
905 885 1008 983
1594 864 1737 979
274 827 446 1004
1311 811 1544 893
1094 811 1196 987
864 807 1176 967
1044 799 1196 917
868 778 1200 983
1233 737 1573 844
1229 717 1438 971
1233 700 1331 803
917 672 1204 795
1311 667 1422 762
413 667 581 979
1286 663 1569 795
1479 659 1561 745
971 631 1110 725
1118 618 1208 713
545 618 893 1151
274 618 434 868
1229 614 1553 717
1077 614 1200 700
901 610 1008 708
782 606 876 782
1495 565 1934 1262
926 536 1278 717
1577 524 1926 643
614 520 803 639
602 520 770 754
1917 434 2049 1221
442 397 745 782
1663 381 1852 549
377 319 536 717
274 303 434 786
270 204 430 422
348 0 438 192
217 0 405 311
208 0 290 225
114 0 278 704
16 0 307 1196
0 0 233 1536
1704 1213 1905 1364
0 0 1991 1536
450 1106 618 1348
1840 0 2049 1536
1852 713 1975 1217
270 204 577 790
1528 1176 1733 1426
1528 1225 1655 1426
1311 799 1573 987
106 0 1991 1536
372 0 1954 987
663 987 827 1073
270 204 475 549
106 536 1991 1536
1040 614 1438 1372
1118 618 1208 737
1106 614 1438 1372
1106 614 1229 1372
1278 1155 1553 1495
1413 1225 1553 1495
372 0 1954 782
344 926 610 1282
1278 1155 1536 1319
344 926 565 1282
602 520 1196 987
782 606 1196 987
413 926 565 1282
860 696 1196 987
864 799 1196 987
864 799 1196 967
1577 381 1926 643
1106 983 1200 1372
618 942 889 1167
1577 458 1926 643
106 860 1520 1536
1278 1155 1536 1266
868 536 1991 1536
868 536 1573 983
1840 0 2049 1323
266 303 893 1155
143 860 1520 1536
266 827 446 1155
901 536 1573 844
274 303 893 1151
1495 565 1991 1536
872 876 1196 1335
893 1012 1196 1335
926 536 1573 844
417 286 745 782
1217 885 1557 1278
1221 885 1557 1225
434 1085 1520 1536
618 1085 893 1278
102 983 245 1491
901 606 1217 795
901 606 1217 725
0 0 405 1536
901 610 1110 725
1229 614 1573 844
1229 614 1569 795
434 1135 1520 1536
1225 1237 1520 1471
1225 1253 1520 1471
917 1012 1159 1126
1233 729 1573 844
479 930 614 1118
1290 1253 1520 1471
0 0 307 1536
434 1135 1499 1536
143 860 868 1536
143 1131 868 1536
713 1135 1499 1536
299 860 499 1143
1233 549 1647 799
1294 799 1602 1196
1294 983 1602 1196
926 524 1307 782
909 795 1200 1053
622 417 909 958
741 417 909 958
786 532 909 958
741 417 876 626
1327 0 1565 221
1327 0 1565 208
1553 303 2012 754
1372 0 1565 208
1823 221 1938 352
1376 307 1503 430
1553 368 2012 754
204 303 721 1471
1782 254 2049 1454
1782 352 2049 1454
1782 352 2049 1233
1958 1044 2049 1454
1233 614 1573 852
274 303 721 1471
274 303 631 1417
1647 303 1823 458
442 319 782 917
479 319 782 524
1536 893 1905 1430
1536 893 1905 1389
1614 893 1905 1233
1782 377 2049 1233
1553 368 1901 586
1553 405 1860 586
1237 614 1569 795
1573 590 1770 1008
1573 590 1766 1008
983 795 1200 1053
700 368 782 512
909 610 1233 1467
909 983 1200 1467
1090 1020 1200 1372
844 491 1213 852
909 1151 1200 1467
430 1106 614 1348
0 557 303 1483
0 557 217 1249
49 897 217 1249
98 897 217 1249
430 1106 614 1323
430 1106 573 1299
844 110 975 254
844 110 975 208
1573 590 1684 1008
442 413 631 917
442 413 631 704
565 528 848 917
844 491 1204 852
844 491 1204 790
1237 614 1544 770
1237 614 1544 725
844 491 1184 762
987 491 1184 577
1782 377 2049 1106
1909 377 2049 1106
1913 377 2049 1106
286 590 385 766
286 639 385 766
270 1438 438 1536
270 1450 393 1536
1217 807 1553 1471
1225 807 1553 1221
1225 967 1544 1221
1225 967 1503 1172
1237 618 1540 725
0 557 102 991
565 549 848 917
1737 999 1848 1180
1737 999 1840 1180
110 0 274 274
122 40 274 274
155 1135 303 1483
868 807 1176 975
737 0 893 208
565 618 848 917
1565 1335 1831 1430
1135 602 2049 1536
1135 1180 1512 1536
1225 602 2049 1536
1815 622 1934 1069
1229 807 1553 975
844 512 1069 762
1225 864 2049 1536
1225 1049 2049 1536
1225 1061 2049 1536
1225 1221 1540 1495
1622 864 1799 1155
565 618 815 917
1602 721 1766 971
1356 1061 2049 1536
737 24 893 208
155 0 2049 606
155 221 274 528
1622 864 1790 1151
217 0 2049 606
1225 1229 1499 1495
356 0 2049 606
479 0 2049 606
274 303 598 1139
274 323 598 1139
274 323 577 967
1913 504 2049 1106
1942 504 2049 1004
1942 622 2049 1004
274 401 577 967
1225 1241 1499 1495
1225 1245 1499 1495
1290 1245 1495 1430
1774 254 1971 581
1848 303 1971 581
1110 610 1233 1184
909 1188 1200 1467
565 635 741 917
0 0 1167 1536
737 737 889 1167
1356 1061 1995 1536
1356 1258 1835 1536
1495 1258 1835 1536
1889 385 1971 581
0 975 184 1233
1778 1061 1995 1536
1815 1061 1995 1536
499 729 803 1151
549 729 803 1151
1585 1282 1840 1413
1225 967 1475 1159
885 963 1167 1172
922 1020 1167 1147
356 0 573 438
393 69 573 438
106 975 217 1249
626 639 741 852
737 856 889 1167
1536 307 1688 463
278 848 598 1139
1024 241 1122 368
217 0 409 315
479 0 1971 606
1647 159 1823 319
0 0 1151 1536
893 1131 1077 1352
905 1249 1065 1352
909 885 1167 987
352 667 463 860
1958 848 2049 1233
1921 352 2049 532
1696 602 1794 934
1921 393 2032 532
1237 614 1544 708
0 0 303 1069
8 0 303 1069
8 0 225 799
8 0 188 737
8 0 176 561
217 0 409 303
893 1131 1077 1290
0 946 1151 1536
700 618 815 909
397 127 573 438
1799 0 1971 258
479 0 1905 606
479 0 975 495
479 0 782 368
479 0 782 352
479 0 782 254
512 0 782 254
512 0 766 254
512 0 733 254
540 0 733 237
909 1208 1200 1467
274 430 577 967
274 430 516 967
8 0 143 508
0 0 192 1008
0 381 143 1008
0 381 127 815
12 381 127 815
0 0 172 844
0 0 168 774
831 0 1905 606
549 807 803 1151
614 549 790 639
426 1008 1151 1536
614 1008 1151 1536
614 1008 1147 1536
614 1008 1061 1487
708 1135 1061 1487
569 176 975 495
426 1376 852 1536
426 1446 852 1536
831 0 1905 569
1040 0 1475 286
1040 45 1208 286
0 946 491 1536
200 946 368 1442
233 946 368 1442
0 1184 491 1536
831 258 1262 545
831 258 1151 545
831 258 1102 545
835 311 1102 545
1536 1389 1835 1536
1118 0 1475 180
1118 0 1360 180
614 1008 893 1442
614 1008 872 1442
614 1151 872 1442
881 1381 1147 1536
1799 0 1971 155
0 1184 385 1536
110 1229 385 1536
131 1319 385 1536
1180 0 1905 569
1180 336 1471 569
1069 270 1233 430
1192 0 1905 401
1217 0 1905 401
1294 0 1905 385
1696 0 1905 159
1294 0 1741 385
1294 0 1680 385
1294 127 1659 385
1360 127 1659 352
1360 127 1553 319
614 1008 835 1163
278 848 479 1139
1938 0 2049 352
274 303 540 737
1180 336 1454 569
336 1131 631 1417
1262 885 1540 991
0 0 135 651
426 1446 696 1536
1118 0 1344 180
1262 889 1532 991
1815 1061 1995 1467
360 1172 631 1417
1319 1024 1532 1118
417 127 573 438
0 270 135 651
1950 0 2049 352
1921 1446 2032 1536
426 1446 586 1536
1741 1442 1844 1536
881 1442 1147 1536
348 1438 438 1536
131 1438 295 1536
1942 1389 2049 1536
1536 1389 1835 1512
479 1376 606 1462
676 1364 901 1487
1958 1356 2049 1454
0 1356 143 1536
1290 1340 1495 1430
1565 1335 1823 1430
327 1331 491 1454
700 1327 872 1442
266 1319 385 1487
0 1319 122 1499
155 1294 303 1483
909 1290 1151 1430
1614 1282 1840 1413
581 1278 721 1471
454 1270 631 1397
450 1266 553 1348
1495 1258 1667 1536
1299 1245 1487 1393
1241 1241 1360 1331
1778 1237 1905 1483
1635 1237 1823 1323
1110 1237 1196 1372
1385 1229 1495 1311
1040 1229 1155 1323
110 1229 233 1495
1536 1225 1860 1389
1434 1221 1540 1401
1213 1208 1512 1536
983 1208 1200 1467
102 1208 192 1311
922 1192 1077 1290
0 1184 135 1454
1135 1180 1217 1536
360 1172 545 1417
532 1159 622 1331
614 1151 852 1430
262 1151 368 1442
430 1147 524 1294
708 1135 1061 1442
336 1131 467 1327
430 1122 569 1245
512 1106 614 1323
450 1106 573 1299
0 1090 94 1204
684 1085 831 1229
1901 1081 1995 1467
700 1081 840 1208
749 1077 893 1249
1278 1073 1503 1172
1815 1061 1950 1245
1585 1049 1717 1200
1737 1024 1840 1180
1319 1024 1442 1114
98 1024 184 1233
1090 1020 1200 1270
1614 1016 1893 1233
1622 1012 1729 1151
614 1008 835 1155
200 1008 299 1184
336 991 479 1139
1294 983 1561 1151
954 983 1196 1184
1217 979 1422 1471
0 975 102 1217
1225 967 1422 1159
1590 963 1729 1044
885 963 1147 1172
598 950 758 1151
233 946 344 1155
401 938 598 1135
1549 930 1631 1126
1024 930 1192 1053
737 922 835 1004
1364 901 1532 991
1811 893 1905 1110
1631 893 1729 975
1262 889 1376 991
995 889 1167 979
1262 885 1540 971
909 885 1098 987
1692 864 1790 1106
1602 864 1684 971
905 860 1135 950
807 856 889 1167
303 852 430 958
278 848 389 1102
1229 835 1508 975
868 831 971 975
549 807 803 1077
1430 799 1573 987
983 795 1200 1020
0 795 90 991
180 758 303 1069
1233 754 1573 852
864 754 1200 852
352 745 450 860
762 737 844 922
1606 721 1766 901
700 721 782 909
1815 717 1934 1069
1237 700 1569 795
471 700 577 930
1311 688 1430 770
626 688 741 852
352 684 434 815
946 672 1069 762
938 667 1204 790
631 639 741 729
565 635 655 917
520 622 622 917
1680 614 1770 741
1462 614 1557 741
1110 614 1213 737
1577 590 1684 864
1782 569 1934 737
1655 569 1807 737
1610 569 1753 651
0 557 102 958
1233 549 1647 713
786 532 909 782
926 524 1282 782
491 524 631 704
1290 512 1520 606
844 512 1040 708
1057 495 1184 577
1217 491 1344 606
987 491 1102 573
1880 487 2012 754
1553 483 1860 586
864 479 958 577
1471 475 1553 606
1680 467 1885 553
561 463 766 590
1889 442 1971 581
1938 434 2024 532
274 430 467 913
741 417 864 626
442 413 573 577
1598 405 1815 540
1180 401 1327 569
290 401 389 672
1040 397 1151 499
1921 393 2032 495
1704 368 1901 487
1131 368 1262 524
835 352 1024 512
1409 340 1606 512
