0 0 1536 2049
1262 1536 1536 2049
286 463 598 602
1282 0 1536 1971
1319 356 1536 1971
0 0 1520 2049
667 0 946 2016
0 1159 372 1856
0 1188 372 1856
0 561 340 897
131 1159 352 1323
122 1188 319 1549
0 1262 372 1856
327 536 881 1221
327 536 819 1196
327 536 799 1028
393 536 799 1028
393 536 725 803
155 1262 372 1856
176 1262 372 1856
631 917 881 1221
0 0 741 741
754 0 1520 2049
754 0 958 176
815 0 958 176
913 0 1520 2049
0 508 954 2049
0 540 954 2049
0 540 512 1233
0 840 954 2049
0 926 954 2049
0 1004 954 2049
393 569 725 803
278 508 549 594
0 0 680 741
495 581 799 1028
147 926 786 1880
393 569 614 803
0 1430 348 2049
0 1430 307 2049
499 0 741 590
598 0 704 512
954 0 1520 2049
1040 0 1253 1319
549 942 819 1196
147 926 754 1852
147 926 733 1381
655 1241 786 1880
495 581 799 987
0 1430 225 2049
0 1053 303 1491
0 1053 303 1413
1348 676 1536 1913
655 1487 786 1880
0 1159 249 1413
282 1790 626 2049
1012 0 1294 1422
963 0 1520 2049
1012 0 1200 1422
176 840 610 1049
176 913 508 1049
303 1004 954 2049
1143 0 1294 1335
0 1053 303 1393
1012 0 1094 1266
0 1061 303 1393
196 549 458 881
315 1663 954 2049
963 0 1508 2049
495 610 725 823
122 1053 299 1147
282 1831 626 2049
487 1799 954 2049
491 1856 954 2049
0 540 438 1233
618 1938 954 2049
299 1889 626 2049
491 1856 733 1991
1180 1835 1319 2049
282 1831 528 1971
1389 1811 1536 2049
487 1799 803 1967
266 1741 348 1954
36 1725 225 2049
86 1704 307 2049
315 1663 766 1909
1315 1614 1471 1876
1262 1590 1393 1840
1319 1585 1536 1971
1278 1581 1536 2032
655 1581 786 1880
1262 1536 1417 1840
995 1487 1110 2049
155 1462 286 1725
176 1454 336 1856
0 1430 213 2049
1004 1417 1147 1844
0 1393 163 1569
122 1364 303 1549
0 1327 155 1491
204 1323 340 1422
208 1262 372 1717
729 1200 872 1979
139 1188 319 1409
266 1167 352 1249
0 1163 208 1393
131 1159 344 1323
1028 1135 1147 1323
995 1118 1176 1434
413 1069 754 1852
114 1061 303 1237
147 1040 397 1303
303 1004 573 1762
549 999 819 1196
1081 983 1200 1422
614 942 815 1069
311 938 508 1044
155 926 733 1381
176 913 409 1049
680 893 799 1008
540 893 721 1028
0 893 389 1233
409 840 610 963
118 803 430 934
487 799 602 901
409 799 512 930
110 770 204 856
1012 737 1094 1266
499 717 663 823
327 717 475 852
1348 676 1536 1860
409 676 573 803
0 676 131 807
282 672 417 844
262 667 397 778
495 610 725 782
1184 590 1278 1167
577 581 799 987
520 577 725 688
221 577 422 754
393 569 614 700
172 557 319 672
0 540 438 1016
450 536 713 680
278 508 483 594
499 504 741 590
413 504 598 602
286 463 590 565
1319 356 1536 1610
598 208 692 512
963 86 1508 2049
1040 77 1245 1319
831 24 946 2016
1282 0 1536 1614
1315 0 1520 221
1172 0 1294 1057
1081 0 1253 159
754 0 844 90
667 0 856 987
49 0 385 258
0 0 954 2049
540 0 1536 2049
0 508 483 897
0 557 340 897
1028 0 1253 1323
0 0 881 1491
631 1057 881 1241
0 0 741 1491
0 0 741 1303
196 504 598 881
540 0 958 2016
971 1487 1110 2049
631 1147 844 1241
0 1430 286 2049
266 1741 348 2049
0 504 741 1303
1262 1581 1536 2049
139 926 733 1409
86 1004 954 2049
0 0 680 807
913 0 1536 2049
963 0 1536 2049
1012 0 1344 1422
393 504 741 823
1282 0 1536 1913
176 799 610 1049
913 0 1147 2049
913 0 1012 2049
614 221 868 1159
196 549 475 881
86 1364 954 2049
282 1663 954 2049
1262 1590 1536 2049
208 1004 754 1852
0 540 512 1303
0 540 438 1303
540 0 946 2016
1319 356 1536 1913
922 0 1012 2049
614 901 819 1069
86 1364 336 2049
282 1790 954 2049
393 536 725 823
393 569 725 823
540 581 819 1196
540 893 819 1196
282 1831 954 2049
315 1663 803 1967
303 1004 754 1852
86 1454 336 2049
299 1889 954 2049
1266 1499 1536 2049
0 1364 303 1573
413 881 819 1225
393 508 713 700
118 1364 303 1573
676 0 958 2012
409 446 827 1188
540 663 827 1188
409 446 815 1028
495 446 815 1028
135 1454 286 1573
626 917 885 1983
692 1184 872 1983
692 1204 872 1983
495 577 815 1028
0 0 704 819
0 491 598 819
495 577 799 1028
954 0 1536 2049
676 0 942 2012
0 0 1327 2049
0 540 958 2049
192 991 958 2049
192 1307 958 2049
192 1307 795 1962
626 917 885 1262
626 1102 885 1262
631 1102 885 1225
0 540 606 1495
0 0 704 766
913 0 1327 2049
0 540 606 1413
0 0 680 766
495 594 799 1028
1282 0 1536 1962
721 0 958 176
282 1782 958 2049
495 594 770 1028
0 540 606 1372
0 540 606 1258
208 573 467 881
290 934 536 1061
922 0 1327 2049
1143 0 1327 1389
922 0 1151 2049
1319 368 1536 1962
0 1426 336 2049
930 0 1151 1831
0 1061 303 1372
975 0 1151 1327
590 1901 958 2049
36 1889 143 2049
1204 1864 1319 2049
463 1852 655 2049
282 1782 647 2049
1315 1635 1536 1971
991 1532 1098 2049
1266 1499 1536 2036
139 1495 233 1778
1020 1487 1110 1676
172 1487 336 1885
1020 1483 1126 1745
135 1458 217 1549
151 1454 286 1573
0 1426 307 2049
1004 1422 1147 1717
0 1393 147 1536
118 1364 303 1495
217 1348 311 1512
0 1245 270 1495
0 1225 172 1372
733 1204 872 1983
622 1139 819 1225
131 1118 385 1409
680 1102 885 1225
114 1061 303 1229
0 1036 422 1413
1004 1008 1176 1430
262 991 754 1852
540 938 815 1188
290 934 536 1049
680 930 778 1020
626 917 749 999
413 881 626 1184
184 766 606 1057
618 758 799 967
1348 737 1536 1913
499 717 610 840
233 696 372 881
409 676 573 807
262 672 467 881
258 667 397 778
0 643 196 819
520 602 704 688
0 586 286 860
573 577 741 700
208 573 426 782
0 540 438 1258
139 491 598 680
598 446 754 631
520 364 696 512
831 24 942 2012
1282 0 1536 1639
954 0 1516 2049
1163 0 1327 1294
1073 0 1253 143
1012 0 1151 1327
721 0 856 176
676 0 864 987
106 0 196 118
0 0 958 2049
184 573 626 1184
184 573 606 1061
622 270 885 1262
622 1102 885 1262
520 0 754 700
922 0 1536 2049
0 1348 311 1573
626 917 778 1020
135 1348 311 1573
520 0 754 631
520 0 704 512
971 1405 1147 2049
758 270 881 1208
495 0 958 2012
758 663 881 1208
0 0 713 1495
184 573 606 1057
0 991 958 2049
499 717 672 840
0 491 713 1495
139 491 713 700
561 729 672 823
0 540 438 1495
0 1036 422 1495
0 1245 303 1495
495 0 942 2012
495 594 815 1188
184 672 606 1057
758 663 868 1155
733 24 942 2012
0 1393 168 1614
217 504 594 811
217 504 594 754
1278 1598 1536 2032
1208 1712 1323 2049
1225 1712 1323 2049
692 463 848 835
1376 1872 1536 2049
606 1143 922 1393
0 286 864 1192
0 286 852 1192
590 766 852 1192
1196 0 1520 1344
1196 225 1503 1344
1290 225 1503 823
1290 225 1475 512
0 286 795 1020
401 286 795 1020
401 504 795 1020
401 512 795 1020
401 512 713 696
118 1016 463 1549
118 1024 463 1549
176 1024 463 1389
0 401 594 807
155 1266 397 1614
204 1643 561 2049
204 1643 348 2049
1139 0 1303 1311
0 536 606 1499
409 934 549 1155
450 987 549 1155
979 913 1221 1479
397 1520 770 1913
397 1520 512 1667
1044 1475 1249 1807
1413 258 1503 823
606 1143 864 1393
118 1348 303 1549
1024 672 1188 1323
528 860 930 1819
553 860 930 1819
631 860 930 1819
815 860 930 1819
1438 881 1536 1024
1044 1475 1241 1790
1044 1475 1200 1680
1028 672 1188 1290
495 581 795 1020
217 1708 348 2049
692 463 848 688
0 1680 94 1844
1196 545 1434 1344
1225 545 1434 1340
1225 545 1434 1122
233 1016 413 1188
0 1770 233 2049
1401 1872 1536 2049
991 1159 1221 1479
73 1770 233 2049
0 0 954 1167
1266 545 1434 942
1258 1840 1454 2049
1258 1840 1405 2049
553 999 725 1192
0 1741 94 1844
495 598 795 1020
282 1782 561 2049
282 1848 561 2049
0 536 606 1409
0 913 213 1122
1167 1422 1278 1520
1085 672 1188 1118
1090 672 1188 897
413 1598 770 1913
0 0 954 864
0 1057 995 2049
848 1745 942 2012
954 0 1483 2049
991 1294 1241 2049
991 1422 1241 2049
995 1422 1241 2049
1008 1422 1241 2049
1098 1651 1241 2049
1114 1753 1241 2049
954 0 1483 1967
155 1360 397 1614
204 1643 286 1844
1278 0 1536 1909
1282 348 1454 577
1307 0 1483 368
131 1348 303 1549
1258 1024 1352 1340
954 0 1413 1967
1073 0 1184 274
0 1057 958 2049
995 1823 1081 2049
954 0 1327 1967
954 0 1290 1967
954 0 1262 1967
954 0 1253 1967
667 114 856 512
618 1241 745 1811
1044 1294 1442 1905
1044 1442 1270 1663
1217 0 1303 799
479 118 663 262
1237 438 1413 926
549 708 795 1020
286 1893 561 2049
954 0 1069 1967
676 208 856 512
12 401 594 786
176 1360 397 1614
1319 889 1536 1909
1184 1294 1442 1905
954 0 1053 1967
0 1549 327 2049
0 1549 319 2049
0 1311 188 1499
327 1057 958 2049
1278 0 1536 1643
967 0 1053 1442
1237 438 1405 926
1237 561 1405 926
1319 889 1458 1618
1139 94 1258 1311
1139 553 1221 1311
1442 368 1536 909
1036 0 1253 1135
1348 942 1536 1909
1348 975 1536 1909
1409 1393 1536 1729
0 536 606 1376
0 803 606 1376
0 1032 303 1376
0 1032 266 1376
0 1032 172 1376
0 1032 172 1258
0 1549 286 2049
127 401 594 688
327 1057 922 2049
0 1549 270 1967
114 1573 270 1917
114 1573 225 1803
667 0 954 864
0 1122 340 1409
1036 573 1188 1135
1057 0 1253 704
155 803 606 1061
0 1549 163 1967
0 1631 163 1967
1213 1585 1442 1905
1213 1585 1413 1889
1213 1585 1364 1889
1208 0 1327 975
0 536 446 999
151 831 430 934
1114 1790 1221 2049
1348 975 1512 1807
667 0 954 221
0 0 672 594
1053 573 1188 946
1237 618 1405 926
713 143 942 864
1360 889 1458 1376
676 208 782 512
1438 1393 1536 1729
40 401 176 594
184 713 364 881
0 0 672 557
0 1889 118 2049
0 0 606 557
745 1278 872 1983
745 1278 868 1905
1348 975 1512 1680
1348 975 1512 1598
1057 0 1245 704
1344 0 1475 135
1381 975 1512 1454
1381 1106 1508 1454
163 401 594 672
1249 618 1405 770
1053 704 1167 946
331 1057 733 1717
1331 0 1536 1286
36 1631 163 1921
1331 352 1520 1286
713 143 942 721
61 536 446 840
61 561 327 840
61 594 286 840
0 397 110 557
0 0 606 536
655 708 795 1016
1077 65 1245 569
286 1897 557 2049
327 1680 922 2049
327 1680 831 2049
0 1065 139 1258
1077 184 1237 569
713 143 942 655
713 143 942 504
327 1680 782 1954
344 1749 782 1954
618 1241 745 1655
667 0 856 221
303 401 594 549
762 1471 868 1905
0 0 561 536
0 0 561 504
1319 1606 1536 1971
655 848 795 1016
471 1327 573 1508
155 811 545 1061
172 364 303 512
1081 0 1184 192
368 1057 733 1635
377 1057 733 1635
377 1057 655 1635
0 0 463 504
745 1278 856 1696
36 1631 163 1811
434 1057 655 1635
479 1848 831 2049
172 0 561 237
475 1790 782 1954
1102 1442 1270 1663
110 1094 266 1225
172 0 561 159
463 1196 655 1635
856 159 942 504
254 0 561 159
0 0 430 430
1417 352 1520 917
0 73 430 430
0 73 397 368
61 73 397 356
479 1848 713 2049
1331 721 1430 1286
1401 1950 1536 2049
0 1950 98 2049
1278 1934 1405 2049
1122 1934 1204 2049
680 1930 831 2032
303 1921 557 2049
73 1921 192 2049
217 1901 319 2049
131 1897 286 2049
454 1893 561 1983
1233 1889 1323 2049
602 1889 713 2020
20 1889 118 2008
1405 1872 1491 1967
479 1848 631 2049
282 1848 381 1942
409 1831 561 1958
766 1823 872 1983
0 1823 86 1967
848 1815 942 2012
520 1815 782 1954
475 1790 766 1909
49 1790 155 1921
327 1782 471 1901
118 1770 233 1958
1393 1762 1536 1971
1135 1753 1241 1934
344 1749 528 1852
1311 1737 1413 1840
1008 1712 1090 1827
254 1708 348 1921
766 1696 868 1905
688 1696 770 1913
49 1696 163 1811
442 1680 573 1762
327 1680 524 1794
1266 1676 1364 1889
1139 1663 1241 1790
1385 1647 1487 1807
639 1647 745 1811
36 1631 139 1733
1012 1622 1098 1807
131 1614 225 1803
1319 1606 1450 1790
1102 1598 1200 1680
413 1598 713 1848
1213 1585 1331 1729
184 1569 319 1696
1422 1553 1508 1721
0 1549 118 1717
1442 1532 1536 1729
1155 1520 1270 1663
409 1520 512 1667
1348 1503 1454 1680
155 1491 241 1614
1008 1487 1110 1671
1044 1475 1163 1614
762 1471 868 1876
176 1458 303 1614
0 1454 81 1569
1102 1442 1184 1553
1008 1422 1131 1667
331 1409 479 1717
1438 1393 1536 1532
118 1393 208 1508
0 1393 151 1569
147 1368 299 1549
754 1360 856 1696
622 1360 733 1569
262 1360 397 1577
368 1327 495 1471
463 1323 655 1635
1036 1311 1221 1479
32 1311 188 1434
1184 1294 1307 1610
991 1294 1085 1512
0 1290 155 1409
745 1278 831 1520
221 1266 336 1422
377 1249 536 1389
0 1229 155 1376
1278 1200 1364 1643
479 1196 590 1335
139 1184 327 1385
700 1180 864 1376
401 1172 512 1294
991 1159 1118 1335
1196 1151 1311 1344
819 1147 922 1233
176 1147 413 1389
606 1143 754 1393
1024 1139 1147 1323
61 1122 340 1327
1393 1106 1508 1450
635 1094 725 1192
434 1057 561 1249
233 1057 381 1188
61 1032 172 1139
1028 1024 1147 1290
352 1024 463 1192
286 1016 413 1135
815 1008 922 1208
553 999 725 1188
1233 991 1331 1122
458 987 549 1102
1172 983 1262 1335
118 983 295 1094
409 934 545 1090
311 934 540 1040
655 913 795 1016
0 913 213 1065
155 909 450 1061
1085 893 1167 1118
590 893 815 1192
549 881 696 1020
1188 868 1290 1200
1225 864 1368 1122
659 848 774 967
1053 831 1163 946
270 831 430 934
401 811 545 954
475 803 606 942
258 799 364 881
581 795 680 926
102 790 217 885
1036 766 1159 1135
1090 754 1180 897
1237 721 1360 926
311 717 483 852
184 713 266 881
700 708 795 938
1266 704 1393 942
1053 704 1167 864
0 688 340 999
282 684 413 815
245 684 385 876
1102 672 1188 848
1012 672 1163 1409
262 667 405 778
1249 663 1389 770
397 659 573 811
61 651 221 840
233 626 405 749
1258 618 1405 704
495 598 717 876
163 594 286 725
659 581 758 782
1061 573 1188 737
217 569 430 754
1266 561 1397 647
217 561 327 663
12 557 155 786
745 545 848 688
401 540 602 696
311 536 446 618
0 528 81 807
127 516 217 688
520 512 713 688
401 504 594 610
163 483 348 672
0 467 110 557
692 463 815 631
303 463 467 549
1327 446 1438 561
114 434 258 536
721 413 856 721
221 413 303 512
430 401 594 508
40 401 131 512
0 397 90 512
1081 385 1217 569
303 368 463 504
172 364 258 450
737 344 856 491
69 319 204 463
0 307 94 430
192 303 430 430
401 299 512 450
471 286 680 504
1385 262 1475 512
856 249 938 504
717 245 856 401
1290 225 1389 422
1327 221 1442 368
676 208 782 504
188 208 397 356
0 196 213 368
1077 184 1237 434
352 176 672 340
856 159 942 307
417 159 516 254
290 159 413 290
713 143 856 286
192 143 290 241
577 135 663 262
385 127 487 237
258 127 368 225
479 118 594 254
176 94 319 176
1307 77 1483 368
61 73 213 254
1135 65 1245 270
0 65 110 159
737 61 856 221
258 49 381 131
352 45 561 159
1344 36 1454 135
1344 0 1520 352
1122 0 1253 94
1081 0 1172 192
1057 0 1200 704
844 0 954 176
754 0 856 94
667 0 799 208
442 0 663 110
254 0 491 98
172 0 303 127
0 0 176 98
1008 1422 1131 2049
856 0 1536 2049
233 626 610 876
401 504 713 610
856 0 979 1983
868 0 979 1983
286 934 545 1135
245 659 610 876
286 934 540 1135
262 659 610 815
262 659 610 811
1278 0 1536 1971
1319 368 1536 1971
0 512 958 2049
0 1393 958 2049
0 0 954 2012
1139 0 1327 1311
176 0 954 2012
397 659 610 811
922 0 1262 2049
0 512 795 1549
0 536 606 1549
0 803 606 1549
0 536 483 1065
184 713 483 934
270 717 483 934
1278 352 1520 1643
1192 0 1327 983
0 536 446 1065
401 512 795 1016
0 1057 381 1549
0 1057 381 1508
0 1057 381 1499
61 1057 381 1327
495 0 954 1819
1319 368 1536 1909
922 0 1053 2049
176 987 942 2012
221 1266 397 1708
0 1290 188 1499
1012 0 1262 1426
1012 0 1163 1409
0 909 450 1376
975 0 1536 2049
163 536 446 725
163 561 327 725
0 1393 922 2049
667 0 954 1819
1192 0 1303 983
401 803 606 954
0 651 340 1065
1184 0 1520 1610
0 983 295 1376
61 983 295 1139
0 1065 155 1376
495 581 864 1192
327 1680 766 1909
0 1393 233 2049
1028 0 1253 1290
659 581 864 1176
659 581 852 995
749 610 852 995
495 881 815 1192
0 1393 163 1967
254 1708 471 1954
975 1118 1536 2049
94 1528 225 1803
1319 618 1536 1909
495 930 594 1151
1192 159 1282 983
401 512 774 967
176 987 754 1848
991 1294 1536 2049
991 1487 1110 2049
0 688 340 1065
1085 754 1180 1118
1340 1872 1536 2049
1340 1872 1491 2008
1340 1872 1491 1983
700 1147 922 1376
344 1749 766 1909
991 1294 1442 2049
73 1458 922 2049
73 1458 327 2049
286 1831 922 2049
0 1680 94 1967
1225 0 1520 1122
1348 618 1536 1909
1348 618 1536 1766
549 881 815 1192
73 1643 286 2049
262 1360 397 1708
176 1458 327 1766
815 557 930 1819
0 528 86 807
1184 868 1352 1610
991 1622 1098 2049
1348 618 1536 1729
176 987 549 1389
618 1200 942 2012
0 0 680 594
258 127 381 225
0 1680 94 1823
659 581 795 938
618 1200 872 1983
618 1241 770 1913
667 0 954 1040
331 1057 754 1848
545 1106 754 1393
553 893 815 1192
745 1200 872 1983
200 1643 286 1917
495 598 774 967
1135 983 1262 1426
1278 721 1430 1643
1110 1790 1221 2049
282 1782 471 1954
0 1393 163 1811
303 1831 922 2049
1348 942 1536 1729
176 49 381 176
327 1782 471 1954
73 1897 286 2049
303 1848 922 2049
479 1848 922 2049
184 1569 327 1766
442 0 663 262
528 69 663 262
331 1057 733 1848
143 0 303 159
991 1294 1221 1520
401 540 606 696
1225 221 1454 1122
1327 0 1454 135
995 1622 1098 2049
20 1770 233 2008
0 1549 163 1811
667 0 954 721
995 1712 1090 2049
0 1741 86 1967
1061 573 1188 848
1044 1475 1442 2049
1135 1585 1442 2049
1184 1024 1352 1610
12 463 467 786
1348 1327 1536 1729
1348 1393 1536 1729
1348 942 1536 1598
1077 0 1253 569
1036 704 1167 1135
1184 1151 1311 1610
20 1790 155 2008
1135 1676 1442 2049
352 987 549 1192
1110 1934 1204 2049
12 516 217 786
1044 1475 1270 1680
1044 1475 1270 1663
1278 881 1405 1643
1307 0 1520 512
1422 1393 1536 1729
1135 1676 1405 2049
1225 1676 1405 2049
1208 295 1294 975
991 1294 1221 1512
114 364 303 536
114 364 258 536
1266 221 1454 647
1282 221 1454 577
667 0 954 512
1290 221 1442 422
1225 618 1405 1122
1225 663 1389 1122
0 307 110 557
0 307 94 512
1085 0 1253 94
1422 1532 1536 1729
1266 438 1397 647
1348 1335 1438 1598
1393 942 1536 1450
1393 975 1512 1450
745 1278 868 1876
0 0 463 594
0 0 290 254
1258 1676 1405 2049
1258 1676 1364 1950
331 1057 655 1717
667 0 954 504
254 0 680 504
352 176 680 504
