0 0 1536 2049
336 1151 672 2049
368 1741 672 2049
876 975 1077 1532
61 467 1536 2049
0 581 491 2049
0 0 1536 1631
53 311 499 495
336 1151 528 1774
0 635 491 2049
0 848 491 2049
1106 122 1536 229
0 348 975 708
0 352 377 708
53 311 499 446
0 581 118 840
172 1122 450 1307
319 192 1536 1631
0 0 1536 565
659 233 1536 1631
0 1155 491 2049
274 1335 446 1766
1057 987 1196 1106
606 963 848 1549
0 1196 479 2049
319 192 1536 606
659 430 1536 1631
659 614 1536 1631
659 626 1536 1631
659 626 1536 1315
0 848 208 1561
606 208 942 417
1020 233 1131 524
1118 1020 1360 1253
856 614 1172 954
1032 229 1536 495
0 0 1536 368
795 135 1114 221
946 626 1536 1315
53 311 319 417
672 1020 1536 1631
0 1213 479 2049
0 848 208 1446
0 848 188 1446
991 815 1442 897
0 848 188 1389
0 1262 131 1446
659 713 967 1110
0 0 1422 368
200 348 975 569
1331 0 1536 143
885 430 1536 782
0 0 676 368
0 0 676 360
0 0 676 352
672 1020 1090 1631
672 1020 946 1544
676 1028 946 1544
192 1671 389 2049
0 0 676 319
479 0 1422 286
868 0 1422 159
0 0 676 307
495 24 774 241
479 94 930 286
991 430 1536 684
0 188 483 352
0 188 286 340
868 0 1282 159
319 192 1262 606
577 94 930 286
200 442 782 569
659 713 967 1098
577 147 848 286
749 942 954 1098
676 1126 946 1544
180 319 922 565
286 319 922 540
286 368 922 540
659 713 967 958
885 581 1376 782
49 0 676 307
270 0 676 307
381 0 676 192
381 0 676 155
659 889 876 1110
659 889 864 1110
49 0 364 258
49 0 352 258
430 1917 672 2049
0 1893 147 2049
1327 1889 1536 2049
286 1885 389 2049
274 1852 397 2016
176 1823 266 2049
1020 1819 1118 1934
770 1631 942 1729
274 1631 356 1766
188 1540 290 1700
1290 1471 1389 1553
684 1393 1090 1631
0 1381 86 1561
49 1348 131 1446
295 1335 446 1663
684 1327 909 1544
979 1286 1536 1618
295 1196 434 1397
262 1167 348 1282
676 1155 848 1549
336 1155 528 1774
0 1155 491 1585
336 1151 512 1631
217 1147 446 1253
77 1135 208 1290
676 1126 946 1512
876 1118 1077 1532
713 1028 942 1188
987 1024 1245 1278
1180 1020 1360 1245
672 1020 774 1217
1057 987 1155 1106
749 967 954 1098
672 963 864 1110
963 954 1073 1044
946 954 1360 1315
831 942 946 1053
733 942 876 1024
12 938 188 1389
659 889 815 1040
0 848 106 1069
1139 815 1442 897
942 807 1172 954
659 770 745 905
995 688 1376 782
967 626 1536 1249
856 614 1073 815
885 581 1348 717
741 573 1135 762
1024 561 1495 643
1020 536 1536 663
286 417 635 540
131 413 319 499
110 405 368 528
127 397 479 495
1032 381 1122 524
622 368 922 454
319 352 1110 606
0 352 176 708
749 348 975 471
217 336 499 446
491 319 680 434
53 311 180 413
24 311 139 483
655 290 942 417
0 266 237 581
1069 249 1536 495
168 237 286 340
1020 233 1131 430
1032 229 1536 430
688 225 909 385
266 225 401 315
606 208 795 327
778 200 942 348
835 192 1262 450
0 188 213 336
200 176 307 262
577 172 766 286
479 159 647 270
401 151 516 241
688 147 848 245
1053 143 1282 225
0 90 98 176
495 81 688 241
995 65 1090 147
237 65 364 163
49 49 290 258
0 32 110 127
639 24 774 188
385 16 467 192
1331 0 1536 122
1262 0 1422 139
983 0 1282 155
868 0 999 159
840 0 942 110
737 0 876 151
610 0 815 114
561 0 676 155
381 0 610 155
270 0 573 307
192 0 352 168
0 0 229 81
749 967 1536 1532
172 1122 528 2016
274 1151 528 2016
295 1151 528 1979
0 266 975 581
0 467 1536 2049
1020 229 1536 463
1020 229 1536 430
1106 1196 1278 1278
749 967 1077 1532
200 290 975 569
0 0 1536 708
0 635 672 2049
659 249 1536 1631
590 290 942 446
741 249 1536 762
286 1876 672 2049
368 1917 672 2049
295 1151 528 1774
659 581 1536 1631
0 192 1262 708
295 1155 528 1774
1032 249 1536 524
684 1286 1536 1631
176 192 1262 626
286 1876 405 2049
0 0 1536 434
741 430 1536 762
98 938 180 1151
53 307 922 565
53 307 499 499
98 307 499 499
127 397 479 499
434 286 680 434
659 581 1536 1544
98 307 499 446
491 315 680 434
606 208 909 385
0 635 208 1561
659 581 1536 1315
659 713 1360 1315
659 713 1172 1110
0 0 1536 352
577 0 1536 286
0 1348 131 1561
0 0 774 352
795 0 1536 229
795 122 1536 229
856 581 1536 1282
180 368 922 565
659 713 967 1040
688 94 930 245
741 561 1495 762
868 0 1536 159
1381 49 1536 143
606 208 799 327
446 348 975 512
856 581 1536 1249
963 626 1536 1249
0 0 688 352
1262 0 1536 139
659 889 876 1040
0 635 208 1389
1053 122 1536 229
856 581 1376 815
168 176 483 352
0 0 688 336
0 848 208 1389
168 176 307 340
676 1028 946 1512
0 0 610 336
12 938 208 1389
0 0 573 336
0 32 110 176
495 0 688 241
946 0 1282 155
49 0 573 307
0 0 1536 1561
622 696 864 1032
0 0 1536 1544
0 573 528 2049
0 848 528 2049
0 385 1536 2049
893 721 1172 975
53 311 319 528
606 290 942 434
0 848 479 2049
299 1159 528 1729
0 573 208 1258
672 290 942 417
864 200 1536 516
864 200 1536 495
1020 233 1536 495
659 192 1536 1544
745 192 1536 1249
0 0 1536 581
618 208 979 401
659 708 1536 1544
864 200 1536 286
672 963 1536 1544
1032 245 1536 495
0 1245 135 1561
0 1245 135 1508
266 1717 393 2049
127 401 479 528
909 971 1536 1487
672 963 942 1544
0 1155 479 2049
0 0 1536 360
0 0 774 360
32 311 967 581
434 208 651 360
434 278 651 360
659 708 971 1122
659 708 971 1110
659 708 971 958
795 0 1536 233
1106 0 1536 229
1331 0 1536 172
0 0 774 323
303 315 967 536
577 139 848 286
659 889 963 1110
0 172 487 385
856 581 1405 799
881 0 1422 159
881 0 1282 159
0 0 545 323
381 0 774 241
0 0 516 323
0 0 467 323
274 1840 446 2049
266 1782 393 2049
360 1729 446 1995
274 1639 356 1770
176 1577 381 2049
176 1438 270 1532
0 1438 94 1561
0 1352 135 1508
0 1331 163 1565
65 1278 196 1446
676 1213 963 1561
299 1213 491 1663
131 1163 348 1360
327 1159 528 1729
282 1155 446 1417
213 1151 491 1253
196 1135 450 1278
1233 1053 1364 1151
713 1049 942 1188
729 975 950 1122
672 963 938 1544
704 917 963 1040
659 889 815 1110
0 848 208 1417
946 831 1172 975
975 815 1442 922
774 811 856 913
659 766 741 901
893 721 975 885
856 614 1405 799
0 573 143 1053
963 561 1536 1249
127 401 385 528
81 393 975 622
1032 385 1122 483
303 368 967 536
258 336 499 446
672 327 864 417
434 315 680 434
53 311 217 528
32 311 594 581
840 290 942 389
0 266 102 442
180 254 487 352
1057 245 1536 495
643 225 917 389
811 208 979 401
618 208 893 397
442 208 606 299
745 192 1536 766
577 172 807 286
0 172 213 385
479 159 622 270
795 147 1286 233
692 139 848 254
799 94 922 176
417 77 545 204
1413 73 1536 172
721 61 811 143
0 28 307 262
639 24 774 155
385 16 516 241
1344 0 1536 86
1331 0 1434 127
1253 0 1422 139
958 0 1282 159
881 0 1090 155
827 0 913 110
381 0 700 241
237 0 467 323
176 0 352 155
49 0 229 81
299 1159 528 1995
864 200 1536 430
655 958 963 1561
0 573 491 2049
81 208 979 622
606 208 979 434
196 1135 491 1417
0 573 479 2049
606 327 864 434
799 0 1044 192
799 0 922 176
53 311 479 528
176 1577 446 2049
704 192 1536 1249
479 159 807 286
176 1577 393 2049
122 372 479 528
258 336 561 450
434 208 631 368
434 286 631 368
659 708 1536 1487
704 561 1536 1249
196 1135 491 1278
98 274 368 385
0 1352 135 1561
618 0 1536 397
618 208 917 397
692 0 1536 254
0 0 774 434
704 815 1442 1040
180 254 680 434
827 0 1536 172
1253 0 1536 172
827 0 1282 159
795 122 1536 233
946 815 1442 975
0 0 774 385
0 0 700 385
856 561 1536 1249
385 16 545 241
0 0 700 323
475 1118 659 1323
942 958 1135 1233
331 1323 561 2049
331 1598 561 2049
786 717 967 885
626 147 1372 430
450 1454 704 1696
463 1454 704 1696
0 274 770 979
1024 1290 1503 1462
922 610 1536 893
922 610 1495 893
1077 381 1536 516
1266 1073 1454 1237
1442 1471 1536 1569
1008 610 1495 774
975 778 1258 893
692 1483 1151 1712
0 274 770 958
0 274 274 958
0 274 204 897
1299 1790 1446 1967
561 1807 831 1917
1024 1294 1405 1462
1024 1311 1262 1462
463 1454 639 1676
0 663 717 2049
860 991 1389 1569
860 1188 1389 1569
1069 1405 1389 1569
1069 1405 1282 1532
860 1188 1151 1532
958 991 1249 1303
1069 1426 1233 1532
0 663 717 1577
782 147 1372 352
0 1155 487 2049
180 848 651 1167
241 848 651 1167
290 848 651 1167
106 663 717 1577
106 876 696 1577
319 848 651 1167
1299 1807 1446 1967
626 254 967 430
331 1598 557 2008
1008 991 1249 1278
1053 991 1249 1253
258 1852 450 2049
258 1852 401 2049
532 663 717 1389
1077 389 1536 516
0 0 1536 946
766 1483 1151 1712
413 704 1536 2049
1163 1471 1393 1712
688 713 848 909
688 713 831 881
1241 610 1495 774
331 1598 557 1971
213 1024 696 1577
0 0 1536 770
639 389 1135 770
639 389 1135 758
0 495 204 897
0 495 196 795
0 0 229 180
196 458 770 672
471 1208 696 1577
573 1221 696 1577
659 762 971 1544
663 881 958 1544
0 0 1536 741
958 1044 1073 1303
0 0 958 565
364 1680 557 1971
94 495 782 946
963 704 1536 1299
1102 1167 1536 1299
708 0 1536 741
1344 569 1536 741
1405 569 1536 733
94 508 782 946
28 495 196 795
413 1278 1536 2049
958 1044 1073 1245
708 0 1536 717
94 532 688 946
94 532 651 946
94 532 512 815
127 532 512 815
127 532 352 815
147 577 352 815
708 0 1536 713
963 704 1536 1225
98 372 545 553
397 643 651 946
397 643 647 946
397 766 647 946
413 1327 1536 2049
1237 1647 1385 1790
963 704 1536 1151
963 704 1536 1135
963 704 1536 1118
917 233 1057 512
963 704 1536 1040
299 594 512 782
213 1024 512 1258
663 889 958 1544
1442 266 1536 417
413 1331 1536 2049
1102 1217 1536 1299
1151 979 1442 1118
450 848 651 1167
0 844 213 1557
1057 991 1249 1139
1024 704 1536 872
1024 704 1471 868
1122 754 1471 868
1122 754 1471 860
963 848 1471 1040
926 1323 1151 1491
815 0 1536 713
1102 299 1393 463
1102 352 1319 463
799 1598 1008 1745
799 1598 1008 1680
0 0 704 442
917 270 1028 397
495 1389 672 1631
106 876 270 1253
1167 389 1536 487
1245 389 1536 479
479 1856 704 2028
528 1856 704 2028
36 311 540 569
90 331 540 442
413 1422 1536 2049
413 1487 1536 2049
1151 979 1405 1118
0 200 258 319
663 889 958 1516
663 889 958 1426
0 0 704 323
532 909 672 1389
815 0 1536 692
930 385 1536 692
975 385 1430 573
975 1823 1118 2016
930 532 1536 692
975 786 1258 893
1233 1331 1475 1471
1262 1340 1475 1471
303 372 545 467
1090 1487 1282 1729
815 0 1536 483
975 0 1266 90
663 889 958 1397
692 1036 946 1397
413 1569 1536 2049
1241 754 1471 848
692 1167 934 1397
1327 1581 1438 1696
704 1036 946 1221
815 0 1405 221
147 704 336 815
1106 532 1536 667
1032 0 1536 483
286 1024 512 1217
1106 0 1536 368
618 1647 1536 2049
0 0 540 323
696 389 1135 626
860 0 1405 221
975 0 1405 221
0 1233 331 1565
663 889 958 1122
0 844 213 1438
0 1155 446 2049
860 57 1237 163
885 65 1237 163
1348 1520 1536 1790
971 848 1471 967
1360 1422 1503 1680
1057 1807 1536 2049
1405 1844 1536 2049
0 1258 405 2049
1262 1356 1426 1471
98 389 516 553
57 1233 331 1499
217 1213 487 1688
217 1213 487 1647
1335 0 1536 139
618 1647 1311 1905
1057 1807 1422 2049
692 1180 926 1397
0 0 540 290
1135 0 1405 159
368 245 688 442
1229 299 1393 417
0 0 540 258
122 881 270 1253
122 881 270 1102
672 1647 1311 1905
831 1647 1311 1905
1057 1647 1311 1840
516 16 807 290
413 1569 704 1807
336 1323 512 1631
0 0 540 254
40 0 540 254
102 0 540 254
692 1180 897 1393
127 0 540 254
0 1258 405 1774
0 1725 258 2049
143 0 540 254
0 967 213 1438
192 0 540 254
131 1155 446 1356
32 1102 213 1438
0 1258 405 1680
0 1258 405 1663
192 372 958 565
340 372 958 516
221 0 540 254
221 0 532 159
692 1180 860 1393
594 372 958 467
307 0 532 159
1057 1807 1372 2049
708 1200 860 1393
0 1725 258 2008
32 1139 213 1438
446 1967 561 2049
1327 1954 1471 2049
0 1950 102 2049
77 1942 221 2049
1172 1934 1372 2049
897 1934 1024 2049
258 1921 372 2049
639 1901 815 2049
573 1901 704 2028
479 1860 590 1999
528 1856 672 2016
1405 1844 1520 1999
754 1840 942 2049
897 1835 1024 1967
1344 1823 1446 1967
975 1823 1069 2016
192 1815 393 2049
1151 1807 1422 1971
1057 1807 1204 2049
639 1807 831 1917
0 1803 143 2008
1294 1741 1442 1889
397 1741 557 1971
516 1729 721 1848
266 1729 381 1934
672 1725 876 1856
102 1725 258 1999
1438 1712 1536 1856
495 1712 590 1794
1057 1684 1184 1823
413 1680 508 1807
364 1680 463 1852
0 1680 159 1864
1348 1663 1487 1790
831 1663 1102 1905
618 1659 831 1741
262 1659 356 1831
1237 1647 1385 1762
1135 1647 1311 1840
913 1647 1020 1729
479 1647 704 1807
0 1618 110 1717
1200 1614 1282 1729
926 1598 1008 1680
799 1598 942 1680
331 1598 413 1745
118 1598 217 1774
57 1577 143 1745
413 1569 561 1667
528 1544 639 1676
885 1536 1044 1663
766 1536 909 1647
0 1528 114 1663
606 1503 799 1680
127 1503 282 1680
692 1491 860 1631
1090 1487 1233 1651
413 1487 512 1618
860 1483 1151 1712
0 1483 102 1565
1163 1475 1299 1614
561 1475 672 1618
1278 1471 1389 1569
1229 1471 1393 1712
721 1458 909 1544
463 1454 557 1614
217 1454 413 1647
1135 1426 1233 1532
1360 1422 1503 1614
950 1409 1151 1491
319 1393 405 1487
495 1389 598 1631
254 1389 348 1479
684 1381 852 1475
336 1376 463 1631
0 1356 102 1557
799 1344 909 1516
1372 1340 1475 1442
57 1335 192 1499
1233 1331 1319 1422
1454 1327 1536 1491
926 1323 1122 1487
1057 1311 1262 1462
1311 1290 1503 1376
708 1282 860 1393
1422 1278 1536 1438
73 1258 405 1540
32 1253 213 1438
270 1241 364 1327
778 1237 926 1397
127 1233 331 1364
573 1221 680 1544
967 1217 1053 1303
327 1213 487 1475
471 1208 643 1454
811 1204 897 1286
721 1200 844 1299
860 1188 1036 1532
487 1184 606 1323
1151 1167 1397 1262
0 1167 127 1372
131 1163 356 1356
303 1155 446 1327
65 1139 208 1340
1393 1135 1536 1225
1278 1135 1454 1237
1053 1122 1233 1253
1008 1118 1147 1213
475 1118 659 1229
1356 1102 1520 1200
704 1102 938 1221
385 1102 512 1217
81 1102 172 1233
213 1073 336 1258
163 1069 254 1253
1020 1057 1135 1139
1147 1053 1245 1139
991 1044 1073 1167
1200 1040 1356 1200
1327 1036 1475 1135
713 1036 946 1188
454 1032 569 1151
286 1024 426 1192
1172 1004 1311 1118
151 1004 237 1102
1245 995 1442 1118
1405 991 1520 1110
1057 991 1249 1131
319 991 479 1118
180 991 270 1167
0 967 159 1290
754 963 958 1122
942 958 1069 1233
532 946 672 1389
241 930 336 1151
963 917 1262 1040
1360 913 1536 1151
725 913 963 1044
336 909 463 1008
290 909 401 1012
663 889 831 1114
971 881 1360 967
663 881 844 991
122 881 270 1065
241 876 381 958
106 876 213 991
1139 848 1471 942
98 844 274 958
0 844 114 1036
975 786 1057 893
176 782 536 979
446 770 647 946
1122 766 1327 860
397 766 483 897
659 762 971 950
65 749 204 897
463 721 651 852
225 721 336 815
1442 717 1536 835
786 717 967 881
729 717 831 881
688 713 770 864
147 704 241 815
545 663 717 934
963 651 1073 749
922 647 1040 893
417 643 590 774
1344 639 1536 741
299 618 512 782
1241 610 1434 704
319 594 434 704
754 590 991 745
639 590 835 758
155 577 352 737
49 577 188 795
1430 569 1536 733
528 557 688 721
196 536 561 672
1118 532 1536 667
655 508 782 639
495 495 717 606
28 495 196 737
143 463 340 553
372 458 770 545
696 442 930 626
340 434 655 516
1245 389 1471 479
766 389 1135 598
98 389 516 499
1184 352 1319 463
1102 352 1237 458
1294 336 1393 417
90 336 463 430
282 331 540 442
1180 323 1262 430
36 311 208 569
1315 303 1450 434
94 299 495 381
626 295 864 430
491 286 688 442
0 274 196 573
917 270 1028 364
1442 266 1536 381
1262 258 1376 348
651 254 967 397
1422 237 1536 319
1032 233 1360 483
192 233 290 323
1106 229 1536 368
618 188 848 315
782 147 1131 352
516 143 799 290
176 143 286 237
200 118 385 258
1106 110 1536 229
336 110 540 254
0 98 159 213
885 73 1139 163
1040 65 1237 147
467 65 704 237
266 65 450 237
1393 49 1536 139
143 49 262 172
618 16 807 168
1352 0 1536 81
1335 0 1467 86
1217 0 1405 139
815 0 983 106
708 0 893 176
479 0 713 127
430 0 532 159
307 0 454 127
221 0 352 127
0 0 81 180
860 958 1319 1532
975 385 1536 667
0 0 1536 917
385 1880 495 2049
0 565 1536 2049
0 577 971 2049
0 225 204 917
0 274 204 917
397 565 1536 2049
36 295 958 672
0 1073 643 2049
397 1278 1536 2049
958 1044 1147 1303
0 577 971 1647
860 958 1069 1532
90 295 958 672
98 295 958 672
0 1073 446 1565
0 0 1536 758
934 110 1536 540
950 233 1167 540
692 565 1536 1397
926 1311 1319 1532
0 1184 643 2049
0 577 971 1631
278 0 893 323
692 963 958 1397
32 1069 254 1438
934 110 1536 483
684 1434 909 1647
692 1491 909 1647
516 0 893 290
725 565 1536 1278
98 295 958 565
98 372 958 565
950 233 1057 512
967 110 1536 483
208 1184 643 1971
208 1213 561 1971
266 1598 561 1934
1032 110 1536 483
413 1454 557 1618
0 1499 282 2049
0 1155 446 1565
1057 1311 1319 1532
979 831 1360 934
57 1155 446 1540
950 303 1044 512
528 0 1536 758
815 0 1536 163
926 1319 1184 1491
1085 266 1536 467
958 1044 1147 1245
725 565 1536 1151
1270 565 1536 835
0 0 713 442
983 1217 1536 1327
983 1217 1536 1323
266 1598 463 1934
495 663 971 1631
495 663 852 1631
532 663 852 1475
208 1213 487 1971
1008 991 1536 1278
1036 991 1536 1262
1036 991 1249 1139
528 147 1135 758
721 1344 913 1544
799 1344 913 1516
799 1278 1536 1790
90 336 545 467
73 1155 446 1540
659 717 971 991
471 1184 643 1454
0 1503 282 2049
725 581 1536 1151
725 581 1536 1118
254 1344 377 1479
852 594 1397 893
963 639 1147 749
532 663 831 1389
0 577 659 1372
286 909 659 1229
672 1004 852 1475
680 1225 852 1475
684 1331 852 1475
1036 991 1249 1131
397 1422 1536 2049
618 147 1135 598
618 147 1131 397
1270 565 1536 741
196 495 717 672
57 1503 282 1745
495 1221 680 1631
479 1729 721 1872
0 479 204 897
1053 991 1536 1262
