0 0 2448 3263
1462 1109 1736 1410
2167 1769 2448 1971
600 0 1168 528
953 274 1168 528
959 1893 1834 2128
998 1893 1834 2062
1840 1116 2448 1677
1175 0 2448 1344
1175 0 2448 1148
998 1893 1834 2049
998 1893 1788 2049
0 1181 2062 3263
998 1906 1788 2049
1462 1227 1736 1410
0 1449 2062 3263
430 1449 2062 2526
280 1181 1893 2056
391 1181 1893 2056
626 1181 1893 2056
1207 744 2448 3263
1344 0 2310 815
1344 0 2271 783
1344 0 2134 691
1553 0 2448 972
1553 0 2448 822
0 2023 1703 3263
1951 913 2448 1344
626 1201 1893 2056
1207 744 2448 1951
0 2023 1658 3263
1344 0 2082 561
757 1442 1116 2056
2180 0 2448 639
2180 332 2448 639
0 0 2448 2656
300 0 2448 1540
626 1201 1893 2010
1018 1201 1893 2010
1521 1690 1893 2004
391 1403 750 1775
1018 1201 1814 2010
757 1449 920 1762
1018 1305 1814 2010
1769 1207 2448 1951
2226 2591 2448 3002
1534 58 2082 561
1018 1325 1814 2010
802 0 2448 1540
802 0 1645 783
1390 1553 2448 3263
1390 1651 2448 3263
770 1442 1116 2056
1775 0 2448 822
672 2748 1658 3263
802 0 1423 607
626 1253 1116 1684
665 2637 874 2924
2108 535 2271 783
2036 391 2448 822
0 0 1592 2656
0 0 1592 1860
0 195 1592 1860
0 195 848 1860
1769 1266 2448 1951
1018 1325 1801 2010
1507 1436 1749 1808
685 509 1592 1286
1586 613 2448 1540
1880 1005 2448 1540
0 1449 548 2656
1951 913 2278 1194
300 0 1423 920
802 0 1423 483
561 2219 789 2350
1018 1338 1631 2010
1351 1501 1592 1821
0 0 437 450
1462 1325 1801 1697
998 293 1331 607
0 1618 548 2656
1912 1031 2448 1540
959 1135 1266 1266
215 2108 1658 3055
1873 1344 2448 1951
1586 613 2062 1096
1390 2271 2448 3263
0 0 437 430
1057 1338 1631 2010
300 0 822 567
0 195 587 1299
0 195 587 1175
1671 646 2062 1096
1331 633 1788 1031
2036 391 2408 737
1553 189 2082 561
1782 809 2062 1096
1912 1031 2448 1534
2023 1077 2448 1534
541 137 1423 920
0 1618 548 2552
0 1618 548 2448
1821 496 2448 1148
685 900 1592 1286
848 900 1592 1272
600 0 1005 326
1175 0 2043 652
0 339 404 1175
0 489 404 1175
1840 1116 2310 1534
1991 1266 2310 1534
0 1618 450 2448
600 0 920 261
940 1449 2062 2526
0 1716 450 2448
685 2108 1658 3055
940 1951 2062 2526
685 2108 1312 2709
848 900 1455 1272
1390 2271 2036 3263
1573 235 2043 652
0 2049 411 2448
953 0 2337 1090
0 1716 450 2252
195 3068 489 3263
0 3048 176 3205
2297 3035 2448 3263
718 2996 848 3146
1697 2976 1977 3263
1984 2911 2160 3126
672 2767 1599 3263
1292 2748 1658 3172
665 2735 848 2924
1599 2715 1795 2885
1919 2696 2448 3263
2226 2591 2389 2761
561 2545 711 2754
1964 2493 2317 2898
0 2474 150 2656
1090 2461 1312 2709
1396 2448 2036 3263
1997 2415 2206 2572
0 2363 195 2552
698 2278 1658 3055
1390 2271 1886 2754
215 2271 868 2826
248 2134 411 2317
685 2108 1175 2611
0 2075 137 2252
940 2056 1455 2526
0 2049 365 2448
0 2023 796 3263
280 1984 476 2212
959 1958 1390 2128
1233 1951 2062 2395
385 1912 548 2095
998 1906 1188 2036
0 1834 450 2252
2271 1827 2448 1971
261 1775 450 1938
2167 1769 2337 1899
2036 1756 2167 1906
430 1756 1024 2284
202 1742 372 1886
0 1716 274 1997
1716 1690 1886 1938
770 1677 1116 2056
1351 1671 1592 1821
1867 1651 2448 2748
933 1651 1064 1788
1299 1638 1631 2010
1579 1631 1814 1769
274 1618 541 1893
0 1618 163 1762
2206 1592 2448 1951
1945 1553 2121 1736
1423 1501 1553 1697
2278 1488 2448 1677
613 1462 750 1775
1814 1449 2043 1997
0 1449 280 1742
874 1442 1037 1769
1507 1436 1651 1808
391 1403 665 1540
626 1396 770 1684
1018 1390 1272 1631
1782 1377 1912 1507
1096 1370 1357 1808
2128 1344 2310 1534
1873 1344 2330 1775
1057 1338 1507 1964
1553 1331 1801 1697
1462 1325 1625 1573
1612 1305 1808 1651
1991 1266 2167 1442
1769 1266 1912 1442
639 1253 1116 1612
1579 1233 1736 1410
1788 1207 2023 1364
1220 1201 1579 1573
2199 1181 2448 1534
907 1181 1299 1396
685 1148 900 1286
1840 1116 2075 1292
1481 1109 1645 1259
2023 1077 2258 1364
0 1070 143 1299
1912 1031 2186 1272
2206 1018 2448 1344
1318 1018 1592 1246
848 992 1135 1272
2265 907 2448 1148
1083 900 1455 1220
1827 848 2062 1096
698 770 868 926
1207 744 1919 1279
1436 698 1788 1031
2232 678 2448 972
894 678 1201 894
1057 665 1253 874
1671 646 1880 1037
1331 633 1481 815
2317 626 2448 822
1586 613 1742 802
2115 607 2271 783
685 509 1272 1227
2173 496 2408 737
1821 496 2363 979
221 496 404 646
0 489 345 1175
1867 476 2134 691
0 470 848 1860
1103 437 1331 607
2036 391 2271 600
1259 391 1645 783
1697 359 2043 652
2180 339 2448 639
0 339 248 554
985 326 1168 476
1932 319 2088 450
0 306 182 450
998 293 1194 470
1756 287 2082 561
953 274 1142 528
796 267 1423 920
1573 235 1762 496
2173 228 2389 378
137 195 587 515
1553 189 1880 385
1188 189 2337 1090
705 163 874 313
372 156 822 567
541 137 874 483
776 124 920 261
868 110 1005 326
1958 65 2115 202
1534 58 1788 254
0 45 437 430
2304 0 2448 391
1775 0 2343 437
1553 0 1840 261
1344 0 1638 189
1175 0 1658 391
953 0 1396 280
718 0 940 189
600 0 796 176
300 0 718 208
0 0 267 156
1077 1325 1305 1455
0 0 2448 1997
0 1109 2448 3263
1880 913 2278 1194
561 1109 1912 2128
959 1951 1788 2128
561 1109 1912 2056
998 1703 1188 2036
561 1148 1912 2056
594 1148 1912 2056
920 1586 1207 1788
0 1351 2448 3263
672 1651 2448 3263
0 1351 1024 3263
594 1148 1893 2056
594 1168 1893 2056
613 1396 920 1775
1873 267 2088 450
953 0 2448 1997
1867 476 2271 783
594 1181 1893 2056
626 1396 920 1762
594 1181 1299 1631
770 1201 1893 2056
0 1449 1024 3263
953 0 2448 1344
1521 1631 1893 2004
1579 1631 1886 1938
1586 1690 1886 1938
0 0 1645 1860
1579 1631 1814 1808
0 0 874 1860
2186 0 2363 156
1521 3133 1703 3263
600 0 1645 1286
718 2911 926 3146
594 1253 1272 1631
770 1201 1808 2056
770 1442 1129 2056
1207 613 2448 1997
959 215 1331 607
594 1253 1116 1612
202 1618 1024 2284
959 215 1194 470
1344 0 2448 972
685 0 1645 1286
1788 1207 2062 1449
1057 1201 1808 2010
1507 1305 1808 1808
202 1742 450 1938
280 1403 665 1540
1553 1305 1808 1697
1057 1201 1631 2010
2232 626 2448 972
0 1449 868 3263
1769 1266 2448 1997
1886 1286 2062 1449
672 1951 2062 3263
1344 0 2448 639
1553 0 2448 639
1553 0 2448 437
1207 613 2448 1540
1207 613 2075 1292
0 1449 476 2656
0 0 874 646
0 0 874 567
2128 1344 2448 1677
0 2023 868 3263
1057 1201 1625 1964
1220 1201 1625 1573
0 1449 476 2552
1292 1651 2448 3263
274 1618 1024 2284
1814 1449 2121 1997
1207 698 2075 1292
1631 646 2062 1096
1867 1651 2448 3002
672 2278 1658 3263
1207 698 1919 1279
0 1449 476 2448
0 339 848 1860
1175 0 1762 496
685 267 1455 1286
1292 2271 2448 3263
248 1984 476 2317
0 0 874 515
0 0 718 515
0 45 587 515
685 900 1455 1286
0 339 345 1299
1775 0 2448 437
1292 2271 2036 3263
1697 2493 2448 3263
685 1951 2062 2611
0 1449 450 2448
685 267 1423 1227
1292 2448 2036 3263
0 339 345 1175
1919 2493 2448 3263
685 2056 1455 2611
0 1834 450 2448
561 1286 815 1801
561 1312 815 1801
1207 1175 1788 1338
1344 0 2448 979
1762 2317 1925 2532
1207 1201 1749 1338
763 1873 1893 2173
2030 2513 2343 2911
0 0 1194 2134
0 169 1194 2134
0 0 541 567
887 1873 1893 2141
887 1873 1893 2128
0 0 496 567
1188 202 1951 913
2154 1677 2448 1951
561 287 1873 2043
0 1403 2448 3263
1240 2434 1775 2944
1305 2434 1775 2944
561 287 1658 1286
580 0 2448 1919
1716 1142 2448 1919
646 1227 1873 2043
580 0 2448 1697
907 110 2448 1697
1338 574 2448 1697
1383 574 2448 1697
1514 104 2448 979
646 1227 1873 1991
1782 1377 2173 1703
1716 1207 2448 1919
0 0 437 567
561 287 1605 1286
0 1651 2448 3263
646 1227 1873 1984
561 398 1605 1286
998 1873 1893 2056
1423 1318 1873 1977
1651 202 2448 979
1423 1318 1658 1808
1423 1318 1638 1664
907 110 1396 718
907 110 1396 678
0 1534 548 2624
1253 887 1658 1259
1749 1403 2147 1991
561 2075 1312 2709
0 3048 176 3263
718 0 966 189
953 110 1396 678
1514 104 1788 254
1383 574 2448 1540
1442 574 2448 1540
1475 705 2448 1697
0 0 326 450
0 0 326 398
1651 202 2141 652
959 215 1396 678
1475 705 2415 1560
280 1984 548 2317
124 0 437 287
1475 705 2265 1462
1507 750 2265 1462
1586 881 2265 1462
1710 966 2265 1462
1553 607 2448 1540
2056 535 2448 979
1840 1116 2265 1462
1840 1116 2206 1403
561 398 1201 894
561 398 1031 659
0 1534 541 2624
646 1227 1756 1984
757 842 1605 1286
580 0 998 326
0 1534 496 2624
0 1958 378 2624
0 1534 496 2095
0 1958 378 2448
267 3120 515 3263
1305 2735 1507 2944
1723 2656 2448 3263
195 2624 829 3263
2030 2513 2304 2911
1390 2434 1775 2761
0 2356 241 2624
1762 2317 1925 2493
293 2147 496 2317
940 2075 1188 2206
600 2075 1312 2709
0 2049 378 2448
280 1984 548 2212
887 1958 1122 2128
0 1958 228 2141
763 1938 992 2173
398 1912 541 2095
1227 1873 1893 2056
998 1873 1377 2056
2278 1834 2448 1971
110 1788 496 2095
2186 1769 2382 1951
796 1762 1070 2043
2036 1749 2167 1906
1631 1664 1873 1977
143 1625 293 1769
1494 1618 1658 1808
1423 1612 1560 1775
1945 1605 2147 1736
848 1599 992 1775
0 1534 274 2004
2310 1507 2448 1697
1814 1449 2173 1703
763 1449 1090 1977
1423 1429 1638 1664
1749 1403 2043 1991
1553 1390 1801 1749
2186 1364 2415 1560
561 1312 750 1775
626 1292 861 1468
2010 1266 2206 1403
1501 1259 1801 1651
1880 1233 2448 1919
1716 1207 1991 1481
1840 1116 2075 1299
1481 1109 1658 1259
1867 979 2448 1540
1710 966 1919 1175
2069 959 2258 1142
757 953 1201 1286
2245 900 2448 1148
1253 887 1540 1135
1586 881 1795 1031
1103 842 1605 1253
731 763 868 926
1507 750 1677 959
1429 724 1658 992
2232 711 2376 926
2278 705 2448 979
1475 705 1638 874
1024 659 1351 966
1383 652 1566 783
1553 607 2075 1070
1442 574 1592 705
835 561 1201 894
2056 535 2310 796
1207 509 1364 718
1951 489 2141 652
1481 470 1951 913
789 456 1031 659
1468 437 1938 874
561 398 861 574
2082 365 2448 822
1103 365 1396 678
0 339 228 567
1893 319 2082 476
1481 300 1899 659
613 287 796 470
907 280 1142 522
0 280 261 450
959 215 1161 424
1651 202 2049 587
1188 202 1501 496
287 156 437 287
1494 143 1762 359
1514 124 1788 254
744 124 998 326
1586 104 1729 248
835 45 966 189
1553 0 2448 600
1344 0 1723 195
1175 0 2343 972
1057 0 2448 1344
953 0 1168 156
809 0 1651 691
718 0 874 156
580 0 809 182
319 0 1840 1246
124 0 424 182
0 0 2448 2709
1494 124 1788 359
0 0 2448 1991
0 169 1893 2709
0 169 1194 2624
561 1227 1893 2709
907 280 1168 522
561 1292 861 1775
789 456 2448 1991
789 456 1749 1338
1383 607 2448 1991
691 1762 1070 2043
1240 2317 1925 2944
789 456 1658 1259
1658 2513 2448 3263
652 1403 822 1801
652 1403 822 1677
0 0 2448 1344
1723 2513 2448 3263
0 0 1840 1286
561 287 861 574
1475 607 2448 1991
1690 1142 1886 1279
561 1873 1893 2709
1423 1612 1658 1808
182 2624 881 3263
1188 202 1938 874
561 1938 1312 2709
789 456 1351 966
561 1958 1312 2709
580 0 2448 1344
143 1625 372 1886
2010 1266 2448 1697
2010 1266 2415 1560
2010 1266 2265 1462
1501 1259 2147 1991
561 306 861 574
580 0 1651 796
580 0 1651 705
580 0 1651 691
1207 509 1462 796
319 0 1840 1286
718 0 1651 691
1475 607 2448 1919
1475 607 2448 1540
1475 705 2075 1299
1553 0 2448 979
195 2624 881 3263
1507 750 2075 1299
1501 1259 1801 1749
757 561 1605 1286
0 0 424 567
0 0 424 450
1507 750 1919 1175
1586 881 1919 1175
0 0 424 398
0 1534 496 2448
0 1534 378 2448
0 1534 274 2141
580 535 933 1188
580 535 874 1044
972 1899 2102 2415
1449 2793 1710 2963
972 2049 1305 2415
1011 2049 1305 2343
215 2160 404 2591
215 2252 404 2591
1037 1899 2102 2304
1214 1742 1481 1971
594 1292 1899 2049
1227 1899 2102 2304
1436 2284 2402 2859
0 2761 515 3263
0 2761 476 3263
319 0 2448 1788
959 0 2448 1338
802 1507 1899 2049
802 1566 1899 2049
802 1566 1527 2049
802 1566 1227 2049
802 1566 1090 2049
881 1566 1090 2043
1494 1840 1899 2023
953 2839 1396 3263
953 2839 1396 3153
1364 2036 1775 2434
1416 2036 1775 2428
0 574 456 1801
195 3028 391 3263
39 2761 476 3263
39 2761 378 3263
65 2826 228 3100
1018 104 1442 580
1077 208 1279 404
0 1077 456 1801
1547 2284 2402 2859
953 2839 1292 3153
1155 0 2448 1148
1357 0 2448 959
1951 0 2448 822
1951 0 2448 633
1951 0 2448 417
332 868 1867 2010
332 868 1658 1808
476 868 1658 1338
476 907 1658 1338
620 1214 1867 2010
1553 0 2010 261
332 1070 757 1808
424 1312 757 1808
424 1481 757 1808
1618 2284 2402 2859
58 202 235 352
1011 554 1481 1005
1109 554 1481 1005
0 2082 137 2265
1455 528 1919 959
1514 600 1919 959
1912 979 2258 1357
1912 979 2186 1312
332 1997 1351 2839
594 1292 920 1827
0 574 254 1096
0 770 254 1096
1416 2115 1775 2428
1416 2115 1684 2428
613 3074 933 3263
724 3094 933 3263
2219 169 2448 417
332 1997 1142 2839
332 1997 1142 2722
483 2043 1142 2722
483 2043 1142 2715
783 2043 1142 2565
2102 998 2258 1357
2115 1103 2258 1357
620 1214 1867 1964
319 0 900 574
502 0 900 502
1951 0 2448 274
1827 1220 2004 1429
822 2043 1083 2408
1951 0 2389 274
1951 0 2350 274
2036 0 2350 274
359 287 1403 1272
470 287 1403 1272
620 1253 1292 1618
620 1279 1292 1618
868 1338 1292 1618
868 1390 1188 1618
783 2310 1142 2565
0 1077 345 1710
0 1181 345 1710
483 287 1403 1272
620 1279 1116 1586
959 1390 1188 1592
1064 1214 1867 1964
1618 2284 2317 2748
691 1775 900 2356
1005 1527 2448 3263
1710 1527 2448 2944
1710 1618 2448 2944
483 2232 848 2715
535 2232 848 2715
535 2232 789 2598
691 1775 900 2284
0 574 228 861
1155 0 2448 1096
1005 2258 2448 3263
1116 2408 2448 3263
1116 2480 2448 3263
1116 2480 2258 3263
332 1997 652 2415
235 1638 456 1801
1618 2284 2147 2702
1756 2284 2147 2689
959 0 2402 1181
1044 0 2402 1181
1821 1527 2030 1808
0 1181 195 1638
1005 2258 1449 2663
711 0 2448 1788
1396 789 2448 1788
1396 789 2115 1658
2193 2598 2402 2859
1867 1024 2448 1788
1867 1024 2180 1442
1867 1024 2173 1364
1129 1631 1292 1899
1880 1618 2448 2944
502 959 1658 1338
1064 1403 1455 1795
711 0 1566 829
1396 829 2115 1658
1788 868 2095 1246
0 0 1240 3263
0 0 718 1899
293 1436 718 1899
1116 2572 2258 3263
0 0 672 1507
1932 1618 2448 2944
0 1521 1240 3263
1122 1214 1867 1964
176 215 424 580
1932 1723 2448 2944
855 2043 1083 2408
1116 2258 1449 2663
1116 2376 1436 2663
1716 1044 2115 1658
1716 1044 1938 1658
2121 1592 2448 1945
2121 1181 2448 1788
0 2363 1240 3263
959 2728 1240 2937
1116 2376 1436 2624
1116 2395 1351 2624
0 2363 1090 3263
0 0 672 1181
1122 1214 1808 1964
502 0 829 332
0 1521 776 2663
339 1729 659 1991
1116 2585 2258 3263
1116 2585 2219 3263
1410 2585 2219 3263
1410 2585 1899 3263
0 1521 776 2532
0 1521 776 2513
0 2160 326 2513
228 829 411 1005
1579 2859 1853 3263
1945 1847 2448 2944
554 287 1403 1272
920 691 1403 1272
920 691 1227 1272
920 913 1227 1272
1122 1286 1808 1964
1416 3009 1658 3263
835 32 1566 829
835 32 1377 724
2004 1847 2448 2944
835 32 1318 665
58 940 443 1507
861 359 1155 646
1064 959 1658 1279
293 1534 718 1899
1083 65 2402 1181
1083 65 2239 1044
1083 65 2056 933
0 1521 776 2343
0 2454 1090 3263
71 2454 1090 3263
71 2474 1090 3263
1964 2650 2330 2944
319 110 620 574
1083 65 1958 815
1083 65 1566 443
0 1671 776 2343
0 1677 776 2343
1272 0 2448 1096
326 2363 580 2761
0 0 411 855
0 0 385 620
1116 2950 1553 3263
1064 1031 1377 1279
274 626 672 1181
274 626 672 1083
1462 359 1958 815
1462 359 1756 639
835 163 1318 665
0 1671 202 1880
554 287 1070 829
633 385 1070 829
750 489 1070 829
58 940 417 1246
2095 1847 2448 2944
2160 1847 2448 2944
0 1677 600 2343
633 385 855 626
2141 1181 2448 1788
169 450 411 855
1357 0 1886 385
1122 1286 1579 1964
861 359 1064 639
0 1912 287 2121
248 2513 1090 3263
443 2513 1090 3263
1396 829 1795 1325
2160 1899 2448 2944
2226 1984 2448 2944
2226 1984 2448 2493
2239 1984 2448 2376
443 3061 718 3263
2004 1873 2317 2199
437 1867 776 2206
1756 306 2448 959
1756 306 2310 789
1410 2585 1899 2911
1586 84 1886 385
443 2513 1005 3133
443 2513 1005 3113
0 1677 600 2193
2258 2421 2448 2944
385 626 672 933
1220 1286 1579 1840
1867 561 2448 1096
1977 646 2448 1096
1808 2780 2219 3263
1808 2780 2160 3263
1808 2911 2160 3263
0 1762 600 2193
0 1788 600 2193
548 1867 776 2154
1272 0 1977 665
1272 0 1821 574
1403 104 1821 574
0 0 385 443
0 0 385 300
39 2820 378 3263
1286 1286 1579 1736
1116 2408 1514 2813
1756 306 2232 724
2310 2421 2448 2944
0 1788 600 2180
143 1834 600 2180
443 2663 770 3113
1756 306 2134 633
1521 3133 1658 3263
2258 3126 2448 3263
1116 3113 1410 3263
195 3107 391 3263
724 3094 861 3263
966 3087 1148 3263
1129 3074 1266 3218
613 3074 783 3263
1664 3068 1899 3263
443 3061 718 3244
2056 3055 2258 3263
1579 3048 1729 3263
2193 3035 2448 3237
1808 3035 1984 3263
1416 3009 1566 3179
1521 3002 1684 3153
796 2983 1090 3263
221 2963 476 3263
39 2957 241 3263
1338 2950 1553 3263
718 2950 900 3126
372 2924 515 3126
1240 2918 1396 3153
1919 2911 2160 3263
1455 2898 1677 3035
1658 2859 1853 3139
620 2852 874 3133
1024 2839 1292 3153
2167 2826 2448 3107
65 2826 228 2963
208 2820 378 3028
1690 2813 1945 3146
1540 2807 1710 2963
443 2800 705 3113
2056 2793 2219 3061
1449 2793 1605 2924
1873 2780 2004 3087
1155 2774 1364 3028
189 2761 326 2950
1305 2748 1488 3042
1077 2748 1240 2885
248 2748 476 3002
959 2728 1096 2937
2317 2722 2448 2944
2134 2696 2330 2944
463 2696 633 2839
1279 2663 1423 2839
548 2663 770 2878
1964 2650 2212 2878
1645 2650 1899 2898
241 2624 502 2872
1827 2617 2030 2820
0 2611 130 2859
2265 2598 2402 2774
711 2591 861 2787
1410 2585 1677 2911
940 2585 1083 2820
489 2585 620 2722
339 2565 535 2761
1116 2545 1364 2813
567 2545 718 2696
1932 2519 2082 2663
705 2513 1005 2924
2004 2480 2147 2741
1756 2480 1971 2689
1475 2480 1658 2696
1005 2480 1168 2630
71 2474 365 2865
1116 2467 1253 2624
1618 2454 1853 2702
633 2454 776 2598
143 2454 313 2637
235 2448 404 2591
861 2434 1044 2598
685 2434 848 2715
483 2434 646 2611
2310 2421 2448 2748
1279 2408 1514 2624
979 2389 1142 2565
326 2363 580 2598
0 2356 150 2532
1547 2323 1827 2519
1795 2317 1938 2519
1436 2310 1612 2532
783 2310 1024 2545
2108 2304 2317 2748
2226 2297 2448 2493
685 2297 848 2513
1873 2284 2147 2585
1299 2258 1449 2421
215 2252 404 2467
1070 2239 1351 2500
1710 2232 1925 2395
535 2232 789 2506
972 2212 1188 2415
868 2206 1044 2408
2069 2193 2245 2356
1566 2186 1775 2350
1364 2167 1527 2434
2252 2160 2448 2376
176 2154 326 2343
1880 2134 2121 2415
2095 2121 2271 2304
1416 2115 1618 2350
620 2095 770 2278
1011 2082 1305 2343
1220 2069 1455 2291
306 2069 443 2317
1037 2049 1292 2199
855 2043 1083 2265
437 2043 567 2206
1566 2036 1729 2271
1037 2030 1651 2180
313 2030 476 2160
1227 2023 1801 2239
2004 2017 2317 2199
378 1997 652 2408
2239 1984 2448 2245
705 1977 900 2284
548 1958 744 2154
104 1912 287 2121
0 1912 137 2115
2160 1899 2291 2075
1507 1899 2102 2304
