0 0 2448 3263
287 2480 659 3120
150 3113 580 3263
1442 1403 1938 2056
1442 1475 1938 2056
450 1801 842 2082
0 1096 143 1631
0 1357 137 1631
907 1057 1834 1357
907 1057 1834 1338
541 2265 1501 2970
541 2265 1501 2891
1742 2976 2448 3263
1742 2989 2448 3263
966 1318 1801 1938
966 1501 1553 1938
966 1507 1429 1938
1109 1507 1429 1938
685 1860 1527 2526
685 1860 1070 2434
1429 1318 1801 1514
907 1116 1834 1338
0 1762 953 3263
2199 0 2448 235
691 1860 1070 2395
946 2062 1527 2526
1886 1286 2317 1455
1534 1801 2448 2598
1534 2186 1997 2598
0 1867 881 3263
0 1292 920 2154
0 1292 842 2154
0 1292 842 2017
998 2062 1527 2526
1011 2330 1527 2526
0 0 1893 287
169 1475 920 1749
0 1867 868 3263
0 1867 770 3263
966 1625 1364 1814
91 1762 953 2075
1364 1521 1756 2075
0 0 2448 2134
0 0 2448 2036
0 1037 293 1814
254 2043 2448 3263
705 0 1893 169
737 0 1893 169
1116 2141 1566 2448
1116 2141 1566 2415
842 1175 1775 2134
842 1579 1775 2134
861 1703 1775 2134
861 1703 1305 2069
691 1906 1051 2395
874 1175 1540 1592
842 1579 1064 1834
998 2062 1148 2408
1436 1521 1756 1906
1436 835 2448 2036
1723 835 2448 2036
1723 835 2448 1912
1840 1233 2448 1912
0 0 731 287
1436 1175 1880 1468
0 0 2448 1534
1436 1521 1736 1906
0 0 2448 1246
1436 1175 1834 1423
1436 1175 1775 1423
26 554 1207 1534
1116 2369 1527 2526
2102 1455 2448 2036
52 691 1207 1534
691 2069 979 2395
985 2043 2448 3166
985 2043 2036 3166
985 2493 2036 3166
1436 1175 1690 1423
1566 2180 2448 3166
52 691 1070 1534
1364 1579 1534 2075
874 1188 1370 1592
254 2741 1906 3263
443 2761 1906 3263
626 2767 1906 3263
1194 2043 1951 2493
1729 2180 2448 3166
443 2761 698 3211
443 2761 698 3139
2102 1573 2448 2036
2186 1684 2448 2036
2186 1684 2448 1938
1462 1175 1690 1423
737 0 1599 169
802 2780 1906 3263
52 691 953 1534
52 691 953 1527
97 874 953 1527
97 874 424 1299
1729 2180 2448 3153
2278 1684 2448 1938
1886 1305 2278 1455
1795 1893 1925 2043
1840 0 2245 332
1873 0 2245 332
1984 0 2245 332
1729 2180 2448 3035
1814 2552 2448 3035
0 13 2448 1246
874 2846 1906 3263
874 2846 1286 3068
998 2846 1286 3068
208 796 424 946
763 678 966 913
1494 71 1671 221
52 691 385 1051
306 1044 953 1527
646 691 2284 1142
1573 724 1912 959
1573 724 1880 959
1729 2180 2448 2807
1788 104 2043 352
2167 365 2448 913
724 691 2284 1142
1938 2865 2408 3153
1938 2865 2408 3081
156 0 731 287
0 13 2448 1188
1742 2180 2448 2807
2010 248 2271 424
907 463 1142 744
953 496 1142 744
150 91 1338 600
150 91 1338 502
1201 2904 1906 3263
1742 2226 2330 2807
822 691 2284 1142
1925 691 2284 920
2108 691 2284 920
822 757 2036 1142
437 91 1338 502
502 91 1338 502
1442 1684 1938 2056
940 169 1338 496
940 169 1109 378
2167 574 2448 913
502 97 972 502
822 776 1749 1129
1116 659 1436 881
1207 287 1599 496
1573 757 2036 1142
0 339 868 1188
91 463 868 1188
91 554 868 1188
326 554 868 1188
326 678 868 1188
91 626 483 789
652 13 2448 998
652 319 2284 998
1037 417 2284 998
1357 417 2284 998
502 97 972 463
326 757 783 1188
1357 417 2023 998
1057 13 2448 574
652 319 1207 815
1299 13 2448 574
1534 13 2448 574
1742 13 2448 574
1742 221 2428 574
150 3113 300 3263
1468 3087 1906 3237
1742 3042 2448 3263
1677 3028 2036 3166
580 2996 1220 3263
2173 2976 2337 3113
1155 2944 1370 3120
1938 2937 2193 3081
998 2937 1175 3068
2212 2931 2434 3068
1201 2904 1579 3263
561 2891 691 3048
874 2872 1005 3015
287 2852 443 3120
1116 2846 1286 3015
802 2780 1011 2924
626 2767 920 3159
254 2741 620 3244
97 2643 293 2878
1991 2545 2173 2807
1729 2500 1912 2650
985 2493 1912 3166
332 2480 659 2950
626 2421 881 2611
1122 2369 1527 2506
1011 2330 1181 2526
1592 2291 1808 2421
1534 2278 1912 2598
1357 2252 1762 2493
1631 2245 1873 2448
1142 2245 1442 2415
1742 2226 2330 2741
691 2212 979 2395
2258 2180 2448 2337
2088 2180 2448 2598
1116 2141 1566 2337
1090 2108 1246 2271
998 2095 1148 2408
1090 2088 1605 2226
809 2069 972 2271
1194 2043 1951 2428
496 1984 868 2532
535 1951 737 2082
1364 1938 1534 2075
313 1925 470 2102
815 1906 1051 2186
1795 1893 1925 2023
1220 1893 1403 2030
1077 1880 1364 2036
1057 1867 1305 2069
71 1867 313 2049
737 1860 953 2075
1971 1853 2128 1997
1925 1801 2448 2356
450 1801 842 2023
91 1762 933 2049
1547 1723 1938 2056
2278 1716 2448 1938
861 1703 1188 1886
2291 1684 2448 1827
1442 1684 1729 2030
842 1658 1005 1834
1109 1638 1383 1938
1044 1625 1364 1795
1436 1592 1723 1906
502 1592 848 1749
2102 1573 2448 1834
0 1573 842 2017
1246 1507 1429 1880
855 1488 1370 1749
1534 1475 1893 1821
169 1475 920 1684
2180 1455 2448 1658
385 1442 894 1592
1651 1403 1880 1540
0 1396 254 1912
0 1383 137 1631
1880 1370 2448 1912
1122 1370 1488 1540
248 1364 489 1534
0 1357 130 1579
874 1344 1194 1592
0 1344 241 1814
1886 1312 2239 1455
156 1292 470 1592
1534 1279 1880 1468
2265 1259 2448 1396
1840 1233 1984 1370
1507 1233 1658 1364
1664 1220 1834 1377
1625 1220 1775 1383
1201 1214 1370 1357
907 1188 1370 1442
1233 1175 1540 1370
306 1135 900 1527
235 1129 411 1299
907 1122 1429 1338
1194 1116 1834 1279
0 1096 143 1357
365 1090 502 1246
2317 1070 2448 1286
515 1044 953 1357
0 1037 293 1436
783 1031 1070 1207
326 920 567 1109
1573 913 1873 1142
97 874 424 1168
156 861 385 1051
1253 842 1749 1116
1723 835 2448 1331
1971 835 2141 998
1279 796 1436 953
208 796 345 946
855 789 1051 946
822 776 1318 1129
1827 757 2036 1018
378 757 783 1188
1573 737 1880 959
2108 691 2284 822
52 691 235 985
2010 678 2141 822
815 678 966 829
665 678 868 835
1227 672 1436 881
235 672 567 887
1116 659 1318 861
1821 652 1951 783
0 652 287 1325
2265 639 2448 783
2167 633 2448 913
195 626 483 789
1357 580 1592 842
463 554 737 913
26 554 208 757
1475 528 1703 724
339 515 515 659
0 502 228 685
1037 496 1396 744
953 496 1142 672
1964 489 2284 744
2252 470 2408 633
1338 463 1527 613
215 463 424 659
1507 456 1651 594
1148 437 1325 587
398 424 678 600
1396 417 2023 998
652 411 1051 815
2154 378 2428 574
2317 365 2448 607
659 359 881 502
0 339 306 600
926 319 1207 561
1677 300 1919 489
1070 300 1338 496
156 293 365 489
1370 287 1599 424
1207 287 1527 496
1742 221 2173 548
437 208 594 398
1788 202 2043 352
1984 182 2141 332
0 163 215 411
150 150 515 378
1057 143 1423 339
502 143 783 463
1873 117 2069 261
731 97 972 456
1299 84 1579 306
1534 71 1821 509
1645 32 1867 169
2121 13 2448 417
1997 0 2245 261
1840 0 2121 169
535 0 724 130
450 0 731 189
156 0 509 287
0 0 221 176
287 1984 998 3120
287 1984 868 3120
332 1984 868 2950
71 1488 1370 2102
0 776 2448 3263
0 0 2448 1592
561 2865 724 3048
946 2062 1240 2526
0 0 2448 1527
91 1488 1370 2102
91 1625 1364 2102
91 1625 1364 2095
450 1801 842 2088
385 1390 894 1592
1390 776 2448 3263
0 1116 1951 3263
1468 776 2448 3263
894 1860 1070 2095
0 1292 489 1912
0 1344 254 1912
91 1625 1364 2069
685 2212 998 2434
293 332 515 476
156 1292 489 1592
91 1625 1364 2049
91 1703 1188 2049
1468 835 2448 3263
502 1116 1951 2611
1573 2761 1710 3035
946 2062 1181 2526
2199 1684 2448 1827
737 1116 1951 2611
737 1860 1051 2271
842 1116 1951 2611
1109 1507 1534 2075
1109 1638 1403 2030
789 1906 1051 2271
789 2069 972 2271
2017 1188 2317 1423
2252 365 2448 691
783 1031 1207 1207
2186 1716 2448 2036
946 2062 1148 2408
842 1220 1951 2611
1051 1220 1951 2611
1429 1220 1880 1514
1534 1220 1880 1468
1051 1475 1951 2611
1246 1507 1534 2075
0 1475 1912 3263
0 150 1873 1527
0 502 228 757
156 0 2448 1018
842 1344 1488 1834
842 1579 1096 1834
2017 1188 2278 1423
0 1475 920 3263
1246 1507 1442 2010
1468 2813 2448 3263
1468 2865 2448 3263
254 2265 1912 3263
646 463 1873 1442
1788 104 2075 352
1625 1220 1834 1383
1671 652 1951 822
0 150 953 1527
1090 1475 1951 2611
1338 398 1703 724
1338 456 1703 724
2017 1253 2278 1423
1788 104 2069 352
1788 117 2069 352
907 463 1142 815
953 496 1142 815
156 0 1599 659
926 274 1338 587
940 274 1338 587
1475 456 1703 724
711 0 1599 313
711 0 1599 241
1723 835 2448 3035
1090 2043 1951 2611
1090 2043 1951 2428
2265 1070 2448 1396
646 659 1873 1442
1122 2245 1912 2611
0 1475 920 2017
920 91 1338 313
1070 300 1338 587
2245 1684 2448 1827
1357 2245 1912 2611
1534 2245 1912 2611
1357 2252 1808 2493
646 894 874 1083
156 0 998 659
842 1658 1096 1834
0 652 424 1325
874 1344 1488 1592
822 659 1873 1442
2252 365 2448 633
1742 1801 2448 3035
156 0 731 659
339 124 678 659
339 208 678 659
339 345 678 659
339 424 678 659
502 0 2448 1018
998 2846 1370 3120
998 2937 1370 3120
822 776 1873 1442
822 776 1873 1142
1534 2245 1912 2598
1468 3028 2448 3263
1057 0 2448 920
2108 633 2448 920
1057 0 2448 822
1840 0 2245 261
1142 2043 1951 2428
972 91 1338 287
254 2741 1579 3263
254 2741 1005 3244
907 1122 1540 1442
1468 3028 2036 3237
0 150 567 1246
52 691 567 1246
502 97 2036 1018
0 150 567 887
1227 417 2036 1018
1573 737 2036 1018
907 1122 1429 1442
1057 13 2448 822
1057 84 1599 496
1057 84 1599 424
541 2265 1912 3166
0 150 515 789
195 463 483 789
1057 84 1579 339
156 861 567 1246
156 861 567 1109
254 2741 920 3244
306 554 953 1527
378 554 953 1357
1227 417 2023 998
1534 13 2448 822
1964 489 2284 822
1227 580 1592 881
1723 835 2448 1455
0 150 515 600
0 163 306 600
502 97 1396 815
1534 71 1919 509
926 319 1396 744
1742 2180 2448 3035
1742 2180 2448 2741
443 2761 920 3159
502 97 1051 815
580 2904 1579 3263
378 757 953 1357
0 652 287 1840
855 1488 1527 1834
1116 2389 1527 2526
189 1175 378 1521
855 1488 1377 1834
0 1651 1403 3263
1880 1396 2448 1997
835 1142 1534 1592
835 1155 1534 1592
835 1155 1364 1592
0 1762 1070 3263
835 1651 1403 2062
705 0 1860 163
0 1286 1096 2147
0 1286 900 2147
1873 1259 2448 1449
1886 1259 2448 1449
0 1390 894 2147
169 1534 2448 3263
254 1534 2448 3263
254 1801 2448 3263
946 2062 1142 2408
0 0 502 235
0 0 2448 2500
1142 1116 1880 1468
0 0 2448 1566
2173 1109 2389 1292
1011 1390 1997 2500
1011 1462 1997 2500
1011 1553 1997 2500
1449 1945 1775 2082
1011 1553 1938 2500
2017 2839 2448 3120
1011 2141 1286 2493
0 0 1116 842
1135 2147 1566 2284
1018 1553 1938 2500
0 1762 979 3263
32 0 2448 1566
1116 1142 1775 1429
1671 2415 1964 2676
0 1057 287 1840
1684 3002 2180 3205
32 470 2448 1566
32 470 1044 1566
110 750 913 1566
0 1390 894 1951
32 470 1044 1299
1090 2043 1938 2500
1429 1390 1880 1540
848 0 2448 1044
0 1840 979 3263
1971 1534 2448 2036
32 470 1044 1292
1175 1181 1775 1429
1122 26 1651 169
1645 1893 1938 2056
783 783 2448 1403
848 32 2448 1044
1090 2043 1938 2448
0 0 437 235
1821 757 2212 1018
926 32 2448 1044
959 32 2448 1044
1436 1462 1912 2056
32 470 1044 953
32 515 1044 953
515 894 900 1292
1703 65 2448 907
959 32 2069 1044
1703 215 2448 907
959 32 1834 587
561 3126 750 3263
1671 3081 2448 3263
1906 3002 2180 3179
796 2944 2036 3263
567 2865 698 3015
1096 2846 1286 3055
809 2846 1031 3074
2017 2532 2199 2741
287 2526 626 3094
1736 2415 1964 2643
1142 2389 1527 2519
1116 2389 1253 2526
1011 2271 1253 2493
1357 2252 1808 2500
1109 2239 1442 2500
1997 2232 2252 2363
1651 2232 1873 2448
607 2193 1005 2376
1135 2154 1547 2284
1064 2141 1286 2395
1801 2069 1997 2428
992 2062 1142 2408
1090 2043 1938 2428
326 1925 476 2102
476 1912 809 2108
515 1899 979 2558
0 1886 169 2147
887 1860 1070 2167
0 1860 319 2193
796 1853 1064 2010
0 1840 783 3263
1971 1795 2284 2036
835 1782 1312 2062
502 1762 861 2088
319 1762 842 2095
848 1677 1096 1834
1077 1651 1403 2036
1436 1592 1912 2056
509 1586 848 1749
1018 1553 1547 2167
2095 1534 2448 1984
861 1488 1377 1834
0 1475 894 1951
1442 1462 1906 1834
1540 1403 1880 1540
189 1390 894 1592
1129 1370 1534 1540
835 1344 985 1592
0 1331 287 1912
208 1299 489 1534
1886 1292 2278 1449
189 1272 365 1521
2167 1259 2448 1396
1664 1220 1834 1383
1175 1220 1370 1429
1534 1207 1880 1468
1259 1181 1775 1410
907 1155 1364 1540
1116 1142 1540 1357
1142 1116 1834 1279
169 1116 913 1566
515 1044 868 1292
691 894 900 1122
1573 802 2448 1403
783 783 1736 1220
58 776 189 1064
1821 757 2147 1018
110 750 809 1233
13 691 293 1331
1925 678 2141 881
607 678 1044 946
0 652 274 1325
32 515 718 953
1867 496 2049 639
2252 463 2448 633
1083 437 1233 600
1037 417 2069 1044
1031 391 1188 561
2017 365 2448 907
463 345 652 528
1664 339 1964 489
1703 215 2173 554
848 104 1011 306
959 97 1331 306
1814 65 2448 496
998 32 1834 587
0 6 195 202
1840 0 2448 235
705 0 1742 163
332 0 502 163
137 0 437 235
0 0 228 130
0 691 365 1912
13 691 365 1521
326 1853 1064 2108
326 1912 809 2108
0 0 2448 1951
0 1116 2448 3263
763 2121 946 2258
0 1801 2448 3263
189 1116 2448 2519
189 1286 985 1592
802 1286 985 1592
319 1116 2448 2519
835 1116 2448 2519
319 1762 861 2095
515 1860 1142 2558
887 1860 1142 2408
1449 1932 1775 2082
855 1488 1377 1873
861 1488 1377 1873
0 0 1233 1951
691 0 2448 1540
535 0 1860 169
515 1899 1005 2558
835 1116 2448 2500
998 1116 2448 2500
1011 2141 1566 2493
2062 319 2271 450
535 0 1860 163
1011 2147 1566 2493
985 437 1233 894
985 594 1175 894
985 594 1122 815
0 0 1188 1951
998 1116 1906 1834
998 1207 1906 1834
1429 1207 1880 1540
835 1677 1312 2062
2252 463 2448 691
0 0 1188 1233
1018 1259 2448 2500
1867 496 2147 639
998 1220 1906 1834
0 1044 913 1951
920 274 1103 456
1090 1259 2448 2500
998 1220 1534 1540
796 2839 2448 3263
691 757 2448 1540
691 757 2448 1403
1436 1259 2448 2056
907 1142 1775 1540
1880 1259 2448 1997
796 2944 2448 3263
998 1370 1534 1540
0 0 1116 1233
1671 3002 2448 3263
783 757 2448 1403
1664 0 2448 907
907 1142 1540 1540
169 1044 913 1566
848 32 2069 1044
1664 65 2448 907
1573 757 2448 1403
848 32 1834 587
32 515 1044 1233
1703 65 2448 554
848 97 1331 306
0 659 359 1867
0 659 300 1867
561 2206 992 2434
0 1051 163 1579
1044 1893 1540 2369
770 1853 1070 2239
1867 1331 2415 2056
1867 1331 2232 2036
2212 1077 2448 1292
855 1534 1429 2043
359 1756 848 2095
470 1756 848 2095
1083 2082 1540 2245
881 1507 1364 1664
359 1762 842 2088
372 1762 842 1938
802 1853 1070 2206
502 1756 848 2010
0 1351 287 1867
855 1534 1429 1893
855 1592 1370 1893
0 1116 1821 2147
620 1116 1821 1658
1886 1299 2310 1442
1886 1305 2252 1442
900 1116 1821 1586
1064 1396 1932 2108
1436 1396 1932 2082
1090 2193 1827 2519
1148 2376 1827 2519
861 1645 1279 1893
1880 1455 2232 2036
1880 1455 2232 1912
0 1592 848 2147
0 0 1795 248
456 0 1795 248
515 0 1795 248
646 0 1795 248
1090 2193 1521 2408
0 1631 848 2147
0 1645 587 2147
1090 2232 1521 2408
1064 1579 1540 2108
907 1116 1821 1370
907 1155 1142 1357
0 1658 2448 3263
97 1658 1240 2813
97 1658 1240 2545
789 1977 1240 2545
0 1769 2448 3263
1429 2898 2448 3263
97 1658 1096 2415
1083 1645 1377 1932
920 1977 1240 2526
672 2408 946 2813
920 2578 1148 2989
1436 1494 1932 2082
1449 1925 1808 2082
737 0 1795 248
0 0 2448 1788
1429 2304 1958 2774
483 1795 842 1938
97 1658 1096 2376
97 1658 1096 2363
97 1658 998 2363
97 1847 940 2363
97 1847 796 2363
97 1847 548 2363
1455 1396 1880 1547
1429 3042 2448 3263
1083 1788 1377 1932
946 1161 1364 1442
97 1847 515 2363
254 1364 600 1501
920 1977 1109 2415
920 1977 1077 2415
1436 1494 1932 2056
0 1723 587 2147
946 1161 1364 1429
1064 1161 1364 1403
1292 2062 1899 2461
0 2591 306 3263
0 3009 208 3263
0 2591 306 3153
0 2591 306 3015
0 2591 306 2976
65 2591 306 2800
509 3028 711 3205
1462 1494 1932 2056
1246 1175 1886 1560
1246 1175 1769 1560
1488 1175 1769 1410
215 1436 757 1658
215 1507 757 1658
1090 1161 1364 1357
215 1521 515 1658
156 1723 587 1860
0 2095 319 2545
0 2095 319 2493
0 659 300 1390
0 659 189 1259
352 2421 705 2807
182 554 2448 1788
0 0 2448 1207
0 2337 763 3159
169 1769 2448 3263
1331 2506 1560 2826
169 3028 802 3263
1540 1625 1932 2056
1429 3061 2297 3263
894 0 1795 156
1906 2898 2212 3087
2043 2898 2212 3087
1488 2062 1899 2415
0 2337 763 3002
0 2337 763 2996
78 2337 763 2996
78 2337 763 2937
78 2337 685 2931
78 2467 509 2931
117 2337 685 2630
71 3009 208 3263
0 1958 176 2356
169 3042 607 3263
182 554 1357 1547
182 554 1214 1547
182 554 1129 1547
202 554 1129 1501
1246 2898 1573 3211
1540 1625 1925 2036
574 1769 2448 3263
1390 2872 2069 3263
1390 2872 1906 3263
1618 2872 1906 3198
1618 2970 1906 3198
1142 711 2448 1788
1142 711 2448 1599
1912 1181 2448 1599
0 0 496 182
574 2532 1690 3263
1912 1181 2448 1573
1912 1259 2448 1573
1912 1286 2448 1573
0 0 2448 1077
1507 1769 2448 3015
2010 1801 2232 2069
1912 1396 2448 1573
1507 2598 1886 2950
1507 2598 1808 2950
2030 1103 2239 1266
574 2532 1586 3263
1429 2304 1958 2741
1429 2304 1958 2656
574 2532 1266 3263
1005 2865 1266 3061
1142 711 2448 1344
1860 1769 2448 3015
202 554 1077 1501
626 613 1051 913
1880 1455 2232 1782
0 861 189 1259
985 2513 1357 2735
763 274 979 470
1827 548 2023 829
1860 1769 2448 3009
1860 1925 2448 3009
1860 2010 2448 3009
1122 1116 1821 1370
202 554 1011 1501
182 1259 600 1547
515 1168 953 1501
2088 1547 2448 1788
169 483 404 796
1135 3055 1449 3263
1246 345 1579 528
574 2532 1083 3263
574 2532 1031 3159
1214 0 2448 385
744 3074 972 3263
1142 718 2448 1344
0 71 2448 1077
1540 2062 1899 2415
202 554 1011 1299
274 1103 1011 1299
274 1155 561 1299
1860 2539 2088 3009
424 2441 763 2937
274 1155 489 1299
1867 2010 2448 2617
1873 2010 2448 2500
26 646 548 1077
26 646 228 894
1873 2010 2356 2500
659 685 1051 913
0 71 2448 985
1214 0 2448 365
1938 2493 2369 2944
1938 2591 2199 2944
1938 541 2297 874
1142 718 2448 1253
763 639 1142 809
443 71 940 411
443 71 894 411
443 71 894 287
97 672 548 1077
0 84 2448 985
2088 345 2448 829
2088 345 2448 711
2088 345 2448 607
0 84 2193 985
424 2578 737 2937
1436 718 2448 1253
1912 2010 2356 2461
202 554 744 1240
1299 0 2448 365
1299 0 1886 248
1618 104 1945 385
470 104 2193 985
470 143 731 489
1912 2010 2356 2369
600 104 2193 985
600 156 2193 985
1475 718 2448 1253
2069 2010 2356 2369
613 104 1742 659
1299 26 1756 248
1801 0 2448 365
326 554 744 1181
1756 907 2323 1253
802 156 2193 985
1116 156 2193 953
1207 156 2193 953
1312 156 2193 861
1501 156 2193 861
1501 156 2193 776
1880 156 2193 594
1814 0 2448 365
0 84 626 691
0 339 626 691
0 339 306 691
613 104 1592 659
731 104 1592 659
731 195 1592 659
731 339 1122 659
1475 718 2448 1018
926 104 1272 339
1814 0 2448 235
1501 463 1958 776
907 339 1122 659
1475 718 2258 1018
1475 718 2069 1018
926 195 1592 574
1057 195 1592 574
2004 0 2448 235
0 84 450 430
1135 3120 1429 3263
1390 3113 1782 3263
744 3100 894 3263
1201 3081 1364 3218
835 3074 972 3263
940 3068 1083 3263
2017 3061 2297 3250
