0 0 3263 2448
0 2141 2226 2291
2239 1958 3263 2330
0 117 2722 300
822 613 1638 1945
822 620 1638 1945
1057 894 1638 1945
822 620 1351 1423
0 0 809 143
0 156 1690 2239
0 163 1690 2239
1964 842 2310 1135
0 2160 3263 2448
0 137 2722 300
0 2252 3263 2448
528 0 3263 2284
1449 235 2911 1423
1618 235 2911 1423
1618 248 2911 1423
1449 685 1658 1051
1259 241 3263 2284
1259 365 2826 2252
1077 972 1638 1945
2193 241 3263 2284
1259 509 2826 2252
926 1044 1410 2252
528 0 3263 1860
528 0 3263 1201
809 0 3263 182
809 0 2539 163
1168 672 1749 1860
1201 750 1749 1860
528 182 3263 1201
528 574 1259 1201
528 574 1259 979
2434 0 3263 182
2885 1958 3263 2330
809 0 2317 163
2173 0 2539 156
1233 182 3263 783
19 2258 3263 2448
580 731 1122 1201
2193 352 3263 2284
1201 796 1749 1860
1351 2258 3263 2448
2193 352 3263 2271
809 0 2193 163
809 0 1090 143
2572 0 3263 182
19 2258 1501 2448
815 0 2193 163
202 156 2722 300
2572 0 3218 182
2572 0 3100 176
1357 796 1749 1860
3107 0 3263 182
1259 1749 1697 2245
665 731 1122 1201
2226 2284 3263 2448
0 0 509 137
815 0 1893 156
1142 0 1893 156
1279 0 1893 156
1351 2258 2976 2448
1521 2258 2976 2448
1521 2258 2199 2448
110 0 372 130
2389 2284 3263 2448
2389 2284 3205 2448
2389 2284 3107 2448
2669 2284 3107 2448
2467 1233 3263 2284
1697 2265 2199 2448
2043 2278 2976 2448
2134 2284 2976 2448
1357 796 1697 1677
2297 352 3263 2271
2761 241 3263 881
19 2258 1357 2448
718 2265 1357 2448
2467 2108 2761 2271
1155 1729 1410 2252
718 2265 1318 2448
2643 1233 3263 2284
2643 1468 3263 2284
2872 352 3263 1658
3126 731 3263 1312
2643 1579 3263 2284
2761 241 3231 691
2134 2284 2402 2448
2643 1736 3263 2284
2643 1814 3263 2284
19 2258 894 2448
2669 2317 2983 2448
2102 2304 2258 2448
3074 2297 3263 2448
2389 2297 2754 2448
2193 2291 2402 2428
3002 2284 3205 2448
2878 2284 3107 2448
2134 2284 2297 2448
2043 2278 2226 2448
998 2278 1168 2448
1697 2271 1945 2448
1090 2271 1357 2448
1912 2265 2199 2448
1827 2265 1997 2448
1351 2265 1599 2448
1318 2265 1501 2402
496 2265 894 2415
1521 2258 1808 2448
19 2258 620 2448
0 2252 306 2448
3113 2173 3263 2330
2643 1977 3009 2284
2885 1958 3263 2297
1214 1867 1410 2252
2950 1814 3263 2115
1357 1814 1697 2245
1259 1749 1455 2062
3055 1736 3263 1919
1155 1729 1299 1925
1370 1723 1638 1945
3133 1468 3263 1618
1155 1462 1318 1769
1357 1351 1534 1860
2297 1292 3244 2271
3126 1181 3263 1312
574 1070 705 1253
926 1044 1312 2252
842 1011 1129 1214
1077 972 1436 1801
1109 940 1259 1377
1383 868 1697 1677
450 868 652 1037
665 855 1011 1201
1964 842 2310 1103
1468 842 1749 1860
600 842 842 1201
2030 829 2337 1142
580 822 796 959
1357 796 1573 1005
1201 796 1488 1716
1175 796 1351 1423
580 757 1005 920
1253 750 1612 1044
750 731 1122 966
2989 665 3120 1168
822 620 1240 1188
953 613 1240 848
953 600 1253 842
1410 509 2826 2252
1325 443 1893 783
2193 437 3113 2271
1651 372 2611 1037
2591 365 2813 705
2872 352 3218 1658
2911 326 3231 691
1762 189 3263 652
802 169 2722 300
2722 0 3218 182
2434 0 2702 169
2173 0 2539 143
1534 0 2193 163
1410 0 1893 156
1279 0 1586 156
815 0 1246 150
809 0 1018 143
110 0 254 130
1410 235 3263 2284
1449 235 2957 1423
1919 32 2474 163
0 1958 3263 2448
1410 326 3263 2284
0 0 3263 2252
0 163 1749 2252
1618 235 2957 1423
0 0 3263 1037
750 1011 1220 1605
842 1011 1220 1605
450 574 1259 1037
2193 326 3263 2284
1964 829 2337 1142
0 0 3263 783
0 0 3263 300
0 91 2722 300
0 2108 3263 2448
0 0 3263 182
0 0 2702 169
202 91 2722 300
580 620 1749 2252
2872 326 3263 1658
580 620 1749 2245
580 620 1749 1945
2199 2108 2833 2284
2558 0 3263 182
580 620 1638 1945
1410 365 2826 2252
0 0 2539 163
2193 437 3263 2284
1175 796 1749 1860
2226 2108 2780 2278
2141 0 2539 156
580 620 1240 1201
2297 1233 3263 2284
2878 2284 3263 2448
0 2252 2976 2448
1090 2258 2976 2448
2558 0 3218 182
0 0 2193 163
1090 2265 1501 2448
0 2252 1318 2448
3002 2284 3263 2448
2911 326 3263 881
1351 2258 2258 2448
580 731 1122 966
1201 796 1697 1716
1351 2258 2226 2448
3133 1233 3263 1762
600 842 1011 1201
2193 2291 2976 2428
809 0 1390 150
809 0 1246 150
1279 0 2193 163
1521 2258 2226 2448
1697 2265 2226 2448
3133 1468 3263 1762
19 2258 1318 2448
1410 0 2193 163
1057 900 1638 1945
1057 900 1527 1945
0 156 2043 2245
1951 822 2330 1148
1396 248 3120 2291
580 848 920 1201
0 241 3263 2448
1396 378 3120 2291
1240 685 1756 1853
1240 685 1742 1651
450 580 1266 1064
1168 940 1299 1625
698 0 3263 1860
698 620 1742 1860
809 0 3263 783
698 620 1716 1860
698 718 1122 985
809 0 3263 235
809 0 3263 176
809 0 2696 176
815 620 1716 1860
1175 789 1716 1860
0 1749 3263 2448
809 0 2474 163
815 620 1279 1194
1246 182 3263 783
1286 1749 1697 2265
809 0 2369 156
815 0 2369 156
2558 0 3263 176
2199 241 3263 2284
2199 280 3263 2284
0 2258 3263 2448
0 2258 1357 2448
1181 2258 3263 2448
1318 2258 3263 2448
1697 2271 3263 2448
1697 2271 2226 2448
2630 0 3263 176
2297 280 3263 2271
0 2258 1318 2448
1919 300 2421 515
2102 2284 3263 2448
1181 2284 1475 2448
0 0 372 130
2199 1233 3263 2284
3107 1233 3263 1840
1697 2271 2121 2448
2630 0 3055 176
2630 0 2891 176
1201 809 1716 1860
2199 1749 3263 2284
1318 2258 1801 2448
2102 2284 2976 2448
2102 2284 2526 2448
2389 2284 3224 2448
3133 1233 3263 1756
3133 1416 3263 1756
2102 2284 2421 2448
2389 2297 2976 2448
3074 2291 3263 2448
2193 2291 2421 2448
2878 2284 3224 2448
2102 2284 2284 2448
1344 2284 1475 2448
1971 2278 2226 2448
1912 2278 2121 2448
1507 2258 1801 2448
1318 2258 1599 2448
32 2258 1318 2448
1240 1997 1455 2258
1344 1991 1697 2265
2885 1958 3263 2337
2199 1788 3263 2284
3081 1749 3263 1938
1286 1749 1468 2036
1436 1729 1638 1938
3107 1618 3263 1840
1468 1547 1756 1853
3133 1416 3263 1618
1070 1396 1357 2245
1423 1357 1716 1860
1618 1207 1782 1840
652 998 855 1201
574 940 1364 1775
1057 900 1449 1775
1005 887 1175 1064
1958 848 2297 1122
1997 835 2330 1148
1951 822 2121 972
1201 809 1488 1742
1357 796 1742 1749
1175 789 1390 1077
861 718 1122 985
1240 711 1742 1651
815 659 1240 1194
1051 620 1279 822
574 607 1227 926
1919 352 2219 515
1566 248 2911 1468
2761 241 3263 894
2656 195 3263 652
1246 182 2780 783
2957 0 3263 176
2826 0 3055 176
2643 0 2891 176
2434 0 2696 176
2173 0 2526 156
2062 0 2369 156
815 0 2193 156
809 0 1077 143
0 0 254 130
1468 1207 1782 1853
0 156 3263 2448
0 0 3263 1468
1396 195 3263 2337
0 156 2043 2258
1566 228 2911 1468
1958 835 2330 1148
0 0 3263 235
2199 195 3263 2337
450 580 1742 2258
450 580 1742 1945
1070 1396 1455 2258
2656 195 3263 894
2199 280 3263 2337
574 659 1742 1945
574 900 1527 1945
2199 1618 3263 2337
1958 848 2297 1135
0 0 3263 176
0 0 2696 176
0 0 2526 156
580 659 1742 1860
1175 711 1742 1860
0 0 2193 156
3133 1161 3263 1756
580 659 1240 1201
32 2258 3263 2448
1201 711 1742 1860
1201 796 1742 1860
809 0 2193 156
2199 1618 3263 2284
2062 0 2526 156
32 2258 2976 2448
2643 0 3263 176
3133 1233 3263 1618
2643 0 3055 176
1507 2258 2976 2448
1697 2271 2976 2448
32 2258 1599 2448
1697 2271 2526 2448
1697 2271 2421 2448
1697 2271 2284 2448
1971 2278 2284 2448
1201 796 1742 1749
1651 822 2572 1977
750 502 1005 724
1775 822 2572 1390
1488 1716 1697 2245
1964 842 2304 1135
2160 822 2480 1155
2297 2141 3263 2297
1507 1795 1697 2245
0 0 3263 391
0 0 2532 163
0 0 2474 163
1775 855 2572 1390
0 143 3263 391
0 143 1279 391
1853 1906 2095 2036
2402 1266 2813 1749
2617 1266 2813 1749
2617 1423 2813 1749
0 0 1964 150
463 182 3263 1090
0 1018 1586 2252
0 1749 1586 2252
2617 1521 2761 1749
463 306 1651 1090
0 0 1919 143
0 0 1566 143
1840 855 2572 1390
672 1018 1423 1873
672 1018 1129 1586
2271 750 2767 1181
2271 750 2689 1148
2239 0 2532 137
815 0 2474 163
1964 848 2304 1135
535 306 1651 1090
2578 789 2767 1181
535 496 1272 1090
535 496 1272 913
1756 1135 2350 1932
0 0 1521 143
1756 1135 2291 1932
1756 1135 2291 1840
1756 1135 2291 1808
1756 1135 2291 1684
1756 1135 2115 1684
1096 953 1645 1938
0 156 1906 2245
567 842 887 1312
567 842 887 1207
0 189 3263 2448
685 189 3263 2284
1573 306 3263 2284
2774 998 2911 1423
0 2258 3133 2448
900 2271 3133 2448
1135 2278 3133 2448
0 0 1253 143
1135 2278 1886 2448
1201 0 1521 143
1840 855 2128 1390
1840 855 2069 1390
1886 2291 3113 2448
352 1468 626 1840
2434 0 3263 176
1599 306 3263 2284
143 1814 398 2239
221 1814 398 2108
1951 1259 2291 1631
306 1847 476 2141
2173 1377 2513 1762
2173 1521 2493 1762
992 1122 1423 1873
1651 933 2043 1977
685 189 3263 1847
1246 189 3263 1292
2448 1037 2767 1514
770 1018 1129 1488
541 339 770 515
2441 0 2957 169
1246 489 2448 1292
0 0 1070 137
0 0 1024 137
1762 1135 2115 1645
1782 1135 2115 1645
2402 1455 2689 1599
685 620 1742 1847
1501 189 3263 894
1762 1553 2141 1840
1573 1801 2030 2258
1201 894 1494 1736
1135 2297 1344 2448
3002 195 3263 450
3133 202 3263 450
1148 1762 1501 2245
1586 1801 2030 2258
2271 750 2689 1083
2030 306 3263 2284
2428 1481 2735 1677
0 672 398 1710
744 620 1742 1847
1599 1853 2924 2284
254 1103 1214 2245
744 620 1716 1847
2617 339 3061 1168
2617 339 3022 1122
1886 2088 2924 2284
483 1103 789 1501
0 156 1906 2239
0 156 1083 2239
1501 189 3107 894
1201 894 1423 1710
1201 894 1403 1507
2493 1906 2813 2173
254 1201 1214 2245
0 2258 1090 2448
1821 1501 2291 1808
1756 626 2448 979
2226 1377 2513 1566
815 169 1906 620
535 600 1240 913
2852 1181 3061 1625
894 169 1906 620
946 169 1906 620
2448 1037 2683 1390
2448 1037 2683 1312
1501 189 3107 718
2304 0 2532 137
1605 1801 1840 2173
1201 1762 1501 2245
1599 1853 2604 2271
1775 1853 2284 2252
1808 1984 2284 2252
2030 306 3263 2252
1024 169 1906 620
1168 176 1906 620
1188 176 1906 620
1246 489 1938 1292
1697 933 1853 1579
0 0 802 137
1599 2043 2604 2271
254 1201 1135 2245
254 1357 1135 2245
2448 2297 3113 2448
2865 2304 3113 2448
1246 489 1710 783
1246 541 1710 783
1821 1501 2186 1775
2500 0 2852 163
744 620 1716 1742
1599 2075 2604 2271
2434 1736 2669 1906
1188 176 1906 509
1201 1762 1416 2245
2891 1997 3120 2284
992 1122 1175 1775
1201 1840 1410 2245
1808 2095 2049 2252
254 1357 1135 2239
744 620 1612 1201
744 620 1423 1201
32 1383 241 1736
1827 1984 2284 2160
0 0 718 130
0 0 685 130
0 0 509 130
1501 189 2852 718
1096 953 1429 1756
1090 1442 1423 1873
1220 2278 1886 2448
2448 1037 2630 1292
2030 1618 2813 2173
2284 1618 2683 1873
2539 398 2780 848
2030 1625 2813 2173
254 1357 1070 2239
2656 306 3263 2252
254 1357 1011 2239
698 1357 1011 2193
698 1651 926 2193
1201 1840 1357 2245
1201 1840 1357 2193
254 1383 750 2239
1886 2291 2565 2448
2669 385 2878 946
1122 953 1429 1756
0 672 319 1710
0 672 319 1396
744 620 1423 1116
2030 1742 2741 2173
724 1357 1011 1762
2931 1331 3205 1873
1351 796 1716 1742
0 541 685 2239
2030 1756 2461 2049
2030 1853 2461 2049
2206 1742 2741 2173
2656 1331 2983 1919
2656 1521 2983 1919
2780 1521 2983 1742
2030 1756 2369 1919
796 1357 1011 1710
2128 2297 2565 2448
0 156 1083 757
0 1331 163 1710
0 607 685 2239
130 607 685 1840
130 607 685 1612
130 607 685 1468
130 737 685 1468
130 796 685 1468
202 796 685 1468
202 1005 685 1468
228 1005 685 1468
0 2258 763 2448
1351 796 1664 1742
1351 796 1664 1638
2082 2043 2343 2212
1501 261 2852 718
319 607 548 815
1259 541 1488 750
2271 659 2585 894
2206 1873 2565 2173
359 1383 750 2239
2722 306 3263 2252
2722 1299 3133 1932
2865 1299 3133 1808
228 1005 600 1468
228 1103 463 1468
2741 802 2911 1279
0 163 1083 757
1488 580 1938 1292
1631 698 1938 1292
2728 306 3263 2252
2767 306 3263 1586
2767 306 3263 1468
2767 306 3263 1370
3074 815 3263 1370
1351 796 1625 1599
1462 868 1599 1246
195 163 1083 633
0 1592 404 2239
0 1723 359 2239
2767 306 3263 959
378 1383 750 2186
476 1383 750 2186
489 1383 750 2017
2839 815 3120 1468
0 1723 221 2239
744 763 1109 1116
2728 1390 3263 2252
2728 1827 2957 2239
489 1383 698 2017
0 156 274 430
0 156 274 306
1383 887 1625 1599
1416 1031 1625 1599
1416 1031 1566 1599
2839 1057 3028 1468
2820 1390 3263 2252
2820 1762 3263 2252
966 1684 1135 2199
966 620 1423 1044
1501 261 2735 718
1547 274 2735 718
1547 372 2683 718
1547 378 2683 718
1547 417 2467 718
1547 417 2310 718
2872 443 3263 959
261 796 450 1259
2820 1808 3263 2252
2820 1821 3211 2252
2950 476 3263 881
0 802 319 1396
352 1031 685 1436
1501 261 2154 509
1808 535 2310 718
1808 535 2108 718
3074 815 3231 1364
1547 417 2193 698
0 1873 221 2239
2963 404 3179 652
208 163 1083 509
1742 261 2154 430
2160 300 2852 541
639 169 1083 509
0 2258 587 2448
1201 894 1403 1423
2865 2317 3015 2448
3028 2304 3263 2448
2898 2304 3113 2448
2702 2304 2898 2448
2572 2304 2865 2434
2976 2297 3263 2448
2448 2297 2976 2448
1886 2291 2297 2448
1716 2284 3133 2448
1566 2284 1853 2448
1357 2284 1618 2448
691 2278 1090 2448
900 2271 1997 2448
515 2271 763 2408
241 2265 587 2415
0 2258 430 2448
3055 2141 3263 2291
2173 2128 2382 2265
1599 2095 2219 2265
1808 2095 2049 2239
705 2095 874 2245
143 2095 274 2239
1997 2088 2754 2278
815 2088 992 2245
2904 2082 3120 2284
254 2082 470 2239
1997 2075 2604 2271
2728 2043 2878 2239
2147 2043 2343 2212
2291 2017 2532 2154
2493 1991 2709 2173
1364 1991 1501 2239
2206 1984 2428 2173
1951 1984 2284 2128
1266 1984 1410 2245
979 1984 1116 2199
698 1964 855 2141
476 1958 639 2186
1697 1932 1840 2173
1586 1925 2030 2258
221 1919 372 2108
2643 1906 2813 2128
306 1906 476 2141
2030 1886 2310 2049
1749 1880 1886 2088
2239 1873 2565 2030
19 1873 221 2036
0 1873 202 2239
2526 1867 2761 2062
1775 1853 1984 2108
2963 1840 3211 2121
1148 1840 1279 2245
2774 1827 2957 2082
1318 1827 1455 2095
0 1827 750 2245
2820 1821 3009 2252
378 1814 541 2088
267 1814 398 2017
3028 1808 3263 2199
1605 1801 1788 1951
1521 1795 1697 2245
3107 1762 3263 1906
1214 1762 1416 1991
2030 1756 2369 1912
2369 1742 2741 2049
2722 1729 2878 1932
2656 1729 2859 1919
2382 1729 2630 1873
150 1729 359 2036
0 1723 189 1932
1488 1716 1651 1853
1351 1716 1645 1938
1938 1710 2141 1840
489 1710 652 2017
2983 1703 3139 1964
966 1684 1135 2043
770 1651 926 2193
2284 1631 2519 1775
352 1631 535 1840
2865 1625 3002 1853
2330 1618 2683 1873
613 1618 750 1840
1514 1612 1645 1742
2173 1599 2454 1762
254 1592 404 1821
130 1586 319 1840
861 1566 1011 1886
2931 1553 3120 1873
1977 1553 2186 1775
1762 1553 2023 1775
32 1540 221 1736
2428 1534 2637 1677
2617 1521 2761 1664
2258 1521 2493 1664
1651 1521 2043 1977
1279 1507 1423 1710
1821 1501 2049 1762
639 1501 776 1664
2865 1488 3048 1808
724 1468 861 1762
483 1468 626 1769
1449 1455 1592 1847
169 1455 332 1612
1997 1442 2271 1631
1090 1442 1325 1853
1612 1436 1742 1788
1286 1436 1494 1736
0 1423 163 1710
3081 1390 3263 1788
1756 1390 1919 1684
548 1383 698 1723
2226 1377 2513 1534
868 1364 1011 1710
1161 1338 1429 1756
2735 1331 2911 1651
0 1331 163 1501
2206 1312 2565 1468
130 1305 261 1442
3002 1299 3133 1514
352 1299 574 1723
228 1299 385 1468
2036 1266 2271 1501
1951 1259 2291 1599
1762 1233 1893 1455
1351 1233 1488 1651
483 1233 652 1501
992 1214 1175 1775
2017 1201 2154 1344
1840 1201 2115 1645
2088 1168 2350 1390
1436 1168 1566 1599
352 1161 541 1436
202 1155 332 1344
672 1109 848 1586
770 1103 979 1488
607 1103 789 1423
287 1103 463 1318
0 1090 300 1396
2493 1070 2767 1514
2062 1044 2572 1357
757 1037 887 1201
509 1031 685 1312
496 1024 626 1214
959 1018 1129 1272
352 1005 600 1220
1984 992 2128 1214
1240 972 1403 1423
0 972 195 1233
1925 959 2069 1331
1122 953 1259 1468
848 940 1103 1207
2017 926 2173 1057
698 926 848 1083
763 920 1005 1201
2226 913 2480 1155
274 913 417 1259
1201 894 1377 1338
378 894 561 1024
1964 874 2304 1135
1462 868 1599 1148
463 868 691 1070
1840 855 2023 1390
2271 848 2591 1083
607 848 757 1116
567 842 848 1207
744 835 946 1116
672 835 815 1090
2160 822 2382 953
3087 815 3231 1279
26 802 319 1142
261 796 450 959
1266 776 1612 1005
907 763 1109 1051
2480 750 2689 1005
2271 750 2513 894
1631 731 1795 1188
1671 698 1938 1292
2049 672 2448 887
0 672 287 985
1736 665 1893 796
3055 659 3263 1057
1168 659 1423 1044
1246 639 1540 783
1756 626 2317 979
894 626 1207 887
966 620 1246 998
1272 607 1475 750
672 607 1240 842
319 607 502 815
535 600 953 913
3094 594 3263 881
1488 580 1860 998
1455 541 1710 770
1259 541 1488 718
221 541 476 750
1808 535 2108 685
607 535 1103 822
652 515 894 705
1547 509 2017 698
3048 496 3179 652
1011 496 1272 659
2950 476 3100 881
398 476 698 933
2872 443 3087 959
1148 417 1312 561
195 411 528 633
1566 404 1984 567
496 398 691 528
2676 385 2878 913
2258 378 2683 685
2258 378 2676 541
1233 372 1475 620
1501 365 1788 509
0 352 306 757
946 339 1227 607
2944 326 3263 639
2767 306 2976 574
1214 306 1651 659
979 306 1122 476
2160 300 2852 502
1429 293 1645 463
1742 287 2056 430
829 267 1005 404
0 248 208 430
541 235 750 398
1168 221 1390 430
3133 202 3263 339
3002 195 3263 430
2669 195 3107 378
2043 189 3263 332
1749 189 2115 391
1599 182 3263 352
1201 182 1540 509
1024 169 1455 372
829 169 1083 365
639 169 913 509
208 163 724 483
97 163 274 306
176 156 1279 391
0 156 202 300
1214 13 1521 143
2891 0 3139 169
2754 0 2931 130
2578 0 2852 156
2434 0 2598 163
2304 0 2519 137
1279 0 2474 163
1547 0 1919 143
809 0 1253 143
855 0 1070 137
802 0 1024 137
385 0 685 130
0 0 430 130
1599 195 3263 2291
0 0 3263 2258
0 352 2780 2258
0 352 2780 2245
1246 398 2780 1684
0 352 1742 2245
0 0 3263 979
2448 195 3263 2252
1246 580 2154 1684
1188 176 3263 979
1488 580 2154 1684
0 0 3263 620
2402 0 3263 176
1599 1312 3263 2291
0 0 2474 620
1964 398 2780 1357
2271 398 2780 1148
2160 659 2585 953
1599 1312 2859 2278
2493 195 3263 2252
2617 195 3263 1325
2402 0 2598 163
1964 842 2572 1357
2448 1037 2780 1599
0 352 1742 1938
0 0 2193 620
2239 0 2519 137
0 1442 1501 2245
0 352 1246 1821
1246 639 1586 835
1168 659 1742 1938
1964 842 2480 1155
2617 339 3120 1325
1697 855 2154 1684
1697 855 2128 1684
1697 933 1919 1684
1168 659 1742 1853
378 868 691 1070
2669 195 3263 1057
1886 1808 3263 2291
607 496 1272 842
0 352 1246 1775
1964 848 2480 1155
2493 815 3263 2252
2767 195 3263 1057
0 1168 2350 2258
2891 1808 3263 2291
1188 176 3263 750
1214 189 2154 750
1782 855 2128 1390
2493 1070 2780 1599
607 496 1272 822
1984 848 2173 1057
2252 659 2585 894
1997 1312 2859 2278
1507 1168 2350 2245
0 156 1742 620
1599 1599 2454 2265
1188 176 3263 352
1455 274 2852 979
1507 1201 2291 2245
1756 378 2683 979
424 620 1246 1775
424 1018 1175 1775
900 1318 1057 1645
1756 1233 1919 1684
0 1540 1501 2245
1573 1201 2291 2173
567 620 1246 1207
1997 1729 2859 2278
2291 1729 2859 2154
672 620 1246 1201
1938 1259 2291 1932
1938 1259 2291 1840
