0 0 3263 2448
985 600 1423 1005
646 685 1011 1181
1318 2245 1592 2448
3133 535 3263 1083
580 1475 802 1769
567 2115 842 2448
607 2115 842 2369
2513 0 3263 450
0 750 724 1390
0 750 672 1259
2761 274 3094 450
306 1057 672 1214
1083 946 1416 1109
1455 1331 1638 1527
685 920 1051 1201
2186 1018 2369 1272
2513 0 3263 430
2513 0 2859 430
0 0 195 189
685 946 1051 1201
0 750 665 1259
1377 1873 1599 2147
2513 0 2728 293
2761 306 3094 450
0 646 3263 2448
0 0 3263 1331
0 0 3211 1331
718 685 1011 985
0 1168 450 1847
0 1168 411 1769
2552 182 2859 430
0 515 554 822
345 2154 672 2408
2343 1031 2565 1599
2389 1044 2565 1599
2389 1044 2558 1553
0 750 613 1259
2128 0 2310 143
2480 659 2787 1077
143 515 554 783
2023 2075 2650 2448
554 1259 1488 2369
1821 182 2415 907
1135 946 1416 1083
2565 0 3263 332
809 45 1468 580
685 1044 1044 1201
554 1259 1468 2369
1638 946 2265 1331
1436 528 1899 1331
1436 541 1899 1331
1436 541 1899 1194
1436 822 1742 1194
1488 822 1742 1194
2852 881 3263 1103
0 0 3211 1116
0 0 554 718
1977 1618 3022 2408
1984 1618 3022 2402
2147 1618 3022 2337
1057 352 1468 580
724 1631 920 1814
554 1259 1468 2004
1547 907 1742 1194
2480 1429 3263 2448
424 0 3211 1116
424 0 3074 1116
711 0 1194 163
2793 541 3211 940
2565 0 3263 280
1272 1801 2030 2448
1272 1801 1932 2310
1272 1925 1795 2310
0 1168 411 1710
985 600 1423 933
0 1168 411 1599
1618 1801 1932 2121
424 0 1116 966
1011 0 3074 1116
1064 535 1521 1116
1116 776 1514 1116
1625 541 1899 1175
1449 2180 2030 2448
424 0 1064 966
2376 0 2578 254
2604 842 2833 1103
3002 541 3211 940
1011 0 3074 920
0 1253 248 1599
2480 1449 3263 2448
2480 1534 3263 2448
2480 1742 3263 2448
1116 776 1442 959
2624 1742 3263 2448
0 163 156 483
1625 613 1899 1175
1625 691 1886 1175
2976 130 3263 332
2108 646 3263 1716
2389 705 3263 1618
2487 705 3263 1494
470 574 966 959
2108 646 2696 1716
2154 940 2696 1716
2963 300 3263 646
1064 535 1521 835
470 665 966 959
104 0 554 718
2376 0 2539 215
1024 1782 1442 2369
0 972 2487 2448
0 972 1599 2448
293 972 1599 1631
293 985 1599 1631
1436 496 1716 920
1135 972 1423 1148
985 1096 2487 2428
1684 1860 1932 2121
1684 1906 1932 2121
2147 1618 3002 2337
0 1429 1396 2448
0 1468 267 1814
2154 966 2696 1716
1011 0 3074 783
1011 0 2578 783
1011 0 2258 783
1011 0 2147 783
1834 0 2147 228
535 1880 1396 2448
535 1880 1233 2369
0 1429 737 2448
0 2278 195 2448
2389 306 3074 776
2389 306 2865 757
2389 496 2526 737
0 750 489 1259
0 750 489 1194
776 2232 1396 2448
776 2232 1357 2448
776 2232 1181 2448
1625 691 1873 1175
1638 1468 2487 2428
1808 1468 2487 2428
2532 705 3263 1494
2761 705 3074 1024
1494 2082 1710 2258
1011 0 2082 783
1867 483 2082 783
2532 972 3263 1494
985 1096 2323 2160
2154 966 2493 1592
2108 646 2578 1142
2108 750 2356 1142
0 789 261 1109
293 985 1599 1507
0 972 287 1259
933 215 1116 483
0 1168 411 1423
985 1259 2323 2160
985 1292 2323 2160
985 1442 2323 2160
2957 881 3263 1103
1808 1592 2487 2428
1612 1442 2186 1729
1011 0 1893 652
1853 1592 2487 2297
1853 1710 2487 2297
1853 1756 2421 2297
1638 2017 1958 2382
985 1462 2323 2160
1592 1599 2323 1919
1592 1677 2141 1919
2154 1096 2408 1592
2826 770 3074 979
1011 0 1729 398
1514 0 1893 652
1514 398 1703 652
2141 254 2428 698
2108 750 2304 1142
985 1462 1736 2160
163 2206 430 2448
0 1429 737 2330
1586 1259 2297 1560
1586 1312 2010 1560
0 1429 711 2330
0 1429 711 2004
0 1429 711 1977
104 221 554 718
554 1370 1468 2004
2532 1031 3263 1494
2545 1070 3263 1494
1853 1775 2421 2297
1853 1775 2232 2297
1181 0 1729 398
1893 1599 2323 1775
1925 1259 2297 1560
985 1462 1736 2036
985 1586 1625 2036
1521 0 1893 620
1521 0 1893 613
0 1468 711 1977
0 1468 665 1977
2767 1207 3263 1494
293 1005 1442 1507
1853 1775 2232 2128
652 1253 1142 1631
985 1586 1534 2036
1214 600 1423 868
1592 1716 2141 1919
189 1468 665 1932
698 1880 1233 2147
0 1919 293 2330
985 1586 1534 1912
2709 0 3263 195
783 1925 1233 2147
326 1468 665 1867
1181 0 1605 372
2480 2310 2637 2448
633 2304 770 2448
1808 2278 2075 2428
744 2271 966 2448
163 2271 411 2448
2519 2252 2650 2428
1318 2245 1540 2448
2624 2239 3113 2448
776 2232 946 2369
2931 2199 3087 2330
3107 2193 3263 2343
1449 2180 1749 2395
345 2154 613 2408
1808 2121 1958 2271
1573 2121 1710 2258
626 2115 842 2343
0 2082 182 2330
2023 2075 2552 2448
143 2062 737 2271
1958 2043 2154 2297
1638 2017 1919 2382
313 2010 541 2141
1756 1984 1932 2121
1109 1971 1442 2369
1272 1938 1592 2310
1984 1932 2356 2402
1853 1925 2075 2062
1488 1925 1795 2167
783 1925 1109 2147
0 1919 293 2167
1684 1906 1847 2043
535 1893 1155 2369
163 1893 359 2075
698 1880 829 2043
1377 1873 1599 2095
306 1867 580 2004
2552 1860 3002 2147
2193 1847 2421 2004
1253 1840 1436 2036
1912 1834 2121 1964
1618 1801 1840 1984
1024 1782 1312 2004
3035 1775 3263 1984
1991 1775 2232 2128
2284 1769 2461 1958
1592 1762 1801 1912
2683 1742 3263 2448
189 1742 509 1932
0 1736 241 1977
1795 1716 2141 1919
2859 1710 3022 1867
208 1690 450 1847
985 1671 1253 1860
1383 1658 1586 1795
1893 1645 2245 1775
737 1638 920 1814
554 1631 1064 2004
2147 1618 2950 2337
2062 1618 2376 1801
430 1605 665 1867
2317 1592 2487 1749
1090 1586 1534 1912
130 1566 267 1814
1279 1560 1442 1703
594 1560 802 1769
261 1560 411 1769
2317 1553 2696 1716
2683 1534 3263 1801
1795 1527 1977 1749
2147 1468 2323 1645
1390 1468 1553 1697
326 1468 652 1703
0 1468 208 1710
1488 1462 1736 1782
2800 1449 3263 1625
1912 1442 2186 1697
1612 1442 1958 1729
3055 1429 3263 1586
2389 1423 2715 1618
1977 1403 2297 1560
652 1377 907 1625
1455 1370 1592 1527
750 1370 1468 1775
2415 1351 2558 1553
1501 1331 1638 1514
3074 1325 3263 1494
2519 1312 2748 1494
2043 1312 2265 1442
1586 1312 1723 1560
1246 1312 1429 1468
1357 1292 1566 1547
1925 1259 2284 1416
1148 1259 1338 1416
0 1259 202 1599
802 1253 1142 1631
0 1233 163 1423
2865 1227 3205 1364
2767 1207 3263 1475
1181 1201 1383 1331
2487 1194 2715 1370
117 1168 411 1410
2206 1135 2369 1272
2154 1116 2389 1592
1135 1103 1442 1286
1455 1096 1645 1351
2545 1070 3263 1357
2389 1044 2545 1475
685 1044 1044 1181
2186 1018 2356 1194
326 1011 724 1390
300 1011 476 1168
1135 1005 1423 1148
293 1005 1181 1507
1299 985 1599 1266
2787 972 2944 1109
26 972 287 1227
2330 966 2493 1161
391 959 672 1148
2487 946 2624 1077
1964 946 2199 1207
1286 946 1416 1083
718 920 985 1077
2852 913 3035 1057
1605 913 1742 1181
456 913 665 1090
1547 907 1697 1194
2957 881 3250 1070
3133 868 3263 1083
2219 861 2356 1031
1625 861 1873 1175
2108 855 2239 1142
1116 809 1325 959
718 789 1011 985
0 789 156 1109
1259 776 1442 953
385 776 613 985
2891 770 3074 979
2147 750 2304 1011
143 750 489 1194
1240 737 1423 868
2793 691 3087 868
1664 691 1827 1005
470 672 685 959
1867 665 2180 1044
620 665 966 946
2480 659 2787 998
2304 646 2578 1096
3002 639 3211 940
332 633 554 783
985 626 1266 933
1214 600 1370 776
0 594 163 724
613 574 881 894
1064 548 1344 796
3009 541 3185 835
1207 535 1521 835
1658 528 1840 783
1331 528 1507 711
1455 522 1671 822
143 515 483 776
1514 489 1703 652
1906 483 2082 783
959 463 1116 705
1057 450 1436 580
2141 404 2369 698
2813 398 3074 776
1514 398 1690 567
0 398 261 620
2963 391 3113 561
1664 372 1814 620
1312 352 1468 554
1553 339 1716 476
1736 319 1893 613
2944 306 3094 437
2761 306 2976 450
2480 306 2865 757
3048 300 3263 646
0 287 215 502
104 274 470 718
293 267 437 437
933 261 1116 483
2199 254 2428 476
1292 235 1579 541
0 235 156 483
352 221 554 470
2226 195 2356 326
2976 189 3263 332
2696 182 2859 313
2859 156 3042 319
1286 137 1455 306
3009 130 3263 274
1547 104 1729 398
1834 91 1971 228
1899 78 2258 313
2826 52 3263 280
809 45 1416 522
0 26 195 189
2565 0 2846 241
2212 0 2578 620
1853 0 2147 137
1521 0 1873 424
1338 0 1605 372
1181 0 1436 208
1011 0 1331 267
711 0 861 163
143 0 554 352
124 0 254 221
0 894 3263 2448
0 0 3263 1814
0 946 3263 2448
907 894 1338 1214
1018 894 1338 1214
1547 907 1697 1331
2963 391 3113 639
594 1560 920 1893
0 0 1729 1814
1312 0 3263 1592
2800 156 3042 352
567 2239 770 2448
150 1253 300 1710
2722 620 2865 1024
933 215 1436 705
0 946 1801 2448
2382 1690 2604 1860
1044 894 1338 1109
1148 946 3263 2448
607 2239 770 2448
0 0 254 594
0 0 215 594
1044 894 1338 1077
3055 1325 3263 1586
2147 750 2363 1096
0 1090 143 1259
1494 2082 2075 2448
0 946 1625 2448
1494 2082 1782 2395
1827 91 1971 319
2376 0 3263 450
2761 52 3263 450
2826 52 3263 332
2944 535 3263 1103
3002 535 3263 1083
300 959 672 1168
959 450 1436 705
3002 535 3263 940
0 0 195 483
1312 352 1958 1181
0 287 215 594
1514 2278 2075 2448
0 2180 221 2448
2330 783 2833 1161
2330 842 2833 1161
2330 940 2624 1161
2330 940 2532 1161
1312 352 1899 1181
0 398 966 1814
0 398 691 822
0 398 639 822
724 1631 920 1893
2376 0 2859 430
2062 1599 2376 1873
2062 1618 2376 1873
0 574 966 1814
0 515 639 822
143 515 639 776
104 0 1729 1116
1521 104 1729 476
1272 1592 3263 2448
2376 0 2859 313
1618 1592 3263 2448
0 398 261 724
3002 633 3263 940
1625 528 1899 1175
84 2180 221 2408
0 1253 1625 2448
1312 352 1742 1181
2147 750 2363 1031
1521 104 1729 398
1351 1096 1645 1351
1312 352 1507 711
267 946 1599 1579
1272 1860 1932 2448
1521 0 3263 1592
0 574 966 1710
2147 750 2356 1031
613 574 966 946
613 574 966 894
104 0 1703 1116
163 1840 580 2186
1997 0 2310 143
293 946 1599 1579
345 2115 842 2448
345 2115 842 2408
580 2115 842 2343
319 1906 594 2069
1618 1801 1847 2043
1684 1860 1847 2043
985 535 1599 1116
104 0 1703 1077
1436 496 1742 1181
1272 1925 1932 2448
0 26 195 483
2154 1018 2748 1592
2624 1475 2833 1625
0 633 685 1710
1795 1592 3263 2448
2291 1592 2487 1808
1148 946 3263 1801
2154 1044 2748 1592
2376 0 2846 280
293 946 1599 1507
1135 946 1423 1148
104 0 1064 1077
718 789 1011 1077
0 633 685 1227
26 633 685 1227
2376 0 2637 280
1494 2082 1782 2265
1573 2121 1782 2265
1795 1618 3263 2448
1808 2004 2030 2310
163 1867 580 2186
1521 0 3263 1142
985 535 1521 933
2304 300 3263 1096
2793 691 3250 1070
2793 691 3087 979
1808 2017 2004 2310
1808 2017 1991 2271
2532 972 3263 1801
2532 1031 3263 1801
2532 1031 3263 1364
1396 783 1599 1116
1148 946 2715 1801
1148 1201 1383 1416
1272 1925 1932 2382
1272 1925 1919 2382
2376 0 2506 215
326 1253 1625 2160
430 1605 711 1906
802 0 1703 822
802 0 1690 567
104 0 1064 966
0 1233 208 1710
0 1233 202 1599
802 0 1331 267
143 0 554 470
1455 489 1703 822
985 548 1370 933
1064 548 1370 796
2389 1044 2748 1553
143 633 685 1194
2669 1207 3263 1801
1658 528 1899 868
1357 946 2715 1801
163 1867 580 2075
1586 946 2297 1560
809 0 1690 567
326 1253 1625 2004
143 672 685 1194
1344 2180 1749 2448
176 2010 541 2186
1521 0 2578 1142
1853 0 2578 620
1899 0 2578 620
0 1736 1442 2448
1521 0 2415 1142
1769 483 2239 1142
1769 665 2239 1142
1769 665 2180 1044
1331 1873 1599 2160
2683 1207 3263 1801
2683 1449 3263 1801
2199 0 2578 620
2304 306 2865 1096
2173 1769 2461 2010
2193 1769 2461 2004
809 0 1605 541
1181 0 1605 541
1135 985 1599 1286
1638 946 2297 1560
1357 1292 2715 1801
1357 1292 1958 1801
1795 1645 2356 2402
2813 300 3263 835
3009 300 3263 835
894 2297 1396 2448
1912 1423 2715 1716
1853 1775 2356 2402
1958 1775 2356 2402
1912 1442 2696 1716
0 1736 737 2448
0 2062 737 2448
117 1168 411 1501
1357 1292 1592 1547
1638 946 2284 1416
326 1253 1586 2004
326 1468 1064 2004
143 2062 737 2448
326 1468 711 1703
0 1736 509 2167
1286 0 1605 541
2023 1618 3263 2448
1286 137 1579 541
143 2062 737 2330
1521 0 2415 907
1984 1775 2356 2402
1488 1442 1958 1801
535 1782 1442 2369
652 1253 1586 1912
2480 306 2865 998
2147 1618 3263 2448
2147 1468 2696 1716
750 1312 1586 1912
2552 1742 3263 2448
1488 1462 1867 1801
750 1312 1534 1912
1795 1645 2245 1919
0 1736 509 1977
2415 1312 2748 1553
750 1370 1534 1912
2545 1070 3263 1364
750 1370 1468 1860
613 2245 776 2448
985 600 1423 998
718 685 1429 1207
718 685 1142 1207
718 685 1037 1051
0 724 672 1272
1410 1801 1847 2186
1410 1906 1625 2186
1410 1906 1625 2147
1090 946 1429 1155
2513 0 3263 391
1312 443 1534 711
1377 443 1534 711
2513 0 2859 306
2702 0 3263 195
1612 868 2271 1331
731 1586 926 1919
731 1631 920 1919
705 1938 1436 2448
744 1638 920 1919
0 0 3263 1194
3133 633 3263 1083
0 0 202 509
1618 470 1840 802
2761 300 3094 450
2552 143 2774 378
0 0 195 443
2448 313 2735 456
3055 522 3263 691
1024 515 1664 1116
1227 770 1540 1116
1860 0 2023 241
2075 1540 3263 2448
0 985 1645 2448
0 985 1645 2173
554 985 1645 2173
1116 646 3263 2448
2415 1037 3263 1599
2696 52 3263 391
0 0 1090 737
0 992 1331 1840
0 1011 1331 1840
0 1867 842 2448
0 1011 1233 1840
0 1011 1175 1840
0 0 1449 1194
163 0 1449 1194
163 502 1057 1194
385 502 1057 1194
385 502 966 1194
613 567 966 1194
985 600 1423 926
1011 0 3263 1181
1011 0 2461 1181
143 1057 672 1259
1116 2180 2115 2448
287 1011 1175 1703
1847 1840 2128 2004
2696 169 3263 391
0 1207 548 1840
150 1207 548 1840
150 1207 548 1814
1142 600 1423 874
1331 646 3263 2448
0 1566 829 2128
1488 789 1749 1312
1488 789 1716 1312
1984 0 3263 1051
1116 2180 2023 2448
1488 789 1716 1070
1083 456 1442 613
0 776 672 1272
1024 515 1664 913
0 0 992 737
84 1867 842 2448
1011 0 2180 1181
424 0 992 705
1331 1259 2487 2448
0 776 652 1272
84 776 652 1272
822 0 1449 705
2767 1207 3263 1540
1984 0 2656 796
2487 783 3224 1370
1331 1259 2454 2448
1331 1259 2323 2395
1331 1429 2323 2395
1331 1906 1991 2395
2128 646 3263 1769
0 2278 287 2448
1011 0 1991 1181
1331 1919 1736 2310
1344 1925 1736 2310
1383 1429 2323 1919
1011 0 1991 587
84 802 470 1272
1279 2180 2023 2448
2630 1410 3263 1658
2767 1207 3263 1507
2128 646 2774 1769
2128 940 2689 1769
1305 515 1664 913
2186 646 2774 1188
1853 1756 2454 2448
1494 1259 2297 1560
1168 0 1991 587
1494 1259 2265 1527
2800 1207 3263 1488
1853 1756 2454 2304
1488 1429 2323 1919
1932 2317 2115 2448
633 2304 776 2448
1116 2297 1396 2448
1723 2291 2023 2448
0 2278 208 2408
2480 2252 2650 2448
3107 2199 3263 2343
417 2193 554 2337
1279 2180 1769 2448
110 2154 659 2448
0 2134 189 2337
1344 2004 1618 2310
1279 1951 1429 2219
1527 1925 1736 2147
1984 1912 2356 2448
1586 1906 1991 2395
1468 1906 1625 2102
1853 1899 2154 2304
84 1867 842 2343
1579 1801 1847 1997
2036 1756 2454 2010
2578 1742 3263 2448
770 1742 920 1919
208 1697 437 1840
1383 1645 1586 1795
744 1638 913 1821
0 1579 731 2128
594 1566 829 1710
2252 1534 2428 1729
2793 1468 3263 1658
1801 1455 2323 1919
2415 1449 2565 1599
1488 1429 1977 1873
267 1429 548 1723
2630 1410 2924 1638
1390 1396 1553 1697
1938 1390 2297 1560
1860 1364 2043 1521
2878 1325 3263 1488
1723 1266 2265 1423
1494 1259 1912 1527
443 1246 587 1396
0 1233 208 1723
2800 1207 3263 1416
150 1207 424 1814
2487 1194 2683 1370
2291 1116 2689 1769
2389 1077 2565 1475
306 1057 672 1201
2415 1037 3263 1547
535 1037 1044 1227
2180 985 2350 1233
267 959 672 1201
2304 946 2513 1188
1938 946 2147 1116
1135 946 1429 1155
2128 940 2389 1592
711 920 998 1116
456 920 665 1090
1547 907 1749 1292
959 868 1142 1207
0 868 137 1201
2585 842 2748 972
1044 822 1338 998
1227 809 1442 953
84 809 293 1272
228 802 470 1129
0 796 169 1083
1560 789 1716 1070
2526 783 3224 1194
385 776 652 985
1318 770 1540 1116
1142 718 1279 874
476 659 685 848
2186 646 2774 1096
3048 639 3211 940
2480 633 2656 796
2689 626 2833 783
985 626 1266 926
163 620 554 776
1305 594 1521 835
763 594 966 829
613 567 913 1194
1618 554 1788 802
1024 535 1357 796
3055 522 3198 691
1442 515 1664 913
385 502 639 685
1867 470 2180 1070
1377 443 1534 698
1664 417 1795 574
1553 339 1716 496
959 326 1116 705
2637 313 2793 456
1370 313 1958 1181
2761 306 3055 450
2480 300 3263 1051
933 228 1090 489
2696 169 3009 391
1860 163 2461 913
2604 143 2774 332
0 71 202 509
2826 52 3263 293
2748 45 3100 182
1775 39 1932 241
0 26 195 443
2513 0 2813 280
2128 0 2278 130
1984 0 2578 678
1292 0 1991 587
1168 0 1534 208
1011 0 1364 306
822 0 1449 522
711 0 894 176
0 0 561 737
0 0 2323 2448
1168 0 3263 2448
1168 0 3263 1592
1808 783 3263 2448
953 1449 1129 1586
1468 1906 1625 2186
0 0 1507 1814
1847 783 3263 2448
1560 789 1736 1096
2565 45 3263 450
0 535 2323 2448
594 1566 926 1919
2696 45 3263 450
156 724 567 926
1853 783 3263 2448
2689 626 2859 1024
0 0 1449 1814
0 0 293 509
0 1579 2115 2448
959 326 1507 711
959 326 1442 705
0 705 287 1083
267 535 2323 2173
1514 280 1716 496
0 0 1449 848
2696 52 3263 450
2128 0 3263 1592
2448 0 2859 456
0 1579 1991 2448
0 2049 306 2337
1168 0 2578 1181
0 502 1233 1814
848 639 1233 1442
1090 1005 1233 1442
267 789 1645 2173
267 946 1645 2173
848 639 1142 1207
1853 1207 3263 2448
731 1631 913 1821
2448 143 2774 456
2448 254 2676 456
2128 300 3263 1592
2160 300 3263 1201
2160 300 3263 1188
535 789 1044 1227
267 985 1645 2173
0 502 966 1814
0 802 470 1814
953 639 1142 1207
0 0 1449 776
267 502 966 1201
1775 39 2004 241
1279 2180 2115 2448
985 535 2323 1997
985 535 1749 1292
385 567 966 1194
1383 868 2323 1997
2160 300 3263 1096
2180 783 3263 1769
1853 1540 3263 2448
0 1579 1436 2448
985 535 1423 926
985 535 1357 926
2180 985 2689 1769
0 0 992 776
267 1011 1175 1723
535 920 1044 1227
2630 1207 3263 1658
2630 1396 3263 1658
1318 770 1599 1116
1168 0 2578 678
0 809 424 1814
2160 646 2774 1096
1860 0 2578 678
0 809 293 1272
1383 1259 2323 1997
1383 1259 2323 1919
1344 1906 1991 2395
1527 1906 1991 2395
1370 163 2461 1181
0 1579 842 2448
0 1207 424 1814
1723 1266 2297 1560
1860 163 2461 1070
0 1579 842 2343
2415 783 3263 1547
1984 1756 2454 2448
522 456 894 796
326 607 1364 1220
417 607 1364 1214
607 607 1364 1214
718 607 1364 1214
718 789 1083 1214
202 1579 1057 2030
417 829 672 1129
1847 1795 2023 2043
326 1064 672 1220
1109 339 1919 1188
1168 345 1919 1188
0 809 254 1299
0 809 156 1299
0 868 156 1299
2513 0 3263 424
2513 0 3009 424
2513 0 2937 313
718 789 1044 1122
2010 1103 2415 1618
2154 1103 2415 1618
1168 907 1991 1442
1168 907 1991 1396
1168 907 1991 1331
1396 450 1919 1188
1396 450 1899 1188
2852 137 3263 339
992 607 1364 998
1423 1534 1677 1782
2343 2095 2604 2278
2839 1742 3263 2297
718 789 1037 1122
2839 1742 3237 2102
1423 450 1899 1188
1083 2193 2023 2448
1325 2193 2023 2448
0 770 3263 2448
0 0 3263 1161
2878 287 3113 476
1423 548 1899 1188
1423 1279 1795 1442
2454 84 2748 580
0 385 744 920
0 385 744 783
332 398 744 783
0 176 150 450
52 0 3263 1161
