0 0 2448 3263
1331 1070 1886 1821
1945 2350 2448 2754
1945 2441 2448 2754
1736 2780 2448 2924
1566 300 1873 554
2017 2226 2448 2552
509 1331 724 1723
0 0 345 404
1116 2088 2448 3263
1938 2604 2448 2787
2004 2604 2448 2780
424 0 2448 3263
1442 3035 1827 3263
1272 1729 1690 2284
424 0 1729 3263
0 0 1416 3263
0 0 1175 2898
809 0 2448 3263
1547 1018 1886 1201
1938 2617 2448 2787
1612 2872 2448 3263
0 2376 372 3263
78 2376 372 3015
900 489 1148 1090
45 0 1416 3263
1116 2102 2448 3263
0 313 509 1272
280 1677 998 3263
1246 0 1481 587
1135 0 2448 2741
1488 0 2448 1527
365 1801 665 2461
1135 1207 2448 2741
1207 0 1416 241
0 2754 208 3263
920 2323 1214 3022
280 1801 926 3263
809 1906 2448 3263
711 0 1246 1207
711 91 1207 1207
757 91 1207 1090
1246 776 1729 1586
1246 776 1729 1501
0 1253 228 1455
1488 0 2448 1259
228 509 770 1521
228 620 770 1521
0 0 1175 2532
0 0 1142 2532
1762 1207 2448 1873
359 1801 926 3263
809 2043 2297 3263
1631 2043 2297 2487
1631 2043 2297 2402
920 91 1207 750
424 0 1612 3263
1018 1037 1429 1703
1181 1037 1429 1436
1240 1037 1429 1338
1018 1344 1357 1703
1762 1207 2128 1396
1501 0 2448 1259
1697 0 2448 855
1116 2102 2421 3263
1116 2709 1827 3263
339 2350 580 2865
45 110 1364 3263
0 0 319 404
1135 1442 2448 2741
1135 1442 2239 2741
796 0 1612 2356
1135 2088 1645 2741
1135 2180 1645 2741
1827 2043 2297 2382
1827 2043 2297 2323
528 1801 926 2787
1756 2102 2421 2813
1756 2102 2330 2813
1821 2102 2330 2650
0 1579 189 1945
0 1579 176 1945
1605 1880 1873 2226
359 2689 600 3263
1840 959 2448 1527
1116 2872 1553 3263
1116 2872 1521 3263
809 2421 1860 3263
809 2669 1547 3263
1919 2102 2330 2591
1090 1605 1370 2121
1521 1442 2239 2408
424 2304 1051 3263
424 2350 1051 3263
424 2474 1051 3263
1051 992 1188 1377
580 137 776 326
45 313 509 1201
1135 2356 1625 2741
607 2474 1051 3113
1625 1442 2239 2310
1625 1442 2239 2075
900 1853 1246 2408
0 1527 652 2898
411 110 1364 2826
411 698 1161 2826
607 2474 992 3113
1246 0 1481 515
646 2350 900 2787
1488 0 1814 391
1710 2872 2448 3263
1840 2872 2448 3263
1971 2872 2448 3263
2167 3009 2448 3263
1521 2186 1795 2408
639 1801 926 2487
1233 2500 1677 2676
45 2415 522 3263
208 2415 463 2878
639 1932 900 2487
1266 2709 1827 3263
1971 2872 2363 3263
2082 2937 2363 3263
541 1037 802 1592
1710 2931 1958 3172
0 0 1142 1240
1051 110 1364 1005
796 1605 1135 2356
1246 0 1481 417
45 2598 522 3263
424 2793 933 3263
424 2793 796 3263
496 2793 783 3048
809 2696 1547 3263
2128 3068 2363 3263
1612 2898 2017 3263
0 417 639 2532
0 417 613 1462
907 0 1612 1775
607 2611 913 3113
711 2611 913 2970
0 1135 639 2532
0 1390 437 2532
868 2696 1547 3263
45 2748 502 3263
0 0 1142 1096
176 0 1142 1096
470 0 1142 1096
685 3009 933 3263
45 2748 437 3263
52 1527 652 2787
1044 91 1207 417
470 0 1142 483
554 1037 802 1507
1051 319 1364 1005
1051 319 1286 848
2284 3015 2448 3263
1742 2010 2082 2310
470 0 1142 424
567 339 972 1096
1266 2807 1788 3263
0 1436 437 2532
685 3133 835 3263
1834 3126 2017 3263
580 3126 724 3263
809 3113 985 3263
1116 3094 1357 3263
2128 3087 2317 3263
2284 3074 2448 3263
2167 3068 2363 3263
1005 3061 1148 3192
1455 3042 1984 3263
45 3042 202 3263
1442 3035 1651 3179
2310 3015 2448 3218
1266 3015 1494 3263
424 3015 796 3263
2167 3009 2415 3263
770 3009 933 3211
1840 2944 2147 3263
607 2944 894 3113
2082 2937 2212 3087
2212 2931 2448 3094
1756 2931 1958 3172
842 2911 972 3074
1612 2898 1880 3185
359 2885 535 3263
2102 2878 2448 3028
1357 2878 1553 3120
0 2878 150 3263
1971 2872 2226 3055
1899 2872 2088 3113
1266 2872 1521 3185
1599 2859 2389 3068
985 2820 1410 3263
1449 2807 1788 3061
1070 2800 1351 2944
496 2800 757 3048
372 2793 502 3159
868 2787 1207 3263
137 2748 437 3263
1579 2709 1827 2911
770 2709 913 2970
1044 2696 1547 3015
0 2663 163 2898
2049 2637 2284 2767
78 2630 274 3015
920 2624 1051 2859
1951 2617 2448 2787
835 2611 985 2846
711 2611 868 2852
1756 2598 2108 2813
1135 2578 1553 2741
2147 2539 2448 2754
646 2526 881 2787
1233 2500 1671 2669
208 2493 378 2878
52 2480 254 2787
763 2474 992 2643
607 2461 750 2846
1945 2441 2448 2702
528 2441 665 2787
1423 2421 1860 2885
280 2415 463 2780
933 2389 1214 3022
0 2382 163 2754
1919 2376 2160 2591
1899 2356 2082 2591
1821 2356 2056 2650
1148 2356 1625 2689
1703 2350 1912 2487
737 2350 900 2532
2017 2330 2291 2552
1834 2323 2056 2493
920 2323 1103 2539
1821 2310 2082 2539
776 2304 926 2467
2173 2297 2448 2500
365 2232 496 2461
2252 2226 2448 2369
2115 2212 2245 2343
639 2199 789 2487
1521 2186 1795 2317
2069 2180 2448 2408
1175 2180 1645 2506
796 2141 959 2356
959 2121 1214 2408
2226 2108 2421 2258
2004 2102 2330 2376
1827 2102 2219 2323
143 2095 306 2441
2278 2088 2448 2252
1175 2088 1488 2258
1658 2056 1834 2226
1403 2030 1579 2239
1782 2010 2082 2245
737 1932 900 2356
2023 1919 2239 2075
2082 1906 2448 2167
1605 1880 1873 2180
665 1873 802 2180
900 1853 1246 2186
0 1853 365 2532
430 1801 665 2337
450 1801 594 2121
1893 1742 2062 1958
13 1723 189 1945
2147 1651 2448 1984
1090 1631 1370 2121
1129 1605 1259 1762
848 1605 1135 2199
705 1534 842 1723
124 1527 652 2617
1697 1462 1873 1605
541 1462 724 1723
1625 1442 2075 2043
1325 1442 1481 1586
0 1436 437 2030
541 1429 731 1592
848 1410 979 1749
0 1390 221 1729
2049 1370 2304 1534
1070 1344 1357 1690
1782 1325 2448 1873
907 1286 1181 1775
1181 1266 1344 1436
554 1253 770 1507
1762 1246 2128 1396
228 1240 378 1521
1246 1194 1507 1501
1370 1148 1540 1586
169 1135 639 1749
1840 1109 2167 1318
1240 1109 1396 1338
1051 1064 1188 1377
561 1051 718 1240
1266 1037 1429 1168
646 1037 802 1344
1547 1018 1677 1175
711 1005 900 1207
2121 959 2448 1527
0 822 515 1462
1344 776 1729 1240
1534 750 1710 907
326 744 509 894
1312 705 1468 868
567 685 855 1096
757 646 1024 1090
45 646 319 1201
2206 626 2448 835
332 620 770 1259
900 580 1070 1090
1051 567 1227 848
1122 450 1364 1005
548 437 711 685
1501 417 2448 1259
163 417 613 985
1710 398 1873 554
920 359 1116 750
685 339 972 757
1116 319 1286 672
313 313 509 646
1566 300 1729 463
470 300 698 496
770 293 1051 953
176 261 496 600
509 215 731 378
1096 182 1246 541
580 182 776 326
1077 91 1207 339
594 58 881 483
0 58 248 404
2258 0 2448 156
2121 0 2448 221
1951 0 2115 267
1534 0 1795 202
1116 0 1612 1344
1037 0 1175 143
855 0 1077 150
789 0 1142 424
470 0 881 359
326 0 607 287
0 0 463 1077
208 0 345 202
0 0 319 137
0 0 1481 3263
0 0 1246 2617
1070 0 2448 2310
2069 2180 2448 2500
424 1605 2448 3263
2173 2226 2448 2500
1083 2049 1488 2258
509 137 776 378
411 0 1481 2826
0 1801 926 3263
1455 2330 2448 3263
1599 2330 2448 3068
1938 2330 2448 2787
1938 2350 2448 2787
332 509 770 1259
1494 2310 1808 2519
1494 2389 1808 2519
1266 2741 1586 3185
842 2780 972 3074
424 1605 1645 3263
933 1906 2448 3263
1455 2872 2448 3263
0 1801 665 3263
1599 2780 2448 3068
659 2833 822 3002
900 0 1481 1090
1886 561 2023 731
1945 2350 2448 2780
1945 2441 2448 2780
1938 2637 2284 2767
0 417 770 2617
1501 0 2448 2310
1070 0 1886 2284
1618 1077 2167 1318
1834 933 2023 1148
496 2461 881 3048
0 0 1246 1344
0 0 1207 1344
280 1801 665 2780
1051 0 1481 1005
1821 2088 2448 2650
1919 2088 2448 2611
1919 2088 2448 2591
2004 2088 2448 2376
0 2350 580 3263
2004 2539 2448 2780
933 2350 1912 3263
2004 2102 2421 2376
411 698 1188 2826
359 2441 665 3263
496 2461 757 3048
1116 2598 2108 3263
372 2598 522 3159
1521 1906 2448 2402
1827 1906 2448 2382
1266 2598 2108 3263
1116 0 1814 1344
1625 959 2448 2310
933 2356 1860 3263
1148 2356 1677 2689
1612 2872 2363 3263
470 0 1207 1344
0 2382 437 3263
424 2787 1207 3263
1070 776 1886 2284
1070 1037 1481 1690
1070 1037 1429 1690
0 2480 437 3263
1051 182 1246 776
1710 2872 2363 3263
1775 2872 2363 3263
0 0 607 1077
0 2493 437 3263
1775 2878 2147 3263
835 1064 1188 1938
561 91 1207 1344
933 2389 1860 3263
835 1064 1188 1919
1521 2167 1893 2402
1521 2167 1886 2317
0 0 496 1077
985 2421 1860 3263
0 2480 254 3022
561 339 1024 1344
594 1605 1645 2970
835 1286 1181 1919
594 2304 1051 2970
737 2304 926 2532
45 2493 437 3263
470 0 1142 496
0 417 613 2532
1742 1919 2239 2310
548 58 881 685
1246 776 1886 2284
1579 2598 2108 2911
1625 959 2448 2043
1893 1651 2448 1984
2030 1651 2448 1984
796 1605 1645 2506
685 2787 1207 3263
685 3113 985 3263
561 339 1024 1240
594 2474 1051 2970
1272 1070 1886 2284
848 1605 1370 2199
0 2663 163 3022
796 1853 1645 2506
124 1135 770 2617
1827 1906 2448 2323
763 2474 1051 2970
169 1135 770 1749
763 2474 1051 2859
1116 319 1364 1005
1272 1729 1873 2284
796 1853 1246 2408
985 2696 1547 3263
567 339 1024 1096
1625 1325 2448 2043
2017 1906 2448 2167
137 2493 437 3263
1475 1018 1677 1507
1599 2780 2448 3074
2180 1390 2448 1618
1338 639 1521 868
1096 1064 1971 2487
1579 2069 2448 2859
1971 0 2448 248
1096 1984 1599 2487
1188 2232 1599 2487
1938 2532 2448 2787
1096 1984 1299 2258
1579 2088 2448 2859
1083 2872 1521 3263
1997 2539 2448 2780
541 1142 855 1716
1579 2173 2232 2859
287 0 2448 3263
463 2121 802 2957
0 0 1181 3263
1214 1442 1462 1951
39 2663 267 3263
1599 0 2448 1527
1599 0 2448 1507
1873 1246 2448 1527
470 2121 802 2957
580 3042 757 3263
1742 2088 2448 2741
470 2121 802 2950
796 1292 2448 3263
796 2304 1370 2944
887 2337 1370 2944
933 2337 1370 2944
613 2121 802 2624
287 0 1814 3263
2284 0 2448 156
1240 0 1814 1592
1240 1338 1475 1592
822 1292 2448 3263
1214 2500 2448 3263
1214 2585 2448 3263
1214 2585 2108 3263
287 0 1612 3263
326 0 1312 2780
737 91 1207 1083
1018 1540 1207 1703
1677 1292 2448 2245
1677 1331 2448 2245
1710 1331 2448 2245
326 182 1286 2780
1501 2872 2448 3263
822 1899 2448 3263
1148 2160 1984 2689
920 2265 1129 2611
1181 1044 1449 1416
1240 1044 1449 1338
1318 0 1814 1481
1873 1246 2291 1410
0 1240 378 1605
744 0 1612 2448
287 1351 1370 3263
287 2350 580 3263
424 1351 1370 3263
0 1351 261 1605
0 0 1181 2702
744 163 1612 2448
848 163 1612 1938
822 2454 1847 3263
0 0 1116 2702
1155 2572 1553 2728
1233 1899 2448 2669
1631 1899 2448 2493
1462 0 1814 829
1468 0 1814 548
1468 0 1814 463
796 2304 1011 2637
424 1351 1351 3263
300 2350 580 3166
300 2558 561 3166
1742 2108 2448 2741
1821 2108 2448 2637
528 940 744 1253
528 1051 698 1253
1919 2108 2448 2591
1488 2160 1984 2408
822 2598 1586 3263
744 1658 979 2448
424 1605 1259 3263
424 1853 1259 3263
385 0 607 182
1344 163 1527 587
0 1553 652 3263
424 2069 1077 3263
424 2088 1077 3263
424 2141 998 3263
424 2141 959 3263
352 2558 561 3166
1109 1351 1351 1690
424 2748 822 3263
594 2748 822 2983
959 1853 1259 2408
737 326 1142 1083
574 137 776 326
881 2598 1586 3263
881 2669 1534 3263
0 293 972 2702
0 293 972 2062
1501 2872 2415 3263
1840 2872 2415 3263
0 2421 463 3263
607 2611 913 3166
659 2611 913 3068
718 2611 913 2970
509 1037 848 1592
718 2611 907 2872
646 2141 959 2787
848 339 1612 1938
1840 2872 2310 3263
737 2141 959 2558
1631 2017 2297 2493
0 0 1116 1090
1886 3126 2017 3263
685 3126 835 3263
822 3113 985 3263
2291 3081 2448 3263
1449 3061 2004 3263
620 3042 757 3172
1083 3009 1383 3263
770 3009 933 3205
607 3002 796 3166
39 3002 241 3263
1501 2970 1945 3231
287 2944 528 3263
2088 2937 2415 3263
2245 2931 2448 3218
1742 2931 1945 3172
842 2911 972 3068
1840 2885 2147 3263
2102 2878 2448 3061
1690 2878 1925 3028
1925 2872 2310 3192
1266 2872 1521 3179
1599 2859 2389 3074
659 2846 894 3068
770 2820 913 2970
424 2800 757 3263
594 2793 744 2983
1697 2780 2448 2950
633 2748 822 2983
881 2728 1521 3263
1096 2669 1534 2865
58 2663 267 3166
496 2630 652 2957
1951 2624 2448 2787
2036 2624 2284 2767
907 2624 1051 2859
718 2617 868 2852
1579 2611 1847 2859
1423 2598 1586 2839
352 2598 515 3166
1155 2591 1553 2728
463 2552 600 2931
2147 2539 2448 2780
1938 2532 2448 2774
0 2532 287 3263
646 2526 783 2787
1233 2474 1729 2669
933 2474 1370 2944
607 2474 744 2833
470 2461 646 2950
1357 2454 1847 2931
1977 2441 2448 2663
137 2421 463 3263
796 2395 1011 2637
1227 2363 1494 2500
1893 2356 2082 2591
920 2350 1129 2611
332 2350 580 2865
1821 2343 2056 2637
737 2343 894 2558
1148 2323 1631 2689
822 2304 985 2598
2017 2291 2337 2513
1631 2284 2069 2493
2043 2265 2448 2513
1919 2180 2448 2591
1729 2173 2232 2728
1488 2160 1984 2369
796 2141 959 2369
613 2121 802 2585
2043 2108 2356 2402
959 2108 1259 2408
2088 2088 2448 2389
900 2088 1077 2278
600 2082 789 2558
1658 2056 1827 2212
1912 2049 2128 2199
1827 2017 2297 2304
1801 2010 2056 2245
1096 1984 1299 2173
0 1964 319 2702
2017 1919 2239 2102
2206 1899 2448 2121
972 1853 1246 2141
744 1853 926 2448
13 1684 150 1945
1122 1677 1370 2121
848 1677 1083 2199
1116 1605 1259 1834
979 1605 1148 2017
124 1553 652 2624
1312 1547 1462 1951
1070 1540 1207 1671
1155 1481 1351 1690
541 1449 737 1716
1214 1442 1370 1612
1331 1436 1475 1592
2180 1390 2448 1573
0 1390 221 1932
2141 1377 2448 1527
0 1377 261 1605
1109 1351 1259 1534
1710 1331 2448 2043
848 1279 1175 1938
1181 1266 1344 1416
509 1266 763 1592
1840 1246 2108 1377
228 1240 378 1514
1240 1161 1449 1338
718 1142 855 1468
1135 1135 1286 1344
528 1109 672 1253
1266 1064 1971 2239
541 1051 698 1207
1253 1044 1429 1175
646 1037 848 1344
1521 1018 1677 1168
711 1005 861 1207
770 998 920 1233
1775 940 2448 1507
607 940 744 1103
1044 783 1214 1116
1318 776 1742 1481
1390 639 1521 868
737 620 1044 1083
626 574 926 1279
326 567 1155 2780
1462 483 1716 829
1501 391 1658 548
1051 339 1612 1449
894 326 1142 1031
594 287 829 522
0 215 711 1462
1090 182 1286 855
574 182 776 326
1370 163 1527 483
1044 91 1207 411
2284 19 2448 156
456 13 600 182
1599 0 2448 1168
1527 0 1782 176
1266 0 1481 515
1142 0 1312 326
1005 0 1181 137
463 0 1116 463
0 0 541 1090
0 0 1612 3263
1227 2350 1521 2500
0 0 1207 3263
39 0 1612 3263
1240 0 2448 2245
1599 2265 2448 3074
463 2082 802 2950
1599 2350 2448 3074
39 567 1155 3263
711 998 920 1233
424 998 2448 3263
718 998 1599 3068
1873 1246 2448 1618
1977 2350 2448 2663
424 1899 2448 3263
574 104 842 326
0 0 1207 2062
1148 1899 2448 2741
842 2780 972 3068
463 2082 789 2931
1148 1899 2448 2728
424 2304 2448 3263
1449 2872 2448 3263
424 2304 2154 3263
594 287 829 685
1599 0 2448 2245
1240 0 1971 2239
848 0 1612 1938
39 2350 744 3263
39 2350 652 3263
39 2350 580 3263
718 998 1599 2970
424 2304 1847 3263
463 0 1207 1083
1148 1899 2448 2689
0 0 972 2062
718 1351 1599 2970
1266 0 1971 2239
1148 2310 1769 2689
1214 2500 2154 3263
1181 998 1449 1416
1690 2872 2448 3263
633 2304 926 2983
1090 0 1527 855
463 0 1181 1083
1090 0 1481 855
1142 0 1481 515
0 0 711 1462
541 940 744 1207
1266 483 1971 2239
1488 1899 2448 2493
463 0 1181 1031
424 2454 1847 3263
463 0 1181 463
646 2304 926 2787
737 2304 926 2558
1710 1246 2448 2245
1925 1299 2448 1527
881 2454 1847 3263
1096 2598 1586 2865
1148 2323 1769 2689
424 2793 985 3263
659 2846 985 3263
685 3009 985 3263
1109 1351 1370 1690
2088 2937 2448 3263
718 1605 1599 2970
848 1605 1148 2199
39 2421 463 3263
1109 1351 1370 1612
424 2793 757 3263
718 2304 1051 2970
796 1605 1599 2487
718 2526 1051 2970
718 2611 1051 2970
718 2611 998 2970
1690 2872 2310 3263
1116 1605 1370 2121
1318 483 1742 1481
770 2611 913 2970
0 1964 319 3263
796 1853 1599 2487
796 2108 1599 2487
1827 1899 2448 2304
796 2108 1259 2408
1729 2232 2448 3087
1729 2232 2448 2911
1729 2467 2448 2911
1729 2565 2448 2911
1566 0 2448 470
1566 0 2448 463
607 293 835 776
1142 456 1769 1938
1142 456 1749 1938
1729 2735 2448 2911
1860 868 2062 1227
940 2539 1168 2780
0 3035 208 3263
1142 1077 1645 1938
1142 1266 1501 1938
1142 1266 1501 1736
1096 567 1403 1233
1096 613 1396 1233
992 1906 2448 3263
1475 1292 1756 1573
1279 456 1749 1253
293 2976 528 3263
1279 672 1749 1253
1279 705 1749 1253
1286 776 1749 1253
1286 776 1605 1253
2017 2232 2448 2552
607 1808 907 2545
1109 2088 2448 3263
1566 0 2069 463
2004 2630 2337 2780
633 1808 907 2545
633 2017 842 2545
1344 2878 2448 3263
0 0 1814 3263
1109 52 2448 2793
0 0 1305 3153
117 0 1814 3263
1958 1161 2448 1645
1958 1370 2389 1645
1958 1429 2252 1645
2193 1161 2448 1527
411 306 587 528
476 0 685 293
1109 235 2448 2793
1977 2467 2448 2689
1540 1064 2095 1599
0 966 150 1272
796 972 1501 2363
992 972 1501 1912
1037 972 1501 1886
1109 2180 2448 3263
0 97 287 613
1161 1599 1729 2656
1188 1599 1729 2493
1188 2056 1664 2493
1051 972 1501 1684
796 1756 1253 2363
796 1756 1044 2363
1383 0 1814 561
1383 0 1814 424
1051 972 1416 1684
1051 1090 1338 1684
1710 580 2128 1220
1710 626 2049 1220
1710 796 2004 1220
1109 267 2448 2793
117 0 1527 3263
1096 613 1370 1233
1096 776 1259 1233
0 0 1214 3153
594 0 913 443
1501 0 1814 326
1266 1599 1729 2252
117 1044 437 1501
2030 1370 2389 1547
398 1795 633 2402
437 1853 1331 3263
437 2252 1331 3263
1475 2878 2448 3263
2030 0 2448 241
1096 776 1253 1233
574 2252 1331 2976
430 1795 633 2252
972 1853 1318 2545
972 1853 1318 2245
1109 1331 2448 2793
1135 1188 1501 1436
992 2102 2245 3263
992 2696 1664 3263
992 2944 1416 3263
1579 267 2448 1383
1684 267 2448 1383
365 992 711 1462
1083 2696 1664 3094
1109 2415 2049 3263
117 1880 796 3263
150 1880 796 3263
156 1880 796 3263
1977 52 2376 359
600 280 985 848
685 280 985 757
757 280 985 652
757 326 979 652
574 2252 1135 2976
1442 2102 2245 2872
437 2382 1259 3263
541 2382 1259 3263
750 2382 1259 3263
750 2382 1259 3172
776 2382 1259 3172
567 0 1527 2088
1579 620 1906 920
0 0 1142 3153
1514 2102 2245 2689
567 0 1455 2088
1011 698 1155 1083
1109 1449 2448 2793
293 0 1214 1429
1351 1886 1716 2193
776 2382 1148 3068
835 2382 1122 2787
1109 2591 2017 3263
1246 2591 2017 3263
1579 2591 2017 2872
1684 267 2448 1325
1246 2826 1762 3263
1494 339 1729 561
1710 267 2448 1325
574 2252 972 2976
750 2611 926 2957
1109 1449 2350 2793
1286 1599 1729 2095
1286 1801 1638 2095
0 0 580 515
1847 2102 2245 2389
156 1951 757 3263
156 2069 757 3263
156 2572 574 3263
156 2683 574 3263
156 2702 430 3263
228 2702 430 3263
509 2630 652 2944
1710 274 2448 1325
959 2820 1259 3172
1109 1893 1860 2793
404 0 1214 1161
1109 1991 1860 2793
1109 2330 1834 2793
2082 2088 2448 2389
78 1573 496 2389
1547 1449 2350 2330
998 2820 1259 3172
1005 2820 1259 3087
541 2937 809 3263
326 0 580 306
0 137 1142 3153
0 137 776 1645
0 1240 228 1645
0 1240 215 1566
1547 1449 2350 2219
1547 1449 2350 2167
763 1494 972 2010
1631 2878 2448 3263
1756 2878 2448 3263
1573 1991 1860 2421
1710 274 2448 1266
189 1573 496 2356
280 1573 496 2160
2004 2180 2448 2474
0 137 776 1279
509 137 776 496
1135 1188 1501 1410
600 0 1214 1070
1109 0 1455 835
1155 0 1455 835
1214 0 1455 567
0 0 398 515
1540 1064 2095 1494
1109 2330 1690 2793
567 463 1227 2088
0 326 1142 3153
0 2382 509 3153
0 2382 378 3153
1547 1449 2350 2062
