0 0 3263 2448
2108 881 2421 1605
2108 881 2421 1534
1462 78 1664 378
672 2121 907 2291
39 1684 228 1834
1703 1194 1886 1475
2108 881 2337 1534
1573 332 2010 718
1723 1638 2767 2271
1109 280 1312 613
3015 881 3218 1122
1462 97 1664 378
372 1286 574 1468
221 1534 509 1762
261 1534 509 1749
587 1703 868 2023
600 1788 868 2023
574 0 3263 2448
1873 691 2088 1410
1893 926 2088 1410
0 0 2415 2448
594 0 881 176
594 0 724 176
1220 1553 1521 2154
1977 1377 2526 1703
2519 913 2780 1188
966 1984 1736 2448
1912 946 2088 1410
1031 502 1266 789
1031 502 1201 789
1122 0 1586 228
1240 0 1586 228
3081 881 3218 1051
2467 0 2820 359
2017 378 2428 724
2017 378 2428 633
2049 378 2428 633
1024 1984 1736 2448
0 868 241 1181
470 2023 1057 2448
470 2043 1024 2448
470 2043 783 2448
600 2180 783 2448
1220 1553 1488 2154
0 1840 515 2448
1912 2245 2160 2448
1031 1886 1299 2082
2513 0 2820 332
1031 502 1201 731
1762 1638 2767 2271
0 868 241 1148
0 959 241 1148
1207 2141 1736 2448
2754 1011 3257 1344
1977 1423 2467 1703
411 607 574 835
0 1847 398 2448
1024 1984 1449 2448
1024 2154 1449 2448
1834 1697 2043 2062
574 848 874 1331
574 848 855 1331
0 280 913 946
0 280 913 809
235 280 913 594
554 300 913 554
2754 1024 3257 1344
3074 1142 3257 1344
0 470 698 809
665 1018 1155 1834
1312 1436 1534 1599
711 0 3263 2448
881 1246 1044 1553
2891 1899 3263 2448
2891 2036 3263 2448
3022 2082 3263 2448
3022 2317 3263 2448
2428 1096 2650 1364
2291 1377 2526 1566
2297 1377 2526 1566
633 300 913 554
470 2043 770 2421
0 150 208 437
711 398 2030 1481
1592 476 2030 1051
1658 744 2030 1051
1521 0 3263 2448
2434 2036 2852 2265
711 398 1964 1481
1031 1175 1286 1481
1031 1175 1259 1455
1031 1175 1259 1383
0 868 235 1018
750 1886 1018 2310
235 280 633 594
881 1246 1044 1481
2891 2036 3263 2265
665 1475 1155 1834
274 326 633 594
0 1259 195 1468
1873 691 2069 933
470 2043 770 2265
711 398 1964 1240
711 463 1964 1240
2434 1658 2604 1906
0 1299 195 1468
750 1886 1018 2232
789 1977 1018 2232
711 463 1964 1227
711 744 1148 1005
0 0 2108 2448
705 1958 1181 2448
887 1958 1181 2199
359 326 633 594
966 1618 1331 1919
0 470 646 718
65 470 646 665
633 339 913 554
946 1018 1135 1579
705 2128 1148 2448
1037 463 1964 1227
1429 463 1684 789
711 757 1037 1005
0 1148 900 2448
783 2128 1148 2448
874 2128 1148 2448
1592 476 1971 835
574 920 822 1331
1037 489 1964 1227
1037 652 1964 1227
1729 548 3263 2448
1729 1553 2637 2108
2891 2036 3185 2265
1161 489 1410 913
1984 548 3263 2448
2532 1122 2846 1586
1521 0 3263 1272
1521 0 1873 293
228 1710 900 2448
228 1814 900 2448
300 1814 900 2167
470 1860 900 2167
2957 2036 3185 2265
1729 1573 2474 2108
1801 1573 2474 2108
1906 1573 2474 2108
2754 1024 3166 1279
1729 0 3263 1272
1729 0 3263 757
0 1847 398 2265
0 1847 332 2180
0 1148 685 1847
0 1148 567 1847
0 1390 567 1847
0 1449 489 1847
0 1547 489 1847
0 1573 489 1847
0 1618 489 1847
1540 2075 2415 2448
966 1618 1292 1782
2245 1925 3087 2448
2245 2043 3087 2448
2532 1122 2846 1325
2872 163 3263 613
2872 163 3263 528
2872 280 3263 528
1592 2075 2415 2448
1605 2108 2415 2448
1612 2108 2415 2448
1612 2128 2415 2448
1762 2128 2415 2448
1925 2128 2415 2448
0 0 2108 2343
0 0 1788 1175
0 574 894 1175
0 574 757 1175
0 574 737 1175
424 802 737 1096
0 574 515 1175
0 698 515 1175
0 698 443 1175
117 874 2108 2343
1697 1266 2108 1677
1697 1266 2049 1677
1984 548 3263 2036
1984 548 2963 1436
2043 2167 2415 2448
0 0 1788 829
600 365 1057 829
2807 424 3263 1272
0 1148 365 1684
0 1325 293 1684
0 0 1788 678
0 0 1788 574
0 0 802 385
0 0 633 378
91 0 633 378
117 874 1958 2343
1064 1455 1299 1697
1612 2291 1834 2448
2448 1253 3263 2036
0 150 156 437
1729 1677 1964 2069
1044 652 1964 1227
2487 0 3263 502
2448 1253 3263 2017
2780 1148 3185 1416
169 1449 489 1625
228 1899 646 2448
1906 1645 2434 2108
1906 1834 2337 2108
1906 1853 2284 2108
646 0 1788 574
228 1899 587 2428
228 1899 541 2428
293 1899 541 2252
0 1847 235 2134
2180 548 2963 1436
1697 1266 1977 1677
1697 1364 1977 1677
2487 150 3061 502
0 698 319 992
117 874 1051 1899
620 1618 913 1899
1729 0 2931 757
698 365 1057 829
1729 0 2754 757
1762 1814 2767 2271
2180 548 2813 1436
2304 842 2611 1436
815 953 1958 2343
815 1756 1468 2343
815 1756 1468 2323
1011 1756 1468 2323
1011 1756 1357 2323
1135 953 1958 2199
1135 953 1605 1742
2630 685 2963 1077
117 874 1051 1749
32 1148 365 1449
2245 2043 3022 2448
2389 2043 3022 2448
1729 0 2591 757
1958 0 2591 626
1135 1175 1436 1742
1044 652 1821 1227
646 0 1468 541
117 874 1051 1697
2545 2043 3022 2448
2245 2245 2624 2448
1331 1005 1958 2199
1553 1005 1958 1638
1044 652 1625 1227
1044 718 1625 1227
1201 737 1625 1227
1762 2245 2069 2448
2448 1292 3263 2017
2513 1292 3263 2017
2513 1534 3263 2017
1331 1521 1834 2199
326 874 1051 1697
339 874 1051 1697
2017 1645 2434 1880
698 489 1057 829
2663 1253 3087 1788
2663 1253 3087 1729
1553 0 1873 195
1958 52 2572 626
1161 489 1370 783
0 359 254 678
1729 0 2252 757
1729 0 2056 594
2630 685 2898 959
1279 176 1788 574
195 0 633 378
646 0 1468 463
2617 2036 2852 2265
835 509 1057 829
1560 900 1964 1168
946 45 1468 404
1383 1560 1834 2199
65 470 561 665
2728 2043 3022 2402
339 874 1051 1481
470 874 1051 1481
470 1018 926 1481
470 1018 678 1455
1044 718 1279 1077
2663 1377 3087 1729
2180 548 2813 1129
1553 1005 1958 1436
1553 1005 1958 1292
2741 1534 3263 1951
2741 1625 3263 1951
646 0 1253 463
2513 1808 2793 2017
2807 665 3094 1051
0 0 470 202
1338 953 1605 1481
2833 1292 3263 1566
1383 1736 1834 2199
737 874 1051 1344
1383 1736 1788 2199
2833 424 3263 1272
646 0 1122 463
2741 1742 3263 1951
2180 548 2702 966
1540 2317 1716 2448
2245 2297 2408 2448
19 2258 215 2441
2376 2245 2624 2421
2017 2245 2160 2448
1762 2245 1945 2395
2904 2232 3087 2389
2043 2232 2239 2448
2545 2226 2780 2448
1024 2226 1449 2448
32 2226 326 2448
874 2219 1024 2448
228 2206 463 2428
417 2193 587 2343
1220 2186 1383 2343
600 2180 744 2415
2226 2167 2415 2448
1175 2154 1312 2337
691 2154 1024 2369
1266 2147 1534 2337
672 2147 802 2291
1429 2141 1736 2448
1925 2128 2206 2330
998 2128 1148 2395
2728 2121 2937 2402
1605 2121 1853 2265
345 2121 502 2252
143 2121 398 2265
39 2115 241 2265
2141 2108 2350 2271
835 2102 966 2232
2957 2088 3126 2265
3048 2082 3263 2343
3087 2069 3263 2219
1991 2069 2291 2232
2617 2049 2793 2265
2787 2043 3022 2232
1762 2043 2141 2258
3022 2036 3185 2219
2683 2036 2852 2167
1723 2017 1899 2147
1259 2010 1468 2245
1116 1984 1259 2239
985 1984 1181 2199
0 1984 235 2134
789 1977 1018 2147
887 1958 1031 2088
2754 1925 3074 2075
2088 1919 2284 2069
639 1919 900 2167
182 1906 313 2049
3048 1899 3263 2069
1383 1893 1599 2199
1090 1886 1299 2082
750 1886 940 2017
1631 1880 1834 2154
665 1880 868 2023
1312 1867 1442 2154
946 1867 1116 2010
470 1860 705 2095
1906 1853 2141 2108
1135 1853 1357 2323
163 1847 293 2010
26 1847 235 2004
0 1847 130 2043
235 1840 515 1971
2741 1821 3100 1951
2095 1814 2767 2271
2513 1808 2696 1958
2108 1795 2323 2017
1834 1788 2036 2062
1729 1788 1938 2069
600 1788 861 1932
1161 1769 1331 1919
1011 1756 1240 1919
815 1756 1057 1958
3133 1742 3263 1880
2963 1742 3263 1945
1383 1736 1788 2010
2010 1729 2245 1945
698 1703 913 1899
587 1703 718 1853
1906 1697 2043 1853
489 1697 639 1873
2891 1690 3120 1906
1377 1690 1521 1853
2598 1677 2911 1912
1742 1677 1964 1834
2480 1664 2656 1834
2434 1658 2604 1821
300 1658 489 1834
2226 1651 2434 1880
2741 1645 2963 1788
2017 1645 2226 1834
1135 1645 1292 1782
2291 1638 2558 1977
2970 1625 3172 1782
966 1618 1207 1769
620 1618 835 1847
0 1618 352 1847
3120 1573 3263 1762
2297 1573 2474 1749
665 1573 1109 1834
1475 1560 1762 1808
2448 1553 2637 1742
1220 1553 1488 1991
2970 1534 3263 1749
261 1534 424 1690
411 1527 672 1749
1331 1521 1579 1742
2199 1488 2467 1703
1756 1488 1984 1723
1801 1475 2049 1671
979 1475 1155 1703
1064 1455 1299 1645
1364 1449 1534 1599
169 1449 489 1605
0 1449 202 1684
1312 1436 1462 1592
1977 1423 2219 1703
1135 1416 1325 1742
1573 1410 1756 1638
2715 1403 3087 1729
522 1396 685 1560
437 1390 567 1592
2297 1383 2480 1566
2663 1377 2885 1566
1436 1377 1631 1573
1749 1364 1977 1599
580 1351 1031 1697
946 1338 1135 1579
19 1325 293 1612
2898 1318 3263 1566
1109 1305 1286 1481
2558 1299 2735 1586
39 1299 195 1429
2833 1292 3061 1449
2448 1292 2696 1742
417 1286 574 1423
1527 1279 1723 1488
2108 1266 2284 1534
1893 1266 2108 1618
2715 1253 2911 1429
2193 1253 2330 1612
1037 1240 1181 1455
2891 1233 3185 1416
1573 1214 1801 1436
2474 1207 2650 1364
1703 1194 1886 1338
2304 1188 2532 1436
515 1188 678 1455
1207 1175 1436 1540
1031 1175 1181 1351
326 1161 580 1455
2617 1155 2846 1325
1338 1155 1586 1481
626 1155 926 1481
2780 1148 3087 1286
32 1148 339 1370
2532 1122 2722 1253
1912 1116 2056 1272
1684 1116 1958 1292
2428 1096 2585 1318
117 1057 359 1233
2754 1044 3068 1246
2918 1024 3166 1279
470 1018 665 1253
1553 1005 1729 1286
1037 1005 1331 1207
0 992 163 1148
737 972 1031 1344
3015 966 3179 1122
1703 966 1964 1168
339 966 535 1299
150 959 443 1175
0 959 241 1103
1390 953 1605 1246
1044 940 1279 1077
2728 926 2963 1077
574 920 822 1220
2519 913 2669 1116
1560 900 1782 1083
1201 894 1455 1227
2108 881 2337 1299
855 874 1051 1201
0 868 156 1018
2578 861 2813 1129
718 848 855 998
2310 842 2611 1292
1658 835 2030 1051
424 835 554 1018
235 809 476 992
528 802 737 1096
0 802 313 992
2885 796 3094 1051
1494 796 1782 953
802 796 1037 1005
1246 783 1410 913
1873 776 2036 933
450 776 665 946
3087 770 3263 1272
2722 757 2898 959
711 757 881 913
1390 737 1625 1096
1625 731 1821 881
600 731 757 861
261 731 430 868
1051 718 1240 979
39 711 202 868
156 698 319 894
1984 691 2265 966
835 691 1031 829
2630 685 2846 887
2807 665 3028 874
1305 652 1547 874
646 652 894 815
2519 646 2702 907
1436 639 1618 789
1161 620 1331 783
528 607 698 809
411 607 541 757
293 574 476 776
124 574 287 770
1129 567 1266 698
2180 548 2650 966
1318 535 1468 685
515 535 646 665
835 509 1057 737
2539 502 2754 639
65 502 241 665
0 496 130 678
1207 489 1370 718
698 489 1011 705
1592 476 1893 835
1925 470 2252 757
202 470 561 659
1429 463 1684 665
2976 443 3139 613
2800 443 2996 672
2474 430 2663 574
2833 424 3263 926
2702 424 2931 711
274 424 404 561
2598 411 2754 548
1253 398 1455 561
737 398 913 554
1109 391 1305 613
913 385 1051 574
600 385 783 665
2049 378 2304 620
855 365 1018 535
359 359 535 522
71 359 254 541
1827 345 2030 594
1573 339 1769 528
633 339 763 483
1690 332 2010 718
456 326 633 594
3094 319 3263 515
946 306 1175 541
2010 293 2271 463
2872 280 3159 528
1168 280 1312 463
235 280 437 489
1279 274 1612 574
2173 267 2572 626
2323 182 2519 391
1507 176 1788 411
1462 176 1664 378
2487 169 2780 470
3126 163 3263 359
2683 163 2820 332
2696 150 3061 502
52 150 208 359
0 150 156 372
430 130 802 385
2467 104 2656 359
646 104 972 463
946 97 1468 404
2872 91 3002 326
1521 91 1723 293
1919 84 2069 221
998 78 1253 293
91 58 300 378
1958 52 2382 352
1645 45 1834 195
1220 45 1416 235
678 45 920 215
1188 19 1338 163
3100 0 3263 156
2820 0 3263 306
2669 0 2891 208
2513 0 2741 195
2004 0 2591 241
1729 0 2056 489
1240 0 1501 228
848 0 1122 267
195 0 548 378
241 0 470 182
0 0 313 202
1893 881 2421 1612
0 646 3263 2448
1592 646 3263 2448
0 953 2467 2448
1893 881 2421 1605
1984 881 2421 1605
2069 881 2421 1605
0 0 3263 1788
946 0 3263 1227
0 0 1501 1788
737 2023 1057 2271
0 698 202 868
0 0 1501 1697
2108 881 2337 1605
124 574 332 802
835 2023 1057 2271
0 1573 150 1788
770 300 1051 574
770 300 1018 535
2369 2245 2715 2448
3087 1912 3263 2219
0 1077 241 1344
0 1416 1834 2448
600 1788 940 2017
1625 659 2069 907
1801 659 2069 907
541 2121 802 2421
561 2121 802 2291
881 953 2467 2154
1122 0 1338 163
1742 1488 2043 1853
1801 1671 2043 1853
881 1018 1286 1579
1592 1566 3263 2448
1827 345 2180 594
0 1090 143 1344
1742 1488 1984 1834
1462 0 1834 378
1592 1573 3263 2448
1592 1664 2767 2271
124 574 326 770
456 1625 685 1873
489 1625 685 1873
1592 2017 1899 2265
1031 953 2467 2154
1932 1423 2467 1775
1031 1840 1188 2010
946 1018 1286 1579
1031 953 2108 2154
1612 1573 3263 2448
1612 1645 3263 2448
842 306 1018 535
1840 1227 2062 1436
1906 646 3263 2108
2428 861 2878 1364
2428 861 2878 1318
2428 1064 2650 1318
2715 770 3263 1429
2780 770 3263 1416
1886 0 3263 926
1958 0 3263 926
1762 1664 2767 2271
0 1847 770 2448
1031 953 2056 2154
1462 0 1834 293
1521 45 1834 293
946 0 2754 1227
0 1416 1325 2167
1827 659 2069 809
946 280 1618 953
946 280 1455 953
946 280 1410 953
946 280 1410 913
1109 280 1410 913
2793 594 3028 874
587 1553 1834 2448
404 757 881 1096
241 1175 398 1501
2010 293 2343 620
2010 293 2304 620
1031 953 2049 2154
3120 1573 3263 1880
1220 1553 1599 2199
13 1690 202 1834
1129 567 1410 913
1161 620 1410 913
3094 163 3263 515
424 757 881 1096
528 757 881 1096
587 1618 1834 2448
241 1175 398 1449
0 0 1501 894
456 0 633 287
456 71 626 287
1161 620 1331 829
0 0 1468 894
0 607 1279 1697
1024 1984 1834 2448
1540 2317 1834 2448
587 1618 1357 2448
2519 861 2878 1188
2578 861 2878 1188
1318 535 1618 789
1886 0 2591 241
2891 2036 3263 2389
2904 2036 3263 2389
1201 0 2754 1227
718 757 1037 1005
0 607 757 1175
0 802 476 1175
2017 2232 2239 2448
1031 1005 1338 1455
1031 1005 1331 1455
1031 1005 1331 1383
1031 1005 1331 1351
404 607 757 946
0 718 1279 1697
0 1148 339 1468
32 1148 339 1429
417 1286 685 1592
718 796 1037 1005
1605 2017 1899 2265
620 1618 1357 2448
1612 2036 2937 2448
359 326 913 665
404 711 757 946
450 731 757 946
0 1618 900 2167
2513 1645 3263 2167
1207 953 2049 2154
1331 1377 1631 1742
1331 1449 1579 1742
1906 1383 2637 2108
2291 1383 2480 1566
0 868 443 1175
2957 2036 3263 2343
1201 0 2056 1227
1547 0 1873 163
2957 2082 3263 2343
2918 770 3263 1305
2918 770 3263 1279
411 1416 1325 1834
1096 1416 1325 1742
456 326 913 665
1024 2141 1736 2448
417 1286 685 1560
2820 0 3263 326
0 959 443 1175
0 1847 235 2043
783 1958 1181 2448
783 1984 1181 2448
985 1984 1181 2395
456 326 783 665
554 332 783 665
1494 430 2754 1194
2474 430 2754 639
620 1618 1357 2323
620 1618 1240 1958
0 802 476 992
411 1475 1155 1834
411 1527 1109 1834
783 2219 1024 2448
2513 1645 3263 2075
2513 1645 3100 2075
235 1814 900 2167
1494 470 2650 1194
2323 0 2891 391
1631 1788 2036 2154
1729 1788 2036 2069
1494 796 2030 1194
1906 1553 2637 2108
2513 1645 3100 2036
0 470 1142 894
0 470 894 894
0 1899 770 2448
0 470 698 894
0 470 698 868
261 574 476 868
1612 2069 2415 2448
1612 2069 2350 2395
1220 0 1501 235
1612 2069 2291 2395
0 502 241 718
2010 1553 2637 1977
2304 646 3263 1749
2558 1292 3263 1749
1560 835 2030 1194
202 470 698 809
1612 2128 2206 2395
1762 2128 2206 2395
1762 2180 1971 2395
2663 1292 3263 1749
2513 1677 3100 2036
470 718 1279 1344
470 874 1279 1344
470 874 1051 1344
470 920 1031 1344
470 920 822 1253
2010 1573 2558 1977
2578 861 2813 1188
2323 0 2741 391
235 1840 900 2167
2376 2036 2937 2448
620 1618 1057 1958
1958 52 3263 926
678 0 920 215
235 1840 705 2095
2304 646 3094 1742
2519 646 3094 1325
2532 685 3094 1325
2532 685 3068 1325
2532 757 3068 1325
2532 926 3068 1325
0 966 1031 1697
0 1325 489 1690
2010 1573 2474 1945
2010 1645 2434 1945
1207 953 2049 2010
1207 953 1964 1540
1684 966 1964 1338
1684 966 1964 1292
2304 842 2696 1742
2376 2036 2937 2421
2376 2049 2937 2421
2389 2049 2937 2402
2389 2049 2793 2278
0 1899 646 2448
143 1899 541 2428
19 1325 489 1690
169 1449 489 1690
2467 0 2741 359
0 0 1468 489
0 0 1122 489
0 0 548 489
698 489 1142 829
117 966 1031 1697
117 966 535 1299
1873 470 2650 966
1207 953 1801 1540
430 0 1122 463
1207 953 1605 1540
326 1155 1031 1697
2702 280 3263 926
2702 280 3159 711
2532 1044 3068 1325
698 1703 1057 1958
1201 176 2010 1227
1201 476 1893 1227
1658 835 2030 1194
0 1984 646 2448
0 1984 326 2448
430 104 972 463
0 0 548 378
2513 1677 3100 2017
698 489 1142 737
2663 1318 3263 1749
0 1984 241 2265
1958 52 3061 626
1279 176 2010 718
1279 176 1788 665
326 1155 926 1481
946 0 1468 404
946 78 1468 404
2715 1318 3263 1749
2513 1677 2911 2017
2513 1677 2911 1958
1925 470 2650 966
1383 1364 2049 2010
1383 1364 1977 2010
1573 1364 1977 1638
515 1155 926 1481
1201 489 1625 1227
1383 1560 1788 2010
1925 470 2265 966
1279 274 1684 665
1207 489 1547 874
143 2121 463 2428
2715 1403 3263 1749
2173 150 3061 626
698 489 1057 737
1964 881 2376 1625
2069 881 2376 1625
2069 881 2376 1605
2069 881 2310 1605
2859 91 3002 326
1893 874 2147 1090
235 208 483 489
254 1383 594 1592
372 1383 594 1592
156 1201 313 1364
1899 228 2180 509
659 0 3263 2448
659 1096 1175 2199
659 1096 1175 1964
874 1756 1148 1964
600 1788 861 2023
248 809 548 992
0 0 3074 2448
1488 1462 1625 1703
1037 0 3263 2448
398 1638 567 1801
770 2154 1024 2363
2689 411 2931 620
1357 0 1586 241
137 1481 319 1690
169 1481 319 1658
2565 0 3068 332
1801 1677 2043 1977
946 1867 1161 2199
2441 1018 2676 1161
2650 1279 2852 1455
0 0 2337 2448
456 1631 659 1860
463 1631 659 1834
1024 1142 3074 2448
659 1096 1175 1834
0 52 332 1233
0 52 261 1103
0 52 261 959
0 52 261 861
424 2206 646 2389
0 1847 378 2448
587 502 1246 1051
0 1847 378 2421
2735 757 3263 1423
2780 1116 3263 1423
1207 1142 3074 2448
1024 2154 1429 2448
1214 1142 3074 2448
1462 2193 2421 2448
443 1390 594 1592
1214 1142 1527 2199
1351 1638 3074 2448
587 502 1155 1051
659 1096 1142 1834
587 613 1044 1051
587 613 926 1051
1638 1638 3074 2343
1214 1142 1494 2154
0 52 254 613
0 117 195 248
1762 1638 3074 2343
267 130 750 476
443 130 750 411
443 130 750 404
809 1096 1142 1834
946 1096 1142 1697
691 189 1057 535
2278 1638 2585 1964
2565 0 2944 208
1991 0 3263 2448
2193 1703 2382 1893
561 1886 1057 2421
561 1886 1024 2421
600 1886 1024 2304
750 1886 1024 2265
1037 0 2669 1201
1592 1834 1801 2017
1638 2128 2206 2297
2212 1370 2474 1847
1540 2193 2421 2448
691 300 1057 535
0 972 332 1233
0 972 241 1181
587 724 907 1051
1599 2075 1977 2265
1605 2121 1977 2265
1031 750 2337 2193
946 1096 1135 1521
1762 1645 3074 2343
1762 1645 2767 2343
2363 1618 2637 1977
2663 437 3263 1279
2415 1645 2656 1984
0 1847 332 2421
326 1188 594 1416
0 0 1612 2448
1762 1899 2767 2343
809 1991 1024 2265
972 639 1188 953
2245 2036 3263 2448
2245 2036 3107 2448
3074 1116 3263 1423
1762 1899 2767 2212
1906 1899 2767 2193
2676 437 3263 1279
2624 1893 2924 2036
1991 0 3263 2088
1214 1292 1494 2154
1220 1481 1494 2154
2506 1266 3263 2088
2545 1299 3009 1703
