0 0 2448 3263
1651 2297 1997 2572
39 842 2448 3263
0 0 2448 3048
926 1468 1181 1880
946 1801 1207 2141
0 2813 280 3263
953 1468 1103 1671
926 1475 1181 1880
926 1475 1181 1808
2128 1847 2448 2186
0 0 2141 1181
39 2291 1370 3263
541 2291 1357 3094
1188 1214 1671 1671
672 842 2448 3263
1188 1214 1540 1671
1521 1514 1880 1736
1742 0 2448 979
1194 1214 1540 1645
1338 1214 1540 1462
39 2461 1370 3263
0 2950 163 3263
1742 0 2448 966
541 2363 1357 3094
1742 0 2448 874
672 1462 1716 3263
502 2820 1070 3263
966 0 1423 280
1024 0 1423 280
1051 842 2448 3263
1051 1716 2448 3263
0 659 2356 3048
1416 659 2356 1403
1671 659 2141 1031
1677 678 2141 1031
1677 691 2023 1031
0 0 176 208
0 665 1501 3048
0 195 287 626
1318 3035 1566 3263
1318 842 2448 2075
672 1462 1645 2918
0 254 280 626
0 1697 744 3048
0 2199 176 2461
1592 3048 1951 3263
1416 757 2356 1403
0 665 1501 2415
110 1240 979 2010
0 567 267 1011
1671 659 1912 966
1051 1462 1645 2232
1684 842 2448 2075
0 874 691 2212
561 665 1501 2415
39 2461 946 3263
130 2461 946 3263
561 711 1468 2415
1083 711 1390 1227
1684 842 2448 2030
1684 842 2448 1867
672 2056 1240 2918
339 2461 946 3263
646 2545 946 2931
130 1697 744 2506
130 1951 744 2506
345 2199 600 2382
1501 757 2356 1403
561 1011 1468 2415
339 2461 757 3263
672 2134 1240 2918
1501 1083 1762 1403
39 2885 313 3263
339 2461 757 3081
0 913 463 2212
0 1096 463 2212
1318 1494 1840 1971
0 2395 600 3048
0 2519 137 2839
672 2245 1240 2918
842 2291 1240 2918
1318 3113 1501 3263
2186 3087 2421 3263
881 3087 1070 3224
39 3074 261 3263
1592 3048 1925 3263
1351 3035 1566 3198
404 3035 554 3263
0 2950 163 3231
45 2885 313 3205
554 2826 750 2957
1997 2820 2167 2950
502 2820 979 3263
0 2813 280 3107
887 2741 1370 3263
1788 2702 2448 3263
130 2702 496 3263
0 2643 137 2839
685 2630 946 2931
770 2591 1357 3094
1168 2578 1716 3263
894 2572 1240 2918
646 2545 829 2846
339 2480 757 3081
430 2461 659 2780
32 2421 274 2683
541 2363 829 2630
0 2330 137 2461
235 2323 365 2480
326 2317 600 2539
1710 2310 1997 2572
1651 2297 1853 2448
842 2291 1181 2630
2271 2284 2448 2526
672 2245 1024 2683
541 2239 789 2467
345 2199 496 2382
0 2199 176 2415
711 2186 894 2363
920 2134 1227 2284
143 2134 319 2330
861 2056 1064 2252
215 2049 378 2199
2245 2043 2402 2180
1481 1984 1631 2160
130 1977 587 2506
437 1951 744 2239
2232 1945 2448 2186
946 1938 1129 2141
1051 1873 1645 2232
2128 1847 2291 2056
463 1847 626 2036
959 1801 1207 2036
2258 1795 2448 2075
1912 1788 2180 2030
2088 1756 2252 1912
1945 1756 2134 1893
1051 1716 2448 3087
385 1697 515 1977
561 1631 1312 2415
1605 1625 1840 1971
1703 1573 1880 1736
926 1553 1057 1729
0 1547 463 2212
1521 1514 1749 1658
1318 1494 1710 1971
959 1475 1181 1808
1122 1462 1488 1932
1194 1396 1403 1645
822 1396 985 1605
215 1390 378 1573
1494 1370 1749 1599
430 1286 600 1449
1436 1272 1671 1560
1396 1214 1540 1383
1684 1201 2448 1867
1501 1181 1664 1403
1494 1116 1997 1468
0 1096 306 1586
1612 1083 1762 1253
1416 1024 1651 1266
659 1011 1468 1638
1090 946 1390 1227
0 913 411 1266
104 874 691 1507
881 855 1018 1031
1821 842 2448 1436
0 796 267 1011
1671 763 1827 966
1684 757 2356 1253
672 737 822 874
1083 711 1364 992
1775 691 2023 946
1266 665 1501 855
1494 620 1814 1031
0 567 254 835
1625 528 1782 659
248 515 437 678
1351 496 1534 639
1801 430 1997 580
0 352 254 626
0 254 280 411
45 195 287 359
1742 156 1932 319
1142 137 1299 280
1024 0 1423 221
0 0 2448 2506
0 1396 2448 3263
541 2239 1357 3094
1364 0 2448 2186
0 0 2141 2506
1396 0 2448 2186
0 195 1501 2506
861 1396 2448 3087
0 2154 2448 3263
1364 1272 1671 1560
2265 868 2448 1024
0 195 698 2506
235 2199 496 2480
0 2245 2448 3263
0 2297 1566 3263
940 1468 1181 1880
1396 0 2448 2075
0 195 691 2506
940 1475 1181 1880
672 2245 2448 3263
0 2297 1370 3263
0 2297 221 2461
0 2317 1370 3263
91 665 1501 2415
626 2154 933 2474
639 665 1501 1638
1396 0 2448 1403
1396 757 2356 1403
1396 1024 1651 1383
1494 842 2448 2075
711 2154 933 2363
659 665 1501 1638
91 1181 1312 2415
91 1181 985 2239
110 1181 985 2239
91 1390 378 1586
0 195 287 411
1494 842 2448 1867
1912 1756 2252 2030
1494 0 2448 1031
1494 528 2141 1031
1494 528 2023 1031
1494 528 1814 1031
1592 2591 2448 3263
861 1396 1840 2382
110 1240 985 2239
861 1396 1840 2284
861 1938 1129 2252
398 1631 1312 2415
0 2317 659 3048
0 2317 600 3048
920 1396 1840 2284
1592 2702 2448 3263
1122 1396 1488 1932
39 2480 1370 3263
0 2421 274 2839
0 352 691 2506
1612 757 2356 1253
920 1494 1840 2284
110 1240 979 2239
0 1096 587 2506
0 2134 319 2415
39 2702 554 3263
339 2480 1370 3263
1083 665 1501 1227
554 2545 946 2957
672 2245 1716 3263
39 2702 496 3263
1083 665 1501 992
1051 1494 1840 2232
0 352 691 1507
966 0 1423 221
0 352 267 1011
0 352 254 835
1494 842 2448 1468
1051 1494 1710 2232
0 874 691 1507
672 2245 1181 2683
502 2741 1370 3263
0 2683 391 3263
1703 2304 1997 2578
1710 2310 1991 2572
39 848 2448 3263
39 855 2448 3263
953 1462 1201 1723
1090 1808 1331 1991
953 1468 1109 1677
966 1481 1103 1671
855 2663 1514 3263
855 2663 1410 3205
855 2702 1370 3205
0 2598 189 2918
2134 1860 2428 2186
0 0 2448 1233
1207 2904 1605 3107
1207 2904 1527 3107
0 476 2369 3048
0 476 1468 2206
0 665 2369 3048
822 1396 1181 1860
541 2291 829 2630
39 1494 2448 3263
1488 855 2448 2095
1181 665 2369 1736
1194 665 2369 1736
1194 1396 1488 1736
926 1540 1181 1860
1129 678 1423 1011
1488 855 2448 2069
1527 855 2448 2069
0 1631 1312 3048
0 1631 1312 2683
0 2004 613 2683
887 1494 2448 3263
39 1938 1468 3263
84 1938 1468 3263
84 2461 1344 3263
1266 665 2369 1560
881 2663 1410 3120
437 1631 1312 2428
1338 665 2369 1560
1318 3035 1514 3263
1416 665 2369 1370
1501 665 2369 1253
1932 476 2448 972
39 2989 319 3263
678 1938 1468 3081
678 2239 1468 3081
248 3133 437 3263
1318 3120 1455 3263
900 3087 1109 3224
1416 3068 1697 3263
0 3068 130 3263
1377 3035 1514 3205
1344 2944 1527 3107
1175 2924 1410 3120
1207 2904 1357 3068
1024 2807 1370 3205
541 2793 750 2924
855 2702 1090 2878
104 2683 391 2983
881 2663 1227 2970
0 2598 189 2793
339 2552 509 2741
855 2506 1468 3081
0 2402 594 3048
1723 2323 1964 2552
613 2291 789 2552
678 2239 1096 2669
1272 2206 1436 2402
711 2141 894 2363
2232 1997 2428 2186
842 1938 1246 2337
2252 1860 2448 2095
2134 1860 2356 2056
946 1801 1181 2043
1253 1762 1416 1899
1867 1749 2134 1893
1664 1618 1840 1827
1181 1553 1338 1697
926 1553 1129 1860
1592 1547 1827 1710
959 1540 1181 1808
1299 1521 1455 1690
1240 1475 1488 1736
1051 1462 1201 1723
1194 1396 1396 1645
822 1396 1096 1684
1488 1351 1684 1540
1266 1279 1507 1488
1586 1227 1729 1370
1338 1220 1671 1560
1560 1083 1762 1253
1416 1024 1664 1370
0 926 1468 2206
1129 868 1364 1011
1873 848 2154 1044
1246 678 1423 894
1501 665 2369 1148
1618 528 1756 665
248 502 437 646
2069 476 2448 972
0 476 261 1024
0 221 287 411
0 1494 2448 3263
0 0 2448 2428
1344 2944 1605 3139
0 2552 509 3263
0 0 2448 1279
0 476 2448 2428
0 476 1762 2428
1455 2963 1605 3139
1501 476 2448 2069
953 1462 1338 1723
0 1938 1827 3263
1051 1462 1338 1723
946 1801 1214 2043
437 1024 1762 2428
0 1938 1468 3263
1899 600 2128 763
822 1396 1129 1860
1142 1847 1331 2023
156 3133 437 3263
613 2141 894 2552
1318 3035 1827 3263
1194 1024 1762 1645
1377 3035 1827 3263
0 2004 613 3048
1194 1024 1664 1645
1194 1279 1507 1645
39 2461 1344 3263
1501 476 2448 1148
1338 1083 1762 1560
1377 3035 1697 3263
678 1938 1246 2669
2082 1396 2448 1690
796 378 1253 822
796 378 1188 665
1697 2630 2010 2924
796 378 1188 646
0 3087 130 3263
398 1853 835 2232
1690 691 2023 1024
0 842 2448 3263
1161 1468 1690 1912
1161 1468 1690 1847
0 0 2448 3094
1064 776 1462 1024
1148 776 1462 1024
0 352 515 1521
0 359 515 1521
2271 463 2448 685
548 2944 1403 3263
842 65 1096 300
1057 2944 1403 3263
398 1853 718 2232
0 2454 731 3100
548 3015 1109 3263
548 3015 1064 3263
1716 2310 1977 2572
750 992 1383 1253
750 992 1090 1214
0 881 2448 3263
1455 84 1788 613
1455 124 1769 613
2082 2924 2448 3263
809 1416 1018 1645
0 359 515 1377
1018 1540 1396 1853
1925 842 2448 1318
0 0 2448 2082
0 359 515 1305
0 594 476 1305
0 796 476 1305
0 796 476 1299
0 796 1762 3094
1142 796 1762 1246
1331 796 1762 1246
1501 796 1762 1240
1501 907 1762 1240
1756 372 2193 691
0 1090 1560 3094
2141 2480 2448 2839
2173 2480 2448 2761
646 2598 979 3002
0 1299 1396 3094
215 3035 541 3263
0 352 293 744
0 2709 385 3100
1220 1468 1690 1769
0 0 378 698
424 1325 705 1906
437 1475 691 1906
2082 2206 2350 2702
2115 2206 2350 2513
2141 2330 2350 2513
1651 1906 2154 2741
0 1775 600 3094
0 2167 600 3094
424 1325 705 1507
2062 972 2448 1501
2062 972 2369 1416
2062 972 2369 1305
1651 2421 1880 2741
470 1299 1396 2526
1161 2180 1723 3263
1161 2180 1534 3107
1161 2180 1534 2826
13 352 372 698
1455 124 1769 306
1873 1370 2448 2075
1873 1677 2226 1919
1873 1677 2141 1906
913 1299 1396 1742
985 1416 1396 1742
1775 2310 1977 2572
548 0 2448 633
548 0 2448 528
979 0 2448 528
1906 1370 2448 2075
2212 1684 2448 2075
2226 1684 2448 2075
2226 1684 2448 2043
0 1775 476 2454
470 1612 1214 2526
1906 1370 2441 1782
1906 1390 2441 1782
1906 1481 2441 1782
2075 1534 2441 1782
1338 2715 1723 3263
1357 2715 1723 3263
1442 2715 1723 3263
0 0 378 450
2062 1031 2278 1305
548 0 1064 306
548 0 900 306
979 0 2323 528
1703 1906 2154 2421
979 0 2088 528
1181 0 2088 528
1925 842 2448 1246
959 1481 1103 1671
1161 2239 1534 2826
1246 2239 1534 2826
0 45 352 450
0 796 385 1299
470 1645 1214 2526
470 1697 1214 2526
470 1697 1083 2526
163 1631 587 1873
1246 2239 1534 2689
1442 2748 1723 3263
959 293 1325 633
1481 881 2141 1756
1331 1090 1560 1553
0 796 274 1299
0 0 2415 2082
842 130 1096 300
2134 594 2448 946
1938 881 2141 1279
163 1631 587 1834
306 1631 587 1834
470 1932 1083 2526
1390 698 2134 1553
1390 835 2075 1553
1220 0 2088 528
1338 0 2088 208
13 463 352 698
0 1566 2448 3263
1671 13 2448 483
1671 156 2448 483
1671 189 2448 483
1834 241 2448 483
1769 2898 2265 3263
1827 2898 2265 3263
1566 0 2088 208
2134 594 2389 861
2134 594 2363 861
235 0 2415 1194
319 274 2415 1194
1207 274 2415 1090
1207 398 2415 1090
1207 430 1945 1090
1207 430 1945 900
1259 430 1945 900
1782 398 2415 959
0 2271 600 3094
0 2448 600 3094
0 2461 293 3094
235 0 1292 913
235 45 1292 913
235 143 1292 913
1259 437 1631 665
711 2598 979 2807
1455 124 1769 287
548 1462 776 1762
1481 959 2043 1756
2043 274 2448 443
2043 274 2317 443
1481 1161 1991 1756
1488 1292 1964 1756
646 2741 815 3002
398 1853 705 2232
1566 0 1977 208
319 476 1423 1194
541 476 1423 1064
0 1018 1305 2082
541 476 1201 1064
541 476 1116 1064
143 1775 476 2258
0 1018 1305 1853
0 1370 261 1853
0 1481 261 1853
1899 398 2415 959
1899 528 2415 959
2049 731 2415 959
0 1736 254 2082
1442 2748 1723 3139
1396 2291 2448 3263
1612 2291 2448 3263
1625 2291 2448 3263
97 1018 1305 1742
1762 1906 2154 2206
2160 2056 2448 2611
2239 2056 2448 2611
0 796 274 1246
1403 626 1775 1090
235 215 1096 913
235 228 861 913
1638 2291 2448 3263
0 1586 261 1853
1403 626 1612 1090
1638 2865 2062 3263
1638 3068 2062 3263
633 476 1116 1064
0 1566 2297 3263
874 1566 2297 2558
874 1756 1475 2226
130 1018 1305 1742
130 1018 1018 1742
130 1018 1018 1612
130 1018 1018 1410
130 1018 868 1410
535 1220 868 1410
633 678 1024 1064
633 678 953 979
1220 1566 2297 2558
1220 1566 2167 2558
0 2056 1364 3263
0 2291 868 3263
1605 430 1945 900
0 940 274 1246
548 137 900 306
1827 2291 2448 3068
0 2532 809 3263
235 261 848 913
235 261 724 913
404 261 724 659
443 39 691 300
1390 1044 1899 1553
1906 1481 2154 1736
450 2056 1364 3263
646 2056 1364 3179
718 2056 1364 3179
718 2056 1312 2826
0 45 352 352
58 2532 809 3263
163 2532 809 3198
293 2532 809 3146
293 2702 698 3146
874 1756 1383 2226
744 2728 1364 3179
744 2728 1253 3179
130 1018 626 1344
130 1018 404 1318
1827 2291 2448 2983
1827 2395 2448 2983
1827 2506 2448 2983
744 2056 1312 2826
1873 2630 2448 2983
1488 1292 1886 1631
1488 1292 1808 1560
744 2056 1312 2774
744 2173 1312 2774
1259 1566 2167 2558
1357 1566 2167 2558
1357 1566 1814 2310
1357 1566 1756 2310
1396 2630 1769 2800
718 2173 1018 2441
920 1756 1383 2193
1357 1566 1756 2062
235 594 691 913
293 2800 639 3146
345 2800 639 3081
443 261 724 437
744 2728 1175 3139
117 2167 502 2402
1390 1690 2167 2558
1390 1690 1984 2558
1390 2121 1723 2558
1390 2278 1710 2558
2239 2284 2448 2611
770 215 1096 443
887 2056 1090 2337
1873 2630 2350 2983
1873 2630 2186 2970
744 2291 1312 2774
1057 3133 1403 3263
58 3120 280 3263
1338 3113 1475 3244
1534 3107 1677 3263
2004 3094 2265 3263
313 3094 443 3257
1638 3068 1945 3263
450 3055 731 3263
1769 3042 1951 3172
1357 3035 1573 3263
2245 3022 2448 3263
548 3015 998 3263
1462 3002 1592 3244
646 2970 822 3113
1507 2963 1723 3139
1194 2944 1370 3237
0 2931 215 3172
2082 2924 2304 3153
163 2924 352 3198
842 2918 1175 3139
1827 2898 2075 3185
1625 2891 1775 3068
1064 2891 1253 3179
502 2891 698 3153
1240 2885 1455 3120
646 2872 809 3002
293 2872 496 3146
1684 2865 1886 3139
345 2826 639 3081
0 2793 326 3100
2271 2780 2448 3068
2115 2780 2350 2983
1612 2780 1795 2957
1011 2780 1155 2996
894 2780 1057 2970
1442 2748 1599 2996
1135 2748 1364 3002
646 2741 815 2878
1873 2735 2030 2970
744 2728 1011 3055
1697 2715 1912 2924
137 2709 385 2944
456 2702 698 2918
1325 2663 1527 3107
2310 2656 2448 2885
2141 2656 2363 2839
783 2656 979 2807
0 2650 195 3094
1605 2643 1769 2800
1984 2630 2186 2931
1821 2630 2010 2774
1396 2630 1645 2787
509 2630 639 2767
940 2624 1188 2878
711 2598 894 2774
1338 2552 1488 2689
829 2545 1312 2774
620 2532 809 2780
39 2526 195 2683
1403 2519 1625 2656
1827 2506 2102 2715
2082 2493 2284 2702
0 2487 143 2650
2173 2480 2434 2761
1742 2461 1880 2741
163 2461 293 2735
202 2454 731 2865
150 2448 600 2859
1651 2421 1814 2696
1782 2415 1964 2572
1527 2402 1710 2558
1932 2395 2102 2572
1161 2395 1312 2611
52 2389 280 2539
248 2356 430 2630
365 2330 509 2467
1775 2310 1977 2519
913 2297 1240 2598
208 2297 391 2454
1951 2291 2232 2545
744 2291 940 2617
600 2291 868 2656
2239 2284 2448 2474
887 2284 1129 2578
868 2284 1018 2441
1390 2278 1605 2493
378 2271 594 2591
1246 2239 1534 2669
2115 2206 2350 2356
907 2193 1090 2337
1155 2186 1396 2415
1037 2173 1220 2337
718 2173 953 2350
117 2173 443 2402
372 2167 502 2389
1547 2154 1762 2448
0 2141 195 2454
1507 2121 1723 2323
1703 2115 1991 2421
1893 2102 2212 2343
2304 2056 2448 2337
887 2056 1070 2219
1259 2049 1455 2212
1390 2017 1547 2310
2232 2004 2402 2180
143 2004 476 2258
2128 1977 2297 2141
0 1977 248 2219
1912 1964 2154 2147
1325 1958 1475 2088
470 1951 763 2317
874 1938 1161 2226
398 1938 705 2232
515 1932 1083 2526
1762 1906 2017 2206
1077 1899 1351 2193
84 1893 254 2082
502 1867 718 2017
2128 1860 2284 2023
2252 1814 2448 2043
1357 1801 1677 2062
176 1775 437 2069
842 1769 1214 2088
1893 1762 2167 2030
1272 1762 1410 1912
920 1756 1383 2075
0 1736 228 2004
1018 1703 1220 1853
633 1697 972 1977
1475 1690 1984 2193
2226 1684 2448 1886
1964 1677 2141 1906
163 1658 326 1834
966 1645 1129 1821
2075 1638 2252 1847
1161 1631 1521 1847
437 1631 691 1906
306 1631 574 1795
0 1625 182 1853
822 1612 992 1788
2232 1599 2441 1782
1664 1592 1964 1756
110 1586 261 1762
1436 1566 1756 1808
594 1560 776 1762
1906 1553 2082 1736
1135 1540 1396 1762
2075 1534 2278 1703
691 1534 855 1742
1867 1494 2010 1645
959 1488 1103 1671
221 1488 496 1716
1984 1481 2154 1625
1220 1481 1560 1769
0 1481 169 1651
450 1475 600 1710
1651 1468 1886 1631
1449 1468 1690 1625
985 1468 1207 1742
548 1462 724 1671
1070 1442 1266 1612
1494 1416 1723 1560
1168 1416 1396 1651
2239 1396 2448 1690
1919 1390 2147 1527
652 1383 933 1612
52 1370 221 1625
424 1344 580 1501
509 1325 705 1507
1645 1305 1971 1527
750 1305 946 1501
913 1299 1188 1540
1488 1292 1808 1534
97 1292 378 1553
228 1279 424 1423
659 1240 868 1410
1331 1227 1560 1553
535 1220 744 1364
319 1220 515 1540
1867 1194 2226 1462
959 1194 1305 1377
2297 1175 2448 1501
1481 1161 1991 1468
1390 1161 1703 1553
2258 1155 2448 1318
776 1135 1018 1383
1122 1129 1488 1507
248 1116 626 1344
1873 1109 2010 1266
639 1109 809 1292
528 1103 665 1240
881 1083 1109 1259
1534 1077 1664 1240
1083 1070 1383 1253
1951 1057 2141 1279
1599 1044 1899 1266
2062 1031 2239 1214
1331 1031 1547 1246
202 1018 404 1246
750 1011 894 1214
848 992 1090 1142
91 992 274 1246
2239 972 2448 1246
2186 972 2369 1161
1821 959 2043 1161
1142 940 1429 1161
737 913 1024 1064
1501 907 1762 1116
998 907 1240 1116
1938 881 2128 1109
45 861 385 1024
1416 848 1605 1090
639 848 829 1031
1925 842 2337 1090
1638 835 2075 1148
319 835 809 1194
2193 829 2415 959
313 802 476 966
1507 796 1703 1005
1148 796 1410 1011
0 796 235 953
1325 776 1462 1024
724 770 953 979
842 750 1201 959
450 750 691 913
2049 731 2271 907
1579 731 1775 972
1142 724 1423 907
1827 698 2134 992
1756 691 2023 953
0 691 163 829
1782 678 1951 815
633 678 900 874
2239 639 2389 789
52 639 208 815
1605 626 1814 900
1403 626 1612 868
2134 594 2278 829
235 594 528 894
143 594 398 894
1051 580 1253 822
1305 561 1521 757
1207 561 1403 796
541 548 737 802
1899 528 2206 744
1481 515 1631 665
796 476 1116 835
0 476 163 744
1155 463 1318 633
124 463 352 678
587 456 848 646
1259 437 1592 652
1625 430 1945 711
2167 398 2402 659
1756 398 1932 528
796 378 1096 639
1873 372 2193 691
1201 372 1390 509
280 359 515 639
221 352 372 528
117 352 293 509
691 339 829 528
404 339 691 659
959 293 1325 522
0 287 221 450
1514 280 1736 613
2043 274 2212 443
1429 274 1645 483
770 274 966 424
567 274 724 437
189 267 339 417
443 261 613 437
326 248 489 385
1834 241 2082 483
685 228 861 365
848 215 1096 443
1671 189 1886 391
1220 176 1494 528
2121 150 2343 345
1070 143 1292 345
548 137 763 306
1599 124 1769 287
2310 104 2448 345
1971 104 2271 319
189 84 352 248
1756 58 1977 208
313 45 489 228
0 45 254 352
483 39 691 202
1991 13 2193 163
2232 0 2448 241
1912 0 2088 208
1566 0 1808 130
1338 0 1638 208
1181 0 1390 215
979 0 1207 208
809 0 1064 156
607 0 842 195
124 0 378 156
0 0 215 150
0 0 2448 1788
0 463 2448 3263
0 835 1769 3263
1272 463 2448 3263
1357 463 2448 3263
0 0 2448 1246
0 691 163 835
2239 2578 2448 2715
0 2173 1769 3263
750 626 2134 1788
1338 3113 1540 3263
0 835 1560 2826
750 626 2134 1742
959 1468 1207 1742
750 626 2134 1612
1468 1077 1664 1266
0 2709 385 3263
411 1416 1560 2826
809 1416 1018 1788
1357 1566 2448 3263
2141 2330 2448 2611
2186 2382 2448 2611
1481 463 2448 2337
2239 463 2448 861
1769 3042 2062 3263
