0 0 2448 3263
2252 352 2448 3263
2304 352 2448 3263
1122 0 1586 502
2304 554 2448 3263
0 0 2252 3146
822 2252 1893 2904
1051 2252 1893 2904
0 1201 2271 3263
0 1201 456 2591
1357 1534 1586 1880
1272 0 2448 3263
2088 2624 2343 3263
130 528 757 1122
0 1214 2271 3263
528 1390 1769 2526
705 1945 1769 2526
0 1880 456 2591
894 652 1742 1547
796 2108 1808 2820
1272 0 2448 2761
894 881 1488 1547
208 1880 456 2402
992 652 1742 1507
802 2108 1808 2820
0 1201 228 2167
1997 0 2448 2761
365 3048 607 3263
992 652 1742 1135
1997 0 2448 2748
2128 2297 2350 2748
1201 1325 1488 1547
1997 0 2448 2369
737 1455 1116 1991
1272 0 2271 528
1586 2669 2271 3263
737 1521 1116 1991
0 1214 1651 3263
65 1214 776 2402
65 1214 672 2049
1867 3015 2095 3263
137 1416 776 2402
1083 763 1684 1507
2239 731 2415 2350
2239 731 2415 1579
221 646 757 1109
221 672 757 1109
0 2350 1651 3263
71 2350 1651 3263
1272 208 1592 528
65 1351 345 2049
802 2108 1808 2813
2088 2754 2337 3263
1083 763 1664 1507
2193 2754 2323 3042
1997 1175 2356 2369
437 2147 567 2343
221 672 757 1083
221 672 757 1011
332 724 757 992
802 2186 1351 2813
802 2252 1201 2813
1109 2108 1808 2709
1109 2108 1801 2709
1109 2108 1677 2709
1109 2128 1618 2709
1181 835 1658 1377
1279 966 1507 1246
71 2350 1116 3263
1083 763 1592 1442
1083 835 1592 1442
796 1521 1116 1991
2134 1175 2323 1638
1279 1024 1455 1246
685 2944 1651 3263
685 2944 1631 3263
685 3048 1018 3263
1109 2304 1534 2709
2239 731 2415 1442
1083 835 1507 1429
1168 972 1507 1429
1168 972 1475 1429
1462 2108 1677 2448
2206 1227 2369 1697
137 1416 776 2369
1867 3015 2023 3263
339 1507 600 1840
985 2944 1631 3263
1181 1057 1475 1429
1214 2944 1631 3237
332 724 685 992
1181 887 1423 1024
0 2526 391 3263
1403 835 1658 1377
1403 835 1658 1259
1403 835 1658 1090
1214 2944 1455 3192
300 920 554 1109
71 2369 1116 3263
137 1416 776 2284
404 1958 587 2173
1181 763 1521 979
339 1507 580 1736
796 1521 1116 1958
815 1521 1064 1853
137 1416 633 2284
796 1710 1116 1958
137 1416 633 2075
287 1677 633 2075
137 1416 496 1899
137 1416 450 1899
137 1416 411 1899
137 1416 411 1867
855 3133 1018 3263
848 3074 1070 3224
476 3061 626 3198
685 3048 1011 3263
985 3042 1521 3263
1436 3022 1631 3237
1893 3015 2023 3263
2088 2976 2337 3263
887 2793 1116 3185
2193 2754 2323 2983
1586 2715 2271 3263
0 2696 391 3263
822 2689 1051 2826
137 2683 274 2813
1840 2669 2030 2846
2212 2624 2343 2885
2075 2624 2239 2761
1051 2572 1658 2904
796 2558 985 2722
1096 2526 1370 2820
0 2526 176 2748
1344 2467 1631 2611
1109 2454 1364 2709
2128 2448 2350 2748
672 2434 829 2683
966 2376 1129 2813
71 2369 1005 3263
2030 2363 2226 2630
91 2350 639 2683
1142 2323 1370 2493
1325 2304 1534 2480
2160 2297 2343 2519
1481 2265 1664 2448
1527 2252 1893 2572
802 2252 1201 2709
1671 2232 1808 2448
1625 2232 1801 2408
815 2206 1227 2565
1168 2186 1351 2323
489 2173 678 2369
1286 2147 1507 2402
1808 2128 1938 2278
1455 2128 1618 2421
705 2121 1253 2526
1462 2108 1677 2284
600 2088 737 2291
0 2043 456 2591
293 2017 456 2284
1148 1945 1769 2245
528 1938 776 2245
287 1886 594 2075
848 1860 985 1991
235 1736 372 1899
796 1729 992 1938
933 1710 1116 1958
1390 1697 1586 1853
332 1697 496 1886
306 1677 633 1964
456 1664 600 1840
137 1631 293 1867
1997 1605 2356 2369
254 1605 450 1756
2304 1579 2448 3263
411 1560 580 1736
737 1547 881 1984
815 1521 1064 1769
163 1468 313 1631
770 1455 1077 1775
528 1455 659 1716
417 1423 600 1599
215 1416 411 1716
2206 1410 2369 1697
2134 1403 2271 1638
0 1403 228 2167
737 1390 1011 1775
528 1390 1501 2454
65 1390 261 2049
117 1351 345 1612
1305 1325 1488 1462
1201 1325 1475 1547
1449 1272 1664 1507
1423 1233 1592 1442
2219 1227 2356 1416
130 1214 672 1527
1266 1201 1475 1429
2167 1175 2323 1455
1455 1070 1605 1259
1181 1057 1318 1253
1286 1024 1455 1233
1083 992 1325 1351
1168 972 1423 1142
1377 966 1507 1103
2226 953 2363 1214
372 933 554 1109
300 920 450 1083
1181 887 1338 1024
894 881 1201 1410
1534 868 1684 1024
1403 842 1573 1090
1507 835 1658 972
1083 835 1233 1044
1181 815 1403 979
332 789 522 985
1279 763 1521 959
580 744 757 959
483 724 685 992
992 711 1377 1135
221 672 496 1011
1286 652 1742 946
411 646 646 796
130 528 594 1122
1272 254 1560 528
1357 248 1521 476
1351 208 1592 404
1592 137 2258 496
2004 0 2448 1266
1534 0 2271 404
1122 0 1547 502
0 0 2271 3263
1122 0 2448 3263
672 1945 1769 2826
672 2434 1051 2826
1997 0 2448 3263
705 1945 1769 2565
796 2558 1051 2826
705 2121 1514 2565
0 1201 456 2402
1122 0 2271 528
1507 2232 1893 2572
0 2043 2271 3263
1142 2186 1357 2376
0 1390 456 2402
1527 2232 1893 2572
1109 652 1742 1507
117 1214 776 2402
0 2108 2271 3263
2134 953 2363 1638
802 2108 1801 2904
0 2350 2271 3263
117 1351 776 2402
1037 2343 1214 2735
705 2121 1253 2565
802 2108 1801 2820
1109 763 1684 1507
770 1455 1116 1991
1109 763 1664 1507
1997 731 2415 2748
1468 2669 2271 3263
0 2350 1631 3263
0 1390 261 2167
1142 2108 1801 2611
1142 2304 1769 2611
802 2252 1201 2820
1246 2467 1631 2611
1122 0 2271 502
300 646 757 1109
1286 2108 1801 2448
332 646 757 992
1168 763 1664 1507
1168 763 1658 1442
1168 972 1423 1253
2304 822 2448 3263
685 3022 1631 3263
1142 2304 1769 2493
2134 1103 2323 1638
1181 763 1658 1442
1286 835 1658 1442
1462 2108 1801 2448
1462 2108 1801 2408
137 1416 776 2343
1997 1227 2369 2748
2088 2885 2337 3263
0 2350 1116 3263
137 1416 776 2291
411 1560 600 1840
1286 835 1658 1377
339 1423 600 1631
2167 1103 2323 1455
685 3042 1521 3263
855 3042 1521 3263
1893 3015 2095 3263
0 2350 1005 3263
1997 1605 2356 2748
1142 2304 1534 2493
1286 835 1658 1259
1286 835 1658 1233
1377 835 1658 1103
137 1416 776 2245
1534 0 2271 496
2271 985 2402 2350
71 2350 1005 3263
137 1416 633 1964
235 1605 633 1964
235 1605 450 1899
2297 528 2448 3263
789 2088 1827 2839
1455 0 2448 3263
0 0 2408 3263
1390 1703 1586 1847
718 1410 1116 1984
1018 659 1782 1507
789 2108 1827 2839
2141 1227 2369 1697
2049 0 2448 2865
2049 0 2448 2741
2095 0 2448 2741
1051 2239 1827 2839
789 2108 1808 2833
815 2996 1514 3263
815 2996 1501 3263
848 3048 1501 3263
2095 0 2448 2408
757 1507 1116 1984
1266 0 1612 496
815 2996 1011 3172
221 561 757 1109
2095 398 2448 2408
2095 398 2448 2402
1455 2624 2323 3263
1455 2970 2271 3263
0 1246 1540 3263
137 1390 789 2402
2082 2878 2317 3263
1338 104 1612 496
796 1507 1116 1977
1834 3055 2271 3263
221 639 757 1109
137 1390 776 2402
789 2376 1129 2833
2115 398 2448 2402
802 2108 1808 2735
802 2108 1808 2689
156 1390 594 1658
2095 757 2323 1403
1077 763 1782 1423
1018 659 1586 1507
2232 398 2448 2317
802 2108 1801 2689
365 652 757 1109
796 1521 1116 1977
1083 763 1782 1423
1129 763 1782 1423
1129 763 1782 1377
1129 763 1782 1338
1129 763 1782 1266
1129 763 1769 1253
802 2108 1664 2689
463 1429 659 1697
2226 1227 2369 1573
1129 783 1592 1253
1403 104 1612 489
1201 835 1677 1377
1129 809 1488 1253
1279 835 1677 1377
1175 809 1488 992
802 2147 1534 2689
365 652 757 1083
1279 835 1677 1253
1279 835 1664 1253
1279 894 1599 1253
2265 861 2408 2317
1279 1024 1599 1253
137 1416 515 2284
835 1599 1116 1977
137 1416 515 1945
221 1416 515 1945
848 3133 1057 3263
2082 3126 2271 3263
855 3074 1070 3224
1834 3055 2128 3263
940 3048 1501 3263
855 2996 1011 3133
2082 2983 2317 3263
1455 2970 1912 3263
1631 2826 1775 2996
1795 2676 2030 2944
1977 2624 2323 3198
789 2578 985 2728
1051 2526 1390 2839
874 2480 1037 2702
1214 2467 1377 2598
1037 2467 1188 2735
1318 2461 1592 2604
1155 2454 1357 2676
874 2376 1129 2833
1096 2317 1344 2493
2128 2297 2350 2741
1331 2297 1573 2487
802 2252 1201 2689
796 2252 1103 2676
1344 2239 1827 2624
1677 2239 1808 2448
1481 2239 1782 2558
1605 2186 1801 2408
372 2160 678 2402
1090 2147 1534 2402
1455 2108 1664 2421
600 2108 731 2291
1566 2088 1762 2239
705 2023 1677 2565
476 1951 776 2245
404 1925 561 2121
633 1919 789 2239
293 1906 489 2284
208 1880 411 2363
430 1808 594 1977
202 1808 352 1971
835 1801 992 1977
1390 1703 1579 1847
235 1625 515 1945
2115 1605 2356 2402
920 1599 1116 1951
796 1521 1031 1853
528 1449 659 1697
163 1436 313 1631
2141 1429 2271 1586
463 1429 600 1599
221 1416 509 1756
718 1410 1090 1775
0 1410 1540 3263
156 1403 326 1658
2226 1377 2369 1573
91 1370 332 1788
1233 1266 1586 1507
45 1246 626 2049
1423 1233 1592 1423
2226 1227 2356 1416
1338 1201 1488 1416
2297 1161 2448 3263
1455 1083 1599 1253
2095 1077 2323 1403
1279 1024 1488 1246
1501 972 1677 1142
1129 966 1423 1253
1534 940 1782 1266
404 933 554 1109
1403 894 1534 1116
1201 887 1488 1024
1534 874 1684 1083
522 874 691 1109
2265 861 2408 1586
1507 835 1664 972
1077 829 1292 1064
1175 815 1403 992
1312 809 1488 959
1436 783 1592 933
365 776 522 1024
1586 763 1769 1011
2095 757 2323 1129
176 705 522 1129
1018 659 1507 1351
417 652 757 1083
221 639 496 1011
241 561 626 848
2232 398 2448 1064
1964 332 2141 483
1605 254 1742 398
1279 221 1449 522
1338 208 1566 496
2206 0 2448 489
1266 0 1540 293
0 0 2408 3198
705 2023 1762 2728
705 2023 1762 2676
0 1246 2128 3263
1977 0 2448 3263
705 2023 1677 2676
1266 0 1612 522
176 561 757 1129
0 1246 1808 3263
45 1246 789 2402
0 1410 1808 3263
718 1410 1161 1977
1077 763 1782 1507
802 2108 1808 2839
815 2970 2128 3263
848 2970 2128 3263
718 1410 1161 1775
802 2108 1801 2839
1083 763 1782 1507
1977 757 2369 3263
1024 2467 1188 2813
1977 1227 2369 3263
802 2147 1801 2839
1051 2454 1390 2839
1266 0 1566 496
1090 2454 1357 2807
802 2147 1801 2689
1214 2186 1801 2604
1214 2239 1782 2604
1977 1429 2356 3263
1977 2624 2323 3263
300 652 757 1109
2115 1429 2356 2741
1534 874 1782 1266
1083 763 1769 1423
1129 763 1769 1423
1201 763 1769 1423
1214 2461 1592 2604
1338 1201 1592 1423
2115 1501 2356 2741
2206 0 2448 1064
1201 763 1769 1377
411 1560 600 1827
1279 763 1769 1377
1436 763 1769 1011
1129 815 1423 1253
1331 2239 1782 2558
848 2970 1912 3263
802 2252 1344 2689
398 1429 600 1599
404 1808 594 2121
1279 835 1664 1246
372 1951 776 2402
2115 1605 2356 2741
1279 894 1534 1246
235 1625 515 2284
796 1521 1116 1951
137 1416 509 1867
541 1867 1834 2924
541 2062 1834 2924
1286 1018 1821 1749
1286 1312 1821 1749
300 430 992 1005
554 607 992 1005
0 1037 496 2448
0 1344 496 2448
1037 0 1592 776
1037 0 1592 672
0 1749 496 2448
483 0 835 241
1377 3048 2056 3263
1592 3048 2056 3263
1906 3055 2056 3263
541 2323 842 2767
398 835 1586 2330
861 959 1135 1507
1788 437 2023 705
398 835 1051 2128
1377 3100 1645 3263
1697 2630 2036 3074
1762 2630 2036 2944
1762 2630 2036 2878
1762 2630 1919 2833
398 835 1051 1827
398 835 1051 1769
718 1873 1814 2820
770 1873 1814 2820
770 1873 1566 2591
117 385 476 1005
398 913 926 1769
398 959 835 1769
665 1455 1586 2330
1037 1455 1586 1971
705 1233 1135 1958
1788 437 2023 620
1631 1736 1867 2154
1664 1736 1867 2154
0 0 2075 1423
1364 0 2075 1135
1377 0 2075 1135
1664 0 2448 3263
1377 274 2010 1135
0 0 1690 1423
0 1286 1951 3263
110 1286 763 2669
1286 1390 1716 1749
1736 2448 2049 2813
0 2239 1951 3263
2317 972 2448 3263
2317 1710 2448 3263
1605 0 2075 398
1377 359 1893 1135
1919 2767 2128 3153
802 587 1690 1423
789 2082 1534 2591
1364 261 1553 450
665 1847 1109 2330
802 691 1690 1423
2128 2461 2271 3055
2134 2232 2265 2500
1742 1057 2004 1801
1867 1410 2004 1801
881 691 1690 1423
881 691 1462 1286
0 0 1259 1148
0 574 639 1148
0 574 339 1148
802 2102 1814 2820
0 574 208 926
2258 319 2434 3263
2271 319 2434 2369
1631 117 2075 398
1684 117 2075 313
110 1286 763 2363
1742 1057 1958 1475
1906 1155 2095 1599
0 0 1259 783
2115 2702 2284 3263
0 2239 1214 3263
0 2239 1116 3263
1664 0 2448 2780
1051 2656 1951 3263
1051 2656 1808 3263
770 1514 1135 1958
1925 2186 2167 2780
1129 2656 1808 3139
1664 0 2448 2513
2199 881 2343 1710
2212 881 2343 1370
235 705 639 1109
0 1749 430 2363
110 1390 763 2363
2199 1181 2343 1710
1795 1853 1997 2513
1051 2989 1527 3263
1090 829 1690 1423
1109 829 1690 1423
1129 2656 1782 3139
2317 1834 2448 3263
1664 0 2448 2258
1984 156 2265 470
1377 359 1860 1005
1756 535 2128 966
1971 1938 2115 2226
1762 117 2075 313
2245 0 2448 672
0 0 1201 783
1664 594 2317 2258
933 2102 1814 2820
1795 1853 1964 2239
143 1390 763 2363
1664 1390 1912 1873
0 3035 208 3263
1129 2656 1782 3055
1129 2656 1703 3055
1129 2722 1664 3055
0 0 228 319
724 0 1044 326
1860 594 2317 2258
1860 783 2304 2258
1867 783 2304 2258
1867 783 2284 2049
1867 1044 2219 2049
2265 0 2448 365
1951 398 2252 763
1886 0 2278 365
1886 0 2239 365
1886 0 2115 202
541 2258 1834 2924
1024 2258 1834 2833
1024 2493 1827 2833
1867 1566 2199 2049
822 1514 1135 1958
0 0 1201 639
0 0 1188 639
0 0 1090 639
0 2382 1116 3263
933 2102 1814 2735
933 2102 1814 2722
1024 2578 1658 2833
1840 639 2128 966
2245 254 2395 672
2115 2800 2284 3263
235 731 639 1109
0 2239 228 2663
0 0 907 639
0 65 907 639
143 65 907 639
359 208 907 639
639 208 907 639
0 117 254 561
2317 1919 2448 3263
2317 2252 2448 3263
2317 2389 2448 3263
1377 613 1860 1005
1155 2102 1814 2669
1207 2989 1527 3263
2271 0 2448 365
2049 1044 2219 1645
874 1514 1135 1951
874 1514 1135 1932
874 1527 1135 1932
202 0 770 359
202 0 770 332
1194 2102 1814 2493
143 65 430 476
52 2382 561 2859
1227 2467 1534 2604
143 1442 763 2363
1194 2102 1814 2461
1860 907 2108 1201
0 2656 1116 3263
1338 2102 1814 2461
1377 2102 1814 2461
0 2656 607 3263
0 2656 522 3166
0 2656 522 3107
0 2656 404 3107
0 2656 254 3087
235 789 607 1109
319 3087 607 3263
202 0 574 241
541 2846 1116 3263
143 1442 763 2310
561 2846 1116 3263
1958 2304 2167 2780
1377 2102 1690 2421
1455 2102 1690 2421
163 1442 763 2310
163 1514 763 2310
1116 829 1690 1423
1116 829 1690 1318
1116 829 1690 1259
1116 829 1312 1253
802 2911 1116 3263
1233 855 1690 1259
1233 855 1690 1096
1370 855 1690 1057
163 1514 633 2226
163 1514 633 2069
163 1514 600 1951
163 1514 574 1951
163 1514 574 1808
163 1527 483 1808
1377 3100 1579 3231
1051 3100 1266 3263
1697 3094 1899 3231
319 3087 496 3263
1207 3074 1527 3263
848 3074 1018 3224
117 3074 339 3263
2017 3068 2239 3263
1906 3055 2049 3198
1592 3048 1984 3263
1005 3048 1181 3263
32 3035 208 3185
1775 3022 1951 3218
1383 3015 1625 3198
163 3009 365 3263
1299 2996 1462 3146
541 2989 815 3263
319 2989 515 3166
802 2976 1005 3263
528 2931 705 3100
881 2911 1116 3231
1919 2891 2121 3153
1057 2865 1259 3185
372 2865 522 3074
1697 2852 1906 3074
1266 2852 1429 2996
561 2846 848 3120
97 2826 404 3107
1142 2820 1423 3061
953 2800 1214 2944
1540 2774 1762 3139
1919 2767 2128 2937
0 2741 202 3087
1129 2735 1370 2931
2317 2722 2448 3263
1279 2722 1664 3055
1886 2715 2036 2878
345 2715 554 2898
169 2709 306 2839
541 2696 1051 2924
1651 2663 1782 2878
1455 2656 1703 2852
1024 2656 1383 2833
71 2656 254 2820
391 2585 561 2833
1847 2578 2049 2813
1292 2578 1658 2722
1161 2526 1390 2767
1521 2493 1827 2741
1958 2480 2167 2780
802 2480 1037 2715
1383 2474 1605 2604
1037 2474 1188 2735
19 2461 182 2663
1899 2448 2056 2637
1736 2448 1971 2689
802 2428 972 2709
541 2408 842 2767
52 2382 463 2859
1481 2343 1762 2493
1155 2337 1370 2669
613 2323 776 2611
1338 2304 1494 2448
182 2284 496 2448
1560 2258 1834 2572
933 2258 1305 2722
1521 2245 1690 2408
0 2239 228 2526
1645 2232 1814 2461
789 2212 1259 2591
1925 2186 2160 2591
1377 2173 1534 2356
404 2160 737 2669
1292 2147 1514 2356
509 2134 652 2363
1455 2102 1684 2421
718 2095 966 2558
1011 2082 1534 2297
1612 2062 1827 2258
1821 2017 1997 2513
319 2004 496 2363
1971 1984 2102 2226
1795 1964 1932 2239
293 1925 528 2193
1070 1912 1534 2075
554 1912 763 2310
770 1873 1566 2545
1475 1867 1677 2154
665 1860 985 2330
208 1860 372 2193
0 1860 430 2363
1808 1853 1964 2108
1631 1853 1788 2069
907 1847 1109 2102
502 1808 633 2069
966 1756 1135 1951
0 1749 241 2141
1867 1742 2056 2049
1723 1736 1867 2069
143 1710 274 1873
1514 1690 1742 1912
1312 1664 1586 2095
280 1658 496 1860
456 1651 600 1853
822 1612 992 1958
1240 1579 1586 1925
163 1579 326 1808
2167 1566 2304 2258
1984 1566 2199 2030
574 1566 900 2128
1664 1534 1912 1873
567 1534 718 1827
874 1527 1135 1808
261 1527 483 1671
398 1514 574 1769
2212 1488 2343 1710
1037 1455 1344 1971
509 1442 652 1716
1286 1410 1547 1612
110 1410 261 1782
1455 1390 1716 1749
195 1390 345 1579
1579 1312 1821 1586
881 1305 1070 1566
130 1286 561 1514
1416 1259 1599 1423
705 1233 1031 1775
2049 1201 2206 1645
1906 1155 2056 1429
607 1155 835 1769
1109 1142 1325 1344
1090 1135 1527 1488
91 1135 620 1749
1331 1096 1475 1416
1507 1077 1638 1318
672 1070 815 1266
861 1051 1077 1396
2082 1044 2219 1344
881 1037 1057 1286
156 1037 489 1181
0 1037 182 1775
1292 1031 1429 1175
1312 1024 1494 1259
1586 1018 1775 1429
1168 1011 1305 1259
1501 972 1658 1155
1919 959 2108 1201
1631 959 1893 1135
992 959 1135 1507
398 959 698 1442
574 913 926 1155
2049 900 2206 1168
463 881 607 1090
1429 861 1573 992
1481 855 1690 1037
1370 855 1514 1057
1233 855 1403 1096
861 835 1051 1090
1742 829 1899 1011
1129 829 1312 1051
0 815 339 1148
235 789 515 1109
2115 783 2284 1109
1840 744 2010 881
502 731 639 979
0 731 176 894
554 705 992 1005
274 705 417 966
894 691 1462 1064
1873 685 2128 966
1560 659 1860 1005
1840 639 2017 796
1135 639 1455 776
1377 613 1684 894
574 607 815 802
2082 600 2252 829
979 587 1161 783
1860 561 2023 705
1756 535 1906 770
783 496 940 691
1266 483 1416 672
548 470 685 665
1886 463 2023 620
0 450 267 639
1788 437 1951 574
2075 430 2252 639
783 430 1057 783
300 430 613 809
639 417 907 639
1951 398 2180 763
998 391 1188 587
665 385 802 528
182 385 476 992
1377 359 1586 685
1984 339 2173 470
1037 293 1410 672
1475 274 2010 705
1416 274 1553 430
359 274 705 639
2258 254 2395 528
143 221 287 398
829 208 1090 463
672 208 881 430
1631 195 2023 398
2115 156 2265 463
1860 150 2075 313
326 143 489 359
1684 130 1834 274
450 130 770 332
1762 117 1899 261
1070 117 1259 365
0 117 254 515
0 110 228 319
1122 32 1312 378
509 32 685 241
2141 0 2278 208
2017 0 2239 365
1886 0 2036 176
1605 0 1893 319
1507 0 1703 319
1266 0 1592 496
972 0 1201 319
868 0 1044 254
724 0 966 326
607 0 848 176
365 0 574 241
97 0 345 202
0 0 156 156
0 0 2180 3263
541 0 2180 2780
1475 1690 1827 2258
1958 0 2448 3263
541 1534 1566 2767
881 0 2180 2780
894 0 2180 2780
0 0 2128 3263
541 1847 1566 2767
0 0 1390 2669
979 0 2180 2780
0 0 1259 2669
0 2102 2128 3263
574 1534 900 2128
0 1037 430 2363
665 1847 1566 2591
176 2284 496 2474
0 2239 2128 3263
1155 2258 1834 2787
1155 2258 1834 2722
1475 1867 1827 2258
1155 2337 1762 2669
0 1534 430 2363
802 2258 1305 2820
894 613 1684 1064
665 1847 1566 2558
91 959 698 1782
1631 398 2180 2780
979 0 2115 2095
1037 2330 1214 2807
1958 2232 2284 3263
665 1847 1109 2558
0 0 1259 1396
1292 2102 1814 2461
