0 0 2448 3263
567 868 1514 1175
1383 953 1821 1351
1664 2428 2219 2722
907 1462 1116 1742
0 1514 306 2833
52 1514 306 2591
124 1514 306 2454
0 731 150 933
0 946 2448 3263
0 2128 241 2833
0 0 2448 2735
332 2304 1194 2865
345 731 861 868
1468 1853 1938 2735
1468 1853 1938 2702
0 0 2448 2656
0 1037 835 2624
0 1057 528 2624
0 1070 300 2624
0 1070 280 2624
0 1070 280 1547
0 1684 1912 3263
1468 1853 1834 2702
1560 1951 1834 2702
1605 2323 1834 2702
0 2833 737 3263
1468 1853 1612 2558
1299 378 2448 835
1299 378 2448 822
104 1684 1912 3263
1142 946 2448 3263
1919 946 2448 2676
1396 1103 1821 1351
1142 2650 2448 3263
1142 2650 2356 3263
1756 2650 2356 3263
548 2304 1194 2865
567 2304 1194 2865
972 1051 1155 1188
2252 2663 2448 3263
124 1514 261 2454
1756 2656 2252 3263
1697 489 2448 731
1468 2069 1612 2558
933 2656 1194 2865
235 868 2402 2656
235 1077 2402 2656
1396 1475 1599 2049
1396 1475 1553 2049
1396 1540 1553 2049
0 0 2448 1109
248 1135 450 1521
985 561 1475 711
1266 0 2448 607
248 1135 378 1521
1396 1677 1553 2049
1299 437 2448 822
1266 868 2167 1481
1396 868 2167 1481
1462 868 2167 1481
1462 868 2134 1481
1514 946 2134 1481
1945 763 2448 933
1945 763 2278 900
1214 2709 1540 2885
2056 2650 2356 3263
1919 946 2448 2650
1625 1853 2402 2656
1984 2297 2402 2656
1984 2382 2402 2656
1436 2859 1677 3048
1919 1044 2448 2650
228 2754 763 2996
1932 0 2448 483
1932 0 2448 476
235 1077 2219 2115
0 0 1357 476
1984 2474 2402 2656
1697 502 2376 731
0 26 2448 1109
1286 1286 2219 2115
1429 1286 2219 2115
1612 437 2448 672
1612 489 2115 672
0 1070 215 1279
450 1037 835 1240
104 2513 456 2826
0 711 2448 1109
796 711 2448 1109
1044 737 2448 1109
1220 744 2448 1109
1220 750 1742 940
2134 2780 2356 3263
0 26 1677 731
1468 744 2448 1109
1631 744 2448 1109
1266 0 2376 607
1142 2911 2147 3263
1645 848 2448 1109
1645 894 2173 1109
1631 744 2434 940
0 822 822 1109
0 835 822 1109
1919 1044 2448 2500
1429 1286 2160 2115
1645 1037 2134 1481
1932 0 2448 365
1932 0 2448 215
1814 2656 2252 3263
182 1684 1912 3263
652 2532 1912 3263
0 848 750 1109
0 143 1677 731
332 143 1677 731
574 143 1677 731
2010 1599 2448 2500
332 2643 731 2807
0 476 815 809
1697 502 2330 731
0 587 332 718
0 0 541 300
1429 1299 2160 2115
2010 1599 2448 2448
1142 2911 2030 3263
652 2617 1390 3263
652 2617 1253 3263
770 143 1677 731
1233 313 1677 731
711 2728 1253 3263
0 1429 228 2624
1919 1044 2448 1697
2069 1077 2448 1697
1521 1351 2160 2115
1534 1351 2160 1912
1521 1697 1932 2115
1142 2911 1893 3263
332 483 1246 731
1064 2532 1912 3015
1168 1756 1494 2115
332 587 1246 731
287 0 1357 476
1625 1853 2160 2656
2069 1116 2448 1697
2102 1116 2448 1449
235 1077 1455 2115
770 143 1481 613
0 3133 313 3263
1977 3113 2147 3263
1769 3009 2030 3263
2134 3002 2356 3263
1142 2970 1553 3263
1501 2911 1893 3263
1436 2859 1579 3002
1840 2800 2252 3263
2147 2780 2297 3133
228 2761 678 2989
580 2754 763 2996
881 2748 1390 3263
711 2748 1031 3263
1214 2728 1403 2885
972 2728 1253 2911
1299 2709 1540 2859
1266 2683 1912 3015
2252 2676 2448 3263
332 2676 567 2807
2291 2663 2448 2852
2206 2663 2350 3094
1814 2656 2102 2904
104 2656 456 2826
2056 2650 2226 2898
515 2643 731 2787
652 2617 1005 2767
0 2565 176 2833
1064 2532 1625 2741
117 2513 417 2735
2167 2474 2402 2630
1618 2461 1834 2702
176 2434 365 2598
1906 2428 2219 2696
2154 2382 2291 2513
1756 2363 1977 2545
567 2304 1096 2735
1468 2278 1612 2558
2212 2258 2448 2500
2297 2062 2448 2219
2010 2056 2448 2448
1951 2056 2115 2219
1625 2043 2134 2656
1560 1951 1821 2363
1168 1906 1436 2115
953 1873 1116 2239
1840 1853 2160 2180
1566 1840 1932 2115
1396 1840 1553 2049
176 1840 417 2186
1233 1756 1494 1991
1834 1710 2088 1919
1521 1697 1834 1932
182 1684 1592 2669
0 1671 208 2624
1246 1618 1488 1795
907 1605 1077 1742
2017 1599 2448 2167
1468 1475 1599 1684
907 1462 1116 1645
1984 1442 2219 1618
0 1429 228 1762
1286 1410 1455 1664
822 1410 1416 2115
1762 1364 2160 1840
1534 1351 1977 1912
1188 1344 1351 1494
763 1331 992 1534
1429 1299 1645 1547
1710 1286 1880 1521
2069 1253 2441 1697
1553 1220 1808 1351
1396 1207 1827 1403
319 1207 450 1370
2180 1194 2448 1449
1769 1168 2134 1481
0 1168 280 1547
2102 1116 2304 1370
1396 1103 1821 1325
2239 1077 2441 1246
235 1077 1455 1821
0 1070 195 1279
2304 1057 2448 1272
1919 1044 2180 1292
672 1044 835 1240
1645 1037 1919 1181
450 1037 705 1168
1586 992 1867 1214
1396 985 1631 1201
1383 953 1638 1168
2147 946 2448 1122
1299 933 1514 1077
0 933 750 1109
1462 868 1873 998
567 868 1429 1175
365 848 685 979
1148 822 1390 953
0 822 417 953
1462 750 1742 940
1631 744 2226 940
345 731 594 868
796 711 1501 926
1299 639 1977 822
522 626 815 796
332 587 802 731
91 587 332 718
985 561 1312 711
1977 515 2448 750
1259 496 1677 731
1860 489 2115 652
587 483 998 613
0 476 528 809
84 470 633 620
574 411 1083 600
0 391 587 587
287 319 783 476
1233 313 1566 567
0 306 319 450
770 300 1481 613
920 195 1090 339
2036 169 2448 365
1494 169 1658 345
1051 143 1370 345
0 130 541 300
1148 26 1449 202
2193 13 2448 215
1566 0 1880 195
456 0 1357 345
261 0 822 143
0 0 248 150
2128 2624 2448 3094
0 0 2448 1246
1299 933 1638 1168
0 985 2448 3263
52 1286 313 2611
52 1286 313 2604
52 1514 261 2604
0 2304 2448 3263
0 985 2448 2904
1246 985 2448 2904
0 1070 1645 2669
1396 985 2448 2904
574 378 2448 926
1246 1410 1834 2702
1638 378 1945 613
574 411 2448 926
1521 1044 2448 2904
1396 985 1821 1351
1586 2656 1984 2813
1664 2656 1984 2813
1044 737 2448 1246
574 411 1501 926
574 561 1501 926
1246 1410 1821 2696
1148 0 1514 202
182 1077 1645 2669
0 0 2448 1240
0 476 1429 1240
1396 1749 1821 2696
1396 1840 1821 2696
1396 1840 1821 2363
1396 1840 1599 2128
0 0 2448 731
117 1514 261 2604
104 2304 1625 2996
1246 1410 1599 1847
1396 1475 1599 1684
1468 2069 1658 2696
1468 2278 1658 2696
1645 1018 1964 1181
104 2304 1625 2885
574 711 1501 926
2030 1259 2212 1410
2154 2382 2402 2630
1044 737 2448 1122
0 1070 450 2624
274 1135 450 1403
0 476 1024 829
0 2434 2448 3263
1246 1410 1501 1847
1645 1018 1919 1181
0 724 1429 1240
1299 489 2448 822
1299 515 2448 822
1246 1410 1488 1795
881 2650 2448 3263
933 2728 1253 2911
2265 1618 2448 1821
1044 737 1742 940
104 2304 1625 2826
104 2624 561 2826
2154 998 2441 1246
0 2434 1031 3263
0 2513 1031 3263
0 2957 313 3263
97 1037 835 1240
1468 744 2448 1122
515 2304 1625 2787
97 1057 528 1233
0 2513 417 2833
0 724 1429 1175
567 2304 1625 2767
0 0 1677 731
0 0 1370 731
235 1077 1645 2115
0 724 574 953
2056 2650 2448 3263
2056 2650 2297 3133
2036 169 2448 476
1645 848 2448 1122
97 1070 300 1233
567 2304 1625 2741
1534 1044 2448 2500
1534 1044 2180 1912
2010 1116 2448 2500
822 1299 1645 2115
1266 1299 1645 1547
0 391 1246 731
770 300 1677 731
0 0 1370 476
0 835 1429 1175
0 848 1429 1175
2010 1253 2448 2500
1521 1697 2219 2904
1756 2363 2219 2904
1814 2428 2219 2904
0 2748 1031 3263
84 470 1246 731
822 1410 1494 2115
881 2683 2252 3263
567 848 1429 1175
1521 1697 2160 2656
881 2683 2030 3263
1468 744 2226 940
2010 1253 2448 2448
1769 1044 2180 1481
1566 1840 2160 2656
1566 1840 2160 2180
1266 2683 2030 3263
0 0 1357 345
0 306 783 476
881 2748 1553 3263
1501 2911 2030 3263
1710 326 2206 476
1299 933 1827 1351
52 887 2448 3263
1377 940 1827 1351
0 1214 750 3263
1383 966 1827 1351
0 2807 750 3263
0 0 2448 2885
0 763 1821 2885
0 763 1618 1462
0 763 1618 1383
1984 1259 2239 1416
143 1031 1821 2885
1390 966 1827 1351
1455 887 2448 2663
1716 887 2448 1860
143 1031 1808 2885
0 0 2448 1057
1325 1096 1808 1625
1370 1096 1808 1625
143 1031 1599 2885
52 1749 2448 3263
228 2056 2448 3263
0 1214 280 2833
52 1749 332 2826
1194 2663 1586 2885
143 1031 1599 2787
143 1077 1599 2787
143 1031 541 1527
0 0 2448 998
2186 0 2448 195
143 1031 378 1527
84 1749 332 2826
117 1749 332 2604
1299 502 2448 855
1625 2056 2448 2735
228 2585 2356 3263
456 2585 2356 3263
0 0 2448 979
0 437 1312 979
1638 1018 2043 1240
763 2656 1429 2957
0 437 1312 822
652 2585 2356 3263
0 763 1618 1279
0 0 2448 940
241 1142 378 1527
0 463 1312 822
822 613 2448 940
822 613 2265 940
822 620 2265 940
979 711 2265 940
979 711 1860 926
1299 502 2448 835
1442 502 2448 835
1769 1005 2448 1860
1769 1005 2448 1716
1997 1005 2448 1716
1997 1077 2448 1716
0 0 2448 600
345 731 868 979
189 1077 1599 2676
2017 274 2448 483
0 313 802 731
2265 1579 2448 1860
652 2585 2258 3263
2049 2056 2448 2650
345 731 868 907
0 3120 143 3263
1775 3009 2069 3263
711 2931 881 3263
620 2911 750 3179
0 2833 750 3263
261 2807 678 2989
548 2748 763 2996
228 2728 705 2859
763 2722 1175 2957
1194 2709 1586 2885
2193 2669 2376 3263
2219 2663 2448 3263
737 2656 2258 3263
2023 2650 2356 3263
456 2643 711 2774
652 2585 1057 2774
1625 2572 2448 2735
0 2565 169 2833
84 2526 319 2826
900 2474 1599 2728
143 2421 548 2787
1756 2363 1997 2591
1501 2199 1651 2689
2297 2056 2448 2219
1573 1951 1821 2239
1390 1840 1573 2265
2115 1769 2271 1938
137 1749 332 2428
2317 1651 2448 1860
1246 1651 1507 2115
483 1645 626 1808
2265 1579 2441 1742
1351 1540 1553 1821
900 1540 1044 1677
189 1390 1599 2676
763 1331 1018 1560
1997 1318 2448 1716
0 1292 189 1462
1455 1286 2448 2663
0 1246 156 1383
0 1214 280 2598
1390 1129 1814 1351
1370 1096 1808 1390
2095 1077 2448 1442
248 1077 1416 1821
0 1070 300 1279
1651 1057 2043 1240
1769 1044 2219 1442
1638 1018 1886 1175
2239 1005 2441 1246
1390 966 1827 1279
1383 966 1521 1272
1481 959 1801 1175
1377 940 1645 1135
1299 933 1514 1096
1716 887 2448 1148
1462 868 1873 1057
2010 802 2448 940
0 763 1618 1227
561 750 868 907
1625 744 2265 940
345 731 594 874
0 724 574 998
979 711 1742 926
1299 652 1945 809
1814 580 2448 835
0 541 1024 822
1442 502 1860 672
476 489 633 620
607 463 1312 711
78 443 802 731
1658 378 2448 515
705 326 842 483
0 313 293 476
1233 300 1442 496
574 300 1507 646
0 228 561 450
920 143 1090 339
2186 104 2448 235
1090 26 1442 221
1736 0 1938 176
1109 0 2448 600
1246 0 1429 130
0 0 1318 496
0 0 221 150
0 0 2448 1351
1299 933 1814 1351
1377 940 1814 1351
0 0 2448 1227
0 966 2448 3263
0 1031 2448 3263
52 1547 332 2800
0 1031 1599 3263
1383 966 1814 1351
143 2421 2448 3263
1325 966 2448 2689
1325 966 2448 2663
1299 378 2448 855
1658 378 2448 613
6 2728 705 2878
933 2023 1083 2160
1351 1370 1821 2689
189 1057 1599 2676
1122 241 1442 496
0 1031 750 3263
52 1932 195 2800
0 613 2448 1227
763 1331 1077 1560
1390 966 2448 2663
143 1031 378 1383
1325 1096 1808 1423
117 1547 332 2604
137 1547 332 2428
1351 1370 1651 2689
1351 1540 1651 2689
1390 1749 1651 2689
2239 1005 2448 1272
548 2650 2448 3263
143 2421 1599 2957
1390 966 2043 1279
1299 502 1945 855
1299 502 1945 809
1201 1651 1507 2121
548 2748 881 3263
946 2572 2448 2761
0 620 2448 1227
0 711 2448 1227
1455 1044 2448 2663
0 0 1507 731
0 1070 750 3263
0 1070 300 2598
143 2421 1599 2787
143 2421 1057 2787
1390 1840 1651 2689
0 2565 750 3263
0 724 2448 1227
0 724 1018 998
345 731 1018 979
345 731 1018 907
143 2421 711 2787
1769 1044 2448 1742
737 2650 2448 3263
0 744 2448 1227
1462 744 2448 1148
548 2748 763 3179
0 0 1507 646
2023 2650 2448 3263
1769 1044 2448 1442
1625 744 2448 1148
1997 1318 2448 1742
1625 744 2448 940
117 1325 293 2709
1383 953 1827 1475
0 776 2448 3263
0 776 2448 2944
2154 946 2448 1135
0 0 2448 1024
0 2663 2448 3263
705 2663 2448 3263
143 1116 1612 2774
750 2663 2448 3263
2030 332 2448 470
1383 953 1827 1344
143 1129 1612 2774
1468 1279 2448 2663
1383 953 1631 1214
0 1129 274 2800
1429 1083 1827 1344
2154 946 2448 1083
1344 607 1893 829
0 2591 1501 2833
0 2591 868 2833
0 2591 737 2833
1429 1083 1827 1286
117 1540 261 2709
1344 613 1893 829
0 776 2448 1658
0 2787 737 3263
0 1795 195 2800
1605 1795 2193 2591
639 861 1253 1051
639 913 1253 1051
639 913 1214 1051
287 1736 1214 2330
1155 1148 2448 2944
1344 0 1677 306
561 2506 1024 2683
561 2545 940 2683
1436 326 1716 476
502 489 1664 829
691 489 1664 829
561 1370 1090 1991
613 1729 776 1991
750 2669 2330 3263
0 2239 130 2545
561 1370 1090 1801
2317 1416 2448 1775
1455 1664 2448 2944
143 2558 306 2774
1605 1847 2193 2591
1605 2062 2095 2591
1697 124 1991 319
1155 1148 1494 1762
1155 1148 1488 1651
169 1129 1612 2774
280 1129 456 1540
1468 345 2448 933
169 1142 1612 2774
1057 1155 1357 1364
1697 345 2448 868
1697 345 2448 835
1534 1011 2115 1449
1475 1279 2448 2663
0 1129 274 2291
443 1331 685 1527
802 1788 1096 2023
0 776 2448 1534
0 776 2448 1429
0 940 1168 1429
1658 2624 2448 2944
0 1129 274 2115
0 1129 274 1893
0 150 287 293
809 1370 1090 1631
0 1129 274 1873
1455 1664 1958 2735
1788 992 2448 1534
2075 1096 2448 1534
0 718 731 1024
0 731 731 1024
0 731 731 1011
0 802 731 1011
0 829 613 1011
1468 744 2369 933
0 0 2448 737
1697 345 2448 796
385 2611 1155 2767
385 2630 966 2767
0 1886 176 2800
0 2134 150 2800
0 2134 150 2637
0 1194 274 1873
0 1194 274 1612
248 2539 489 2774
169 1142 1612 2715
750 1592 1096 1756
750 1592 1096 1723
1834 2069 2075 2304
1057 2839 1351 3166
1468 744 1997 920
1860 0 2448 189
1468 1475 1697 1840
0 940 659 1429
1475 1279 2448 2467
313 1024 1168 1240
1912 1279 2226 1566
1860 750 2369 933
522 1142 1161 1762
522 1142 1057 1762
522 1220 1057 1762
522 1227 855 1762
1475 1357 2448 2467
0 940 359 1161
169 1318 1612 2715
0 39 2448 737
287 1736 815 2330
522 1279 855 1762
385 2075 900 2304
665 2075 900 2258
365 776 2448 1024
365 776 2180 1024
385 2121 705 2304
1534 1051 2115 1449
522 1325 855 1762
208 1481 502 2363
208 1684 483 2363
208 1840 372 2363
221 1840 372 2193
1788 992 2330 1312
691 1024 1168 1240
757 2669 2330 3263
1175 2669 2330 3185
1279 2669 2330 3185
1853 1370 2448 2467
659 39 2448 724
365 776 1860 1024
574 776 1860 1024
0 293 802 737
1090 2500 1612 2715
750 2885 1005 3263
1220 2911 2036 3263
1220 2911 2030 3263
731 1945 1214 2219
815 2023 1214 2219
659 97 1808 724
659 163 1677 724
731 163 1677 724
887 163 1677 724
887 345 1677 724
1057 489 1677 724
1220 496 1677 724
1312 3055 1586 3263
1527 1723 1840 2330
1527 1749 1840 2330
1279 2669 2219 3035
1279 2669 2219 2924
1279 2669 2219 2852
1527 1749 1840 2128
1527 1749 1782 2121
1527 1749 1684 2121
1671 1847 2193 2232
228 156 483 450
1658 2408 2448 2663
169 1318 1560 2702
169 2193 1024 2702
815 1318 1560 2663
1762 2754 2239 3263
1299 39 2448 607
1299 143 2448 607
1011 926 1579 1266
1527 1801 1684 2121
169 2193 1011 2702
613 2206 829 2539
1272 2911 2030 3263
1645 3042 2030 3263
522 1396 815 1762
1331 97 1808 339
1299 202 2219 607
1299 202 2212 607
1299 202 1945 607
1723 345 2448 711
522 1455 750 1762
2010 2963 2239 3263
1475 1357 1991 1645
1475 1390 1782 1605
1853 1547 2448 2467
1853 1547 2284 1886
1853 1547 2284 1853
1279 2689 2062 2852
1279 2702 1840 2852
13 2787 737 3263
2056 1880 2448 2467
757 2741 1246 3263
855 2741 1246 3263
855 2878 1233 3263
815 1318 1436 2004
959 1775 1560 2663
1605 2186 2095 2591
855 2983 1135 3263
0 842 613 1011
959 1775 1553 2663
959 2376 1266 2663
985 1775 1553 2637
985 1775 1540 2526
1181 1775 1540 2526
1227 1775 1540 2526
1318 1775 1521 2154
248 1481 502 1847
815 1318 1436 1938
169 2239 940 2702
359 2239 940 2702
359 2291 894 2702
1227 1997 1540 2526
2088 2780 2330 3185
1005 1318 1436 1873
1005 1318 1429 1873
1005 1318 1429 1618
959 2376 1266 2585
13 2937 646 3263
0 293 665 737
1272 2911 1886 3218
1272 2911 1677 3126
2115 1880 2448 2467
2284 2023 2448 2376
731 2239 940 2552
13 2983 398 3263
13 3042 398 3263
2115 1880 2389 2467
1292 2728 1579 2957
933 2878 1233 3094
0 1246 163 1449
169 2310 456 2624
1605 2186 1945 2591
398 2415 894 2702
2115 1880 2356 2434
2010 1547 2284 1853
287 1958 815 2330
574 776 1612 1011
0 293 587 711
2069 3120 2239 3263
13 3120 319 3263
2004 3107 2193 3263
1312 3107 1475 3263
189 3100 541 3263
855 3087 1135 3263
1853 3068 2030 3263
580 3068 718 3263
1436 3055 1586 3263
1220 3055 1423 3263
1129 3055 1279 3263
1645 3042 1938 3263
182 3042 398 3224
496 3022 652 3250
2317 2996 2448 3263
1827 2996 1958 3153
861 2983 1064 3133
32 2983 267 3146
2128 2970 2330 3185
2010 2963 2180 3192
1057 2957 1272 3166
1272 2937 1540 3126
345 2937 646 3185
1521 2918 1886 3218
1455 2911 1677 3068
313 2898 443 3061
1201 2885 1396 3074
933 2885 1103 3094
757 2885 1005 3198
1064 2878 1233 3087
2297 2865 2448 3048
2030 2865 2173 3035
1070 2839 1351 2976
0 2839 130 2970
345 2833 574 2963
195 2833 339 3061
0 2826 254 3009
1710 2800 1867 2976
483 2800 639 2963
476 2787 737 3042
2088 2780 2310 3068
1429 2774 1579 2957
757 2767 972 3035
1762 2754 2095 3042
1553 2754 1710 2885
881 2741 1246 2937
1292 2728 1560 2950
1175 2728 1318 2878
1867 2722 2108 2924
1494 2702 1840 2852
2043 2669 2219 2833
594 2669 868 2813
2291 2663 2448 2970
248 2637 417 2774
2082 2624 2448 2944
0 2591 359 2833
163 2558 306 2735
300 2539 489 2696
1005 2526 1227 2663
1919 2506 2219 2643
842 2506 1024 2656
1090 2500 1501 2715
646 2493 894 2637
1266 2467 1553 2637
169 2454 365 2624
1658 2421 2095 2663
398 2415 678 2702
2075 2408 2448 2630
1808 2402 1958 2552
744 2382 940 2552
1077 2376 1266 2585
0 2363 130 2637
2226 2356 2448 2585
1436 2343 1592 2578
613 2337 770 2539
913 2317 1109 2480
202 2310 456 2624
359 2291 678 2493
2193 2271 2389 2467
731 2239 887 2402
0 2239 130 2421
2317 2226 2448 2376
1827 2226 2095 2461
1175 2206 1390 2467
639 2206 829 2356
1011 2199 1207 2402
2056 2193 2206 2434
1605 2193 1756 2441
802 2193 1011 2434
1625 2186 1945 2591
1227 2147 1540 2526
0 2134 150 2415
1834 2121 1997 2304
985 2121 1227 2408
489 2121 705 2284
1455 2115 1958 2735
665 2115 809 2258
1586 2095 1827 2330
685 2075 900 2226
2115 2069 2356 2434
1925 2069 2075 2271
1716 2062 1873 2297
208 2056 352 2363
1181 2043 1396 2350
2284 2023 2448 2310
992 2023 1214 2180
221 2023 372 2193
1305 1997 1527 2271
287 1997 535 2330
1671 1991 1840 2128
1390 1977 1521 2154
509 1958 815 2245
731 1945 979 2154
1553 1938 1684 2121
953 1938 1161 2075
1599 1893 1782 2056
6 1886 176 2278
2141 1880 2323 2239
1814 1880 2193 2232
1671 1847 1873 2082
1070 1847 1299 2004
639 1834 776 1991
724 1827 887 1984
541 1808 698 2010
1527 1801 1684 2023
1801 1795 2147 1938
926 1788 1096 2017
1318 1775 1514 1997
718 1742 913 1873
2173 1736 2421 2088
300 1736 665 2049
613 1729 776 1867
1618 1723 1808 1919
2010 1703 2245 1886
1201 1697 1481 1880
39 1697 176 1860
280 1684 483 1860
815 1677 1051 1938
1853 1651 2069 1834
424 1638 561 1808
2102 1631 2284 1853
1312 1625 1494 1762
2271 1586 2434 1775
1005 1560 1344 1873
0 1553 208 1873
2010 1547 2193 1742
554 1534 750 1762
1272 1494 1462 1677
561 1494 894 1801
319 1488 502 1697
248 1481 378 1847
1840 1475 1971 1605
1468 1475 1697 1736
522 1455 705 1762
