0 0 3263 2448
2017 1312 2199 1736
2102 1357 2356 1566
2102 1357 2350 1566
620 1507 868 1775
842 509 1299 757
2467 352 3263 718
2395 829 2735 1534
1677 0 2532 926
1677 463 2532 926
1684 1116 2082 1390
1684 1175 1971 1312
829 1579 1873 2167
829 1599 1024 1873
972 509 1299 724
2748 483 3263 718
528 1018 789 1325
639 1070 789 1325
2030 0 2369 574
0 522 1410 1181
2304 0 3263 620
2310 0 3263 620
1442 502 1899 711
1547 502 1899 711
959 665 2297 1534
1188 1083 1729 1475
1188 1083 1684 1475
1188 1155 1684 1475
926 1579 1873 2167
2036 535 2467 789
0 607 809 1181
0 737 718 1181
796 522 1410 789
1233 1377 3263 2448
1867 1579 2356 1951
2310 0 3263 594
2402 0 3263 594
2558 0 3263 594
0 0 2317 2448
0 567 2121 2448
0 1625 574 2448
0 0 2317 959
2474 985 2715 1534
1899 372 3263 2448
2402 0 2689 411
1991 372 3263 2448
1899 691 2461 972
97 966 489 1181
920 2095 1442 2448
2363 372 3263 1246
900 470 1161 698
672 0 2317 900
796 0 2317 900
1991 848 3263 2448
1383 1266 1710 1468
1631 1318 1984 1514
0 0 783 959
3002 2206 3263 2448
920 2108 1286 2448
1233 1481 3263 2448
744 1018 2121 2206
744 1018 1266 1886
2036 535 2363 789
1991 848 3263 2304
2780 972 3068 1168
1044 1723 1214 1873
0 567 1893 2448
1129 607 1507 783
672 0 907 639
718 339 907 639
796 0 2317 613
979 1312 2121 2206
1299 2069 1579 2206
1991 848 3263 1762
2363 998 3263 1762
2558 998 3263 1534
215 1449 1051 2448
2350 639 2650 874
979 1312 2121 2154
979 1312 2069 2154
979 1370 2069 2154
1991 848 2689 1592
2780 1018 3055 1168
215 1651 1051 2448
215 1658 1051 2448
3002 2239 3263 2448
979 1782 1880 2154
979 1788 1880 2154
1462 1788 1880 2154
1462 1899 1880 2154
1560 1899 1880 2154
2363 372 3263 1116
1142 1312 2036 1762
1142 1423 2030 1762
1710 1423 2030 1762
215 1658 972 2448
796 0 2317 594
1416 0 2317 522
0 567 1893 1873
0 698 959 1873
215 698 959 1501
672 0 861 430
979 1893 1494 2121
744 1018 1266 1645
796 0 1651 594
215 789 959 1501
1416 0 1886 522
1645 522 2252 900
1011 2121 1286 2408
802 567 1893 1122
848 0 1116 300
1710 1423 2030 1560
1991 848 2689 1540
3035 972 3263 1246
1612 1899 1880 2069
0 1090 685 1873
554 1658 809 1899
215 789 959 1240
802 1272 1266 1645
2578 1742 3231 2304
1710 0 2317 502
809 1468 1051 1631
0 1756 378 2448
0 1756 359 2258
920 2108 1201 2448
972 2108 1201 2356
796 0 1592 594
1540 78 1886 522
1631 78 1886 430
1631 189 1886 430
2578 1742 3231 2186
2944 1977 3231 2186
2160 848 2689 1540
0 0 763 959
215 1840 972 2448
215 1840 894 2448
254 2043 894 2448
0 1299 417 1873
1540 110 1814 522
1011 2212 1286 2408
900 567 1893 1122
2160 1051 2683 1540
900 685 1566 1122
900 685 1566 1051
215 1840 835 2310
815 0 1592 594
2813 509 3263 718
0 1090 685 1625
489 0 783 443
1710 0 2193 502
456 1272 685 1625
815 78 1423 594
959 685 1566 1037
489 0 731 208
208 372 685 855
1096 0 1592 378
561 143 783 443
0 476 332 959
0 476 274 959
0 594 274 959
1096 0 1592 267
0 0 763 737
0 0 548 626
0 0 548 587
0 0 548 483
0 0 548 404
58 0 548 404
1821 0 2193 443
221 372 685 855
1821 0 2193 280
84 0 548 404
274 0 548 404
3002 2317 3146 2448
920 2297 1155 2448
874 2278 1064 2448
254 2252 678 2448
3068 2239 3263 2448
737 2232 972 2448
1155 2212 1286 2408
71 2212 378 2448
3113 2206 3263 2376
972 2154 1161 2356
1240 2134 1403 2369
235 2134 528 2297
97 2134 326 2284
1103 2121 1259 2297
861 2115 1005 2363
998 2108 1201 2317
287 2102 594 2310
0 2088 208 2258
3074 2043 3231 2186
313 2043 894 2448
763 1977 953 2186
1462 1971 1618 2115
979 1971 1403 2121
698 1919 900 2226
215 1919 594 2147
1305 1893 1494 2115
332 1840 835 2310
1442 1834 1684 2017
1579 1788 1742 1971
470 1788 672 2056
1338 1782 1481 1919
711 1782 868 2030
1867 1769 2115 1951
1932 1756 2199 1932
0 1756 359 2134
2578 1742 2950 2004
1057 1723 1214 1873
815 1723 953 2056
554 1723 685 1899
665 1658 809 1880
0 1638 372 1873
463 1631 639 1775
926 1625 1220 1886
326 1625 574 1893
829 1605 1024 1873
861 1599 1005 1756
1233 1586 3159 2448
2088 1579 2356 1788
620 1527 802 1775
731 1507 868 1690
809 1494 985 1631
2421 1481 3263 2232
0 1481 261 1756
1142 1475 1814 1664
2363 1468 2598 1762
959 1449 1266 1645
404 1449 744 1814
456 1442 685 1625
1853 1423 2030 1553
1919 1410 2121 1880
731 1383 1005 1534
326 1383 535 1599
2154 1377 2356 1703
1775 1370 2069 1919
2226 1357 2356 1553
2173 1357 2350 1566
2996 1331 3263 1475
1449 1325 1710 1468
1631 1318 1880 1468
2258 1305 2513 1540
2474 1299 2715 1534
124 1299 417 1710
802 1272 1064 1527
476 1272 659 1507
2186 1266 2330 1436
1383 1266 1618 1462
2617 1259 2774 1396
2245 1259 2441 1423
2043 1207 2317 1475
1449 1181 1729 1325
1312 1181 1612 1475
1188 1155 1684 1396
1697 1116 2082 1390
3035 1096 3263 1246
0 1090 554 1547
1338 1083 1494 1240
437 1077 822 1501
2160 1051 2683 1462
2180 1031 2376 1207
215 1024 633 1240
744 1018 1070 1390
1991 1011 2226 1318
319 1005 463 1181
3068 972 3263 1201
802 940 972 1122
2676 920 2878 1168
2911 913 3061 1096
2206 887 2337 1109
926 874 1201 1122
411 868 607 1083
2180 848 2689 1175
2395 829 2735 992
2167 829 2461 972
1109 815 1305 1037
2696 789 2989 1044
509 789 959 1142
900 783 1161 1051
0 737 718 1161
959 724 1259 894
1951 711 2252 900
1899 691 2212 900
1227 685 1566 1037
2585 672 2846 953
0 672 176 959
2441 652 2650 874
2350 639 2506 776
796 613 1083 789
659 607 809 737
842 594 1005 757
221 594 659 855
71 594 274 835
2121 567 2363 789
1429 567 1893 776
959 567 1090 698
91 548 332 698
2062 535 2382 718
1645 522 2030 731
926 522 1410 763
2813 509 3120 639
1547 502 1775 646
1912 489 2532 926
718 489 907 639
900 470 1161 659
1677 463 1938 620
2807 456 3263 620
300 437 456 626
2304 411 2480 705
1377 398 1677 613
1188 378 1357 567
58 378 280 587
848 372 1057 594
293 372 685 711
2467 352 3263 652
1312 352 1566 541
737 339 887 561
502 339 763 737
2304 332 2715 496
124 332 385 483
176 261 391 424
1631 254 1788 430
561 254 783 443
0 254 176 561
1710 248 2017 502
1338 228 1507 378
476 215 613 352
1423 195 1664 372
2030 150 2304 574
691 143 861 430
58 130 339 339
1540 110 1729 417
1475 110 1651 313
1821 104 2121 443
398 91 633 254
280 91 548 404
65 91 339 235
1651 78 1847 228
815 78 1423 522
548 58 731 208
2108 19 2297 241
2493 0 2689 411
2310 0 2454 411
1912 0 2193 280
1821 0 1984 156
1416 0 1742 189
1188 0 1592 267
1096 0 1272 208
848 0 1116 221
672 0 835 241
319 0 496 137
274 0 496 254
84 0 313 182
0 0 228 313
1423 946 1938 1194
2102 1266 2350 1566
1867 1521 2356 1951
0 332 3263 2448
0 339 2735 2448
0 0 3263 1109
1233 332 3263 2448
0 0 3263 972
966 2030 1312 2160
0 0 2650 972
2369 306 3263 652
2598 920 2878 1390
2245 0 3263 672
2245 0 2689 672
1651 587 2461 972
215 339 2735 1762
1697 1116 2199 1762
215 339 2735 1703
1697 1116 2199 1736
0 0 2650 959
1233 1181 1612 1475
0 737 2121 2448
731 1383 1051 1873
809 1468 1051 1873
215 868 744 1344
215 868 744 1292
926 476 1605 783
215 868 744 1240
2036 332 3263 1534
2245 0 2526 672
926 476 1507 783
215 868 633 1240
437 339 2735 1703
437 339 2297 1664
1710 1312 2036 1762
926 476 1429 783
926 476 1410 763
1096 476 1299 639
319 0 561 137
1710 1312 2036 1560
463 1370 2121 2448
1991 829 2735 1703
1684 894 2017 1312
0 737 894 2448
2265 0 2526 502
1377 398 2075 620
1377 398 1938 620
1684 894 1971 1312
1462 1951 1827 2154
1462 1971 1677 2154
698 1919 1579 2448
737 1958 1579 2448
763 1958 1579 2448
2304 332 3263 1534
2304 411 2506 776
463 1370 2121 2167
763 1977 1005 2363
509 339 1566 1142
463 1631 685 1899
920 1958 1579 2448
920 1958 1442 2448
1991 829 2735 1540
509 339 1259 1142
0 2082 528 2297
0 2082 261 2258
920 1958 1286 2448
2265 0 2454 502
620 1370 2121 2167
2154 1377 2448 1703
1429 0 2650 926
1566 0 2650 926
1991 1011 2376 1318
2043 829 2735 1540
1429 502 1893 776
620 1507 953 2056
437 665 2297 1664
744 665 2297 1664
1383 1181 1984 1514
926 1370 2121 2167
620 1507 881 1880
620 1527 809 1880
2121 567 2467 789
2160 829 2735 1540
900 783 1201 1122
1566 0 2532 926
2304 332 3263 1201
2363 372 3263 1201
672 0 894 241
685 339 1259 894
685 339 1083 822
711 1723 953 2056
685 489 1083 822
685 613 1083 822
711 1507 881 1769
1338 110 1651 378
1383 1181 1729 1468
1449 1181 1729 1468
1305 1782 1494 2115
2578 1742 3087 2088
437 1077 822 1625
71 1625 894 2448
959 1449 1814 1664
0 0 1847 959
0 737 718 2147
71 1840 894 2448
1775 1370 2121 1919
1631 0 2532 926
744 665 2297 1534
313 1840 894 2448
1645 0 2532 926
398 0 1847 659
691 0 1847 659
744 1018 1070 1527
124 261 391 483
326 1625 672 2056
1710 0 2532 926
71 2212 678 2448
398 0 783 443
691 0 1566 659
1912 19 2532 926
0 1090 594 2147
691 0 1423 659
293 339 763 737
2585 672 2989 1044
0 0 548 959
0 1299 594 2147
0 1638 594 2147
0 1299 417 1756
1188 0 1847 417
1416 0 1847 417
2030 19 2304 574
489 0 731 352
548 58 731 352
1188 352 1566 567
1416 0 1742 417
0 0 548 835
71 548 332 835
815 0 1423 659
0 1756 594 2147
0 0 548 561
58 91 548 404
815 78 1423 659
2421 0 3263 672
2421 0 3263 659
1703 528 2669 926
763 633 2330 1664
1259 1233 1945 1514
2395 959 3263 2232
1729 913 2356 1742
1729 1024 2356 1742
1331 1318 1945 1514
1729 1024 2134 1410
1383 1188 1645 1325
796 0 1618 731
2395 998 3263 2232
2030 0 3263 1246
2030 156 3263 1246
124 567 3263 2448
2239 0 2572 437
1318 1129 1932 1305
0 0 2343 2448
2056 156 3263 1246
2056 156 3263 1142
2056 156 2493 705
900 2069 1540 2448
0 1958 332 2448
0 2088 332 2448
2467 652 3263 1246
2363 1201 2826 1723
2363 1201 2728 1723
2408 1201 2728 1573
2408 1338 2728 1573
1658 567 2735 998
2663 959 2793 1292
2062 535 2617 829
0 0 2343 2128
0 594 998 2128
163 815 815 1181
163 1005 463 1181
802 2017 1005 2448
124 750 3263 2448
0 0 2343 1083
502 0 2343 1083
953 0 2343 783
953 359 2069 783
1377 1181 2043 1488
1377 1181 1938 1468
502 0 1494 1083
900 2069 1455 2448
998 2069 1455 2448
1377 1181 1729 1468
1416 0 2343 522
809 483 1494 1083
404 1390 757 1899
404 1390 678 1618
0 1168 705 2128
378 1005 1893 2017
0 0 900 959
2585 685 3263 1246
1377 1181 1729 1331
502 0 907 613
378 1024 1893 2017
731 1468 1893 2017
802 2278 979 2448
809 665 1494 1083
900 1547 1312 1886
887 483 1351 757
2702 940 3263 1246
3068 972 3263 1246
2121 567 2735 998
953 359 1853 783
124 1416 3263 2448
1312 1605 3263 2448
2539 1710 3237 2356
1299 2075 1540 2206
124 1416 2258 2448
1997 750 2683 1618
1997 750 2683 1560
124 1429 2258 2448
1658 594 2461 953
979 1429 2258 2180
124 1658 1155 2448
124 1658 953 2448
2702 940 3231 1246
124 1860 933 2448
2121 567 2683 926
1462 1429 2258 2180
1462 1429 2108 2180
502 0 835 443
1710 0 2343 483
900 665 1494 1064
1462 1867 1925 2180
2115 900 2683 1560
1423 0 1886 522
1423 84 1886 522
208 372 646 855
1540 221 1886 522
208 372 633 744
208 463 594 744
228 1860 933 2448
228 1886 933 2448
0 0 633 959
0 91 528 959
900 2278 1201 2448
848 2278 979 2448
248 2258 626 2448
3002 2232 3263 2448
1403 2102 1605 2239
287 2102 626 2350
52 2102 326 2317
998 2095 1201 2317
1410 2075 1540 2206
1155 2069 1455 2448
3074 2049 3237 2356
124 2049 528 2297
920 1958 1155 2343
1462 1919 1873 2180
1671 1867 1925 2069
241 1860 496 2049
979 1788 1834 2121
463 1788 672 2056
691 1775 868 2030
0 1762 202 1971
1919 1756 2199 1932
2539 1710 3081 2082
665 1658 953 2082
1312 1605 3159 2448
900 1592 1312 1886
2363 1566 2532 1723
926 1521 1893 2017
1867 1488 2258 1951
417 1488 757 1899
731 1468 1064 1873
450 1442 678 1618
2310 1436 2448 1618
1749 1429 2108 1886
1181 1416 2036 1560
1331 1318 1736 1481
2017 1312 2356 1742
1912 1312 2043 1488
2043 1305 2226 1494
1383 1286 1710 1468
2839 1259 3263 1501
2604 1259 2826 1403
2180 1259 2493 1560
1259 1233 1423 1468
1684 1181 1938 1468
1318 1175 1795 1305
1729 1168 1977 1318
3068 1116 3263 1246
2924 1096 3231 1246
163 1044 339 1181
1977 1024 2134 1410
378 1024 861 1560
502 1005 789 1246
3074 972 3263 1194
2702 940 2989 1148
2115 900 2683 1462
809 861 953 1083
345 815 815 1077
110 789 241 920
2356 783 2683 926
0 763 365 998
1997 750 2389 1181
900 711 1279 1064
2350 691 2617 829
1873 691 2461 953
2585 685 3009 1096
1227 665 1494 1005
2467 652 2624 802
228 646 646 855
0 594 998 1175
287 594 463 737
0 574 332 959
2121 567 2532 796
267 541 594 744
887 535 1161 757
2800 502 3263 672
1416 496 1853 783
1148 483 1351 633
1645 450 2069 633
300 443 443 620
0 430 143 685
1442 385 1664 607
398 372 633 652
2369 365 3263 1142
953 359 1560 750
2421 339 3263 659
2232 332 2493 705
659 313 907 613
594 300 783 443
176 261 398 417
502 254 900 737
1710 248 1925 483
163 248 424 437
1540 221 1886 456
430 215 613 385
1710 176 1880 306
2056 156 2304 574
698 143 861 339
1481 110 1651 287
0 91 528 646
1423 84 1742 372
1416 19 1625 189
2506 0 3263 594
2310 0 2572 404
2239 0 2369 437
1821 0 2343 476
1553 0 1847 235
829 0 1618 731
502 0 835 352
274 0 633 254
0 0 313 189
1259 0 3263 2448
1259 1129 2043 1514
1259 1129 1945 1514
0 0 2461 2448
0 1024 1925 2448
1259 1129 1932 1468
1259 1175 1795 1468
1312 2102 1605 2310
1312 0 3263 2448
1886 0 3263 2232
2310 1338 2728 1723
0 1024 1893 2448
0 0 2461 1664
1658 594 2461 1181
2062 535 2683 926
404 1390 678 1638
2310 1338 2728 1618
0 0 2343 1664
659 313 2330 1664
0 0 2343 1246
1886 261 2147 528
1312 528 3263 2448
2056 0 3263 2232
404 1442 678 1638
802 2017 1201 2448
2056 156 3263 2232
2395 940 3263 2232
287 594 463 757
2421 339 3263 672
0 0 2343 1175
1377 528 2735 1951
1377 1024 2356 1951
1749 1024 2356 1951
802 2278 1201 2448
163 815 815 1246
659 313 2069 1083
528 528 685 718
659 313 1494 1083
1749 1312 2356 1951
0 1024 1064 2448
659 313 1351 757
659 313 1161 757
2056 156 3263 1194
900 1521 1893 2448
163 248 437 502
1703 528 2735 1560
1377 1168 1977 1468
2115 881 2735 1560
3002 2049 3263 2448
0 0 998 1175
1416 385 2069 783
1749 1429 2258 1951
900 1521 1893 2180
829 0 2343 731
2369 365 3263 1194
378 1024 1064 2082
1684 1168 1977 1468
0 1168 933 2448
1383 1188 1716 1468
920 1958 1286 2408
241 1788 672 2056
378 1024 1064 1873
900 1521 1893 2121
1383 1188 1710 1468
1560 248 1925 522
926 1521 1893 2121
920 1958 1201 2343
0 0 835 959
417 1488 953 2082
1416 19 1742 372
1416 450 2069 783
1540 0 2343 476
0 1886 933 2448
1553 0 2343 476
0 0 528 959
274 0 835 352
0 0 528 646
2056 280 3074 1181
1488 352 2004 554
1410 1188 1729 1475
1410 1194 1729 1475
228 1638 548 1886
332 1638 548 1886
2454 802 2689 992
2317 0 2611 391
626 0 1357 757
672 332 1357 757
1364 718 2167 1494
1364 874 2167 1494
1364 874 2023 1318
744 1024 1057 1442
1729 874 2167 1494
1886 874 2167 1488
1886 874 2167 1410
1919 0 2141 189
2226 966 2911 1840
0 0 802 985
2271 966 2911 1840
2271 966 2891 1840
2271 1390 2820 1840
926 1906 1880 2448
920 332 1775 835
920 332 1658 835
0 698 848 1631
0 698 848 1214
0 855 652 1214
0 966 509 1214
221 966 509 1214
900 332 1357 757
900 476 1220 757
1971 0 3263 750
920 437 1658 835
920 437 1612 835
920 476 1612 835
2095 580 2591 992
1253 1318 2154 2448
1253 1416 2154 2448
1253 1488 2049 2448
1253 1886 1951 2448
450 1253 1318 2232
450 1286 1318 2232
450 1481 1318 2232
450 1481 953 2232
450 1481 953 2049
450 1481 953 1971
2950 1932 3263 2448
1971 0 2421 607
2278 0 2421 607
2558 966 2891 1488
1129 744 1736 1475
1129 1044 1736 1475
1129 1083 1736 1475
1253 1181 1736 1462
1370 1181 1736 1462
809 1566 1318 2108
809 1566 1240 2082
1442 1488 2049 2017
1958 874 2167 1410
0 698 848 1135
2317 0 2506 391
0 1175 391 1631
1442 1886 1951 2448
1442 2082 1736 2448
1899 2232 2193 2448
1364 874 1964 1305
920 548 1488 835
2167 280 3074 1181
0 724 783 1135
646 698 848 1109
2448 0 3263 659
1253 2304 1631 2448
698 1782 953 2232
835 1488 1279 1645
868 1488 1279 1645
1488 352 1984 554
2545 0 3263 620
0 0 802 894
2095 580 2591 972
2095 580 2558 926
2448 528 3263 1299
1971 0 2337 535
0 613 2212 2448
1410 613 2212 1299
1442 613 2212 1299
1618 0 1827 411
1442 1488 1991 2017
1899 2232 2186 2448
1906 2232 2186 2421
1442 1586 1886 2017
0 463 796 985
137 463 796 926
0 724 783 1109
163 463 796 881
1129 1083 1423 1475
2545 0 3263 535
2232 430 3074 1181
2232 430 2800 979
2448 339 3263 659
1442 1742 1736 2017
0 626 1886 2448
0 1220 1011 2448
2558 163 3263 620
2558 998 2891 1488
815 0 3263 2448
815 0 1860 574
815 0 1808 574
254 626 1886 2102
770 933 1886 2102
770 933 1749 1599
0 802 594 1109
300 1396 515 1716
1083 1488 1886 2102
254 626 1442 1625
0 1220 1005 2448
1181 698 1442 1024
1612 0 3263 2448
1645 0 2212 861
1762 0 2212 861
1762 0 2212 424
1762 0 2173 424
1762 0 2141 424
1762 0 2075 424
1808 0 2075 319
1612 861 3263 2448
2545 0 3263 417
2545 0 2748 313
2545 71 2696 313
0 1175 391 1612
254 626 1410 1625
254 691 1410 1625
254 776 1142 1625
802 776 1142 1292
848 0 1808 574
0 1220 156 1664
0 1286 1005 2448
2643 163 3263 620
0 0 770 894
1840 287 2212 861
1814 861 2696 1749
809 1566 1240 2069
254 822 959 1625
254 900 776 1625
254 1083 763 1625
254 1214 678 1625
1814 861 2696 1742
1814 861 2604 1742
2049 861 2604 1488
0 0 691 894
0 0 646 894
1612 1031 3263 2448
332 1893 835 2310
137 1494 378 1788
2049 861 2558 1488
2095 972 2558 1488
2167 972 2558 1325
1083 1494 1886 2102
2441 907 2696 1396
1840 287 2108 541
228 1697 1005 2448
2976 1971 3263 2448
2637 0 3263 417
163 574 639 881
339 1860 587 2062
0 1286 411 2154
0 1344 411 2154
1769 705 2212 1299
1005 691 1410 1070
97 802 594 1064
97 809 509 1064
97 855 437 1064
254 1214 678 1527
1612 1605 3218 2448
2448 528 3263 1207
848 0 1729 574
848 0 1677 574
267 574 639 855
228 1853 1005 2448
300 1853 1005 2448
1612 1645 3218 2448
1951 1645 2310 2017
1951 1690 2258 2017
1645 528 1919 724
535 1853 1005 2448
926 1906 1880 2343
97 2069 443 2265
1814 1305 2493 1742
1814 1370 2343 1742
2558 1031 3263 2115
2558 1031 3263 1618
1612 1684 3218 2448
156 1181 391 1612
1266 1906 1880 2252
2363 339 3263 750
2415 411 3263 750
2637 0 3263 398
0 1344 372 2154
0 1344 372 2095
2095 1207 2441 1488
1083 1553 1586 2102
665 1853 861 2226
2722 1462 3263 2115
2232 430 2650 861
1416 1906 1880 2186
1044 691 1410 1070
2448 554 3263 1207
2448 554 3263 1135
2448 554 3035 809
300 2199 659 2448
2715 1031 3263 1423
2800 1109 3263 1423
2865 1109 3263 1423
2637 0 3087 398
2637 0 3087 254
