0 0 3680 2760
1987 0 3061 353
3098 1184 3407 1545
2907 544 3680 1118
2907 544 3680 1089
2804 397 3105 588
942 198 1199 390
73 471 1214 1074
1258 382 2789 934
1258 441 2789 934
1965 206 2664 471
1744 500 2789 934
0 1685 1840 2760
1744 706 2318 934
699 419 1170 581
787 419 1170 581
2818 566 3680 1508
2818 566 3680 1442
1214 0 2075 345
412 1177 581 1464
2980 581 3680 1067
2127 647 2561 934
0 515 448 1530
0 515 279 816
0 1751 1840 2760
1273 2237 1943 2760
596 1751 1840 2760
1214 0 2075 331
1214 0 2075 323
0 758 448 1530
0 0 3680 1148
0 566 3680 2760
0 846 2171 2760
0 846 1987 2576
956 846 1987 1935
0 861 1648 2576
515 382 2060 1148
0 0 3680 794
3238 625 3680 927
3238 625 3635 897
3238 625 3621 809
1781 566 3680 2760
2038 566 3142 1810
0 0 3680 772
228 448 625 772
677 1950 1140 2428
0 0 3680 596
2487 0 3680 574
2487 242 2921 500
2708 552 3039 1045
2848 206 3680 794
2038 824 2318 1214
1781 978 3680 2760
868 920 2171 2760
1781 978 3599 2760
2693 0 3680 574
1781 978 3576 2760
1023 920 2171 2760
1023 1184 2127 2760
1023 1994 1869 2760
1391 1994 1869 2546
1523 1994 1869 2414
1023 2362 1472 2760
0 0 2524 596
0 1008 1648 2576
0 1008 1648 2561
0 0 2524 544
0 0 2046 544
0 0 1920 544
662 117 1920 544
1361 117 1736 331
0 1957 581 2576
2840 0 3680 456
3172 0 3680 456
0 861 1207 2046
0 0 1236 544
1817 1199 2392 1972
1884 1199 2392 1972
242 861 1207 1714
1935 95 2524 331
956 846 1810 1265
684 1854 1199 2222
684 2001 1059 2222
1663 1184 2127 2237
3223 0 3680 456
3245 1427 3680 2760
750 1751 1840 2664
1059 1751 1840 2237
242 861 1207 1516
500 934 1207 1516
507 934 1207 1516
1663 1251 2127 2237
3091 1192 3304 1420
1817 920 2171 1236
0 0 1221 544
0 0 1052 544
0 0 1008 544
1935 95 2362 301
51 0 1008 544
0 1957 471 2576
0 1008 1530 2561
662 242 1920 544
662 250 1339 544
2848 206 3643 765
2848 206 3540 655
728 934 1207 1516
2848 978 3576 1935
3024 978 3576 1449
3208 1023 3576 1435
809 934 1207 1516
507 1280 1067 1714
507 1324 1067 1714
1781 1611 3334 2760
0 1589 368 1928
1670 1251 2127 2038
3451 117 3680 456
1207 242 1920 434
2848 1111 3363 1935
2848 0 3186 272
2848 0 3186 169
1486 1015 1987 1935
1692 1251 2127 2038
51 279 1008 544
51 279 706 544
1207 242 1766 434
3223 0 3459 338
0 2149 471 2576
1692 1516 2075 2038
2679 2502 3334 2760
1781 1611 3319 2760
1023 2598 1177 2760
3503 2590 3680 2760
868 2590 1089 2760
1825 2568 2031 2760
3002 2531 3334 2760
2679 2502 3069 2760
596 2480 964 2760
0 2428 772 2760
397 2414 581 2561
0 2377 412 2576
3164 2362 3334 2634
1089 2362 1472 2760
1847 2274 2075 2590
1391 2208 1597 2546
1265 2208 1582 2421
1391 2163 1545 2318
1552 2149 1869 2414
750 2149 1391 2664
0 2149 471 2384
677 2119 1067 2428
875 2001 1059 2193
1523 1994 1759 2230
2480 1972 2671 2149
949 1950 1140 2119
1023 1920 1199 2149
3201 1898 3444 2760
1810 1876 2119 2134
824 1854 1199 2060
1692 1810 1891 2038
1059 1788 1611 2237
0 1766 868 2561
0 1766 191 1928
1545 1751 1840 2046
1104 1729 1258 1972
1214 1685 1604 1979
1670 1663 1817 1840
1486 1641 1722 1935
0 1641 198 1854
1427 1589 1575 1736
44 1589 368 1840
912 1567 1133 1714
1759 1516 2075 1825
1884 1501 2311 1972
3208 1354 3407 1545
2104 1339 2553 1707
3304 1332 3459 1575
787 1324 1067 1714
507 1324 934 1567
2848 1280 3363 1935
610 1280 927 1457
0 1265 743 2046
1913 1251 2127 1567
3385 1243 3599 1435
1214 1229 1648 1876
3157 1221 3304 1420
3459 1214 3635 1442
2024 1199 2392 1604
3098 1184 3363 1383
1803 1184 2112 1405
1008 1155 1177 1332
500 1133 816 1427
3208 1126 3576 1435
2944 1111 3201 1545
507 1104 736 1288
3223 1096 3444 1251
728 1089 1000 1324
809 1081 1207 1516
3260 1023 3540 1236
1391 1023 1678 1265
1817 1015 2090 1236
1501 1015 1987 1707
434 1008 1530 2200
3024 978 3547 1449
1162 956 1472 1118
3496 942 3680 1118
2480 942 2723 1126
2038 934 2281 1214
883 934 1170 1133
1840 920 2171 1089
0 920 448 1530
0 905 161 1104
242 861 669 1243
956 846 1810 1229
2127 765 2362 934
0 758 323 1045
3238 750 3525 1008
772 750 993 912
3231 743 3680 1089
2347 713 2576 861
3312 706 3635 897
2281 647 2561 853
3157 640 3680 1067
73 625 603 1074
0 625 220 816
2980 581 3341 750
2230 566 3142 1810
228 566 493 772
515 559 2060 1148
2708 552 2966 883
2907 544 3260 794
0 515 279 743
2266 500 2789 794
448 471 1214 912
434 448 625 596
1258 441 2671 875
154 441 456 596
2885 434 3105 588
2804 397 2958 574
3378 382 3643 765
1148 382 1751 721
662 368 1008 544
51 323 375 544
2281 301 2664 471
3451 279 3606 537
368 279 706 529
2598 257 2921 500
2826 250 2980 397
971 250 1339 426
1207 242 1560 397
2848 220 3275 655
3164 206 3540 655
1965 206 2362 463
3451 184 3680 456
2840 184 3186 456
1545 176 1729 338
0 176 198 338
1788 147 1943 323
1236 132 1464 345
3518 117 3680 264
1567 117 1736 272
1361 117 1582 331
0 110 353 463
1935 103 2178 301
2082 95 2362 272
1692 88 2068 331
875 51 1052 206
986 36 1221 316
323 36 478 360
1214 29 1729 323
3223 22 3459 338
3481 0 3680 220
2848 0 3164 169
2472 0 2899 331
2428 0 3061 353
1987 0 2620 331
1273 0 2075 176
448 0 1192 412
169 0 544 345
22 0 353 316
3098 1184 3459 1575
1089 0 3680 2760
2804 397 3680 1118
1840 647 2561 1089
0 0 2789 2760
0 0 2789 1530
0 1008 2171 2760
1810 0 3680 2134
434 0 1361 412
1104 0 1361 220
1391 2163 1641 2546
434 0 1192 412
1391 2185 1641 2546
0 441 625 816
0 441 625 772
264 2605 463 2760
1089 1111 3680 2760
1987 0 2921 500
1089 1611 3334 2760
1840 765 2362 1089
404 250 2789 1464
507 250 2789 1324
699 250 2561 721
2848 1111 3680 2760
3208 1126 3680 1508
3385 1243 3680 1508
618 1442 912 1626
0 1008 1987 2760
0 441 625 743
787 250 2561 721
1023 1729 1258 2303
1023 1729 1258 2149
971 250 2561 721
2693 0 3680 1449
1722 161 2046 390
0 0 2664 1530
0 0 1214 1530
1810 566 3142 2134
2693 0 3680 765
2826 0 3680 765
3002 0 3186 228
1663 1891 1898 2237
706 0 2664 471
434 1008 1987 2200
2392 2553 2671 2760
1148 382 2561 721
1987 0 2679 375
2818 566 3680 1449
507 441 2789 1324
515 441 2789 1229
0 0 353 338
596 1184 2171 2760
404 1177 581 1464
3113 2046 3289 2296
0 1265 1140 2760
0 897 161 1104
3238 750 3680 1118
1670 1184 2171 2038
2848 0 3680 765
0 448 625 743
515 441 2671 1229
0 1265 868 2760
706 191 1008 412
2826 0 3186 456
1810 934 2553 2134
875 0 2664 471
0 0 198 338
2826 132 3186 456
1148 382 1862 721
1670 1251 2171 2038
1692 1251 2171 2038
1214 0 2664 471
1391 1015 1987 1935
2826 184 3186 456
1817 934 2281 1236
434 1008 1648 2200
507 934 1170 1324
507 1089 1000 1324
1214 0 2362 331
213 448 625 669
1391 279 1920 434
1759 1251 2127 1825
1089 2149 2075 2760
596 1788 1759 2760
3201 1427 3680 2760
3223 0 3680 537
0 625 669 1530
1214 1229 1648 1979
1214 1589 1604 1979
0 0 1214 912
500 1081 1207 1714
0 0 706 544
0 110 706 544
0 625 669 1243
448 368 1214 912
875 36 1221 316
1810 1199 2553 2134
1810 1501 2311 2134
0 1641 198 1928
3223 0 3606 537
596 1788 1611 2760
1089 2237 2075 2760
0 110 375 544
500 1081 1207 1567
500 1081 1207 1516
500 1133 927 1457
2024 1199 2553 1707
515 559 2060 1229
1214 29 2068 331
0 2149 772 2760
0 625 603 1074
1273 2237 2075 2760
750 1788 1611 2664
0 1265 868 2561
2428 0 3032 353
1825 552 2958 1162
1221 1685 1508 1979
1118 2031 1707 2605
1118 2215 1582 2605
2811 566 3680 1449
2966 574 3680 1111
1501 1118 1994 1663
1825 662 2553 1162
1825 920 2200 1162
1391 2031 1707 2318
1391 2149 1641 2318
1582 875 1876 1405
3113 574 3680 1059
0 721 1876 2760
0 1000 1876 2760
1104 1751 1324 1972
2001 0 3680 816
2001 0 3186 456
0 721 456 1530
736 1950 1140 2208
736 2009 1059 2208
2701 0 3680 816
2701 220 3680 816
2127 198 2605 404
2266 198 2605 404
0 0 2693 2760
0 0 2693 1567
95 434 2671 1567
0 0 2693 824
1096 0 2340 345
1096 0 2112 345
1273 566 3680 2760
868 1067 2311 2760
1015 1067 2311 2760
0 0 2693 544
507 1523 1876 2760
235 426 1199 669
0 0 1214 544
0 36 706 544
0 36 706 537
206 36 706 529
2804 220 3680 816
397 934 1221 1567
522 934 1221 1420
1597 1199 2119 1810
0 500 279 824
1729 1067 2311 2193
419 426 1199 655
2068 1126 2333 1449
2848 0 3186 323
2966 581 3680 1111
0 0 1214 412
3172 0 3680 669
2001 0 3002 456
3135 574 3657 905
397 1148 942 1567
500 1265 942 1567
3002 964 3680 2760
3194 1089 3680 2760
3194 1405 3680 2760
2127 662 2553 934
1015 1994 1803 2760
1413 1994 1803 2546
1273 566 3400 2760
1560 1994 1803 2414
1817 1067 2311 2134
2340 206 3002 456
1729 1479 2119 2193
507 1641 1876 2760
706 228 2693 515
706 228 2362 515
706 250 2252 515
1656 1199 2119 1810
3113 1641 3348 2325
3216 0 3680 669
1008 250 2252 478
1391 279 2252 434
95 434 2671 1199
1685 1199 2119 1810
3002 964 3576 1567
2804 242 3680 816
1825 2546 2038 2701
2679 2465 3091 2760
3297 2384 3451 2760
1015 2362 1486 2760
1118 2362 1398 2605
1413 2252 1589 2546
1243 2215 1582 2428
1391 2149 1589 2318
1560 2134 1781 2414
1523 2031 1707 2230
883 2009 1059 2193
1729 1928 1920 2193
1023 1920 1199 2127
2745 1884 2892 2097
1273 1832 3400 2760
1692 1832 1876 2053
3113 1803 3348 2325
1104 1803 1273 1972
2377 1795 2576 1943
507 1795 1545 2760
1310 1722 1508 1876
1221 1685 1486 1979
1442 1641 1876 2075
1346 1523 1648 1810
1810 1479 2119 1972
1685 1457 2046 1810
500 1324 934 1567
552 1265 942 1472
1803 1199 2119 1538
1884 1162 2311 2134
397 1148 662 1405
1501 1118 1994 1626
3216 1089 3650 1449
1817 1067 2082 1236
853 1067 1221 1302
0 1000 1678 2760
3010 964 3576 1567
2068 956 2274 1118
2038 934 2200 1162
522 934 1045 1420
1825 920 2171 1133
0 920 456 1530
1832 875 2178 1089
1582 875 1825 1133
242 802 684 1192
2127 765 2377 934
3223 743 3680 1111
0 721 323 1045
3341 699 3657 905
3113 662 3680 1059
2259 662 2553 875
0 640 191 824
257 618 463 772
2127 610 2590 912
2966 581 3238 765
3135 574 3518 758
2016 566 3334 2200
2531 552 2958 846
2465 552 2715 699
0 500 279 706
2546 456 2921 603
419 456 905 655
213 448 610 669
3444 441 3680 816
154 434 463 596
596 404 765 559
706 353 1081 515
2701 331 2929 522
368 316 706 529
0 316 169 544
2281 309 2693 500
1722 279 2252 426
2870 257 3179 426
2664 250 3002 456
1008 250 1391 478
2804 242 3621 750
0 242 360 537
1979 228 2362 463
3186 220 3385 456
2340 206 2745 375
2266 198 2480 345
3437 191 3680 669
971 184 1199 412
1545 176 1766 338
2921 147 3186 323
1943 95 2340 257
2899 73 3076 250
706 66 1030 412
206 36 566 382
3422 0 3680 272
3216 0 3459 426
2848 0 3186 161
2472 0 2907 331
2001 0 2524 257
1236 0 2082 176
375 0 1214 412
0 0 426 338
1832 552 2958 1089
2127 552 2958 934
0 0 3680 1567
0 920 2333 2760
257 456 905 772
2038 934 2333 1449
0 920 2311 2760
154 191 463 596
0 1000 1994 2760
1979 0 3680 1449
2664 0 3680 1449
1979 0 2921 912
2001 0 2745 456
2001 0 2745 404
0 0 2693 706
1979 456 2921 912
736 1751 1324 2281
736 1920 1199 2281
507 920 2311 2760
0 434 2671 1567
0 721 323 1104
1118 2090 1589 2605
1118 2090 1582 2605
1243 2090 1582 2428
213 404 1199 669
2127 456 2921 912
2465 456 2921 699
1273 1759 3400 2760
2664 0 3680 816
1413 920 2311 2546
736 1950 1140 2281
1656 920 2171 1810
1251 176 1766 375
1221 1118 1994 1979
1413 1162 2311 2546
2664 0 3186 522
2664 0 3186 456
1692 1479 2119 2053
2001 0 2745 375
706 0 2693 515
1096 0 2693 500
1096 0 2362 463
2804 0 3680 816
0 0 1030 706
1273 1795 3400 2760
213 404 765 669
213 412 691 669
0 0 706 706
2804 0 3680 750
0 802 1221 1567
2664 73 3186 456
0 0 706 537
1413 1928 1920 2546
1413 2134 1781 2546
3113 1405 3680 2760
0 802 684 1530
0 920 662 1530
1656 1457 2046 1810
1221 1523 1648 1979
868 2362 1486 2760
2848 0 3186 228
0 36 566 537
2664 147 3186 456
500 934 1221 1567
522 934 1221 1472
706 250 1391 515
3216 0 3680 426
2502 552 3680 1089
2855 581 3680 1089
2009 0 3186 456
2428 0 3186 345
1817 485 2796 1236
2274 485 2796 706
3216 1295 3606 1619
0 441 610 1045
0 2318 206 2465
2274 485 2590 706
441 382 2362 816
441 382 1906 816
441 382 1869 816
2112 1089 2723 1435
0 662 419 1045
441 390 1788 816
441 390 1611 794
441 441 1214 794
478 441 1214 794
1817 618 2546 1236
206 0 1037 220
206 0 1037 191
1067 390 1611 632
478 463 1214 794
772 463 1214 794
544 1457 1744 2414
1516 1258 1862 1508
434 176 897 426
500 176 897 353
2009 0 3032 456
1391 1928 2237 2517
1420 1928 2237 2517
544 1457 1633 2414
544 1538 1633 2414
544 1589 1633 2414
544 1840 1192 2414
544 1840 1155 2414
1177 1457 1486 1707
544 1840 1155 2399
691 1840 1155 2288
3208 2016 3680 2760
3326 2082 3680 2760
883 463 1214 794
0 441 610 713
287 618 927 1118
331 655 927 1118
1840 618 2546 1089
0 0 3680 1744
971 471 2553 1744
971 861 2230 1744
1081 861 2230 1494
1184 861 2230 1494
971 1280 1486 1744
713 1081 1000 1324
986 2193 1376 2701
0 0 3680 816
986 2340 1221 2701
1825 471 2553 912
1825 625 2325 912
1133 1589 1633 2156
640 0 1545 404
1575 1258 1862 1508
640 58 1008 404
3326 2163 3680 2760
2149 471 2553 780
1626 0 2104 323
1692 0 2104 323
331 743 610 1118
353 839 552 1118
1692 0 2024 323
0 515 3680 2760
0 515 2178 2760
0 1663 1582 2760
0 1692 1582 2760
0 1803 1582 2760
0 1817 1582 2760
2980 581 3680 1089
0 515 2178 2465
1501 515 2178 986
1501 706 1884 986
1501 706 1884 912
0 632 1817 2465
890 780 1368 1111
890 861 1310 1111
0 2097 1582 2760
0 2097 1435 2760
0 441 463 713
699 662 3680 2760
699 2590 1096 2760
1184 861 2112 1494
1096 662 3680 2760
1383 861 2112 1494
1560 861 2112 1229
0 0 3680 736
0 103 3194 610
0 2104 1118 2760
250 2355 1118 2760
2701 220 3194 610
2502 552 2944 964
1589 515 2178 839
581 2355 1118 2760
1037 36 1457 368
1840 780 2384 1089
3157 0 3680 736
728 1840 1155 2208
942 1214 1148 1457
1420 463 1788 816
0 978 264 1442
0 103 2730 581
1920 220 2730 500
0 103 2266 581
2737 824 3098 1427
2737 824 3098 1354
2737 824 3091 1302
485 662 1324 1030
890 0 1545 213
485 669 1192 1030
684 669 1192 1030
2914 772 3680 2399
1096 662 3451 2760
1494 1751 1744 2060
2914 772 3680 1678
176 103 2266 581
0 2104 1052 2760
0 2171 1052 2760
0 2171 794 2760
95 2171 794 2760
1096 662 3400 2760
3304 934 3680 1678
397 1184 964 1707
397 1273 964 1707
1324 1332 2230 2266
1663 1332 2230 1663
3061 1192 3680 2399
103 853 544 1339
669 2185 1052 2531
1920 220 2443 456
2060 662 2723 1214
1096 743 3400 2760
2914 772 3621 1383
1891 1383 2230 1663
2031 0 3032 456
0 2406 309 2760
0 2406 309 2715
1324 1427 2031 2266
1368 1427 2031 2266
1052 632 1817 1214
1052 632 1678 1214
1199 632 1678 1214
1199 816 1678 1214
1391 1427 2031 2266
1391 1427 2031 1832
1391 1427 2031 1700
1722 1427 2031 1700
0 993 1280 2465
0 993 1280 2355
103 942 544 1339
1530 1744 1898 2266
1508 1928 2237 2399
0 1155 1280 2355
3223 0 3680 736
2929 802 3392 1383
1052 897 1472 1162
2156 1089 2723 1427
338 103 2266 581
1589 529 2178 839
1280 743 3400 2760
456 103 2266 581
456 250 1361 581
456 250 1236 581
0 1236 1280 2355
794 1280 1280 1714
1302 103 2266 441
1788 103 2266 309
0 1236 1023 2355
647 1648 1023 1847
3473 493 3680 816
0 1236 787 2355
0 1236 610 2355
3061 1192 3680 2296
3083 1332 3680 2296
1405 176 1729 331
0 0 368 397
456 368 1052 581
1920 103 2266 287
1096 2362 1494 2760
0 1656 515 2355
0 1678 515 2355
0 1766 500 2355
80 1766 500 2288
80 1884 426 2288
1280 743 3326 2760
3216 1096 3606 1442
2774 1523 3304 1898
198 2171 794 2715
846 1155 1229 1376
3216 1692 3680 2296
3216 1692 3599 2127
0 1236 610 1714
0 1427 390 1714
846 250 1236 478
3275 1692 3599 2127
1118 2362 1494 2693
1199 897 1678 1214
235 2362 794 2715
2399 743 2944 1376
2399 743 2944 1229
2553 743 2944 1148
2576 743 2944 1074
1280 1258 3326 2760
2208 2399 2539 2730
2671 780 2944 1074
2127 2031 2362 2296
1413 1258 3326 2760
2517 2200 2833 2487
3223 0 3680 574
3422 0 3680 574
3422 0 3680 294
2119 1714 2443 2016
1118 2362 1494 2590
1302 206 2001 441
1302 206 1722 441
2060 794 2656 1214
2693 1280 3186 1582
3223 0 3444 323
1413 1258 3289 2760
1413 1332 3289 2760
1891 1332 2877 2097
1413 1685 3289 2760
2421 2288 2701 2656
2863 2031 3260 2502
1891 1332 2612 2097
0 1236 610 1567
2384 1508 2877 1884
3223 0 3370 323
2863 2031 3260 2362
1965 1332 2612 2097
2774 1781 3289 2090
1965 1391 2612 2097
1965 1442 2443 2097
1965 1641 2252 2097
1965 1641 2237 2046
2399 1258 2804 1530
1413 1685 3267 2760
1413 2119 2612 2760
1413 2200 2605 2760
1413 2200 2487 2760
1413 2325 1994 2760
1413 2590 1781 2760
2355 1685 3267 2760
2355 1854 3267 2760
2355 1854 3113 2760
2355 1854 3098 2760
2355 1854 3069 2656
2355 1854 3069 2590
1840 2200 2487 2568
1979 2200 2487 2568
2082 2200 2487 2480
2524 1854 3069 2590
2524 1854 2863 2318
1582 2325 1994 2760
2907 1788 3289 2075
2656 2075 3069 2590
2656 2259 3069 2590
95 2605 360 2760
1589 2590 1781 2760
699 2590 1000 2760
0 2583 191 2760
2656 2561 2936 2760
1663 2553 1994 2760
2208 2517 2355 2730
1096 2517 1302 2760
2936 2509 3113 2686
1184 2495 1479 2693
1449 2487 1648 2679
95 2487 309 2715
3216 2472 3451 2760
2811 2472 2980 2656
3002 2465 3267 2760
2296 2465 2605 2760
581 2465 890 2760
2531 2450 2701 2656
1118 2443 1332 2590
986 2436 1214 2701
816 2436 1074 2627
235 2436 684 2715
2009 2406 2303 2760
1803 2406 2031 2679
0 2406 301 2642
2252 2399 2539 2620
3326 2392 3680 2760
2215 2362 2377 2517
1229 2362 1494 2531
485 2362 794 2539
750 2355 1118 2598
1030 2340 1221 2553
1582 2325 1891 2634
1567 2325 1781 2487
2656 2303 2914 2590
1840 2303 2038 2487
669 2303 934 2531
3002 2296 3172 2502
1979 2296 2156 2568
2421 2288 2656 2472
2627 2274 2833 2487
1420 2274 1589 2517
581 2266 780 2414
2848 2259 3069 2517
2082 2259 2325 2480
1317 2259 1582 2436
3473 2237 3657 2399
544 2208 721 2399
2517 2200 2671 2443
2296 2200 2487 2458
1118 2193 1376 2465
883 2185 1052 2384
198 2171 596 2480
3503 2163 3680 2539
1391 2163 1545 2311
2980 2156 3326 2583
0 2149 309 2355
2325 2119 2612 2303
272 2112 500 2281
463 2104 743 2303
942 2097 1435 2406
2863 2090 3260 2362
3363 2082 3584 2458
2737 2075 2936 2369
80 2068 426 2288
1508 2060 1876 2399
2583 2053 2863 2318
1368 2038 1575 2252
2877 2031 3150 2185
2127 2031 2362 2252
1530 2031 1803 2266
765 2031 1045 2311
3208 2016 3473 2362
3503 2001 3680 2296
323 1987 559 2178
728 1979 1023 2208
1324 1965 1508 2141
1000 1965 1192 2141
220 1935 426 2097
1766 1928 2237 2392
2053 1913 2252 2097
1582 1906 1795 2097
103 1884 360 2127
2907 1876 3128 2075
2355 1876 2620 2156
2524 1854 2840 2104
861 1840 1155 2053
2024 1832 2171 2046
2222 1817 2443 2016
485 1817 920 2208
3525 1810 3680 2053
1398 1810 1567 1994
485 1803 750 1979
2134 1795 2296 1965
1133 1795 1479 2156
3032 1788 3289 2075
3392 1781 3599 2127
