0 0 3263 2448
26 1044 215 1364
2820 1521 3263 1919
541 639 815 1729
2108 802 2826 1853
2369 2030 2500 2343
2284 0 2904 372
1037 1984 1501 2199
182 1671 587 2036
2108 802 2767 1840
1416 1410 2232 1977
1416 1410 2232 1945
456 0 1736 1964
456 280 789 718
2199 685 2513 887
456 319 705 639
1873 130 2526 959
1377 0 2376 437
1651 0 2376 437
2108 802 2650 1697
652 0 1736 1964
2297 685 2513 887
182 1671 587 2017
652 0 1370 1964
0 0 3198 2141
2167 607 2669 1090
2206 607 2669 1090
2545 0 3263 1383
2572 228 3061 913
450 757 665 1410
496 757 665 1279
1377 0 1782 274
1377 0 1638 267
248 1716 587 2017
1997 0 2376 437
1148 1455 1756 1951
1148 1664 1547 1886
874 0 1618 861
0 848 3263 2448
2761 848 3263 1860
1155 1455 1756 1951
0 1651 3263 2448
1148 711 1736 1782
2545 189 3263 1383
0 0 1534 2141
0 0 979 2141
0 0 822 1677
0 0 796 1135
0 0 731 1135
1338 0 3198 2088
0 483 822 1677
979 0 1618 861
1148 711 1736 1442
2572 228 3002 600
1618 84 2408 868
1259 711 1736 1259
940 1762 1534 2128
2049 2004 2461 2258
2382 678 3087 1697
705 0 1370 1122
2545 280 3263 1383
2565 280 3263 1383
2010 130 2526 861
940 1801 1318 2128
2839 848 3263 1671
2839 848 3263 1494
2839 1344 3263 1671
1396 992 2056 1618
1148 985 1729 1442
0 1729 3263 2448
261 1827 959 2193
1553 1410 1951 1873
0 0 639 1135
2382 678 2872 1697
0 567 672 1677
1618 84 2408 809
2017 1188 2226 1501
1403 1697 2467 2088
1305 1109 1729 1396
476 1827 946 2069
1618 97 2239 809
1122 1423 1514 1853
124 1651 287 2062
1618 163 2232 809
1605 424 1912 887
2839 1501 3061 1671
2859 1527 3061 1671
1403 1899 2467 2088
1396 1090 2049 1618
1684 659 1912 887
0 0 561 1135
2206 1651 2545 1984
992 1801 1318 2075
261 2010 959 2193
0 802 587 1677
137 802 567 1638
0 1103 587 1677
241 802 489 1396
1396 1090 2023 1618
2088 130 2526 750
189 176 443 639
874 0 1214 430
1618 163 2232 783
143 665 424 1122
2382 678 2780 959
1338 0 3198 1938
1853 0 3198 1938
1925 0 3198 1064
1925 509 2434 1064
2402 1729 3048 1971
189 176 443 613
1586 0 1782 274
319 567 672 1214
319 750 483 966
378 567 672 1214
378 567 672 1090
0 1925 3263 2448
0 1932 3263 2448
1723 1932 3263 2448
0 2023 2408 2448
1135 71 1573 861
979 0 1618 659
1338 0 1971 1148
1338 0 1736 652
626 483 822 1181
2252 0 3198 979
476 1827 920 2023
280 868 489 1396
2415 894 2872 1697
1834 483 2141 809
1853 874 2382 1938
0 1312 979 2141
2487 678 2780 874
1396 1090 1880 1618
678 1723 979 1984
1416 1501 2232 1945
2598 1175 3087 1605
2598 1175 2970 1605
2598 1175 2891 1527
2415 894 2820 1612
1723 2017 3263 2448
0 124 378 1135
0 1312 750 2141
1403 1906 2467 2088
502 2115 1266 2317
502 2121 1142 2258
874 0 1155 182
2036 874 2304 1181
1853 1070 2382 1938
1135 71 1468 711
0 274 378 1135
0 815 248 1135
979 0 1494 326
261 2010 940 2193
2382 1945 2931 2415
2493 2121 2931 2415
2252 0 3042 979
1338 0 1658 470
2252 470 2846 979
2252 470 2748 855
2428 0 3042 580
2382 1945 2891 2154
2650 1951 2891 2154
2637 2121 2931 2369
1723 2239 3263 2448
2454 2239 3263 2448
378 567 672 1031
0 274 378 881
0 274 378 848
0 274 359 848
2604 1305 2891 1527
137 2023 2408 2448
221 2023 2408 2448
430 2023 2408 2448
1403 1932 2467 2088
1403 1932 2069 2088
1024 2023 2408 2448
2252 502 2598 855
1266 2023 2408 2448
0 2186 182 2448
1481 541 1971 1148
430 2199 1233 2448
430 2199 1083 2448
378 567 672 842
2604 587 2846 979
2415 894 2656 1383
1161 0 1494 326
1403 2023 2408 2448
1651 2023 2408 2389
1651 2023 2408 2376
2043 2180 2408 2337
2813 1925 3146 2088
1488 678 1971 1148
3009 2023 3263 2284
3009 2088 3263 2284
2937 0 3198 417
2572 254 2918 600
2428 163 2807 580
2545 842 2846 1175
2715 0 3042 345
1024 2049 1821 2428
1723 2245 2500 2448
1651 2023 2258 2376
2826 1932 3185 2369
1651 2023 2258 2310
58 1312 750 1880
1024 2121 1521 2428
1403 2134 1795 2448
2454 2310 2852 2448
84 2310 235 2448
1410 2278 1618 2421
1723 2271 2128 2448
2010 2245 2500 2448
2826 2239 3263 2448
137 2239 313 2369
698 2226 1083 2448
1690 2212 1821 2389
430 2199 750 2448
39 2199 182 2363
2043 2186 2252 2323
2206 2180 2408 2337
2826 2173 3022 2369
2637 2173 2846 2369
737 2167 979 2310
221 2167 535 2363
1024 2147 1383 2428
2683 2121 2931 2297
1318 2121 1521 2369
848 2121 1142 2252
979 2115 1266 2317
2310 2108 2448 2271
3015 2088 3263 2265
1775 2049 2258 2310
1468 2049 1821 2291
1651 2023 1951 2154
2402 2017 2780 2350
2167 2004 2461 2258
2722 1997 2891 2154
1037 1984 1481 2134
2382 1945 2715 2088
2813 1938 3042 2088
2833 1932 3185 2226
940 1925 1077 2128
2996 1912 3263 2056
1057 1912 1318 2075
476 1834 718 2023
620 1827 920 1991
352 1827 587 2017
248 1814 385 2036
2402 1808 2598 1951
992 1801 1305 2010
1501 1762 1645 1919
1266 1762 1534 2062
1155 1762 1488 1951
731 1762 979 1984
2532 1729 3048 1971
1148 1729 1481 1886
678 1723 815 1873
248 1716 437 2017
2115 1697 2297 1938
443 1651 750 1880
1455 1625 1671 1814
2519 1618 2826 1853
2382 1612 2767 1840
2761 1592 3107 1860
0 1560 385 2141
2643 1547 2872 1697
1553 1547 1827 1873
1109 1547 1305 1703
1246 1540 1494 1775
2859 1527 3028 1671
2820 1521 3263 1860
1605 1501 2232 1925
1396 1455 1756 1867
1396 1416 1592 1618
1736 1410 1951 1605
1129 1410 1272 1573
2683 1370 2846 1527
1586 1370 1769 1501
3081 1351 3224 1481
2558 1351 2820 1612
3009 1344 3263 1664
1155 1338 1592 1782
58 1312 554 1840
2604 1305 2891 1442
2017 1272 2154 1403
1305 1253 1671 1396
0 1240 130 1645
1853 1220 2382 1938
2676 1207 3126 1383
1775 1194 2023 1331
2598 1175 2774 1390
2239 1175 2650 1697
2461 1148 2637 1383
541 1148 678 1729
137 1142 567 1638
1494 1109 1729 1279
26 1109 215 1364
1840 1103 2049 1312
1566 1090 1880 1514
2004 1070 2160 1299
345 1070 489 1396
2963 1037 3133 1240
117 1024 319 1272
1507 1018 1736 1259
189 998 339 1148
1860 992 2023 1155
1148 985 1651 1442
0 913 208 1135
143 907 313 1122
2415 894 2656 1181
2036 887 2265 1181
1821 855 1971 1148
2167 848 2376 979
2558 842 2846 1077
2526 835 2676 1024
2382 822 2552 959
1873 822 2075 959
0 815 248 979
398 809 548 1031
2604 802 2754 979
2108 802 2519 1507
652 802 1292 1964
319 770 483 966
1135 763 1364 940
509 757 665 1103
2206 750 2526 1090
959 750 1155 881
2297 744 2480 887
1769 724 1912 887
2199 711 2350 855
1259 711 1651 1142
0 705 228 881
1925 691 2265 1064
2376 685 2513 822
2010 685 2232 861
2487 678 2754 874
1834 678 2128 809
1488 678 1867 1142
189 665 424 953
639 639 815 1540
378 626 567 842
1834 620 2108 770
2487 607 2669 802
2252 607 2500 855
2643 587 2846 835
1403 587 1573 861
1299 587 1736 1148
574 580 705 718
235 574 378 796
463 567 672 789
1181 548 1370 809
1481 541 1703 757
2232 509 2434 737
2428 502 2598 718
646 483 822 985
2728 476 3061 913
2474 470 2748 796
345 430 522 691
2572 424 2735 574
1605 424 1840 802
1501 417 1736 652
2428 372 2676 580
0 359 359 848
476 326 705 639
456 319 607 567
2310 313 2480 443
1338 300 1618 659
2565 280 3263 1266
646 280 789 718
137 274 280 456
2709 261 2918 600
2572 254 2839 470
189 254 443 613
600 235 796 404
365 235 548 522
2846 228 3002 483
1181 228 1468 711
1618 215 2219 783
2389 208 2545 456
1468 202 1658 470
3022 189 3211 496
2088 189 2526 750
2937 182 3126 417
1109 182 1312 430
2598 163 2807 404
1919 163 2232 600
1005 163 1214 430
1292 150 1494 326
2480 143 2761 385
2128 130 2421 509
182 124 345 345
372 110 522 404
2839 104 3042 300
1997 71 2245 437
1135 71 1338 365
3015 0 3198 248
2715 0 2996 345
2284 0 2904 319
1651 0 2206 437
1612 0 1782 274
1481 0 1638 267
1338 0 1534 248
1161 0 1377 235
979 0 1207 267
874 0 1051 182
705 0 1279 1122
672 0 855 235
483 0 731 319
261 0 561 326
78 0 306 228
0 1410 3263 2448
169 1814 385 2062
0 0 3263 2141
0 0 1736 2141
874 0 3263 2128
58 0 306 267
2232 0 3263 1860
0 0 920 2141
652 0 1736 1984
2376 0 3263 1860
874 0 2904 2128
874 0 2904 959
874 0 2904 887
71 65 280 398
496 280 822 1729
1821 483 2232 959
940 607 2767 2128
940 1664 1547 2128
1155 1664 1547 1951
1919 0 2408 600
0 1834 3263 2448
1821 483 2141 868
2167 0 2408 195
509 280 822 1729
979 0 2904 887
1148 607 2767 1938
2017 802 2767 1840
143 665 567 1410
143 665 522 1396
280 868 522 1396
1037 1410 3263 2134
0 1834 1142 2258
979 0 2904 861
124 1651 587 2017
1037 1410 2232 2134
509 280 822 1370
1148 607 2526 1938
1860 607 2526 1155
1925 607 2526 1090
0 1834 966 2258
0 1834 959 2258
0 2010 959 2258
0 2115 835 2258
509 280 822 1103
1266 1410 2232 2062
0 0 855 1031
1925 607 2500 1064
2284 0 2904 456
2284 0 2904 385
2382 587 3126 1697
2676 1207 3126 1396
0 815 920 2141
143 665 483 1122
319 750 483 1051
84 2310 345 2448
1403 1651 3263 2088
365 235 796 567
652 0 1305 1964
2839 1449 3087 1671
2839 1449 3087 1658
182 1671 437 2017
365 235 607 567
0 0 855 881
2382 587 2891 1697
2382 587 2872 1697
1403 1651 3048 2088
359 2036 959 2193
541 940 691 1729
319 770 483 1051
1148 711 1729 1782
1266 1762 1638 2062
2376 0 3211 913
2493 2173 2846 2402
1148 678 2382 1938
979 0 2526 861
979 0 1736 861
1338 0 1736 757
1122 2095 1501 2232
1618 0 2526 783
1135 548 1370 940
0 815 587 1677
1873 685 2232 959
1488 678 2382 1938
940 1801 1305 2128
646 280 822 985
2382 678 2780 1181
2043 2004 2461 2343
2043 2004 2461 2323
1148 1370 1769 1886
1148 1416 1756 1886
1148 1540 1494 1886
1775 874 2304 1331
1775 887 2265 1331
2545 587 2846 1175
352 1834 953 2095
352 1834 946 2095
2206 1651 3048 1984
1703 1951 2467 2088
0 2186 496 2448
0 2186 313 2448
2461 1148 2872 1697
2558 1351 2872 1697
476 1834 946 2069
2728 0 3211 913
1919 71 2245 600
2160 2108 2448 2343
1481 417 1736 757
2937 0 3211 496
378 326 705 1031
1553 1410 2232 1925
2415 678 2780 1181
737 2115 1266 2317
1148 985 1729 1782
2376 0 3042 822
235 430 522 796
1775 1070 2160 1331
1396 1416 1756 1867
737 2141 998 2310
0 1312 920 2141
3015 0 3211 496
2415 678 2754 1181
2428 0 3042 718
2428 163 2807 718
2428 372 2735 718
652 0 1292 1964
182 0 855 345
2565 280 3263 1860
2761 1344 3263 1860
221 1925 3263 2448
0 110 522 881
0 815 319 1272
1723 1925 3263 2448
2382 1925 3263 2369
2402 1925 3263 2369
221 2023 2258 2448
1801 2226 2036 2376
0 110 522 848
1553 1501 2232 1925
1135 0 1494 365
1135 0 1377 365
378 326 705 842
2206 2108 2448 2337
261 0 855 326
2761 1521 3263 1860
2415 835 2676 1181
2565 280 3263 1494
2428 372 2735 580
2402 1932 3263 2369
463 326 705 789
1618 0 2219 783
2239 1175 2767 1840
1566 1090 2382 1938
1109 182 1618 861
1109 182 1618 711
189 110 522 613
1468 2023 1951 2291
1181 228 1618 711
221 2049 2258 2448
1318 2049 2258 2448
0 1312 554 2141
2402 1932 3263 2350
1403 2049 2258 2448
1403 2134 1821 2448
2402 2017 2931 2350
261 0 731 326
2813 1932 3263 2265
221 2147 1383 2448
2833 1932 3263 2265
1403 1906 2004 2049
430 2147 1383 2448
698 2147 1383 2448
2010 2239 3263 2448
2010 2245 2852 2448
2820 1488 3263 1867
26 894 561 1638
117 894 561 1638
117 1005 561 1638
2558 137 3263 1272
326 326 705 1155
1873 130 2487 966
2095 509 2434 855
189 1671 587 2023
248 1716 587 2023
502 0 1729 1919
652 0 1729 1919
652 0 1618 1919
300 1762 587 2023
1286 1410 2291 2082
2088 130 2487 789
2545 770 3263 1455
1645 0 2904 502
2102 600 2865 1840
1051 711 1729 1703
1286 1410 2232 2082
1403 1899 2291 2049
2186 0 2904 319
0 0 848 1631
0 0 848 1135
65 0 293 261
2102 620 2865 1840
2102 705 2865 1840
2846 770 3263 1455
2846 985 3263 1455
1429 1899 2291 2049
2043 2004 2506 2395
137 228 796 1631
137 280 783 1631
352 326 705 1155
652 84 1396 1919
2539 1729 3263 2062
2539 1729 3224 2062
2539 1729 3042 2062
2539 1729 3009 2062
0 587 2023 2448
0 1037 1775 2448
0 1037 1729 2448
2506 620 2774 848
1201 0 3263 2448
1377 0 2245 835
1377 0 2245 783
2095 117 2232 528
2095 313 2232 528
2578 228 3002 594
1011 0 1618 861
137 483 770 1631
1299 587 2023 1507
137 998 580 1631
509 483 770 1540
1122 1338 1775 1951
0 1037 1547 2448
1286 1481 2232 2082
2545 1031 2983 1396
1501 1481 1984 1840
1586 1410 1938 1684
2402 1207 3263 1951
1286 1540 2232 2082
1377 0 2193 783
1782 1481 1984 1697
2049 2004 2506 2343
1175 711 1729 1664
1299 587 2023 1501
2049 2004 2421 2232
509 815 652 1540
0 1037 1064 2193
0 1037 979 2036
1051 979 1344 1703
1077 1305 1266 1703
1377 0 1671 391
1338 0 3263 1501
0 2088 1547 2448
1410 1540 2232 1945
0 1494 1064 2193
1122 1338 1775 1912
2180 84 2519 372
1834 620 2141 835
1201 1214 3263 2448
0 0 607 1135
261 1958 1064 2193
261 1958 1064 2134
1051 979 1344 1344
1051 1181 1325 1344
359 208 607 515
1566 1024 2023 1501
1795 1214 2591 2010
2513 705 2774 848
443 2088 1547 2448
2043 2108 2421 2395
189 0 848 639
2591 1207 3263 1795
2591 1207 3094 1605
2669 1286 3263 1795
1338 0 3094 1501
0 1246 228 1893
319 1958 1064 2134
848 2088 1547 2317
372 0 848 404
1129 979 1344 1253
1181 711 1729 1618
1338 0 1964 1161
1429 195 1964 1161
1840 0 3094 1501
1148 1338 1775 1912
1227 711 1729 1396
1181 0 1534 378
874 0 1207 430
2846 1031 3133 1344
1011 0 1579 861
0 0 535 1135
1462 1024 1729 1279
1201 1925 3263 2448
1429 326 1964 1161
0 2160 580 2448
1932 0 3094 1168
1194 339 1579 861
443 2141 1423 2448
2252 0 3094 998
1932 71 2245 522
2010 71 2245 385
2102 705 2741 1840
1801 2219 2036 2376
848 2088 1501 2317
0 274 522 1135
2591 1207 3081 1605
1201 2108 3263 2448
2252 0 3094 829
2363 0 3094 404
443 2141 1096 2448
182 0 535 332
443 2141 1044 2448
1494 1925 3263 2369
0 274 359 1135
2252 326 2676 829
1201 2115 2121 2448
2591 1207 3081 1566
1840 1096 2226 1501
2604 600 2846 998
0 372 359 1135
287 2317 489 2448
1756 2297 2121 2448
920 2278 1096 2448
443 2226 750 2448
2043 2180 2212 2395
2376 2160 2506 2343
1018 2141 1423 2448
659 2141 1044 2428
1201 2115 1821 2448
2212 2108 2421 2350
1795 2108 3263 2448
1410 2088 1547 2258
848 2088 1266 2317
489 2062 953 2193
2069 2004 2421 2232
1057 1977 1429 2115
1494 1964 2395 2291
718 1958 1064 2134
2382 1945 3022 2369
2728 1925 3263 2284
1286 1867 1475 2082
365 1853 587 2010
1410 1801 1690 1945
940 1762 1318 2121
300 1762 496 2023
2539 1729 3009 1971
2115 1697 2467 2010
2402 1684 2748 1951
1259 1664 1540 1951
1534 1625 1671 1762
1501 1599 1827 1840
2669 1592 3126 1795
502 1573 731 1788
1586 1547 1795 1684
2820 1540 3263 1867
2800 1540 2944 1671
1586 1540 2232 1925
1175 1501 1423 1664
0 1494 417 2141
3094 1488 3263 1651
1148 1423 1775 1912
1122 1423 1514 1840
1756 1410 1938 1605
1109 1410 1266 1703
267 1396 561 1638
2617 1390 2865 1703
2833 1383 3081 1566
1742 1364 1886 1507
1396 1338 1592 1612
1181 1331 1553 1618
2989 1286 3263 1664
0 1246 143 1651
0 1240 979 2036
1795 1214 2591 1951
2591 1207 2865 1527
2846 1194 3126 1344
1769 1155 2023 1344
1566 1142 1729 1279
2637 1129 2983 1396
1129 1122 1266 1253
1840 1096 2206 1410
39 1090 202 1344
2578 1057 2728 1201
0 1037 313 1468
2976 1031 3133 1201
2545 1031 2715 1161
1880 1024 2023 1155
1566 1024 1880 1501
1462 1024 1716 1175
137 1005 580 1631
117 1005 306 1442
195 998 430 1214
2989 985 3263 1455
1194 979 1344 1207
470 920 607 1207
182 894 391 1142
1455 822 1736 1148
2102 802 2741 1840
2604 789 2754 998
489 789 639 979
3133 770 3263 1024
1873 737 2147 966
2206 724 2585 1090
2206 711 2350 855
1932 711 2441 1168
1227 711 1671 1396
2513 705 2689 848
2402 705 2676 1220
1429 698 1964 1161
176 665 424 979
2506 620 2663 776
1834 620 2141 802
2676 613 2885 1005
2624 600 2846 815
2474 600 2722 796
567 594 698 887
1299 587 1534 868
352 587 665 1155
1305 580 1579 861
2252 541 2461 829
548 535 822 1651
2095 509 2434 835
345 437 522 620
2500 424 2754 724
2193 424 2487 718
0 372 359 985
2741 345 3074 600
2578 339 2748 522
1194 339 1455 685
437 332 646 607
2428 326 2676 718
1481 326 1912 894
391 326 705 698
2330 319 2480 450
456 319 607 574
359 313 548 515
1364 274 1618 659
189 254 424 639
2669 241 2852 378
1057 241 1207 430
705 235 835 809
2715 228 3002 594
600 228 796 470
2937 215 3081 417
2741 163 3244 620
2088 130 2448 789
2180 84 2519 228
2049 71 2245 287
365 58 522 208
182 58 319 332
2363 6 2904 404
3028 0 3263 306
2630 0 3094 365
2356 0 2904 319
1645 0 2206 502
1573 0 2193 783
1521 0 1671 391
1338 0 1488 235
1011 0 1338 430
874 0 1155 274
763 0 1005 182
672 0 848 228
372 0 731 404
267 0 535 195
78 0 300 176
71 0 293 241
0 0 195 548
0 1024 3263 2448
1521 0 1684 528
0 0 3263 1971
2095 424 2487 835
0 0 1729 1951
1142 1664 1540 1951
0 0 1729 1919
652 84 1729 1919
0 0 1005 1788
874 0 3263 1971
1932 0 3263 1971
874 0 2904 1161
0 0 848 1788
0 1246 496 2108
0 1762 3263 2448
0 1246 359 2108
0 1246 359 2023
476 2062 953 2193
1834 620 2147 966
2578 241 2852 522
2402 163 3244 1325
548 483 822 1651
2676 1762 3263 1945
1051 711 1729 1664
0 1024 2591 2265
874 0 2448 1161
1011 0 2448 1161
940 1024 2591 2121
1932 71 2245 528
2617 1390 3028 1703
2800 1534 3028 1671
2180 0 2904 319
0 1037 1064 2265
0 1240 1064 2265
2787 1762 3263 1938
2787 1762 3231 1893
1057 1024 2591 2115
1057 1410 2232 2115
313 58 522 326
509 280 783 1540
1148 1024 2591 2049
2402 600 2885 1325
1932 541 2748 1951
2102 802 2748 1951
137 894 607 1631
2650 1932 2898 2062
1932 541 2689 1168
1932 541 2585 1168
456 920 607 1390
1501 1410 2232 1925
0 1240 1064 2180
567 280 783 887
1148 1024 2591 1951
1051 711 1729 1618
189 1671 359 2023
1429 1697 2467 2049
2056 1697 2467 2010
2363 0 3263 1971
2506 620 2689 848
1122 1338 1592 1840
1057 1801 1690 2115
0 1958 1064 2180
0 2010 594 2180
2363 0 3263 822
2376 0 3263 822
2539 137 3263 1971
2539 1129 3263 1971
137 894 580 1631
182 894 430 1214
2402 600 2885 1220
2402 600 2846 1220
182 58 372 359
169 437 522 698
1011 0 1964 1161
1932 541 2500 1168
1051 711 1671 1618
0 0 848 985
1286 1801 1690 2082
2591 1129 3126 1605
1932 261 2147 522
1148 1024 1880 1912
1573 0 2448 789
0 0 731 985
1769 1096 2591 1951
0 2141 1096 2448
1018 1925 3263 2448
2591 1129 3126 1527
2558 137 3263 1455
0 2141 1044 2448
1011 0 1618 685
2539 1286 3263 1971
2376 0 3094 822
2630 0 3094 594
2630 0 3094 417
1468 195 1912 894
1769 1096 2206 1410
2833 1286 3094 1566
1501 1540 2232 1925
2252 541 2500 829
1494 1964 2421 2291
2637 1129 3126 1396
2376 326 2754 822
2539 1540 3263 1971
2669 1540 3263 1867
1573 0 2206 783
1181 711 1671 1618
1018 2108 3263 2448
0 254 424 985
2428 326 2754 724
1011 0 1618 659
1011 0 1534 430
267 0 731 404
1018 2115 1821 2448
2702 972 3094 1279
2545 0 2904 228
659 97 1729 1762
0 0 202 535
659 189 1729 1762
2676 1618 3263 1945
2676 1742 3263 1945
659 202 1729 1762
992 352 1729 1194
992 554 1729 1194
992 554 1436 815
2108 659 2826 1847
