0 0 3680 2760
831 1251 2090 1523
1950 390 3282 1118
3164 993 3680 1552
3186 993 3680 1552
3260 993 3680 1221
184 942 419 1258
2053 0 3680 971
625 978 942 1221
1508 2340 1810 2760
2826 0 3680 478
1700 1427 1979 1825
1346 1678 2222 1957
2244 1081 2656 1280
1346 1678 2090 1957
0 0 1081 1023
0 2303 655 2760
44 1324 485 1552
44 1361 485 1552
117 1361 485 1552
2826 0 3680 316
0 0 566 390
1766 1207 2620 1405
1795 831 2399 1184
1957 956 2266 1184
0 2325 596 2760
0 2355 515 2760
1501 1678 2090 1920
2818 1567 3054 1714
1795 831 2399 1059
2583 640 2804 831
1957 1015 2215 1184
1928 1214 2620 1405
0 0 375 390
2826 0 3680 309
3098 0 3680 309
3216 0 3680 309
0 1023 3680 2760
2134 1280 3650 1862
95 2355 515 2760
198 2347 574 2760
0 1074 3680 2760
647 1074 3680 2760
0 0 3444 1950
905 0 2311 522
905 0 1781 507
184 942 419 1207
1251 1449 1538 1707
986 1251 2090 1523
986 1265 1508 1494
294 2347 574 2760
316 2347 574 2708
964 0 1781 507
964 0 1781 478
3289 1023 3554 1530
0 0 375 279
0 1736 912 2480
0 250 3444 1950
0 1265 2760 1950
964 0 1641 478
1324 95 1641 397
0 1354 1847 1950
1317 1449 1538 1670
0 1354 1413 1832
3289 1089 3518 1530
1692 485 1920 743
0 250 3444 1714
0 287 2723 1472
0 544 1023 1472
0 544 1008 1472
0 846 544 1472
331 544 1008 1104
0 1354 1413 1825
1604 250 3444 1714
1803 574 3444 1714
1795 839 2311 1059
1391 1251 2090 1523
1391 1251 1935 1523
1391 1280 1803 1523
3304 88 3680 309
1920 647 3444 1714
2539 809 3444 1714
2539 809 3444 1552
1920 647 2907 1243
2598 772 2907 1243
191 287 2723 1427
191 287 2149 1427
0 1354 1015 1825
537 1354 1015 1648
956 1420 1413 1766
2553 1280 3650 1795
3216 0 3680 250
721 1126 1810 1420
721 1126 1810 1361
1560 1265 2760 1773
1759 1265 2760 1773
3186 1104 3407 1552
2620 1656 3680 2760
0 1759 912 2480
0 1759 861 2480
0 1788 345 2480
0 890 368 1472
1280 1832 2001 2053
2620 2046 2914 2274
0 1442 691 1825
191 537 2149 1427
772 537 2149 1243
117 1501 691 1825
655 1906 912 2097
2737 1280 3650 1795
647 1449 3680 2760
80 1759 861 2414
625 1486 1847 1950
625 1486 1310 1950
2701 1656 3680 2760
1265 1486 1847 1920
986 287 1781 632
1678 1965 1935 2215
1265 1486 1714 1920
2325 1265 2760 1685
191 1015 883 1427
625 1582 1310 1950
1420 1449 3680 2760
2708 2428 3282 2760
95 2576 272 2760
2708 2487 2995 2760
3208 2443 3599 2760
2833 2428 3282 2760
0 2377 368 2760
154 2355 515 2760
316 2347 574 2598
235 2325 596 2546
3186 2318 3341 2509
404 2318 1037 2760
493 2303 655 2465
1251 2215 1413 2406
0 2149 250 2480
2818 2104 3002 2252
2222 2104 2480 2369
1501 2075 1648 2230
2620 2046 2855 2222
1707 2009 1935 2215
80 1891 861 2414
1420 1847 2296 2760
1545 1832 2001 1994
647 1825 1817 2760
0 1788 345 2259
1501 1773 1788 1920
448 1759 728 2031
2016 1751 2222 1920
235 1736 500 1943
1111 1707 1427 1884
1059 1700 1251 1847
1751 1678 2090 1869
206 1670 360 1832
2134 1633 2708 1862
2553 1589 2892 1781
625 1582 1111 1906
971 1575 1192 1766
1265 1567 1545 1803
2259 1552 2539 1773
353 1545 691 1825
1700 1501 1979 1825
1560 1501 1847 1817
117 1501 463 1817
1302 1486 1714 1884
706 1486 920 1663
1317 1464 1501 1663
1935 1449 3680 2760
345 1449 691 1604
537 1442 772 1648
0 1442 242 1795
2664 1427 3061 1714
1736 1427 1891 1575
3128 1420 3348 1589
1560 1398 1781 1552
3017 1376 3231 1530
3231 1361 3407 1552
2892 1354 3061 1567
706 1354 1015 1611
1759 1332 2517 1773
1391 1324 1685 1523
478 1324 765 1472
2325 1310 2686 1685
3356 1288 3518 1530
2973 1280 3650 1751
3164 1265 3356 1486
2561 1265 2760 1413
986 1265 1427 1464
1773 1251 1935 1398
0 1251 228 1472
1928 1243 2274 1405
588 1236 772 1391
2141 1214 2620 1376
721 1148 1486 1361
1265 1126 1810 1339
191 1111 883 1427
3186 1104 3407 1383
3503 1074 3680 1472
677 1052 942 1221
3341 1023 3554 1317
331 1015 677 1229
1089 1008 1486 1192
184 1000 412 1207
3356 993 3680 1192
3260 993 3459 1221
2598 993 2907 1243
625 978 787 1162
2605 971 2752 1221
772 949 1295 1243
2068 912 2311 1059
0 890 368 1310
743 861 942 1015
816 853 1096 1045
2038 846 2723 1236
1795 839 2303 986
1339 794 1714 942
2634 772 2870 993
1516 721 1987 993
0 669 161 883
3282 655 3680 1089
1920 647 2760 897
375 632 993 1104
1803 574 2075 809
942 559 1280 897
1575 544 1832 743
331 544 1008 816
934 537 2149 1243
1692 485 1920 669
1516 441 1795 655
964 338 1140 507
1354 294 1656 448
1243 264 1398 434
1604 250 2075 669
3429 228 3680 478
2642 213 2818 390
3488 154 3680 309
1589 103 1781 301
1324 95 1633 397
3304 88 3547 235
0 73 552 1023
500 51 706 294
2848 22 3547 316
3488 0 3680 250
1641 0 2311 522
1442 0 1788 316
964 0 1391 478
905 0 1118 161
345 0 1081 603
184 0 375 184
0 0 250 279
0 0 3680 2053
0 1449 3680 2760
1302 0 3680 1920
0 0 2804 2053
0 0 2804 1420
0 890 2222 2053
0 0 2760 1420
1766 1207 2185 1354
3164 993 3459 1552
3164 1104 3407 1552
0 1545 2480 2760
1950 0 3680 1118
905 338 1140 537
1302 809 3680 1920
2134 1567 3054 1862
2134 1611 3047 1862
2134 1633 3010 1862
2620 1700 3010 1854
721 0 2760 1420
721 0 2760 1405
0 1670 500 1943
3341 993 3680 1472
3260 993 3459 1288
1037 1751 2222 2053
1302 809 3650 1920
0 0 1118 1104
264 794 544 978
1302 1280 3650 1920
1560 1332 1840 1552
0 890 1803 1884
1957 831 2399 1184
2068 831 2399 1059
537 1442 920 1663
964 0 2311 809
2848 22 3680 478
2244 809 3444 1567
2244 971 2907 1280
2539 809 3444 1567
0 0 1096 1104
0 0 1081 1104
0 1435 242 1795
1280 1751 2222 2053
1280 1781 2060 2053
404 1825 2480 2760
3304 0 3680 309
0 1545 1192 2480
2016 956 2266 1140
706 1265 1803 1884
831 1265 1803 1884
956 1265 1803 1884
1059 1567 1545 1884
0 890 883 1817
964 0 2311 669
3488 0 3680 309
956 1265 1803 1766
956 1265 1685 1766
721 441 2760 1405
0 1736 500 1943
2598 971 2907 1243
0 1545 1111 2480
1302 1310 3061 1920
721 441 2149 1398
956 1265 1508 1766
2620 2046 3002 2252
743 861 1023 1037
772 441 2149 1243
721 1008 1935 1398
3341 1023 3680 1472
986 198 1781 632
1795 647 2760 1405
1773 574 2075 809
1302 1486 2090 1920
721 1126 1935 1398
0 890 883 1472
117 1324 765 1817
338 1324 765 1560
1111 1567 1545 1884
0 1788 861 2480
964 0 1633 478
964 0 1508 478
956 1265 1427 1766
1516 441 1920 669
1920 647 2760 1405
1920 647 2760 1376
1759 1310 3061 1773
1759 1310 2686 1773
1442 0 2311 669
0 1111 883 1472
353 1545 1111 2031
1339 544 1987 993
353 1545 1111 1906
1442 0 2311 522
1516 544 1987 993
331 0 1081 1104
404 1825 1817 2760
1420 1847 2480 2760
1920 647 2760 1236
1302 1486 1847 1884
2708 2428 3599 2760
2833 2428 3599 2760
1626 0 3680 1427
0 2296 655 2760
14 2296 655 2495
1597 1604 1803 1869
706 287 3356 1766
3164 971 3680 1508
0 1795 2141 2760
3194 993 3680 1508
2818 0 3680 390
117 2355 515 2760
0 0 2870 1221
0 0 2870 1214
0 0 1133 1214
905 0 2870 1126
566 949 883 1221
706 287 3002 1575
0 0 721 382
0 0 662 382
0 0 662 331
1817 986 3356 1766
0 765 3680 2760
1560 1096 3680 2760
2392 1096 3518 1869
1795 794 2428 1126
1795 831 2303 1126
905 0 2870 986
1310 0 1869 235
0 765 2134 2009
566 949 802 1221
1501 1501 2134 1920
1722 1501 2134 1862
1560 1280 3680 2760
949 0 2870 986
949 0 1641 500
949 0 1641 478
1236 103 1641 434
1332 103 1641 397
706 287 2752 1575
0 765 1847 2009
0 802 493 1472
220 802 493 1067
1560 1494 3680 2760
0 0 596 331
478 1449 1847 2009
706 287 2752 1545
1773 1251 2112 1413
0 765 1538 1847
264 802 493 978
0 993 1538 1847
0 993 1538 1840
36 993 1538 1560
1516 161 2870 986
3098 0 3356 161
1516 456 1979 677
0 1442 772 1840
1560 1751 2230 2009
0 1030 309 1472
897 1427 1538 1663
1619 161 2870 986
1678 1494 3680 2760
1817 1494 3680 2760
3378 95 3680 309
1501 1722 1898 1920
0 58 360 331
743 765 1089 1037
706 1280 1840 1545
132 993 1538 1508
2804 1486 3083 1714
2392 1486 3319 1869
3186 1096 3518 1560
1619 2362 1891 2598
1692 2428 1891 2598
2392 1597 3061 1869
478 1486 1707 2009
478 1486 1449 1972
478 1582 1449 1972
103 1472 772 1840
2046 2082 2480 2325
574 1582 1449 1972
1486 1449 1847 1744
3069 2612 3260 2760
2708 2612 3047 2760
117 2576 272 2760
1913 2465 2156 2679
426 2369 647 2679
0 2369 448 2760
228 2347 574 2760
14 2325 596 2480
375 2296 655 2495
2222 2104 2480 2325
2046 2082 2222 2252
206 1920 353 2075
1560 1825 2060 2009
537 1825 728 2031
1030 1817 1449 1972
1501 1773 1744 1920
2024 1751 2230 1920
1685 1722 1898 1884
1111 1707 1368 1884
478 1700 669 1891
1597 1656 1773 1869
1302 1656 1707 2009
2392 1641 2767 1869
2075 1633 2465 1862
1825 1619 2134 1862
2693 1597 3061 1795
2620 1589 2863 1788
574 1582 1162 1906
971 1575 1310 1773
1199 1567 1545 1759
2495 1552 2701 1766
1722 1501 1935 1817
1656 1501 1847 1744
103 1501 471 1840
3039 1486 3319 1633
2863 1486 3083 1700
684 1486 993 1722
345 1472 772 1817
1486 1449 1700 1714
1324 1449 1538 1633
3128 1442 3348 1589
0 1442 220 1795
897 1427 1420 1663
1736 1420 1891 1575
1552 1405 1729 1552
780 1398 1008 1567
3231 1368 3407 1560
706 1295 1611 1538
1391 1280 1840 1545
1817 1214 3356 1766
3186 1096 3518 1530
3503 1052 3680 1265
0 1030 309 1464
3334 1000 3481 1155
154 1000 412 1207
2141 986 2958 1376
2244 978 2701 1280
3164 971 3378 1339
625 949 802 1162
2708 934 3002 1089
1067 912 1302 1081
1810 897 2230 1126
743 853 1052 1037
1795 831 2303 986
934 765 1089 993
1920 640 2870 986
1575 581 1987 993
986 574 1288 750
345 552 1008 1096
1692 493 1979 677
942 287 2752 1339
3437 235 3680 441
3459 228 3680 390
0 220 228 382
1236 184 1427 434
1619 161 2237 736
0 147 228 331
1472 139 1641 397
3444 117 3680 309
1332 103 1633 397
515 22 721 191
3503 0 3680 250
3216 0 3591 184
2818 0 3554 301
1398 0 1869 235
1310 0 1494 191
949 0 1383 478
0 0 309 264
1626 0 3680 2760
0 0 3356 2760
0 0 3356 1766
0 802 2465 2760
0 802 2230 2760
0 2347 574 2760
780 1398 1096 1641
0 0 2237 1221
942 287 3356 1766
0 0 2237 1214
1626 0 3680 1869
1766 1199 2112 1413
0 1619 2230 2760
934 625 1089 993
0 802 1935 2031
1199 1449 1545 1759
2097 794 2428 949
0 0 721 331
0 1707 515 1943
1552 1405 1935 1817
1552 1405 1891 1611
1552 1405 1751 1611
0 802 1847 2031
0 942 1847 2031
2392 993 3680 1869
1501 1619 2230 2009
2392 1096 3650 1869
2392 1280 3650 1869
125 802 493 993
0 0 1288 1214
0 1736 515 1943
949 0 2237 736
1810 897 2274 1126
2392 1442 3348 1869
1310 978 3356 1766
1560 1619 2230 2009
478 1449 1847 2031
478 1582 1449 2031
478 1700 728 2031
2495 1552 2863 1788
1391 978 3356 1766
0 942 1611 1840
0 942 544 1795
0 942 419 1795
169 0 596 184
1795 1619 2230 1920
1795 1619 2134 1906
942 287 2870 1339
971 1449 1847 2009
1111 1449 1847 2009
0 942 419 1464
1619 2362 1817 2598
1332 0 2237 736
103 993 1611 1840
1302 1449 1847 2009
949 0 1494 478
2141 978 2958 1376
132 993 1611 1663
1575 581 2870 993
706 1295 1611 1663
1398 0 2237 736
1391 1214 3356 1766
1391 1251 1906 1545
345 552 1052 1096
3400 242 3680 905
3400 242 3680 721
3400 242 3628 529
2193 0 2605 147
2642 507 2914 736
2303 905 2804 1199
2303 905 2642 1177
500 691 920 942
2178 139 2553 412
2737 1251 3069 1516
500 736 920 942
58 1575 566 1862
184 1575 566 1751
0 2340 566 2760
493 780 3680 1692
493 1207 1530 1523
2539 0 3289 323
161 80 544 397
1273 780 3680 1692
1273 934 3680 1692
3047 971 3680 1354
1273 934 3150 1692
2958 412 3392 743
1273 1037 3150 1692
1273 1037 3150 1604
0 0 588 279
0 0 390 279
1310 0 2480 250
1310 0 2421 250
920 257 1656 662
0 728 478 1221
2369 1229 2679 1383
1273 1037 2951 1604
1273 1126 2885 1604
2244 1457 2701 1817
2244 1457 2627 1817
2811 0 3680 662
3238 139 3562 662
58 1611 382 1862
1273 1126 2517 1604
1714 1177 2517 1604
1221 706 2288 1096
1383 706 2288 1096
2421 1133 2885 1464
1310 0 2024 250
1310 0 1869 250
1310 0 1736 250
1310 0 1530 250
1972 1486 2399 1803
2914 927 3223 1118
2539 0 3142 301
0 0 3606 2016
1898 169 2745 581
1898 169 2568 515
1898 169 2266 434
1898 176 2266 434
1700 22 2178 699
1744 22 2178 662
1744 22 2149 574
1744 66 2112 574
1744 66 2112 507
323 0 1177 522
323 0 1037 522
323 294 706 522
1383 728 2288 1096
920 338 1656 662
1229 338 1656 662
2539 0 3039 301
640 1000 1582 1302
942 1037 1582 1302
1111 1037 1582 1302
1111 1037 1582 1251
1950 853 2885 1207
1950 853 2730 1207
1950 897 2590 1207
1950 897 2399 1199
0 0 242 279
3047 971 3319 1354
1273 1126 1869 1530
2811 0 3680 368
3010 0 3680 368
0 353 1288 1104
0 353 1192 1104
0 390 1192 1104
0 390 1170 1104
2620 1288 3613 1862
0 728 478 1192
2399 0 3606 1030
2399 0 3606 897
3341 610 3606 897
0 839 287 1192
0 956 228 1192
2244 1516 2627 1817
95 2340 566 2760
2620 1288 3400 1773
2620 1376 3400 1773
2399 0 3392 625
0 0 2767 2016
456 1111 1148 1464
456 1148 1148 1464
2723 14 3039 301
2877 1376 3400 1626
1854 1177 2517 1604
2620 1449 3047 1773
2620 1560 3047 1773
2465 1265 2885 1464
1854 1214 2362 1604
515 0 1037 404
515 0 956 404
515 169 868 404
0 390 1133 1104
0 390 1133 809
323 419 1133 809
2318 853 2730 1045
0 390 765 713
0 353 368 655
0 390 500 713
323 515 1030 809
1302 338 1656 655
809 0 1906 758
809 0 1906 618
809 0 1891 559
809 0 1891 485
0 471 2767 2016
0 1435 2112 2016
338 1435 2112 2016
95 390 500 713
0 647 353 1104
0 471 2767 1523
272 750 706 1000
0 1442 515 1707
0 2458 213 2760
2885 1449 3613 1862
809 0 1876 426
956 0 1876 412
3223 1074 3680 1641
0 1589 3680 2760
3223 1096 3635 1501
1302 338 1656 559
441 1435 2112 2016
1714 1685 2112 1898
2399 0 3083 522
2988 1449 3613 1736
2428 2480 2649 2671
1089 0 1876 382
220 390 500 677
1935 471 2767 912
1935 471 2752 750
0 625 2576 1523
728 625 2576 1302
3407 1074 3680 1641
0 897 794 1523
3503 0 3680 228
758 625 2576 1302
758 625 1773 1170
1457 1015 1744 1170
758 625 1773 1118
2995 1376 3400 1567
0 897 794 1479
0 897 794 1405
0 897 794 1346
2752 706 3363 1030
758 625 1611 1118
758 625 1597 1067
758 625 1597 949
758 632 1368 949
758 632 1368 846
441 1435 1817 2016
1376 1692 2701 2185
1575 655 2576 1302
1575 927 2274 1302
1575 927 2208 1302
441 1435 1803 1884
1251 625 1597 794
3010 0 3496 213
0 912 721 1346
0 912 559 1346
73 912 559 1162
2612 2009 2966 2230
1817 655 2576 956
2060 728 2576 956
846 1435 1803 1832
846 1435 1604 1832
250 1162 794 1405
0 1104 522 1346
971 1538 1501 1832
772 1840 1184 2178
404 1589 3680 2760
3407 1214 3680 1641
1501 1464 1803 1714
927 1656 1817 2016
1081 1656 1817 2016
1081 1685 1552 2016
3289 993 3680 1265
3216 780 3680 1037
1575 1067 2208 1302
2612 2009 2892 2230
1081 1685 1552 1891
0 1781 772 2737
0 1781 772 2436
1523 1656 1817 1920
1516 2362 2244 2760
404 1656 3680 2760
2966 2303 3326 2701
3083 2303 3326 2642
1913 2362 2244 2590
0 1781 625 2406
1302 1236 1869 1530
2877 2598 3260 2760
1089 1840 1479 2016
1376 1832 2208 2185
1376 1876 1898 2119
640 1589 1008 1972
3451 1597 3680 2141
2296 2215 2679 2568
0 1781 588 2406
0 1781 588 2369
0 1847 588 2369
2818 2024 3194 2259
2818 2038 3194 2259
3289 1670 3562 1928
441 1597 934 1884
610 1597 934 1847
2568 1656 3415 2060
404 1781 3680 2760
2863 1781 3680 2760
588 2156 912 2598
404 1906 3017 2760
485 1906 1030 2281
485 1906 802 2281
426 2384 728 2737
404 1935 3017 2760
728 1935 3017 2760
728 2450 1074 2760
2914 1781 3680 2760
0 1781 500 2068
2568 1685 3415 2060
2929 1781 3680 2760
3047 1781 3680 2760
758 1935 3017 2760
1950 2149 3017 2760
2568 1751 3186 2060
758 1935 2723 2760
3105 1781 3680 2760
0 1906 353 2193
1619 1935 2723 2480
2244 1935 2723 2311
2244 1935 2531 2311
758 1935 1840 2760
1619 2009 2318 2480
897 1935 1840 2760
897 2171 1236 2590
1619 2009 2318 2436
3105 1898 3680 2760
3105 2127 3680 2760
3105 2230 3680 2760
1030 1935 1840 2760
1067 2009 1840 2760
1067 2156 1840 2760
1950 2288 3017 2760
2193 2288 3017 2760
2340 2288 3017 2760
3105 2230 3562 2760
1516 2487 1943 2760
2340 2553 2995 2760
2634 2553 2995 2760
1199 2156 1840 2760
1383 2156 1840 2590
1479 2156 1840 2590
3216 2230 3562 2760
2620 2288 3017 2708
1199 2259 1545 2760
1199 2259 1427 2760
2244 1979 2502 2311
2877 2598 3142 2760
2340 2598 2649 2760
839 2598 1074 2760
44 2590 213 2760
2760 2583 2995 2760
404 2576 787 2760
3216 2553 3385 2760
3105 2546 3253 2693
426 2546 581 2737
1678 2539 1943 2760
2193 2531 2384 2708
1030 2531 1221 2723
2966 2517 3120 2701
1310 2509 1545 2760
1773 2502 2046 2760
2428 2487 2583 2671
1950 2487 2222 2760
1516 2487 1685 2760
3488 2480 3680 2760
2281 2458 2472 2664
0 2458 184 2760
1207 2450 1391 2760
728 2450 1037 2642
3216 2443 3540 2760
1288 2443 1457 2664
1619 2414 1788 2664
2620 2406 2840 2708
0 2399 250 2568
3488 2384 3680 2605
441 2384 728 2664
250 2384 463 2605
2863 2362 3054 2576
1913 2362 2149 2590
95 2362 448 2760
964 2355 1236 2590
198 2355 559 2760
1479 2340 1707 2590
655 2340 824 2598
154 2340 566 2760
2914 2333 3164 2495
780 2333 1000 2509
3083 2303 3245 2642
2708 2288 3017 2679
522 2281 772 2436
1759 2266 1965 2480
1199 2259 1427 2502
0 2252 176 2480
2502 2237 2679 2450
1413 2237 1582 2392
3304 2230 3562 2546
2296 2215 2590 2568
80 2215 316 2406
2929 2200 3105 2392
2833 2200 2995 2384
2649 2178 2892 2362
897 2171 1162 2509
1545 2156 1840 2576
1376 2156 1604 2340
588 2156 912 2384
2480 2149 2737 2487
3297 2141 3488 2355
1059 2141 1288 2377
758 2134 956 2347
1891 2119 2318 2436
2818 2104 3105 2259
3496 2097 3680 2443
2244 2097 2502 2311
2612 2060 2892 2230
3047 2038 3194 2230
3356 2024 3613 2244
0 2016 206 2193
1619 2009 2038 2230
1177 2009 1589 2303
139 2001 404 2362
2502 1979 2723 2149
2252 1979 2414 2141
1795 1943 2038 2171
750 1943 1030 2215
3142 1935 3304 2163
2325 1935 2531 2097
1030 1935 1207 2112
1376 1920 1729 2119
1118 1913 1332 2090
522 1913 684 2127
110 1906 353 2097
3275 1898 3473 2178
2097 1898 2340 2185
1641 1876 1898 2024
3024 1854 3267 2208
294 1847 588 2369
772 1840 1126 2090
88 1840 500 2038
1869 1832 2208 2185
3459 1825 3680 2141
640 1825 920 1972
537 1803 713 2024
2347 1795 2627 2031
3422 1781 3599 1994
0 1781 154 2068
2568 1766 2995 2060
2921 1751 3186 2038
1994 1744 2200 1898
1273 1744 1678 1950
3407 1729 3562 1928
1714 1729 1987 1898
927 1729 1162 1884
2885 1707 3098 1862
2171 1692 2701 1950
309 1692 529 1854
3076 1685 3415 1965
1788 1685 2112 1862
3289 1670 3488 1898
441 1670 691 1884
1523 1656 1817 1825
610 1633 934 1847
2487 1619 2701 1766
58 1611 228 1862
3451 1597 3680 1862
728 1597 897 1781
2620 1589 2818 1751
861 1589 1008 1840
1972 1582 2303 1803
184 1575 471 1751
2988 1560 3334 1736
2679 1560 3047 1773
1604 1552 1803 1714
971 1552 1243 1795
1148 1538 1501 1832
2244 1516 2539 1773
3407 1486 3680 1641
338 1479 905 1692
1501 1464 1803 1656
1736 1457 2112 1773
0 1457 368 1707
3282 1449 3613 1604
2686 1449 2921 1619
2877 1442 3083 1626
846 1435 1604 1722
2509 1413 2789 1692
3157 1376 3400 1567
2193 1368 2561 1692
1854 1361 2266 1604
2752 1324 2995 1516
