0 0 3120 4160
1314 973 1614 1206
1248 1114 2055 4160
1447 1114 2055 4160
1248 1905 1555 3685
1447 1131 2055 4160
1547 1131 1805 3777
1314 973 1572 1156
1547 1131 1797 2887
1248 2154 1480 3685
1447 2912 1772 3835
0 490 2221 4160
0 1023 1747 4160
1198 1123 1747 3569
0 1023 1522 4160
0 2512 349 3269
1198 1206 1747 3569
1497 490 1713 657
1447 1630 2055 4160
1797 1630 2055 4160
1805 1630 2005 3519
1447 3111 1996 4160
1447 3627 1888 4160
1198 1206 1722 3569
0 640 782 1256
0 640 757 1256
0 640 615 1256
1797 3161 2055 4160
1547 1131 1788 2887
1331 1905 1555 2770
2945 3502 3120 3852
1198 1206 1722 3228
1206 1206 1722 3228
257 0 3120 4160
1389 1905 1555 2462
0 640 357 1256
1206 1381 1705 3228
1397 1996 1705 3228
232 640 757 1006
2213 1863 2512 2213
1206 1381 1697 2146
1248 2154 1456 3427
2179 0 2745 357
1505 1206 1722 1763
0 0 574 698
1946 274 2321 657
1231 1123 1622 1572
0 490 2113 1630
1397 2021 1697 3228
1930 815 2196 1264
232 640 757 956
1930 990 2196 1264
2504 499 2912 865
2778 0 3120 257
1813 1489 2221 4160
906 1489 1156 1738
2504 499 2870 832
0 490 2113 1381
682 249 873 432
2046 332 2321 657
0 1023 1364 3444
0 3095 565 4160
2288 1863 2504 2096
1905 2337 2221 4160
1921 582 3120 4160
257 0 3120 1264
257 0 3120 1131
307 3278 582 4051
257 0 3120 1015
1813 1489 2046 2396
1813 1530 2046 2396
232 757 757 956
0 490 2113 1314
490 490 2113 1314
249 108 549 316
0 3552 565 4160
0 3702 565 4160
1905 2337 2188 3943
1905 2337 2188 3286
2753 1605 2920 1822
624 490 2113 1314
1838 1040 2113 1314
1963 2604 2188 3286
2712 2188 3120 2520
624 490 2005 1223
1930 582 3120 4160
2562 2221 2970 2412
565 640 1089 1139
1189 291 1664 482
2038 2945 2387 3402
1980 3236 2154 3943
1980 3411 2154 3943
1164 2645 1331 3061
2337 2612 3120 4160
108 2171 1522 4160
457 3111 1522 4160
108 2171 574 3377
1930 582 3120 4010
0 1996 249 3028
0 2337 249 3028
0 2620 249 3028
624 490 1031 773
2679 49 2945 424
0 1023 1231 2487
0 3095 349 3577
249 2462 574 3377
2487 915 2828 1422
2487 915 2828 1189
274 2629 574 3377
0 3719 565 4160
266 3885 565 4160
0 3719 316 4160
299 2629 507 3036
1605 0 1913 216
2021 1464 2254 1830
0 3136 341 3577
2737 1805 2995 2080
0 174 574 698
2371 2612 3120 4160
457 3153 1522 4160
2712 2346 3120 2520
2387 1772 2645 2146
2446 2421 2828 2870
2446 2421 2737 2870
2446 2421 2728 2870
956 565 2005 1223
956 565 1655 948
0 532 540 823
257 0 2329 1015
1747 582 2329 1015
1747 582 2213 1015
257 0 2204 856
1472 856 2005 1223
1921 1464 2246 2163
1996 49 3120 698
58 174 574 607
2446 2421 2728 2720
149 3702 482 4076
956 565 1539 890
2379 3294 2837 3727
257 0 915 341
2371 3053 3120 4160
2371 3369 3120 4160
1855 1805 2046 2396
2579 2612 3120 3419
2704 2612 3120 3419
673 0 2204 856
673 0 2163 856
1688 0 2104 332
1996 49 2812 698
2645 807 3120 2396
2645 807 3120 1805
2645 807 3120 1564
2645 1056 3120 1564
2945 807 3120 1356
1930 582 3011 4010
1938 1655 2246 2163
2163 2179 2895 2795
58 174 574 515
332 2129 1364 3444
382 2129 1364 3444
1996 83 2695 698
2288 291 2695 698
807 382 1622 665
807 382 1439 665
2812 1639 3120 2396
1980 2096 2936 4010
1980 2096 2604 2828
1980 2096 2396 2828
1980 2096 2396 2529
0 1996 224 2446
2371 3469 3120 4160
2787 3053 3120 3577
1930 582 3011 2337
2246 582 3011 1264
2071 2762 2936 4010
457 3178 1522 4160
41 1023 1231 2487
241 1023 848 1605
1930 1015 2995 2337
257 0 881 341
257 0 740 341
465 3452 1023 4160
2762 2612 3120 3419
673 0 1522 515
2446 49 2812 540
407 74 740 341
2762 2712 3120 3419
2762 2712 3120 3294
2870 2945 3120 3294
673 0 1480 515
2645 1056 3120 1480
0 1081 449 1747
2246 582 3011 1139
2163 2179 2637 2795
2163 2179 2637 2670
732 3719 1522 4160
2071 2762 2936 3877
0 1081 449 1639
1480 166 2163 856
1547 366 2163 856
1547 374 2163 856
1547 374 2038 856
41 1081 449 1639
332 2279 1040 3095
2753 158 3120 698
2304 2762 2936 3585
2446 2762 2820 3078
2080 1015 2995 2337
2146 1015 2995 2337
2146 1214 2995 2337
2354 1231 2995 2337
2479 1231 2995 2337
2479 1431 2995 2337
2071 3344 2487 3877
2853 1855 3120 2396
41 1572 1231 2487
41 1572 707 2288
2371 3469 2995 4160
2371 3610 2995 4160
732 3810 1522 4160
2246 582 2679 1048
2146 1214 2662 1955
2146 1214 2662 1730
382 2129 1364 3352
2479 1431 2953 2337
2304 2995 2936 3585
582 1239 1181 1988
2371 3777 2920 4160
0 0 299 565
2562 1431 2953 2337
931 0 1480 515
2895 3993 3120 4160
965 3935 1522 4160
2371 3927 2645 4160
2379 3893 2587 4110
349 3885 565 4160
232 3860 474 4076
108 3860 291 4110
557 3843 1023 4160
1480 3818 1655 4160
732 3810 1081 4051
2562 3777 2920 4160
2271 3777 2595 4010
2129 3744 2496 4160
2055 3727 2221 4160
1106 3719 1472 4101
149 3702 482 3935
990 3669 1173 3918
2945 3660 3120 3852
2712 3660 3028 3885
2337 3652 2579 3835
1672 3635 1888 4160
1447 3627 1705 3935
416 3627 582 4051
2520 3610 2995 4060
0 3602 257 3868
2113 3594 2362 3877
1056 3594 1472 3960
141 3552 440 3835
2379 3511 2704 3727
1148 3486 1422 3702
2595 3469 2920 3719
465 3452 832 3902
1522 3377 1772 3835
199 3377 424 3627
2795 3369 3036 3768
2878 3352 3120 3577
2071 3344 2487 3802
2554 3294 2837 3544
0 3294 341 3577
307 3278 507 3660
2903 3228 3120 3419
2229 3219 2404 3419
457 3178 1231 3885
2304 3161 2878 3585
1189 3153 1406 3560
2038 3120 2296 3402
1780 3111 1996 4160
782 3111 973 3286
49 3095 349 3419
2928 3086 3120 3294
2246 3086 2570 3402
931 3086 1364 3444
2787 3053 3020 3386
274 3028 574 3377
2520 2995 2936 3261
1106 2986 1289 3228
2263 2961 2520 3136
2870 2945 3120 3178
2071 2945 2387 3228
2579 2936 2795 3136
1447 2912 1730 3744
2446 2887 2687 3078
2038 2812 2337 3095
332 2787 524 3103
2853 2778 3103 3003
599 2778 807 2986
2246 2770 2595 3036
1971 2770 2188 3286
2579 2762 2820 2970
0 2753 249 3028
2046 2728 2246 2920
2762 2712 3120 2970
2446 2704 2620 2870
382 2637 1364 3352
299 2629 507 2828
0 2620 199 2837
0 2612 349 3269
1963 2604 2129 2912
2238 2587 2504 2795
2562 2554 2737 2762
2462 2554 2637 2720
2587 2520 2853 2695
2213 2504 2379 2704
2803 2421 3120 2687
2446 2421 2728 2620
2312 2421 2487 2670
1996 2421 2312 2828
332 2404 732 3095
2138 2379 2329 2570
2587 2354 2895 2654
2712 2346 2895 2512
773 2329 940 2537
590 2279 1040 2687
2163 2179 2637 2487
108 2171 374 2579
0 2171 224 2446
2038 2129 2396 2304
673 2129 1289 2770
2853 2121 3070 2396
1880 2113 2046 2396
2304 2096 2604 2304
1980 2096 2271 2529
1397 2021 1639 3211
2213 2013 2512 2213
58 1996 291 2196
0 1996 191 2229
2088 1988 2337 2188
2479 1980 2745 2254
2387 1896 2587 2146
1514 1888 1688 2138
2903 1855 3120 2213
2820 1847 2995 2080
1946 1830 2246 2163
332 1830 1231 2487
41 1813 648 2288
1855 1805 2038 2254
2479 1772 2645 1955
2562 1730 2953 2337
99 1672 291 1913
2080 1664 2379 2055
1938 1655 2171 1946
2812 1639 3120 1905
0 1580 166 1905
307 1572 707 1980
2238 1564 2520 1955
2021 1564 2254 1830
906 1564 1156 1738
249 1564 449 1880
2354 1547 2595 1813
1198 1522 1505 2504
1206 1522 1381 1713
0 1522 291 1747
2920 1464 3120 1805
2021 1464 2188 1630
1921 1464 2129 1738
2762 1447 2995 1688
499 1447 723 1639
2562 1431 2820 1805
2837 1397 3120 1564
2154 1397 2662 1730
1356 1381 1697 2146
582 1372 1181 1988
116 1372 449 1639
1231 1331 1456 1572
1930 1314 2188 1505
241 1264 848 1605
2021 1248 2329 1530
723 1239 1123 1639
2679 1231 2995 1464
2471 1231 2778 1480
2146 1214 2612 1472
0 1214 216 1472
2912 1206 3120 1480
1905 1206 2071 1372
1772 1206 2005 1630
1505 1206 1672 1555
1123 1206 1397 1489
2529 1148 2712 1422
1614 1131 1805 1589
1547 1131 1755 1539
1281 1123 1622 1456
632 1106 1106 1364
324 1089 499 1322
41 1081 374 1439
2645 1056 2961 1297
2188 1056 2362 1264
682 1056 940 1231
183 1056 374 1239
1930 1048 2113 1297
2945 1031 3120 1356
274 1023 765 1314
2271 1015 2512 1331
815 965 1089 1139
1655 956 2005 1223
2637 915 2828 1156
2487 915 2687 1189
0 898 316 1256
2063 881 2312 1131
1472 856 1772 1156
956 848 1181 1040
1747 840 2063 1015
1946 815 2179 1040
840 815 1555 1356
2246 807 2679 1048
2612 798 3011 1139
457 765 757 956
232 757 515 923
1123 748 1364 981
0 732 224 981
1439 723 1655 948
1822 715 2063 890
1564 715 1747 881
981 682 1314 856
2787 648 3120 1048
565 640 1064 1056
565 640 782 807
74 640 357 906
2562 615 2828 832
1281 599 1539 890
316 599 565 823
2129 590 2329 923
2404 582 2654 898
1930 582 2213 906
624 582 890 773
2279 574 2487 856
956 565 1306 823
0 557 274 823
216 532 540 715
2753 507 3095 807
1763 507 2038 823
2504 499 2870 773
648 490 1031 723
2288 482 2604 698
1164 465 1439 665
1946 457 2163 773
1314 424 1622 648
2828 416 3003 599
2129 382 2337 798
807 382 1256 648
1547 374 1872 856
1722 366 2021 648
1397 357 1597 549
2845 349 3095 698
1830 349 2013 515
2046 332 2321 524
58 307 307 515
2479 299 2812 540
782 299 1114 482
2296 291 2695 557
565 282 840 540
0 232 174 565
58 199 424 515
1331 191 1522 391
2704 183 2945 424
324 174 574 399
1480 166 2113 474
2753 158 3120 582
1996 83 2396 416
407 74 640 257
931 58 1480 515
607 58 881 257
2446 49 2762 357
1605 33 1772 216
673 33 1064 332
2179 24 2637 357
208 24 391 249
2778 0 3095 257
2695 0 2887 208
2204 0 2654 249
1688 0 2104 232
1464 0 1755 257
1198 0 1397 166
1081 0 1364 249
898 0 1164 166
0 0 299 307
1139 1114 2021 4160
1139 1114 2005 4160
0 0 3120 1489
1772 499 3120 4160
0 898 1522 4160
1614 1114 1805 1589
0 0 3120 1456
1139 1131 2005 4160
1921 499 3120 4160
1139 1381 2005 4160
0 1672 291 2038
1505 1131 1788 2887
1505 1131 1755 1555
1206 1331 1456 1713
0 0 3120 1364
782 3111 1040 3286
1505 1206 1697 1555
1921 648 3120 4160
58 2454 266 2670
1281 973 1622 1456
1772 1040 2362 4160
1139 1381 1697 3685
1139 1439 1505 2504
1356 1381 1697 3685
1447 1422 2005 4160
815 965 1089 1223
0 299 2196 1364
490 524 782 807
0 0 3120 1015
208 24 424 316
1447 1630 2005 4160
1356 1381 1697 3278
332 1239 1522 4160
948 2970 1289 3228
948 2970 1131 3178
1397 2021 1697 3278
0 299 2005 1364
0 898 615 1256
1397 2021 1639 3278
0 1023 848 4160
906 1389 1156 1738
349 3627 582 4160
0 532 2005 1364
0 1214 216 1564
1921 648 3120 2828
2554 2520 3120 2828
2038 2421 3120 4160
2055 3594 2362 4160
1780 1630 2005 4160
1772 1040 2188 4160
1772 1040 2129 2912
374 299 765 557
1921 1439 2254 2163
2038 2812 2387 3228
1930 648 3120 2828
1688 0 3120 1015
1772 1040 2071 2645
1921 1439 2246 2163
0 0 2163 981
1189 291 1688 648
2737 1705 2995 2080
2737 1705 2920 1963
1838 1040 2071 1372
1314 357 1688 648
1314 357 1622 648
1738 174 2204 407
0 1996 574 4160
58 1996 407 2728
58 1996 374 2579
1921 2770 2188 4160
1971 2770 2188 3427
2554 2520 3003 2828
2587 2520 3003 2812
2837 1397 3120 1805
465 3153 1522 4160
1772 1206 2063 2645
1772 1206 2005 1822
0 532 1064 1056
0 2612 574 4160
332 1239 1364 3885
0 0 1256 648
2046 2728 2288 2978
632 715 2005 1364
1472 715 2005 1223
2271 3511 2704 4010
2337 3511 2704 3835
0 532 757 981
0 532 640 981
199 2629 574 3660
299 2629 524 3103
1980 1447 3120 2828
2562 2188 3120 2520
632 815 1555 1364
199 3028 574 3660
274 3028 574 3660
1747 507 2487 1015
1747 507 2329 1015
1930 648 3120 2188
632 1056 1106 1364
1855 1805 2063 2645
0 2612 482 4160
2354 648 3120 1813
0 532 565 981
0 557 357 981
648 0 2163 981
2853 2188 3120 2520
1921 3411 2154 4160
1921 3461 2154 4160
0 1023 848 3028
1688 0 3120 898
2504 0 3120 807
2704 0 3120 698
1688 0 2828 898
0 3095 482 4160
1763 507 2329 923
1930 582 2329 923
2446 2421 2737 2762
1930 807 2679 2188
1364 0 1913 257
2038 2712 3120 4160
2038 2712 3120 3802
1464 0 1913 257
2129 3228 3120 4160
1921 3461 2138 4160
266 640 1064 1056
1996 0 2654 249
2787 3053 3120 3386
648 490 1539 981
956 565 1539 981
0 1023 848 2288
2704 0 3095 424
0 0 881 607
0 0 881 565
58 0 881 515
2504 416 3095 807
2753 416 3095 807
465 3452 1522 4160
1980 2096 2504 2828
2238 2421 2504 2795
2163 1447 3120 2687
2163 1896 3120 2687
2304 1896 2778 2304
2387 1896 2778 2254
407 58 881 341
2562 1447 3120 2396
0 3552 482 4160
0 1522 291 1905
2038 3120 2487 3802
2246 2712 3120 3719
1921 1464 2171 1946
2063 807 2679 1264
1930 1015 2662 2188
2080 1664 2379 2188
2129 3352 3120 4160
2795 3352 3120 3768
673 0 2163 948
673 0 1522 665
673 0 1480 665
898 0 1364 249
332 2279 1364 3885
1464 0 1772 257
0 3602 482 4160
0 3602 474 4160
0 3719 474 4160
41 1023 848 2288
565 282 1256 648
1439 166 2163 948
2246 2961 2570 3402
2288 482 2828 898
2288 482 2654 898
1996 2379 2329 2828
1688 0 2812 557
1996 49 2812 557
2354 1431 2820 1813
0 2171 249 3028
673 33 1480 665
0 2337 199 2837
2387 1896 2778 2146
2129 3610 3120 4160
2129 3744 2587 4160
2063 807 2679 1131
2163 2179 3120 2687
0 640 357 981
2246 2712 3120 3585
2246 2712 3120 3261
332 1239 1289 2770
2446 2712 3120 3261
1056 3153 1472 4101
1930 1015 2662 1955
2296 49 2812 557
2471 648 3120 1480
41 1264 848 2288
2554 3294 2920 3719
673 33 1480 515
673 33 1114 482
1056 3594 1472 4101
1930 1015 2662 1730
2654 2595 3003 2812
1148 3153 1422 3702
2679 648 3120 1480
382 2637 1364 3885
2679 807 3120 1480
2912 807 3120 1480
2163 2179 2895 2654
2371 3610 3120 4160
2520 2712 3120 3261
2579 2712 3120 3136
41 1372 707 2288
216 532 565 823
2520 3610 3120 4160
1930 1214 2662 1730
2895 3744 3120 4160
2579 2762 2820 3136
2912 1031 3120 1480
2562 1447 3120 2337
1439 374 1872 948
2762 1447 3120 2213
2812 1639 3120 2213
116 1372 707 1980
1480 166 2163 773
241 1264 848 1639
457 3086 1364 3885
249 1564 707 1980
981 682 1364 981
332 1239 1231 2487
2520 3610 2995 4160
1248 1098 2080 4160
1248 1747 1780 3835
1381 1747 1780 3835
1248 2071 1456 2704
1447 1098 2080 4160
1605 1098 1847 3336
1447 1564 2080 4160
1614 1098 1822 1580
1905 382 2337 1098
0 832 682 1256
2654 299 2920 682
0 1023 1722 4160
0 973 632 1256
940 1089 1722 3120
1447 1564 2005 4160
940 1089 1722 2953
940 1089 1705 2953
1123 1089 1705 2953
0 490 2213 3178
0 499 2213 3178
1123 1089 1705 2570
948 565 2213 3178
0 2479 565 4160
0 2629 565 4160
1946 2720 2221 4160
1447 3228 2005 4160
1480 3228 2005 4160
0 1023 1505 4160
1921 790 3120 4160
2013 3719 2221 4160
0 499 1722 1322
0 0 3120 1480
2179 0 2654 257
1938 2529 2213 3178
2046 3086 2263 3552
0 2629 374 3411
956 2878 1364 3253
0 1023 1106 4160
108 0 3120 1480
1938 1089 2279 1480
1938 1139 2279 1480
108 0 3120 1131
232 1040 532 1414
2903 1281 3120 1614
0 3061 565 4160
0 3061 482 4043
0 3061 391 3610
2837 2853 3103 3269
948 565 2113 2645
948 565 1755 998
2679 3352 3120 4160
2138 3802 2520 4160
940 1389 1156 1738
1655 956 2113 2645
965 3669 1189 4018
1946 2720 2188 3943
2279 3885 2562 4160
1655 956 2113 1805
0 0 391 690
0 0 391 565
0 0 391 490
0 8 391 490
41 1023 1106 1880
2679 3402 3120 4160
2046 3203 2238 3552
956 2878 1264 3178
2254 0 2654 232
840 856 1722 1322
0 1414 1048 4160
2545 524 3011 832
2038 790 3120 4160
948 565 1755 990
1863 1048 2113 1414
1655 956 2005 1805
1788 1156 2005 1805
1938 2529 2163 3178
0 3827 565 4160
1847 291 2129 515
108 0 1630 648
1447 0 3120 1131
0 1847 1048 4160
0 1847 590 3627
0 1980 590 3627
108 1980 590 3627
449 3402 1048 4160
1447 0 3020 1131
224 2595 590 3627
2862 1073 3120 1447
1206 3918 1522 4160
1447 0 2928 1131
2038 790 3120 3868
0 8 391 474
0 1414 332 1938
2171 1364 2695 1896
2171 1414 2695 1896
948 599 1755 990
0 3827 316 4160
2304 2712 3120 4160
108 99 615 599
2171 1414 2645 1730
2770 2712 3120 3419
2712 0 3120 1073
332 1023 1106 1614
108 249 440 599
1921 1223 2612 2670
1921 1223 2612 2496
1921 1223 2612 1730
1930 1680 2570 2496
1930 1680 2379 2496
1447 0 2928 965
1447 0 2321 856
1447 0 2321 840
2828 374 3120 1073
1730 457 2163 856
41 1064 723 1880
2912 490 3120 1073
2912 599 3120 1073
449 3402 1048 4093
0 499 1064 1056
2129 0 2928 965
0 1522 332 1938
332 1023 1106 1381
257 0 1630 648
1930 1680 2379 2188
2770 2712 3120 3311
2770 2712 3120 3144
2129 0 2812 965
2129 249 2762 965
2246 249 2762 898
2246 249 2762 698
41 1064 524 1880
2737 3402 3120 4160
2787 3402 3120 4160
2903 3402 3120 4093
2903 3402 3120 4035
257 0 1630 640
257 0 1064 366
257 0 815 257
2304 2895 3086 4160
2038 2013 3020 3868
1198 624 1755 990
2046 2013 3020 3868
2396 3269 3086 4160
465 0 1630 640
2013 1223 2612 1580
465 199 1206 532
2104 790 3120 2795
2104 790 3120 2429
2163 790 3120 2429
474 341 1439 648
2163 790 3120 2179
2304 2895 2870 3577
1447 0 2229 840
973 0 1630 640
2163 790 2945 1472
1447 0 2229 424
2496 1364 3120 2179
2129 2013 3020 3868
2129 2013 2637 3868
2462 2362 3020 3003
2129 2953 2570 3868
2188 2013 2637 3053
0 3960 249 4160
2787 3943 3120 4160
1206 3918 1472 4110
532 3893 1015 4160
2279 3885 2462 4135
2737 3877 2986 4093
965 3843 1189 4018
2912 3827 3120 4093
116 3827 316 4160
2138 3802 2362 4160
698 3793 1048 4093
1480 3702 1705 4160
990 3669 1164 3893
2903 3660 3120 4035
2113 3569 2362 3877
0 3560 482 4043
732 3552 981 3818
2396 3527 2970 4160
2845 3486 3036 3777
2321 3486 2629 3793
449 3402 832 3910
2129 3344 2529 3868
199 3344 391 3610
2595 3269 3086 3702
2912 3253 3120 3419
1189 3253 1381 3494
1955 3236 2188 3943
1647 3228 2005 4160
2787 3128 3028 3386
782 3128 1023 3311
2928 3095 3120 3311
2853 3086 3028 3269
2071 3086 2263 3386
0 3061 307 3577
324 3053 590 3627
2304 3020 2870 3577
965 2986 1264 3178
2903 2953 3120 3144
2146 2953 2570 3452
2695 2936 2912 3128
2446 2895 2795 3136
2837 2853 3103 3120
574 2795 815 2986
0 2787 191 3028
1980 2770 2163 3178
2046 2728 2337 3070
1946 2720 2113 3427
2770 2712 3120 2970
2554 2662 3020 3003
0 2629 357 3361
1306 2604 1480 3677
224 2595 457 3103
1114 2570 1297 2812
2221 2545 2620 3053
582 2537 1089 2745
1938 2529 2129 2912
83 2479 266 2745
2038 2437 2296 2787
2462 2362 2728 2728
2113 2362 2396 2670
2620 2354 2820 2570
2088 2229 2279 2412
2712 2204 2903 2404
2562 2204 2828 2412
2021 2129 2337 2496
2612 2121 3120 2795
1381 2046 1639 3236
2188 2013 2637 2645
0 2005 216 2446
108 1980 416 2654
1980 1963 2238 2188
2080 1946 2337 2188
2271 1863 2570 2138
41 1847 440 2063
2520 1772 2970 2429
1431 1747 1780 3835
1930 1680 2379 2071
1822 1680 2063 2645
99 1655 332 1938
2104 1622 2645 1988
374 1589 549 1772
1805 1564 2005 3868
940 1564 1156 1738
2354 1522 2612 1797
0 1522 166 1905
2171 1489 2337 1730
1921 1464 2221 1730
2903 1447 3086 1614
449 1447 723 1730
2496 1439 2853 1788
1139 1439 1381 1905
2221 1414 2645 1713
41 1372 524 1880
2687 1364 3120 2179
1805 1314 2005 1805
2013 1281 2321 1580
1938 1264 2121 1480
257 1239 1505 4160
2246 1223 2612 1472
341 1223 757 1614
1605 1148 1847 3336
1555 1148 1722 1755
2038 1139 2279 1389
1614 1131 1822 1580
2862 1106 3061 1447
657 1106 823 1347
1123 1089 1705 2504
2945 1073 3120 1314
41 1064 374 1431
682 1056 1106 1381
1905 1048 2113 1414
249 1040 532 1322
332 1023 765 1331
0 1006 332 1256
815 965 1081 1139
2487 948 2695 1189
2471 915 2945 1472
2030 890 2321 1131
2421 881 2629 1056
1372 856 1722 1139
840 856 1614 1322
2912 832 3120 1073
0 832 682 1031
1755 807 2063 973
2163 790 2695 1347
