0 0 3120 4160
865 1156 1256 1639
2121 3644 2479 3935
582 3952 923 4160
2362 1297 2795 1813
2362 1297 2778 1813
1347 1830 2471 2945
1489 1830 2471 2945
1489 1830 2421 2945
1555 1830 2421 2945
1655 1830 2421 2945
1755 1830 2421 2878
1921 3269 2254 3469
2113 3369 2562 3768
1264 1156 2371 2337
1264 1156 2371 2046
524 3569 931 3943
1040 3311 1639 3802
1040 3311 1639 3719
1813 1156 2329 1480
1264 1272 2371 2046
1264 1272 2371 2021
1264 1272 2371 2005
2354 3369 2562 3768
848 1572 1256 2113
881 1572 1256 2113
1480 1896 1971 2337
2487 3352 3036 3993
49 3111 291 3444
0 1314 183 1597
0 0 3120 3494
2005 1830 2421 2387
2412 0 3120 432
2437 0 3120 432
2437 0 3120 341
2745 0 3120 341
324 807 1322 2371
915 807 1322 1189
0 915 3120 4160
316 2337 1772 3228
1630 3735 1913 4126
1630 3768 1913 4126
865 1156 1256 1622
324 1073 1231 2371
324 1139 956 2371
324 1297 848 2371
1755 1688 2263 2046
1946 3594 2496 4160
1988 3793 2496 4160
2429 1306 2778 1813
1264 1272 1713 2005
915 3752 1306 4160
673 2620 1772 3228
607 1239 1006 2055
324 1381 757 2371
332 1381 757 2271
1938 1206 2329 1480
1464 299 1738 565
906 1073 1231 1347
1189 915 3070 2961
1189 915 3070 2213
1497 1023 3070 2213
1497 1023 2346 1522
1497 1023 2346 1497
0 2096 307 2429
0 1797 3120 4160
2554 3211 3020 3677
2554 3211 3020 3519
2154 1797 2554 2961
1189 915 1705 2096
1189 915 1705 1622
1189 915 1705 1447
1189 1114 1589 1447
1306 1206 1589 1397
607 1447 1006 2055
1514 1206 3070 2213
1514 1206 2845 2204
1514 1206 2753 2196
1555 1206 2753 2196
1664 1206 2753 2196
1763 1206 2753 2196
1930 1206 2753 2196
1930 1406 2753 2196
1930 1406 2612 2163
1930 1655 2387 2163
1547 1289 2371 1980
1822 1381 2371 1980
1822 1381 2238 1830
1189 1555 1514 2096
1189 1555 1489 1996
607 1447 965 2055
1988 3810 2496 4160
1880 307 2121 515
2154 2379 2479 2961
2820 2271 3120 2654
424 1797 1863 2903
424 1797 1863 2770
915 807 1322 1164
291 2670 532 2853
1938 1206 2321 1422
1497 1023 2346 1306
673 2620 1406 2953
0 2337 3120 4160
1372 2337 2487 3228
1605 2337 2487 3228
316 2337 865 2887
424 1797 1863 2687
424 1797 1164 2537
0 2995 3120 4160
2437 1464 2753 2196
0 3086 3120 4160
1755 2337 2487 3228
2146 3810 2496 4160
465 2362 765 2537
2529 3352 3036 3993
2013 2337 2254 2612
2828 191 3120 615
41 823 1023 2096
582 1930 1863 2687
1755 2412 2487 3228
1921 2562 2487 3228
1921 2562 2296 3228
2512 990 2878 1339
1389 1397 1713 2005
2437 0 2903 232
16 3261 1223 3677
2204 2903 2487 3169
2728 1489 2961 1830
2728 1489 2953 1788
2820 2296 3120 2654
1314 0 1580 199
0 3644 490 4160
0 3644 449 4160
0 3644 449 4076
2221 1406 2612 2071
582 1930 1805 2637
0 3452 940 3744
1921 1381 2238 1830
2512 1048 2787 1339
0 3644 449 4018
41 923 931 2096
432 3086 3120 4160
2437 1464 2753 1946
2437 1464 2629 1755
2154 2421 2371 2961
2196 449 2520 698
0 3452 515 3744
432 3669 981 4160
607 3744 981 4160
607 3744 965 4101
807 3086 3120 4160
1056 3086 3120 4160
1106 3086 3120 4160
1855 3086 3120 4160
1996 3086 3120 4160
2346 3086 3120 4160
2645 3086 3120 4035
1031 599 2005 1131
1139 599 2005 1131
1139 599 1805 1015
607 3835 923 4101
0 1913 1855 3494
432 3669 698 4160
0 2695 1855 3494
16 3261 1098 3602
124 3644 449 4010
2712 3086 3120 4035
2712 3286 3120 4035
1497 1023 2188 1306
1547 3644 2038 4085
0 2695 1855 3444
449 0 1056 773
582 0 1056 773
607 299 1056 773
1996 3419 2454 3843
582 1980 1805 2637
1322 3993 1755 4160
0 0 391 224
41 923 807 2096
41 1322 757 2096
0 0 266 174
2712 3286 3120 3610
2712 3902 3120 4160
2812 3902 3120 4160
1497 2720 1730 3020
1547 3644 1913 4085
1555 3644 1913 3877
1106 3144 2346 3677
582 0 832 382
607 299 1056 757
607 482 1031 757
748 482 1031 732
2529 3494 3036 3993
41 1389 640 2096
41 1389 640 2021
1056 3486 1822 4126
1040 3311 1639 3677
2346 3843 2762 4160
1139 599 1705 1015
1081 3486 1822 4126
1747 1056 2188 1306
83 3261 1098 3602
83 3286 1098 3602
83 3344 807 3602
391 3344 807 3560
1073 2471 1664 2903
1996 3419 2337 3843
1106 3144 2346 3494
1106 3194 2279 3494
1697 3194 2279 3486
0 0 3120 3186
2221 1830 3120 3186
0 0 3120 2221
249 0 707 257
1372 3436 2005 3677
632 1988 1805 2637
632 1988 1805 2554
1081 3619 1564 4126
2005 3419 2337 3843
0 1913 399 2903
432 3669 657 4160
0 2695 1589 3444
2221 2080 3120 3186
1364 3486 1822 3910
807 3635 1106 3952
1996 149 3120 1980
2046 149 2288 574
2271 2080 3120 3186
2271 2296 3120 3186
1996 490 3120 1980
2296 449 2520 698
1106 3194 1896 3494
41 1664 457 2021
1921 2562 2296 3045
673 1988 1805 2554
0 0 2961 2221
740 0 1497 532
1788 723 2196 1123
257 1722 490 2096
2820 2296 3070 2645
2820 2296 3061 2645
0 2695 1472 3444
1996 490 2762 1297
2421 648 2762 1098
1139 657 1705 1015
1139 657 1580 1015
1198 915 1705 1364
0 1547 274 2221
0 1547 257 1988
2562 2080 2820 2396
1331 3194 1896 3494
740 0 1098 391
1996 490 2612 1297
790 1988 1805 2554
2055 149 2288 490
673 2038 1073 2304
282 1389 640 1730
956 0 1497 532
1040 3752 1306 4160
74 940 449 1264
2928 1830 3120 2288
2654 549 3120 1980
2421 648 2753 965
0 0 2961 1672
0 8 948 1672
0 8 823 1672
0 615 657 1672
0 615 624 1672
2429 3111 2862 3311
873 0 2961 915
1639 332 2121 815
1672 440 2121 815
2271 2296 3045 3186
2271 2296 2920 3053
2396 2296 2920 2787
2396 2354 2895 2787
2412 2986 3045 3186
0 8 823 1164
2670 549 3120 1980
2670 549 3120 1647
2670 549 3120 1464
2670 549 3120 1322
2670 707 3120 1322
682 2928 890 3228
873 0 2554 915
0 765 424 1672
108 141 823 1164
241 341 823 1164
2138 24 2961 798
432 341 823 1164
1905 0 2554 366
432 557 823 1164
432 557 740 1015
0 8 307 832
2837 707 3120 1322
0 2695 1206 3444
91 2695 1206 3444
91 2695 1206 3419
91 2695 1073 3402
282 2878 1073 3402
2371 199 2961 798
91 2695 624 3211
2421 291 2961 798
873 0 2030 915
1322 3993 1589 4160
199 3968 490 4160
815 3943 981 4160
2712 3935 2936 4135
2812 3927 3053 4160
1988 3902 2238 4126
1040 3902 1256 4160
690 3877 923 4101
1730 3868 2221 4160
1547 3868 1747 4085
2146 3860 2479 4160
2346 3852 2579 4160
2520 3843 2762 4160
432 3835 632 4160
74 3818 432 4076
1123 3752 1306 4010
740 3744 965 3993
2529 3735 2762 3993
1256 3735 1564 4126
940 3735 1173 4101
0 3735 191 4018
124 3727 291 4010
2620 3702 3003 3910
432 3669 657 3885
1805 3660 2038 3927
807 3660 1073 3952
1639 3652 1913 3877
2812 3644 3036 3877
2254 3644 2479 3860
1555 3644 1805 3868
574 3635 931 3943
1081 3619 1356 3976
2346 3602 2579 3893
1364 3594 1655 3910
141 3577 515 3744
2928 3536 3120 4035
1223 3511 1414 3719
2096 3502 2337 3843
2662 3494 3036 3785
1639 3486 1822 3735
765 3469 1223 3677
0 3452 266 3677
1372 3444 1722 3677
2487 3436 2720 3793
2288 3436 2454 3719
1680 3436 2005 3644
1855 3427 2063 3610
2005 3419 2204 3610
2096 3411 2321 3577
2887 3402 3120 3610
83 3394 440 3602
2354 3369 2562 3744
557 3361 807 3560
2562 3352 2828 3685
391 3344 740 3560
16 3319 266 3536
1040 3311 1439 3677
682 3286 1098 3511
832 3261 1015 3427
1331 3253 1647 3494
191 3244 399 3444
1106 3236 1406 3452
2554 3211 2895 3394
1697 3203 2071 3486
1530 3194 1896 3469
2529 3111 2862 3311
2146 3111 2637 3386
49 3111 282 3444
2778 3086 3120 3369
923 3086 1206 3419
1089 3078 1472 3352
690 3061 881 3228
232 3011 457 3228
91 3003 274 3211
2412 2995 2812 3186
1822 2995 2055 3236
2720 2986 3045 3161
2204 2961 2371 3169
2013 2961 2238 3228
282 2936 898 3402
682 2928 890 3128
0 2920 216 3219
790 2878 1073 3311
1497 2845 1705 3020
1372 2820 1672 3095
0 2812 291 2978
1605 2787 1971 3219
2554 2778 2995 3003
1921 2753 2213 3045
740 2728 1772 3228
1505 2720 1730 2928
199 2695 624 3103
1106 2687 1664 2903
2679 2679 2878 2895
349 2670 532 2853
673 2620 1198 2845
2870 2612 3120 2953
1048 2587 1281 2778
58 2570 224 2762
2271 2562 2770 3053
2013 2562 2296 2853
2396 2487 2679 2787
1497 2487 1863 2687
1073 2471 1547 2728
840 2454 1089 2662
2820 2446 2995 2645
457 2437 665 2679
2154 2421 2371 2803
565 2421 1131 2770
1755 2412 2163 2995
1755 2387 2013 2878
2296 2379 2479 2587
2479 2354 2895 2695
1364 2354 1847 2654
948 2346 1547 2637
2013 2337 2254 2529
1139 2329 1489 2512
2828 2296 3061 2496
2645 2296 2920 2570
1555 2288 1988 2471
1281 2238 1680 2462
2845 2229 3070 2412
915 2213 1306 2421
0 2204 399 2903
2770 2188 3070 2396
2454 2188 2695 2437
632 2179 1040 2379
1988 2171 2354 2437
2654 2138 2820 2396
99 2096 307 2296
798 2088 1073 2254
2945 2080 3120 2288
673 2038 973 2304
1555 2021 2005 2312
1655 2005 2196 2945
1148 2005 1647 2387
2737 1980 3070 2213
1930 1963 2179 2163
898 1963 1164 2129
632 1930 815 2121
83 1913 382 2337
2005 1905 2346 2387
0 1905 274 2221
1480 1896 1971 2321
1181 1888 1539 2146
324 1847 582 2371
2471 1838 2679 2196
2928 1830 3120 2088
257 1822 424 2096
2629 1805 2903 2138
2229 1797 2554 2496
41 1780 349 2021
1847 1763 2263 2046
2587 1738 2753 1946
1530 1730 1705 1921
307 1722 490 2005
1755 1688 1988 1946
332 1680 607 2271
890 1664 1189 2113
199 1664 457 1872
2163 1655 2387 1996
2745 1622 3120 1980
449 1614 723 2346
2762 1597 2953 1788
715 1589 1006 1955
1447 1580 1713 2005
881 1572 1256 1755
2595 1564 2778 1813
399 1564 565 1788
1231 1555 1489 1996
0 1547 257 1830
1921 1514 2188 1830
141 1514 341 1697
1971 1505 2371 1980
2221 1497 2612 2071
640 1447 965 2055
1822 1439 2179 1705
1971 1431 2346 1797
2254 1406 2496 1705
1389 1397 1589 1680
540 1397 715 1614
349 1389 640 1622
2005 1381 2238 1572
540 1381 757 1730
0 1372 183 1597
865 1347 1098 1605
1214 1339 1406 1622
2654 1322 2887 1514
2429 1306 2753 1639
2362 1297 2637 1514
1797 1297 2013 1522
407 1297 848 2371
2953 1289 3120 1672
2803 1289 3061 1647
1547 1289 1963 1830
2096 1281 2329 1480
1264 1272 1622 1738
1622 1264 1905 1497
773 1239 956 1555
1938 1223 2171 1422
2171 1206 2471 1480
2570 1173 2837 1397
2812 1164 3078 1464
357 1164 657 1414
1813 1156 2005 1339
931 1156 1256 1622
782 1139 956 1331
1189 1114 1364 1447
1946 1089 2188 1272
0 1081 424 1672
981 1073 1231 1339
1747 1056 2005 1306
682 1056 931 1281
2545 1048 2787 1214
2737 1023 2903 1264
1497 1023 1872 1206
2837 1006 3120 1322
2654 990 2878 1173
424 990 607 1231
208 981 449 1264
1198 965 1705 1364
1040 940 1289 1189
74 940 291 1156
499 923 807 1372
2196 915 2612 1297
1289 915 1664 1164
2545 898 2762 1098
632 898 823 1164
2412 848 2645 1040
1788 832 2038 1106
773 823 1023 1164
981 807 1322 1164
915 807 1131 1164
1322 765 1580 1015
0 765 357 1131
2421 723 2620 965
1938 723 2196 1123
2670 715 2920 1056
2845 707 3120 1056
1497 690 2005 1131
690 690 948 981
1139 657 1422 906
2446 648 2753 931
1630 615 1805 890
257 615 624 1081
1356 599 1539 840
748 565 981 732
432 557 690 881
2895 549 3120 848
241 532 557 707
2296 507 2520 698
2629 499 2961 798
1996 490 2487 1156
607 482 815 757
2196 457 2362 648
1921 449 2121 640
1672 440 2005 815
1464 357 1738 565
0 349 307 832
499 341 715 615
1639 332 1863 532
565 324 748 490
682 299 1056 632
2421 291 2903 690
2055 282 2279 490
873 282 1738 915
1264 266 1522 565
2371 199 2654 449
1006 199 1181 524
740 199 1098 391
2828 191 3120 532
2171 174 2479 590
2080 149 2288 366
449 149 665 457
108 141 524 707
1447 133 1664 374
599 124 773 382
1905 116 2113 366
2537 99 2912 382
2138 24 2437 257
357 16 707 257
0 8 307 407
2870 0 3120 291
2587 0 2903 174
2437 0 2712 232
2063 0 2554 166
1580 0 2030 474
1314 0 1530 199
773 0 1056 316
582 0 832 166
249 0 590 166
66 0 266 174
324 807 1297 2371
815 1539 1297 1996
815 1572 1297 1996
324 807 1131 2371
0 0 3120 3236
815 1572 1256 1896
2471 1838 2845 2204
1306 440 3120 3236
1555 440 3120 3236
1306 1397 1872 2096
1389 1397 1872 2005
1847 1431 2387 2046
1847 1431 2346 2046
0 1797 2263 3536
0 2903 3120 4160
1306 1930 1514 2096
1447 3644 1805 3993
1189 1114 1589 1622
0 0 3120 2429
0 3286 3120 4160
0 0 1098 2429
1530 1730 1872 1930
607 0 3120 2146
640 657 2346 2146
1622 1056 2346 1497
1214 1206 1589 1622
1480 1896 1988 2337
2645 3536 3120 4035
607 3735 1173 4101
124 3577 515 4010
607 0 3120 1131
1347 2487 1863 3095
1514 1930 1688 2196
1921 1431 2346 1830
324 1156 1031 2371
324 1239 956 2371
607 3752 923 4101
690 3752 923 4101
2920 424 3120 615
83 2903 3120 3677
1372 2487 1863 3095
316 3469 1297 3885
640 657 2013 2146
2770 2446 3003 2762
1805 3594 2238 4126
1805 3594 2154 3927
316 3469 1297 3677
1489 2487 1863 2928
1489 2637 1730 2928
0 0 1098 2337
2288 3436 2545 3768
1555 1048 2787 2437
2254 3436 2720 3893
199 3968 582 4160
2296 2346 2537 2587
2196 457 2520 698
0 1930 2263 3536
1805 3594 2080 3927
1564 2271 2263 3269
1564 2337 2254 3269
1564 2787 1971 3269
83 3086 3120 3677
2254 2903 2487 3128
1747 1056 2346 1306
1755 2337 2254 2995
316 1797 1164 2887
0 1930 1988 3536
1822 1206 2329 1705
0 3452 449 4160
0 3452 266 4018
0 3452 266 3785
1555 1206 2753 2437
2346 3436 2720 3893
399 3286 3120 4160
0 2204 1589 3536
640 657 1872 2146
931 657 1872 2146
931 657 1322 1622
931 807 1322 1622
981 807 1322 1339
0 0 1023 2337
640 1447 1189 2113
640 1447 1006 2055
316 3469 1223 3677
1181 915 1872 2146
1198 915 1872 1364
565 1930 1988 3228
1946 1089 2346 1272
2429 3095 2862 3311
1905 116 2121 640
1905 116 2121 465
1755 2412 2171 2995
74 3710 449 4160
74 3818 432 4160
1322 599 1705 1015
1555 1306 2753 2437
1555 1406 2612 2437
1971 1406 2612 2071
848 1664 1189 2113
1971 1406 2496 1980
1372 2820 1705 3095
83 1564 565 2337
83 1722 490 2337
83 1822 424 2337
1555 1830 2421 2437
1555 1905 2354 2437
1988 1905 2354 2437
2096 3286 3120 4160
2096 3286 3120 3785
399 3419 2337 4160
2146 3644 3053 4160
2146 3702 3053 4160
898 1963 1988 2471
1672 440 3120 3236
690 3469 1223 3677
2146 3810 3053 4160
399 3727 1256 4160
1822 1381 2238 1705
0 3186 266 3536
1672 440 3120 2138
0 2204 1589 3452
582 2753 906 3228
640 2820 906 3228
2146 3843 3053 4160
2146 3843 2936 4160
2096 3286 3120 3685
2113 3286 3120 3685
2346 3286 3120 3685
2562 3286 3120 3685
1322 698 1705 1015
1822 1797 3120 3236
0 0 1023 2221
1148 2005 1988 2471
807 3419 2337 4160
1464 332 1863 565
432 3835 1256 4160
807 3419 2337 4126
565 1930 1847 3228
1198 965 1872 1364
2412 723 2645 1040
1322 3868 2221 4160
2629 3286 3120 3610
565 1930 1847 2903
632 1930 1847 2728
807 3419 2204 4126
2570 1023 3078 1788
2828 1830 3120 2645
2828 1830 3120 2496
2828 2229 3070 2496
1938 0 3120 798
2146 3843 2762 4160
1547 1289 2013 1830
2055 0 3120 798
807 3436 2005 4126
807 3619 1564 4126
807 3619 1356 4010
1855 3419 2204 3610
1822 2421 2371 3236
582 3902 1256 4160
582 3943 1173 4160
807 3619 1356 3976
1996 3086 3120 3394
2146 3086 3120 3394
2146 3111 2895 3394
1364 3436 2005 4126
1372 3436 2005 4126
1372 3436 2005 3735
0 0 773 2221
41 1422 457 2021
41 1514 457 2021
607 0 2030 1131
2063 0 3120 798
1181 1272 1622 2146
424 823 1023 1372
632 2038 1306 2421
499 823 1023 1372
632 823 1023 1281
2570 1164 3078 1788
2570 1164 3078 1639
2570 1164 3078 1464
1181 1555 1539 2146
565 2421 1664 2903
565 2421 1281 2778
2204 1797 3120 3186
2204 1980 3120 3186
2229 1797 2695 2496
2204 2753 2371 3169
449 149 715 615
1822 2978 2154 3236
0 2204 1073 3444
632 2179 1306 2421
1555 1963 2179 2312
2654 1322 2887 1639
923 3011 1589 3452
923 3011 1472 3452
1089 3078 1472 3452
1547 3652 1913 4126
0 1672 274 2221
0 0 773 1672
249 0 773 382
790 1988 1847 2728
1672 440 2753 1297
357 16 773 382
0 0 690 1672
83 3194 2071 3677
91 3003 457 3228
0 0 657 1672
349 1164 657 1622
2271 1980 3120 3186
1921 2421 2371 3228
2545 549 3120 2138
2545 549 3120 1980
873 0 2030 1131
1264 0 1664 565
1264 33 1664 565
1264 133 1664 565
1630 3652 1913 4126
948 2346 1847 2728
2629 3286 3120 3519
582 3943 981 4160
948 2346 1847 2654
2063 0 2712 257
2171 0 3120 798
2146 3852 2579 4160
0 0 624 1672
83 3344 740 3602
0 2204 1073 3402
2271 1980 3120 3053
923 3011 1314 3419
2063 0 2554 257
1040 3194 2071 3677
607 199 1181 981
607 199 1181 757
2654 1980 3070 2396
2271 2188 3120 3053
2271 2296 3120 3053
2271 2354 3120 3053
2271 2487 3120 3053
0 8 624 1672
0 981 449 1672
2171 99 2961 798
2271 2562 3120 3053
2271 2562 2995 3053
1040 3194 1896 3677
632 898 931 1281
682 199 1181 632
1497 615 2005 1131
1672 440 2612 1297
2670 549 3120 1672
0 8 624 1131
0 8 524 832
2171 99 2912 690
2670 715 3120 1672
2803 1006 3120 1672
49 3111 399 3444
2803 1289 3120 1672
2421 99 2912 690
2845 549 3120 1056
0 615 624 1131
2828 0 3120 532
873 0 1738 915
0 2204 624 3103
0 8 524 707
1597 1173 2005 1339
1497 1223 2371 2046
324 1064 1264 2479
324 1064 1256 2479
324 1139 1256 2479
324 1139 1056 2479
324 1139 1056 2371
324 1148 940 2371
848 1456 1264 2030
1223 3386 1896 3694
2354 3852 2570 4160
2337 3444 2562 3777
1447 3677 1896 4068
2179 2695 2487 3136
1256 2080 2113 2928
657 1148 1256 1980
1223 3619 1439 3927
2046 299 2279 574
0 3719 341 4076
657 1331 1123 1980
1597 3694 1896 4068
1547 1281 2371 2046
1547 1281 2271 2046
1547 1281 2221 1971
599 773 2920 3186
1780 1056 2329 1522
1788 1056 2329 1381
599 1647 1880 2662
915 773 2920 3186
915 773 2554 2321
574 3569 1306 4160
574 3635 1306 4160
49 3194 399 3469
124 3203 399 3469
324 2346 1356 3095
1580 3128 1980 3328
1680 1306 2920 3186
540 0 832 166
2629 3328 3120 3669
499 881 782 1397
1223 3386 1896 3660
1855 1306 2920 3186
1089 890 2554 2321
324 2346 748 2787
2629 3328 3120 3635
1896 1156 2312 1381
607 3735 1306 4160
832 3760 1306 4160
0 0 3120 3194
1788 0 3120 3194
790 1872 1880 2662
1788 1056 2329 1289
2229 0 3120 3194
1863 1306 2920 2679
2437 1306 2920 2196
1089 890 1896 2154
1131 1264 1713 2154
1547 1281 1996 1971
2263 0 3120 3194
1780 1289 2013 1522
0 0 2188 2870
0 1988 3120 4160
457 1988 2246 3228
457 1988 1963 3228
0 2712 3120 4160
2321 3952 2512 4160
2745 199 2945 424
1489 1198 2554 2321
1489 1198 2537 2321
648 2753 1356 3095
740 2254 1547 2637
1988 3053 2437 3253
1223 3436 1639 3660
2629 3386 3120 3635
0 0 2188 1805
0 3311 1023 4160
1489 1198 2496 2321
0 1389 698 2870
2371 0 2712 183
707 3011 3120 4160
1489 1231 2496 2321
2080 1231 2496 2154
1489 1730 2129 2321
0 2712 1580 3469
391 3602 823 4160
0 2712 1580 3461
2712 3910 3120 4160
391 3602 657 4160
1464 282 1738 565
707 3111 3120 4160
2612 3644 3061 4018
1281 3361 3120 4160
2346 3486 3120 4160
2520 3486 3120 4160
2529 3486 3120 4035
732 1988 1214 2254
2121 3810 2496 4160
0 2712 1580 3419
1123 2321 1480 2512
1281 3361 2579 3902
41 0 391 407
41 66 391 407
565 2354 1131 2770
715 0 1056 316
2263 116 3120 3194
2104 1231 2496 2138
2104 1231 2496 1955
2263 199 3120 3194
2537 116 2903 440
1098 3619 2254 4160
1214 3669 2254 4160
1214 3810 2254 4160
1281 3361 2579 3843
1281 3444 1988 3735
1281 3486 1672 3735
149 1389 698 1730
848 3560 1164 3893
0 3311 1023 3760
2279 1223 3120 3194
2654 1223 3120 1930
2520 3843 2986 4160
2263 199 3120 1397
2387 199 3120 1397
1863 1888 2670 2679
0 1406 216 1805
0 0 2188 1672
1855 3361 2579 3843
2412 199 3120 1397
1064 3020 1580 3386
2745 2246 3120 2645
2745 2379 3120 2645
2279 1788 3120 3194
0 532 723 1672
0 2712 1189 3419
2928 1788 3120 2288
2279 2038 3120 3194
2321 2038 3070 2745
0 0 2188 1131
0 0 798 832
599 0 2188 1131
2279 2562 3120 3194
