0 0 3120 4160
2304 2853 2512 3203
1322 1139 1921 2820
1456 1139 1921 2820
1564 1139 1921 2728
1564 1139 1921 2529
673 3286 923 3585
1589 3053 1805 3427
1564 1139 1921 1664
1647 1139 1921 1497
440 1414 748 1896
1755 3552 1980 3785
1381 2870 1555 3095
624 1098 1006 1447
1589 3053 1805 3411
2487 3927 2753 4093
2080 2654 2520 3802
1863 1181 2213 1605
83 1713 499 2013
133 1713 499 1955
1555 3577 1772 3868
1664 1622 1830 2529
840 3752 1256 4043
948 3752 1256 4043
1838 3278 2121 3768
1838 3278 2113 3602
2745 3070 2970 3369
2712 1431 3120 1747
2712 1431 3120 1697
2837 1431 3120 1697
482 2579 848 2928
1031 49 2005 823
1031 49 2005 748
341 1980 673 2279
341 1980 599 2188
590 0 990 324
1722 748 2096 981
2454 2188 2920 2687
2454 2188 2870 2679
2612 2279 2870 2679
1414 2429 1655 2737
0 3810 640 4160
2080 2654 2321 3802
2080 2787 2321 3802
765 2254 1248 2695
765 2254 1148 2695
765 2254 1098 2695
2146 1713 2487 2138
2146 1805 2487 2138
1031 282 1480 723
2645 557 3120 1331
2645 832 3120 1331
2737 890 2978 1331
2379 1647 2986 2104
2379 1647 2986 2071
2496 1647 2986 2071
1647 1655 1813 2728
2238 1921 2487 2138
1356 49 2005 748
2312 2762 3078 3386
765 2254 1098 2687
1672 3061 1963 3494
1672 3061 1946 3494
1164 1031 1738 2104
1173 1797 1514 2104
1223 1797 1514 2104
890 3402 1256 3635
1730 2246 2454 3461
2312 2870 3078 3386
2312 2870 3078 3361
2312 2953 3078 3361
2437 2953 3078 3361
2604 2953 3078 3319
2645 2953 3078 3219
2936 2046 3120 2429
1888 2587 2454 3461
1888 2587 2454 3411
1888 2662 2279 3411
1888 2887 2279 3411
1630 3361 3120 4160
1630 3727 2063 4160
1822 91 2113 557
391 2562 881 3352
391 2562 881 3244
0 0 1364 1955
1905 2005 2554 2687
1905 2005 2163 2271
0 1289 732 1822
0 3278 257 3735
0 3278 257 3635
1980 2961 2279 3411
0 0 1256 1955
615 715 1256 1955
998 715 1256 1114
2645 0 2961 382
2645 0 2961 316
2645 0 2928 316
2745 16 2928 257
2496 1647 2986 1963
0 3843 640 4160
2021 2055 2554 2687
1164 1031 1738 2080
2021 2055 2554 2645
615 1023 1223 1955
615 1023 1223 1938
615 1023 1223 1822
615 1331 981 1822
1946 3361 3120 4160
1946 3635 3120 4160
391 2562 757 3144
0 0 1064 1472
424 690 1064 1364
482 690 1064 1364
1073 2961 1930 4143
1073 2961 1930 4068
1306 3635 1872 4026
1822 241 2113 557
2645 0 2878 316
2279 848 3120 1722
2304 848 3120 1722
2304 1439 2795 1722
2637 848 3120 1622
2637 848 3120 1597
2637 1106 2995 1597
1780 3228 1963 3486
1139 3569 1580 4068
2254 2146 2554 2645
2254 2146 2554 2437
665 2920 881 3244
391 2562 757 3111
133 1672 524 1888
0 0 873 1472
0 0 815 1472
2046 3635 3120 4160
2088 3635 3120 4160
2088 3635 2778 4160
1073 2961 1930 3868
1081 2961 1930 3868
1081 2961 1705 3868
2088 3635 2620 4160
2088 3652 2545 4160
2138 3818 2545 4160
2570 3685 3120 4160
0 2021 715 3120
0 2021 715 2995
1164 1106 1680 2080
1164 1655 1680 2080
1422 1788 1664 2080
2720 3685 3120 4160
1081 2961 1614 3868
1073 2163 1664 2870
1073 2163 1580 2870
1073 2354 1497 2870
0 0 815 1064
0 0 673 499
465 0 3120 3086
1015 432 2063 1223
1073 432 2063 1098
1073 590 1863 1098
1073 640 1672 1098
1073 640 1664 1056
2271 2304 2554 2645
2454 2188 2695 2662
2637 1106 2986 1597
2637 1106 2986 1456
2928 848 3120 1456
1747 1223 3120 3086
2129 1223 2304 1522
1747 1406 3120 3086
0 166 815 1064
0 166 499 923
0 2021 715 2604
1081 3003 1614 3868
0 1156 3120 4160
0 1705 1114 2421
399 1705 1114 2088
807 1023 1223 1572
807 1156 1223 1572
465 0 3120 1431
1639 832 1971 1148
1164 0 3120 1431
1073 2462 1439 2870
0 1788 557 2421
2720 3760 3120 4160
2737 3760 3120 4160
232 158 482 440
416 3577 1730 4160
416 3644 1730 4160
416 3669 1730 4160
416 3669 873 4160
565 3727 873 4160
1073 640 1406 1056
1106 3003 1614 3868
1356 3727 1872 4026
1015 823 1539 1223
1015 898 1539 1223
83 3394 257 3635
507 1705 1114 2055
582 1705 1114 2055
1747 1406 3120 2986
2645 2013 3070 2986
2770 2013 3070 2612
1747 1406 3120 2679
1164 257 1356 524
0 2437 366 2995
0 2437 324 2995
0 2437 191 2787
465 0 1747 931
465 108 1223 931
465 274 1223 931
707 3785 1730 4160
707 3785 1639 4160
707 3877 1639 4160
707 3877 1356 4160
1223 2163 1580 2446
2920 3760 3120 4101
1747 1406 3120 2645
0 690 707 1472
1131 3003 1614 3644
1214 3003 1614 3502
1248 3003 1614 3402
1248 3003 1564 3286
1331 0 3120 1431
0 1156 3120 4018
1181 2645 3120 3993
1439 2662 3120 3993
1489 2662 3120 3993
1847 590 2238 1281
1847 848 2238 1281
2437 2562 2712 2936
1655 2662 3120 3993
1855 3103 3120 3993
1148 2462 1439 2753
2778 91 3003 615
2778 299 3003 615
2737 3935 3120 4160
2645 1722 2986 1963
0 1888 557 2421
2920 3935 3120 4160
2021 3103 3120 3993
2046 3103 3120 3860
2354 3103 3120 3760
1963 873 2238 1281
923 3877 1356 4160
1422 1863 1664 2080
2354 3103 3120 3744
2479 3103 3120 3744
0 1156 1547 4018
515 2912 1156 3519
515 2912 1056 3519
515 3003 990 3519
515 3045 931 3519
515 3228 807 3519
0 0 673 424
2479 3161 3120 3744
2479 3161 3120 3644
2479 3161 2862 3644
2479 3236 2862 3644
391 2862 757 3111
682 1156 1547 2679
682 2038 1006 2362
2778 3203 3120 3461
881 1156 1547 2679
881 1456 1497 2679
2645 2404 3053 2986
1156 1156 1547 1747
881 1722 1497 2679
1655 2662 2129 3319
2437 0 2728 266
2296 2670 2812 3086
2362 2704 2812 3086
0 765 707 1472
116 1139 424 1314
1297 3918 1639 4160
1156 1439 1547 1747
2795 282 3120 832
2304 1622 3120 2271
2487 1622 3120 2246
1331 0 2986 1431
2637 1622 3120 2179
1747 1406 2687 2645
1747 1406 2487 2645
0 1930 1456 4018
341 3427 1164 3927
2645 2662 2978 2986
2487 2046 2870 2246
1747 1406 2304 2645
1747 1406 2204 2587
1747 1406 2204 2579
1747 1805 2063 2579
1747 1913 2063 2579
1747 1963 2063 2579
881 1772 1497 2679
1006 1772 1497 2679
1006 2063 1497 2679
1006 2063 1447 2679
1006 2088 1347 2679
1006 2271 1347 2679
1747 2046 2063 2579
1747 2046 2038 2387
840 0 1747 524
99 2204 715 2604
507 1930 856 2254
2013 91 2986 1431
2013 91 2271 682
232 2005 557 2421
0 0 673 332
0 2171 1456 4018
0 2171 1281 4018
1963 3169 2246 3727
2063 124 2986 1431
2304 124 2986 1015
1772 2662 2129 3319
2146 1514 2487 1996
2421 199 2986 1015
2545 457 2737 757
0 2171 1015 4018
0 2387 1015 4018
1048 2853 1456 3103
0 2512 673 4018
0 2554 673 4018
208 2554 490 2803
0 2745 673 4018
74 0 673 332
0 765 557 1472
615 3427 1164 3927
2063 499 2654 1431
2063 499 2545 1431
2063 1056 2545 1431
1788 1406 2204 2038
1788 1406 2204 1855
582 2387 1015 2662
2088 499 2529 1123
2163 499 2529 1123
2163 499 2529 973
840 3311 1256 3502
2512 199 2986 1015
1089 0 1747 374
2512 199 2986 998
515 274 1223 931
0 2945 673 4018
2645 282 2986 998
1331 0 2163 515
1331 116 1930 515
1772 2662 2129 2970
515 274 1123 931
0 2945 673 3927
41 2945 673 3902
216 3594 524 3902
41 2945 673 3810
41 2945 599 3810
41 2945 524 3810
141 2945 524 3577
141 2945 524 3486
174 2945 524 3286
707 274 1123 582
0 765 507 1472
0 765 507 1264
41 765 507 1214
274 0 673 332
515 391 998 931
1497 3985 1730 4160
1655 3976 1847 4143
1297 3960 1572 4160
2138 3952 2504 4160
2046 3943 2321 4160
582 3935 757 4160
0 3935 341 4160
2487 3927 2695 4093
1946 3927 2238 4160
1439 3918 1639 4093
707 3893 998 4160
1339 3885 1514 4068
1173 3877 1356 4160
1630 3860 2021 4160
2570 3843 2820 4043
83 3843 640 4160
2246 3818 2545 4026
2129 3818 2329 3993
2021 3802 2196 3993
2920 3760 3120 3993
291 3735 490 3902
1738 3727 2063 3910
1356 3727 1713 3927
565 3727 873 4093
2795 3710 3120 3935
2545 3710 2778 3943
0 3710 299 3927
416 3669 723 3902
2088 3652 2379 3935
574 3644 765 3860
2421 3635 2620 3827
1106 3635 1289 3868
1946 3602 2138 3785
2529 3577 2720 3744
1139 3569 1580 3968
1788 3552 1980 3760
2620 3536 2787 3827
915 3527 1164 3927
632 3519 832 3793
41 3519 440 3810
1855 3511 2121 3768
341 3486 673 3744
1131 3477 1497 3644
2662 3469 3070 3760
615 3427 923 3644
1838 3411 2113 3602
2679 3402 2862 3569
2046 3394 2412 3860
2354 3386 2587 3710
1564 3377 1930 3602
2071 3369 2246 3727
2820 3361 3120 3719
1439 3328 1664 3569
515 3328 782 3519
158 3328 457 3577
840 3311 1056 3477
673 3286 865 3486
0 3278 199 3452
2279 3253 2520 3469
2479 3236 2853 3644
632 3228 807 3402
2080 3219 2321 3802
1214 3211 1572 3502
382 3211 599 3436
2895 3203 3120 3461
1672 3194 1921 3494
1605 3194 1772 3427
1081 3186 1256 3394
141 3186 449 3486
2354 3178 2545 3386
1963 3169 2171 3502
848 3169 1123 3402
440 3169 732 3352
1597 3153 1805 3411
2437 3103 2645 3361
1780 3061 1946 3253
174 3061 524 3286
0 3053 282 3269
732 3045 931 3311
1980 3036 2213 3203
2645 3020 2961 3219
981 3011 1156 3253
1306 3003 1547 3219
815 3003 990 3194
1073 2978 1314 3278
549 2953 740 3144
191 2945 449 3120
1655 2928 1888 3253
2920 2920 3120 3211
690 2920 881 3128
807 2912 1056 3219
1805 2895 2129 3319
1888 2887 2171 3061
0 2887 232 3120
2337 2870 2737 3128
391 2862 757 3045
1106 2853 1456 3045
2704 2828 2870 3003
1489 2820 1838 3086
940 2820 1131 3020
2496 2787 2812 3086
2795 2762 3045 3028
0 2753 324 2995
141 2745 482 3011
1772 2728 2129 2970
2362 2704 2604 2953
1439 2695 1797 2912
1988 2687 2154 2878
2296 2670 2487 2995
2737 2662 2978 2986
2645 2662 2862 2870
2537 2662 2712 2936
2063 2662 2229 2928
1073 2654 1372 2870
1181 2645 1505 2887
773 2645 1006 2961
873 2595 1281 2920
482 2587 848 2928
615 2579 823 2787
0 2579 183 2787
449 2562 624 2920
291 2554 490 2803
1164 2529 1431 2753
1456 2512 1647 2820
1148 2462 1439 2670
166 2462 366 2728
1006 2437 1264 2679
0 2437 191 2728
1863 2429 2263 2679
740 2412 1015 2662
2862 2404 3053 2670
582 2387 807 2604
1772 2362 1955 2595
99 2346 574 2604
765 2312 948 2554
2612 2279 2870 2620
915 2254 1098 2687
2454 2246 2695 2662
1730 2246 2071 2795
1830 2238 2063 2579
2770 2213 3045 2612
507 2204 715 2537
2487 2188 2670 2396
1921 2188 2171 2587
1747 2179 1921 2387
632 2171 865 2404
1223 2163 1414 2346
682 2163 973 2362
2271 2146 2554 2437
2645 2129 2920 2446
2213 2129 2412 2371
91 2129 316 2362
232 2121 557 2421
1306 2104 1497 2321
1098 2088 1289 2312
1971 2063 2163 2271
2021 2055 2346 2545
2562 2046 2870 2246
2487 2046 2654 2213
1755 2046 2038 2296
881 2038 1189 2396
807 2038 1006 2254
1322 2030 1547 2229
2304 2021 2562 2271
0 2021 307 2554
2845 2013 3070 2271
257 2005 424 2179
507 1988 757 2254
1763 1963 1938 2171
1497 1946 1672 2529
640 1930 856 2229
2254 1921 2487 2138
2404 1913 2645 2088
2637 1905 3020 2179
2537 1896 2762 2104
0 1888 474 2096
399 1872 615 2088
507 1863 707 2046
2146 1805 2329 2046
1772 1805 1946 2038
790 1805 1114 2055
1347 1797 1514 2080
1223 1797 1397 2104
1472 1788 1647 2021
1006 1772 1306 2138
1980 1763 2196 2038
2645 1755 2961 1963
133 1755 474 1955
2695 1722 2986 1905
149 1713 499 1930
2221 1705 2487 1996
1888 1705 2088 1971
582 1705 990 1955
1946 1672 2154 1863
1164 1655 1680 1955
2496 1647 2795 1963
2762 1630 2945 1863
2878 1622 3120 1963
0 1597 216 1822
2254 1580 2687 1822
1788 1547 2013 1855
898 1522 1156 1938
2146 1514 2321 1888
440 1505 748 1896
1347 1489 1547 1747
307 1464 582 1705
990 1456 1347 1847
2712 1447 2936 1664
2437 1439 2795 1722
2179 1439 2362 1680
1156 1439 1381 1730
2837 1431 3011 1672
440 1414 665 1680
1955 1406 2204 1772
2362 1381 2529 1597
1863 1381 2121 1605
615 1372 981 1822
2695 1322 2912 1597
2936 1314 3120 1622
1564 1314 1921 1664
2138 1297 2304 1522
2387 1289 2712 1547
183 1289 732 1688
0 1231 282 1647
2129 1223 2304 1447
1248 1214 1472 1497
1888 1181 2213 1480
1647 1173 1896 1497
307 1173 524 1406
807 1156 1123 1489
241 1148 424 1314
2288 1114 2545 1431
0 1114 382 1472
2737 1106 2986 1456
1547 1106 1847 1597
1306 1106 1647 1780
2063 1056 2321 1347
2254 1031 2471 1206
1530 1031 1738 1223
2928 1023 3120 1456
973 1023 1181 1239
2737 956 2978 1331
1015 956 1314 1181
2537 948 2837 1206
482 931 965 1364
1480 915 1672 1098
1763 906 1971 1148
1148 898 1539 1223
341 890 599 1106
291 881 507 1214
0 881 241 1264
2437 873 2654 1131
2213 856 2446 1123
1073 856 1356 1056
1847 848 2113 1164
2645 832 3120 1015
1639 832 1822 1089
1863 790 2096 981
1397 773 1664 981
41 765 332 1073
2263 748 2504 965
1722 748 2046 915
2545 715 2787 1015
382 707 632 990
2753 698 2986 998
832 690 1064 1015
266 690 507 940
2163 640 2337 973
1139 640 1406 898
2404 624 2604 931
2895 615 3095 890
1572 590 1863 915
482 582 657 807
715 574 998 923
2795 540 3036 832
357 540 815 1064
1797 515 2121 840
832 515 1064 690
2263 499 2529 790
1863 499 2030 673
1064 474 1364 782
2046 440 2271 682
1788 432 2063 599
0 432 499 923
2421 399 2637 898
515 391 815 931
1713 382 1963 590
707 382 1073 582
1131 374 1480 723
1056 349 1223 590
0 349 174 773
2138 341 2304 599
2163 332 2471 607
465 332 698 590
1164 324 1356 524
183 324 399 499
2928 282 3120 574
2645 282 2853 798
2520 282 2745 465
1031 282 1372 574
2920 274 3103 474
757 274 1123 482
1173 257 1347 424
1913 241 2113 557
282 241 482 440
2512 199 2720 382
615 191 873 457
0 166 316 599
0 158 257 424
1331 141 1780 515
2304 124 2520 391
2679 108 2878 316
765 108 1098 341
2837 91 3003 307
2496 91 2720 266
2013 91 2263 524
1930 91 2096 391
324 83 773 599
1372 49 2005 748
2121 24 2321 224
274 24 507 332
2862 16 3120 332
2920 0 3120 232
2138 0 2520 183
1780 0 2163 183
1555 0 1838 208
1206 0 1747 374
1089 0 1456 216
840 0 1347 524
590 0 956 324
474 0 682 274
399 0 673 232
74 0 424 249
1497 1622 1830 2728
1547 1106 1988 1597
1497 1655 1813 2728
0 0 1930 4160
1547 1106 1896 1597
2080 2554 2537 3802
2080 2587 2454 3802
2487 1872 2762 2213
307 1414 665 1705
565 0 3120 4160
565 2271 3120 4160
2704 2753 2920 3003
2179 2146 2554 2454
1040 2263 1248 2496
2936 2271 3120 2995
590 0 1647 823
590 0 1647 723
2379 1730 2570 1946
515 582 1930 3602
565 2662 3120 4160
590 0 1480 723
1447 2204 1664 2371
2828 848 3120 1081
565 2762 3120 4160
391 2046 673 2279
1497 1946 1780 2728
1089 0 3120 3727
1655 1106 3120 3727
1089 0 3120 1822
0 0 1431 4160
0 158 482 599
0 158 399 599
2080 3128 2271 3461
1414 2429 1655 2820
2279 2762 3045 3469
2279 3020 2961 3469
2279 3086 2762 3469
2279 3103 2645 3469
2279 3153 2545 3469
357 540 856 1073
565 2820 3120 4160
1664 2662 2046 2887
890 3402 1564 3677
890 3402 1497 3644
765 0 1480 723
2487 1896 2762 2213
2129 1223 2529 1680
2129 1223 2429 1680
515 898 1930 3602
973 1156 1381 1730
2745 3070 3011 3444
1414 2429 1647 2820
2304 1381 2529 1605
807 3752 1256 4043
2762 0 2961 257
2088 881 2288 1106
2637 1106 2995 1664
0 0 1431 2088
898 582 1156 1114
1480 2820 1838 3411
1173 1797 1397 2104
1564 1139 2121 1664
0 1755 1281 4160
565 2920 3120 4160
1547 3061 2138 4026
1555 3061 2138 3927
1672 3061 2138 3927
1855 3511 2138 3785
915 582 1156 807
2437 3976 2662 4160
1713 91 2113 673
1713 241 2113 673
1788 241 2113 673
1655 1406 3120 3727
2404 1647 2986 2088
2404 1647 2795 2088
807 3843 1056 4043
1381 2870 1580 3278
1564 1314 2121 1664
2770 1772 3120 2612
898 657 1131 1114
682 898 1930 3602
1672 3061 2113 3927
1672 3061 2113 3910
682 1256 940 1464
515 2920 931 3486
1788 241 2113 599
582 1664 1114 2055
1888 2662 2279 3244
2063 2662 2279 3244
2778 3103 3011 3444
1888 2887 2213 3203
1763 1805 2163 2271
1763 1805 2088 2171
1763 1963 2088 2171
2046 3577 2820 4160
2046 3577 2720 4160
765 0 1356 524
2138 3577 2720 4160
2179 1331 2429 1680
2845 1772 3120 2271
0 1505 748 2088
149 1505 748 2088
1098 1156 1381 1730
1480 2820 1838 3402
0 0 1431 1822
2953 2362 3120 2995
2945 848 3120 1081
1356 499 1647 690
1306 2030 1547 2321
2246 3577 2720 4026
149 1713 707 2088
149 1713 615 2088
1722 590 2138 915
1738 3552 2063 3910
2778 3211 2970 3444
2271 2188 2695 2662
1672 3061 2113 3602
615 2579 890 2795
0 1755 474 2188
2246 3635 2620 4026
565 3519 1339 4160
682 2038 1098 2687
1888 624 3120 1822
2404 624 3120 1672
2737 956 3120 1672
2837 1023 3120 1672
2928 1023 3120 1622
565 3519 998 4160
2279 3178 2545 3469
2620 3536 2862 3852
2354 2188 2695 2662
1089 0 3120 1281
1397 773 1847 1223
1672 3194 2113 3602
1073 823 1431 1056
2878 1772 3120 2263
2795 540 3120 890
1106 2920 3120 4160
1106 3386 2587 4160
1106 3394 2412 4160
2046 3394 2412 3935
0 1930 1281 4160
1098 2088 1347 2545
440 3169 807 3402
765 0 1347 524
2895 615 3120 890
1480 832 1847 1223
665 2920 931 3486
1106 3569 2329 4160
2479 2920 3120 4160
2404 624 3120 1015
807 898 1930 3602
807 2645 1930 3602
1181 2645 1797 2912
1888 948 2837 1822
1106 3569 2238 4160
0 3278 640 4160
0 3278 199 3735
2404 624 2787 1015
1763 0 3120 1281
0 1597 216 1971
0 1930 1281 3927
807 2820 1930 3602
840 3311 1364 3519
1106 3569 1639 4160
1139 3569 1639 4160
1173 3877 1639 4160
565 3644 998 4160
2479 3161 3120 4160
2479 3236 3120 4160
2545 3361 3120 4160
2545 3710 3120 4160
1655 2687 2246 3727
1730 1406 3120 3128
1730 1406 2562 2795
1730 1406 2487 2795
1730 1672 2487 2795
1730 1921 2487 2795
2213 1921 2487 2371
108 2462 490 2803
2679 3361 3120 3785
2679 0 3120 316
2837 0 3120 307
807 898 1680 2753
1006 2063 1580 2753
1198 2063 1580 2446
1730 2046 2387 2795
166 2462 490 2803
1838 1672 2329 2055
1888 1672 2329 2046
1888 1672 2196 2038
1946 1672 2196 2038
0 1597 216 1938
1480 832 1822 1098
1497 3860 2238 4160
1630 3860 2238 4160
807 898 1680 2396
881 898 1680 2396
1655 2728 2246 3727
1006 2354 1497 2753
1888 1056 2795 1822
1530 973 1847 1223
1730 2046 2346 2795
1006 2437 1439 2753
0 158 399 499
1089 0 2728 915
2121 24 2529 607
807 2820 1664 3569
1763 91 3120 1281
1763 848 2238 1281
1797 91 3120 1131
1763 1406 2487 1996
1788 1406 2487 1996
0 158 316 424
1805 2895 2246 3727
1805 2895 2171 3502
2296 1622 3120 3128
2679 3361 3120 3719
2296 2046 2920 3128
2296 2129 2920 3128
2296 2279 2870 3128
2296 2562 2812 3128
2545 3710 2878 4010
2121 24 2529 490
2304 124 2529 490
0 0 1406 1822
0 0 1406 931
0 0 815 923
0 83 773 923
1747 2046 2346 2679
815 2820 1664 3569
1073 2978 1664 3569
0 3594 640 4160
2620 3827 3120 4160
0 1930 1281 3902
1763 848 2113 1164
0 3053 565 3577
673 3045 931 3486
1098 1156 1281 1572
2254 1114 2795 1822
0 3594 524 4018
0 3660 399 4018
0 3660 399 3927
565 3727 998 4160
0 1888 474 2188
1655 2728 2129 3253
1356 3727 1830 3943
815 2820 1456 3402
815 2853 1456 3402
815 3003 1123 3402
0 0 815 332
0 0 682 332
2329 873 2654 1131
141 3186 565 3577
158 3328 565 3577
0 690 981 1822
307 1114 707 1406
465 191 1406 931
465 191 1364 931
1497 590 1863 915
1755 2046 2346 2679
881 1106 1680 2396
881 1456 1680 2396
1214 3211 1664 3569
407 2953 740 3144
1755 2046 2346 2579
1755 2046 2063 2579
507 1930 865 2404
981 2853 1456 3253
1788 1406 2321 1888
2637 1156 2912 1597
1006 2437 1439 2679
0 2021 324 2995
0 2021 316 2787
1089 0 2728 748
2138 0 2728 266
0 690 599 1647
2296 2670 2812 3128
1248 1106 1647 1780
1797 91 3120 1123
2421 199 3120 998
0 2121 1281 3902
0 2745 482 3120
1888 1056 2321 1480
2288 1114 2687 1431
0 1888 474 2179
881 1456 1347 2396
898 1456 1347 2138
2512 199 3120 998
0 2021 316 2554
183 931 981 1822
2762 1622 3120 1963
1797 91 2529 1123
2013 91 2529 1123
2046 440 2529 1123
2046 440 2271 906
2213 499 2529 1123
1089 0 2163 748
41 2121 1281 3902
0 690 599 1472
99 2121 1281 2961
357 2387 1281 2961
482 2387 1281 2961
582 2387 1281 2961
582 2387 1281 2920
