0 0 4160 3120
673 1505 1023 1913
682 965 1023 1647
1539 615 2371 1231
1539 615 2271 1231
1456 2129 1713 2321
3053 1206 3719 1605
965 2329 1297 2554
2421 1289 2654 1505
2454 1297 2654 1464
2679 2221 2970 2496
898 665 2279 2088
1056 665 2279 2088
3228 166 3536 490
1597 1056 2562 2038
2837 2545 3095 2828
1597 1056 2446 2038
2030 2229 2396 2587
2030 2229 2337 2587
2030 2229 2254 2587
1297 2404 1822 2878
1297 2412 1780 2878
1297 2412 1655 2878
1297 2412 1564 2878
1297 2570 1547 2878
2063 657 2437 915
3502 2570 3835 2812
798 382 1514 1547
1738 0 2171 324
1738 0 2096 166
2279 241 2953 607
2312 0 3003 183
0 1331 449 2554
0 1331 382 2554
0 1497 382 2554
141 1980 382 2446
2279 241 2862 590
2537 906 3036 1256
2537 906 2945 1256
607 1664 1106 2670
607 1664 1089 2670
607 1664 1089 2337
798 1664 1089 2071
3053 2238 3594 2662
3111 2279 3594 2662
1780 2679 2263 3045
1780 2679 2263 2920
3236 981 4160 1938
3236 1131 4160 1938
3236 1214 4160 1938
3585 1214 4160 1713
3710 1214 4160 1713
2421 2595 2812 2862
1572 2903 2021 3120
3677 2138 4126 2554
3768 2138 4126 2337
2321 2687 3045 3120
3577 1131 3952 1372
2778 2778 3036 2961
740 2337 1297 3120
740 2504 1297 3120
216 2104 382 2446
2620 906 2945 1164
3577 2579 3835 2812
1988 2679 2263 2920
782 2337 998 2637
1347 183 1713 682
3677 2204 3960 2554
1713 615 2371 1206
898 1281 1614 2080
1006 1281 1614 2080
1006 1464 1614 2080
1114 1472 1614 2080
1281 1580 1614 1880
2787 1456 3627 2321
2787 1456 3627 2221
2787 1647 3627 2221
2787 1647 3477 2221
798 0 1198 590
1106 665 2279 2088
1688 665 2279 1605
1863 416 2129 707
440 707 973 1522
3236 1497 3735 1938
2462 2046 2828 2537
2629 2188 2828 2537
890 382 1514 1547
798 0 1189 590
898 1655 1214 1863
1364 332 3219 1805
1381 332 3219 1805
2396 690 3219 1805
2537 690 3219 1805
2537 690 3219 1680
2537 690 3219 1023
2537 690 3020 998
2912 1930 3344 2321
3011 1930 3344 2271
3011 2096 3344 2271
2554 981 3211 1680
0 948 332 1847
0 948 183 1847
0 948 183 1738
0 948 183 1630
0 948 183 1480
1381 332 2604 1164
2579 1198 2745 1805
2704 981 3211 1356
440 707 906 1522
440 707 840 1522
1356 216 1697 682
740 2787 1297 3120
832 1214 2629 2912
2146 1913 2379 2321
2845 1456 3411 1763
740 2870 1297 3120
3236 1497 3727 1822
2537 698 2845 998
3677 2321 3960 2554
3494 424 4160 923
2562 698 2845 998
3610 1664 4160 2088
3710 1664 4160 2088
1040 1281 1364 1697
1040 1281 1347 1697
3494 424 4160 856
3619 515 4160 856
832 1214 2629 2662
1456 1214 2629 2662
1456 1697 2570 2662
1456 1697 2379 2662
1456 1888 2379 2662
2787 1647 3328 2021
0 873 940 3120
798 0 1106 590
1106 673 2063 2088
765 2504 1248 2870
0 0 4160 1597
2820 923 3669 1597
2953 923 3602 1306
1456 1888 2163 2637
1422 332 2604 1164
0 0 4160 1297
3735 1664 4160 1847
3710 1730 4160 2088
798 133 1056 590
2820 1131 3669 1597
832 1855 1530 2421
1347 183 1713 357
1256 1406 4160 3120
1755 1406 4160 3120
3885 2454 4160 2778
0 1223 940 3120
2820 1131 3669 1514
2820 1181 3461 1514
0 0 1131 1131
0 0 1056 1131
682 332 1056 940
732 332 1056 940
1688 665 2279 1456
1256 2396 1980 3120
1256 2504 1980 3120
0 0 898 1131
174 0 374 316
1056 0 4160 1297
1422 366 2604 1164
1422 366 2263 1056
3710 1822 4160 2088
3710 1830 4160 2088
832 1896 1530 2421
832 1896 1439 2412
3111 0 4160 599
2412 1464 2687 1921
0 1223 782 3120
1996 1214 2629 2005
998 1896 1439 2412
1081 1996 1439 2412
3128 0 4160 599
1056 0 1996 615
1056 0 1830 615
1755 2812 2371 3120
2021 2953 2371 3120
1788 0 4160 1297
1788 0 3352 540
1946 1697 2238 2196
1056 0 1738 615
2030 1406 4160 3120
2030 2404 2529 2986
2030 2579 2462 2986
0 1431 782 3120
2820 1206 3328 1514
2080 407 4160 1297
3511 715 4160 1297
1056 0 1605 615
3644 715 4160 1297
2271 1406 4160 3120
3303 1822 4160 2587
1431 2504 1980 2970
3278 0 4160 599
3402 0 4160 599
3402 0 4160 457
2080 407 3694 998
2080 407 3544 865
2912 465 3544 840
2912 457 3694 998
2412 1464 2645 1847
2071 0 3352 540
1281 1589 1605 1880
0 0 391 1131
3169 457 3694 998
3169 615 3694 998
1056 0 1514 615
324 116 898 1098
324 515 698 1098
2878 2346 4160 3120
2878 2504 4160 3120
2920 2504 4160 3120
2920 2504 4093 3120
3194 2504 4093 3120
3194 2787 3710 3120
2920 2537 3511 2787
3169 757 3660 998
3303 1822 4160 2346
3303 1822 3918 2346
2080 407 3003 865
2080 407 2945 865
2071 0 3011 515
2071 0 2887 515
2271 1406 3244 2787
1755 2812 2221 3120
1880 2812 2221 3120
257 873 482 1431
632 116 898 715
2271 1406 3244 2554
2337 1406 3244 2529
2030 2612 2462 2986
0 0 391 1056
2337 1406 3144 2504
2396 1406 3144 2329
2446 1406 3144 2329
2637 1406 3144 2329
2487 2362 3070 2787
0 0 391 740
2055 1214 2629 2005
3194 2787 3694 3120
0 1431 782 3011
3402 0 4010 282
2080 407 2604 865
2080 407 2520 707
2071 0 2837 391
3095 2537 3511 2787
0 1763 690 3011
108 1763 690 2778
2637 1639 3144 2329
3669 2945 3935 3120
1780 2945 2021 3120
91 2936 332 3120
16 2903 232 3120
3777 2870 4076 3070
1131 2862 1431 3120
166 2862 349 3120
3386 2853 3710 3120
3194 2820 3486 3120
1955 2812 2221 3120
3461 2787 3694 3036
2812 2778 3036 2961
3976 2737 4160 3103
2321 2737 3045 3120
1256 2737 1763 3120
2878 2704 3411 3120
1780 2695 2046 2912
2545 2687 2812 2912
1988 2679 2263 2853
3153 2670 3336 2845
2837 2629 3070 2828
1431 2629 1847 2970
2188 2620 2462 2986
3253 2612 3511 2787
2030 2612 2304 2828
374 2612 940 3120
1822 2595 2096 2862
174 2587 341 2912
0 2587 191 3011
3577 2579 3835 2770
1297 2570 1547 2753
3095 2537 3311 2712
2662 2520 3070 2787
3411 2504 4093 2936
1680 2504 1980 2812
765 2504 1189 2762
1580 2471 1780 2720
0 2454 174 2662
1489 2421 1655 2637
416 2421 673 3003
1322 2412 1564 2712
3868 2404 4160 2629
2312 2404 2529 2604
1489 2404 1822 2670
1688 2396 1930 2604
1015 2387 1206 2704
2629 2362 2828 2537
2487 2362 2737 2654
2887 2346 3153 2579
782 2346 998 2637
965 2337 1131 2554
3677 2321 3960 2512
2687 2304 2912 2496
1089 2296 1505 2912
3111 2279 3594 2604
2878 2254 3244 2529
1289 2229 1464 2412
3519 2221 3802 2587
2679 2221 2970 2396
1847 2221 2163 2637
2337 2188 2662 2504
3835 2171 4160 2479
1123 2171 1397 2412
832 2163 1139 2396
3952 2154 4126 2337
3768 2138 3985 2321
1847 2138 2013 2371
3303 2088 3594 2346
3585 2055 3985 2321
2462 2046 2687 2304
3893 2030 4160 2204
690 2005 931 2670
1081 1996 1439 2238
108 1996 690 2778
2021 1980 2254 2329
2396 1963 2645 2246
3070 1930 3286 2146
998 1896 1289 2129
1456 1888 2021 2437
2446 1880 2862 2088
3710 1872 3960 2071
607 1872 965 2337
1173 1855 1422 2021
624 1847 873 2063
158 1847 324 2221
1946 1838 2238 2196
3885 1830 4160 2088
3852 1822 4051 1996
3577 1822 3918 2179
2146 1805 2570 2238
3095 1797 3477 2221
2712 1772 3144 2329
3386 1763 3627 2204
232 1763 515 2221
1314 1722 1847 2088
1597 1705 1913 2038
2870 1697 3328 2021
1946 1697 2163 1980
973 1688 1214 1863
3610 1680 3918 1863
3735 1672 4043 1847
3477 1664 3735 1938
3203 1664 3377 1863
798 1664 1031 2071
2787 1647 3261 1847
2637 1639 2878 1938
1996 1589 2204 1772
1339 1589 1605 1880
2412 1580 2629 1847
1805 1580 2071 1971
3236 1539 3727 1822
0 1497 324 2554
1114 1472 1530 2080
2437 1464 2645 1697
2080 1464 2329 1738
2845 1456 3120 1647
391 1431 782 2021
2695 1406 2986 1664
2055 1389 2371 1597
3710 1381 4160 1713
490 1381 748 1547
3053 1372 3519 1605
3053 1372 3244 1597
1872 1331 2188 1605
3768 1314 4026 1580
3585 1314 3777 1672
898 1314 1189 1730
2928 1281 3328 1514
1040 1281 1347 1647
158 1272 332 1547
374 1223 599 1672
3793 1214 4151 1480
2138 1214 2629 2005
3436 1206 3719 1555
2820 1206 3203 1497
1056 1206 1306 1489
2579 1198 2745 1439
3236 1181 3461 1480
2554 1173 2862 1680
2446 1139 2612 1397
3344 1131 3669 1306
2704 1089 3036 1356
83 1089 399 1464
3111 1081 3411 1289
2013 1081 2213 1314
1730 1056 2446 1855
682 1048 848 1281
890 1040 1114 1547
2537 1015 2737 1256
2953 990 3236 1306
3960 981 4160 1489
2146 981 2371 1181
765 965 1023 1647
440 956 840 1522
0 948 183 1347
3169 923 3602 1156
2620 923 2853 1164
66 915 332 1131
3744 898 4160 1297
1971 856 2371 1206
3511 848 3710 1064
1089 848 1514 1372
324 840 540 1098
2396 798 2704 1015
2662 790 2837 998
2188 790 2604 1164
2021 782 2263 1056
3211 757 3660 998
3644 715 4110 1139
2013 715 2179 915
798 715 1098 1056
465 707 832 1173
2362 698 2604 865
2762 690 3020 990
0 690 232 1056
2912 673 3194 940
1688 673 2146 1206
1106 673 2063 1830
2171 657 2437 915
1381 657 1664 840
1672 648 2263 1231
3452 615 3694 815
1713 615 2088 990
1539 615 2271 1214
3652 590 4160 856
682 565 856 848
2437 557 2945 748
1023 549 1306 815
3619 515 4026 765
391 515 698 906
2912 474 3178 657
965 474 1164 732
2986 465 3544 840
1996 465 2296 707
732 465 1023 940
3286 457 3552 648
2254 440 2520 707
3494 424 3677 682
1896 416 2129 707
2238 407 2412 607
2080 407 2371 624
2337 399 2862 590
973 382 1514 1356
1630 366 1813 532
1422 366 2146 965
632 341 840 715
1705 332 1913 540
2537 274 2887 515
3486 257 4160 599
2279 241 2687 465
1356 232 1697 682
1630 208 1830 382
3228 199 3536 490
1347 183 1597 357
3278 166 3502 391
1788 124 2471 432
149 124 391 424
690 116 898 399
3402 91 3627 282
3627 83 4160 457
1880 74 2171 324
1713 41 1996 449
3278 8 3486 232
3444 0 4010 249
3111 0 3369 241
2778 0 3352 540
2704 0 3003 183
2254 0 2837 341
2071 0 2471 391
1847 0 2096 166
1605 0 1830 257
1422 0 1738 224
1356 0 1605 224
1073 0 1514 615
915 0 1106 266
274 0 915 856
0 0 341 740
1347 0 4160 3120
0 0 2446 3120
1439 2138 1813 2429
682 1048 848 1347
673 1040 1189 1913
782 1040 1189 1788
890 1040 1189 1730
1347 0 4160 1164
0 0 1514 3120
166 374 540 1098
374 665 2446 3120
1456 424 4160 3120
2030 2229 3095 2961
2429 2545 3095 2961
2429 2637 2812 2862
1364 599 1664 840
2778 1564 3411 1863
2778 1564 3411 1847
2778 1564 3411 1763
374 665 2371 3120
3677 2138 3985 2554
2545 2545 3095 2961
1356 0 4160 1164
2496 2188 2970 2545
2629 2188 2970 2545
2629 2188 2912 2537
2629 2304 2912 2537
998 1888 1289 2129
832 2163 1297 2446
3136 732 3303 948
2396 424 4160 2321
0 1223 208 1847
0 1331 208 1847
0 1331 208 1772
2030 2229 2454 2895
2778 2545 3095 2961
2812 2545 3095 2961
1015 0 1198 515
1015 0 1198 474
632 116 898 848
1381 640 1664 840
3228 2520 3660 2745
3011 1930 3286 2271
2396 424 4160 2221
2146 1913 2412 2454
3677 2204 3960 2512
624 2005 1248 2704
624 2005 1206 2704
965 2337 1206 2704
2446 1139 2745 1805
457 1381 748 1580
2396 698 2845 1256
782 1547 1056 1788
2795 432 3544 607
624 2005 998 2704
690 2005 998 2670
973 665 2279 2088
1040 1206 1364 1697
2238 399 2862 607
3053 1181 3777 1680
3236 1181 3777 1680
3436 1206 3777 1680
3519 1314 3777 1680
773 549 1306 1056
1880 0 2471 391
2396 698 2845 1015
1805 1389 2371 1971
3344 2520 3660 2745
3511 723 3777 1064
2030 2229 2379 2662
1630 332 2129 707
2579 1198 2745 1580
374 1664 2371 3120
2778 1597 3411 1763
2554 424 4160 2221
2554 590 4160 2221
91 2645 474 3120
91 2645 457 3120
166 2645 457 3120
1456 1214 4160 3120
3128 0 3502 391
3128 0 3486 232
798 1664 1614 2312
1031 1755 1614 2312
2030 1639 4160 3120
3627 2737 4160 3120
3976 2737 4160 3120
3286 424 4160 815
798 549 1306 1056
1173 1855 1614 2312
1173 1855 1422 2038
690 2005 965 2670
1456 1214 3153 2862
1955 1980 2554 2828
2271 2404 2554 2828
1847 0 2188 166
3286 424 4026 815
3286 424 3694 815
1705 332 2129 707
0 931 965 3120
374 1996 2371 3120
956 2737 1763 3120
956 2862 1431 3120
3627 2895 4093 3120
1955 1980 2337 2562
2312 2404 2554 2828
2021 1980 2337 2562
1397 1996 1614 2312
2554 1173 3519 1680
2695 1372 3519 1664
2845 1372 3519 1655
1780 2695 2371 3120
973 673 2063 2088
1356 0 2204 965
1356 0 1830 682
2446 1747 2970 2396
2446 1747 2862 2229
2446 1747 2862 2088
1946 1589 2204 1980
3452 424 3694 815
0 931 965 3070
624 1788 873 2063
2820 590 4160 2221
3710 1822 4051 2071
0 0 1514 1522
374 1996 2021 3120
1081 1996 1464 2412
1688 673 2213 1314
3511 807 3777 1064
374 2171 2021 3120
1880 2812 2371 3120
1955 2812 2371 3120
1356 0 1830 382
0 0 391 1181
0 0 391 873
0 0 341 873
83 931 599 1872
332 931 599 1872
2146 1913 2412 2321
332 931 599 1672
16 2587 341 3120
99 2587 341 2978
2487 2346 3153 2787
2662 2346 3153 2787
274 0 1514 1522
732 0 1514 1356
2820 590 4160 1514
3644 590 4160 1480
0 690 332 1131
1322 2412 2021 3120
3095 981 4160 2221
83 1089 399 1547
732 0 1514 940
3303 1763 3627 2346
2396 790 2837 1015
2845 1372 3519 1647
1788 0 4160 1164
3228 0 4160 599
374 2171 1505 3120
765 2171 1505 2912
3669 2945 4093 3120
3577 981 4160 1847
3710 981 4160 1847
1456 1214 2662 2862
1688 2221 2163 2862
1822 2221 2163 2862
1356 0 1738 224
1314 1589 1847 2088
1431 2629 2021 3120
2720 2346 3153 2629
0 1431 965 3070
2820 757 3785 1514
2820 990 3411 1514
1089 2171 1505 2912
2920 757 3785 1156
1422 366 2204 965
2637 1639 4160 3070
3444 0 4160 599
3444 0 4160 457
0 1431 782 3070
3519 1822 4160 2587
1431 2629 1913 2995
2928 990 3411 1514
2030 2612 3710 3120
2030 2612 3411 3120
0 1431 782 2778
3095 1539 3735 2221
3236 1539 3735 1938
3577 1822 4160 2479
1788 0 3544 1164
1996 407 3544 1164
374 2612 1297 3120
3744 898 4160 1480
732 0 1106 940
898 0 1106 424
973 1472 1530 2080
2637 1639 4093 3070
2637 1639 3594 2737
2920 2537 3311 2737
1456 1214 2662 2504
2080 1214 2645 2005
2928 990 3328 1514
2920 757 3660 1156
1788 0 2887 515
3835 2030 4160 2479
2171 440 3544 1164
798 291 1056 590
2171 440 2604 1164
2171 657 2604 1164
3710 1381 4160 1847
965 0 1514 732
2321 2704 3411 3120
274 0 915 1522
391 515 840 1522
2437 465 3544 990
2437 557 3194 990
2762 673 3194 990
2637 1639 3594 2604
2637 1639 3328 2529
1456 1805 2662 2504
2146 1805 2662 2504
1456 1838 2238 2437
3253 2504 4093 3070
1996 407 2371 707
3577 1822 3985 2321
2637 1639 3328 2329
2712 1697 3328 2329
0 1996 690 2778
0 2246 174 2662
3644 590 4160 1139
2337 1963 2662 2504
3253 2504 4093 2936
2080 1214 2629 2005
1788 124 2887 515
2279 241 2887 515
391 515 832 1173
3169 757 3660 1156
299 2421 673 3070
2404 1139 2604 1422
1847 1797 2121 2046
1439 607 2279 1231
648 965 1148 1913
648 1356 1148 1913
648 1505 1023 1913
1056 665 2279 2080
1098 665 2279 2080
1056 673 1930 1406
1697 607 2545 1206
3569 1272 3860 1472
1015 2387 1248 2704
1597 990 2654 2038
3527 1214 4160 1896
3527 1364 4160 1896
3236 1589 3735 1822
2021 648 2670 1006
0 906 174 1356
1056 765 1622 1406
1081 2421 1272 2712
1081 2529 1264 2712
1489 2229 2263 2654
1489 2229 2179 2654
2021 2229 2263 2595
2021 682 2670 1006
948 540 1738 1389
1788 124 2845 632
3236 465 3544 682
1597 990 2570 2038
1597 1064 2329 2038
682 965 1114 1664
1697 607 2379 1206
2704 66 3011 282
2421 798 2945 1189
2421 798 2945 1164
2570 807 2945 1164
2587 906 2945 1164
682 1048 1114 1664
723 2770 1297 3120
1788 124 2845 607
2429 2354 2753 2520
2080 990 2570 1322
1297 2412 1838 2745
1297 2412 1788 2745
1297 2412 1655 2745
3694 2421 4160 2778
1006 1198 1614 2080
332 291 1214 2013
391 291 1214 2013
1306 557 1738 798
1306 557 1738 748
782 1580 1797 2637
782 1580 1680 2637
2529 990 4010 2221
2778 1564 4010 2221
3652 2188 3877 2454
2013 2845 2421 3120
1297 2446 1547 2745
2529 990 3976 1805
2529 990 3952 1805
2529 990 3519 1805
2812 1114 3519 1772
2812 1114 3519 1655
798 1580 998 2071
782 1630 1680 2637
2912 890 3952 1248
2936 915 3952 1248
2936 915 3902 1248
2936 915 3785 1248
3086 1680 4010 2221
3194 1680 4010 2204
682 1048 1040 1664
981 2329 1464 2537
1356 1198 2654 2429
3777 1381 4051 1580
782 1722 1680 2637
2812 1206 3344 1622
1505 1198 2654 2379
1589 1198 2654 2312
1589 1697 2163 2312
1040 1289 1364 1697
1996 1198 2654 1946
2936 915 3602 1248
3153 931 3602 1248
2529 990 3286 1805
2046 1913 2412 2562
2046 1913 2412 2454
2046 1913 2379 2404
673 432 990 881
3527 1364 3768 1680
3386 1680 4010 2204
3244 931 3602 1248
1996 1248 2629 1946
1597 1522 2096 2038
274 0 4160 1472
698 0 4160 1472
3652 574 4160 931
2046 1913 2346 2329
782 1722 1605 2637
782 1988 1605 2637
1664 224 2595 1123
1664 224 2454 1123
2005 723 2454 1123
1647 1347 4160 3120
2204 1996 2379 2404
1589 1847 2154 2312
1040 1289 1364 1664
698 0 4160 1347
2812 1206 3344 1605
2812 1272 3344 1605
2496 0 4160 657
274 0 832 848
2970 0 4160 657
3011 2063 3635 2329
2229 2080 2412 2454
782 2046 1522 2637
3585 1847 3952 2321
0 0 1996 3120
0 1497 1996 3120
0 0 707 2188
2895 1272 3344 1605
0 2312 940 3120
3427 1131 3952 1672
698 0 1514 990
732 0 1514 990
2021 682 2670 998
1772 682 2379 1206
1256 2496 1996 3120
0 1497 1489 3120
1364 224 1813 640
1339 0 4160 1347
1647 1347 3419 3120
2362 2595 3419 3120
0 0 457 1547
0 0 382 1064
3303 2063 3635 2329
0 2312 648 3120
0 2404 648 3120
923 2046 1522 2421
2279 440 4160 1347
1322 2496 1996 2970
1339 0 2986 615
0 1272 707 2188
149 1431 707 2188
2362 599 4160 1347
1647 1347 3095 3003
1114 2046 1522 2421
149 1564 707 2188
149 1564 607 2188
416 1938 707 2154
1755 2404 2986 3003
1755 2404 2687 3003
2970 0 4160 499
2362 599 3710 1048
1322 2570 1996 2970
1647 1347 3095 2537
2496 0 3303 540
3095 2104 4160 3120
2362 615 3710 1048
1755 2537 2454 3003
1339 0 2870 499
1339 0 2188 324
3744 1730 4160 2055
0 0 324 1064
1647 1672 3095 2537
2396 1672 3095 2296
3161 2104 4160 3120
2362 682 3194 1015
1647 1805 2629 2537
1763 2945 2021 3120
2204 2936 2421 3120
3635 2870 4160 3120
773 2870 1297 3120
2013 2845 2371 3120
3278 2778 3461 2945
1755 2770 2263 3003
723 2770 998 2995
2753 2762 2978 2945
1256 2737 1855 3120
1780 2670 2046 2912
2845 2662 3086 2837
2362 2654 2895 3120
0 2612 474 3120
374 2604 940 3120
2778 2595 3419 3120
183 2595 349 2903
1439 2587 1996 2970
1322 2570 1705 2903
1297 2570 1539 2745
1921 2537 2454 2986
1688 2496 1913 2662
0 2496 174 2662
2487 2471 2986 2787
1597 2471 1788 2704
1655 2454 1838 2745
1322 2446 1547 2654
1414 2429 1597 2620
3868 2421 4160 2778
3095 2412 3519 2787
1480 2412 1655 2637
773 2412 1489 3120
2312 2404 2687 2862
307 2404 648 3003
1040 2387 1248 2612
2504 2354 2753 2520
2063 2354 2263 2595
790 2337 973 2587
981 2329 1281 2529
74 2312 257 2554
2845 2271 3219 2612
2645 2246 3120 2504
2229 2238 2396 2454
2021 2229 2229 2454
1164 2229 1356 2412
1356 2221 1813 2429
1297 2213 1464 2412
923 2163 1173 2346
1456 2129 1680 2312
2046 2113 2213 2329
3011 2096 3369 2288
1331 2080 1522 2421
3303 2063 3536 2271
815 2063 1040 2421
1114 2046 1406 2362
3594 2038 3952 2321
3752 2030 4160 2487
2204 1996 2379 2329
2396 1946 2687 2279
540 1938 707 2129
3086 1913 3419 2221
2146 1913 2346 2304
3045 1905 3286 2138
998 1896 1189 2146
1497 1888 1797 2171
2637 1855 2887 2030
3744 1847 4160 2055
3585 1847 3885 2246
1672 1847 2154 2063
1647 1830 2229 2429
2171 1805 2629 2537
3194 1797 3452 2071
1938 1797 2121 1971
149 1780 482 2188
2837 1772 3003 1996
3386 1763 3660 2204
1597 1763 1863 2038
990 1763 1281 1955
3810 1730 4160 2021
1114 1722 1422 2021
798 1697 998 2071
1805 1688 2038 1896
3519 1680 4010 1955
990 1680 1181 1847
3203 1672 3377 1880
2479 1672 3095 2296
998 1630 1223 1847
1356 1597 1614 1905
1872 1580 2071 1805
2778 1564 3286 2021
299 1564 607 2021
1722 1522 2096 1863
648 1505 823 1913
2679 1497 2853 1738
0 1497 965 2961
3660 1456 4160 1896
282 1431 599 1813
3527 1422 3760 1680
765 1414 1040 1664
2695 1406 2986 1722
3777 1397 4051 1580
3602 1364 3768 1539
