0 0 4160 3120
0 507 366 898
3860 906 4160 1272
374 615 740 1098
2837 249 3469 723
349 0 549 757
2080 149 2379 1089
2104 149 2379 1089
2154 149 2379 1064
424 1098 624 1772
0 74 366 349
0 574 232 898
1480 0 2279 740
1480 0 2129 740
1064 748 1555 1580
1589 249 3536 1655
1589 391 3536 1655
2063 906 3536 1655
2121 906 3536 1655
2121 973 3020 1489
2121 973 2961 1489
2920 906 3536 1655
1589 391 2246 1098
2920 1006 3469 1655
2121 990 2928 1489
2121 990 2679 1489
2221 1539 2604 2163
1064 748 1555 1381
1173 748 1547 1064
1381 1331 1813 1630
2870 1655 3169 2071
183 965 449 1248
2920 1414 3702 2246
3144 1414 3702 1963
1480 0 2104 740
3203 1414 3702 1880
3203 1414 3585 1730
3203 1439 3585 1730
0 0 981 2163
0 0 407 757
0 266 299 615
2213 0 4160 2005
2213 0 4160 1322
2238 1272 2712 1597
449 1880 757 2213
1589 490 2154 1098
116 998 507 1946
3469 0 4126 540
0 2263 890 2787
1064 1106 1555 1580
2479 183 3020 782
1589 391 2246 906
1589 391 2179 906
0 266 241 615
0 349 241 615
1697 2604 2446 3120
0 2263 890 2704
3785 665 4051 1048
0 665 981 2163
0 665 898 2129
0 665 782 2129
0 665 482 1680
0 665 424 1089
3036 1505 3344 1855
416 856 782 2129
1880 249 2312 582
2013 249 2312 582
0 873 4160 3120
732 1314 981 2163
732 1314 973 2163
2213 0 3719 1223
2063 981 2412 1406
2063 1040 2279 1381
3419 0 4160 1322
216 998 507 1547
640 1089 898 2121
149 0 407 757
2404 532 2579 856
399 0 1946 1397
399 0 1564 1397
0 1031 482 1680
0 1181 482 1680
0 1114 4160 3120
374 2263 890 2620
3585 0 4160 1098
3070 782 3544 1131
3070 782 3519 1131
3120 782 3519 1031
0 1572 341 1988
0 1572 341 1980
1514 873 2254 1497
1514 873 2071 1272
3585 0 4160 1031
3585 66 3877 1031
3585 599 3877 1031
3602 66 3877 873
2920 1173 3402 1655
2920 1173 3228 1539
2213 0 2778 1031
2362 391 2745 1031
2704 0 3719 1223
1489 249 1946 1106
399 0 1555 1397
83 1406 307 1680
216 1073 507 1547
2288 1547 3219 2304
2288 1655 2970 2304
2288 1655 2936 2238
2704 0 3552 1223
2704 0 3136 357
3469 0 3868 540
2820 1547 3219 1955
2820 1547 3028 1955
0 1705 216 1980
2712 274 3552 1223
2712 274 3552 1023
3777 0 4160 906
2978 1680 3219 1930
2213 0 2778 698
3777 58 4160 906
3777 58 4143 906
3377 1023 4160 2005
3411 1023 4160 1822
0 1206 4160 3120
657 1381 1747 2362
815 1381 1747 2221
815 1381 1572 2221
948 1381 1472 1697
990 1422 1472 1697
1281 1114 1872 1414
2986 0 3486 424
3203 1838 3511 2030
707 1123 898 2121
0 665 424 1081
0 1680 1738 2612
0 1680 765 2612
707 1231 898 2121
0 2104 1830 3120
1181 1206 4160 3120
1497 1414 1896 1630
3785 58 3968 590
0 2362 1372 3120
0 2437 1372 3120
3918 2545 4160 2862
3411 1023 4160 1647
2396 391 2745 940
2288 1655 2762 2163
2288 1655 2704 2163
815 1605 1572 2221
815 1605 1497 2221
2712 274 3328 1023
2712 274 3111 1023
2712 274 3045 732
0 1680 765 2512
91 1680 765 2304
91 1680 615 2196
324 1680 615 2196
424 449 890 1056
1605 1131 1872 1414
2171 2080 2387 2312
648 1971 1738 2570
399 0 1248 1397
2903 2529 3885 3078
0 1946 590 2512
2712 673 3120 1223
1905 1289 3061 1921
1905 1372 2953 1921
1905 1372 2870 1921
2471 1289 3061 1722
2471 1289 3003 1572
2903 2604 3885 3078
898 2104 1830 3120
1114 2104 1830 3120
1114 2104 1647 3020
2728 1289 3003 1530
3053 565 3552 1023
2471 1306 2812 1572
3411 1023 3952 1647
91 1813 457 2063
3078 565 3552 1023
2429 2687 2670 2920
648 2055 1539 2570
0 2496 1372 3120
1431 1930 2080 3120
0 2279 490 2612
773 2055 1539 2570
773 2179 1231 2570
3394 1339 4160 2412
3394 1497 4160 2412
399 0 1098 1397
399 0 1031 981
3885 1339 4160 1630
0 2496 1339 3120
0 2496 1198 3120
0 2545 1056 3120
449 2562 1056 3086
1905 1372 2304 1921
1489 432 1755 1106
0 1946 590 2254
2213 2204 2595 2570
2138 981 2412 1406
0 2545 723 3120
324 1680 615 2121
3511 1023 3952 1647
3677 2654 4160 3011
981 2687 1372 3028
1073 2687 1372 3028
1073 2687 1372 3003
3560 1863 3760 2263
3560 1863 3735 2163
3560 1921 3735 2163
1181 1206 2121 1522
1181 1206 2055 1505
1539 1206 2055 1497
1697 1206 2055 1497
1081 1422 1472 1688
1431 1505 4160 3120
1580 1930 1913 2620
1181 1289 1639 1505
1431 2337 2080 3120
1697 1589 4160 3120
3577 2404 3835 2787
2171 2570 3028 3120
707 2562 1056 2812
1697 1589 4160 2795
1114 2104 1647 2945
1123 2104 1647 2945
1697 1589 4160 2787
1697 1589 2604 2321
1431 2620 2080 3120
1431 2620 1905 3020
1822 2271 2404 2795
1505 2337 1813 2895
2379 1963 4160 2787
1822 2296 2346 2795
1830 2387 2346 2795
1830 2387 2163 2687
2379 1963 3710 2787
773 2179 1231 2454
2379 1963 3527 2728
2329 2679 3028 3120
1705 1788 2063 2138
2487 1963 3527 2728
1955 2479 2346 2795
2487 1963 3377 2728
2487 2030 3377 2728
2570 2687 3028 3120
2487 2088 3377 2728
3394 1705 3993 2412
2487 2113 3186 2728
2487 2138 3036 2728
1264 2945 1830 3120
1780 2920 2080 3120
2570 2853 2953 3120
1447 2828 1647 3020
1314 2820 1489 3020
898 2795 1364 3120
1697 2737 1905 3020
3727 2720 4160 3011
2637 2687 3028 3003
1639 2687 1813 2895
1106 2687 1372 3003
2329 2679 2662 3120
1497 2679 1688 2853
3394 2670 3594 2862
3677 2654 3968 2887
449 2645 956 3086
0 2637 266 2878
1797 2629 2446 3120
1431 2620 1738 3011
856 2620 1056 2803
2936 2604 3885 3078
0 2604 291 2787
0 2587 723 3120
2171 2570 2496 2936
1955 2562 2213 2787
707 2562 923 2812
3960 2545 4160 2778
499 2545 698 2770
3768 2529 3993 2753
3003 2529 3169 2728
3577 2496 3785 2787
906 2496 1198 2728
2080 2479 2346 2795
2762 2446 3036 2728
2329 2446 2845 2778
1830 2437 2055 2687
2071 2396 2296 2579
1123 2396 1456 2612
1963 2387 2163 2570
549 2379 890 2595
2404 2354 2595 2570
1505 2337 1763 2762
3095 2321 3710 2787
1822 2296 2071 2520
83 2279 490 2612
2071 2271 2404 2545
374 2263 873 2620
3560 2238 4160 2712
3927 2213 4160 2496
773 2213 1198 2454
2213 2204 2429 2512
1497 2204 1688 2396
108 2204 748 2562
865 2179 1231 2346
1114 2171 1464 2504
1888 2163 2163 2396
2471 2146 2778 2329
2487 2138 2953 2604
2379 2138 2679 2454
657 2138 948 2362
524 2138 765 2304
2862 2113 3186 2562
1264 2104 1647 2945
1580 2096 1905 2620
3128 2088 3377 2462
3269 2071 3436 2354
1123 2055 1539 2271
532 2005 757 2213
3394 1971 3660 2412
1489 1971 1738 2387
815 1971 1206 2221
3336 1963 3527 2229
0 1963 199 2254
2920 1955 3244 2246
116 1946 590 2254
1655 1930 1913 2288
3569 1921 3735 2129
2629 1921 2936 2238
2362 1905 2604 2163
91 1888 291 2063
449 1880 657 2121
324 1872 615 2121
2928 1863 3169 2055
1813 1847 2063 2138
948 1830 1372 2096
3377 1813 3644 2005
2595 1797 2912 1996
1555 1797 1747 2055
1705 1788 1955 2021
0 1755 216 1980
2670 1738 2878 1930
3544 1705 3993 2354
2421 1705 2704 2163
2986 1680 3186 1863
324 1680 599 1971
2379 1664 2762 2163
3086 1655 3344 1855
2288 1655 2562 1946
3211 1639 3702 1880
1381 1622 1572 2104
3477 1614 3727 1822
906 1605 1497 2096
3194 1597 3444 1813
0 1572 341 1738
3386 1547 3585 1730
2820 1547 3011 1905
2221 1539 2520 2030
1081 1514 1464 1688
2221 1505 2870 1880
2113 1505 2304 1921
1431 1505 2013 1863
3660 1497 4160 2296
549 1472 782 2129
116 1447 490 1946
1081 1422 1472 1597
1680 1414 1896 1630
83 1406 307 1647
2687 1397 2953 1855
1381 1389 1680 1630
3411 1381 3619 1639
2471 1381 2679 1572
1905 1372 2246 1688
0 1347 232 1697
3020 1339 3228 1539
2728 1331 2986 1530
1547 1331 1813 1505
2928 1322 3120 1655
807 1314 973 2030
2604 1306 2812 1480
3768 1297 4101 1505
1181 1289 1456 1505
2471 1272 2712 1439
1880 1264 2121 1522
0 1189 174 1422
0 1181 482 1655
2920 1173 3178 1414
2013 1173 2254 1497
2121 1164 2679 1489
2679 1148 2928 1356
3868 1139 4160 1356
2138 1139 2346 1406
3760 1131 3952 1356
2396 1131 2595 1364
1605 1131 1822 1331
732 1123 898 1422
1281 1114 1622 1364
1064 1106 1555 1431
3178 1098 3444 1472
1514 1089 1763 1256
216 1073 507 1522
2088 1064 2279 1381
3078 1056 3419 1389
707 1048 1064 1406
2063 1040 2271 1256
0 1031 249 1356
3511 1023 3860 1647
3036 1006 3469 1406
2387 990 2662 1447
2595 981 2795 1297
2695 973 2961 1372
183 965 449 1223
3070 940 3286 1131
2936 923 3120 1198
1489 915 1688 1106
3860 906 4160 1198
3319 906 3536 1081
1064 906 1555 1381
3261 873 3544 1081
1639 873 2071 1272
3610 856 3802 1098
416 856 723 1614
3860 848 4051 1048
2404 832 2720 1189
1755 832 1971 1056
740 798 1098 1397
3594 782 3785 1031
1173 782 1530 1064
3078 765 3461 1023
3419 748 3694 1322
374 723 732 1098
1905 707 2080 898
3993 698 4160 898
249 682 424 1015
2712 673 2995 1223
3785 665 3960 915
0 665 299 1081
2820 624 3003 881
391 615 740 1098
2404 607 2579 856
782 607 1031 981
3585 599 3877 990
0 599 191 898
1089 582 1297 965
2903 574 3111 1023
24 574 232 798
3311 565 3552 765
2770 557 3003 906
2695 549 3011 940
2704 532 3020 782
2404 532 2570 790
116 507 366 782
3394 499 3677 698
2362 499 2687 1031
3361 482 3669 832
1630 457 2179 906
482 449 773 657
3602 432 3860 873
1514 432 1755 981
1988 416 2246 823
3045 407 3328 823
2770 407 3045 732
2396 391 2670 748
3086 366 3469 723
149 349 407 757
3777 291 4143 906
2712 274 2912 540
2379 274 2562 532
1880 266 2196 482
2837 249 3303 624
1572 249 1946 457
3186 241 3436 449
3336 216 3735 549
2545 216 2820 416
2479 183 2803 574
2154 149 2379 990
2063 141 2263 374
1015 116 1214 698
2704 99 3136 357
0 74 257 307
3802 58 3968 590
3294 49 3486 299
3469 24 3810 540
2396 24 2712 499
3960 0 4160 407
3827 0 4126 490
3169 0 3486 291
2986 0 3352 424
2820 0 3070 241
2504 0 2803 241
2604 0 2778 174
2213 0 2737 698
2080 0 2279 249
1630 0 2104 341
1480 0 1680 740
1040 0 1555 890
990 0 1248 648
399 0 990 732
0 0 357 291
374 615 1064 1406
391 615 1064 1406
3169 1505 3444 1813
3036 782 3544 1406
2080 366 2304 1089
2080 574 2246 1089
0 0 4160 2129
990 0 1297 1148
3785 665 4160 1272
2138 324 3020 1406
2362 324 3020 1381
2362 324 3020 1189
2362 324 3020 940
3178 1015 3569 1472
2396 391 3020 940
3036 906 3536 1406
2695 532 3020 940
2679 973 3020 1381
2695 973 3020 1381
0 0 1081 2129
0 266 241 549
0 74 299 349
424 1089 1081 2129
399 0 4160 1697
399 0 2820 1697
2396 0 2820 574
2396 24 2820 574
0 0 723 2063
2013 0 2279 324
399 0 2795 1697
990 1106 1555 1697
2704 0 4160 1322
399 0 2795 1597
1422 0 1680 740
990 0 1248 1148
0 873 3169 3120
2113 1023 4160 3078
3178 1098 3560 1472
424 1089 981 2129
424 1098 981 2129
2121 981 2795 1597
2171 2080 2429 2512
0 2263 873 2704
507 1098 981 2129
399 0 2778 1397
1040 0 2778 1381
2479 183 2820 574
0 0 407 782
0 399 366 782
0 665 723 2063
2595 1547 3028 2071
2704 0 3943 1322
2728 1173 3702 1880
2920 1173 3702 1880
3211 1414 3702 1880
3211 1547 3702 1880
1580 1980 1905 2620
2387 981 2795 1447
2920 1173 3386 1655
2820 1547 3028 2071
0 665 723 1980
3602 0 4160 873
3602 0 4126 873
773 873 2246 2803
990 1381 1198 1697
1040 0 2778 1256
1630 141 2312 906
1630 249 2312 906
2704 0 3810 1023
2704 0 3810 549
3294 0 3810 549
3053 366 3669 1023
2063 0 2778 1256
3419 748 3943 1322
3610 856 3943 1148
3419 748 3785 1322
0 856 723 1980
2920 1173 3228 1655
707 1123 981 2121
707 1123 973 2121
3585 599 3885 1064
2704 0 3352 424
2778 0 3352 424
0 1589 3169 3120
3294 49 3735 549
2154 0 2778 1031
324 1872 657 2121
2712 249 3328 1023
2712 249 3328 823
2712 249 3303 624
2820 1547 3011 2071
2121 1164 2712 1597
2063 890 2288 1256
2113 1306 2953 1930
2471 1306 2953 1855
2113 1505 2878 1930
3469 0 3810 540
2629 1023 4160 3078
0 1447 490 1980
2712 673 3120 1248
2862 1023 4160 3078
2928 1381 3727 2055
2928 1472 3511 2055
2928 1797 3511 2055
0 856 723 1655
1040 0 2154 1256
1489 0 2154 1256
1489 0 2104 1256
1514 0 2104 981
2629 1921 2970 2304
2945 1472 3344 1855
1489 915 1763 1256
2113 1505 2870 1921
2978 1797 3511 2030
3078 366 3669 1023
3768 1139 4160 1630
2154 0 2778 990
0 998 507 1655
216 998 507 1522
0 1031 482 1655
2154 0 2737 990
1630 416 2246 906
2820 0 3352 424
2154 149 2562 990
1106 1589 3169 3120
1106 1622 1913 3028
507 1098 782 2129
3078 482 3669 1023
3144 1813 3511 2030
2770 407 3111 1023
0 1680 2496 3120
0 1680 748 2612
0 1572 341 1863
0 2005 2496 3120
532 2005 948 2412
532 2005 948 2362
0 2379 2496 3120
3311 482 3669 832
3377 1381 3727 2005
3411 1381 3727 1822
1697 1589 3169 3120
2171 2179 2429 2512
1697 1589 3036 3120
2288 1655 2787 2429
2288 1655 2778 2329
1106 1797 1913 3028
1555 1797 1913 2288
1106 1971 1763 3028
399 0 1031 1056
1081 1239 1980 1630
1081 1256 1980 1630
1572 0 2104 457
3768 1297 4160 1630
0 1813 748 2612
191 1813 457 2013
0 2437 2496 3120
1381 1256 1980 1630
0 1946 748 2612
424 449 1031 1056
3768 1297 4160 1505
499 2379 890 2770
981 2654 1339 2895
1064 2654 1339 2887
1106 1971 1763 3003
1264 1971 1763 2945
1539 1256 1980 1505
1539 1256 1980 1497
2920 1955 3436 2354
2920 1955 3377 2312
2920 1955 3244 2312
1822 2163 2296 2704
1822 2163 2296 2579
1489 1971 1738 2396
1822 2296 2296 2579
1822 2296 2163 2570
3652 2654 3968 2920
0 2604 291 2878
2862 1497 4160 3078
1081 873 2246 1863
1181 873 2071 1505
773 1605 1539 2803
773 1605 1539 2504
1081 1206 2246 1863
83 1946 748 2612
815 1605 1539 2504
815 1605 1539 2271
1081 1264 2246 1863
856 2396 1456 2803
906 2396 1456 2728
1697 2437 2496 3020
1697 2437 2496 2936
1697 2437 2346 2795
1697 2437 2213 2787
1697 2437 2055 2762
2936 2404 4160 3078
1181 1114 1822 1505
1281 1114 1822 1364
1081 1372 2246 1863
2862 1497 4160 2787
2936 2545 4160 3078
0 2562 2080 3120
2379 2138 2679 2570
1264 2104 1763 2945
1431 1372 2246 1863
1797 2138 3036 3120
0 2562 1364 3120
1264 2620 2080 3120
2862 2030 3377 2562
2071 2271 2845 2778
3095 1497 4160 2787
83 2204 748 2612
3128 2030 3377 2462
1797 2629 2662 3120
2487 2138 3036 3120
2487 2138 3036 3003
0 2587 1364 3120
1264 2620 1830 3120
0 2587 956 3120
3095 2238 4160 2787
2936 2604 4160 3078
3544 1497 4160 2354
2046 183 2579 881
3186 241 3436 465
807 1314 1081 2080
0 590 224 823
0 0 366 374
2562 349 3070 906
3777 865 4160 1272
807 1347 1081 2080
2912 0 3419 524
2912 0 3136 357
807 1347 981 2080
2728 923 3702 2080
2728 923 3702 2046
2728 923 3702 1880
2920 923 3702 1880
2928 1664 3436 2046
3494 0 4126 648
3635 0 4126 648
1040 0 1589 1031
3411 1414 3777 1813
2920 923 3594 1880
0 307 923 2154
1580 432 3020 1489
1580 432 2920 1489
1580 432 2720 1480
2005 499 2720 1480
2238 499 2720 1480
0 2146 1281 2853
0 2146 1281 2770
0 391 923 2154
0 657 923 2154
191 723 923 2154
2238 499 2679 1480
0 2179 1281 2770
0 2179 1281 2620
3685 0 4126 648
191 723 732 1705
399 757 923 2154
465 1098 765 2129
1456 0 2329 1231
1921 0 2329 316
2080 2687 2321 2878
2221 0 4160 1364
2953 0 3494 357
0 782 4160 3120
1456 0 2312 1231
1456 158 2312 1231
0 0 1497 1397
0 274 399 682
0 657 474 1697
0 1289 474 1697
2471 1198 2920 1489
2071 990 2404 1497
540 1148 848 2121
166 998 399 1289
2221 0 3927 1364
0 998 507 1988
216 998 507 1439
2920 923 3594 1813
2146 1522 2887 2179
2221 0 2828 698
3577 0 4160 965
3577 266 4160 965
3768 266 4160 965
3785 740 4160 965
1456 158 2312 1114
1547 1031 1921 1231
2953 0 3427 357
2695 33 3927 1364
3228 33 3927 1364
3228 124 3927 1364
3228 499 3927 1364
3228 690 3927 1364
2138 990 2404 1431
1555 158 2312 1089
1555 158 1946 1089
1555 158 1822 1089
1555 158 1722 848
3228 690 3835 1364
2920 1098 3594 1813
3569 840 3835 1347
0 1514 482 1988
0 1339 407 1697
0 1339 407 1647
1464 1797 1747 2113
274 0 1497 1397
973 2154 1456 2504
973 2154 1456 2479
1547 1331 2055 1697
3411 1414 3719 1813
1622 224 1946 449
2412 58 2828 574
0 782 1705 2387
0 1680 998 2379
0 1680 948 2379
0 1680 640 2379
116 1855 640 2246
557 782 1705 2387
0 1040 4160 3120
382 0 1497 1397
1838 241 2312 582
399 757 740 1322
0 2179 224 2604
2695 366 3502 1198
2454 1289 2961 1597
2454 1314 2770 1597
732 1123 923 2154
2970 1098 3594 1813
740 2179 1281 2454
2712 241 3128 990
2379 1139 4160 3011
0 1722 465 1988
0 1040 3402 3120
2213 1372 2945 1913
0 2096 2129 3120
549 1148 848 2121
2695 557 3502 1198
2945 1464 3211 1722
0 2371 1464 3120
990 0 1297 1139
2146 1522 2604 2179
915 2096 2129 3003
3136 1139 4160 3011
3136 1256 4160 3011
915 2396 1456 2612
0 1680 590 2379
3427 1813 3735 2129
557 782 1705 2329
1381 1040 3402 3120
1381 1040 2545 2421
1655 1589 2545 2421
1447 2046 3402 3120
1447 2138 3228 3120
1381 1040 2246 2138
2870 2046 3402 2545
1381 1040 2246 1963
1381 1040 2246 1863
3136 1497 4160 3011
2421 2687 3036 3120
673 2371 1381 3061
673 2371 1231 2803
673 2496 1231 2803
1381 1472 1946 1863
1447 2163 3228 3120
1738 1040 2246 1688
1447 2446 3228 3120
1264 2096 2129 3003
1697 2446 3228 3120
1356 2828 1830 3120
1697 2737 2080 3120
2828 2695 3036 2870
2421 2687 2970 3120
1630 2687 1813 2895
1447 2679 1738 2986
948 2679 1381 3061
3394 2670 3594 2870
2912 2595 3902 3086
0 2595 291 2853
0 2545 1464 3120
224 2529 582 2770
673 2504 1006 2787
856 2496 1231 2803
3577 2479 4160 3011
1813 2446 3228 3120
1148 2396 1456 2612
1264 2354 1614 3003
3818 2346 4160 2787
2404 2321 2595 2562
0 2312 224 2604
1248 2288 1431 2504
499 2279 807 2604
1822 2271 2071 2529
3560 2254 3852 2645
973 2246 1456 2479
0 2204 815 2620
865 2179 1281 2454
1971 2163 2429 2587
524 2146 948 2354
2570 2138 2953 2604
2870 2113 3394 2545
1497 2096 2129 2778
2188 2063 2421 2263
532 2030 848 2213
1439 1938 1622 2387
116 1872 615 2246
2346 1863 2604 2179
1572 1855 1797 2046
391 1855 640 2196
3560 1847 3735 2129
3169 1830 3544 2171
1788 1822 2063 2138
3427 1813 3644 2005
2030 1813 2204 1980
1555 1797 1747 1971
1705 1788 1955 1963
540 1738 765 2129
149 1722 465 1955
3269 1697 3519 1880
2928 1688 3436 2046
2113 1680 2304 1955
3086 1664 3344 1863
2379 1664 2887 2163
3486 1630 3719 1813
2246 1614 2704 2146
0 1614 391 1930
856 1605 1572 2329
3219 1597 3444 1788
2379 1580 3286 2421
1381 1564 1946 1863
2146 1522 2421 1880
0 1514 482 1980
3136 1497 4160 2803
3377 1497 3702 1813
3144 1480 3402 1813
1747 1472 2055 1697
2986 1464 3211 1705
3486 1439 3777 1630
2213 1439 2887 1913
2454 1431 2687 1597
3411 1414 3644 1672
83 1406 316 1647
1855 1389 2238 1688
549 1381 782 2121
2695 1372 2945 1730
1381 1372 1672 1614
540 1364 748 1996
0 1356 166 1688
2728 1331 3161 1555
1547 1331 1896 1672
2587 1314 2770 1522
2254 1314 2579 1514
2121 1297 2354 1489
183 1289 474 1647
291 1281 482 1547
2163 1264 2337 1431
3760 1256 4160 1614
2471 1198 2920 1439
0 1181 183 1422
3486 1139 3835 1489
1647 1131 1913 1414
3777 1123 4160 1364
732 1123 898 1480
2970 1098 3594 1639
3569 1064 3835 1347
3078 1056 3419 1397
166 1056 391 1289
3827 1040 4110 1264
1738 1040 2246 1505
2071 1031 2337 1497
2238 990 2679 1480
2138 990 2404 1356
2645 973 3020 1381
3045 948 3319 1322
3228 923 3552 1414
191 906 524 1264
3602 840 3835 1164
2412 832 2720 1214
1647 832 1822 1089
1697 798 2063 1114
557 782 1705 1697
2695 765 3502 1198
1456 757 1880 1114
399 757 599 1006
2005 732 2362 1098
382 723 732 1705
3228 690 3719 1364
0 657 416 1356
0 615 191 798
2387 607 2687 1031
723 607 1497 1397
3602 599 3868 998
723 590 906 865
391 574 624 948
3411 557 3744 740
2787 557 3011 948
1023 524 1297 1139
3303 499 3577 832
3394 490 3669 690
2704 482 3070 906
2396 482 2745 931
