0 0 4160 3120
3219 1921 3610 2288
3219 1946 3552 2288
3219 1946 3502 2279
3386 49 4160 1214
2970 2870 3494 3120
3369 1822 3935 2512
2545 2895 2828 3120
0 99 324 490
58 2579 449 3086
1938 590 2421 915
3469 1822 3918 2138
0 1921 973 3120
690 2662 1464 3120
3469 1822 3835 2138
2479 2496 2828 2795
1872 965 2179 1431
2221 108 2878 1006
2238 108 2878 1006
2387 324 2878 1006
2662 449 2878 1006
2670 524 2878 1006
1872 965 2138 1356
1580 449 1872 665
0 2163 973 3120
0 2279 973 3120
3369 2088 3935 2512
2238 108 2662 391
2296 2945 2545 3120
1539 0 1805 191
3286 2487 3685 2728
3411 2487 3685 2728
1314 1040 1855 1514
1314 1189 1855 1514
1530 1040 1747 1339
0 2346 973 3120
0 1614 490 2437
224 1655 490 2437
249 1697 474 2030
1214 0 1497 257
690 2870 1231 3120
840 2870 1231 3120
0 1614 249 2288
0 1614 232 2271
1347 873 1680 1064
0 349 915 898
3061 615 3319 1081
1555 1589 1955 2096
3469 1822 3752 2088
3993 807 4160 1248
266 2346 973 3120
474 2346 956 2728
0 2595 357 3120
0 2704 357 3120
0 515 341 740
232 1614 2221 3120
2961 782 3976 2496
1555 1589 1955 1888
0 349 915 807
224 1655 490 2354
2978 782 3976 2496
2978 782 3976 2446
2978 782 3976 2254
2978 1131 3976 2254
1048 807 1322 1040
0 856 673 1772
898 2662 1464 3120
615 1614 1064 1980
232 1896 2221 3120
232 1963 2221 3120
0 856 416 1772
0 856 382 1772
0 856 366 1772
3702 782 3960 1281
3610 1131 3976 1938
0 2704 216 3020
1813 2080 2213 2387
1813 2080 2071 2387
965 0 4160 2113
2895 158 3635 965
0 99 232 490
1797 1189 2471 2113
1880 1189 2471 2113
1930 1189 2471 2113
1980 1189 2471 1655
2088 1189 2471 1655
2279 1755 2928 2329
2279 1813 2620 2329
965 0 4160 1589
2895 158 3544 798
1381 0 4160 1589
1381 0 2296 673
1381 0 2063 607
232 1963 1547 3120
1347 2595 2221 3120
1347 2595 2121 3120
1414 2595 2121 3120
1688 2595 2121 3120
1772 0 4160 1589
2096 1064 2728 1589
2096 1064 2662 1589
2096 1064 2520 1589
0 2787 357 3120
2978 1572 3702 2254
1772 0 4160 1514
0 0 3660 2986
0 232 440 599
965 191 1530 707
3011 282 3194 482
2096 1064 2471 1589
58 232 440 599
58 232 391 599
1772 0 3278 1514
1772 0 3244 1514
1772 0 2412 682
266 2504 973 3120
0 748 1006 1272
0 748 848 1272
0 748 748 1272
166 748 748 1272
166 748 715 1272
166 748 657 1164
166 748 657 1015
166 807 657 1015
2312 532 3244 1514
1406 66 2063 607
2204 1314 2371 1589
2146 0 3278 873
2379 0 3278 873
490 349 915 807
2204 1289 2471 1655
507 0 1431 416
507 0 1256 399
507 0 898 399
1930 1564 2462 2113
1930 1564 2337 2113
1938 1564 2337 2080
2055 1564 2337 1805
1206 707 4160 3120
1206 1905 2288 2895
1206 1905 2288 2878
1206 1905 1772 2379
2595 0 3278 873
740 1614 1064 1963
3095 565 3635 965
1439 2254 2288 2878
2021 2537 2288 2878
2021 2537 2263 2878
1189 191 1530 707
2279 2021 2620 2329
2978 1572 3419 2254
2163 707 4160 3120
3752 707 4160 2196
3752 707 4160 1996
2163 2071 4160 3120
3486 2196 3902 2620
3619 2196 3902 2620
3619 2196 3885 2504
998 2446 1547 2903
2504 1755 2928 2229
2312 532 3070 1397
2096 1064 2471 1372
1206 1905 1747 2254
232 1963 1289 3120
232 1963 1289 2712
232 1963 1289 2604
232 1963 906 2604
2887 0 4160 574
3286 0 4160 574
2379 24 2704 282
1763 2595 2121 3120
2312 532 2953 1397
2520 532 2953 1397
3361 0 4160 574
3095 1664 3419 2254
3120 1664 3419 2088
1206 1905 1597 2254
2912 890 3244 1514
3120 1664 3419 1838
3095 574 3635 965
2945 890 3244 1514
2878 748 3660 1738
2878 748 3660 1680
0 0 3519 2986
807 1123 1672 1813
898 1264 1672 1813
898 1264 1381 1813
490 349 873 807
490 457 873 807
898 1439 1372 1813
898 1439 1372 1797
965 241 1422 632
2504 1755 2845 2129
507 0 832 249
3203 574 3635 873
3361 282 3619 574
1921 0 2412 682
2121 249 2412 682
1555 1589 1847 1888
0 856 366 1589
2620 2071 4160 3120
3818 707 4160 1996
2920 2071 4160 3120
2920 2329 3744 3086
2986 2620 3744 3086
2986 2620 3436 3053
2986 2620 3328 3020
1605 1073 3519 2936
1805 1073 3519 2936
1805 1389 2229 2188
1805 1389 2229 1980
1896 1073 3519 2936
1896 2055 2870 2778
2471 2271 2870 2654
2570 2271 2870 2654
0 0 2204 2986
2545 815 2953 1397
3818 707 4160 1564
3818 1064 4160 1564
1805 1389 2229 1888
1896 1389 2229 1888
2188 1872 2354 2104
807 1123 1389 1381
1896 2055 2720 2778
1272 1372 1672 1614
3203 574 3635 765
1605 2030 1905 2387
0 906 366 1589
465 707 1164 1031
3303 2645 3744 3086
1688 2113 1905 2387
3444 2071 4160 3120
2163 2504 2787 3120
2254 2504 2787 3120
3411 0 4160 549
3411 0 4160 482
3411 0 3985 482
3411 0 3985 357
3411 0 3935 357
2213 2121 2520 2504
2878 748 3660 1564
2595 0 3003 873
465 723 998 1031
599 757 998 1031
3444 2221 4160 3120
3744 2221 4160 3120
3777 2221 4160 2795
3777 2387 4160 2795
0 0 1963 2986
108 898 732 1605
108 1064 732 1605
3444 2362 3993 3120
1464 574 2204 1306
1530 574 2204 1048
108 1064 732 1530
2296 1073 3519 2936
3020 2129 3519 2936
1464 956 1946 1306
1464 973 1913 1306
3269 798 3660 1564
3294 1248 3660 1564
3178 2504 3519 2936
1896 2055 2387 2778
2296 1073 3086 2637
2920 2329 3194 2670
3269 798 3619 1297
2296 1073 3086 2454
2296 1322 3086 2454
2296 1322 3086 2296
2296 1322 3078 2030
2296 1347 3078 2030
1530 574 2204 1023
1996 2055 2387 2778
1996 2055 2387 2604
1996 2204 2387 2604
1589 973 1913 1306
0 0 1755 1239
0 0 1755 1181
0 0 1464 832
856 515 1464 832
1023 515 1464 807
474 1015 1963 2986
1297 2312 1946 2986
1439 2479 1946 2986
3536 2579 3993 3120
0 0 1173 765
474 1015 1963 2520
1539 1431 1963 1747
474 1015 1713 2520
1106 1489 1713 2138
166 0 1173 765
166 0 931 765
166 0 848 765
166 0 848 440
474 1015 1456 2520
474 1015 1456 2412
1198 2013 1456 2412
1522 66 2063 607
474 1015 1264 2221
474 1048 1264 2221
474 1231 1264 2221
565 1231 1264 2221
624 1231 1264 2071
624 1231 1106 1830
648 1231 1023 1464
2704 1938 3086 2296
1339 1489 1713 2138
2446 1996 3020 2454
2512 1347 3078 2030
1822 2953 1996 3120
2296 2945 2520 3120
3685 2936 3993 3120
1688 2920 1880 3086
2970 2895 3369 3120
1414 2887 1713 3120
840 2870 1173 3120
3311 2862 3744 3086
266 2837 549 3120
0 2820 216 3020
58 2787 257 3086
1855 2778 2221 3095
2163 2770 2404 3120
1114 2745 1464 3120
2986 2737 3211 2986
2545 2720 2787 2961
648 2720 832 2903
3744 2704 4160 3120
632 2704 990 3120
2021 2695 2263 2878
3677 2670 3968 2928
898 2662 1239 2978
3303 2645 3602 2895
1106 2629 1331 2803
3020 2620 3328 3020
3153 2612 3336 2795
1231 2595 1547 2903
3536 2579 3793 2978
249 2579 449 2953
49 2579 416 2878
3411 2554 3635 2728
2845 2554 3070 2737
1572 2554 1830 2762
3777 2529 4160 2795
3178 2529 3519 2936
2620 2504 3103 3120
2479 2504 2828 2795
2254 2504 2737 3120
407 2504 973 3120
3427 2487 3685 2654
998 2446 1389 2778
3677 2429 3902 2620
3810 2387 4026 2595
474 2371 748 2570
3444 2362 3694 2595
2321 2362 2720 2654
2978 2346 3194 2670
582 2346 956 2728
3952 2337 4160 2570
1996 2329 2387 2604
1896 2321 2096 2496
1297 2312 1580 2704
898 2312 1131 2712
149 2288 324 2462
0 2279 391 2737
2570 2271 2837 2512
1040 2271 1397 2520
1439 2254 2088 2737
3627 2246 3818 2504
2704 2238 3020 2454
3827 2221 4026 2446
723 2213 906 2479
2013 2204 2329 2387
3369 2196 3594 2512
3053 2171 3436 2446
1564 2163 1772 2379
1406 2163 1580 2387
1198 2163 1456 2412
3020 2129 3369 2529
2213 2121 2520 2446
1697 2113 1896 2279
3577 2088 3935 2271
823 2088 1289 2421
2454 2080 2620 2329
1813 2080 2055 2304
665 2080 840 2296
3927 2071 4143 2296
2704 2071 2953 2279
3095 2055 3369 2254
2080 2055 2379 2346
257 2046 490 2354
1605 2030 1880 2271
1539 2030 1747 2204
2279 2021 2487 2204
149 2021 341 2229
1198 2013 1431 2221
2446 1996 2820 2404
1406 1988 1597 2254
2961 1971 3161 2163
232 1963 798 2604
3818 1946 4160 2196
3236 1946 3552 2288
2812 1938 3086 2296
3394 1921 3610 2221
1206 1905 1414 2138
3627 1896 3918 2063
2637 1896 2845 2129
1830 1896 2129 2188
3402 1872 3727 2196
565 1872 1239 2221
1705 1838 1872 2096
3469 1822 3727 2088
2595 1822 2828 2013
2346 1813 2620 2113
1397 1805 1713 2138
1838 1797 2038 1980
931 1797 1264 2071
3918 1788 4118 1988
3128 1780 3311 2088
3036 1780 3228 2055
2504 1755 2687 1930
1938 1730 2263 2080
1106 1713 1522 1971
1680 1705 1847 1888
249 1697 474 1946
3120 1664 3336 1838
3361 1655 3702 1963
2296 1655 2587 1880
224 1655 424 2129
3777 1639 3985 1921
1896 1639 2080 1888
740 1639 1064 1963
2579 1630 3078 2030
2221 1614 2462 1830
1772 1614 1955 1805
3685 1605 3927 1938
3536 1605 3735 1847
474 1589 856 1938
2978 1572 3228 1896
1048 1564 1264 1813
1713 1530 1963 1747
1206 1522 1372 1797
2396 1514 2604 1697
3877 1505 4160 1996
3294 1505 3602 1680
1289 1497 1530 1763
2853 1489 3078 1772
1339 1489 1647 1930
2778 1480 2953 1822
2204 1480 2471 1655
349 1456 673 1755
898 1439 1356 1730
391 1439 557 1605
2920 1431 3328 1622
1539 1431 1855 1713
3369 1414 3669 1738
1963 1389 2229 1688
3943 1381 4160 1564
2512 1347 2870 1780
1980 1347 2154 1514
624 1331 1106 1830
2820 1322 3028 1547
3120 1314 3444 1555
2346 1297 2520 1522
3377 1264 3660 1564
981 1264 1381 1489
3294 1248 3502 1505
357 1248 574 1456
1980 1214 2179 1431
1314 1214 1680 1514
3144 1198 3377 1422
2421 1189 2704 1497
2088 1189 2288 1497
1530 1189 1855 1480
3610 1131 3976 1755
2870 1131 3036 1331
1048 1123 1389 1322
1705 1114 1913 1306
3536 1106 3744 1306
0 1106 366 1589
2945 1081 3244 1514
2213 1081 2471 1306
2737 1073 3053 1397
3818 1064 4160 1480
2096 1064 2462 1372
665 1048 940 1264
1880 1040 2096 1356
1322 1015 1564 1239
865 1015 1164 1297
1589 973 1780 1189
1464 973 1647 1198
1872 965 2138 1239
2545 948 2953 1397
1680 948 1855 1164
740 948 1006 1173
3269 906 3619 1297
332 906 540 1081
0 906 266 1272
507 898 715 1272
407 898 648 1231
3011 890 3211 1106
2845 881 3070 1089
532 856 732 1040
0 856 166 1064
166 823 474 1015
2587 815 2837 998
3993 807 4160 1131
1048 807 1322 1006
3278 798 3519 973
599 773 890 1031
0 765 216 940
2005 757 2737 1264
1830 757 2021 1048
832 757 998 1006
2878 748 3486 1331
3843 707 4160 1106
965 707 1164 1031
3369 690 3635 873
1938 690 2304 915
3095 624 3386 965
2312 615 2695 890
1680 607 2204 1023
2196 590 2421 815
1023 590 1289 765
3452 574 3635 740
1530 574 2046 898
856 574 1040 832
2337 540 2562 832
2520 532 2770 856
2670 524 2845 732
1106 515 1464 807
99 515 341 740
1980 507 2296 673
2895 465 3078 798
490 457 782 807
2662 449 2837 673
1580 449 1872 657
3386 432 4035 1214
640 399 931 673
1048 391 1422 607
2179 366 2412 682
1114 366 1755 1181
507 349 673 599
2387 324 2695 590
3585 316 3968 549
3552 307 3768 482
208 291 391 599
2637 257 3003 873
2121 249 2354 499
1838 241 2254 557
965 241 1164 632
549 241 848 440
0 241 224 490
249 232 599 765
58 232 341 549
2379 208 2662 391
3086 199 3294 457
1189 191 1530 590
798 166 1015 399
3036 158 3544 682
3411 133 3652 307
823 124 1173 465
2238 108 2404 282
0 99 232 282
2728 74 3278 515
1522 74 2063 607
1655 66 1963 324
856 66 1081 249
3860 49 4160 848
2379 24 2629 199
3585 0 3935 357
3286 0 3469 216
3203 0 3377 199
2887 0 3344 208
2595 0 2953 349
2146 0 2579 316
1921 0 2263 382
1772 0 2088 224
1381 0 1555 341
1214 0 1414 257
1098 0 1431 416
549 0 832 249
166 0 773 291
0 0 191 232
0 0 2520 3120
3594 1822 3885 2055
0 0 2471 3120
0 2787 257 3111
324 590 640 790
823 0 4160 3120
3619 2196 3885 2471
823 1189 4160 3120
1514 0 4160 2296
1505 2163 1772 2379
249 1705 765 2354
249 1705 615 2354
249 1705 490 2354
249 1763 490 2354
1514 149 1697 366
2321 1289 2520 1522
249 1971 490 2354
0 0 2471 2188
3394 1872 3835 2221
0 1489 1905 3120
2188 1614 2462 2104
3394 1872 3727 2221
2196 449 3070 1089
0 0 324 424
0 0 232 282
149 2263 490 2462
2188 1755 2379 2104
0 515 540 1164
249 2046 490 2354
3536 765 4035 1306
3536 782 3960 1306
3536 931 3860 1306
507 823 748 1272
1522 0 4160 2296
1813 1189 3935 2728
183 2263 490 2437
3369 1414 3735 1847
2728 0 4160 2296
1522 0 3619 1589
0 515 540 1081
1522 0 3619 1514
0 1489 424 2288
0 1489 424 2229
0 1489 424 2129
0 1489 249 1955
2961 1713 3502 2279
3128 1713 3502 2279
823 2088 4160 3120
1572 2554 1930 2803
0 698 540 1081
0 515 341 757
1605 2554 1930 2803
2728 723 3070 1089
507 856 732 1272
3128 1713 3419 2088
2204 2870 2520 3120
0 1797 1905 3120
1980 191 2645 665
2304 291 2645 665
2304 291 2562 574
3128 1780 3419 2088
2504 1755 2828 2013
1980 191 2379 515
1980 249 2354 515
3311 2862 3777 3120
1048 1497 1530 1813
1206 1497 1530 1797
2845 2329 3328 3020
2845 2554 3328 3020
2870 881 3211 1106
632 2271 1397 3120
249 2496 557 2953
3952 2288 4160 2570
1605 1913 1905 2421
1605 1913 1905 2387
0 748 540 1081
3144 1198 3502 1505
1813 1314 3935 2728
249 948 2471 2188
1872 965 2288 1514
1872 965 2154 1514
3128 2088 3935 2728
3244 2088 3935 2728
3269 2088 3935 2512
3244 2496 3635 2728
0 0 2204 1772
1813 1314 3602 2637
1322 948 1855 1306
1322 948 1855 1239
1464 948 1855 1198
1589 948 1855 1189
249 1015 2471 2188
2196 449 2878 890
2196 449 2837 890
1089 0 1655 432
3444 2238 3902 2687
3444 2246 3902 2687
3469 1822 3918 2088
1605 1913 1896 2279
2421 1189 2704 1580
1464 1431 1855 1713
2961 1780 3228 2163
3128 1780 3377 2088
1040 2271 1397 2587
2728 0 4160 1214
2545 2720 2828 3120
1813 1322 3436 2637
3053 2055 3436 2446
632 2312 1131 3120
2920 1314 3602 1680
940 1264 1381 1547
2920 1314 3444 1622
1089 0 1655 416
1089 0 1555 416
1098 0 1555 416
2520 449 2837 856
1813 1322 3369 2637
2820 1322 3228 1896
2820 1322 3078 1772
3344 2870 3685 3120
1214 0 1555 341
249 1439 673 2030
249 1439 673 1946
1813 1347 3369 2637
1813 2080 2329 2496
1813 2080 2329 2387
1938 1347 3369 2637
1938 1564 2379 2346
349 1439 673 1755
2196 540 2695 890
3660 2429 3902 2687
3519 291 3768 482
2279 1347 3369 2637
0 0 2204 1306
0 232 391 599
0 232 341 557
0 241 224 557
0 349 1164 1772
166 0 2204 1306
1872 2246 2096 2496
1347 2704 1713 3120
1397 2704 1713 3120
1938 1664 2263 2080
0 765 540 1081
599 757 998 1106
166 0 2204 1181
1106 191 1530 590
2296 1347 3369 2637
2637 1896 2953 2279
3203 515 3635 765
3203 515 3527 765
1938 624 3619 1514
1938 690 3619 1514
474 1015 2471 2188
1772 1614 2129 2188
1772 1614 2080 1888
1605 1913 1880 2271
0 1797 1747 3120
0 1797 1747 3020
3120 707 4160 2296
3120 1589 3927 1963
3377 707 4160 2296
2321 2221 4160 3120
0 1106 366 1772
3818 707 4160 1480
3120 1589 3702 1963
3377 1131 4160 2296
3377 1131 4160 2196
1830 1797 2129 2188
2587 815 2837 1173
108 349 1164 1530
108 349 1040 1530
490 349 1040 832
2870 1131 3061 1480
108 723 1023 1530
432 723 657 931
490 349 782 807
232 1797 1747 2604
931 1797 1747 2387
931 1797 1747 2254
1406 1988 1747 2254
0 856 266 1272
2446 1347 3369 2637
2570 2271 2970 2637
0 2279 416 3020
2878 748 3619 1331
1705 956 1946 1306
3153 2221 4160 3120
3153 2529 3519 3053
2296 1655 2620 2113
823 2088 2737 3120
108 898 1023 1530
2038 2537 2288 2762
232 1872 1239 2604
1522 0 3078 873
2595 0 3078 873
840 2662 1239 3120
407 2346 973 3120
2312 540 2695 890
166 823 540 1081
1522 0 2695 682
1522 0 2695 673
3303 2221 4160 3120
3536 2221 4160 3120
2321 2279 3369 3120
2321 2279 2828 2795
1938 690 3244 1514
2545 948 3244 1514
2545 948 3053 1397
2446 1347 3369 2529
3120 1589 3452 1838
3444 2246 3818 2595
2321 2279 2720 2654
166 0 1464 807
3677 2221 4160 3120
3810 2221 4026 2595
3377 1131 4160 1996
1048 366 2204 1181
474 1015 2471 2138
1680 1389 2471 1888
1805 1389 2471 1688
108 898 940 1530
108 898 923 1530
2620 2446 3369 3120
931 1797 1414 2138
108 898 732 1530
1680 1530 1963 1888
474 1015 1855 2138
1522 0 2695 607
2379 208 2695 590
998 2121 2737 3120
823 2088 1456 2421
1855 2504 2737 3120
3286 0 3985 357
3153 2529 3519 2936
998 2121 2520 3120
1297 2121 2520 2778
1297 2121 2520 2737
0 2279 416 2878
2446 1347 3086 2454
2512 1347 3086 2296
998 2446 1946 3120
2728 49 4160 1214
1938 690 2737 1372
807 1015 1855 1522
2005 757 2737 1372
1522 0 2629 607
474 1331 1713 2138
823 0 1464 807
823 0 1422 632
823 0 1173 465
2620 2446 3103 3120
2728 74 3544 682
1522 0 2263 607
3369 49 4160 1214
1439 2121 2520 2737
1655 0 2263 382
3744 2529 4160 3120
474 1331 1647 1971
474 1331 1356 1963
624 1331 1356 1830
2163 2504 2737 3120
1772 0 2263 382
998 2446 1547 3120
1114 2595 1547 3120
807 1015 1855 1514
807 1015 1389 1381
3610 1131 4160 1996
1048 366 1755 1181
1996 2121 2520 2604
474 1514 1064 1963
474 1589 1064 1963
2146 0 2629 316
166 0 773 765
1963 1389 2471 1688
3369 432 4035 1214
1106 1489 1647 1971
865 1015 1389 1322
3219 1930 3602 2296
3219 1930 3594 2296
2221 191 2728 673
249 2046 482 2263
1214 0 1422 266
3377 1822 3835 2196
3377 1822 3768 2196
0 1896 391 2762
482 0 790 224
0 116 324 507
149 2146 391 2462
3752 16 4160 948
3752 16 4160 940
3444 1822 3768 2196
3444 1822 3768 2088
3577 1639 4160 2354
3752 1639 3985 1946
0 2487 923 3120
2704 1971 3036 2296
2562 0 2762 249
241 2013 2487 3120
241 2071 1206 3120
3577 1896 4160 2354
1389 0 4160 1015
3527 1822 3768 2088
241 2204 1206 3120
0 2728 291 3120
1522 765 2446 1763
1522 765 2446 1722
0 906 474 2296
224 1614 474 2129
1872 2121 2387 2604
1389 0 2046 657
1514 74 2046 657
0 906 357 2296
0 906 357 2196
0 906 357 1772
1614 0 4160 1015
1872 2238 2387 2604
1530 1272 1963 1763
1597 1281 1963 1763
1655 0 4160 1015
1772 0 4160 1015
1772 0 4160 915
1772 0 2953 915
3644 707 4160 1256
0 0 3519 2762
2279 1672 2687 1980
1522 765 2254 1722
2163 782 4160 3120
2986 2562 3286 2837
1813 399 2279 657
1996 1040 2446 1281
1680 1431 1963 1763
1713 1431 1963 1688
1397 2163 2188 2762
1447 2163 2188 2762
2737 0 4160 599
3219 0 4160 599
3361 0 4160 599
0 0 3519 2654
2704 1971 2928 2229
83 807 1522 2520
2895 782 4160 1996
2895 782 4160 1880
990 457 2121 1297
990 457 2121 1239
2895 890 4160 1880
0 906 357 1589
2296 1672 2687 1930
83 807 1364 2520
2163 1780 4160 3120
2986 1780 3436 2271
2163 2221 4160 3120
3785 1339 4160 1996
3011 890 3244 1206
1489 507 2121 1173
1522 507 2121 1023
1106 1722 1522 1955
2737 0 3344 540
1772 0 2828 915
1772 0 2645 590
3161 1780 3436 2088
3877 1339 4160 1996
1522 74 2046 657
0 0 1697 1264
3061 158 3602 981
0 0 1697 1173
0 0 1697 1164
0 0 1422 1164
490 83 1422 1031
0 0 1023 1164
2163 2229 4160 3120
807 515 3519 2654
3128 2229 4160 3120
0 241 615 1164
2055 515 3519 1847
2196 515 3519 1847
3128 2288 4160 3120
3411 2288 4160 3120
3810 2288 4160 2595
3411 2362 4160 3120
3128 2329 3577 2945
807 1015 3336 2654
1747 1480 3336 2654
3519 0 4160 599
3128 2329 3419 2654
807 1015 1921 2279
990 1630 1921 2279
2080 0 2953 391
3585 0 4160 599
2437 515 3519 1505
2013 1480 3336 2654
3278 2878 3544 3120
3311 2812 3835 3120
2163 2778 2329 2953
607 2670 1056 3120
0 2579 257 2895
3560 2529 4160 3120
16 2487 923 3120
3186 2479 3577 2945
3128 2479 3361 2654
682 2446 1539 3120
1930 2437 2171 2604
3411 2362 3694 2770
2163 2346 3402 3120
3136 2329 3419 2520
1896 2321 2387 2604
3810 2304 4060 2595
133 2279 391 2595
3319 2229 3918 2687
2953 2221 3203 2562
241 2204 1206 2770
3053 2179 3452 2412
183 2146 391 2387
2704 2096 3036 2296
707 2096 906 2429
3577 2055 3935 2271
2986 2055 3278 2271
