0 0 4160 3120
1123 2163 1639 2604
732 1555 1081 1888
2970 2471 4160 2637
3244 133 3494 449
1921 773 3269 2362
2421 773 3045 1148
2520 773 3045 1148
2520 931 3045 1148
2171 915 2387 1464
757 0 1314 449
2171 1015 2387 1464
0 1248 782 1639
1921 956 3269 2362
307 1664 782 1971
307 1664 715 1971
3860 856 4160 1389
2179 956 3269 2021
3419 2337 4160 2512
2562 1622 2986 2529
2770 2030 2936 2496
0 2895 257 3120
3494 0 4160 374
2845 2046 3352 2337
1023 1339 2146 2154
1272 1389 2146 2154
1272 1389 1930 2154
1272 1439 1855 2154
1272 1439 1847 2154
1456 1680 1847 2154
3269 1131 3677 1389
1955 0 2179 599
1073 590 1364 1123
1106 590 1364 1123
1114 690 1364 1123
2745 0 3161 557
2745 0 3161 515
1239 1896 3111 3120
1772 2620 3111 3120
615 2562 1031 2945
1089 208 1580 465
3610 1297 3968 1622
3860 856 4160 1289
2845 2238 3136 2554
1921 299 2620 1372
881 2820 1472 3120
1239 1896 2704 2945
1239 2188 2104 2945
3635 0 4160 374
3635 0 4160 357
1539 1697 1847 2154
1921 499 2620 1372
1921 499 2620 1089
1996 499 2620 1089
1996 574 2620 1089
0 1414 782 1639
2329 690 2620 1089
1239 2504 2104 2945
1505 2579 2104 2945
1505 2654 2104 2945
2337 956 3269 2021
915 0 1880 1389
915 24 1872 1389
915 282 1872 1389
915 282 1331 723
1239 2504 1988 2687
2337 956 3169 2021
0 0 2512 3120
0 0 1339 1589
0 1522 2512 3120
0 1522 1930 3120
133 2479 740 2903
149 2595 740 2903
1164 673 1872 1389
1281 565 1838 865
0 0 1206 1564
133 0 574 374
2471 0 2870 291
1281 0 4160 3120
1788 1830 4160 3120
2154 1930 2446 2129
1788 2088 4160 3120
1872 1896 2704 2446
1056 24 1813 773
2337 956 3169 1896
0 2404 174 2903
1788 2379 4160 3120
1788 2379 3078 2870
1955 0 2146 599
1281 0 4160 2412
2803 1830 3635 2562
2803 1830 3236 2379
2179 1580 2387 1980
2853 2545 4160 3120
0 1539 1930 3120
973 2304 1223 2679
183 2662 740 2903
3261 1372 3694 2005
3261 1530 3569 2005
3294 1530 3519 1822
2379 956 3169 1896
1281 0 3519 2412
1755 0 3519 1139
1755 0 3519 1081
1755 0 2604 773
2936 0 4160 2404
2936 324 4160 2404
3486 324 4160 1073
2362 257 3519 1081
2362 257 3519 832
2837 482 3519 832
3486 499 4160 1073
133 1539 1647 2737
1755 0 1988 474
2046 2088 2687 2446
2936 807 4160 2404
3536 2071 4160 2404
1281 698 2412 2412
2362 257 2903 665
116 0 1206 1564
266 0 1206 981
1788 2379 3078 2837
2387 956 3169 1896
2579 956 3169 1639
2579 956 3169 1547
0 0 807 1564
266 0 898 515
3527 732 4160 1073
3527 732 3993 1073
2995 0 3852 715
0 2412 1930 3120
1838 0 2604 773
0 1522 682 2437
2936 807 4160 2221
2936 815 4160 2221
1872 2071 2570 2446
1913 0 2604 773
2446 257 2903 632
2446 291 2903 632
2046 2088 2687 2337
2853 2554 4160 3120
2945 2554 4160 3120
1281 981 2188 1589
1805 698 2412 2412
0 2412 1697 3120
0 2496 1697 3120
1281 1056 2188 1589
1431 1056 2188 1589
1838 1064 2188 1589
2612 257 2853 482
3793 1322 3968 1572
2387 1372 2803 1896
3719 324 4160 782
1805 1098 2412 2412
133 1555 1647 2737
2046 2113 2654 2337
266 0 890 515
266 0 890 432
266 0 832 432
549 0 832 432
1056 33 1813 773
2687 640 3294 1081
3802 324 4160 782
1805 1356 2412 2412
0 1639 682 2437
133 1555 1447 2737
1805 1397 2304 2412
1830 1397 2304 2412
1830 1705 2171 2412
1913 1064 2188 1589
0 0 632 1564
133 2030 1031 2737
2071 0 2604 665
116 324 890 1564
1056 1738 1647 2279
2554 1239 2945 1813
2554 1539 2945 1813
0 1639 682 2213
1788 2396 3078 2837
266 324 890 1564
266 940 832 1564
2379 1015 2820 1547
2936 1572 3394 2113
3186 815 4160 2221
1056 1880 1647 2279
0 1522 307 1938
2179 2113 2654 2337
2803 1830 3144 2346
3627 2554 4160 3120
3793 2554 4160 3120
2995 66 3852 715
3011 66 3852 715
3361 66 3852 565
2945 2554 4110 3120
133 2030 1031 2645
133 2080 1031 2645
133 2104 881 2620
282 2104 881 2620
1946 698 2412 1139
1946 698 2371 1139
2005 698 2371 1139
1056 33 1797 341
682 2080 1031 2645
1056 1880 1580 2163
1788 2396 3078 2695
1788 2446 2487 2695
1830 1705 2163 2412
1830 1705 2163 2071
2687 640 3294 1056
2279 2396 3078 2695
2412 2412 3078 2695
1056 1880 1580 2121
3186 815 4160 2196
3552 1289 4160 2196
0 2595 1697 3120
199 2595 1697 3120
790 2595 1697 3120
790 2595 1306 3120
956 2595 1306 2970
2936 1639 3394 2113
1139 191 1813 773
2687 640 3294 1006
3552 1472 4160 2196
3560 1472 4160 2046
1139 332 1813 773
1139 332 1797 723
3186 815 4051 1589
3228 815 4051 1564
3361 815 4051 1564
3361 815 3843 1456
3361 815 3843 1264
199 2828 823 3120
199 2828 599 3120
332 2928 823 3120
1173 2595 1697 3036
3644 1472 4160 1963
1439 332 1797 723
3694 1472 4160 1963
3694 1472 4160 1847
0 1639 682 2096
1248 2595 1697 3036
2936 1639 3228 2113
3444 1713 3702 2221
3694 1472 4160 1788
158 1639 682 2063
1456 2945 1930 3120
332 2928 673 3120
3161 2912 3369 3120
790 2903 1131 3120
490 2895 765 3070
83 2895 257 3078
224 2878 599 3120
1248 2820 1530 3036
1031 2820 1239 3045
2479 2787 2812 3020
1505 2778 1938 2945
3793 2753 4160 3120
1173 2728 1389 3003
956 2720 1156 2970
549 2712 956 3020
1772 2695 3111 3120
1971 2695 2229 2936
840 2687 1031 2945
183 2679 424 2903
2138 2670 2579 2837
324 2662 740 2903
1530 2654 2104 2936
0 2645 349 2936
1930 2620 3020 3028
2945 2612 3253 3120
1248 2595 1697 2970
1081 2595 1306 2878
149 2595 416 2803
615 2562 923 2770
3793 2554 4160 3078
3627 2554 3952 2920
2970 2554 4110 3120
266 2545 723 2737
1988 2529 2446 2812
1697 2504 1988 2687
133 2479 341 2654
2196 2471 2487 2637
1788 2446 2379 2695
973 2429 1223 2679
116 2429 349 2595
2412 2412 2778 2695
881 2412 1164 2770
0 2404 174 2670
2279 2396 2579 2612
2753 2379 2961 2595
2845 2329 3061 2554
141 2321 532 2604
2895 2238 3136 2504
3536 2229 3852 2404
1872 2229 2496 2446
2046 2204 2620 2446
1480 2188 1880 2554
133 2188 324 2454
2995 2171 3236 2379
3511 2138 3685 2321
3136 2138 3352 2337
2379 2113 2654 2337
1447 2113 1647 2279
574 2113 881 2570
0 2113 274 2437
282 2104 757 2620
682 2088 1031 2645
773 2080 965 2520
3660 2071 4160 2288
1971 2071 2570 2329
2812 2055 3144 2346
1880 2046 2088 2412
482 2030 740 2221
3552 1996 3785 2196
1114 1988 1489 2238
3877 1946 4160 2179
2154 1946 2379 2129
0 1946 382 2213
2055 1930 2246 2204
3011 1921 3635 2562
3444 1913 3644 2221
1921 1905 2204 2362
2354 1896 2704 2129
3144 1888 3427 2138
1056 1880 1464 2121
2803 1830 3103 2146
624 1830 832 2013
2936 1822 3228 2113
3560 1813 4160 2046
0 1813 266 2096
2354 1797 2637 2021
3095 1772 3394 2104
1322 1763 1971 2412
1830 1755 2163 2071
3885 1738 4160 1963
1214 1738 1572 1938
3261 1722 3569 2005
3502 1713 3702 1980
1539 1713 1830 2154
2562 1705 2970 2529
3644 1672 3843 1905
474 1672 782 1946
490 1664 715 1847
3344 1647 3519 1822
2254 1647 2437 1955
3727 1639 3993 1847
2953 1639 3178 1938
158 1639 407 2063
2720 1622 2986 1863
2104 1614 2279 1996
732 1614 906 1888
407 1605 765 1822
0 1597 307 1938
3086 1572 3352 1813
3436 1564 3727 1755
2579 1564 2912 1788
773 1555 1447 2454
773 1555 1081 1747
224 1555 540 1805
1064 1539 1422 1730
3294 1530 3469 1697
3852 1514 4160 1788
3694 1472 3960 1730
2695 1464 3120 1639
1272 1439 1813 1763
2288 1431 2496 1597
0 1414 241 1589
2121 1397 2304 1738
1863 1397 2146 1747
1614 1381 1813 1580
3427 1372 3694 1713
2412 1372 2803 1847
3086 1347 3261 1547
1497 1347 1747 1572
3186 1339 3660 1589
1023 1339 1356 1555
3610 1297 3868 1622
3968 1289 4160 1580
1913 1289 2188 1589
2379 1272 2545 1547
2687 1248 3045 1547
1281 1248 1472 1530
2604 1239 2862 1580
3577 1223 3827 1456
3269 1156 3652 1389
3768 1123 4051 1564
2579 1106 3169 1547
1547 1089 1930 1356
2878 1064 3053 1264
1921 1064 2179 1356
1431 1056 1872 1572
3461 1023 3843 1264
2978 1023 3219 1364
3860 1015 4085 1289
2446 1015 2820 1406
3669 1006 3860 1256
615 1006 832 1189
3261 981 3494 1223
3053 981 3269 1414
1872 981 2071 1356
1489 973 1697 1148
2354 956 2520 1372
266 940 707 1564
3735 931 4035 1173
2720 931 3045 1148
3527 906 3744 1073
740 881 923 1464
1114 865 1364 1123
2421 856 2629 1064
3228 848 3444 1123
2163 840 2412 1139
2795 832 3169 1056
3361 815 3594 1089
2362 807 2620 1089
2005 798 2246 1139
116 790 648 1505
2687 782 2986 1006
2529 773 2720 965
1589 757 1872 956
3927 732 4160 940
3644 732 3993 1006
648 715 1339 1589
74 707 257 990
2038 698 2371 948
2329 690 2612 940
1123 690 1306 956
1164 673 1813 1389
3095 640 3519 832
2778 640 3294 940
1780 632 1946 1139
2387 607 3061 773
1996 574 2396 790
3486 499 3935 1056
1439 499 1680 723
1006 490 1173 782
3810 482 4160 782
3486 482 3735 648
2837 482 3128 690
1913 474 2154 773
3286 465 3486 657
1580 465 1896 782
3411 449 3644 624
1139 407 1514 640
2995 399 3211 582
1073 399 1331 723
2362 391 2604 665
665 349 890 515
2828 341 3045 557
2737 341 2903 515
1439 332 1797 540
3802 324 4160 532
316 324 890 1106
1838 307 2005 757
2221 299 2562 599
2446 291 2870 632
540 291 823 582
915 282 1164 615
249 282 807 1023
1605 266 1822 449
2071 249 2288 665
1164 249 1580 465
3011 241 3386 715
1089 208 1381 457
457 199 1206 981
1339 191 1639 391
3635 166 3843 349
3477 124 3702 399
0 124 632 1564
324 116 574 374
341 91 890 532
3935 83 4160 374
1339 41 1797 341
1056 33 1497 341
873 33 1148 449
3694 0 4160 357
3494 0 3818 199
3369 0 3585 282
3111 0 3444 366
2812 0 3161 515
2820 0 3070 232
2637 0 2870 266
2337 0 2737 249
2337 0 2637 199
2121 0 2604 357
1755 0 1988 249
1522 0 1880 549
757 0 1314 407
557 0 757 282
266 0 574 216
133 0 357 324
0 0 249 624
0 199 1206 1888
0 199 1206 1639
2188 915 2387 1372
0 0 3045 2154
266 199 1206 1564
0 1522 4160 3120
1788 0 4160 2812
2146 366 2379 673
2196 366 2379 673
665 33 1148 515
2055 1797 2637 2204
0 2088 1223 2945
3419 2221 4160 2512
457 199 1206 1464
266 0 3045 2154
648 715 1422 1730
1921 1031 2371 1464
1921 1031 2312 1431
1822 1905 2496 2529
1023 1339 1422 1730
3477 124 3843 399
1547 1089 1946 1913
2770 2030 3061 2554
2795 2088 3061 2554
224 1555 765 1971
307 1605 765 1971
0 2404 923 2903
1114 1988 1522 2329
3103 1564 3727 2163
3103 1647 3569 2163
3144 1647 3569 2138
1971 1622 2171 1863
1722 2570 2579 3045
1697 1256 1946 1913
648 715 1364 1589
2071 2570 2579 2870
1788 815 4160 2812
266 0 2179 1139
1780 0 2179 1139
1822 2229 2496 2529
1872 2229 2496 2529
1996 0 4160 1414
3411 449 3735 648
83 2895 257 3120
1722 2695 2512 3045
1164 0 3045 2154
2221 299 2604 665
0 2404 865 2903
266 0 1988 956
2071 2670 2579 2870
1722 2695 2229 3045
3427 1297 3968 1713
2612 257 3045 557
2612 257 2903 515
2728 257 2903 515
3427 1297 3868 1713
1164 0 2870 2154
0 2379 4160 3120
0 2496 4160 3120
1447 2579 2005 2778
2163 807 2820 1980
1838 898 2096 1198
3719 2221 4160 2396
0 1522 2088 2620
191 2030 740 2238
191 2030 665 2238
2179 956 2820 1980
2179 1015 2820 1980
2179 1272 2545 1980
2121 1031 2312 1431
682 2088 1223 2945
2570 2379 4160 2737
2637 2379 4160 2662
2970 2387 4160 2637
3860 923 4085 1289
2179 1896 2704 2337
2995 2138 3352 2379
2878 848 3652 1414
266 0 1880 956
266 0 1872 956
0 2404 740 2903
116 2429 740 2903
116 2429 723 2737
0 1522 307 1988
2163 807 2620 1139
1006 490 1181 881
2254 1272 2545 1614
1830 0 2870 2071
1996 0 4160 1389
1996 524 3602 1056
1996 524 3444 1056
2579 956 3319 1838
2812 0 4160 1389
3144 1722 3569 2138
116 2429 349 2654
3927 732 4160 1389
1697 1555 1946 1913
1780 0 2146 1139
2812 0 4160 1073
2812 0 4160 1056
3111 0 3818 366
3111 0 3585 366
1164 673 1872 2154
1164 673 1872 1763
0 1555 2088 2620
1880 1988 2088 2412
2878 848 3494 1414
2878 981 3269 1414
2878 1023 3219 1364
2687 1248 3319 1838
0 1555 1971 2620
773 1555 1971 2604
1364 1930 1647 2279
2853 2612 3253 3120
682 2088 1164 2945
0 1639 965 2620
1996 524 3294 1056
0 124 807 1564
1364 1930 1580 2163
2637 2379 3078 2662
3011 815 4160 2562
3536 1639 4160 2404
2687 1248 3319 1639
3036 1572 3352 1830
3086 1572 3352 1830
490 1639 773 1847
3228 848 3494 1223
3560 1639 4160 2179
3560 1639 4160 2046
2154 1797 2637 2129
266 0 1497 432
1272 1056 1872 1763
1913 0 2870 940
1780 0 2096 1139
840 2412 1164 2945
1913 0 2870 773
906 41 1872 956
915 41 1872 956
1073 41 1872 956
1788 1372 3394 2812
1788 1639 3394 2812
2812 0 3935 1056
2812 0 3486 715
266 0 1314 432
0 1639 881 2620
474 1672 832 2013
2695 1464 3319 1639
0 2496 4110 3120
2995 241 3486 715
673 2071 965 2520
3694 0 4160 782
2246 1797 2637 2055
1996 574 3294 1056
1996 574 3061 940
0 2496 1938 3120
773 1555 1639 2604
549 2595 1938 3120
956 2595 1938 3036
1081 2595 1938 3036
3727 1639 4160 1963
2071 0 2870 665
3186 815 4160 1905
3719 349 4160 782
1173 2595 1938 3036
1456 2554 4110 3120
0 1597 307 1988
3011 1713 3785 2562
3186 815 4160 1788
0 1522 274 1788
1971 2071 2620 2612
1788 2446 2487 2812
1971 2071 2620 2446
2046 2171 2620 2446
2121 0 2870 632
3527 698 3993 1073
2271 332 2604 665
1830 698 2371 2071
2412 1639 3394 2695
2562 1639 3394 2529
1863 698 2371 1747
1872 698 2371 1356
3186 1023 4160 1788
3186 1023 4160 1697
2995 241 3386 715
549 2712 1131 3120
1456 2620 3111 3120
1530 2654 2104 2953
1780 307 2005 1139
2329 607 3061 940
2121 0 2737 357
1281 41 1872 956
3011 1713 3702 2562
1339 41 1797 540
1339 41 1797 391
1281 499 1872 956
1863 1289 2304 1747
0 2496 823 3120
1322 1763 1971 2554
1281 565 1872 956
0 1639 407 2096
0 2645 823 3120
224 2878 823 3120
3461 1023 4160 1580
3186 1339 3660 1697
773 1555 1464 2454
1173 2595 1697 3003
2529 640 3294 1056
1788 2446 2446 2812
3461 1023 4051 1564
2778 640 3294 1056
0 1930 682 2213
3461 1023 3843 1456
3361 66 3935 1056
1863 1397 2304 1747
224 2878 765 3120
740 2288 1031 2687
3061 2446 4160 2820
2238 1564 2462 1955
2321 0 2737 208
2329 0 2737 208
1946 807 2371 1464
2146 324 2404 673
798 1555 1639 2670
1921 790 3269 2437
2637 790 3203 1239
798 1555 1639 2654
1921 940 3269 2437
3244 2337 4160 2520
3386 2337 4160 2512
2229 1031 2496 1589
2229 1339 2412 1589
0 2837 257 3120
2629 0 3544 557
2629 0 3419 490
2812 0 3061 241
2812 2238 3144 2579
2778 2046 3120 2346
0 0 2179 2554
1464 2545 4160 3120
1921 956 3269 2437
1946 923 2371 1464
1655 848 1863 1106
3278 1131 3694 1389
0 1414 3602 3120
2279 1522 3602 2512
0 1414 3344 3120
1946 923 2346 1389
0 0 2088 2554
1697 0 4160 2412
2529 940 2820 1198
1031 0 1980 782
3294 457 3486 690
0 2146 191 2903
1713 2545 4160 3120
3103 1522 3602 2479
3635 2088 4160 2362
1921 1730 2587 2362
2279 1580 3103 2512
2271 956 3269 1905
2354 249 3011 657
1056 499 1880 2554
2554 1223 2936 1830
840 2579 1056 2828
2271 956 2753 1905
2088 0 2354 366
2687 956 3269 1614
1713 2554 4110 3120
0 0 2088 2030
0 0 1830 2030
3635 2088 4160 2354
1688 0 1980 549
2537 2104 3344 2645
2537 2104 3194 2645
124 2454 773 2920
1056 1722 1880 2554
1697 765 2296 2412
1697 973 2296 2412
0 1414 3169 3120
0 1414 990 2837
116 2071 990 2837
457 2604 856 2837
2387 1372 2753 1905
3494 0 4160 1239
2687 956 3169 1614
2695 1198 3169 1614
0 1414 881 2263
1755 0 1980 474
1788 973 2296 2412
3003 1006 3269 1397
3003 1006 3253 1356
1788 998 2296 2412
1788 1181 2296 2412
0 2421 3169 3120
931 2462 1272 2778
1921 0 4160 2404
1921 0 3219 1173
1988 0 3219 1073
2828 0 4160 2404
3352 0 3860 632
133 0 923 449
557 0 923 449
116 2071 990 2795
1921 482 2504 1173
1946 707 2504 1173
1946 707 2504 1123
0 1414 790 1847
3494 698 4126 1239
2828 324 4160 2404
1946 707 2371 981
2271 956 2720 1597
2687 956 3045 1547
3619 0 4160 782
0 41 1830 2030
0 41 1830 1655
0 1547 881 2263
474 1555 1081 2030
998 407 1830 948
1073 407 1830 948
0 2421 2853 3120
1580 0 2088 1139
3352 0 3669 274
0 41 1339 1655
2828 324 4160 2221
0 1572 881 2263
2537 2321 2928 2645
0 1572 682 2263
1772 2845 2629 3086
0 2421 2645 3120
3477 2005 4160 2404
1464 2612 2113 2986
1788 1397 2296 2412
474 1713 832 2030
2936 1589 3411 2113
1772 2912 2437 3086
1031 0 1813 782
1106 191 1813 782
1339 191 1813 782
1988 599 3219 1073
3361 66 3860 632
1431 399 1813 782
3627 2545 4160 3120
3452 1697 4160 2221
0 2421 2579 3120
0 2595 1555 3120
0 2595 1472 3120
3103 1797 3602 2479
1031 2728 1472 3061
1788 1622 2221 2412
2828 324 4160 1788
2828 482 4160 1788
116 2071 990 2745
3003 848 4160 1788
1372 2421 2579 2704
1031 0 1797 407
0 1572 474 2263
0 2595 1306 3120
199 2704 1306 3120
0 1572 474 2213
1339 191 1797 582
3502 2005 4160 2288
3211 848 4160 1788
2554 1223 2920 1830
1955 2021 2645 2437
3502 2005 4068 2288
3211 848 3868 1456
3694 1081 4160 1788
2587 1223 2778 1564
3411 1023 3868 1456
3719 1081 4160 1788
2936 1622 3411 2113
0 2928 257 3120
1888 2912 2437 3086
2421 2845 2629 3011
83 2837 257 3078
1497 2778 1730 2986
1031 2753 1389 3061
1722 2737 3194 3120
1281 2728 1472 3020
3053 2712 3361 3120
282 2704 1306 3120
599 2679 1031 3011
457 2670 856 2837
183 2670 416 2845
1713 2637 3003 3028
2604 2629 3028 2853
1464 2612 2113 2953
3095 2595 3361 2820
1272 2595 1555 3045
133 2595 416 2795
0 2595 349 2936
1955 2587 2138 2887
881 2579 1056 2795
1015 2570 1272 2762
2853 2554 4110 3120
3627 2545 4160 3078
2005 2537 2462 2828
931 2462 1139 2778
124 2454 507 2787
3061 2446 4160 2637
2412 2446 2645 2737
2346 2437 2579 2620
2537 2421 2837 2645
1372 2421 2504 2704
740 2421 948 2687
632 2404 915 2795
0 2404 191 2903
3003 2371 3344 2570
981 2346 1223 2670
2812 2329 3144 2579
2795 2329 2961 2504
2762 2321 2928 2595
2887 2238 3136 2504
2970 2229 3153 2429
1955 2196 2587 2437
0 2146 174 2437
116 2129 915 2745
2870 2104 3194 2346
3635 2088 4160 2279
1339 2071 1647 2329
640 2071 990 2554
2096 2055 2396 2254
2046 2021 2645 2312
3502 2005 3810 2288
49 1996 449 2263
1971 1980 2246 2346
848 1955 1056 2354
2803 1921 3103 2146
299 1905 881 2221
3103 1888 3602 2479
2421 1847 2720 2046
0 1813 249 2213
624 1805 832 2030
3269 1797 3527 2005
2354 1797 2587 2013
1788 1780 2171 2412
2936 1772 3411 2113
3452 1738 4160 2221
1056 1738 1564 2104
2387 1730 2753 1905
1921 1730 2462 2362
1322 1722 1880 2554
474 1713 773 1938
3902 1697 4160 1963
3677 1664 3843 1896
3436 1664 3702 1872
2263 1639 2437 1946
2953 1622 3253 1955
1905 1622 2221 1863
274 1614 565 1822
465 1597 790 1847
0 1597 266 1938
3727 1589 4010 1847
2978 1589 3319 1772
2279 1580 3003 2512
1697 1572 1913 2021
158 1572 474 2063
574 1555 1081 1921
2654 1547 2936 1797
0 1547 291 1788
2554 1539 2920 1830
3294 1522 3527 1888
3860 1505 4160 1788
3694 1480 3893 1722
3095 1464 3319 1664
3785 1447 4043 1672
0 1414 582 1672
3436 1372 3735 1730
2412 1372 2679 1797
2271 1339 2496 1597
3003 1331 3660 1630
1214 1256 1464 1530
174 1214 349 1456
2920 1198 3169 1530
3577 1181 3843 1456
1863 1181 2188 1763
3286 1131 3694 1364
3719 1081 4160 1580
3045 1081 3269 1397
2687 1081 3045 1547
1439 1031 1697 1214
3411 1023 3868 1256
3003 1023 3228 1356
2171 1015 2346 1389
2529 1006 2820 1198
1797 998 2138 1480
2712 956 2878 1156
2421 956 2720 1456
2720 931 3053 1239
3735 923 4068 1189
1946 923 2188 1156
1114 865 1356 1081
3211 848 3477 1239
2179 848 2412 1173
3494 798 3860 1239
1946 798 2121 965
2637 790 3203 1081
324 790 723 1098
1971 707 2371 981
3685 698 4126 981
1123 690 1297 948
0 690 166 1356
1048 665 1264 1056
1988 615 2396 790
1148 607 1347 931
2329 599 3219 1073
1580 582 1930 1139
3352 565 3652 740
1431 540 1813 782
1231 540 1830 948
