0 0 3120 4160
2254 1896 2562 2121
2520 1322 2828 1647
715 0 1788 1971
715 632 1589 1297
1356 2055 1597 2354
865 0 1788 1971
2479 1680 3120 2346
2529 1680 3120 2346
2704 1680 3120 2346
2945 2337 3120 2629
91 1497 757 2088
174 499 457 981
1830 291 2371 815
1830 291 2371 507
1181 0 1788 1971
1181 0 1788 1015
732 1322 2487 2662
940 765 1256 1040
940 765 1256 981
2936 3685 3120 4118
848 1322 1231 1763
848 1397 1198 1763
732 1447 2487 2662
2337 823 3120 1439
2337 823 2953 1322
91 1497 682 2055
374 1539 757 2088
732 1447 2421 2662
732 1447 2362 2662
1597 2995 2038 3577
2887 2654 3120 2961
99 2670 698 3652
391 3386 698 3652
732 1447 2221 2662
41 291 565 940
0 2529 224 3003
266 2179 782 2654
0 2604 224 3003
2903 823 3120 1439
773 2396 1530 2662
1064 2429 1530 2662
332 2379 782 2654
324 0 524 299
1347 0 3120 2055
1347 0 3120 1988
499 723 748 1114
732 1447 2221 2520
940 765 1256 973
224 690 449 981
0 0 1622 2645
99 2670 607 3569
0 1347 615 2645
0 1797 3120 4160
1381 2537 2063 2920
0 0 1622 1921
2371 2005 2762 2471
2412 2063 2737 2471
2720 1797 3120 2512
2828 1797 3120 2512
2837 1797 3120 2512
2837 1963 3120 2512
0 1347 615 2387
0 1522 615 2387
0 1522 216 2013
191 2670 607 3103
191 2737 515 3103
0 1838 615 2387
524 3386 698 3652
1264 1447 2221 2213
1264 1505 2196 2213
1264 1605 2196 2213
1547 1605 2196 2213
0 1955 3120 4160
1173 2429 1530 2662
1381 0 3120 1988
0 2104 3120 4160
1015 166 1223 549
232 2063 432 2645
1780 0 3120 1364
1780 0 3120 1031
1780 141 3120 1031
1971 507 2387 790
1447 2537 2063 2845
1447 2537 1905 2787
282 2670 607 2862
832 648 1256 832
549 1955 798 2421
657 1297 1139 1680
657 1297 1015 1680
1913 141 3120 973
2071 141 3120 890
2071 199 3120 890
2071 199 2787 732
2346 3261 3120 3785
1863 1447 2221 1688
1913 690 2554 973
732 1630 2138 2520
282 3211 582 3519
2529 881 2912 1231
0 1838 482 2387
0 1347 208 1863
798 1630 2138 2520
798 1847 2138 2520
324 291 565 515
2462 0 3120 607
0 1930 457 2387
940 2038 2138 2520
1256 2038 2138 2520
1381 2038 2138 2520
124 2104 3120 3810
0 0 449 682
632 2720 1447 3211
632 2720 1389 3211
632 2720 1281 3211
1381 2163 2138 2520
1381 2163 2138 2421
2462 574 3120 890
2512 574 3120 890
632 2936 1281 3211
632 2936 1173 3128
0 0 432 682
1813 1622 2196 2213
2479 3261 3120 3727
2479 3361 2853 3552
0 2670 2970 4160
0 2670 1056 4160
0 2670 657 3985
0 2687 657 3985
0 2687 640 3985
0 3469 640 3985
124 2104 1597 3486
124 2104 1597 3228
873 3269 2970 4160
873 3644 1397 4160
1680 0 2537 391
2462 0 3120 590
2071 507 2387 765
1913 0 2537 366
1913 0 2487 366
1389 0 1847 698
465 3036 1164 3486
2537 574 3120 757
1822 1622 2196 2179
624 2146 3120 3810
624 2870 1572 3644
599 3036 1164 3486
99 3053 557 3569
798 1847 1314 2154
0 2687 382 3860
0 0 1622 1797
141 0 1622 1797
141 407 1456 1797
1414 2146 3120 3810
2545 3261 3120 3727
1822 1622 2154 2179
141 424 1456 1797
940 2046 1447 2396
1073 2113 1447 2387
2071 524 2387 765
224 2104 1597 3228
1381 316 3120 1988
1397 0 1847 673
1597 2995 2038 3569
1755 2995 2038 3352
1822 1064 3120 1988
0 748 307 1522
224 2296 1597 3228
1139 2496 1597 2953
141 424 1306 1797
2346 3461 2595 3785
24 1838 482 2063
624 0 1622 707
1264 3269 2970 4160
1264 3427 2970 4160
599 3036 1089 3486
807 3036 1089 3344
0 3486 332 3985
0 3502 332 3985
832 0 1114 399
0 3552 1056 4160
624 16 1605 707
1381 316 2704 1364
1381 316 2471 1364
2021 923 2471 1364
0 266 191 515
224 2296 1272 3228
1381 316 2246 1339
0 965 307 1522
0 1023 307 1522
0 1023 291 1289
1381 665 2213 1339
2462 257 3120 590
2462 257 2986 590
1497 0 1847 532
773 757 1164 1089
1788 3544 2188 3810
1256 2870 1572 3286
2129 923 2471 1364
141 424 1073 1797
141 424 915 1797
0 1198 307 1522
2462 257 2986 490
2837 1963 3120 2354
1414 2196 3120 3810
624 108 1397 707
624 108 1081 707
141 465 915 1797
141 465 915 1713
141 549 915 1713
141 549 915 1639
1572 316 2246 782
2013 3444 3120 4160
1414 2986 1896 3810
1006 840 1456 1339
1905 1830 2154 2179
873 3644 1397 3935
0 3735 1048 4160
0 1223 282 1522
1938 1064 3120 1988
1938 1064 2246 1480
2545 3261 3120 3702
2662 3261 3120 3677
2021 3444 3120 4018
2113 1256 3120 1988
615 3194 1530 3818
1447 2196 3120 3677
1530 2196 3120 3677
1597 3178 1838 3569
2021 3527 3120 4018
2021 3635 3120 4018
1123 3594 1505 3976
2853 0 3120 366
2096 2196 2429 2679
2096 2196 2429 2595
1447 665 2213 1239
1447 782 2213 1239
1497 782 2213 1239
599 2296 1272 2903
0 1930 457 2288
1264 3427 2387 4160
1264 3427 2154 4160
1264 3477 2154 4160
923 3194 1530 3652
2579 1198 3120 1580
648 191 1081 707
1530 2213 3120 3677
2670 1647 3120 1905
0 2895 266 3860
0 3053 216 3860
2113 1256 3120 1888
2113 1256 3120 1680
2429 3003 2728 3286
224 3735 1048 4160
449 3785 1048 4160
599 3785 1048 4160
1414 3045 1896 3810
2021 3677 2462 4018
2080 3744 2970 4160
1655 848 2213 1239
1414 3045 1896 3694
2163 3744 2629 4151
2304 1722 2737 1988
1655 931 2154 1239
1414 3161 1896 3694
141 873 915 1639
2238 790 2704 1131
1414 3361 1896 3694
2080 3785 2970 4160
141 873 915 1306
341 549 607 1023
2113 1256 2737 1630
0 3294 199 3860
2080 3785 2928 4160
2080 3785 2820 4160
2329 2213 3120 3369
1664 3261 2021 3511
1530 2496 2629 3677
1530 2496 2620 3677
2662 1198 3120 1580
1439 3702 2154 4160
1439 3719 2154 4160
1439 3719 1971 4160
1522 3760 1971 4160
2537 2213 3120 3369
1813 2496 2620 3677
1838 2496 2620 3677
682 2479 1272 2903
1530 2604 1872 3045
1921 2637 2620 3677
1289 3985 1547 4160
2013 3976 2229 4160
2737 3927 2970 4160
1015 3918 1264 4160
449 3893 873 4160
1813 3885 2154 4160
1306 3885 1539 4051
698 3877 1048 4160
2163 3868 2362 4051
881 3860 1148 4068
1106 3843 1322 4160
0 3818 349 4160
2296 3802 2629 4151
2679 3785 2928 4001
2446 3785 2803 4110
599 3785 856 3952
1780 3768 1971 4010
0 3768 241 3985
2887 3760 3120 4160
1522 3760 1921 4160
2163 3744 2429 3910
2021 3735 2296 4018
474 3735 682 3985
224 3735 557 4110
1439 3719 1639 3976
1913 3702 2204 3960
1622 3702 1838 3976
2945 3685 3120 3852
1206 3685 1505 3976
2263 3677 2462 3902
873 3644 1347 3935
2437 3635 3120 4010
1472 3627 1730 3810
1123 3594 1431 3793
2670 3585 2853 3768
615 3569 940 3818
399 3569 657 3777
2346 3552 2529 3777
757 3552 1056 3893
1872 3544 2188 3785
1672 3544 2021 3735
2063 3527 2387 3760
998 3527 1322 3752
2545 3519 2720 3702
2903 3502 3078 3727
2662 3502 2920 3677
66 3502 332 3827
0 3502 174 3860
1264 3477 1614 3760
249 3469 640 3835
2387 3461 2595 3785
2529 3444 2695 3644
1813 3427 2088 3727
1655 3369 1847 3577
1414 3361 1780 3694
2038 3311 2512 3677
2753 3303 2945 3536
923 3294 1464 3652
0 3294 199 3560
1938 3269 2138 3536
307 3269 582 3519
2887 3261 3120 3585
1855 3261 2021 3494
1664 3261 1888 3511
2337 3219 2629 3394
282 3211 557 3411
1214 3194 1530 3436
1605 3178 1838 3361
465 3169 765 3411
1431 3161 1697 3469
599 3144 906 3486
848 3120 1089 3344
2520 3111 2728 3286
1872 3070 2104 3352
1281 3053 1564 3286
0 3053 216 3328
624 3036 1381 3644
690 3036 956 3203
2288 3020 2487 3294
2429 3003 2629 3169
1148 2995 1389 3211
1647 2986 1838 3261
1098 2986 1281 3211
632 2936 865 3128
2595 2903 3120 3369
2737 2895 3036 3136
2404 2895 2604 3086
0 2895 266 3186
1256 2870 1572 3078
2512 2837 2679 3078
948 2820 1239 3011
224 2787 773 3228
1447 2778 1705 2961
990 2778 1414 3070
2496 2737 2753 2986
1813 2737 2063 3103
307 2737 515 3045
1381 2720 1622 2920
732 2720 1173 2945
66 2687 382 3020
1639 2679 1872 3045
24 2670 299 3028
2887 2654 3120 2953
1980 2654 2271 2978
1822 2645 2063 2845
1921 2637 2620 3427
1530 2604 1872 2837
0 2604 224 2903
1156 2554 1381 2953
1447 2545 1788 2787
1555 2537 1905 2704
124 2537 732 2845
732 2520 1272 2853
1838 2496 2288 2728
1139 2496 1597 2778
332 2487 574 2654
682 2479 981 2903
1339 2429 2071 2604
1173 2429 1372 2612
0 2429 274 2654
2229 2396 2429 2595
773 2396 1073 2570
449 2379 782 2654
1464 2312 2121 2520
2704 2304 2970 2604
2329 2296 2737 2820
599 2296 840 2670
2163 2263 2545 2504
1256 2246 1497 2454
998 2229 1331 2504
2537 2213 3120 3194
2096 2196 2263 2529
2936 2188 3120 2354
1073 2179 1281 2387
266 2179 640 2570
2720 2171 3045 2429
2304 2163 2487 2387
1614 2163 2138 2421
1372 2163 1564 2354
2412 2146 2695 2471
0 2129 191 2387
1248 2113 1447 2321
657 2104 1006 2471
124 2080 357 2288
2421 2063 2737 2263
648 2063 881 2246
232 2063 432 2554
16 2063 257 2387
1356 2055 1597 2312
549 2055 782 2421
940 2046 1248 2396
1530 2038 1780 2304
2762 1988 2945 2254
2837 1963 3120 2221
740 1955 1006 2421
873 1938 1148 2154
0 1930 457 2154
1813 1921 2104 2213
391 1905 615 2296
2254 1896 2421 2121
524 1896 757 2088
2737 1855 2953 2071
1905 1847 2104 2179
798 1847 1314 2138
74 1847 482 2063
1272 1838 1464 2055
24 1838 199 2046
2104 1813 2362 2163
2945 1797 3120 1988
2329 1797 2504 1988
1655 1797 1955 2171
1015 1772 1264 1938
91 1755 682 2055
2304 1722 2737 1971
2670 1664 3120 1905
1705 1639 1896 1805
906 1630 1264 1971
1896 1622 2196 2138
1264 1614 1830 2171
682 1614 856 1805
773 1605 1156 1888
515 1572 740 1797
848 1539 1031 1763
374 1539 673 1930
2562 1514 3120 1680
1322 1505 1622 1697
216 1497 465 1830
1988 1464 2221 1688
2171 1447 2770 1888
0 1447 208 1863
990 1397 1198 1622
865 1381 1297 1763
2928 1364 3120 1580
2371 1364 2612 1622
2520 1322 2828 1555
881 1322 1231 1497
191 1314 665 1713
657 1297 1015 1622
2387 1256 2737 1489
2113 1256 2529 1630
549 1239 832 1639
1822 1223 2021 1472
0 1223 216 1522
815 1206 1073 1389
2662 1198 2986 1514
116 1198 307 1472
1938 1189 2188 1480
998 1164 1306 1389
1156 1156 1356 1339
357 1156 624 1514
1347 1139 2113 1647
0 1123 174 1289
2953 1114 3120 1439
632 1106 915 1306
2321 1064 2554 1322
1996 1064 2246 1347
2154 1048 2471 1364
2529 1023 2787 1231
715 1023 1239 1297
49 1023 291 1248
1381 990 1655 1339
2487 973 2961 1297
2337 940 2778 1322
1655 940 1971 1239
2021 931 2221 1123
1838 931 2154 1123
2129 923 2371 1189
1447 915 1614 1156
2679 881 2912 1148
141 873 732 1248
1239 848 1472 1971
1006 840 1456 1231
2903 823 3070 1389
2695 823 2953 1023
2545 823 2712 1064
773 807 1164 1089
1913 798 2296 973
341 798 557 1023
2238 790 2645 1131
1497 782 1780 1148
940 765 1164 931
224 748 407 981
0 748 274 1081
499 723 690 1031
1755 690 1921 856
249 690 449 881
1780 682 2071 1031
2512 665 2953 890
1564 665 1813 923
1347 665 1530 840
956 657 1256 832
715 632 1589 1264
1439 615 1622 1015
0 590 183 923
1971 565 2304 790
2196 557 2379 748
432 549 607 823
74 524 366 881
2138 507 2346 673
174 499 457 773
565 465 740 815
41 465 382 940
1872 457 2221 790
574 424 915 1131
1938 416 2246 607
1888 407 2279 815
374 407 624 673
1397 391 1647 673
1389 382 1830 698
0 382 357 682
1023 357 1397 682
2887 316 3120 582
1572 316 2030 782
2371 307 2670 582
798 307 1081 707
1015 299 1214 549
2171 291 2371 507
324 291 549 515
0 266 191 449
2587 257 2986 490
1497 241 1747 532
648 191 906 499
1056 166 1223 382
2920 158 3120 366
2720 141 3036 382
624 108 832 282
0 108 183 307
1464 74 1722 474
1281 74 1580 449
2204 58 2537 266
1397 58 1605 424
2762 33 2986 199
391 33 815 599
324 33 524 299
1164 16 1605 449
2853 0 3120 208
2104 0 2479 257
1913 0 2204 266
1680 0 2021 391
1664 0 1847 282
1622 0 1822 249
1181 0 1788 948
1347 0 1622 241
832 0 1056 399
116 0 432 457
83 0 316 216
715 0 1822 1971
0 0 1622 4160
449 0 3120 4160
449 1896 3120 4160
682 0 3120 2662
1331 2329 2071 2662
682 0 3120 2504
1139 0 1822 1971
1156 0 1822 1971
1181 0 1822 1971
2479 1838 2953 2071
640 1955 1006 2421
1655 407 2279 1139
449 1963 3120 4160
1464 0 1822 474
0 465 382 940
2371 307 2753 582
1813 1896 2562 2213
2104 1896 2562 2213
2462 665 3120 1439
2462 665 3120 898
2545 823 3120 1439
2545 823 2953 1223
1331 2429 2071 2662
1597 3178 2021 3569
0 0 1622 3228
0 2670 956 4160
1431 2920 1713 3128
2545 823 2953 1064
881 3860 1281 4160
1015 3918 1281 4160
1381 0 3120 2154
2679 881 2912 1223
2021 840 2379 1123
682 1139 2362 2504
0 0 1456 3228
0 1148 682 2055
0 1347 682 2055
682 1139 2362 2396
0 1347 216 2013
0 0 199 232
324 0 906 299
832 648 1256 1040
832 648 1256 981
1006 782 1256 981
1855 91 2063 274
981 0 1622 449
1131 0 1622 449
2013 3868 2412 4160
2013 3868 2362 4160
324 0 707 299
765 2778 1414 3070
1381 0 3120 1971
998 2229 1788 2504
998 2229 1497 2504
91 1148 341 1480
174 291 740 881
1880 141 3120 823
1322 1505 1905 1697
2371 1322 2828 1705
2329 1797 2812 2154
2371 1963 2812 2154
1930 141 3120 823
981 24 1156 341
948 2778 1414 3070
2462 665 2953 890
1672 3544 2188 3810
0 2063 782 2662
0 2063 782 2654
232 2063 782 2654
0 2670 673 4160
1655 682 2071 1139
2337 940 2961 1356
91 1198 307 1480
2204 0 3120 607
2454 0 3120 607
1988 141 3120 823
141 1497 465 1830
682 1381 2362 2396
682 1381 1314 2154
940 1614 2362 2396
1098 1963 3120 3677
2479 3303 2945 3536
174 291 740 815
1339 1139 2221 1747
1339 1139 2113 1747
1464 2063 2737 2620
449 2995 3120 4160
1289 3935 1605 4160
1464 2146 2487 2620
1464 2146 2404 2620
1464 2146 2404 2529
2096 2146 2404 2529
2337 940 2961 1322
0 2670 657 4160
2371 1322 2828 1622
1389 0 2479 698
1389 0 2021 698
1381 316 3120 1971
1755 607 1946 856
1339 1139 2113 1647
1988 141 3036 823
2071 141 3036 765
282 3036 956 3519
282 3144 906 3519
282 3169 765 3519
2945 1797 3120 2080
732 1381 1314 2154
2454 0 3120 590
1073 1614 2362 2387
798 1381 1314 2154
798 1505 1314 2154
599 3527 1505 3976
599 3527 1322 3952
1913 0 2479 266
0 2670 299 3028
1164 0 1622 449
0 0 1456 1639
998 840 1456 1389
0 0 1397 1639
1447 1963 3120 3677
1098 2429 1905 3211
2071 199 2787 765
2587 0 3120 590
1098 2496 1905 3211
1098 2496 1622 3211
1139 2496 1622 2953
1073 1614 1955 2387
1464 2163 2138 2520
2404 2895 2728 3286
2404 2895 2629 3169
1896 1622 2362 2179
1896 1622 2362 2163
1705 1639 1955 2046
0 2670 640 4160
66 2670 607 3045
174 291 624 773
1098 2870 1572 3211
2520 3303 2945 3536
0 374 357 682
324 291 624 673
0 2895 640 4160
0 3053 640 4160
2728 2753 3036 3144
0 1139 1272 3228
0 1139 881 2421
449 3261 3120 4160
191 1139 881 2421
374 1539 881 2421
2454 0 2870 249
282 3169 765 3411
832 0 1397 682
0 0 1164 1639
0 2104 1272 3228
1655 790 3120 1971
2562 1198 3120 1680
1655 790 2878 1971
549 2055 881 2421
2587 0 3120 582
1564 316 2246 923
2728 2753 3036 3136
0 3294 640 4160
798 1630 1314 2154
191 1139 665 1713
1655 790 2770 1971
1838 848 2213 1198
1838 931 2154 1198
798 1630 1314 2138
624 2995 1896 3810
624 2995 1389 3644
740 3036 1164 3469
807 3036 1164 3344
515 1572 773 1921
0 965 291 1522
0 1023 291 1522
0 1123 216 1522
1281 3045 1896 3810
740 3244 998 3469
124 2080 357 2362
773 757 1164 931
307 2670 607 3045
1655 3261 3120 3785
2346 3452 2853 3785
2346 3461 2720 3785
124 2104 1272 3228
449 3294 3120 4160
0 108 191 449
2853 0 3120 582
1015 166 1397 682
1015 299 1397 682
1655 3269 2387 3760
873 3644 1539 4160
1921 1963 3120 3677
2404 2737 2753 3078
2496 2737 2753 3078
0 549 607 1081
266 2104 1006 2670
0 748 407 1081
1414 3361 1896 3810
83 0 1164 1639
124 2396 1272 3228
1896 1622 2312 2138
1655 3369 2387 3760
1381 782 1780 1339
1381 915 1655 1339
224 2396 1272 3228
2704 1963 3120 2604
1655 3369 2088 3727
83 0 1164 1131
599 2104 1006 2670
1431 3045 1722 3469
2662 1198 3120 1639
1264 1614 1955 2171
224 2479 1272 3228
1447 2263 2545 3352
1447 2396 2429 3352
1647 2986 2104 3352
1755 3070 2104 3352
0 3294 332 3827
0 3469 640 4160
2021 3527 3120 4160
141 873 1073 1639
549 1106 1073 1639
549 1106 915 1639
1822 790 2770 1971
1938 790 2770 1971
599 3552 1056 3952
1921 2213 3120 3677
2113 1256 2770 1971
1447 2396 2429 3103
1530 2396 2429 3103
0 3735 557 4160
2288 3020 2629 3394
1397 241 1747 673
2296 3785 2970 4160
1938 790 2645 1480
449 3294 2204 4160
1264 3477 2204 4160
873 3644 1347 4160
2129 2396 2429 2679
449 3294 1464 4160
615 3294 1464 3818
1522 3702 2204 4160
449 3735 1048 4160
2704 2171 3045 2604
1996 790 2645 1347
116 0 1164 1131
1530 2496 2288 3103
1530 2604 2271 3103
116 0 906 599
1522 3760 2154 4160
116 0 815 599
1414 3361 1780 3810
1530 2604 2063 3103
2113 1256 2770 1888
1264 3477 1639 3976
2446 3785 2970 4160
574 307 1164 1131
449 3877 1048 4160
2129 790 2645 1189
574 307 1081 1131
1148 624 1597 2121
2387 3361 2895 3710
1356 2038 1680 2354
208 690 449 998
673 0 1788 1306
673 632 1589 1306
707 782 1306 1214
2296 1905 2562 2113
2129 2387 2329 2620
349 1913 648 2545
2645 1680 3120 2496
224 2695 715 3120
1031 3194 1456 3694
141 1381 2446 2845
141 1489 931 2404
141 1672 931 2404
515 1921 931 2404
2670 1797 3120 2496
2737 1797 3120 2321
1938 3269 2179 3469
690 2862 1148 3061
740 1381 2446 2845
690 2895 1148 3061
2304 449 3120 1456
2304 582 3120 1456
2304 615 3120 1456
1314 1555 1946 2055
224 2737 549 3120
2828 773 3120 1456
1589 2995 2038 3635
740 1614 2362 2845
740 1614 2362 2745
1040 2429 1356 2745
49 449 391 873
740 1614 2362 2670
482 715 1015 1131
482 715 748 1114
1023 3860 1372 4160
2337 790 2986 1505
2396 790 2986 1505
2454 790 2978 1064
0 0 1622 3153
1106 3860 1372 4160
0 0 1622 2005
815 1389 1297 1847
1331 2537 2063 2845
524 823 1480 2005
0 1347 765 3153
0 1414 765 3153
0 1497 765 3153
524 1297 1156 2005
648 1297 1156 1847
0 3735 391 4010
657 1339 1156 1847
0 1580 765 3153
0 1580 474 2379
1347 0 3120 1198
0 2063 765 3153
0 790 3120 4160
2454 790 2762 1040
74 2063 765 3153
1289 1614 2362 2271
524 1921 931 2304
1414 0 3120 1198
0 3744 374 4010
74 2063 732 3153
740 1647 2138 2670
807 823 1480 1514
0 1755 474 2379
0 2679 3120 4160
1347 1381 2446 1747
2396 898 2986 1505
1747 2995 2038 3269
848 1397 1156 1763
0 1497 224 1855
0 0 1539 1921
0 0 1381 1921
357 0 956 216
499 0 956 216
499 0 906 216
807 1023 1397 1514
1289 1614 2196 2271
232 2704 990 3203
0 0 1381 1722
2304 615 2953 840
2529 898 2986 1505
1464 1381 2446 1747
1206 3261 3120 4160
1297 3261 3120 4160
1331 2537 1905 2787
1414 0 3120 1131
1913 49 3120 856
1289 1614 2196 2213
1697 1614 2196 2213
1697 1614 2196 2171
0 0 440 1389
0 2679 1597 4160
740 1647 1589 2670
1297 3419 3120 4160
1913 174 3120 856
2712 291 3120 798
2712 449 3120 798
1414 0 2828 1131
2529 898 2961 1505
740 1647 1497 2670
740 1647 1447 2670
740 1647 1264 2421
998 1838 1447 2670
998 2229 1447 2670
1414 0 2828 923
1589 349 2271 923
1106 2920 1414 3211
2013 3744 2263 4160
1414 0 2828 690
0 599 366 1389
83 33 1381 1722
1297 3419 2961 4160
1297 3419 2820 4160
0 0 440 632
0 2679 1164 3860
0 2687 1164 3860
0 2837 1164 3860
0 2970 1164 3860
0 2970 1164 3793
0 2970 657 3793
2720 3785 2961 4118
0 3186 1597 4160
0 3610 1056 4160
640 3186 1597 3935
740 3186 1597 3935
74 2063 682 3153
74 2063 682 2845
74 2429 682 2845
2271 3436 3120 4160
574 790 3120 3860
1364 790 3120 2154
2529 898 2953 1239
1664 0 2828 382
391 3036 1164 3777
16 3610 1056 4160
2862 0 3120 374
2412 3511 2695 3785
1414 0 1896 690
