0 0 3120 4160
1505 2063 1938 2737
2163 1048 2687 1256
1505 2387 1938 2737
2437 3020 2695 3328
0 2279 191 2496
2446 3020 2695 3244
865 1688 2013 2695
1023 1688 1639 1930
0 3286 382 4160
590 0 981 299
2154 790 2454 1006
865 1722 2013 2695
965 1722 2013 2695
1040 1722 2013 2695
1040 1722 1913 2695
1206 1722 1913 2695
0 2437 698 3144
0 2504 698 3144
266 2629 698 3144
266 2629 657 3028
1331 1356 1580 1530
2762 3619 3120 4093
1056 2887 1223 3352
1755 241 2387 723
1231 865 1555 1264
1830 2912 2362 3303
0 99 798 1089
174 99 465 324
1905 0 2304 332
0 3452 382 4160
0 3461 357 4160
2762 3635 3120 4093
2778 3635 3120 4093
1797 1838 2013 2504
1755 241 2154 723
407 2013 1830 3053
407 2013 1555 3053
582 2013 1555 3053
582 2238 1555 3053
1597 3993 2071 4160
1672 3993 2071 4160
582 2387 1555 3053
582 2387 1555 3003
99 3461 357 4160
99 3877 332 4160
1522 2645 1830 2912
1040 1772 1838 2570
1364 1772 1838 2354
582 2013 840 2387
1830 2912 2362 3169
881 1431 2038 2146
1747 1431 2038 1597
2595 0 2887 257
0 141 798 1089
0 141 790 1089
2337 357 2778 848
2462 357 2778 848
2512 357 2778 848
1231 1006 1539 1264
840 2387 1248 2687
0 141 790 1015
74 141 482 457
74 141 457 399
973 41 1547 341
91 1089 440 1364
0 1289 632 1655
582 2520 1555 3003
1938 1755 2545 2471
1988 1755 2545 2371
2080 1755 2545 2337
2288 2454 2604 2912
0 2379 3120 4160
2587 3935 3120 4160
0 307 790 1015
1073 3952 1530 4160
0 0 3120 3619
0 382 457 1289
0 382 457 931
1040 1805 1505 2570
881 1472 2013 2146
665 574 1797 1431
1081 574 1797 1422
2288 2454 2570 2787
1755 0 2654 557
1772 0 2654 557
1988 0 2654 557
2038 0 2654 557
1322 865 1555 1048
1148 574 1797 1381
1148 582 1797 1381
1148 890 1797 1381
898 1472 2013 1955
1680 1505 2013 1838
1755 1505 2013 1838
898 1472 1722 1955
898 1539 1614 1955
665 1048 1139 1431
241 216 1414 981
241 341 1414 981
257 341 1414 981
574 341 1414 981
632 341 1414 981
2229 1056 3120 1514
2337 1056 3120 1514
2337 1139 2537 1406
2104 91 2654 557
2104 91 2562 515
2104 91 2479 432
257 449 640 782
2229 1089 2421 1389
1755 1614 1963 1838
2587 399 2778 848
1148 1123 1797 1381
2504 1056 3120 1514
2504 1056 3120 1456
2504 1056 2995 1456
1971 1331 3120 3619
2246 1439 3053 1971
2246 1439 2745 1971
2246 1547 2728 1971
2246 1547 2645 1880
0 1331 615 1655
2462 1439 2745 1655
757 341 1414 965
757 341 1414 915
973 341 1414 690
973 399 1297 690
2654 1597 3053 1930
0 0 3120 3070
0 0 2063 881
0 0 2063 740
1322 0 2063 582
2080 2096 2462 2337
2021 2795 2279 3103
1331 0 2063 582
2354 1547 2645 1880
1347 1015 1539 1198
1040 3061 1480 3502
1040 3153 1456 3502
0 199 2529 3070
0 199 1530 2238
416 3777 815 4160
2745 1098 3120 1306
1647 0 3120 1248
0 449 2529 3070
199 2096 1156 3070
524 2679 1156 3070
524 2679 1064 2978
0 0 1497 740
0 449 2529 2595
624 2728 1156 3070
2163 2113 2462 2337
1331 0 1955 582
0 0 1347 740
0 2379 2986 4160
199 2096 923 2770
266 2404 923 2770
1863 881 2529 1647
2063 948 2529 1647
2188 1331 2529 1647
2545 1331 3120 1730
2545 1431 3120 1730
1547 599 1913 881
1971 1564 3120 3619
2745 1098 3011 1306
1597 1073 2412 2229
1597 1073 2337 2229
1597 1073 2321 2229
2005 1938 2321 2229
0 58 357 324
74 0 1347 740
2637 2046 3120 2870
2637 2046 2953 2512
2637 2113 2828 2512
0 449 2304 2595
0 1589 1114 2595
0 1605 990 2595
0 1605 990 2479
0 1622 990 2479
0 1622 990 2412
0 1705 990 2412
0 1772 940 2412
0 1772 765 2396
1048 449 2304 1622
0 1855 765 2396
0 199 1530 1555
0 765 1381 1555
698 765 1381 1114
807 765 1381 1106
973 341 1414 632
2329 3644 2679 3885
1381 0 1955 582
324 0 1347 740
898 1539 1272 1955
1164 3494 1514 3802
141 1630 449 1888
1597 1073 2288 2204
540 108 1347 740
2745 2429 3120 2870
2745 2429 3120 2762
1048 540 2188 1622
507 3777 815 4160
507 3777 815 4126
1971 1564 3120 2853
1505 2803 1705 3144
0 807 723 1431
1123 199 1530 765
407 2404 923 2654
1447 407 1946 640
1971 1564 3120 2803
2346 1564 3120 2654
1322 540 2188 1505
1322 715 1980 1505
1322 832 1980 1505
1580 832 1971 1173
332 3253 890 3752
332 3269 873 3752
0 906 549 1431
0 906 357 1431
1472 1772 1838 2354
673 1705 990 1971
0 790 391 1289
2238 1406 2529 1647
798 640 1297 965
324 0 773 416
0 549 457 931
2404 1564 3120 2654
1647 332 2496 1106
1647 798 2088 1106
1597 1198 2288 2204
1838 1198 2288 2204
1838 1464 2288 2204
673 108 1347 740
0 2637 707 4126
0 2637 648 4126
1472 1772 1838 2321
524 2679 931 2978
1322 1114 1980 1505
2246 0 3120 1248
2246 482 3120 1248
349 2379 2986 4160
1630 2379 2204 3095
1705 2379 2204 3095
682 108 1347 740
0 1214 1114 2238
299 1672 582 2104
0 1214 1114 1880
274 1214 1114 1747
2404 1713 3120 2654
349 2662 2986 4160
1006 2737 1497 3128
274 1214 1106 1747
274 1339 1106 1747
0 1015 856 1555
474 1397 1106 1747
199 2096 682 2579
41 1331 615 1630
2662 2604 3120 3619
2554 1713 3120 2412
2246 565 3120 1248
2753 482 3120 748
249 1855 765 2312
2246 2662 2986 4160
2246 2662 2928 3760
2246 2662 2928 3552
349 2986 2570 4160
199 2096 482 2579
2662 2604 3120 3452
274 1339 881 1639
1006 2737 1397 2945
0 2637 648 3511
0 2837 648 3511
0 2837 648 3436
2246 565 3120 1156
2246 2662 2928 3486
2404 3744 2986 4160
2362 2662 2928 3486
2404 3843 2753 4160
0 615 457 931
2379 565 3120 1156
2853 1713 3120 2412
0 3194 299 4126
349 2986 1697 4160
349 2986 1472 4160
682 2986 1206 3710
682 2986 1206 3619
2662 2604 2978 3336
0 2837 316 3436
2362 2662 2928 3402
349 3469 1472 4160
349 3469 1064 4135
349 3469 881 4135
0 3194 291 4126
2853 1813 3120 2412
2662 2604 2978 3161
1406 3178 2570 4160
1156 3053 1697 3585
723 3552 1472 4160
1672 3993 1938 4160
557 3960 815 4160
1239 3952 1530 4160
723 3893 1297 4160
2404 3885 2612 4160
99 3877 282 4160
2446 3843 2753 4160
507 3827 790 4126
2936 3810 3120 4010
2778 3793 2978 4085
648 3777 815 3943
2171 3768 2595 4160
2645 3744 2986 4018
1264 3719 1547 3943
2329 3702 2679 3885
1930 3685 2129 3852
349 3644 673 4135
2828 3635 3120 4093
2928 3635 3111 3818
2537 3627 2712 3835
1031 3619 1214 3818
0 3585 291 4126
757 3569 1064 4026
1015 3552 1472 3985
2845 3527 3120 3694
1339 3527 1514 3802
2537 3511 2862 3760
1664 3486 2030 3710
1406 3486 1688 3993
615 3469 881 3860
108 3469 299 3760
2437 3427 2670 3660
848 3427 1031 3710
332 3402 765 3752
1797 3377 2013 3544
1705 3377 1872 3560
482 3369 715 3585
2712 3361 2978 3594
2945 3352 3120 3619
1497 3344 1788 3569
1156 3294 1614 3585
2512 3286 2778 3552
599 3269 873 3544
274 3269 590 3511
698 3253 890 3477
1497 3244 1797 3452
865 3219 1206 3619
432 3203 790 3386
0 3194 274 3585
2903 3178 3120 3452
2512 3178 2862 3486
1564 3178 2570 4160
1106 3153 1456 3502
1813 3144 2063 3361
2196 3136 2454 3336
2005 3136 2229 3303
424 3120 707 3294
2654 3111 2928 3402
241 3111 648 3361
2953 3103 3120 3311
2778 3086 2945 3336
2446 3078 2695 3244
1164 3061 1480 3244
1314 3053 1697 3377
931 3053 1106 3319
274 3020 449 3203
1622 3011 1872 3303
0 3011 316 3436
49 3003 316 3178
682 2986 1048 3336
440 2978 698 3144
2737 2928 2936 3161
2021 2920 2221 3103
1713 2920 1988 3128
2188 2912 2362 3128
1156 2903 1497 3128
2862 2887 3095 3161
1056 2887 1223 3061
624 2887 890 3070
382 2862 590 3144
865 2853 1173 3061
1630 2845 1838 3070
191 2837 465 3061
0 2837 266 3095
2945 2812 3120 3003
2246 2803 2429 2995
1505 2803 1705 2995
1339 2803 1530 3053
2038 2795 2279 3028
2354 2745 2604 2912
1006 2737 1364 2945
848 2728 1156 3061
856 2712 1064 2912
0 2712 183 2912
615 2704 931 2978
341 2695 657 3028
524 2679 906 2903
2903 2670 3120 2870
2362 2662 2795 3161
1522 2654 1772 2912
108 2637 524 2936
266 2629 640 2978
2662 2604 2978 2995
1156 2520 1555 3003
1705 2512 2121 3095
266 2512 723 2770
0 2504 332 2762
2288 2479 2545 2787
2537 2462 2745 2753
2745 2454 2970 2695
1539 2437 1938 2737
149 2437 324 2654
2903 2429 3120 2762
1040 2429 1489 2712
557 2404 923 2654
1505 2387 1896 2728
1880 2379 2204 2670
407 2312 757 2579
2803 2304 3120 2562
1971 2288 2429 2803
174 2288 440 2479
2121 2271 2337 2462
1938 2238 2138 2471
632 2238 1073 2679
241 2221 474 2579
465 2213 682 2479
1098 2196 1289 2570
582 2188 840 2387
2346 2171 2570 2487
2404 2146 2728 2654
2912 2121 3120 2412
2221 2113 2462 2304
1988 2113 2171 2371
1081 2113 1356 2396
2080 2096 2246 2271
199 2096 482 2371
965 2046 1231 2604
1364 1963 1547 2304
2080 1938 2321 2121
0 1913 357 2396
948 1905 1314 2379
2554 1872 3003 2337
740 1872 940 2412
607 1855 798 2080
391 1855 765 2312
1797 1838 2013 2454
299 1830 490 2104
2853 1813 3061 2171
2604 1813 2845 2013
2163 1813 2337 2021
1040 1805 1505 2437
2412 1797 2679 2146
49 1797 357 2238
1664 1772 1896 2080
1564 1772 1838 2321
1472 1772 1655 2113
1081 1772 1322 2096
0 1772 174 2138
898 1763 1089 1955
2246 1755 2545 2229
881 1755 1181 2146
1231 1738 1913 2695
673 1738 873 1971
1206 1722 1597 2138
2878 1713 3120 2163
1023 1705 1414 1930
815 1705 990 1930
1572 1697 1963 2005
2654 1672 2887 1930
349 1672 582 1955
183 1655 449 1888
2437 1630 2645 1880
2246 1630 2412 1797
2146 1630 2471 2030
2005 1630 2229 1971
141 1630 374 1863
1780 1614 1963 1830
0 1605 341 1880
2737 1597 3053 1797
798 1589 1114 1788
2878 1564 3120 1830
1223 1555 1614 1730
1031 1539 1272 1896
474 1530 906 1747
1372 1472 1722 1705
823 1456 990 1622
2837 1431 3120 1639
2545 1431 2953 1730
41 1414 382 1630
2304 1406 2529 1580
723 1397 1106 1630
1597 1339 1913 1530
465 1339 881 1589
2812 1331 3120 1547
341 1331 615 1572
1048 1314 1456 1622
881 1314 1114 1547
1322 1297 1763 1505
0 1272 524 1555
2288 1264 2579 1505
873 1223 1073 1389
391 1214 815 1489
1863 1198 2213 1489
0 1189 183 1431
2504 1181 2995 1456
2795 1173 3120 1381
2229 1173 2396 1389
91 1156 332 1364
1389 1123 1797 1339
1680 1114 1980 1414
2745 1098 2928 1306
2229 1089 2421 1281
1838 1073 2063 1248
391 1064 624 1264
2579 1056 2753 1272
2404 1048 2687 1256
732 1048 1139 1431
665 1048 998 1314
1347 1023 1539 1198
341 1015 856 1331
1231 1006 1431 1264
1647 981 1971 1173
2837 948 3120 1248
2138 948 2512 1123
2063 948 2304 1372
0 948 324 1289
1647 931 1863 1106
274 931 549 1173
1081 923 1372 1422
66 906 357 1248
1464 890 1680 1148
698 890 948 1114
1863 881 2063 1123
2662 873 3020 1156
2246 865 2737 1148
1580 832 1755 1123
465 807 723 1098
1813 798 2088 1006
807 798 1381 1106
2787 790 2995 981
83 790 391 1106
798 773 1131 965
599 748 773 973
0 732 257 931
1664 715 1880 965
307 715 565 1089
757 648 1139 915
965 640 1297 832
2296 624 2462 923
108 615 457 823
1547 599 1755 881
1314 582 1697 973
2379 565 3120 1031
0 549 174 732
1747 540 2188 865
2895 515 3120 748
2337 507 2537 840
973 507 1206 690
673 507 898 715
282 499 790 1015
2753 482 2995 748
257 474 507 673
2104 449 2304 690
1996 449 2163 648
432 449 640 782
1447 440 1705 615
973 424 1198 632
1655 407 1946 640
832 407 1256 740
2587 399 2778 723
632 399 865 981
574 366 740 798
1123 357 1447 765
715 357 890 565
1763 341 1988 540
2080 332 2496 898
1331 324 1597 574
0 307 324 582
2104 224 2354 391
457 216 715 549
1281 199 1530 482
324 191 682 416
1381 183 1772 582
2371 158 2537 407
1439 149 1672 357
1988 133 2163 324
682 108 1347 557
2878 99 3120 324
981 99 1331 274
299 99 465 274
2154 91 2479 432
1281 58 1547 224
108 58 357 224
2645 49 2887 257
973 41 1422 341
1772 33 2080 249
2945 0 3120 224
2770 0 2953 249
2346 0 3120 557
2129 0 2479 183
2038 0 2263 208
1497 0 1955 440
1181 0 1497 199
832 0 1031 183
590 0 923 241
374 0 773 224
74 0 465 191
0 0 366 166
881 1688 2138 2737
1505 1697 2138 2737
1505 1772 2138 2737
1664 1772 2138 2504
1664 1772 2013 2504
2587 3935 2970 4160
0 2504 3120 4160
881 1688 1639 2146
0 0 3120 3361
1123 0 3120 3361
0 3286 357 4160
0 2520 3120 4160
1639 1431 2038 1838
2129 0 2778 923
0 0 1913 3203
0 366 948 1289
257 366 948 1114
2163 1048 2479 1389
0 0 1763 3203
1015 923 1555 1422
1081 923 1555 1422
465 1722 1913 2737
465 2188 1489 2737
1838 1073 2063 1356
865 1722 1913 2695
2296 158 2778 923
948 1722 1913 2695
1547 183 2387 881
0 0 1614 3203
1830 3020 2362 3303
1231 923 1555 1264
1680 1431 2038 1838
0 2288 440 2595
58 2288 440 2479
582 2188 1489 2737
2795 1139 3120 1381
2296 158 2654 923
2296 266 2654 923
2437 3144 2645 3444
1680 1431 2038 1730
1680 1439 2013 1730
1680 1505 2013 1730
1547 183 2304 881
0 715 565 1289
2895 366 3120 574
183 1655 490 2104
0 3877 282 4160
582 2188 1248 2687
2887 2970 3120 3402
2887 3103 3120 3402
1547 241 2304 881
1996 449 2304 690
474 1456 1614 2005
2354 3644 2562 3843
1547 241 2154 881
582 2429 1489 2737
332 3952 815 4160
257 449 948 1114
432 449 948 1114
474 1530 1614 2005
632 2238 1248 2687
1622 840 3120 3361
2737 1431 3120 1830
0 0 1564 3203
0 0 1564 1064
2737 1431 3120 1797
1148 1223 1763 1505
890 3602 1214 3818
2745 2429 3120 3003
1863 840 2745 1572
1422 440 1705 798
1622 1406 3120 3361
1863 881 2745 1572
1863 881 2687 1572
1863 881 2687 1505
2229 1048 2687 1505
2229 1048 2687 1406
1031 1539 1614 1896
2038 2695 2604 3128
1123 0 3120 2371
424 3120 790 3386
2138 0 3120 1547
2038 2695 2387 3128
2146 1497 2471 2121
2146 1630 2471 2121
74 257 482 457
599 748 948 1114
1364 1772 1838 2321
1123 0 2496 2371
1755 0 2479 432
1755 0 2354 391
1755 0 2163 324
1239 2604 3120 4160
973 0 1564 341
2778 3352 3120 4160
2778 3352 3120 4093
2080 2096 2362 2337
0 0 1347 1064
2446 3011 2704 3244
2737 2928 2945 3336
1123 0 2496 1173
2778 3352 3120 4085
0 640 1456 3203
0 640 1381 1630
0 807 798 1431
474 1530 1114 2005
540 1622 906 2005
540 1622 906 1971
540 1738 873 1971
1372 890 2321 2371
1372 1414 1722 1705
2296 424 2612 923
1755 0 2080 249
0 2520 2013 4160
1156 2520 1888 3144
1156 2520 1838 3144
2329 3427 2770 3885
2953 3103 3120 3402
2537 1872 3003 2753
2296 507 2537 923
1622 1431 3120 3361
1331 183 1772 582
2545 357 2778 723
0 1223 1456 3203
0 2504 1064 3203
0 2504 931 3203
0 2737 2013 4160
1705 3377 2013 3560
416 3960 815 4160
2329 3427 2712 3885
0 2737 1788 4160
0 307 324 640
0 906 440 1431
1314 0 2496 1173
1389 890 2321 2371
1988 1938 2321 2371
1988 2013 2171 2371
0 640 1381 1555
665 640 1381 1431
2229 1089 2487 1406
1156 2520 1772 3144
1339 2654 1772 3144
1505 2654 1772 3144
2845 3352 3120 3818
2845 3352 3120 3694
1389 890 2288 2204
0 2504 723 3203
0 2504 723 3061
0 2504 723 2936
0 2504 524 2936
0 549 457 1064
108 549 457 823
798 640 1381 1106
2654 1672 3120 2562
1389 1114 2288 2204
0 1223 1456 2654
0 1223 1456 2579
0 1605 482 2579
0 1605 357 2396
740 2712 1064 2945
332 3269 1031 3752
599 3269 1031 3710
807 3352 1031 3710
141 1223 1456 2412
607 1705 990 2412
707 1705 990 2412
707 1872 940 2412
1505 2654 1772 2995
1938 0 2263 208
0 0 1347 557
0 0 773 549
0 0 465 224
74 0 465 224
0 1605 357 2238
1622 1431 2953 3361
1622 2920 2312 3361
1622 2920 2063 3361
1622 3011 2063 3361
1863 881 2304 1372
2138 565 3120 1547
798 765 1297 965
2038 2795 2362 3128
2138 565 3120 1456
2304 1406 2529 1763
2803 1713 3120 2562
1314 0 2496 1123
540 99 1347 557
540 108 1347 557
407 2312 923 2654
1896 2920 2312 3103
2021 2920 2312 3103
2554 1872 3003 2512
1705 1431 2953 3095
2437 1431 2953 1880
2196 2604 3120 3760
2246 2604 3120 3760
2246 2604 3120 3552
2138 565 3120 1306
1239 3178 2986 4160
1239 3952 1713 4160
241 0 773 549
324 0 773 549
2346 0 3120 748
2770 0 3120 324
1314 0 2188 1123
1314 0 1988 1123
1314 0 1988 973
1439 0 1988 640
1439 0 1988 540
2246 565 3120 1306
2246 865 2928 1306
1664 540 2188 965
1705 1797 2845 3095
1705 2146 2728 3095
141 1223 1456 2312
465 1223 1456 1630
873 1223 1456 1622
1439 0 1955 440
2662 873 3120 1248
2412 1797 2845 2146
673 407 1256 740
465 1289 1106 1630
1389 1114 1980 1414
2579 1056 2928 1306
0 2837 715 4126
474 1530 1114 1788
141 1331 765 2312
349 1605 765 2312
349 1672 765 2312
2246 2604 3120 3486
2288 2604 3120 3486
2288 2604 3095 3486
349 2737 1788 4160
241 2978 715 3585
241 3111 715 3585
274 3269 715 3585
465 1289 881 1589
2288 2662 2928 3486
615 3469 1064 4026
2537 3361 2978 3760
2662 2604 3095 3161
682 2737 1788 4160
865 2737 1397 3061
2853 1713 3120 2171
1406 3178 2986 4160
2171 3744 2986 4160
2446 3744 2986 4160
349 3644 790 4135
0 2837 316 4126
141 1331 615 1863
2329 3627 2712 3885
682 2903 1788 4160
682 2986 1472 4160
723 3219 1472 4160
682 2986 1048 3477
274 1331 615 1639
1106 2903 1788 3585
881 1314 1456 1622
1971 2146 2728 2803
2346 2146 2728 2654
1106 3053 1788 3585
1156 3053 1788 3585
0 3011 316 4126
1406 3486 2030 3993
1855 1264 2038 1597
965 1688 2013 2728
2803 291 3120 565
1322 1006 1847 1422
1397 1006 1847 1422
2396 357 2778 765
74 141 482 499
2795 2055 2970 2412
1015 2387 1480 2712
1381 299 1664 574
0 3203 557 4160
0 3203 424 4160
0 3286 424 4160
1755 0 2030 241
440 2978 790 3369
440 2978 698 3303
1223 931 1539 1272
74 257 482 499
1248 3910 1763 4135
632 1048 1139 1514
665 1048 1139 1414
2304 948 2637 1431
2304 1040 2637 1431
1830 3003 2629 3236
1497 0 1722 183
2080 748 2387 1006
732 2720 1156 3070
732 2728 1156 3070
2080 748 2387 923
965 1688 1930 2604
965 1705 1855 2604
965 1705 1855 2379
1472 1763 1855 2163
1530 1888 2013 2728
1164 3070 1480 3236
1040 1780 1838 2429
1040 1780 1838 2371
2038 2695 2587 2978
2038 2695 2587 2945
2038 2695 2387 2945
2537 3619 3120 4160
1830 3003 2629 3219
1830 3003 2629 3169
0 590 615 1289
1381 1431 1813 1697
1797 0 2570 665
2071 0 2570 440
2071 124 2570 440
1680 1439 2013 1788
973 0 1472 482
973 33 1472 482
973 33 1472 399
0 2188 1555 3053
0 2188 1555 3003
0 715 615 1289
0 715 515 1289
2654 2496 3120 3236
2654 2496 3120 3120
0 2188 1489 2762
0 2471 1489 2762
615 2188 1189 2670
1439 424 2337 1131
1439 449 2096 1131
1564 449 2096 965
1755 449 2096 965
1755 449 2096 873
291 357 915 1023
1988 1514 2462 2304
2146 1514 2462 1896
2146 1547 2462 1896
199 0 890 291
91 1089 615 1514
141 1106 615 1514
898 1564 1281 1946
0 2471 973 2762
91 1089 449 1364
149 2471 973 2762
0 2238 3120 4160
0 3469 424 4160
2654 2113 2828 2512
607 2471 923 2662
432 357 915 1023
149 2496 973 2762
2238 1547 2462 1838
1988 1822 2354 2304
432 357 865 1023
299 0 890 291
407 0 890 291
407 0 890 282
0 2080 224 2504
0 0 2437 2645
1139 307 1472 782
1173 307 1472 782
615 740 865 1023
432 357 790 881
1830 0 3120 3619
1680 1505 2013 1788
2745 3619 3120 4085
1522 2238 2213 2936
1938 2238 2213 2629
0 2496 3120 4160
1655 715 1946 1048
2021 840 2437 1264
2654 2496 3120 2936
2654 2496 3078 2820
183 3469 424 4160
2537 3843 2795 4160
2579 3976 3095 4160
341 2695 1064 3045
524 2695 1064 2986
1830 1081 3120 3619
2512 1114 2995 1447
2005 0 3120 1289
1073 2878 1322 3402
1281 307 1472 624
1040 0 2437 1123
1081 715 1597 1123
1081 715 1497 923
1040 0 2437 798
1356 0 1772 357
0 0 2312 2645
815 0 1198 282
341 2695 890 3045
1040 0 2437 757
2238 1081 2579 1505
1040 0 2263 757
1040 0 2163 757
1772 133 2163 316
0 432 216 732
