0 0 1241 749
955 14 1054 129
362 578 451 660
615 0 799 136
397 138 558 188
843 196 923 265
47 0 183 64
317 647 516 749
362 578 436 660
650 49 742 136
76 64 163 129
0 0 923 598
615 0 799 52
367 647 516 749
0 0 89 86
652 49 742 136
0 630 235 749
0 655 235 749
280 622 394 699
546 637 657 749
367 652 516 749
992 322 1126 374
49 218 320 367
0 0 59 52
943 546 1067 709
990 630 1067 709
37 655 235 749
168 697 235 749
503 287 982 608
615 0 776 52
0 0 776 598
260 387 441 491
287 387 441 491
503 287 982 543
0 0 677 320
754 17 923 206
799 79 915 206
287 431 441 491
49 260 320 367
49 260 292 362
166 456 238 513
0 86 776 598
588 488 689 568
752 0 1241 575
752 99 1151 302
146 521 260 585
1159 541 1241 615
52 206 156 255
337 0 570 96
131 34 277 146
608 570 806 687
1114 670 1238 747
503 287 982 541
784 0 1241 575
546 637 625 712
131 54 277 146
131 54 260 146
240 86 776 372
240 116 761 372
240 116 652 372
240 136 600 372
503 287 689 421
476 116 652 255
0 292 553 598
183 466 553 598
784 0 1241 573
923 193 1241 573
1079 238 1241 573
1079 325 1241 573
1079 387 1241 573
923 193 1241 347
923 193 1159 347
754 17 923 109
290 466 553 598
863 99 1151 302
0 292 354 565
0 208 1241 749
0 327 816 749
0 486 518 749
0 486 409 749
1084 238 1241 414
369 208 1241 749
925 377 1082 501
327 327 816 749
608 570 806 667
290 466 359 526
1097 238 1241 414
1097 238 1241 382
657 312 982 541
337 0 436 96
0 292 354 543
201 156 337 223
555 538 724 749
925 407 1082 501
240 136 600 369
1032 595 1134 709
330 471 553 598
399 652 516 749
0 486 404 749
0 486 394 749
22 516 394 749
22 523 203 672
752 176 871 285
1079 481 1196 573
754 37 923 109
761 42 923 109
17 332 354 543
784 0 1241 233
856 62 992 203
856 86 963 203
183 352 354 501
1079 481 1166 565
1131 387 1241 516
608 570 774 667
273 136 600 312
374 196 536 312
595 208 1241 749
320 635 394 699
841 0 1241 233
861 0 1241 233
1139 0 1241 91
330 471 536 598
677 461 1069 749
29 0 677 260
17 332 243 543
0 292 156 424
183 357 354 501
233 357 354 501
258 357 354 459
555 538 687 670
76 523 203 665
861 0 1054 84
29 0 662 260
29 0 662 233
677 461 1039 749
0 486 134 625
399 64 543 148
258 357 344 459
861 0 1020 84
791 461 1039 662
816 461 1039 662
863 461 1039 662
1012 531 1241 749
1042 531 1241 749
595 208 1166 560
871 268 1166 560
871 285 1166 560
992 0 1241 233
273 136 600 240
29 62 379 233
369 471 536 598
1010 0 1106 94
523 116 652 255
675 34 769 96
17 340 243 543
17 357 196 543
81 357 196 543
896 461 1039 645
896 501 1039 645
1111 0 1213 64
166 516 394 749
479 136 600 210
677 560 1005 749
657 312 975 541
940 330 1166 560
1007 367 1166 560
277 0 662 206
340 0 662 191
1131 387 1241 483
913 501 1039 573
74 62 379 233
1042 600 1241 749
677 560 960 749
369 230 685 352
414 230 685 349
774 312 975 541
774 369 873 541
340 0 635 191
0 220 116 320
327 327 816 630
677 588 960 749
828 588 960 749
992 44 1241 233
896 694 977 749
771 692 893 749
1139 689 1241 749
972 685 1032 749
268 682 362 749
0 680 126 749
399 677 449 734
590 675 657 749
846 672 896 739
1156 670 1238 727
1114 670 1186 747
935 665 992 714
253 660 349 737
349 655 409 737
37 655 183 749
613 652 724 749
426 652 516 749
1042 650 1139 749
677 650 836 749
871 637 960 749
546 637 605 712
320 637 392 689
335 635 394 699
990 630 1067 685
86 630 183 680
0 630 62 692
930 618 1005 687
1116 600 1241 692
1037 595 1134 709
397 593 518 665
655 590 774 667
828 588 896 697
555 585 672 670
22 583 114 672
186 580 268 635
166 580 315 749
608 570 699 625
134 568 203 665
863 563 943 662
747 560 858 692
491 555 615 749
362 548 449 598
943 546 1049 645
1012 543 1092 627
1159 541 1208 615
578 538 687 603
1089 531 1183 615
896 526 972 645
816 526 883 598
76 523 173 642
240 516 394 642
0 511 121 625
1079 508 1136 565
868 508 945 608
377 508 536 598
1144 506 1196 573
791 493 871 548
622 488 739 598
377 488 486 548
32 486 134 555
369 471 454 538
183 471 310 555
920 461 1032 533
81 459 186 543
657 456 727 506
1141 446 1206 516
287 431 397 486
925 429 1007 501
774 429 838 541
831 424 953 543
682 424 816 630
1176 421 1241 575
1007 421 1161 560
965 407 1082 464
258 407 325 459
17 404 101 513
1131 399 1211 464
183 397 260 454
1169 387 1241 483
364 387 461 464
340 387 404 459
27 377 151 481
796 369 873 461
1044 367 1166 451
761 367 831 429
295 357 344 419
114 357 196 466
548 354 689 421
1183 344 1241 414
148 340 243 424
657 337 801 459
64 335 156 402
131 332 206 394
940 330 1126 434
327 327 712 583
1109 325 1191 407
828 312 975 449
228 310 320 367
332 302 392 372
369 295 451 352
0 292 101 424
503 287 642 372
871 285 953 354
414 270 578 349
1097 268 1241 382
923 268 1094 347
893 268 970 325
176 263 292 362
49 260 213 357
369 250 446 307
148 250 206 317
1171 238 1241 287
938 235 1000 292
446 233 536 305
501 230 685 302
42 228 116 290
240 223 387 369
0 220 76 320
1131 218 1241 270
642 218 722 305
196 218 295 280
595 208 896 382
131 206 218 260
764 198 871 285
843 196 905 260
1037 193 1159 295
523 191 603 255
570 181 632 240
752 176 833 250
273 161 503 240
238 156 335 210
29 153 141 233
74 143 280 233
605 136 761 238
538 136 600 198
277 134 369 206
799 126 883 206
856 124 933 203
563 116 652 196
1109 109 1241 233
14 106 156 163
340 101 546 191
399 91 543 148
712 86 776 146
955 79 1025 129
846 79 915 158
546 76 662 138
0 69 101 156
650 67 709 134
456 64 538 131
719 62 873 201
218 62 379 158
848 57 923 109
158 54 260 131
367 52 523 111
672 49 742 136
992 44 1198 141
707 44 769 96
337 44 436 96
761 42 848 101
9 37 151 96
861 34 965 84
675 34 757 89
1139 32 1221 91
1010 32 1102 94
580 19 677 96
1111 14 1193 64
980 14 1054 86
1178 0 1241 84
1082 0 1161 49
1037 0 1106 57
888 0 1020 76
841 0 898 52
784 0 863 71
615 0 769 52
498 0 635 151
404 0 570 59
337 0 431 54
206 0 369 94
116 0 218 101
317 0 1241 749
0 0 578 749
990 665 1069 749
759 466 814 531
397 0 1241 374
476 0 1241 374
476 0 1241 354
317 208 1241 749
774 218 1241 749
479 0 1241 354
399 647 449 734
650 49 776 146
652 49 776 146
650 67 714 134
0 220 449 749
0 0 578 372
0 220 441 749
1010 0 1161 94
570 181 655 240
268 655 409 749
362 548 449 660
801 501 1039 608
965 399 1082 464
317 208 1049 749
178 528 268 635
178 528 260 593
754 17 992 203
0 0 570 372
546 76 717 156
203 352 300 431
203 352 282 426
203 369 282 426
816 501 1039 608
327 208 896 583
369 268 578 352
332 250 446 372
54 181 337 317
990 605 1092 685
846 62 992 203
146 441 307 516
181 441 307 516
868 501 1039 608
54 181 337 292
131 181 337 260
1042 446 1206 627
1042 479 1166 627
0 0 570 369
953 0 1054 59
258 349 441 568
258 349 441 491
258 349 404 459
295 357 404 459
295 474 404 568
295 474 377 568
1042 479 1166 605
317 424 1049 749
0 0 183 96
1042 479 1136 605
1042 508 1136 605
233 441 307 516
752 0 1241 354
1111 0 1241 91
14 54 260 163
14 106 258 163
0 0 183 86
752 44 1241 354
752 176 905 285
1169 344 1241 483
0 220 394 749
81 444 359 555
166 444 359 555
198 181 337 255
317 593 518 749
369 424 1049 749
761 17 923 109
771 526 1049 749
479 0 1106 255
774 312 1126 548
0 516 394 749
367 593 518 749
49 161 536 369
479 0 883 255
14 106 235 163
1007 218 1241 749
1037 421 1241 749
863 44 1241 354
871 235 1000 354
580 0 1106 96
980 0 1106 86
580 0 1020 96
615 0 1020 96
615 0 1020 76
920 429 1032 533
0 220 325 642
148 310 325 459
1007 218 1241 627
0 0 570 255
0 220 196 642
1037 506 1241 749
828 526 1049 749
896 685 1032 749
196 161 503 280
479 0 883 238
764 0 1020 76
1131 218 1241 287
893 235 1000 325
166 466 359 555
784 0 1020 76
841 0 1020 76
1037 531 1241 749
1037 595 1241 749
369 424 858 749
369 471 615 749
863 44 1241 347
0 0 379 158
369 270 578 352
37 516 394 749
253 635 394 737
76 0 379 158
0 292 196 642
923 193 1171 347
923 268 1171 347
0 511 173 642
76 0 218 104
29 0 570 255
501 208 896 461
1037 595 1186 749
0 630 126 749
1007 268 1241 627
0 292 196 555
501 218 722 372
29 134 369 255
501 218 722 305
49 196 536 369
863 44 1241 302
955 44 1198 141
774 312 982 548
774 429 871 548
148 340 325 459
148 340 260 454
337 0 570 191
0 292 196 513
27 357 196 481
29 143 335 255
337 0 570 111
1007 268 1241 560
871 526 1049 749
896 526 1049 687
930 546 1049 687
37 568 315 749
37 580 315 749
183 466 359 555
1007 325 1211 560
828 312 982 543
863 99 1241 302
1037 595 1139 749
0 292 101 513
555 424 858 749
555 488 774 670
608 488 774 667
498 0 883 238
498 0 652 196
1109 325 1211 464
206 0 379 158
548 208 896 461
1116 600 1241 749
605 62 883 238
29 143 280 255
613 424 858 749
49 223 387 369
548 337 873 461
657 337 873 461
761 367 873 461
367 0 570 111
613 560 858 749
605 62 873 238
828 312 975 543
622 488 774 667
52 143 280 255
176 223 387 369
377 508 615 749
677 560 858 749
49 635 114 699
0 17 928 585
89 0 310 49
369 647 518 749
0 17 923 585
1017 682 1069 749
0 0 794 332
0 0 712 332
0 0 672 332
280 555 454 702
280 578 454 702
280 620 394 702
1094 263 1241 615
739 116 883 206
317 344 434 394
955 14 1052 143
955 14 1052 129
1111 0 1231 64
876 444 1025 662
876 444 1025 642
876 444 1025 608
896 444 1025 548
369 650 518 749
1114 263 1241 615
1114 340 1241 615
685 17 923 119
315 635 394 702
0 49 761 585
166 436 273 513
166 456 235 513
814 116 883 206
367 258 501 347
1129 340 1241 615
0 273 970 749
369 0 1241 749
590 0 1241 749
833 99 1181 419
1097 632 1236 749
0 49 761 513
0 163 501 513
431 49 761 255
776 344 861 431
19 310 449 585
19 310 402 585
19 310 344 585
19 310 332 585
19 332 260 585
369 173 896 419
369 186 896 419
503 186 896 419
399 650 518 749
759 17 923 119
1097 632 1183 749
431 67 761 255
369 228 732 362
19 332 260 543
337 382 449 476
431 119 761 255
1114 670 1236 747
1114 670 1236 732
131 471 280 650
1129 340 1241 573
253 593 563 749
814 141 883 206
0 578 136 642
24 332 260 543
734 173 821 260
369 230 714 362
876 508 945 608
431 124 761 255
228 310 332 459
551 136 635 223
37 332 260 481
24 456 186 543
431 166 655 255
253 593 518 749
759 24 923 119
253 645 421 749
431 176 655 255
0 0 672 260
431 176 603 255
685 34 771 99
369 230 680 362
382 138 555 201
930 0 1241 749
590 379 1077 749
791 379 1077 588
0 255 203 513
1129 389 1241 573
1129 389 1241 508
59 37 183 146
171 471 280 635
791 379 1077 548
9 0 672 260
764 0 1164 186
791 429 1005 548
791 439 950 548
37 377 260 481
9 0 642 260
14 0 642 260
590 560 982 749
781 647 982 749
764 0 1109 186
977 0 1109 91
940 0 1241 702
1089 531 1241 702
764 0 1012 186
764 0 1012 81
0 506 426 749
0 220 116 332
940 0 1241 563
1020 0 1241 412
1084 193 1241 412
1020 0 1241 243
590 560 910 749
1116 694 1181 747
781 694 898 749
1126 689 1241 749
948 685 1032 749
1017 682 1069 734
1156 670 1236 727
1114 670 1186 732
935 665 997 714
253 660 344 714
419 650 518 749
871 647 982 749
320 637 392 697
1111 632 1183 712
543 630 598 699
590 615 858 749
1116 600 1241 702
412 593 518 652
47 580 136 642
357 578 454 660
0 578 119 637
131 575 186 650
744 560 910 697
930 546 1129 749
1159 541 1223 615
171 536 280 635
896 533 1022 613
1089 531 1191 618
518 523 598 595
119 521 188 585
824 508 920 588
0 506 173 630
362 501 424 560
1049 479 1141 613
173 471 275 555
1141 464 1196 573
84 459 186 543
791 456 868 548
24 456 99 513
933 444 1025 528
841 439 950 538
900 429 1005 521
253 429 402 548
1094 426 1159 491
1176 414 1241 575
1129 399 1211 508
292 394 347 444
1171 389 1241 483
364 382 449 476
903 379 1077 461
151 379 260 469
37 377 196 481
940 369 1173 563
930 367 1020 424
776 352 861 431
516 352 622 419
230 349 332 459
64 347 153 402
342 344 434 394
1169 340 1241 414
1151 337 1208 394
203 335 255 399
116 332 233 419
228 310 277 364
1084 277 1173 412
330 275 407 372
369 273 970 749
1119 263 1241 362
367 263 446 347
439 258 501 312
0 255 203 421
938 235 1002 295
640 233 714 305
590 233 680 300
369 230 647 362
402 230 538 327
454 230 516 280
42 230 116 285
0 220 79 332
151 218 273 275
734 198 794 260
106 198 248 292
1119 193 1241 300
506 188 603 255
503 186 896 377
431 176 528 235
501 166 565 220
176 163 501 357
382 151 506 201
9 151 151 225
551 136 635 193
620 124 761 240
851 99 928 178
277 96 426 206
337 94 521 183
712 81 789 158
647 67 709 134
727 64 910 193
84 62 183 146
0 59 163 156
848 57 923 119
625 49 742 136
873 44 992 186
707 44 771 99
548 27 672 148
759 24 873 106
1020 19 1198 141
980 14 1052 81
1116 0 1241 243
1010 0 1109 91
977 0 1054 57
886 0 1012 81
764 0 900 71
618 0 712 52
372 0 642 171
14 0 563 260
89 0 218 49
0 0 86 91
0 0 518 749
14 0 1241 749
14 0 1241 508
369 273 1241 749
687 228 757 292
757 0 1241 508
814 0 1241 508
518 369 1241 749
590 369 1241 749
647 54 714 134
14 0 1017 419
833 44 992 186
848 44 992 186
14 0 1017 260
771 429 1005 642
771 429 1005 608
0 0 248 513
0 332 518 749
176 64 910 419
647 67 714 134
1094 402 1166 491
176 64 910 377
570 188 655 240
771 429 1005 588
794 429 1005 588
382 138 555 280
382 138 555 235
310 332 379 394
833 0 1241 508
824 429 1005 588
74 521 280 650
74 521 188 585
292 382 449 476
548 0 1017 158
622 0 1017 158
734 672 898 749
781 672 898 749
0 0 248 421
518 523 632 625
590 531 1241 749
280 578 518 697
320 578 518 697
320 578 454 697
501 64 910 377
851 44 992 186
176 163 714 372
0 0 203 421
791 369 1241 613
131 536 280 650
24 332 402 555
622 0 1017 106
37 332 402 555
622 0 1012 106
503 64 910 377
173 349 402 555
1089 531 1191 632
791 369 1241 575
903 369 1241 575
37 332 255 481
977 0 1241 508
176 163 501 372
0 506 518 749
253 645 518 749
253 645 456 749
622 0 1012 81
903 369 1196 573
1084 0 1241 508
1129 340 1241 508
238 0 642 210
0 506 173 637
503 124 896 377
506 124 794 260
551 124 794 260
903 369 1173 563
590 546 1241 749
0 59 203 421
0 59 163 332
238 94 521 210
277 94 521 206
759 17 878 106
620 124 794 260
871 546 1241 749
1084 0 1241 412
1116 0 1241 300
871 647 1032 749
930 546 1241 749
230 349 332 491
1084 263 1241 412
37 332 233 481
173 429 402 555
977 0 1198 141
0 59 163 225
613 79 719 156
613 101 709 156
1114 74 1241 181
1032 0 1164 86
642 54 881 220
1042 193 1186 330
1064 193 1186 330
1064 193 1176 330
1097 260 1176 330
796 404 891 481
0 178 508 543
136 129 270 196
315 578 518 744
694 573 791 652
483 459 573 551
1037 0 1164 59
0 173 1149 749
250 444 357 531
828 215 1002 352
0 0 1241 744
828 14 985 233
828 14 967 233
828 14 928 201
0 178 508 516
0 0 349 111
12 0 349 111
12 0 349 106
116 0 349 106
873 215 1002 347
69 359 131 421
29 340 431 543
0 0 804 389
565 0 801 124
565 0 677 124
1114 99 1241 181
315 613 518 744
292 416 431 531
292 416 399 501
665 424 804 516
667 0 1241 744
1079 531 1183 632
0 670 111 749
615 0 801 52
0 250 71 337
694 573 791 640
44 178 508 382
71 178 508 382
290 178 508 307
464 543 675 749
546 588 675 714
546 590 645 714
774 0 1241 744
977 0 1057 67
71 235 377 382
0 0 759 389
399 91 560 188
29 340 352 543
570 590 645 665
863 444 1059 620
0 0 608 295
446 119 603 213
446 138 558 213
828 14 918 141
858 280 1134 421
858 280 1109 421
858 302 1044 421
858 312 1032 421
888 312 1032 421
0 474 325 704
0 474 270 704
9 474 270 704
9 486 240 704
9 486 186 704
347 114 759 389
863 444 1059 615
0 0 590 295
347 114 714 389
551 114 714 240
551 146 714 240
0 290 94 516
9 486 161 704
464 543 635 749
464 585 635 749
476 618 635 749
347 178 645 389
9 486 161 620
116 0 315 106
24 583 138 704
863 444 1037 615
863 464 1037 615
863 483 1037 615
0 206 158 295
369 655 496 749
476 640 635 749
0 563 54 665
372 178 645 389
372 178 590 389
372 228 563 389
997 0 1241 146
0 0 590 238
49 173 1149 749
744 173 940 297
744 173 888 275
79 203 258 292
29 354 352 543
642 76 809 220
372 268 563 389
1032 414 1161 526
0 62 245 158
886 483 1037 615
908 483 1037 573
0 67 161 158
493 692 635 749
27 0 590 238
49 233 1149 749
49 312 622 749
327 312 622 598
327 312 622 526
412 312 622 481
412 337 570 476
412 337 536 471
508 312 622 481
29 354 352 526
327 337 496 526
327 337 469 464
327 342 439 464
508 384 622 481
49 516 434 749
49 585 379 749
377 496 536 598
774 0 1241 349
