0 0 2448 3263
1220 1658 1455 1919
339 594 639 881
1945 548 2219 809
2069 1860 2448 2232
1214 1756 1592 1997
1540 0 1756 228
2239 1860 2448 2232
0 0 372 554
26 0 372 554
1553 776 1710 998
2284 1357 2448 1573
1266 1658 1455 1919
1951 672 2219 809
496 2957 757 3192
874 2885 1148 3211
874 2885 1044 3100
65 1566 359 1703
65 1566 228 1703
1867 52 2004 221
1906 2199 2252 2506
1272 2924 1586 3263
1756 254 1932 548
1762 287 1932 548
1031 1292 1279 1658
156 1024 385 1253
1037 809 1207 1103
1906 2226 2252 2506
554 802 802 1122
554 802 783 1122
1423 404 1860 691
1214 1756 1560 1991
718 228 1207 620
731 228 1207 620
293 1671 541 1932
117 0 372 554
1462 2519 2128 3120
1462 2526 2128 3120
1618 2526 2128 3120
1847 2526 2128 2970
1853 2526 2128 2865
1847 1455 2376 1919
613 1442 1801 1912
802 1442 1801 1912
1051 1442 1801 1912
1051 1442 1801 1808
215 2108 404 2258
613 1573 940 1840
45 1801 359 2049
45 1808 241 2049
45 1808 208 2049
1201 594 1671 1240
1201 594 1631 1175
1201 711 1631 1175
1201 887 1631 1175
1201 972 1631 1175
1201 972 1579 1175
1847 1507 2376 1919
1847 1507 2376 1867
1912 1507 2376 1814
1331 3055 1586 3263
1331 3087 1586 3263
215 2108 404 2252
776 1207 1116 1612
776 1214 1116 1612
835 1214 1116 1612
1051 1442 1638 1808
1566 2075 1951 2552
1566 2075 1951 2284
137 2415 528 2793
137 2434 437 2793
1051 1442 1442 1808
920 228 1207 620
1037 228 1207 411
1991 1507 2376 1801
274 235 907 815
274 235 868 815
274 235 770 815
274 235 665 815
274 235 665 718
1906 2350 2128 2506
156 1057 339 1253
1592 0 1756 208
1912 600 2448 1364
1912 959 2343 1364
1912 959 2343 1272
1912 959 2343 1207
2056 1005 2343 1207
1233 1442 1638 1756
274 235 515 665
2245 1899 2448 2232
2193 600 2448 1155
2193 639 2448 1155
1494 1494 1801 1736
0 1070 2448 3263
2278 2911 2448 3263
2271 639 2448 1155
0 0 2448 2134
1742 0 2448 391
1742 52 2212 391
718 437 861 665
0 829 130 1096
1808 1175 2448 1932
1808 1175 2448 1684
992 0 1390 215
2102 1449 2448 1932
2102 1449 2448 1795
535 861 1031 1312
1618 2807 2069 3120
2160 0 2448 248
992 0 1272 215
1051 1442 1410 1716
1279 1344 1527 1645
1658 2552 1971 2846
1272 0 1873 874
1272 169 1795 874
1272 169 1710 874
1370 587 1710 874
293 1677 541 1932
1423 1135 1899 1579
1423 1135 1899 1573
1423 1201 1899 1573
1579 0 1873 456
1494 1514 1958 2134
1494 1579 1958 2134
1540 1579 1834 1919
1599 385 1827 574
1494 1703 1958 2134
1521 1703 1958 2062
1645 1703 1958 2062
1645 1703 1958 2017
1697 2075 1951 2271
2193 763 2363 1044
1579 58 1853 456
1651 2239 1932 2552
0 0 2448 1560
248 0 1214 554
600 0 1214 554
0 52 156 293
646 861 1031 1312
0 1677 2448 3263
763 1677 2448 3263
763 1677 2448 3009
1977 2036 2448 3009
2134 2036 2343 2382
1651 2323 1840 2552
2030 1175 2448 1521
0 1814 1318 3263
0 1840 1318 3263
398 1396 1070 1677
953 1997 1991 3263
998 1997 1991 3263
998 1997 1991 3192
1214 3015 1364 3192
1423 1318 1697 1573
1272 169 1645 718
417 1064 868 1442
417 1064 789 1318
1977 2154 2448 3009
0 3087 228 3263
2102 1494 2448 1795
1801 744 2056 1024
398 1396 926 1677
26 979 261 1181
1370 587 1671 874
1383 2989 2239 3263
1534 195 2448 1553
1547 195 2448 1553
1625 195 2448 1553
1625 195 2448 1201
1625 195 2448 953
1625 580 1893 953
1808 195 2448 718
1031 2918 1338 3263
600 0 1214 372
0 0 1599 1560
979 1325 1194 1560
998 1997 1991 3048
0 1070 1279 2526
0 1070 176 1259
763 1677 2291 2957
763 1677 2291 2741
763 2323 1057 2461
1808 195 2448 711
509 1155 789 1318
1618 2878 1964 3120
1645 1703 1958 1925
698 0 1214 287
789 0 1214 287
1827 2989 2239 3263
1977 2291 2448 3009
1808 195 2448 685
554 2637 926 2924
1723 2239 1932 2402
0 0 1599 1475
789 0 1599 1475
789 0 1599 1227
789 0 1534 1227
789 0 1534 940
953 326 1364 940
953 352 1364 940
1625 1037 2193 1553
855 2441 1214 2957
953 352 1318 940
1977 2343 2448 3009
2043 2389 2448 3009
2278 1507 2448 1795
0 1214 1279 2526
0 1214 855 2526
913 848 1396 1227
913 848 1246 1227
0 1214 855 1684
0 1272 261 1684
0 1403 261 1684
1873 195 2448 678
2226 489 2448 678
300 972 515 1357
1547 946 1834 1299
920 1677 2291 2741
1037 2245 1684 2741
1873 195 2448 652
1083 1096 1599 1475
1083 1096 1540 1475
1390 2160 1762 2448
1390 2232 1762 2448
58 979 261 1181
992 326 1188 789
1057 3087 1318 3263
646 861 940 1207
1795 1037 2193 1553
0 287 959 1103
0 287 731 1103
789 0 1534 554
926 0 1534 554
1122 0 1534 554
1122 0 1534 430
1129 0 1534 228
1240 0 1534 221
248 0 659 548
1083 1096 1540 1436
2069 2669 2448 3263
2069 2885 2317 3263
1834 2989 2239 3263
1390 2232 1631 2448
1272 215 1586 718
0 1645 757 2526
19 1762 757 2526
2056 2526 2323 2787
1383 3002 1847 3263
920 1677 2291 2532
920 1919 1658 2415
1357 0 1599 280
0 287 639 1103
0 287 613 1077
0 287 437 1077
0 287 437 1037
0 509 437 1037
39 509 437 940
248 0 659 365
248 0 659 300
1142 2402 1684 2741
1383 3002 1664 3263
19 1932 757 2526
143 1932 757 2526
998 1997 1867 3048
2017 195 2448 522
2017 195 2304 496
1795 1148 2193 1553
0 287 176 515
430 1553 1279 2062
1083 1096 1534 1436
39 509 437 744
156 2017 757 2526
1631 1677 2291 2532
1142 2402 1468 2741
2304 2154 2448 2585
855 2441 1135 2918
2043 2428 2448 3009
1880 2989 2239 3263
2265 195 2448 522
2043 195 2304 437
0 1645 235 1951
326 1077 515 1357
1664 2878 1964 3120
1370 626 1618 874
156 2115 757 2526
156 2173 757 2526
352 2173 757 2350
0 528 352 1037
0 528 280 815
0 1710 235 1951
156 2317 554 2526
998 2408 1599 3048
998 2408 1468 3048
1240 1096 1534 1436
1266 1096 1534 1436
1266 1161 1534 1436
339 1840 1318 2839
1710 1677 2291 2532
0 2526 1051 3263
1710 1677 2265 2532
1710 1899 2265 2532
1788 2141 2128 2532
998 2408 1410 3048
998 2585 1410 3048
998 2683 1410 3048
998 2683 1410 2989
1109 2683 1410 2989
0 1951 437 2585
0 2147 437 2585
430 1553 1168 2062
594 1716 1168 2062
594 1756 1051 2062
430 1553 815 2062
248 65 639 300
248 65 515 261
1710 1899 2265 2297
1880 1906 2265 2297
1194 1997 1867 2983
1194 1997 1834 2865
1005 2408 1175 2669
352 2173 567 2350
1194 1997 1762 2715
1194 1997 1762 2643
1194 2245 1762 2643
1194 2245 1521 2604
1795 1148 2108 1553
0 2643 1051 3263
0 1272 169 1521
1880 1148 2108 1488
0 2265 215 2585
920 1919 1586 2415
972 1919 1586 2415
1148 2545 1468 2741
345 1840 1318 2839
1109 1919 1586 2291
300 2643 1051 3263
300 2643 894 3263
300 2996 894 3263
509 2996 894 3263
345 2350 1011 2839
39 1214 855 1684
39 1214 855 1566
2043 2585 2448 3009
0 2741 437 3263
1880 1906 2252 2206
169 1344 489 1684
169 1370 489 1684
1194 2265 1416 2572
855 2493 1135 2918
855 2643 1135 2918
430 1697 815 2062
345 2421 1011 2839
39 1214 620 1540
548 1840 1318 2500
548 1880 1292 2500
548 1977 1168 2500
548 1977 1018 2500
548 2128 1005 2500
372 2643 750 3100
372 2643 594 3100
345 2454 1011 2839
345 2454 920 2820
718 3133 900 3263
1390 3120 1547 3263
1331 3113 1494 3263
1109 3087 1246 3218
0 3087 156 3263
1018 3074 1148 3211
509 3061 842 3263
359 3055 600 3231
2160 3048 2317 3263
855 3042 1051 3263
1645 3035 1847 3263
1834 3022 1964 3198
678 2996 894 3159
1880 2989 2115 3263
1142 2989 1338 3263
0 2970 300 3185
567 2957 757 3185
463 2944 620 3113
1272 2924 1403 3094
1031 2918 1207 3126
1664 2898 1880 3120
385 2898 594 3100
2069 2885 2297 3179
953 2885 1109 3081
874 2885 1044 3042
1808 2878 1964 3081
1148 2859 1286 3048
711 2846 881 3042
306 2839 437 2996
470 2826 750 2983
1462 2820 1658 3028
1932 2807 2069 2989
1847 2780 1991 2970
1605 2780 1867 2983
1005 2780 1214 2957
163 2780 293 3015
124 2774 437 3263
1370 2767 1638 3028
855 2761 1051 2918
0 2741 300 3002
2043 2722 2402 3009
489 2715 672 2904
1625 2702 1834 2865
998 2696 1142 2846
1442 2683 1599 2820
1109 2683 1370 2891
2219 2669 2448 3035
1893 2669 2115 2872
1272 2669 1468 2833
763 2663 1011 2839
293 2656 437 2826
959 2643 1135 2774
372 2643 580 2931
554 2637 809 2924
1658 2611 1971 2846
1423 2604 1579 2741
2056 2591 2323 2787
2121 2585 2448 2833
874 2565 1024 2722
1305 2558 1468 2689
1148 2545 1357 2741
137 2539 313 2793
1938 2526 2128 2754
0 2526 293 2878
1919 2519 2102 2722
868 2493 1051 2669
580 2487 920 2820
1364 2474 1684 2669
345 2454 600 2637
228 2434 437 2565
2186 2428 2448 2650
737 2421 926 2669
1005 2408 1175 2624
1664 2402 1840 2552
2141 2389 2271 2532
58 2389 195 2585
1194 2376 1416 2572
156 2376 385 2526
1906 2350 2115 2506
502 2350 731 2519
1977 2343 2232 2565
1501 2337 1762 2643
548 2304 855 2500
2304 2297 2448 2585
2193 2291 2337 2506
1462 2278 1631 2448
1194 2265 1338 2539
0 2265 215 2565
1279 2245 1521 2604
1037 2245 1259 2434
1788 2239 2128 2532
1605 2239 1762 2415
972 2239 1116 2415
1390 2232 1579 2421
1964 2226 2252 2421
548 2186 757 2350
352 2173 535 2330
1501 2160 1651 2310
2310 2154 2448 2480
0 2147 437 2421
2075 2141 2265 2297
1899 2141 2075 2310
920 2141 1057 2284
691 2128 1005 2356
378 2115 705 2284
2186 2108 2343 2382
1109 2088 1351 2291
1756 2075 1951 2258
19 2075 306 2212
959 2069 1168 2278
2134 2036 2297 2212
2284 2030 2448 2232
1351 2017 1658 2193
437 2017 594 2180
665 2010 822 2186
1494 2004 1684 2134
332 2004 476 2160
1631 1997 1893 2206
1299 1997 1481 2258
789 1977 1018 2226
1893 1958 2252 2206
0 1951 169 2160
143 1932 430 2115
1246 1919 1586 2121
1880 1906 2062 2082
580 1906 815 2062
2245 1899 2448 2115
1710 1899 2010 2108
319 1893 678 2147
802 1886 1005 2082
1011 1880 1292 2199
1521 1873 1703 2017
2069 1867 2323 2069
1096 1840 1318 2049
1403 1821 1560 1991
0 1814 143 1951
208 1801 359 1945
594 1795 900 2062
352 1795 541 1932
2095 1782 2291 1971
2245 1775 2448 1932
1775 1769 1958 1925
1651 1769 1808 2017
1612 1762 1749 1899
189 1762 411 1938
1214 1756 1540 1991
887 1756 1051 1984
1860 1729 2049 1919
1312 1723 1507 1912
940 1716 1168 1919
1847 1710 2010 1867
0 1710 235 1880
626 1703 763 1840
1266 1697 1410 1886
705 1697 881 1847
430 1697 705 1919
1540 1690 1736 1919
1958 1677 2173 2056
293 1677 528 1880
1286 1658 1455 1919
1220 1658 1423 1840
2297 1651 2448 1795
1912 1645 2062 1814
1188 1618 1442 1808
1658 1579 1834 1736
613 1573 940 1814
1057 1560 1220 1742
802 1560 1096 1762
2121 1553 2376 1801
1338 1553 1560 1775
476 1553 789 1703
1188 1540 1410 1716
0 1540 143 1684
855 1521 1070 1664
1782 1514 1919 1697
2278 1507 2448 1710
1991 1507 2173 1782
1416 1507 1638 1756
1808 1501 2102 1684
2102 1494 2428 1677
1586 1494 1801 1697
600 1494 835 1651
966 1481 1116 1612
293 1462 489 1684
2167 1449 2304 1579
1233 1442 1416 1605
1051 1442 1253 1631
398 1442 698 1677
1521 1416 1710 1579
1325 1410 1521 1645
97 1403 261 1586
691 1396 926 1599
0 1383 137 1521
1031 1370 1253 1658
985 1370 1194 1560
169 1370 339 1658
1279 1344 1527 1592
300 1344 443 1501
2186 1338 2434 1488
2030 1338 2310 1521
1625 1338 1814 1507
78 1338 280 1521
1240 1331 1370 1475
1494 1318 1697 1475
489 1312 855 1566
1096 1292 1279 1462
776 1292 913 1449
1795 1279 1984 1553
1951 1272 2108 1488
313 1266 620 1540
646 1259 868 1442
1534 1240 1690 1390
1018 1214 1168 1377
835 1214 1031 1547
39 1214 417 1449
1266 1207 1462 1436
855 1207 1024 1338
359 1207 515 1357
1684 1201 1899 1396
1024 1181 1155 1344
2193 1175 2448 1462
509 1168 665 1318
1501 1155 1664 1292
620 1155 789 1292
2088 1142 2278 1364
1951 1135 2141 1318
1677 1135 1860 1292
1083 1122 1292 1305
783 1116 1031 1312
385 1116 528 1279
1462 1109 1671 1240
1344 1096 1507 1246
0 1070 143 1240
202 1057 339 1233
1847 1037 2004 1240
1618 1037 1834 1299
1964 1031 2095 1181
254 1024 385 1161
2186 1011 2343 1207
117 1011 261 1181
2056 1005 2284 1142
1201 979 1449 1175
58 979 202 1155
1383 972 1579 1155
646 972 900 1207
1912 959 2160 1096
1037 953 1194 1103
1547 946 1684 1103
496 926 639 1103
208 907 430 1077
1331 887 1573 1057
881 881 1031 1233
2291 874 2448 1155
1625 874 1951 1201
744 861 940 1024
2199 848 2330 1044
913 848 1129 1227
587 848 783 1122
1906 842 2056 1024
1135 829 1272 1005
0 829 130 1005
1553 776 1710 926
404 776 613 1037
2193 763 2363 900
1801 744 1958 933
1423 718 1618 874
718 718 959 966
280 718 417 940
84 718 352 1037
1312 711 1599 1018
1175 705 1423 933
1912 678 2271 1037
953 678 1220 940
1547 672 1710 802
1625 652 1893 953
894 652 1044 881
443 652 633 815
2271 639 2448 913
1370 626 1534 757
65 626 280 815
731 613 868 802
339 607 639 881
2193 600 2448 842
1507 587 1671 750
1638 580 1821 731
1801 567 2010 861
1070 554 1214 757
1945 548 2219 737
261 548 437 744
1808 541 2010 685
0 528 130 685
992 522 1188 789
718 509 848 665
39 509 267 665
829 496 1018 757
1272 476 1494 718
456 463 626 600
137 456 306 587
2043 437 2291 718
815 424 959 554
443 424 665 718
0 417 130 567
1423 404 1671 691
2265 385 2408 522
1599 385 1821 574
0 385 176 515
274 378 515 665
1233 352 1364 672
1064 352 1318 731
998 326 1188 587
1873 313 2173 652
633 313 789 554
97 313 254 502
169 300 372 554
1762 287 1912 417
1227 287 1364 437
0 287 137 424
365 280 600 548
2017 267 2291 496
2043 267 2199 437
718 228 855 391
1383 215 1586 580
1122 202 1292 430
2291 195 2448 398
1579 189 1756 456
1742 169 2095 391
1396 169 1645 443
600 156 776 372
2271 143 2448 326
2004 137 2141 280
789 137 953 398
1142 130 1429 339
496 130 639 300
926 117 1148 306
1357 91 1547 280
1037 84 1214 287
39 84 189 372
1129 78 1357 228
248 65 456 261
1618 58 1853 248
1964 52 2212 293
0 52 156 202
1240 26 1449 221
2193 0 2448 182
1684 0 1873 221
1357 0 1534 143
1057 0 1272 215
992 0 1148 143
789 0 1044 254
698 0 926 267
626 0 842 176
430 0 659 176
202 0 345 163
117 0 339 385
1220 1658 1423 1886
1090 809 1272 1005
0 0 2448 2258
0 1442 2448 3263
2082 1011 2448 1351
855 1481 1116 1664
2082 1011 2343 1351
2226 300 2448 678
0 1494 2448 3263
1403 1821 1703 2017
437 2017 613 2180
0 0 1540 2258
1403 1821 1592 1997
1971 97 2141 280
443 0 2448 1919
633 0 2448 1919
1233 1344 1671 1775
1233 1344 1638 1775
1018 1181 1279 1462
91 1808 241 1991
1194 2232 1396 2539
2186 1011 2343 1351
65 1612 398 1775
1645 1645 2062 1919
274 2526 600 2826
274 2526 600 2741
1018 1214 1279 1462
1429 1155 1697 1475
65 1631 398 1775
926 0 1390 411
926 0 1390 352
443 228 907 718
443 228 848 718
443 228 757 718
1253 2604 1762 3028
1370 2604 1762 3028
1233 1442 1638 1775
1370 561 1821 998
1370 561 1795 998
1370 587 1710 998
417 1064 724 1207
274 2526 567 2741
1847 0 2448 248
1906 0 2448 248
58 2389 287 2617
802 1442 1540 1991
1051 1442 1540 1991
2226 359 2448 678
1853 2343 2317 3120
1853 2343 2291 3120
2252 2911 2448 3263
1142 2989 1547 3263
1142 2989 1494 3263
0 0 1051 2258
1997 2141 2265 2310
1690 2075 1951 2271
1853 2343 2271 3120
1893 2343 2271 3120
1893 2669 2115 3120
1945 2918 2075 3120
1057 1560 1272 1808
0 685 385 1253
0 685 339 1253
1155 705 1423 1031
626 1697 881 1873
137 274 731 881
137 378 731 881
137 456 731 881
261 548 731 881
1951 639 2448 1579
1951 1005 2448 1579
1951 1103 2448 1579
2030 1103 2448 1579
2030 1175 2448 1579
0 1697 1468 3263
359 1116 665 1357
385 1116 665 1318
554 2539 926 2924
626 1703 829 1873
339 607 731 881
926 0 1390 306
1109 1494 2448 3263
443 228 672 718
515 228 672 424
1423 2604 1762 2820
1442 2611 1762 2820
1357 0 2010 861
1618 404 2010 861
1618 404 2010 685
1618 404 1932 587
580 1906 874 2186
580 1906 822 2186
2088 1103 2291 1364
1357 0 1873 567
1357 0 1853 567
1671 332 1853 567
1357 0 1834 456
398 1442 789 1756
398 1442 789 1703
1357 0 1756 456
1540 0 1756 456
1860 1645 2062 1919
2017 228 2330 496
1749 2506 1991 2650
1429 1240 1697 1475
731 378 959 554
0 0 189 372
0 84 189 372
0 1488 215 1769
1429 1279 1697 1475
0 1488 215 1684
0 0 156 202
2193 639 2448 1044
2199 639 2448 1044
1645 1645 1951 1801
646 861 940 1064
770 678 2193 1919
770 678 1220 1338
1671 332 1853 522
1906 2343 2271 2754
1051 1442 1507 1919
1051 1442 1455 1919
0 685 339 1233
0 685 261 1181
0 1710 476 2258
0 1710 411 1938
2134 2030 2448 2506
2186 2030 2448 2506
2186 2108 2343 2506
1370 626 1710 998
1370 2715 1684 3028
920 3074 1148 3263
855 2545 1318 3263
855 2643 1318 3263
463 2944 757 3185
1964 1005 2284 1181
0 0 1051 2082
613 1573 1051 2082
855 2643 1214 3126
19 1801 476 2258
835 953 2193 1919
1325 1037 2193 1919
783 678 1220 1338
835 953 1834 1658
979 953 1834 1658
1037 953 1834 1475
0 1540 215 1684
1442 2643 1625 2820
783 678 1220 1312
881 678 1220 1233
0 685 202 1155
1938 2343 2271 2754
0 0 926 1932
554 1155 868 1442
554 1214 868 1442
228 2186 757 2565
1370 626 1710 874
97 0 842 554
979 1325 1253 1658
228 2415 528 2565
1423 1037 2193 1919
1521 1037 2193 1919
1540 1037 2193 1919
1272 2820 1880 3263
1351 2820 1880 3263
1279 2160 1932 2604
1501 2160 1932 2552
1566 2173 1932 2552
1566 2173 1762 2415
1625 1037 2193 1736
1625 1148 2193 1736
0 287 926 1932
0 1018 926 1932
1977 2343 2271 2565
1351 3002 1645 3153
633 0 2448 1201
1618 52 2448 842
1279 2232 1579 2604
2284 2030 2448 2480
339 2186 757 2434
365 2186 757 2350
1775 1494 2448 2115
1775 1494 2448 2082
1775 1507 2323 2082
1775 1507 2323 2069
1775 1507 2291 2056
1625 1148 2193 1697
633 0 2271 1201
763 2239 933 2441
1083 979 1834 1475
1083 979 1671 1475
1083 979 1534 1475
0 685 130 1005
1142 0 1599 339
1240 0 1599 221
1775 1507 2173 2056
1958 1507 2173 2056
117 0 842 554
0 1018 926 1684
1651 2310 1906 2552
0 287 900 1207
633 0 1449 966
1462 2820 1880 3263
1481 2898 1880 3263
913 678 1220 1227
1625 1148 2108 1697
1893 2669 2115 2989
117 0 659 554
117 0 659 385
2102 1494 2448 1801
920 2141 1259 2585
920 2141 1259 2434
972 2239 1259 2434
855 2643 1214 2957
1109 1769 2448 3263
2043 2297 2448 3263
2043 2297 2448 3009
19 1801 430 2258
600 0 842 372
802 1756 1051 2082
1037 953 1246 1135
1521 1416 1801 1697
0 417 900 1207
404 776 900 1207
2069 2669 2448 3179
1625 1148 2108 1553
19 1932 430 2258
1083 979 1534 1436
633 0 1318 966
1618 2898 1880 3120
1227 254 1449 672
1618 52 2448 718
1618 52 2408 718
1618 52 2304 437
1481 3087 1664 3263
1227 287 1364 672
0 1697 1051 3263
0 2265 1051 3263
1109 1769 2252 3263
1605 2702 2239 3263
1645 2878 2239 3263
0 417 502 1083
1109 1769 2252 2846
1148 2278 1762 2741
1148 2337 1762 2741
1658 2141 2252 2846
1658 2226 2252 2846
1788 2226 2252 2532
1148 2474 1684 2741
345 1716 1468 3048
345 2304 1011 2839
1109 1769 2252 2291
1299 1997 1658 2258
633 0 1318 789
1795 1148 1984 1553
0 509 502 1083
0 509 430 1077
39 509 430 1077
718 613 959 966
1188 1540 1442 1808
633 0 1318 757
633 0 1214 757
633 0 1214 620
633 0 1214 554
0 1018 855 1684
789 0 1214 398
789 0 1044 398
117 0 515 385
1742 52 2304 437
1109 1919 1684 2291
1631 1769 2252 2206
0 2526 894 3263
84 718 430 1077
1240 1096 1507 1312
1272 215 2271 1201
1272 215 1951 1201
633 228 855 554
1906 678 2271 1037
0 1697 900 2526
0 1814 705 2526
0 1018 143 1240
691 1716 1468 3048
691 1977 1468 3048
