0 0 2448 3263
2062 1984 2415 2212
1886 2206 2297 2643
208 2160 528 2461
378 385 711 659
0 1906 130 2075
430 2630 672 2898
992 26 1175 215
744 332 1057 665
313 78 483 319
1318 2565 1625 3061
1651 1638 2017 1847
1651 1638 1964 1847
528 1534 770 1867
992 2102 1286 2800
992 2108 1272 2800
992 2108 1227 2800
1031 2258 1227 2800
1801 1795 2284 2180
1801 1847 2284 2180
417 2278 829 2578
502 2363 829 2578
600 2363 829 2565
0 528 437 940
0 528 437 881
1129 1821 1814 1984
1266 1821 1814 1984
1403 3015 1690 3263
1403 3015 1677 3263
2115 2539 2323 2865
639 750 1631 1455
639 1044 1631 1455
894 750 1488 1083
639 1044 1488 1410
691 1044 1488 1410
1723 1938 2056 2226
1534 2121 1808 2474
1534 2121 1769 2474
1534 2121 1703 2474
1651 1645 1912 1847
1064 2363 1227 2800
1873 1331 2075 1521
1018 2944 1292 3185
691 1064 1488 1410
691 1109 1488 1410
0 528 228 796
130 1932 750 2199
130 1932 483 2199
0 150 293 313
176 2656 378 2878
176 2656 326 2846
900 1096 1299 1286
783 2611 1011 2846
509 2787 1044 3263
822 2807 1044 3192
104 600 437 881
176 972 411 1344
306 2441 652 2833
372 2441 652 2833
372 2624 633 2833
894 750 1410 1057
894 750 1344 1057
894 750 1233 1037
365 698 796 1364
365 724 796 1364
1906 2167 2271 2532
691 1109 1488 1390
1103 359 1266 594
509 2787 940 3263
509 2807 940 3263
0 0 1044 574
0 0 1037 574
0 0 1037 548
326 0 1037 450
874 424 1351 913
940 424 1240 763
607 2807 940 3263
639 2807 940 3263
1977 0 2448 815
1977 0 2448 757
946 1109 1488 1377
744 32 1037 352
1462 744 2095 1488
1462 744 2095 1468
1462 835 2010 1331
0 2500 496 3263
0 2519 496 3263
0 2702 274 3263
0 2885 274 3263
0 2885 274 3192
0 2898 137 3192
1090 1501 1795 1899
1090 1501 1795 1873
0 1468 1403 2937
763 1997 1135 2937
0 0 554 548
1690 607 1977 796
176 1070 378 1344
365 724 796 1312
248 972 411 1227
0 0 554 515
0 1468 1403 2669
0 1468 1286 2232
0 1468 1286 2030
0 1468 646 1925
0 1514 646 1925
1325 835 1488 1083
104 652 352 881
946 1958 1286 2232
946 0 1801 567
946 0 1801 502
1188 0 1801 424
1188 0 1553 424
1351 0 1547 300
946 0 1423 502
946 0 1266 215
1096 2036 1403 2669
580 1494 940 1853
1723 3002 1984 3263
26 0 554 515
1521 744 2095 1468
1756 744 2095 1299
0 1873 404 2558
0 1873 404 2480
71 1873 404 2480
84 2043 404 2480
2173 2539 2323 2820
763 267 1044 574
940 424 1214 763
1540 815 1769 1083
1318 2565 1573 2950
763 2102 1135 2937
842 2265 1135 2937
855 2395 1135 2937
855 2565 1135 2937
326 0 881 450
580 1494 940 1821
39 1573 261 1762
0 365 522 1547
0 424 522 1547
0 502 522 1547
0 757 391 1547
0 757 339 1547
887 2395 1122 2611
443 1677 1286 2030
874 678 1351 913
1945 744 2095 1122
1318 2578 1573 2950
855 2630 1083 2937
26 0 554 476
84 2043 404 2408
874 678 1344 913
26 0 554 411
1958 744 2095 1044
71 0 2448 3263
1090 1501 1795 1808
1090 1501 1560 1808
1090 1540 1560 1808
2082 763 2448 1037
2082 802 2310 1037
0 757 339 1168
137 757 339 1168
0 2519 496 3107
0 2519 313 2996
1945 1148 2448 1801
1984 1148 2448 1658
0 1553 646 1925
1769 2284 2062 2696
274 502 522 907
26 0 424 411
1122 1501 1357 1703
1188 1501 1357 1703
0 1077 143 1396
1547 1292 1912 1488
0 933 150 1129
1984 1312 2448 1658
1984 1312 2448 1625
71 1912 1814 3263
1188 1912 1814 3159
1188 1912 1814 2846
1188 1919 1814 2846
1188 1919 1814 2800
1188 1919 1690 2800
1188 1938 1690 2800
1194 2278 1690 2800
1194 2356 1690 2800
1194 2356 1664 2800
1194 2474 1618 2800
1997 2265 2271 2532
1188 0 1423 359
71 1971 1481 3263
600 2369 1481 3263
1096 2239 1403 2669
182 0 2448 3263
1383 1625 2448 3263
1416 1658 2448 3263
1501 1658 2448 3263
1501 2075 2448 3263
1991 2075 2350 2604
2036 2160 2350 2604
78 1064 300 1547
1494 835 2010 1331
254 169 391 411
600 2454 1481 3263
1155 130 1423 502
1318 2578 1540 2924
1364 2709 1540 2924
0 1553 411 1919
0 1586 143 1912
600 2454 1403 3263
1011 1109 1488 1312
1703 1658 2448 2467
1860 1658 2448 2467
600 2454 985 2931
182 0 2448 1925
2056 1658 2448 2467
783 1116 972 1312
1501 2193 2448 3263
2075 1312 2448 1481
71 1971 933 3263
0 365 254 580
0 1299 163 1462
535 1057 750 1312
535 1142 731 1312
1318 2474 1618 2650
1188 1938 1579 2506
1233 1938 1579 2506
1233 2095 1579 2506
815 2748 1403 3263
881 2748 1403 3263
587 117 940 691
1501 2526 2448 3263
71 2134 776 3263
71 2487 776 3263
71 2807 776 3263
71 2944 574 3263
280 691 515 907
1357 2049 1612 2245
1357 2049 1507 2186
221 0 2448 1540
424 0 2448 1423
567 0 2448 1423
182 1325 2049 1925
182 1357 698 1919
822 0 2448 1423
822 0 1325 678
221 913 698 1540
326 169 718 450
2128 1658 2448 2467
2128 1658 2448 2056
1501 2617 2010 3263
1501 2617 1847 3263
326 2807 776 3198
424 502 718 1044
561 731 718 1044
2167 2023 2448 2467
2167 2154 2448 2467
953 2748 1403 3263
84 2487 483 2839
822 0 1246 678
822 0 1233 678
822 0 1148 678
822 0 1148 574
959 117 1148 574
959 261 1148 574
959 313 1148 574
306 1357 698 1919
306 1645 665 1919
600 2506 985 2931
2134 2911 2448 3263
1188 0 2448 1423
1775 2526 2448 3263
1188 235 2448 1423
0 2519 241 2833
1449 0 2232 489
1788 254 2134 489
326 2807 711 3179
1716 2572 1951 2891
1514 476 2448 1423
1514 502 2448 1423
1821 502 2448 1423
1821 541 2448 1423
1449 0 2232 372
443 1971 933 2369
169 2134 731 2702
470 1325 2049 1925
1651 1462 2049 1782
1651 1612 1808 1782
1821 646 2448 1423
1821 646 2304 1423
1912 646 2304 1286
2128 1658 2448 2017
163 2944 574 3263
2134 2911 2389 3100
587 261 940 691
470 1325 1827 1925
1769 2284 2043 2696
1436 2278 1592 2519
71 2885 274 3126
646 1592 1005 1925
646 1723 979 1925
2128 1801 2408 2017
169 2186 731 2702
2134 3048 2448 3263
2167 2154 2448 2369
1560 476 1742 750
567 554 1201 1129
1449 0 2088 372
1671 0 2088 372
1801 0 2088 372
1775 2526 2382 3263
1188 235 2115 1220
2284 763 2448 992
1188 235 2030 1220
221 966 698 1540
2075 1096 2448 1475
1984 646 2239 1103
189 2186 731 2702
208 2186 731 2604
208 2186 711 2604
2226 3048 2448 3263
1984 26 2284 313
1912 907 2304 1286
1494 881 1873 1331
1514 548 1919 835
1808 2526 2382 3263
470 1325 1827 1906
470 1325 1631 1906
470 1338 1148 1553
2134 874 2448 1253
163 3042 574 3263
1155 1325 1403 1501
1188 313 2030 1220
1188 496 2030 1220
1188 496 2030 1037
1259 496 2030 1037
1599 652 2030 966
359 966 698 1383
959 1325 1631 1906
959 1325 1631 1782
959 1325 1631 1618
1318 2108 1579 2506
659 940 1201 1129
1540 2617 1847 3263
1808 2526 2239 3263
1886 2970 2239 3263
1945 2970 2239 3263
1449 45 1729 372
966 2748 1403 3263
1808 2526 2141 2983
470 1338 933 1494
1259 496 1658 1037
1540 2617 1847 3211
567 554 946 979
966 2748 1403 3198
659 940 979 1129
685 554 946 979
1037 2748 1403 3198
1573 2193 1925 2650
1540 2617 1847 3055
0 3133 176 3263
1775 3126 1997 3263
2036 3120 2239 3263
1886 3120 2115 3263
1161 3113 1344 3263
953 3100 1181 3263
71 3094 437 3263
2134 3074 2363 3263
2226 3068 2448 3263
2304 3048 2448 3192
163 3042 450 3237
1416 3015 1677 3263
1560 2996 1749 3211
1945 2970 2173 3166
1155 2957 1292 3126
1018 2944 1246 3185
685 2937 815 3153
1259 2918 1403 3198
2186 2911 2389 3055
639 2911 940 3263
1991 2904 2206 3055
1436 2904 1625 3061
0 2898 137 3087
1703 2891 2010 3185
71 2885 254 3055
535 2865 711 3094
881 2859 1018 2989
58 2846 228 3002
1808 2839 2082 2983
1592 2833 1847 3055
822 2807 1011 3107
744 2807 887 3002
326 2807 646 3179
1423 2793 1573 2950
1214 2787 1540 3159
966 2787 1116 3139
202 2787 496 3107
430 2761 613 2898
1808 2754 1951 2891
1037 2748 1279 3055
78 2741 313 2996
2069 2735 2382 2911
1677 2722 1840 2911
1501 2715 1631 3028
2167 2696 2448 3002
1834 2683 2095 2813
176 2656 326 2800
104 2650 241 2833
163 2637 483 2839
855 2630 1037 2885
783 2630 940 2846
411 2624 633 2833
2199 2617 2448 2807
1540 2617 1684 2911
1064 2617 1227 2800
802 2611 1011 2741
1194 2578 1338 2800
1716 2572 1847 2754
966 2565 1135 2807
1808 2552 1977 2696
1821 2545 2056 2780
1507 2539 1690 2767
2310 2526 2448 2676
1880 2526 2141 2885
0 2519 156 2780
763 2506 985 2689
600 2506 822 2931
189 2500 398 2702
0 2500 150 2656
84 2487 274 2656
1201 2454 1344 2656
385 2441 652 2722
2075 2434 2258 2754
691 2434 829 2565
463 2389 633 2617
1573 2382 1840 2650
711 2369 966 2506
2082 2363 2271 2532
502 2363 685 2578
1455 2356 1592 2519
1867 2310 2062 2650
763 2297 913 2428
0 2297 176 2558
1769 2284 2043 2578
417 2278 574 2408
2088 2271 2252 2441
208 2271 535 2604
163 2271 313 2480
2147 2265 2310 2454
842 2265 1057 2454
1161 2245 1403 2669
1318 2239 1514 2506
1096 2239 1331 2506
502 2239 731 2461
2284 2232 2448 2467
2167 2226 2376 2369
1886 2219 2297 2643
0 2206 202 2343
1749 2193 1925 2415
2102 2167 2310 2297
1906 2167 2095 2304
208 2160 483 2461
189 2134 404 2265
1364 2108 1579 2297
992 2108 1135 2304
1109 2102 1286 2284
763 2102 1064 2376
1233 2095 1390 2343
1481 2088 1612 2245
646 2088 933 2369
1991 2075 2141 2239
1782 2049 2056 2226
130 2049 483 2199
84 2043 254 2408
1122 2036 1312 2258
2193 2030 2408 2160
1122 2030 1286 2212
2284 2023 2448 2212
1638 2017 1814 2199
946 2010 1135 2173
815 1997 1024 2232
1853 1977 2043 2141
443 1971 913 2160
1037 1958 1286 2232
1188 1945 1383 2095
1723 1938 2049 2102
1325 1938 1475 2115
130 1932 437 2134
1410 1919 1664 2154
2226 1912 2448 2056
1501 1912 1651 2082
0 1912 130 2075
1566 1867 1821 2121
2128 1860 2291 2017
1801 1847 2147 2180
1436 1834 1814 1984
1266 1821 1631 1964
1703 1808 1958 1938
646 1749 894 1919
1292 1729 1481 1873
1416 1723 1801 1945
1860 1716 2082 1893
1103 1716 1351 1906
1958 1710 2134 1847
0 1697 137 1912
306 1690 437 1860
2056 1677 2317 1919
926 1677 1161 1971
2232 1658 2448 1827
385 1645 665 1919
1383 1625 1677 1801
685 1605 861 1782
1090 1592 1312 1736
979 1586 1168 1782
737 1586 940 1821
0 1586 143 1782
39 1579 261 1762
528 1560 711 1867
104 1553 411 1919
1246 1540 1560 1808
548 1534 770 1729
2258 1501 2448 1716
1958 1501 2108 1651
1945 1494 2323 1801
580 1494 907 1631
1370 1488 1827 1631
1723 1462 2049 1697
1984 1455 2448 1625
182 1455 417 1729
182 1436 463 1612
1873 1377 2075 1521
0 1370 169 1527
306 1357 698 1690
848 1344 1148 1553
470 1338 815 1475
1155 1325 1370 1501
2147 1312 2448 1481
0 1305 163 1462
1410 1286 1631 1455
1651 1259 1827 1468
2075 1253 2337 1475
2069 1253 2239 1475
946 1246 1364 1377
117 1246 300 1547
1521 1240 1782 1468
1821 1214 2115 1423
2017 1194 2271 1357
822 1155 972 1312
2252 1148 2448 1396
691 1148 1018 1390
0 1135 143 1396
221 1129 476 1540
900 1116 1090 1286
1168 1109 1488 1312
1756 1103 1977 1299
2232 1096 2448 1299
1044 1096 1299 1227
411 1096 691 1383
2134 1090 2350 1253
1912 1083 2154 1286
463 1083 607 1214
1494 1070 1808 1331
176 1070 378 1325
1201 1064 1390 1214
541 1057 750 1214
1135 1044 1488 1253
1834 985 1971 1214
737 985 979 1122
1991 972 2128 1175
359 966 698 1135
913 959 1201 1122
659 940 796 1129
1566 926 1769 1083
1455 913 1651 1220
2108 907 2304 1181
261 900 391 1031
182 900 339 1168
19 900 215 1116
561 887 698 1044
1631 881 1873 1201
2212 874 2448 1188
1860 874 1997 1103
1958 868 2095 1044
920 868 1161 1037
1684 835 2010 1090
1325 835 1468 1037
1077 829 1410 1037
1540 815 1723 1031
685 815 920 979
0 815 195 966
2102 802 2310 972
456 770 600 920
137 757 274 933
894 750 1233 1024
1481 744 1658 1037
561 731 718 926
365 724 796 1207
1599 711 1938 966
920 711 1344 907
874 678 1077 913
1514 672 1749 835
1201 665 1442 842
1886 652 2030 874
104 652 352 842
1984 646 2239 992
0 646 215 796
1690 607 1977 789
567 600 809 900
1560 567 1729 750
2056 561 2252 815
737 554 946 887
1684 548 1919 705
894 528 1044 678
0 528 228 685
1188 502 1364 731
424 502 613 796
274 502 522 750
1259 496 1527 894
1612 476 1742 639
744 443 940 665
1847 430 2010 561
659 430 802 691
1031 424 1214 763
117 424 378 678
959 411 1096 574
1168 404 1325 548
1729 398 1880 554
378 391 620 535
483 385 711 659
0 365 137 496
1103 359 1266 535
1312 352 1521 554
1919 339 2115 489
1788 339 1977 489
143 339 300 574
796 332 1057 613
763 319 966 574
300 319 463 476
1449 313 1710 718
985 313 1148 528
0 293 248 476
1155 267 1364 535
887 267 1044 443
966 261 1116 404
587 261 940 483
1638 235 1840 600
326 208 718 450
2082 195 2448 835
1083 195 1233 417
339 182 483 319
535 169 705 313
261 169 391 339
2141 150 2284 306
78 150 293 300
1723 143 1919 326
1977 130 2448 757
1155 130 1344 502
1292 124 1423 359
1827 117 2088 372
972 117 1135 313
776 117 926 313
868 91 1037 352
1579 71 1729 248
0 65 241 215
1135 58 1266 215
992 58 1168 215
1449 45 1612 372
1671 39 1814 208
1984 26 2219 313
2180 0 2402 189
1958 0 2232 163
1801 0 1997 169
1801 0 1932 163
1481 0 1801 137
1299 0 1442 332
913 0 1188 235
822 0 1057 228
398 0 881 280
26 0 424 267
0 117 150 313
0 1325 2448 3263
261 0 946 339
1886 2206 2323 2820
1886 2219 2323 2820
822 2807 1011 3263
0 0 2448 2572
691 0 2448 1658
0 0 1148 2572
365 698 861 1207
365 698 796 1207
313 0 946 319
280 319 463 548
946 0 1201 215
0 1077 169 1462
0 1077 163 1462
691 1716 835 1853
0 1638 2115 3263
130 1638 2049 2461
280 404 450 548
1723 1938 2049 2141
0 1938 2115 3263
0 1370 169 1553
130 1638 1964 2461
130 1684 1801 2461
926 1325 2448 3263
691 711 1488 1390
894 711 1344 1057
1299 0 1547 332
1416 1684 1801 1945
1997 2265 2252 2441
130 1690 1631 2461
2075 2434 2323 2820
822 0 2448 1658
822 0 1423 724
607 163 855 404
685 241 855 404
848 0 2448 1658
430 2630 887 3250
1534 1795 2415 2474
1534 1795 2147 2474
0 0 554 966
0 0 554 842
992 1064 1390 1214
691 1044 1488 1390
235 959 470 1272
235 959 411 1272
1834 874 1997 1214
1344 1286 1631 1455
0 0 554 796
0 248 254 476
1534 1847 2147 2474
1534 2049 2056 2474
0 757 359 966
130 1690 1631 2265
130 1801 1631 2265
744 2807 887 3250
926 2944 1246 3192
430 2630 770 2963
822 0 1423 594
0 117 1148 2572
0 1455 417 2572
0 1455 417 2558
0 1514 261 2558
0 1573 261 2558
600 2102 1286 2611
2075 2434 2271 2820
235 959 411 1227
398 0 946 280
0 117 1148 1925
0 1579 261 2558
0 1586 202 2558
0 1586 202 2343
1945 744 2134 1175
822 0 1423 548
972 0 1423 548
972 58 1325 548
58 2846 254 3055
1945 744 2128 1175
1991 2898 2448 3192
600 2108 1135 2611
972 117 1325 548
1305 2565 1540 2944
0 1586 195 2226
0 1586 143 2226
0 1912 130 2226
1658 2722 1840 2963
1906 195 2448 992
130 1801 1631 2232
189 1801 1631 2030
1625 2180 1769 2474
992 2108 1135 2611
992 2108 1135 2428
1175 1064 1390 1214
130 1932 1135 2232
1906 541 2252 815
1991 2904 2448 3192
1991 2904 2304 3100
1129 1801 1631 1964
176 502 724 1540
176 502 724 1325
261 502 724 1031
274 502 724 946
1318 2565 1540 2924
176 900 378 1325
815 2787 1018 2989
0 0 424 796
0 933 463 1612
0 933 300 1547
0 933 202 1299
1977 1090 2448 1658
1977 1090 2448 1625
1977 1312 2448 1625
2245 3015 2448 3192
594 2630 770 2963
176 2715 496 3107
189 2134 580 2265
2082 195 2448 992
600 2363 1090 2611
894 711 1344 1024
0 2043 1064 3263
848 0 2448 1423
848 424 1749 1286
104 117 1148 1925
528 1344 1148 1867
528 1449 998 1867
711 2369 1090 2611
711 2369 1051 2565
463 1057 750 1364
463 1083 731 1364
535 1220 665 1364
1299 0 2448 1423
1729 254 2134 554
1579 0 1932 326
1579 150 1742 326
815 1997 1135 2232
0 339 300 796
1299 0 1462 332
1671 0 1932 208
535 2865 940 3263
502 1938 2115 3263
1037 1938 1514 2800
274 502 718 926
424 502 718 926
2017 1090 2350 1475
685 1449 998 1821
685 1586 940 1821
1083 195 1325 548
894 261 1148 678
502 2363 2115 3263
1037 1938 1514 2728
1037 1938 1514 2669
1037 1938 1475 2669
1037 1938 1475 2506
1037 1938 1475 2343
1684 3002 2115 3263
1723 3002 2115 3263
1318 1867 2448 3263
2062 1984 2415 2297
130 1932 913 2199
0 365 254 796
0 463 254 796
502 2363 1847 3263
691 2434 946 2578
1906 1912 2448 2676
1318 2578 1468 2924
1442 2539 1690 2767
1155 313 1325 548
1442 2545 1592 2728
261 894 580 1031
1351 91 1553 424
1410 117 1553 424
926 1325 2448 2017
1703 1710 2134 1938
1423 2715 1631 3061
1423 2793 1625 3061
1716 2545 2056 2891
1716 2545 2056 2780
848 424 1658 1286
1031 424 1658 1037
1077 496 1658 1037
1266 1801 1631 1964
84 2043 1064 3263
763 2506 1847 3263
763 2506 1135 2937
1991 1912 2448 2676
2036 1912 2448 2676
2167 1912 2448 2369
2226 1912 2448 2252
2226 1912 2448 2212
1037 1945 1390 2343
966 2565 1135 2937
0 2898 574 3263
463 1083 731 1253
2036 2160 2448 2676
261 894 463 1031
104 117 1005 1925
326 117 966 979
502 2363 1037 2931
0 757 274 966
1325 1938 1475 2180
1122 2036 1390 2343
1037 1945 1383 2232
783 2630 1037 2885
848 678 1201 1286
900 959 1201 1286
959 1325 2448 2017
953 2617 1847 3263
1299 0 2402 750
1847 339 2115 561
953 2748 1677 3263
84 2043 1064 2604
208 2088 1064 2604
130 1971 913 2199
1723 3002 1997 3263
104 887 1005 1925
104 1357 1005 1925
1077 502 1442 1037
326 117 966 900
483 117 966 900
483 261 966 900
483 261 946 900
0 2898 450 3263
71 3002 450 3263
84 2487 796 3263
84 2487 633 2839
430 1971 913 2160
1364 1867 1821 2363
1364 1867 1821 2297
1364 1912 1814 2297
1364 2088 1612 2297
848 678 1161 1037
848 868 1161 1037
1299 0 1919 750
1312 0 1919 750
2036 2160 2448 2604
1318 2193 2448 3263
1703 2891 2448 3263
1449 0 1919 750
2017 1090 2350 1357
359 887 979 1631
580 1377 933 1631
959 1325 1827 1906
1723 1462 2448 2017
1318 2193 2448 3055
1808 2526 2448 3055
84 2043 313 2480
1945 2970 2448 3263
1599 502 2448 1423
1599 502 2310 1423
1801 0 2402 372
2141 0 2402 306
953 2748 1540 3263
1318 2193 2062 2696
1860 1710 2134 1893
1599 607 2310 1423
326 2807 796 3263
1801 0 2219 372
470 2088 1064 2461
326 2807 685 3263
502 2363 822 2931
104 1357 894 1919
104 1357 698 1919
1318 2284 2062 2696
1077 665 1442 1037
966 2748 1540 3263
1945 1494 2448 2017
1279 3015 1677 3263
1808 2526 2382 2983
359 887 979 1475
359 940 979 1475
966 2748 1540 3198
966 2748 1279 3139
1318 2284 2062 2650
1410 1912 1814 2199
1410 1912 1664 2154
2167 2617 2448 3055
470 2088 933 2461
1449 0 1840 750
1449 0 1840 718
1690 607 2310 1423
1821 907 2304 1423
1690 607 2310 1037
1886 646 2310 1037
470 2186 731 2461
71 3042 450 3263
1821 1083 2154 1423
2167 2617 2448 3002
959 1325 1827 1873
1090 1488 1827 1873
1090 1540 1677 1873
1292 1625 1677 1873
2134 3068 2448 3263
359 940 979 1383
1155 2787 1540 3198
1155 2918 1403 3198
1801 0 2219 313
1449 0 1801 718
1449 0 1801 372
1945 1494 2448 1958
1945 1494 2448 1919
1808 2526 2212 2983
1945 1494 2448 1827
1455 913 1977 1331
979 1586 1351 1906
483 385 946 900
1880 2526 2212 2885
567 554 946 900
359 940 796 1383
1318 2284 2043 2650
1573 2284 2043 2650
1455 913 1808 1331
1886 646 2239 992
874 2976 1109 3263
195 2232 535 2493
1834 874 1997 1201
1560 1181 1808 1455
0 117 241 274
1964 1494 2428 1782
1651 1631 1912 1847
2075 2434 2258 2807
