0 0 2049 1536
405 536 856 1044
348 282 786 626
405 536 848 1044
827 569 1315 1085
1053 569 1315 975
1053 598 1315 975
827 819 1221 1085
827 856 1221 1085
917 856 1221 1085
717 274 1184 692
872 377 1184 692
991 417 1184 680
0 0 512 737
0 0 512 733
717 274 1004 430
717 274 1004 417
581 53 1438 520
581 53 1372 520
377 1020 479 1155
1053 598 1294 975
405 536 844 1044
0 221 127 598
1520 930 1622 1036
901 1016 1204 1151
1180 77 1438 172
1139 852 1323 1085
426 934 766 1233
754 1245 1462 1536
901 1245 1462 1536
930 856 1221 1085
1081 598 1294 975
1081 598 1294 876
1184 598 1294 876
901 1016 1032 1118
0 721 94 868
1483 1069 1602 1204
499 536 844 1044
499 536 844 754
717 274 999 409
499 561 844 754
0 327 127 598
950 1245 1462 1536
319 1102 401 1270
565 790 676 958
426 1090 581 1233
454 1090 581 1233
602 692 840 1044
1126 303 1286 549
1126 303 1221 516
618 377 1315 1090
655 377 1315 1065
934 553 1315 872
655 377 1032 1065
717 377 1032 1020
717 377 889 741
717 377 885 577
0 0 1094 1536
405 799 766 1012
290 258 549 426
881 512 979 737
909 0 2049 1536
1692 864 2049 1327
864 0 1094 127
86 1356 340 1536
1081 655 1217 819
840 667 1032 1020
840 676 979 1020
1065 553 1315 717
909 749 2049 1536
934 602 1172 872
1069 0 2049 1008
717 295 885 409
840 676 946 1020
1348 885 1462 1073
995 1245 1462 1536
999 602 1172 819
1069 0 2049 954
1331 262 1778 590
1577 512 1815 684
151 594 475 885
602 758 835 1044
909 749 2049 1524
909 946 1536 1462
909 1085 1401 1462
0 0 971 1536
0 0 901 1274
217 0 901 319
217 0 795 319
995 1245 1462 1503
0 180 758 1274
1110 946 1536 1364
1110 1204 1294 1331
999 631 1147 819
0 938 971 1536
602 758 815 1044
217 0 659 319
426 110 659 319
536 0 795 102
0 938 909 1536
1344 233 1688 417
0 938 717 1536
0 938 528 1536
602 786 815 1044
0 950 528 1536
1180 135 2049 954
1069 0 1676 225
1299 0 1676 225
1249 143 2049 954
676 786 815 983
1213 749 2049 1524
155 180 758 831
950 1454 1094 1536
1053 1450 1192 1536
692 1426 909 1536
1717 1417 1962 1536
389 1397 717 1536
315 1393 442 1536
86 1356 262 1536
1495 1352 1663 1524
1253 1323 1462 1503
995 1245 1352 1483
1840 1225 1930 1331
1372 1225 1512 1335
1151 1213 1294 1331
1110 1204 1213 1290
1950 1200 2049 1307
1422 1155 2049 1524
163 1139 274 1249
458 1131 581 1233
1762 1126 1905 1294
909 1098 1266 1462
0 1098 430 1536
1204 1085 1401 1217
98 1073 233 1307
1503 1069 1602 1172
1126 1044 1213 1163
971 1036 1204 1151
934 1020 1032 1118
639 999 852 1188
618 995 852 1090
377 991 971 1438
827 987 922 1073
1967 983 2049 1090
1348 983 1450 1073
172 950 528 1184
1241 946 1536 1364
1213 938 1323 1085
131 938 327 1069
602 934 782 1044
524 934 676 1061
450 934 766 1188
1639 930 1737 1090
983 909 1143 1036
1372 885 1462 983
0 881 81 991
840 868 922 1020
1139 852 1233 1004
1688 831 1794 1008
708 811 815 983
618 807 766 1012
405 799 676 987
1704 790 1803 872
655 790 860 1065
565 790 676 934
1733 770 1880 979
934 766 1061 872
1167 754 1278 975
1213 749 1778 1241
1053 749 1184 856
151 733 323 885
1803 729 2049 934
999 725 1094 819
897 721 979 893
1360 713 1639 819
512 708 667 823
856 700 991 819
622 692 840 807
844 676 946 1020
1299 663 1430 762
1110 655 1217 819
1274 643 1426 823
1184 639 1274 876
270 635 413 749
1044 631 1147 733
0 631 270 1274
221 626 549 1065
688 618 799 725
1012 598 1094 758
598 594 782 745
315 594 475 844
1577 577 1721 684
1131 569 1241 676
499 565 692 754
602 561 844 680
1094 553 1315 717
1249 536 2049 954
881 520 979 737
1606 512 1815 614
0 504 172 688
1844 499 1926 602
1032 483 1184 606
172 467 549 831
241 458 368 565
799 446 881 577
991 417 1081 680
1114 397 1585 639
348 385 758 626
872 377 1004 692
717 377 885 573
516 356 651 463
917 336 1004 417
950 327 1200 540
0 327 127 594
1331 303 1766 590
782 303 987 430
717 295 831 409
647 282 786 479
1909 270 2028 413
1610 262 1778 479
331 258 549 372
1344 249 1508 377
1426 233 1688 417
717 200 930 282
823 180 979 278
155 180 758 545
1077 172 1233 295
1794 155 1971 282
1405 143 2049 614
1180 135 1524 307
1958 131 2049 249
426 118 659 319
442 110 590 200
1299 45 1663 225
1594 0 2049 237
1069 0 1409 118
922 0 1094 127
864 0 954 94
708 0 901 106
614 0 795 102
536 0 643 90
217 0 655 147
532 536 856 626
0 0 1372 1536
647 274 1004 479
426 995 852 1233
426 1020 676 1233
618 995 852 1188
647 274 999 479
0 442 1094 1536
0 0 1372 1065
729 274 999 372
901 967 1032 1118
688 442 1094 1020
1213 1426 1438 1508
1032 0 2049 1008
909 598 2049 1536
741 442 1094 1020
1053 598 1426 1004
426 1090 676 1233
290 196 549 426
336 196 479 278
909 602 2049 1536
1213 749 2049 1536
1053 684 1233 1004
729 274 954 372
442 0 1372 737
581 0 1372 737
0 467 1094 1536
909 602 1811 1536
770 442 1094 1020
770 442 1032 1020
581 0 1372 692
0 0 987 1065
499 561 860 1065
499 561 844 1044
1053 1450 1811 1536
229 987 1094 1536
0 0 987 733
770 442 979 1020
0 0 979 733
909 602 1536 1503
909 856 1536 1503
1032 483 2049 1008
1069 0 2049 639
770 626 979 1020
799 377 1081 692
872 377 1081 692
1110 598 1426 975
0 467 766 1536
0 467 549 1536
1110 598 1294 975
1110 598 1294 876
0 0 901 733
717 295 885 573
499 561 844 807
1688 790 1803 1008
598 561 844 745
1053 684 1184 856
229 991 1094 1536
1032 483 2049 954
1032 483 1315 717
565 786 815 1044
565 786 782 1044
565 786 770 1012
602 692 840 807
405 799 766 1188
901 1438 1094 1536
565 790 766 1012
1069 0 2049 307
229 991 971 1536
581 0 1372 540
995 946 1536 1503
159 0 901 147
995 1204 1352 1483
581 53 1372 540
0 0 758 733
717 180 979 282
155 118 758 626
909 856 1401 1462
1692 770 2049 1327
1114 143 2049 639
1180 45 1663 307
1241 946 1536 1503
377 991 971 1536
389 1397 909 1536
1114 233 1766 639
1069 0 2049 237
0 631 430 1536
229 1393 442 1536
217 0 901 147
172 467 549 1184
0 631 270 1307
155 118 758 545
1422 1155 2049 1536
172 626 549 1184
995 1213 1352 1483
614 0 901 106
1381 0 2049 237
1331 233 1766 590
631 258 803 540
0 0 2049 1368
0 225 2049 1536
1061 569 1426 942
1061 569 1426 930
1061 602 1426 930
852 295 1286 1069
922 967 1200 1073
852 295 1286 963
860 295 1286 963
405 270 1012 1204
405 971 766 1204
430 270 1012 1090
475 270 1012 1090
889 819 1237 1172
901 819 1237 1151
930 819 1237 1077
475 282 1012 1090
713 282 1012 745
713 282 999 745
713 282 995 745
713 282 995 430
475 536 860 1090
1061 647 1270 930
405 983 622 1204
0 188 122 602
0 327 122 602
499 536 860 1090
954 225 2049 1536
958 1085 1635 1536
717 368 922 745
1040 225 2049 1536
1073 225 2049 1536
1061 647 1262 930
430 799 639 991
1163 225 2049 1536
975 295 1286 774
0 852 1266 1536
631 258 803 532
651 626 844 745
499 536 844 1069
499 536 844 758
598 536 844 692
532 692 835 1069
278 647 446 868
475 708 745 1004
1061 647 1258 909
532 758 835 1069
602 758 835 1012
958 1085 1462 1536
995 1085 1462 1536
954 573 1237 848
1172 225 2049 1536
1172 225 2049 1331
0 934 1266 1536
0 987 1266 1536
651 1422 999 1536
602 758 835 954
1274 0 1676 110
1073 1450 1196 1536
1110 1442 1635 1536
901 1434 999 1536
651 1422 905 1536
1323 1225 1516 1323
110 1143 241 1307
0 1114 442 1536
454 1110 622 1204
995 1085 1462 1508
1053 1044 1213 1188
889 991 1044 1172
901 987 1208 1151
377 987 1266 1536
618 971 864 1192
450 971 766 1196
1245 963 2049 1536
532 938 786 1069
200 934 397 1176
1520 922 1606 1094
540 889 639 987
1344 885 1462 1073
1213 876 1323 1085
930 852 1217 1077
963 819 1237 1069
1958 803 2049 938
708 799 807 954
430 799 635 991
512 795 860 1090
1671 790 1872 983
565 790 745 1004
278 774 434 868
602 758 835 848
1167 749 1262 930
954 725 1085 848
1385 713 1639 840
475 708 659 856
852 700 983 815
860 692 1016 963
1167 647 1270 786
1061 647 1225 909
315 647 446 844
741 610 823 696
1225 602 1426 819
995 594 1094 774
598 594 692 684
1040 573 1237 733
499 573 692 758
1163 569 1299 704
1073 553 1311 721
1540 545 1721 684
762 545 856 626
631 536 844 692
1450 528 1557 663
499 528 758 651
1040 495 1184 581
881 409 1004 733
631 385 737 532
1163 377 1417 561
717 368 885 704
512 368 651 463
290 331 401 413
4 327 122 602
840 299 1012 426
975 295 1286 684
831 295 995 417
713 282 909 430
1909 270 2049 438
729 270 1012 356
1606 262 1778 483
663 258 803 430
1426 233 1585 393
331 192 557 356
823 159 971 270
1794 151 1934 282
1450 0 1676 98
1274 0 1458 110
901 0 1094 122
405 971 864 1204
811 594 1094 963
995 225 2049 1536
872 881 1200 1172
540 889 659 987
577 684 835 770
872 881 1044 1172
0 258 1639 1536
430 258 1639 1196
499 258 1012 651
430 282 1639 1196
852 594 1094 815
840 299 1012 454
1167 647 1315 942
917 594 1094 774
852 512 938 745
1167 647 1270 930
631 258 1012 532
450 282 1639 1196
872 881 995 1069
430 708 786 1069
430 708 659 991
729 270 1012 364
1016 1422 1196 1536
995 885 2049 1536
1040 495 1639 840
1040 495 1426 819
450 282 1417 1196
1167 721 1262 930
963 819 1323 1085
1040 495 1311 721
1163 569 1426 819
450 295 1417 1196
450 536 860 1196
499 536 844 848
450 795 860 1196
631 536 844 745
717 295 1417 1151
852 573 1237 1151
954 573 1237 909
852 692 1217 1151
717 295 1417 733
901 852 1217 1151
1245 885 2049 1536
651 1422 1102 1536
995 1085 1635 1536
717 295 1286 733
881 295 1286 733
852 692 1016 1016
0 934 442 1536
930 770 1176 1036
995 458 1184 745
0 106 163 647
499 532 844 749
1192 598 1294 815
237 835 450 1057
590 790 708 991
717 159 1102 954
717 159 1102 819
499 545 749 749
917 844 1221 1151
1487 1241 1725 1471
1487 1241 1684 1446
1487 1241 1659 1397
659 987 922 1286
659 1110 876 1286
659 1110 803 1286
409 278 754 749
426 278 754 631
995 458 1176 745
950 0 1208 118
1065 0 1208 90
1811 1225 1926 1393
917 881 1221 1151
1417 479 1684 647
0 963 180 1102
0 200 163 647
717 159 1102 483
717 159 999 327
717 159 971 282
917 881 1221 1073
917 954 1221 1073
0 1200 102 1294
999 577 1434 1077
553 581 749 717
1213 81 1577 479
1213 81 1508 479
1229 81 1471 241
0 262 151 647
1471 479 1684 618
1163 438 1389 573
852 377 1016 819
155 1114 266 1368
155 1114 266 1348
163 1180 266 1348
876 377 1016 741
1663 1061 1864 1192
717 274 1004 606
1614 262 1815 491
1815 422 2003 651
1815 422 2003 614
881 377 1004 704
1930 1151 2049 1389
999 577 1397 1077
999 577 1241 1036
999 577 1241 856
1897 967 2049 1167
999 577 1241 819
1167 586 1397 1077
1167 655 1389 1077
1167 782 1352 1077
151 635 475 885
151 635 426 885
1958 1225 2049 1389
1090 1303 1475 1536
1213 204 1508 479
1753 0 2049 221
1770 16 2049 221
1770 16 1983 163
1897 967 2049 1077
450 610 1700 1536
516 610 1700 1536
516 647 860 1069
569 647 782 758
1426 0 1745 254
1544 57 1745 254
598 610 1700 1536
618 610 958 1184
717 295 1004 606
1544 114 1745 254
598 938 1700 1536
1614 262 1786 491
1815 422 1954 590
1020 954 1221 1073
1815 422 1938 590
516 688 860 1069
1262 81 1471 204
717 299 930 606
721 385 930 606
618 610 934 1184
430 0 795 110
446 0 795 102
446 0 745 102
446 0 635 90
1426 1286 1594 1503
930 1049 1073 1311
930 1122 1073 1311
151 676 426 885
1512 590 1991 1057
360 188 766 495
360 188 766 475
360 188 766 438
422 188 766 438
422 254 655 438
155 200 323 356
208 200 323 315
598 938 1663 1536
450 963 614 1196
454 1008 614 1196
1167 487 1389 573
1753 0 2049 110
151 676 323 885
1401 995 1524 1266
1090 1303 1385 1536
1516 1114 1700 1335
1573 1155 1700 1335
1512 590 1958 1057
1512 590 1889 1057
422 258 610 438
422 258 610 405
1512 590 1872 975
1520 700 1872 975
1520 700 1745 909
1520 741 1647 905
430 278 754 606
430 381 733 606
1614 262 1778 467
1688 717 1872 975
917 0 2049 1536
1032 208 1434 553
1553 1237 1852 1536
1553 1331 1852 1536
1553 1331 1782 1536
1926 127 2049 221
1102 1303 1385 1536
1770 16 1946 163
0 0 1020 1536
114 471 282 639
1569 700 1745 909
1921 487 2049 754
1921 557 2049 754
618 999 860 1184
1032 208 1344 553
1032 208 1270 553
1032 208 1241 553
713 0 1020 213
1061 237 1241 553
1061 348 1204 553
0 0 819 1536
213 594 393 717
770 0 1020 213
815 0 1020 213
1688 790 1872 975
225 1004 356 1213
881 377 999 704
516 688 840 1069
815 73 946 213
917 0 1606 323
1422 45 1606 225
0 963 147 1090
1688 831 1872 975
1167 0 2049 1536
1708 1151 2049 1536
1708 1151 1999 1536
1708 1151 1938 1536
598 991 1663 1536
356 708 700 999
528 795 700 999
598 1147 942 1536
598 1200 938 1536
774 1253 938 1409
0 0 135 184
1708 1217 1938 1536
1753 1270 1938 1536
1753 1270 1938 1471
901 991 1663 1536
917 0 1503 323
598 1200 909 1536
647 1200 909 1536
0 598 647 1536
1077 0 1503 254
1167 0 1503 254
1274 0 1503 86
1167 0 2049 1495
1167 0 2049 762
1167 364 1573 549
1368 0 2049 762
1266 512 2049 1495
1401 725 2049 1495
0 626 647 1536
295 1114 430 1413
336 1172 430 1413
688 1430 909 1536
1524 0 1799 163
516 688 840 1040
516 688 840 987
1368 143 2049 762
1102 1303 1385 1499
917 77 1098 323
1401 741 1561 995
1462 725 2049 1495
1167 0 1299 254
36 0 819 831
36 0 819 708
413 1405 622 1536
1167 364 1405 520
36 0 819 676
1110 991 1663 1536
1344 1286 1663 1536
1360 1344 1663 1536
901 1180 1213 1491
1040 1217 1213 1327
1462 725 2049 1393
1462 725 2049 1327
1524 725 2049 1327
1524 795 2049 1327
1766 795 1938 1020
0 626 590 1536
0 1159 389 1536
53 0 819 676
1266 512 1590 1004
53 0 819 565
53 0 819 524
172 299 545 516
1110 991 1442 1368
1110 1069 1442 1368
901 1180 1085 1491
0 626 590 1319
0 786 86 1065
1266 512 1590 934
1266 512 1499 934
53 0 819 495
69 0 241 200
1462 971 1758 1245
1495 1061 1758 1245
573 278 754 495
1061 655 1217 856
1430 143 2049 762
1430 204 2049 762
352 499 491 676
77 1356 381 1524
0 626 590 1249
1167 364 1372 499
1524 881 2049 1327
1569 881 2049 1327
1803 725 2049 1004
1803 725 2049 930
323 1008 491 1319
53 36 819 495
286 835 450 1036
0 1196 389 1536
0 1237 336 1536
147 1307 336 1446
393 1163 647 1409
1356 594 1499 934
0 1237 331 1536
0 1290 331 1536
1524 0 1799 147
1454 204 2049 762
999 577 1167 819
1577 204 2049 762
1577 258 2012 762
1577 405 1967 762
0 626 512 1249
0 626 512 1122
0 626 512 1028
0 626 262 1028
36 626 262 1028
0 1393 331 1536
1102 1303 1385 1487
1102 1397 1385 1487
114 1356 381 1524
0 1065 192 1249
221 799 512 975
647 1200 786 1434
36 790 262 1028
53 36 819 397
53 36 749 397
110 36 749 377
110 36 659 377
110 36 495 315
110 102 495 315
1733 454 1967 762
1733 454 1897 659
290 102 495 270
254 73 659 377
393 1266 610 1409
1663 975 2049 1327
1807 991 2049 1327
1172 1204 1442 1368
1803 725 2049 889
1233 1213 1442 1368
1454 249 1688 549
1741 258 2012 483
254 147 659 377
172 315 545 516
1454 364 1651 549
1811 1028 2049 1327
389 819 590 1135
90 1454 331 1536
950 1450 1126 1536
1376 1442 1663 1536
782 1442 909 1536
1819 1438 1913 1536
688 1430 840 1536
1712 1426 1852 1536
598 1422 692 1536
520 1417 622 1536
1331 1409 1442 1495
413 1405 614 1536
336 1401 475 1536
1192 1397 1385 1487
0 1393 127 1536
1962 1376 2049 1495
1811 1376 1938 1471
225 1360 381 1524
114 1356 237 1520
1553 1352 1688 1516
1512 1352 1594 1479
958 1348 1110 1491
1360 1344 1462 1499
1282 1335 1385 1417
1610 1331 1782 1536
1643 1327 1725 1471
1893 1319 1999 1458
1065 1315 1208 1426
561 1315 688 1422
651 1311 786 1434
147 1307 336 1389
1172 1303 1340 1422
1934 1294 2024 1393
741 1294 860 1450
528 1294 610 1409
49 1290 139 1442
1426 1286 1532 1503
1233 1274 1376 1368
1753 1270 1876 1446
901 1270 1053 1491
393 1266 540 1409
1487 1262 1618 1397
831 1262 938 1409
168 1245 266 1348
1549 1241 1659 1356
1667 1237 1778 1356
102 1237 208 1364
1958 1225 2049 1319
1811 1225 1901 1327
1364 1225 1503 1311
598 1225 684 1364
1708 1217 1799 1323
1241 1213 1442 1303
1172 1204 1294 1315
721 1200 803 1286
647 1200 782 1364
254 1196 389 1376
995 1180 1085 1290
163 1180 258 1266
1811 1176 2032 1327
1503 1176 1590 1311
336 1172 426 1331
786 1167 876 1274
483 1163 647 1335
57 1159 208 1327
1573 1155 1700 1278
1745 1151 1848 1323
844 1147 942 1331
1036 1143 1172 1258
1438 1139 1524 1266
741 1135 860 1217
950 1122 1073 1217
1516 1114 1626 1278
1204 1114 1319 1217
295 1114 385 1278
659 1110 770 1204
1286 1106 1487 1262
0 1098 176 1249
1729 1085 1864 1192
368 1085 491 1319
0 1081 81 1172
1495 1069 1594 1176
1110 1069 1299 1278
65 1065 192 1180
1762 1061 1880 1204
1663 1061 1758 1159
1594 1061 1758 1245
520 1057 614 1196
1024 1049 1114 1147
1073 1044 1208 1151
1872 1028 2049 1258
618 1020 831 1184
1967 1012 2049 1167
454 1008 610 1180
323 1008 409 1176
237 1004 356 1167
721 999 860 1163
1401 995 1516 1180
1807 991 1930 1180
1294 991 1434 1143
811 987 922 1176
1663 975 1811 1102
1462 971 1585 1094
127 971 311 1122
1897 967 2003 1077
917 967 1061 1049
450 963 610 1139
45 963 147 1065
1774 950 1889 1057
1213 938 1303 1114
237 938 327 1057
524 934 811 1069
598 926 786 1040
307 913 450 1036
389 909 516 1135
1008 905 1155 1008
1057 897 1163 979
557 897 688 987
1671 893 1794 1020
1524 893 1622 1008
1954 885 2049 1004
1135 885 1221 1008
1569 881 1696 1110
991 881 1081 1004
1778 868 1872 975
1401 864 1561 995
1340 856 1434 1004
1139 852 1233 1036
1606 848 1700 958
565 848 700 999
958 844 1176 1004
36 844 262 1028
286 835 430 987
1688 831 1840 967
221 827 352 971
491 819 590 991
1901 815 2049 930
1864 815 1967 987
327 799 512 975
1766 795 1880 917
36 790 200 922
1262 786 1389 893
1167 786 1327 1077
0 786 86 967
1258 782 1352 1024
647 782 860 1057
930 770 1032 1036
1061 758 1188 856
1631 754 1745 909
151 754 323 885
1172 749 1262 917
1356 745 1499 934
1520 741 1622 905
40 741 147 827
1897 737 2049 889
1803 725 1926 827
1745 717 1856 823
999 713 1090 819
356 708 659 909
315 708 426 844
1569 700 1700 782
852 700 983 819
516 688 840 893
258 688 405 831
876 676 1032 954
393 676 475 758
0 672 94 790
1651 663 1758 745
1299 663 1434 795
1085 663 1188 803
1770 659 1958 799
1274 655 1389 819
1114 655 1217 778
290 635 393 717
409 626 512 749
40 626 204 831
