0 0 2448 3263
913 652 1214 900
868 789 1912 1886
1161 156 1664 430
1233 1645 1782 2023
248 907 633 1161
0 0 1951 998
1742 0 2448 248
2297 0 2448 248
502 385 1292 763
502 424 1168 763
0 2976 378 3263
0 71 2448 3263
58 2108 1077 2976
607 2108 1077 2885
0 652 1096 1507
0 652 1096 1442
0 652 1096 1410
0 0 1703 770
58 2519 698 2976
1168 2957 1462 3263
1481 110 2415 587
1481 117 2212 587
254 1201 561 1364
437 1011 1286 1481
443 1011 1286 1468
652 1011 1286 1468
1880 1749 2147 1932
992 1971 2193 2702
992 1971 2062 2702
992 1971 1997 2702
1037 1971 1997 2702
2095 110 2415 332
0 143 2448 3263
0 1645 554 2389
0 1658 554 2389
0 1991 554 2389
1808 1037 2245 1442
1808 1077 2245 1442
0 2976 202 3263
1742 0 2297 241
2141 2147 2448 2337
0 71 1853 1240
0 137 1808 1240
1351 1971 1997 2702
718 385 1292 744
0 829 417 1057
783 437 1808 1148
783 548 1808 1148
783 724 1305 1103
783 848 1064 1103
0 1658 430 2056
0 0 1703 711
502 509 998 763
0 1403 1938 3263
0 1991 1938 3263
1312 143 2448 3263
130 1403 1658 2356
0 2193 1938 3263
861 1742 1135 1906
1834 770 2310 1168
0 137 1788 1240
0 3035 202 3263
359 1201 561 1338
1383 1971 1997 2702
2095 110 2317 254
574 124 789 391
1312 483 2448 3263
783 848 1057 1103
137 1403 1658 2356
137 1449 1658 2356
1142 1449 1612 2004
0 0 1396 711
1286 2454 1488 2696
920 1814 1658 2356
933 1945 1658 2356
0 0 1312 711
848 2513 1488 2950
0 2709 1938 3263
137 2709 1938 3263
1951 2741 2448 3263
2017 2741 2448 3263
2212 3015 2448 3263
2245 3068 2448 3263
1906 143 2448 705
0 2193 815 2865
757 1403 1122 1697
796 1442 1122 1697
1011 1958 1658 2356
1011 1958 1658 2323
195 2709 1938 3263
391 2206 815 2793
391 2297 815 2793
391 2376 789 2793
391 2421 789 2793
391 2487 770 2793
0 2193 489 2865
0 2376 437 2865
1383 2082 2448 3263
1383 2082 2448 2911
195 2780 1938 3263
195 2787 1527 3263
195 2800 1390 3263
195 2800 1286 3263
195 2807 1266 3263
195 2826 874 3263
0 0 1220 711
953 0 1312 169
0 0 261 228
1312 483 2448 2265
1357 1083 1749 1233
1906 235 2337 522
868 2800 1286 3113
1605 1246 2448 2265
1605 1396 2448 2265
91 2193 489 2395
783 2807 1266 3263
195 2826 757 3263
1951 2878 2128 3185
1011 1958 1658 2317
1312 483 2448 1442
1521 483 2448 1442
1599 483 2448 1286
1605 1396 2448 2036
1383 2598 2448 2911
953 0 1312 137
137 1449 992 2056
2056 2741 2448 3263
0 2389 254 2865
0 2389 254 2807
868 2800 1214 3074
1697 1951 2448 2265
182 0 1220 476
1605 1475 2369 2036
1605 1475 2212 2036
1605 1684 2095 2036
1658 483 2023 678
1599 554 2448 1286
1011 1958 1658 2310
1064 1958 1658 2310
1240 1958 1658 2310
953 2800 1214 3074
332 0 1220 365
1951 1246 2448 1664
1599 554 2448 1090
1991 554 2448 1090
855 2356 1253 2728
1383 2598 2278 2911
1690 2310 2199 2656
1645 1977 2082 2232
137 1449 809 1977
2095 600 2448 1090
1521 802 2141 1442
2141 1253 2448 1664
789 2807 1266 3263
1521 848 2017 1442
1168 1449 1612 1919
411 1449 809 1977
2226 1253 2448 1579
1423 2780 1938 3263
900 2356 1253 2728
815 2898 1266 3263
587 3113 744 3263
0 3107 202 3263
476 3094 607 3263
2284 3068 2448 3263
1168 3048 1403 3263
783 3042 979 3263
156 3042 378 3263
2017 3035 2199 3263
887 3015 1024 3166
920 3009 1266 3263
0 2976 130 3224
1155 2963 1286 3113
137 2950 352 3185
306 2931 548 3263
1801 2911 2049 3263
815 2898 1077 3120
1951 2878 2115 3061
718 2852 874 3263
0 2833 176 3042
195 2826 757 3231
1051 2813 1214 2957
2291 2807 2448 3107
1142 2807 1390 3146
789 2807 959 2963
953 2800 1175 3074
1423 2793 1938 3263
1364 2787 1527 3035
1618 2780 1801 3009
1507 2780 1729 2931
2056 2741 2441 3263
1423 2709 1586 2859
0 2709 143 2865
58 2669 698 2976
1716 2656 2278 2911
2271 2624 2448 2885
1383 2598 1795 2787
391 2578 770 2793
1096 2526 1246 2722
352 2519 548 2735
1207 2513 1488 2950
900 2500 1129 2728
424 2487 724 2689
1286 2454 1488 2676
1742 2448 2049 2656
19 2448 241 2663
515 2421 789 2676
855 2415 992 2728
45 2376 437 2702
926 2356 1253 2630
1383 2337 1697 2702
2167 2317 2448 2669
398 2297 815 2454
2141 2147 2448 2304
1037 2147 1534 2572
261 2147 554 2389
1971 2082 2356 2741
1031 2043 1259 2317
887 2017 1135 2323
483 1991 900 2317
0 1991 548 2389
1808 1977 2082 2212
1645 1977 1834 2232
1697 1971 2180 2160
1494 1971 1997 2676
1423 1964 1618 2147
1064 1958 1259 2186
2088 1951 2448 2265
1292 1938 1631 2219
665 1919 992 2056
221 1899 665 2056
1703 1821 2095 2036
1142 1814 1383 2004
920 1814 1175 1971
1997 1801 2147 1932
946 1742 1135 1886
0 1723 430 2056
411 1710 796 1977
2056 1703 2226 1867
1964 1690 2369 1938
1736 1690 1951 1834
1188 1690 1612 1919
1605 1684 1906 1938
763 1677 953 1938
1325 1645 1782 2023
71 1645 411 1893
137 1521 483 1697
1684 1475 2212 1782
1449 1449 1788 1710
1168 1449 1494 1749
796 1449 953 1677
411 1449 809 1808
2141 1442 2448 1664
868 1442 1122 1697
1716 1436 2167 1671
2271 1423 2448 1579
1997 1396 2448 2010
404 1286 594 1468
443 1266 718 1449
2226 1253 2448 1449
1312 1253 1586 1423
1951 1246 2323 1475
1011 1240 1286 1423
0 1240 626 1690
359 1201 535 1331
868 1135 1912 1886
1808 1129 2056 1442
456 1103 633 1233
1925 1083 2219 1227
1605 1083 1749 1233
1357 1083 1690 1233
1912 1077 2245 1233
2049 1070 2448 1286
0 1051 313 1272
1521 1018 2017 1442
652 1011 1246 1468
248 959 580 1161
1932 933 2310 1168
829 907 1057 1103
443 907 633 1044
0 907 235 1057
2173 855 2448 1090
1521 848 1984 1096
783 848 926 1044
189 829 417 979
1880 802 2141 1031
1005 789 1416 1168
1834 770 2186 1005
913 763 1129 900
913 724 1305 940
345 724 665 933
920 652 1214 829
502 626 796 763
541 613 842 763
2095 600 2448 940
1599 567 2173 815
1991 554 2265 842
1188 548 1808 1148
0 489 1344 1240
1090 483 1501 724
718 430 1175 744
411 411 705 613
1286 404 1494 535
1051 385 1292 535
1560 365 1756 496
1958 235 2337 522
0 208 620 711
0 195 195 378
300 189 463 352
580 182 796 470
1742 176 1912 352
574 169 789 391
1390 156 1664 306
2239 150 2415 332
456 150 594 280
1925 143 2448 705
1109 137 1788 548
2186 110 2317 254
691 91 1188 365
182 91 639 476
0 91 248 228
1664 71 1853 267
1175 65 1396 235
992 39 1201 169
842 26 1018 221
1925 0 2297 182
1742 0 2167 241
1658 0 1964 137
1148 0 1312 137
953 0 1233 137
332 0 1220 326
202 0 365 163
0 0 176 150
0 156 1664 1057
0 385 1292 1057
0 0 2448 2337
0 1912 2448 3263
404 1286 737 1481
0 1938 2448 3263
0 0 2317 998
0 424 1175 1057
1286 404 1534 554
0 1958 2448 3263
0 143 2448 2337
150 274 463 437
0 483 1912 2056
580 182 959 470
1168 143 2448 2337
1912 1037 2245 1233
1168 143 2448 2265
0 430 1175 1057
0 613 842 1057
783 724 1305 1044
0 489 1344 1507
443 1181 718 1449
1272 2186 1560 2356
855 2415 1044 2748
496 2206 691 2337
1109 0 2317 587
1481 0 2317 587
0 724 665 1057
770 424 1168 626
267 2376 672 2539
332 398 868 613
0 1135 1912 2056
0 1958 1697 3263
378 2970 744 3263
0 489 1344 1410
1481 0 2297 587
652 483 1808 1938
1122 1971 2448 3263
378 2970 607 3263
378 3061 607 3263
1175 0 1703 235
652 483 1808 1468
1109 0 2167 548
1312 1253 1592 1423
652 548 1808 1468
1122 2787 1527 3263
1383 1971 2448 3263
1645 1971 2180 2232
1357 2787 1527 3263
789 2696 1246 2963
1168 1129 2448 2265
1958 1703 2226 1867
789 2800 979 2963
1122 2891 1403 3263
1155 2963 1403 3263
0 0 1312 476
718 1449 959 1938
718 1449 953 1938
189 724 665 979
1521 143 2448 1671
1664 0 2167 267
920 483 1501 829
411 398 868 613
829 907 1064 1103
137 2918 352 3185
1383 2598 1795 2859
483 1958 1697 3263
0 1991 815 3263
1729 770 2186 1005
0 1201 1175 2056
221 1742 1175 2056
221 1899 1142 2056
221 1899 992 2056
0 1201 809 2056
920 1742 1175 1971
796 1449 953 1697
0 1240 809 2056
91 2147 815 2793
0 2833 378 3263
1521 802 2448 1671
235 0 1312 326
443 78 594 280
0 91 639 476
0 91 248 378
868 1135 1912 2023
607 2108 1488 3263
607 2108 1488 2950
1142 1645 1782 2023
1423 1971 2448 3263
1494 1971 2448 2911
1423 2741 2448 3263
0 3042 378 3263
254 1201 535 1364
718 2800 1390 3263
783 2800 1390 3263
1599 143 2448 940
0 2833 176 3224
91 2147 554 2395
953 2800 1390 3146
0 1991 757 3263
1690 1977 2448 2911
1168 1396 2448 2265
1168 1396 2448 2010
900 2500 1246 2728
2167 2317 2448 2885
1005 548 1808 1233
1690 1977 2356 2911
0 1991 724 2976
1599 235 2448 940
483 1958 1697 2702
1037 1958 1697 2702
1168 1449 1951 1938
1599 483 2448 940
1599 554 2448 940
235 0 1233 326
332 0 1233 326
483 1958 1259 2323
1423 2741 2441 3263
1703 1821 2448 2265
2017 2741 2441 3263
1690 2082 2356 2911
783 2898 1266 3263
1684 1396 2448 2010
58 2487 724 2976
607 2108 1253 2885
1880 802 2448 1664
1880 802 2448 1168
1932 855 2448 1168
352 2487 724 2735
1951 1070 2448 1664
1423 2780 2049 3263
1690 2082 2356 2741
1423 2793 2049 3263
783 3009 1266 3263
1494 1971 2049 2676
1037 2147 1697 2702
887 1958 1259 2323
1521 848 2167 1671
1286 2337 1697 2702
1005 548 1808 1168
0 1991 548 2807
0 1449 809 2056
1599 554 2265 842
1521 1018 2167 1671
1168 1449 1906 1938
1168 1449 1788 1919
0 2376 437 2807
744 143 2448 2650
0 0 2448 1507
0 19 2330 1507
0 0 2448 1272
0 1181 2448 3263
0 0 1677 770
894 659 1214 946
1664 0 2448 313
1233 2408 1521 2676
0 143 1716 1272
0 143 1716 1240
182 822 789 1194
2095 0 2448 313
2095 104 2395 313
0 1181 1122 1984
0 1181 1122 1977
0 1207 1122 1977
97 143 1697 985
411 1181 731 1462
0 1475 2448 3263
0 1899 1697 3263
195 1475 2448 3263
0 0 1677 711
809 1912 1658 2330
887 1912 1658 2330
887 1912 1645 2330
1240 1958 1645 2330
2095 104 2323 313
900 731 1148 920
1416 1475 2448 3126
1710 2428 1912 2683
0 2226 809 3211
1416 2082 2389 3126
0 2996 195 3263
0 1899 1697 3048
887 1912 1259 2317
0 2226 809 2891
0 2226 809 2813
195 2304 2448 3263
215 2304 2448 3263
711 2304 2448 3263
789 2304 2448 3263
45 2226 809 2800
319 2226 809 2676
319 2226 802 2676
319 2363 802 2676
509 143 1697 763
1775 2304 2448 3263
2167 2304 2448 3042
1697 1475 2448 2271
789 2787 1932 3263
0 0 620 711
1423 2787 1932 3263
1697 1684 2448 2271
45 2996 195 3192
32 2931 607 3263
1775 2911 2448 3263
711 2859 874 3263
195 2852 332 3048
215 2833 757 3263
0 2833 156 3211
1423 2793 1932 3263
789 2793 1462 3263
1560 2787 1801 2989
1410 2761 1775 3022
2245 2611 2448 3042
1272 2415 1521 2676
0 2389 241 2813
45 2382 770 2800
319 2376 515 2539
443 2363 802 2676
861 2350 1246 2728
45 2337 326 2487
848 2330 1005 2754
1684 2317 2173 2663
2167 2304 2448 2663
398 2226 691 2408
78 2128 1697 3048
2108 2102 2337 2284
809 2017 1135 2323
1716 1977 1847 2134
1429 1958 1658 2278
1246 1958 1645 2330
1240 1958 1383 2147
900 1951 1259 2317
887 1912 1181 2088
0 1899 842 2434
1697 1801 2448 2271
1181 1690 1377 1932
0 1690 430 2017
1977 1684 2363 1938
1729 1475 2193 1782
724 1423 1122 1723
1018 1240 1286 1416
0 1207 809 1977
339 1201 522 1331
0 1129 182 1272
182 913 639 1194
587 822 789 972
900 757 1148 920
97 724 665 985
835 515 1325 802
509 391 1227 763
972 378 1325 561
1899 359 2147 496
0 202 1716 1240
345 176 1024 515
300 150 470 365
1227 143 1697 398
1645 91 1801 221
587 91 789 385
2147 0 2297 163
1664 0 2167 300
1684 0 1971 143
1116 0 1677 235
326 0 1220 345
97 0 509 228
1645 0 1971 221
0 0 2448 2650
0 0 2389 1507
0 822 789 1272
2297 0 2448 293
0 2761 2448 3263
0 1181 2448 3126
0 1181 1697 3048
0 1201 1697 3048
0 0 2330 1507
0 0 1951 1240
1664 0 2389 313
1664 0 2297 300
2095 0 2389 313
0 2787 2448 3263
2108 2102 2448 2330
45 2226 691 2539
0 1201 1122 2813
319 2226 691 2539
78 1912 1697 3048
345 91 1024 515
0 1207 1122 2813
0 2833 874 3263
300 0 1677 365
1416 2082 2448 3126
789 2787 2448 3263
0 1207 1122 2017
0 1899 842 2813
0 2833 757 3263
326 0 1677 345
0 1207 809 2017
0 2382 770 2813
789 2793 2448 3263
32 2833 757 3263
789 2793 1932 3263
574 176 796 411
770 561 1325 900
770 561 1325 881
378 613 737 861
398 652 737 861
1064 561 1325 815
0 2056 163 2402
71 783 776 1488
71 946 724 1488
345 0 639 176
404 0 639 176
718 91 861 241
1442 0 2448 554
1782 0 2448 352
1912 0 2448 352
71 1103 724 1488
411 1259 724 1468
0 0 2049 2056
71 1103 678 1488
71 1103 548 1488
0 150 2448 3263
2297 0 2448 352
855 0 1984 541
417 2363 1083 3263
2147 221 2448 548
1181 2448 1742 3263
1181 2513 1742 3263
1233 2513 1742 3263
1240 2513 1742 3133
1240 2513 1742 2989
1233 2970 1547 3263
1370 3068 1547 3263
470 783 776 979
71 1103 443 1449
1442 13 2297 554
926 2141 1220 2323
215 1899 750 2343
319 1899 750 2343
1325 1991 1566 2167
1325 1991 1540 2167
2023 2637 2245 2865
2271 1423 2448 1566
0 2872 326 3263
2108 561 2448 789
2167 561 2448 789
1011 2141 1220 2323
613 672 946 1037
1064 1135 1964 2043
1357 1135 1964 1553
2219 600 2448 789
887 926 1442 1331
887 926 1325 1331
887 926 1292 1331
855 0 1756 541
855 104 1560 541
0 613 959 2056
0 1240 574 2056
0 2239 398 2604
91 2239 398 2402
2160 959 2448 1377
2160 959 2448 1266
1449 1475 1886 1723
1370 2186 1645 2382
0 1410 574 2056
1736 1684 1958 1840
443 2376 724 2637
443 2376 646 2624
1455 1135 1964 1429
1455 1135 1964 1416
1475 1135 1964 1416
0 1521 463 2056
0 0 2049 1057
0 208 528 718
0 208 522 718
0 613 959 1279
522 2004 750 2343
522 2004 750 2323
528 2115 711 2323
1847 698 2102 913
0 2996 326 3263
0 3074 326 3263
1064 1272 1677 2043
1064 1272 1599 2043
1064 1272 1579 2043
0 652 900 1279
0 652 900 1148
2226 221 2448 548
1749 2317 2082 2656
724 97 2049 1044
724 97 1821 724
724 143 1775 724
724 150 1684 724
1749 2421 2082 2656
1749 2448 2082 2656
1788 1971 2160 2193
1788 1971 1971 2193
855 208 1468 541
0 208 339 718
0 267 339 718
1631 13 2297 352
0 2376 313 2604
0 0 1618 1057
0 0 1618 567
1834 1390 2369 1703
1834 1390 2278 1703
1834 1390 2245 1671
1834 1436 2173 1671
417 2506 1083 3263
417 2506 1083 3166
1286 1455 1436 1625
1847 1436 2173 1671
1057 280 2049 1044
1064 1272 1416 2043
1064 1272 1416 1847
0 1410 574 1638
0 385 1018 1057
150 385 1018 913
150 385 835 913
150 548 587 913
0 0 1618 522
1847 698 2036 913
2160 959 2389 1259
2160 959 2350 1161
1064 1423 1272 1847
1605 496 1893 678
0 868 1481 3263
600 2036 1481 3263
600 2036 1481 2513
600 2036 1449 2448
600 2128 1416 2448
724 300 1423 724
0 868 1233 3263
248 868 1194 2036
248 868 1181 2036
0 1410 1233 3263
248 868 1181 1938
248 881 953 1938
248 881 796 1318
1188 280 2049 1044
1188 404 1827 1044
783 2343 1403 3263
600 0 1618 319
711 150 2448 3263
1423 2363 2448 3263
1423 2428 2448 3263
1684 2428 2448 2833
1834 2545 2448 2833
672 868 1181 1142
1188 437 1827 1044
1710 280 2049 678
809 868 1181 1070
626 1181 953 1938
705 1377 953 1938
1155 2036 1449 2226
1475 1135 1919 1416
1475 1194 1919 1416
0 0 744 522
0 0 600 522
0 0 483 522
352 1631 796 1893
940 1442 1129 1697
750 0 1618 319
711 150 2448 2669
1161 1077 2448 2669
1161 1220 2448 2669
1684 1220 2278 1442
711 150 2448 1664
1423 2643 2448 3263
0 0 470 365
65 65 470 365
235 65 470 365
1161 1246 2448 2669
1161 1442 1370 1749
1188 1246 2448 2669
1188 1351 2448 2669
1853 2330 2173 2624
2147 2545 2448 2800
855 1710 1233 2186
855 1710 1175 1951
855 1710 1155 1886
1024 300 1423 678
1645 848 1938 1070
750 0 1436 319
2036 913 2448 1070
417 2506 1083 2885
0 1521 463 1893
1801 13 2297 300
300 143 470 365
750 0 1312 319
705 1377 953 1795
0 1410 1148 3263
19 1410 1148 2330
19 1977 463 2330
58 1410 1148 2323
0 2193 809 3263
261 2193 809 2611
1188 437 1762 1044
1188 437 1716 835
1429 2330 1671 2669
1736 372 2049 678
0 2376 757 3263
0 2376 757 3231
1873 1220 2278 1442
0 2376 757 3224
0 2376 750 3224
1423 2643 2115 3263
1690 2643 2115 3263
1690 2643 2115 2937
750 0 1220 319
1971 2748 2448 3263
835 2343 1403 3263
535 2356 809 2611
1188 1351 2448 2493
1188 1351 2448 2304
1188 1566 2448 2304
1697 1651 2448 2095
1697 1658 2448 2095
1697 1697 2448 2095
2141 1351 2448 1671
1919 2389 2173 2624
1188 1566 2108 2304
2095 1945 2448 2271
2095 1971 2448 2271
1697 1814 2278 2095
1847 1494 2173 1671
1899 150 2448 633
1423 2780 1951 3263
639 2506 1083 2885
1971 2813 2448 3263
1521 2004 2323 2493
1521 2004 1945 2493
1188 1566 1919 2252
1651 1977 1860 2212
711 554 2448 1664
1188 554 2448 1312
58 1410 1135 2323
235 1410 1135 2323
0 2376 483 2944
835 2343 1331 3263
424 1410 1135 2323
1429 2415 1671 2669
620 2356 809 2611
835 2343 1272 3263
848 2343 1272 3263
848 2343 1272 3166
855 2343 1253 2878
1240 1566 1919 2252
855 2343 1253 2741
1331 554 2448 1240
848 2813 1272 3166
855 2343 1253 2735
855 2343 1155 2735
855 2500 1135 2735
1547 554 2448 1240
1592 554 2448 1233
1592 554 2448 1201
1592 561 2448 1201
1742 659 2448 1201
1742 776 2395 1201
1742 776 2199 1201
1742 920 2199 1201
711 1103 1246 1664
724 398 1292 724
541 1410 770 1723
959 2813 1272 3035
1018 2813 1272 3028
0 2376 483 2813
1240 1677 1919 2252
881 0 1220 319
424 1710 1135 2323
424 1827 1135 2323
541 1827 1135 2323
2056 2813 2448 3263
2056 2852 2448 3263
1318 1677 1919 2252
1318 1677 1775 2252
1318 1677 1775 2134
1423 2780 1925 3263
1423 2780 1834 3263
1423 2780 1834 3218
639 1971 1135 2323
639 1971 1037 2323
705 1971 1037 2193
202 2852 750 3224
2095 1971 2382 2173
1899 150 2330 509
1684 2030 2108 2304
0 2493 241 2813
711 1103 1083 1664
711 1103 1031 1449
2252 2813 2448 3094
58 1716 430 2017
1331 724 1762 1044
1899 195 2330 509
202 2852 750 3198
1534 2780 1834 3218
718 3120 848 3263
1259 3107 1403 3263
881 3107 1116 3263
835 3100 979 3263
1775 3081 1951 3263
1429 3081 1625 3263
0 3074 235 3263
156 3061 378 3224
398 3055 574 3224
1684 3048 1880 3263
306 3048 489 3231
2284 3035 2448 3263
2088 3022 2317 3263
0 2996 254 3237
1161 2983 1331 3218
1031 2983 1253 3153
1971 2976 2173 3244
1612 2976 1834 3218
2088 2970 2219 3107
1233 2970 1396 3166
476 2944 750 3198
979 2937 1168 3107
1775 2931 1925 3094
1893 2911 2049 3263
848 2878 1044 3166
1018 2859 1233 3028
2056 2852 2389 3100
202 2852 502 3113
1423 2846 1664 3133
391 2839 620 2989
1769 2833 1938 3002
1246 2833 1377 3048
0 2833 169 3081
561 2826 757 3009
2252 2813 2448 2957
1051 2813 1272 2983
783 2807 913 2950
1938 2787 2115 2937
1534 2780 1795 3055
2167 2748 2376 2885
2115 2735 2245 2865
953 2728 1253 2878
1181 2683 1331 2911
1690 2643 1951 2911
2023 2637 2193 2859
52 2637 228 2813
2284 2611 2448 2754
0 2611 470 2944
1834 2598 2193 2833
411 2598 763 2787
352 2591 548 2735
855 2585 992 2735
2147 2545 2408 2800
1416 2545 1710 2741
1449 2532 1599 2669
1090 2526 1253 2741
1240 2513 1573 2989
639 2506 985 2885
907 2500 1135 2728
0 2493 241 2735
2017 2467 2173 2624
1299 2461 1514 2676
1749 2448 2082 2650
365 2448 528 2656
443 2441 646 2624
1044 2434 1188 2604
1684 2428 1834 2722
626 2421 802 2611
1429 2415 1671 2604
848 2415 1005 2624
2088 2408 2271 2585
