0 0 2448 3263
0 1396 345 1605
84 430 2448 3263
45 1181 463 1547
1527 332 2448 587
1697 332 2448 554
0 1240 1272 3263
0 0 2448 1573
0 1579 1272 3263
0 1586 450 3263
58 1579 1272 3263
0 2545 156 3263
0 2572 156 3263
0 2572 143 3263
0 0 2448 1455
97 633 2160 1423
0 1142 339 1455
0 0 2448 1259
58 1579 483 3263
58 1579 267 2102
0 1142 267 1455
398 2767 1272 3263
1299 450 2317 842
208 2036 483 3263
1083 633 2160 822
97 685 1377 1423
97 946 848 1423
1977 0 2448 535
208 2036 483 3218
208 2036 417 3022
0 0 2049 1259
1521 97 1925 404
1788 169 1925 372
0 698 430 1259
1977 0 2304 502
2134 0 2448 535
1299 450 1625 633
1521 97 1808 404
293 1051 855 1423
293 1122 737 1423
0 0 2049 1194
1044 0 2049 339
0 0 1795 1194
796 685 1377 1090
208 2036 398 3022
1233 0 2049 339
1233 0 2049 261
1233 0 1932 261
0 0 1710 1194
208 2036 372 2761
1977 0 2271 502
2141 0 2448 502
1579 97 1808 378
646 626 1259 1011
1233 0 1716 261
1671 97 1808 372
639 78 815 261
0 0 1710 1129
0 0 1710 979
0 0 1710 933
0 0 1710 920
744 718 959 894
0 0 1710 783
1919 1605 2448 1899
0 0 1175 783
698 0 1710 678
176 868 535 1129
731 306 1710 678
698 0 1416 561
920 221 1161 489
450 672 861 920
698 0 1175 561
176 907 535 1129
0 522 509 933
0 0 463 489
345 0 1175 783
698 0 1175 496
1338 2970 1481 3133
13 2748 143 3263
1357 2604 2193 3263
208 2441 352 2761
235 2036 372 2500
1919 1605 2284 1814
65 1396 345 1579
58 1383 306 1573
1416 1370 1742 1625
45 1357 215 1547
293 1259 554 1423
71 1240 580 1677
97 1233 483 1423
19 1188 267 1429
84 1181 463 1396
0 1142 208 1455
528 1122 737 1299
404 1031 626 1188
176 966 430 1129
385 946 848 1299
685 920 1070 1188
332 907 535 1051
176 907 372 1037
594 874 737 1057
802 868 1083 1044
0 861 430 1259
646 829 979 1011
378 763 724 1096
535 711 861 920
0 698 169 979
143 691 332 979
861 685 1377 1064
450 672 626 822
1083 633 1912 822
881 626 1259 900
0 620 228 842
574 607 718 750
1938 567 2317 750
1312 535 2317 842
913 535 1175 757
189 522 509 933
1305 456 1507 626
1697 417 2363 554
1064 417 1318 678
1527 365 1906 587
933 345 1161 489
2271 332 2448 535
1958 319 2102 489
731 306 1710 652
1599 280 1795 483
1129 274 1416 450
2141 267 2389 502
711 261 920 561
1814 254 1997 450
1521 221 1690 404
920 221 1109 378
783 189 1031 496
1396 182 1560 345
0 169 678 665
1579 137 1710 378
639 117 815 261
84 117 280 339
1847 71 2017 208
985 58 1188 221
1096 45 1455 352
1455 13 1716 261
2219 0 2448 456
2049 0 2271 502
1977 0 2147 456
1886 0 2049 150
1553 0 1932 156
1233 0 1579 215
1044 0 1266 130
698 0 1175 352
345 0 959 783
58 0 463 352
0 0 208 489
0 1396 483 3263
0 1410 483 3263
0 0 2448 1677
45 920 1070 1677
0 1579 483 3263
58 920 1070 1677
1579 0 2448 554
58 998 926 1677
0 0 2317 1455
58 998 926 1573
0 0 2017 1455
58 1579 372 2500
1579 0 2448 535
97 254 2317 1423
97 868 1083 1423
861 254 2317 1064
1579 0 2448 502
359 1031 626 1194
0 1122 339 1455
293 998 926 1423
1579 97 2023 483
1579 97 1925 483
208 2317 483 3263
208 2441 483 3263
1579 97 1808 483
1579 97 1769 378
861 626 1912 1064
861 633 1912 1064
1312 254 2317 842
1527 254 1997 587
0 0 2017 1259
698 0 2017 757
1370 182 1690 417
0 0 979 1259
528 1051 855 1299
1977 0 2448 502
208 2441 398 3022
0 1122 293 1455
698 0 1716 757
594 718 979 1057
2049 0 2448 502
646 718 979 1011
1396 182 1690 404
933 274 1416 489
0 0 959 1259
0 0 959 1096
1553 0 2017 208
0 620 535 1259
0 691 535 1259
0 861 535 1259
698 0 1710 757
0 691 332 979
698 0 1710 652
913 417 1318 757
189 522 861 1096
378 711 861 1096
0 0 959 783
84 424 2448 3263
0 1566 450 3263
0 2552 202 3263
0 2552 143 3263
0 0 2448 1886
65 672 1906 1886
0 0 2448 1625
0 0 2448 1436
1599 0 2448 502
189 1860 554 3263
0 450 1383 1625
1527 319 2448 580
1527 319 2428 580
0 0 2036 1436
332 2323 554 3263
332 2722 554 3263
1096 0 2036 372
0 0 1416 1436
0 822 430 1436
0 0 1416 1096
1240 0 2036 300
1553 0 2036 202
1599 97 1834 385
1788 0 2448 502
1919 0 2448 502
287 0 1416 1096
0 580 535 1070
0 0 796 385
646 0 1416 580
711 0 1416 580
711 0 1416 456
0 0 731 385
1396 3100 1618 3263
1070 2891 1220 3022
378 2754 554 3263
189 1860 372 2637
2030 1677 2448 1899
1305 1579 1645 1716
0 1383 300 1625
1416 1370 1736 1534
91 1253 300 1396
0 1135 208 1318
0 1109 339 1436
339 1083 476 1233
97 1051 691 1416
411 1037 554 1188
463 992 802 1168
0 822 430 1279
65 718 1390 1886
607 711 1116 1031
1370 672 1906 822
2010 580 2337 802
0 580 535 1057
1253 528 2323 842
32 450 1383 1488
1703 411 1886 541
1494 404 1638 554
1886 391 2428 548
287 332 1266 1096
1527 319 2056 580
1129 274 1416 456
1834 267 1991 450
646 254 855 443
1814 248 1997 450
1788 228 1925 372
783 189 1410 580
0 169 809 678
71 150 280 339
1351 137 1801 613
1599 137 1729 385
665 117 829 293
1703 97 1834 365
1096 45 1494 372
2036 0 2448 502
1919 0 2147 483
1886 0 2036 150
1553 0 2017 202
1240 0 1716 300
1233 0 1390 130
979 0 1266 221
711 0 1175 398
0 1377 554 3263
0 0 2448 1488
0 1383 554 3263
0 1383 450 3263
1703 391 2428 548
339 992 802 1233
1494 0 2448 580
1527 0 2448 580
1834 0 2448 502
1886 0 2448 502
0 0 2323 1436
0 169 1266 1436
0 0 2323 842
339 1037 554 1233
0 0 2017 613
607 620 1175 1031
0 0 1801 613
1553 0 2017 274
1129 137 1801 613
0 580 535 1436
0 0 1716 580
0 169 1266 1096
0 0 1716 398
0 169 855 678
979 0 1716 372
979 0 1494 372
0 0 1175 398
0 626 1521 1840
0 1070 639 1840
0 1429 137 1840
1873 2931 2049 3159
1142 1462 1729 1964
1527 345 2448 1005
32 626 1521 1605
1703 345 2448 1005
1808 0 2448 535
189 744 1521 1605
509 744 1521 1449
0 1716 646 3263
1964 0 2448 535
326 2278 646 3263
1507 522 2323 1044
0 1716 483 3263
0 1762 483 3263
326 2330 646 3263
561 744 1521 1383
32 626 1383 1599
0 0 2049 1383
71 763 2448 3263
0 1716 287 2474
2193 1769 2363 1997
287 848 2448 3263
0 1716 221 2271
0 1716 221 2180
1912 1442 2232 1742
71 1762 352 2389
71 763 2173 2500
78 1645 750 2500
78 1645 430 2167
2095 0 2448 535
2115 0 2448 535
1227 0 2049 378
1227 0 1840 378
0 0 1808 1383
71 763 2173 1729
189 1259 600 1605
0 2095 221 2271
1507 522 2323 848
182 626 1383 1429
182 1070 665 1429
1671 0 2049 359
2180 1201 2421 1344
574 626 1383 1233
626 626 1383 1103
1083 1860 1481 2186
1703 411 2369 685
71 1481 417 1729
293 2030 750 2500
287 1729 796 2049
345 1729 796 1977
456 1729 796 1977
339 848 2448 3263
1396 1938 1684 2310
71 1481 235 1729
1710 2885 2004 3081
1945 2376 2363 2787
1945 2513 2304 2787
1945 2513 2252 2787
1357 887 1716 1044
750 1553 940 1808
1338 1462 1729 1808
1677 1958 2154 2343
1677 1958 2128 2343
1795 1958 2128 2337
1795 1958 2075 2271
332 2141 750 2500
1912 1501 2226 1742
0 2317 483 3263
300 763 2173 1716
1312 763 2173 1566
1312 763 2128 1566
1312 763 2128 1390
1312 763 2128 1220
1410 763 2128 1220
1488 763 2128 1220
1801 2989 2448 3263
1984 2989 2448 3263
2115 2989 2448 3263
1488 900 1997 1220
861 3015 1488 3263
0 2317 437 3263
1396 2030 1547 2310
594 2337 1129 2859
594 2337 1129 2643
1886 594 2323 848
1083 1919 1377 2134
1984 3042 2258 3263
979 2918 1201 3087
1507 522 2108 796
1423 182 1808 463
1423 189 1677 385
0 2376 437 3263
0 2376 287 2754
2115 124 2376 535
0 0 1638 1383
1671 0 2049 202
2154 345 2448 1005
0 0 1560 1383
1671 848 2448 2350
1671 848 2448 2075
1795 848 2448 1710
0 280 332 626
300 1103 1697 1716
685 1103 1697 1645
1227 0 1592 280
900 1103 1697 1481
900 1103 1540 1455
900 1155 1540 1455
900 1155 1540 1429
2291 2010 2448 2350
2075 848 2448 1710
2075 848 2448 1586
2075 848 2448 1488
2075 1057 2448 1488
0 345 332 626
1795 1351 2115 1534
1997 2591 2252 2787
561 907 1175 1383
339 1272 2448 3263
887 1272 1573 1912
887 1272 1573 1853
339 1749 2448 3263
1383 1749 1951 2043
1383 1775 1697 2043
594 2337 979 2545
594 2337 848 2545
339 2539 646 3263
1416 1462 1729 1782
594 345 763 672
339 1782 2448 3263
1462 2748 1919 3166
1534 2748 1919 3166
1534 2748 1893 3166
1534 2748 1893 3146
1403 1096 1951 1390
483 2441 1037 3081
489 2441 776 2820
1135 3015 1488 3263
705 0 1488 489
848 32 1488 489
992 32 1488 483
483 2793 1037 3081
489 2441 691 2709
705 0 1259 293
1912 2996 2186 3237
411 920 711 1188
705 0 1259 189
1240 2134 1631 2598
1240 2258 1507 2598
0 0 1560 1194
1671 1507 2448 2075
1305 2421 1853 2898
1423 2421 1853 2774
483 2793 992 3035
0 0 365 169
150 1971 352 2389
900 1155 1423 1429
0 998 417 1383
887 1344 1573 1853
900 1344 1573 1690
1847 1651 2448 2075
770 2558 1070 2715
417 920 711 1188
117 169 705 757
261 169 705 757
267 169 705 757
1788 2134 2448 3081
339 1782 2317 3263
953 2382 1246 2859
1788 2134 2448 3028
1788 2141 2304 2624
339 1906 959 2350
339 1919 861 2350
339 1932 855 2350
339 1951 855 2350
548 2010 855 2350
691 2056 855 2350
1403 1103 1795 1390
0 0 1449 1194
0 352 1449 1194
718 352 1449 678
900 372 1449 678
933 372 1449 678
0 437 1051 1194
1847 1651 2448 2043
1840 2134 2448 3028
1840 2278 2448 3028
1840 2506 2448 3028
489 1782 2317 3263
698 1782 1083 2095
698 1782 1057 1925
900 1344 1573 1618
19 0 920 417
71 0 920 417
195 0 920 417
496 2448 776 2820
0 594 1051 1194
0 594 966 1194
0 594 646 1194
1560 2748 1893 3061
280 0 920 417
443 0 920 417
443 0 920 378
541 71 920 378
2004 1651 2448 2043
528 1756 796 1977
489 1801 2317 3263
489 2911 900 3211
0 594 483 1194
150 639 483 1194
150 672 450 1194
235 711 450 1194
750 1801 2317 3263
1416 2957 1984 3263
1423 3081 1984 3263
1560 3087 1984 3263
541 71 920 326
2108 2800 2448 3081
1840 2715 2193 3028
1906 2748 2193 3028
900 1344 1475 1618
1064 372 1449 678
1083 1344 1475 1618
750 1801 1181 2415
770 1801 1181 2304
2121 2506 2448 2833
1945 2774 2193 3028
757 1867 2317 3263
1664 1867 2317 2245
757 2075 1899 3263
757 2833 1521 3263
757 3042 1207 3263
835 2075 1899 2989
848 2075 1899 2748
1396 2095 1899 2696
1442 2095 1899 2604
1442 2265 1899 2604
1514 2265 1899 2604
835 2643 1416 2989
835 2696 1416 2989
933 2754 1416 2989
933 2754 1246 2989
45 2500 437 3263
848 2075 1462 2748
848 2075 1462 2585
848 2102 1462 2585
1090 2102 1462 2585
1697 1867 2317 2226
1697 1867 2128 2141
489 2911 894 3211
1442 2350 1716 2604
339 2539 561 2918
992 32 1488 404
45 2500 372 3028
1736 3133 1984 3263
1560 3087 1769 3263
280 3087 483 3263
1423 3081 1612 3263
1912 3074 2069 3237
1135 3074 1488 3263
1011 3074 1207 3205
757 3042 1044 3263
1703 3028 1886 3166
1168 3015 1370 3211
2036 2996 2186 3185
2115 2989 2448 3250
1534 2976 1749 3146
1416 2957 1638 3120
489 2957 757 3211
1912 2931 2049 3087
979 2918 1168 3087
711 2911 894 3068
1710 2904 1906 3081
1566 2891 1742 3061
417 2885 646 3263
1945 2865 2154 3028
110 2839 254 3185
1142 2833 1521 3159
2108 2826 2395 3035
848 2820 992 2996
2291 2800 2448 3081
483 2793 881 3035
1795 2787 1938 2918
2036 2774 2193 2931
1207 2767 1416 2944
946 2767 1246 2989
933 2754 1135 2904
1906 2748 2088 2891
1560 2748 1893 2944
1462 2748 1638 2911
385 2748 561 2918
2121 2735 2448 2944
143 2728 437 3263
1305 2722 1521 2898
130 2722 372 3028
835 2696 998 2865
1521 2683 1847 2833
2121 2663 2363 2833
1423 2643 1586 2774
1168 2643 1351 2800
1031 2611 1207 2859
1997 2591 2134 2787
463 2578 613 2761
541 2565 685 2709
639 2552 881 2859
496 2552 776 2820
26 2552 202 2754
1840 2545 1997 2728
339 2539 515 2813
1168 2519 1429 2748
1945 2513 2082 2728
855 2513 1129 2643
2212 2506 2448 2761
45 2500 359 2885
110 2454 345 2669
594 2448 757 2604
489 2441 691 2591
1553 2421 1853 2728
1475 2395 1716 2604
953 2382 1246 2656
2134 2376 2363 2539
705 2376 848 2545
0 2376 287 2689
1756 2369 1899 2604
1442 2350 1645 2513
1279 2337 1507 2598
594 2337 796 2474
437 2337 613 2500
326 2330 456 2630
71 2317 365 2558
1788 2297 2062 2461
1090 2297 1338 2585
2206 2278 2448 2526
385 2278 548 2461
1514 2265 1827 2441
1240 2258 1462 2448
750 2252 959 2415
848 2245 1168 2415
0 2212 287 2474
1808 2199 2036 2337
711 2199 855 2350
933 2167 1122 2323
2304 2141 2448 2350
1834 2141 2304 2624
332 2141 750 2415
2173 2134 2369 2363
1436 2134 1631 2369
1396 2134 1534 2310
1135 2102 1462 2350
1586 2095 1729 2297
1664 2082 1821 2245
1051 2075 1318 2284
1795 2062 2075 2271
770 2062 1024 2304
293 2030 541 2271
2291 2010 2448 2193
548 2010 757 2239
1083 2004 1227 2134
2062 1977 2317 2226
150 1971 313 2271
339 1951 646 2128
1501 1938 1684 2160
613 1932 796 2108
1161 1919 1377 2134
861 1899 1083 2095
287 1899 463 2049
1540 1886 1762 2102
0 1873 221 2180
1938 1867 2128 2141
1697 1867 1958 2121
1272 1860 1481 2186
528 1847 770 1977
2232 1840 2448 2075
1383 1834 1534 2043
202 1827 378 2167
979 1801 1181 2199
822 1788 1057 1919
698 1782 855 1925
1481 1775 1697 1984
71 1762 208 2036
1664 1749 1951 1984
2004 1729 2265 2043
456 1729 639 1971
1847 1671 2128 1899
1318 1658 1488 1853
2128 1651 2448 1840
1044 1651 1214 1912
887 1645 1181 1853
78 1645 430 1951
1338 1625 1605 1808
750 1618 940 1808
1142 1586 1396 1964
1416 1579 1729 1782
372 1579 776 1867
2075 1573 2226 1742
0 1573 137 1840
2160 1534 2448 1710
1671 1507 2004 1775
1279 1507 1514 1658
998 1507 1181 1690
1912 1501 2141 1710
182 1501 417 1664
71 1481 215 1664
1514 1462 1684 1618
2075 1442 2232 1631
900 1423 1116 1599
2173 1416 2448 1586
1083 1403 1312 1618
300 1403 744 1716
1403 1370 1573 1534
189 1364 489 1605
1795 1357 2049 1534
1951 1351 2115 1534
1168 1344 1475 1579
685 1338 1031 1645
32 1325 287 1599
2310 1318 2448 1449
1638 1266 1906 1566
2193 1259 2448 1455
509 1259 763 1449
352 1259 600 1488
1468 1233 1697 1481
1331 1220 1540 1390
182 1201 541 1429
1612 1194 1795 1390
900 1181 1233 1429
0 1168 228 1383
2075 1161 2297 1488
789 1161 1031 1416
1077 1155 1423 1344
0 1122 248 1338
1886 1109 2069 1279
1403 1103 1645 1272
1749 1096 1951 1325
561 1090 979 1383
398 1070 665 1279
0 1070 639 1468
2258 1057 2448 1259
1886 1044 2310 1377
985 1044 1188 1175
411 1037 541 1181
574 1024 881 1233
32 998 417 1299
2043 985 2173 1207
1736 985 2049 1181
0 972 156 1155
1312 959 1547 1201
274 959 450 1194
1488 953 1801 1220
1253 940 1383 1103
554 920 711 1057
417 920 652 1188
789 907 1175 1148
1736 900 1997 1037
626 855 861 1090
2102 848 2382 1103
776 848 953 1005
2043 822 2193 1044
0 822 248 1070
1410 776 1677 966
1631 763 2128 1064
1501 763 1795 926
385 750 646 979
1077 744 1521 1064
2154 724 2448 1005
515 718 966 972
235 711 430 972
1103 678 1383 907
150 672 332 979
2049 652 2323 848
802 633 1051 802
1507 626 2108 796
626 626 1175 1103
613 626 848 763
0 594 228 887
332 567 522 724
796 535 1175 731
1057 528 1631 815
2017 522 2369 685
1573 522 1991 731
1064 515 1318 678
182 483 345 685
613 456 763 672
261 456 437 646
398 450 705 757
933 443 1181 574
0 443 215 665
815 437 1005 620
705 437 887 705
0 424 182 626
1703 411 2154 574
900 398 1259 535
2023 372 2154 509
1527 372 1886 574
1129 372 1449 626
718 352 907 554
2232 345 2448 783
1416 345 1638 548
0 345 332 574
1096 339 1318 483
848 332 1161 489
2115 287 2369 535
1370 280 1560 509
0 280 130 417
594 274 855 417
1808 261 1997 450
117 254 319 398
1527 228 1677 385
1096 228 1449 404
1423 189 1566 359
953 189 1161 385
776 189 913 378
496 189 678 391
1599 182 1808 463
1964 176 2115 483
1103 169 1305 332
267 169 587 574
1788 156 2017 359
19 150 208 300
933 143 1064 293
2206 124 2376 385
0 110 163 365
195 97 463 345
541 91 829 326
763 71 920 208
992 32 1488 287
2304 0 2448 515
2252 0 2434 182
2095 0 2284 417
1671 0 2023 202
1501 0 1840 378
1344 0 1592 280
705 0 1024 189
443 0 737 130
280 0 587 143
221 0 365 143
0 0 248 169
0 0 2448 1338
0 744 2448 3263
0 1070 639 3263
32 744 2448 3263
1240 763 2448 3263
0 1429 483 3263
32 744 1729 3263
221 0 587 221
32 744 1729 2271
0 1429 352 2389
287 1553 1638 3263
1579 0 2023 359
300 744 1729 2186
1795 2787 2049 3087
1886 2885 2049 3087
2193 1716 2448 1997
1057 0 2448 1207
0 0 1638 1338
32 1201 600 2271
1227 0 2434 535
1227 0 1997 509
1312 763 2448 2624
1240 2082 2448 3263
783 1906 959 2121
489 274 855 489
489 345 750 489
1227 0 1840 509
1344 0 1840 509
32 1201 600 1664
1886 0 2434 535
1964 0 2434 535
2095 0 2434 535
352 626 1175 1279
1344 0 1840 463
1344 0 1677 385
1057 345 2448 1207
1057 515 1631 815
848 156 1305 489
848 156 1161 489
1840 2513 2082 2728
352 855 861 1188
1964 0 2154 483
32 1201 600 1605
182 1201 600 1605
1507 345 2448 1207
78 1501 541 2271
345 1847 522 2004
221 0 587 143
300 1103 1729 2186
1416 1938 1684 2160
1964 0 2115 483
561 744 1716 1383
1279 2082 2448 3263
855 156 1161 385
2115 0 2434 535
1044 1579 1214 1912
2036 2996 2258 3185
541 2376 1044 2787
541 2389 1044 2787
541 2434 979 2787
541 2448 894 2787
594 2448 894 2787
731 2506 894 2787
2115 2519 2304 2696
0 1716 437 3263
45 2317 437 3263
1579 0 2023 202
1507 345 2448 1070
1507 411 2369 1044
339 2278 1638 3263
0 456 1175 1338
189 456 554 822
261 456 522 724
287 1553 1462 2761
470 2049 633 2284
0 0 1638 763
0 0 1488 763
0 0 463 417
2154 345 2448 1070
705 0 1064 378
0 0 463 345
0 1716 287 2689
1501 0 1840 463
71 2317 365 2669
398 626 1175 1279
417 855 861 1188
0 0 261 169
1318 2578 1605 2774
600 1553 1037 1880
750 1553 1037 1808
189 639 554 822
691 2970 1037 3211
1540 1259 2448 2624
0 1573 352 2389
0 1873 287 2689
0 1873 287 2474
0 535 1175 1338
750 2970 1037 3120
1129 345 1638 626
1318 2630 1586 2774
1312 763 2448 1775
0 535 1175 1070
483 2513 1638 3263
483 2519 1638 3263
1168 2519 1429 2944
1279 1507 1625 1658
0 959 450 1338
1703 2976 2069 3263
1736 2976 2069 3263
1736 2976 2030 3263
1736 3042 2030 3263
483 2552 1638 3263
300 1103 1233 1971
339 2278 646 3263
339 2448 646 3263
0 0 848 763
613 456 848 763
287 1645 1462 2761
287 1847 861 2219
339 1847 861 2219
339 1847 861 2128
1312 763 2310 1775
1612 1096 1951 1390
705 0 1024 378
763 71 920 378
1507 411 2369 848
0 1573 313 2271
2206 0 2434 385
789 744 1521 1148
1396 2082 2154 2369
705 0 1488 705
705 352 907 705
1573 411 2369 848
1703 411 2369 848
1181 940 1383 1181
528 1847 861 2075
835 2604 1207 2859
332 1645 1462 2761
789 1103 1233 1455
789 1161 1233 1455
789 1161 1233 1429
