0 0 2265 4032
685 2128 927 2378
1645 3386 1927 3693
0 3249 193 3749
0 1507 2265 4032
0 0 2265 2661
1951 2572 2265 3024
2016 2725 2265 3024
2048 2814 2265 3024
677 1878 1056 2136
1241 3636 1459 3862
0 2185 2265 4032
0 1507 1991 3080
1370 2999 1806 3338
0 1507 1846 3080
0 1596 1846 3080
129 3330 588 3854
1717 403 2088 814
306 1991 717 2193
1774 2443 1991 2886
620 1636 887 1919
620 1636 822 1854
556 2322 1008 2644
1830 2572 2112 2870
1830 2669 2112 2870
0 2943 1257 4032
0 2975 1257 4032
1257 217 1499 419
0 1169 709 1895
48 1475 709 1895
258 1604 709 1895
0 1685 346 2016
532 1120 959 1395
620 1120 959 1395
1249 2265 1846 3080
1475 2265 1846 3080
1475 2427 1846 3080
1499 2515 1846 3080
0 2185 935 3620
1927 967 2120 1145
0 3612 870 4032
0 1596 1411 2903
0 1596 1362 2790
0 2669 935 3620
0 2927 354 3273
80 2959 354 3273
758 2693 2265 4032
967 2693 1161 2919
1177 1483 1766 2491
1217 1483 1766 2491
1217 1483 1741 2491
0 1766 330 2016
0 2185 814 2967
1088 2693 2265 4032
1185 2782 2265 4032
1911 2951 2265 3644
1088 2693 1588 3282
1088 2693 1588 3112
1290 2782 2265 4032
1008 3354 1757 4032
0 1903 395 2306
685 2322 1008 2548
1911 2951 2265 3540
1975 2951 2265 3362
129 3435 588 3854
48 1475 483 1653
572 0 1032 443
572 0 878 370
572 137 878 370
637 137 878 346
0 1596 612 1999
120 1886 1362 2790
306 1886 1362 2790
475 1886 1362 2790
677 2016 1362 2790
741 2128 1362 2790
741 2161 1362 2790
741 2161 1290 2790
1217 1483 1741 2209
1354 2782 2265 4032
1451 2782 2265 4032
1451 2782 2217 4032
1435 919 1790 1257
1193 2693 1588 3112
1072 3354 1757 4032
1903 2249 2265 2661
1903 2249 2265 2620
2007 2370 2265 2620
2007 2435 2265 2620
0 0 2265 2628
0 2185 774 2967
758 2709 1128 3225
0 0 2265 1225
1653 249 1903 653
362 540 653 967
0 1596 459 1846
0 370 427 1225
0 725 427 1225
1322 1516 1741 2209
1322 1516 1604 1838
0 0 2265 919
1572 919 1790 1257
1451 2782 2169 3894
1782 1645 2153 2007
0 3620 870 4032
258 3636 870 4032
72 379 2265 2628
741 2241 1290 2790
1604 2894 2169 3894
1564 3588 2217 4032
2032 2249 2265 2419
1717 524 2088 814
1451 2782 2080 3282
1080 1387 1346 1645
1846 1645 2153 1983
1846 1645 2104 1983
1870 1048 2209 1427
1870 1048 2209 1298
0 0 1169 919
0 0 846 919
758 2709 1024 3185
129 2306 774 2927
1225 2016 1741 2491
1225 2161 1588 2491
717 0 2265 911
0 0 766 661
129 2306 612 2814
290 1241 483 1540
1983 1145 2161 1427
2032 887 2265 1532
201 3080 1257 4032
1636 1717 2265 2628
1636 1766 2265 2628
1693 1766 2265 2628
1757 1903 2265 2628
1790 0 2265 911
1959 266 2265 911
72 379 2265 2233
72 1080 1725 2233
959 1524 1564 2233
959 1524 1564 2217
959 1524 1564 2080
1153 1677 1564 2080
1209 1677 1564 2080
1072 3354 1338 3935
1790 0 2265 427
96 379 2265 1878
1822 1201 2265 1878
1822 1201 2112 1701
717 0 2128 741
717 0 1185 564
717 0 975 322
1757 1967 2265 2628
1757 1975 2265 2628
887 137 1185 564
0 2669 822 3564
0 2669 814 3193
1032 0 2128 741
1032 0 1903 741
1032 0 1870 741
1032 306 1677 741
0 0 766 620
0 862 427 1225
72 1080 1725 1935
516 1322 1725 1935
1056 1322 1725 1645
1056 1322 1467 1532
96 379 2265 1782
991 637 2265 1274
1088 459 1540 741
1822 1362 2112 1701
1959 266 2265 822
2032 1499 2265 1878
96 379 1959 1782
991 637 2169 1274
1701 645 2169 1128
1959 266 2265 620
96 379 1080 1257
0 2185 451 2967
258 379 1080 1257
72 1080 935 1669
72 1080 612 1669
991 637 1733 1274
991 758 1725 1274
991 758 1548 1274
540 1314 935 1491
516 1387 1145 1935
209 1080 612 1669
1193 0 1870 467
0 0 766 516
782 628 1959 1782
862 1128 1959 1782
1032 306 1677 628
991 846 1483 1274
258 379 911 1257
782 628 1507 1185
782 628 1507 999
1128 935 1483 1274
862 1145 1959 1782
1330 1145 1959 1782
258 669 911 1257
1612 1145 1959 1782
516 1387 1145 1709
516 838 911 1257
1564 3669 2072 4032
258 3636 790 4032
0 3620 274 4032
2096 3612 2265 3878
1903 3588 2217 3911
1072 3572 1338 3935
1604 3532 2016 3894
1282 3515 1757 4032
0 3499 193 3749
129 3483 411 3854
1951 3443 2265 3644
1645 3435 1886 3693
330 3435 588 3725
1709 3386 1927 3564
653 3386 935 3620
1072 3354 1306 3644
2024 3346 2225 3523
161 3330 338 3588
1911 3314 2080 3540
1169 3314 1419 3572
1580 3306 1766 3572
0 3249 193 3580
2032 3209 2265 3556
1354 3177 1645 3612
1290 3177 1499 3636
1556 3153 1806 3338
201 3136 653 3685
1346 3104 1532 3282
524 3080 1257 4032
1975 3048 2249 3362
427 3040 669 3249
822 3015 1072 3265
1185 3007 1362 3459
1370 2999 1604 3282
524 2975 822 3564
0 2975 338 3362
80 2959 282 3217
1653 2894 2169 3532
1451 2878 1830 3282
935 2862 1128 3225
1088 2838 1266 3080
1766 2782 2080 3120
1370 2765 1588 2943
975 2749 1145 2919
693 2717 887 2911
782 2709 1024 3080
427 2701 814 3128
1193 2693 1540 3112
1499 2669 1846 3080
580 2669 774 2927
0 2669 451 3193
1346 2612 1524 2790
185 2588 451 2967
1951 2572 2145 2774
927 2572 1104 2846
524 2564 814 2814
1620 2515 1822 2790
1249 2483 1524 2709
741 2467 1032 2790
556 2459 758 2644
2007 2451 2177 2620
1774 2443 1943 2749
1475 2427 1717 2701
1056 2403 1411 2903
330 2386 612 2814
1274 2378 1524 2564
1548 2346 1717 2540
1903 2338 2128 2620
499 2330 669 2580
701 2322 1008 2499
129 2306 370 2636
943 2241 1290 2604
1266 2217 1588 2491
0 2185 225 2862
1636 2161 1822 2338
975 2161 1225 2386
306 2136 814 2378
878 2128 1096 2370
685 2128 927 2306
1757 2072 2064 2628
1257 2056 1443 2257
1378 2016 1741 2483
677 2016 991 2193
306 1991 548 2185
1032 1983 1193 2217
1967 1975 2265 2306
1757 1967 1935 2161
120 1967 516 2395
0 1951 201 2193
1128 1935 1362 2233
814 1903 1056 2136
56 1903 395 2306
1209 1895 1435 2080
475 1886 782 2136
1620 1878 1798 2217
677 1878 967 2104
2072 1830 2265 2024
1507 1822 1741 2209
1201 1806 1419 2007
1991 1766 2153 1975
1846 1766 2056 1983
1693 1766 1862 2040
209 1766 612 1999
709 1709 887 1919
290 1685 459 1846
72 1685 346 1846
1330 1677 1564 2056
411 1669 709 1895
1886 1645 2104 1846
798 1645 1024 1935
1733 1628 1935 1798
1177 1628 1378 1903
0 1596 314 1846
1443 1564 1604 1838
959 1524 1354 1999
2032 1516 2265 1878
1322 1516 1540 1733
435 1491 596 1669
217 1483 483 1653
1636 1427 1862 1782
1822 1403 2112 1701
1080 1395 1330 1645
766 1387 1145 1709
516 1387 862 1701
64 1346 314 1532
1387 1330 1725 1645
1241 1330 1467 1532
1056 1322 1266 1499
725 1322 935 1491
540 1314 766 1475
88 1314 249 1475
862 1209 1411 1419
1862 1201 2032 1370
620 1193 927 1395
1330 1177 1669 1443
72 1177 330 1411
0 1169 209 1556
2032 1145 2265 1532
1612 1145 1959 1491
927 1128 1338 1290
766 1120 959 1298
1725 1080 1911 1257
209 1080 612 1548
1572 1064 1790 1257
1975 1048 2209 1298
1128 983 1403 1177
370 983 588 1161
0 975 395 1225
1403 935 1628 1185
1249 935 1483 1274
822 927 1104 1185
1693 911 1878 1104
596 895 911 1257
2032 887 2265 1193
266 862 427 1032
1491 846 1725 1064
991 846 1419 1177
516 838 741 1193
1806 782 2169 1128
2088 774 2265 967
96 766 395 1032
1338 758 1548 959
0 725 249 1112
782 685 1282 999
258 669 572 951
1701 645 1959 895
1459 637 1733 878
1161 628 1507 870
1886 564 2088 814
362 540 620 790
1717 524 1919 758
1298 475 1540 741
1088 459 1314 701
2048 419 2265 822
733 419 1169 782
491 419 846 919
1967 411 2217 620
701 411 903 637
1749 403 1999 604
1032 403 1282 628
266 379 459 717
0 370 362 806
1274 306 1677 588
0 274 306 620
1959 266 2265 516
1709 249 1903 499
1467 241 1870 467
637 241 1032 443
1064 112 1274 419
1636 48 1903 274
1830 0 2265 346
1790 0 2128 225
1370 0 1604 161
1193 0 1661 370
1128 0 1314 225
991 0 1177 274
846 0 1048 233
717 0 903 282
451 0 693 266
153 0 766 516
0 0 314 330
0 0 2265 2886
0 2145 2265 4032
0 0 2265 1556
0 411 2265 2886
0 1120 2112 2580
1757 411 2265 2886
508 2040 717 2225
564 2290 1008 2548
580 2322 1008 2548
0 1475 266 1661
556 2241 2265 3540
411 3032 669 3249
0 1128 2112 2580
758 2919 1072 3265
1209 1895 1443 2257
749 628 959 878
1757 411 2265 2870
0 2975 2265 4032
556 2241 2265 3532
927 2572 1161 2919
1346 2999 1951 3693
580 2322 1008 2499
1346 2999 1927 3693
1370 2999 1927 3693
1556 3153 1927 3693
1580 3306 1927 3693
1580 3306 1886 3693
0 1346 1096 2580
1217 1387 1451 1588
1757 3024 1951 3290
0 2185 1499 3878
935 2838 1499 3798
1088 2838 1499 3798
0 2185 1024 3878
524 2564 887 2927
1249 2378 1588 2943
1249 2483 1588 2943
1249 2483 1524 2790
0 0 766 1556
258 1128 2112 2540
1903 3346 2265 3911
1112 2943 1499 3798
1185 3007 1499 3798
1185 3007 1499 3741
0 1346 1096 2443
362 0 2265 1274
814 1564 1935 2540
814 1564 1862 2540
0 2927 282 3217
362 403 2169 1274
1903 3540 2217 3911
637 0 2265 604
1951 3346 2265 3911
524 2564 814 2927
0 1346 1096 2395
1911 2572 2145 2774
129 3330 588 3878
556 2241 1362 2790
717 0 2265 604
1185 3007 1499 3636
1903 2338 2265 2870
2007 2435 2265 2870
628 1636 887 1919
1757 411 2265 2749
733 2241 1362 2790
741 2241 1362 2790
1862 1766 2153 2096
1951 3346 2265 3878
1951 3346 2265 3644
362 508 653 967
814 1903 1395 2386
491 403 2169 1274
1935 2233 2185 2403
1370 0 1677 161
1266 1564 1862 2540
1266 1564 1862 2491
1443 1564 1862 2217
1443 1564 1798 2217
1443 1564 1717 1838
1056 2403 2265 3532
1056 2403 2080 3282
258 1128 2112 2104
540 1128 2112 1782
1604 782 1903 1137
1266 2016 1822 2491
1056 2403 1846 3282
1475 2427 1717 2790
0 2975 1306 4032
814 1903 1362 2386
814 1903 1362 2233
814 1903 1193 2217
1653 2814 2265 3532
258 1322 1564 2104
1072 3177 2265 4032
0 2185 1024 3685
1862 1088 2161 1427
1862 1088 2032 1370
0 1169 483 1556
0 1169 330 1556
1620 249 1999 604
1653 2894 2265 3532
1072 3515 2265 4032
1507 1822 1798 2217
0 1886 1096 2395
0 1903 516 2395
0 3620 790 4032
1709 249 1999 604
306 1886 1096 2378
427 2701 1024 3128
524 2975 1306 4032
475 1886 1096 2370
258 1387 1564 2104
0 0 766 1548
0 2185 653 3685
1757 1967 2265 2749
540 1193 935 1491
1161 475 2169 1257
1604 524 1919 758
717 0 2265 588
0 1346 709 2185
491 403 1483 1274
1193 2515 1846 3282
0 2669 653 3685
0 1346 612 2185
0 1346 483 1911
1266 2016 1741 2491
0 1346 483 1846
1846 411 2265 1983
258 1387 1564 2056
846 0 1185 564
1193 2669 1846 3282
862 1128 2112 1782
1282 3515 2265 4032
677 2016 1096 2370
1846 774 2265 1983
1927 774 2265 1878
2032 774 2265 1878
540 1193 927 1475
56 1903 516 2395
1564 3669 2265 4032
0 2975 653 3685
1693 911 1911 1257
64 1346 483 1653
0 370 612 1548
258 1491 596 1757
2032 887 2265 1878
1064 0 2265 588
1636 0 2265 516
0 2185 612 2967
491 419 1483 1274
491 419 1314 1257
524 2975 1257 4032
153 3636 790 4032
1338 564 2169 1257
1757 1975 2265 2749
927 1128 2112 1782
0 2185 612 2862
209 1766 612 2185
1338 564 2169 1185
1338 637 2169 1185
1338 637 1733 1185
1338 637 1733 959
1387 1145 2112 1782
1387 1145 1991 1645
0 370 572 1112
1636 1403 2112 1782
927 1128 1669 1443
1064 0 1870 588
0 975 612 1548
677 1645 1024 2104
1193 2693 1830 3282
516 1387 1564 2056
1177 1516 1564 2056
1177 1628 1564 2056
1967 411 2265 822
1790 0 2265 516
1282 3515 2016 4032
0 370 572 951
258 379 572 951
1161 475 1636 870
1387 1145 1959 1645
516 1387 1354 1999
516 1387 1330 1709
766 1387 1330 1709
0 2975 338 3580
491 419 1314 919
733 419 1314 782
1064 0 1661 419
782 685 1282 1185
1830 0 2265 516
1298 475 1636 741
1274 241 1870 588
2040 3056 2265 3532
475 2128 975 2403
806 3806 1080 4032
112 3532 370 3854
967 2693 1145 2911
0 1846 2265 4032
0 0 2265 3564
1249 2491 1524 2725
0 1911 2265 4032
1411 3467 1790 3749
0 1790 717 2306
733 2491 895 2685
1709 2596 2265 3564
0 0 2265 2749
628 2128 975 2370
1709 2814 2265 3564
1725 2814 2265 3491
298 1911 1983 3282
0 1370 435 2024
145 677 2265 2749
677 1870 1467 2411
298 1911 1911 3282
790 1911 1467 2411
790 1911 1411 2274
790 1911 1403 2241
0 2153 2265 4032
0 2153 1701 4032
0 2153 774 3225
782 2733 2265 4032
1653 3306 2032 3620
0 1507 435 2024
0 1507 435 1919
0 1596 435 1919
0 0 2217 709
0 0 1314 693
0 2741 1701 4032
1725 3459 2032 3620
1491 2733 2185 3378
411 2733 596 3225
1749 1435 1935 1604
1701 2733 2185 3298
1766 2733 2185 3136
298 1911 1911 2790
201 1145 459 1411
298 1911 1387 2733
1032 1943 1403 2241
0 1830 370 2024
64 3338 580 3838
161 3338 580 3838
201 1145 459 1395
1935 2991 2265 3532
298 2016 1387 2733
298 2016 1282 2733
298 2016 1193 2693
298 2016 1161 2507
516 2016 1161 2395
0 0 2265 1540
1209 3515 1459 3862
314 3564 580 3838
1209 0 2217 709
0 2153 774 2983
0 0 2265 1266
1733 298 2217 628
1733 298 2120 628
1088 2894 2265 4032
1193 3015 2265 4032
927 1032 1096 1298
1209 0 2153 709
0 0 1298 693
298 2145 725 2507
145 677 2265 1895
1032 1943 1403 2209
1193 1427 2265 2749
1088 2274 1387 2636
1274 2378 1911 2790
782 2733 1120 3136
0 0 1040 637
0 0 903 637
145 717 2265 1895
145 741 2265 1895
1209 0 2096 709
1298 1427 2265 2749
1314 846 1967 1451
0 3249 862 4032
1298 1427 2265 2596
1298 1427 1983 2056
1193 3015 2265 3822
1193 3015 1991 3765
1330 3169 1991 3765
225 1016 1814 2628
1693 1556 1983 2048
1314 862 1967 1451
1314 862 1878 1451
1177 1080 1491 1290
1604 169 1935 709
145 741 1112 1475
766 1120 1104 1354
1008 1064 2265 1895
1741 1733 2265 2596
145 822 1112 1475
387 838 1112 1475
443 838 1112 1475
1008 1064 2088 1645
1911 1362 2265 1895
1757 3701 1943 3886
1564 3661 2265 4032
249 3628 862 4032
1903 3596 2185 3822
419 3580 580 3838
314 3564 556 3741
185 3556 370 3854
1814 3540 1991 3709
1467 3540 1653 3741
1499 3532 1790 3749
983 3532 1161 3757
1209 3515 1411 3790
1991 3475 2265 3822
1725 3459 1935 3620
298 3419 524 3612
2032 3354 2233 3523
161 3338 387 3782
0 3249 274 4032
1491 3209 1774 3378
2040 3201 2265 3532
1330 3169 1886 3765
1701 3112 1886 3298
411 3024 596 3225
1193 3015 1451 3507
0 2959 459 3556
1725 2927 2072 3491
1088 2894 1249 3314
758 2886 1128 3306
943 2862 1120 3136
2048 2814 2265 3040
1475 2765 1645 2983
967 2741 1137 2911
1766 2733 2185 3112
782 2733 1024 3072
693 2717 870 2911
1798 2669 1983 2886
1516 2661 1701 2870
701 2644 911 2814
1951 2596 2265 2862
1346 2588 1524 2790
895 2572 1145 2814
1266 2491 1524 2701
362 2475 774 2943
2007 2451 2265 2709
1838 2443 2120 2749
1790 2443 1951 2677
1475 2435 1911 2790
1088 2419 1266 2636
1064 2403 1886 3282
1274 2378 1507 2596
1911 2338 2128 2620
491 2290 725 2507
233 2282 564 2717
814 2241 1282 2733
1257 2201 1467 2411
572 2177 1193 2693
0 2153 499 2983
298 2145 669 2475
104 2145 427 2306
878 2112 1161 2395
1120 2096 1411 2274
516 2016 927 2201
790 1911 1064 2136
677 1870 1016 2040
1612 1854 1822 2201
1209 1822 1814 2628
0 1790 717 2265
1919 1782 2265 2596
1741 1733 2064 2491
16 1701 435 1919
427 1669 798 1878
1693 1628 1943 2048
0 1596 306 1846
1725 1556 1983 1725
2032 1516 2265 1895
0 1507 169 1669
56 1475 290 1645
1298 1427 1822 2056
1911 1362 2233 1822
2080 1354 2265 1532
1032 1330 1282 1516
1387 1145 2088 1645
524 1145 919 1475
0 1145 298 1540
1233 1080 1491 1274
1008 1064 1475 1540
1669 1056 1967 1233
225 1016 1370 2072
443 838 1112 1193
387 838 588 1056
145 822 427 1032
1999 790 2265 1459
443 741 669 975
1338 717 1580 967
766 580 959 790
354 475 620 661
1604 427 1806 709
620 411 903 637
999 403 1298 693
1733 346 2120 628
1862 298 2088 540
0 233 1741 1266
1653 169 1935 499
733 161 903 338
1959 56 2153 233
1459 0 2265 1128
1209 0 2096 346
612 0 1314 548
0 677 2265 3564
0 1016 1403 2951
741 677 2265 3564
878 2693 1145 2951
0 1016 1403 2814
1467 2661 1701 2870
806 3806 1233 4032
0 1016 1403 2693
741 2096 2265 3564
741 2096 2265 3532
1193 677 2265 2709
298 3419 580 3838
0 2145 1128 3306
0 2733 2265 4032
1653 3306 1927 3564
1257 2201 1524 2701
1257 2201 1507 2596
1701 3015 1951 3298
0 233 1741 1540
0 2153 1128 3306
1193 790 2265 2709
1193 790 2265 2628
1612 1854 1870 2201
0 2153 870 3225
701 2548 911 2814
0 1475 1193 2693
56 1475 387 1685
0 1596 1193 2693
653 0 911 201
628 1846 1016 2048
0 1846 241 2024
0 0 2265 1282
1193 1435 1451 1693
1338 0 2265 1282
741 2096 2265 3491
1064 2338 2265 3491
1346 2588 1645 2983
1346 2588 1524 2943
1209 790 2265 2628
1564 3354 2265 4032
741 2096 1411 2814
0 0 2096 637
1338 0 2265 1145
782 2733 1991 3765
782 2733 1249 3314
741 2096 1411 2733
0 2959 862 4032
1693 1435 1983 2048
628 1846 1016 2040
1991 3354 2265 3911
0 1016 1403 2209
741 2241 1387 2733
895 2419 1266 2814
0 2153 774 3040
145 741 1491 1540
766 1032 1096 1298
814 2241 1387 2733
2048 2814 2265 3056
1064 2338 2265 3282
862 1064 1491 1540
0 1596 798 2475
0 1669 798 2475
1338 0 2265 1128
1314 790 2265 1895
1991 3354 2265 3822
161 3338 387 3854
1733 346 2217 628
1475 2338 2265 3112
516 2016 1193 2693
387 741 1112 1475
1475 2338 2265 2862
0 1016 1370 2072
1193 3015 1886 3765
790 1911 1403 2209
1475 2435 2265 2862
1475 2435 2120 2790
0 1701 717 2475
572 2112 1193 2693
1725 1435 1983 1725
443 741 1112 1475
0 2959 459 4032
862 1064 1475 1540
0 1790 717 2475
1911 790 2265 1895
1314 862 2088 1645
1209 1427 2265 2628
1653 169 2088 540
612 0 2096 548
1911 790 2265 1822
1209 1427 1822 2628
661 3628 1233 4032
2048 3056 2265 3427
0 1507 1161 2467
0 1507 1161 2419
0 0 2265 2935
0 2217 2265 4032
0 1507 975 2282
1959 2894 2265 3177
508 2878 1096 3596
556 2878 1096 3515
0 0 2265 2854
556 2878 1096 3346
0 1725 2016 2838
725 2048 2016 2838
1056 2048 2016 2838
1056 2169 2016 2838
0 1507 798 2282
233 1814 798 2282
0 2959 862 3798
1516 0 1830 362
1128 2338 2016 2838
0 3604 862 4032
0 1725 951 2661
822 1911 1040 2112
903 3523 1282 3830
887 2556 1338 2814
0 2959 580 3652
0 2959 532 3652
0 2959 532 3612
1717 524 1975 943
0 3862 241 4032
0 0 201 370
1153 0 1411 266
0 3604 661 4032
0 3249 338 3652
0 3330 338 3652
1419 1137 1725 1346
0 1507 467 1846
1395 2427 2016 2838
1580 2701 2265 3636
1596 2701 2265 3636
1596 2846 2265 3636
1596 2846 2112 3548
1911 2330 2136 2628
0 1725 887 2661
0 1725 822 2661
0 1886 822 2661
0 1886 427 2338
1451 1725 1757 2209
1524 1725 1757 2209
1532 1822 1717 2209
1596 2846 2112 3314
782 3153 1443 3717
1766 2701 2265 3007
1766 2749 2032 2975
556 2878 1096 3322
0 1507 169 1806
1249 435 1806 943
0 1080 604 1862
88 1475 604 1862
145 1483 604 1862
0 2217 822 3411
249 2233 822 2661
435 2475 2265 4032
1798 2919 2112 3314
0 2475 822 3411
782 3153 1443 3620
0 0 2265 1701
1685 48 2007 395
1145 3330 2265 4032
435 2475 1725 3612
435 2475 1540 3362
1798 2951 2112 3314
96 677 2265 2854
1048 677 1467 1177
0 2604 822 3411
0 1725 370 1975
435 2475 1540 3314
524 2491 1540 3314
524 2491 959 2919
1451 3330 2265 4032
766 2628 1540 3314
1096 2628 1540 3290
96 685 2265 2854
1620 1645 2145 2177
112 1612 467 1846
766 2798 1217 3314
153 612 403 983
0 2217 451 2806
1128 2628 1540 3104
0 2701 822 3411
161 3604 661 4032
0 2322 451 2806
443 475 862 798
443 580 862 798
0 2322 249 2653
1806 2701 2265 3007
1620 1645 2128 2177
1895 1645 2128 1983
1185 2628 1540 3104
1346 0 1677 370
