0 0 2448 3263
195 1697 372 2206
1286 3133 1462 3263
0 2448 248 2787
0 2448 130 2787
293 1168 437 1645
300 221 476 372
45 443 496 646
45 443 496 620
437 2206 711 2513
437 2206 705 2513
150 0 1037 868
1801 2741 2141 3074
1801 2741 2075 3074
953 0 2448 2689
972 1338 1664 2212
535 548 1148 2102
561 548 1148 1527
770 2245 966 2402
1175 561 1436 822
0 1214 1377 3263
169 1566 483 2500
972 1338 1501 2212
0 724 241 920
744 352 1083 842
744 352 1083 705
985 1534 1175 1919
150 450 731 868
339 0 1037 489
150 450 731 789
1181 776 1416 1168
1240 920 1416 1168
169 1566 456 2500
169 1566 398 2088
339 0 685 313
509 0 1037 489
2271 2761 2448 3205
0 1214 1064 3263
815 2996 1064 3211
953 2904 1377 3244
953 0 1436 274
868 2663 1286 2970
1083 1338 1501 2108
626 0 1037 443
0 1214 1037 3263
1083 1436 1488 2108
1051 0 2448 2689
0 1214 1018 3263
809 2428 1018 2885
809 2428 1018 2807
835 2441 1018 2735
1051 0 2448 2532
2239 2395 2448 2689
705 548 1148 1494
711 548 887 1286
711 548 887 966
711 548 887 907
0 1214 874 3263
744 352 1037 580
0 1808 874 3263
1370 0 1749 280
0 2350 874 3263
626 0 848 443
0 2441 874 3263
0 2506 561 3015
0 2506 561 3002
705 1037 1148 1494
1083 1436 1488 2102
0 0 2421 3263
652 0 1684 1840
685 0 1684 1840
2186 2408 2343 2624
953 0 1370 261
868 2689 1286 2970
940 2689 1286 2970
1756 319 2448 2532
1840 319 2448 2141
1377 0 2043 404
1377 110 1625 280
78 2441 874 3263
535 1475 900 2102
842 352 1037 580
0 0 842 2245
913 633 1064 842
1051 0 2448 2023
1227 470 1449 639
0 2937 567 3263
332 1736 2421 3263
1116 2683 1534 2963
698 13 1684 1840
763 515 1018 881
1057 0 1370 261
1103 1436 1488 1964
1494 1325 1808 1912
705 1037 1148 1488
1756 1853 2448 2532
0 1808 456 2689
45 1951 456 2689
45 2121 287 2565
1103 0 2448 2023
1103 306 1507 835
652 0 848 443
652 0 835 443
0 1214 176 1886
0 1423 176 1886
1259 0 2448 2023
78 2441 868 3263
796 1037 1148 1475
796 1037 1044 1390
2160 0 2448 261
1312 1090 1684 1436
1312 1161 1671 1436
0 2532 450 3002
0 2820 391 3002
1383 1090 1684 1305
78 2728 868 3263
78 2793 868 3263
78 2793 763 3263
78 2957 763 3263
698 13 1390 1840
698 13 1390 1762
1370 110 1769 561
78 1468 274 1827
940 2689 1168 2970
1501 0 2043 404
137 2532 450 2846
137 2532 424 2846
1116 2683 1507 2963
1116 2800 1468 2963
953 2904 1299 3244
1586 1651 1840 1788
1906 0 2245 202
2154 1612 2448 2010
2245 1612 2448 2010
2271 1658 2448 2010
1083 1338 1501 1899
1135 1338 1501 1775
1331 1507 1664 2141
1494 1325 1808 1775
1612 1325 1808 1599
1494 1579 1723 1775
763 515 1018 783
169 1951 456 2689
169 2382 456 2689
1142 2683 1507 2859
1259 117 2448 2023
1834 117 2448 633
1834 319 2056 633
1834 319 2056 470
685 0 1051 319
1259 274 2265 2023
78 3002 496 3263
535 1475 848 2102
535 1599 848 2102
1103 306 1507 802
1259 365 2265 2023
0 0 842 2141
1103 1534 1462 1964
587 2441 848 2774
1331 1690 1664 2141
1331 1690 1664 2134
796 1037 1005 1390
0 2937 450 3263
1906 0 2245 182
1906 0 2160 182
953 2976 1207 3244
470 2793 705 2983
1860 3042 2017 3263
0 1103 300 1592
0 1103 261 1312
169 1951 372 2467
763 208 1037 385
0 3087 215 3263
1631 594 1827 926
169 2075 339 2467
1958 1057 2448 2141
835 13 1312 522
1481 365 2265 2023
691 2304 1259 3061
737 2304 1259 3061
737 2643 966 3061
2271 2761 2421 3205
1253 319 1684 1090
1253 385 1684 1090
1253 385 1684 1077
1266 385 1684 1077
789 613 1018 783
698 437 1390 1762
698 776 1390 1762
1756 1853 2448 2487
332 1769 1096 2996
1259 985 1664 1240
1481 483 2265 2023
1481 483 1742 874
1481 483 1697 646
1494 502 2265 2023
483 2957 763 3263
1599 502 2265 2023
1958 1135 2448 2141
1396 2846 1586 3015
0 1475 176 1886
1618 0 2043 404
587 1736 2421 3263
796 1109 1005 1390
979 437 1168 796
1031 1736 2421 3009
783 0 1051 319
332 1769 1070 2996
332 2245 926 2996
404 2245 600 2663
0 0 646 705
0 0 646 626
0 0 646 561
0 443 842 2141
1553 1736 2128 2767
0 2937 450 3205
0 2937 332 3159
1658 2212 2128 2767
1638 502 1899 1057
535 1677 848 2102
522 1769 1070 2421
1840 319 2448 1168
587 2715 2395 3263
541 2957 763 3179
1945 1853 2448 2487
1031 2004 2421 3009
1919 117 2448 620
1977 117 2448 620
2310 1658 2448 1951
332 2343 926 2996
332 2415 718 2996
332 2591 665 2996
587 2715 2330 3263
0 443 842 2082
0 443 842 1684
78 443 842 1684
78 711 594 1684
796 2715 2330 3263
1090 2715 2330 3263
2310 1077 2448 1292
1645 0 2043 345
1396 1690 1664 2023
1553 1736 1971 2395
1612 1736 1971 2258
522 1795 1070 2421
1834 2428 2421 3009
1906 2428 2421 3009
0 0 646 385
1599 907 2265 2023
1599 907 2265 1925
1599 907 2265 1801
1599 907 2265 1723
1246 2715 2330 3263
1599 907 2265 1579
1599 907 2173 1579
1899 907 2173 1148
0 0 404 378
2010 2428 2421 3009
2010 2428 2421 2807
2010 2428 2258 2767
1840 319 2448 1109
665 2441 848 2702
1031 2004 1938 2976
1638 502 1873 933
1991 117 2448 476
2017 2069 2448 2487
430 2356 600 2663
1031 2004 1938 2885
1031 2082 1938 2885
1044 2245 1938 2885
1044 2271 1938 2885
972 13 1312 476
1044 13 1312 476
1742 2219 2128 2767
0 332 528 561
2010 2428 2258 2741
84 496 339 900
0 1808 221 2578
0 1808 202 2578
1853 2219 2128 2767
1853 2219 2128 2617
398 443 842 1671
398 443 842 1540
2271 2852 2421 3205
1958 1292 2448 2141
1945 319 2448 1109
1286 2715 2330 3263
1286 2715 1997 3263
698 776 1390 1684
1286 2715 1958 3263
1286 2715 1867 3263
1370 110 1697 456
1044 2323 1462 2728
1044 2323 1370 2728
1945 1853 2186 2167
0 1214 130 1481
352 1494 613 2082
698 776 1390 1664
698 776 1390 1645
783 776 1390 1645
1057 1279 1390 1645
1057 1279 1390 1481
1351 2271 1938 2885
78 3002 398 3263
1599 1011 2049 1579
78 946 594 1684
78 946 404 1684
522 1984 1011 2421
1266 385 1684 992
1599 1011 2049 1449
1599 1044 2049 1449
1599 1135 2049 1449
1044 2389 1325 2728
0 1808 202 2173
398 443 842 1436
430 443 842 1436
430 443 802 1318
430 443 757 979
541 443 757 979
1899 907 2173 1129
2115 574 2448 1109
2115 829 2448 1109
1991 143 2271 424
430 613 646 907
783 776 1259 1383
339 39 646 385
339 97 633 385
1977 2904 2330 3263
1351 2337 1938 2885
2115 829 2448 1051
1031 2082 1553 2356
443 933 802 1318
78 1044 372 1684
698 1325 1148 1612
1351 2389 1938 2885
1364 2389 1938 2656
1044 52 1312 476
2017 2154 2448 2487
1351 385 1684 992
2062 2154 2448 2487
1814 1135 2049 1436
1958 1338 2448 2141
522 2036 1011 2421
607 2036 1011 2421
607 2036 855 2421
2239 2154 2448 2487
1364 2389 1697 2656
0 2102 156 2578
0 0 313 378
0 0 306 365
1945 319 2448 998
2043 319 2448 887
1286 2715 1814 3263
1351 2578 1860 2885
887 776 1259 1383
887 881 1175 1383
1481 2591 1860 2885
1351 385 1638 763
1031 2082 1423 2356
1031 2082 1312 2304
2043 528 2284 887
352 1494 613 2030
1958 1338 2376 2030
1984 1338 2376 1814
1475 2715 1814 3263
1057 776 1259 1233
913 2304 1259 2709
1534 3133 1710 3263
796 3126 1096 3263
587 3113 809 3263
254 3113 496 3263
483 3087 613 3263
0 3087 163 3250
1788 3081 1958 3263
953 3074 1135 3244
365 3042 515 3192
1977 3015 2134 3263
78 3015 248 3218
241 3009 450 3205
202 3002 398 3263
861 2996 1064 3153
2271 2983 2421 3205
1801 2976 1997 3113
1064 2976 1207 3211
705 2970 868 3179
541 2963 724 3179
613 2957 763 3139
169 2957 332 3100
0 2937 261 3159
2017 2911 2226 3074
2004 2904 2330 3263
1286 2904 1521 3205
1148 2904 1299 3100
443 2904 626 3068
848 2872 1188 3100
156 2859 372 2996
1886 2846 2075 3074
1449 2846 1586 3002
1612 2826 1814 3081
1116 2800 1377 2937
548 2800 705 2983
737 2754 913 3061
1625 2735 1814 2976
646 2728 829 2885
1475 2715 1729 3263
332 2715 633 2996
0 2715 208 2918
1259 2683 1507 2859
2075 2669 2356 3009
1018 2663 1148 2859
1906 2656 2180 2820
1677 2637 1860 2839
137 2617 424 2846
2134 2611 2421 2807
1188 2611 1403 2741
2082 2598 2239 2767
1481 2591 1729 2885
509 2591 665 2826
587 2585 829 2774
1834 2578 1971 2780
1351 2578 1514 2709
1684 2565 1853 2709
1044 2558 1272 2728
665 2558 848 2702
1214 2532 1390 2663
1906 2519 2095 2767
365 2506 561 2761
2271 2493 2448 2689
913 2487 1090 2709
97 2487 241 2643
261 2474 456 2689
1899 2441 2128 2617
881 2441 1018 2585
672 2441 848 2630
1436 2434 1697 2656
2062 2428 2258 2643
1579 2421 1938 2630
541 2415 718 2617
2186 2408 2317 2545
2239 2395 2448 2545
1971 2395 2154 2532
1246 2395 1462 2637
1364 2389 1586 2591
1168 2389 1325 2591
1299 2369 1429 2513
1618 2363 1756 2526
456 2356 600 2572
306 2350 450 2552
600 2343 926 2519
1436 2337 1658 2500
0 2330 130 2578
1742 2310 1880 2493
2265 2304 2428 2448
926 2304 1259 2578
881 2284 1534 2519
1377 2245 1566 2382
404 2245 541 2428
117 2245 287 2565
2017 2239 2271 2448
1853 2219 2030 2532
1553 2219 1710 2395
1658 2212 1893 2467
541 2212 711 2343
437 2206 626 2421
1246 2193 1423 2356
169 2193 339 2467
2062 2186 2310 2350
1788 2160 2036 2356
2239 2154 2448 2395
926 2134 1096 2304
802 2134 1011 2382
1351 2128 1553 2297
1031 2128 1312 2304
45 2121 202 2265
1671 2102 1867 2258
0 2102 156 2363
2121 2088 2343 2239
1514 2082 1703 2284
1031 2082 1259 2271
2043 2069 2212 2226
1756 2062 2010 2212
1423 2062 1573 2258
691 2049 855 2421
1155 2004 1423 2219
705 1984 985 2206
1827 1977 1991 2154
2095 1971 2297 2128
1716 1971 1906 2134
391 1971 541 2141
0 1964 202 2173
1501 1958 1658 2141
241 1951 372 2297
1331 1919 1501 2134
437 1912 607 2082
2271 1893 2448 2141
698 1886 940 2023
306 1886 456 2500
972 1873 1122 2212
1945 1867 2121 2167
2036 1853 2186 2049
1188 1840 1455 2108
1625 1834 1808 2023
1103 1821 1253 1964
0 1808 169 1984
1201 1795 1383 1977
887 1795 1070 2088
2310 1782 2448 1951
104 1782 261 2036
1396 1769 1664 2023
1756 1756 1925 1925
2154 1742 2350 1932
1958 1736 2317 2030
1612 1736 1971 2128
1586 1736 1742 1912
0 1729 163 1886
1396 1690 1631 1860
567 1677 848 2023
372 1664 613 2030
1494 1631 1723 1775
815 1618 985 1749
110 1612 274 1827
2082 1599 2356 1814
1886 1599 2095 1801
842 1566 1051 1729
169 1566 359 2036
2043 1553 2252 1756
737 1553 881 1684
1775 1534 1945 1684
1155 1534 1462 1893
985 1534 1175 1808
1867 1521 2049 1723
1592 1507 1795 1703
1423 1507 1560 1788
822 1494 1024 1664
352 1494 535 1834
515 1488 718 1671
417 1475 672 1782
0 1475 176 1736
1135 1468 1299 1775
78 1468 248 1684
1534 1462 1677 1625
1057 1449 1246 1645
2304 1442 2448 1658
1612 1442 1769 1599
698 1442 868 1612
1253 1436 1488 1631
1827 1429 2036 1579
0 1423 137 1612
1410 1377 1605 1553
561 1364 776 1527
208 1357 345 1631
705 1351 861 1488
430 1344 607 1540
1984 1338 2376 1638
1246 1338 1501 1514
1677 1325 1808 1566
848 1325 1148 1605
1964 1318 2108 1514
1586 1305 1736 1481
2134 1292 2323 1449
2271 1286 2448 1462
1364 1286 1671 1436
1175 1286 1390 1468
1057 1279 1312 1481
97 1253 300 1592
1860 1240 2017 1436
2049 1233 2199 1390
972 1233 1175 1383
2245 1220 2448 1383
1599 1214 1912 1449
0 1214 130 1429
548 1201 842 1436
195 1194 352 1684
1951 1175 2102 1351
796 1175 933 1390
1749 1161 1984 1318
1312 1161 1553 1338
1161 1148 1305 1338
600 1148 802 1318
2036 1135 2271 1312
1814 1135 2049 1370
1507 1109 1684 1305
71 1109 241 1266
1024 1103 1168 1253
39 1103 261 1312
1383 1090 1618 1240
2310 1077 2448 1246
430 1077 574 1259
1259 1057 1436 1240
1057 1057 1259 1233
1618 1044 1775 1240
78 1044 372 1671
2108 1011 2304 1168
1710 1011 1906 1299
1429 985 1664 1148
2291 972 2448 1109
1808 966 1977 1181
398 959 620 1390
0 959 189 1129
365 953 594 1612
124 946 404 1488
443 933 724 1194
1951 920 2173 1129
1370 920 1540 1077
1286 920 1416 1070
574 920 705 1083
1899 907 2088 1090
783 900 926 1188
97 900 235 1044
887 881 1057 1266
411 881 541 1070
1658 874 1788 1096
842 861 972 1077
1723 848 1899 1057
2147 842 2330 985
1521 842 1684 1064
2265 829 2448 1037
2108 815 2271 946
0 815 208 1044
1253 783 1468 966
900 783 1161 920
1096 776 1259 1103
182 763 378 1057
1853 744 1997 894
2219 737 2448 868
0 724 169 861
1945 718 2141 998
913 711 1051 842
345 711 594 985
541 691 750 979
2108 678 2284 887
430 678 580 907
1410 672 1684 992
1573 626 1742 874
815 626 1018 783
789 613 920 750
509 613 646 802
1175 600 1351 822
84 600 339 900
2271 574 2448 855
1266 574 1521 894
267 574 437 705
1429 567 1638 763
1932 561 2088 724
0 554 189 744
1821 541 1977 744
2043 528 2265 809
979 515 1109 691
1638 502 1801 659
848 483 1083 705
378 483 600 626
1299 470 1449 613
0 470 150 620
1103 463 1233 802
365 450 731 705
574 443 757 731
45 443 313 613
1919 437 2062 594
496 404 685 600
1638 398 1769 561
1351 385 1547 646
744 385 874 541
842 372 992 580
241 372 528 561
1684 365 1886 646
652 365 920 672
1977 352 2141 620
881 352 1037 515
2095 332 2291 580
0 332 306 483
2186 319 2448 652
1899 319 2056 463
1227 306 1507 567
835 280 1148 522
1096 261 1233 476
763 248 933 385
345 241 672 404
1618 228 1821 404
1370 228 1671 456
1991 215 2199 424
887 208 1037 339
0 169 313 378
2004 156 2134 300
2088 143 2271 274
1821 130 2043 345
972 124 1109 287
2252 117 2448 476
1560 110 1697 254
1423 110 1625 280
215 104 404 332
339 97 587 274
783 65 1051 319
1044 52 1312 345
463 39 646 332
2160 0 2448 208
2075 0 2245 150
1997 0 2160 182
1645 0 2010 313
1501 0 1893 137
1057 0 1370 150
953 0 1116 169
796 0 933 143
659 0 835 443
535 0 685 313
228 0 404 169
52 0 306 365
0 0 2448 2761
561 0 2448 2108
1227 522 1436 678
0 0 1357 2761
0 0 1259 2761
1175 0 1501 476
0 1011 2448 3263
0 1736 2030 3263
0 1423 626 2500
1599 1011 2448 3263
979 515 1109 809
887 1279 1044 1429
2147 737 2448 998
646 2271 1605 2885
881 2271 1605 2519
0 1423 456 2500
306 1671 456 2500
1175 0 1436 476
1175 169 1357 476
2141 2356 2448 2545
437 2075 626 2421
365 3042 691 3263
744 822 881 1286
646 2428 1037 2885
665 2493 874 2702
417 1475 672 1801
32 2591 287 2741
1181 776 1357 1168
280 2911 528 3048
561 1031 1945 2108
809 2428 1037 2885
365 3042 613 3263
0 1423 372 2160
78 1468 372 2160
169 1566 372 2160
0 1475 561 2761
0 1475 372 2578
117 1951 372 2565
0 0 1259 2630
796 2996 1096 3263
1161 3015 1710 3263
1286 3133 1710 3263
1449 3133 1710 3263
763 0 2448 1370
1840 626 2102 1011
0 0 940 1312
535 0 940 907
0 443 1259 2630
535 0 920 907
887 0 1116 169
0 0 763 1312
561 1031 1945 2023
561 1031 1945 1840
574 920 776 1201
0 1475 274 2578
992 1338 1631 2108
1631 2558 1853 2709
2284 2611 2448 3263
2284 2761 2448 3263
2284 2761 2448 3198
261 2421 561 2761
261 2474 561 2761
1370 0 1893 280
0 0 763 1129
1253 783 1468 1090
561 1031 1899 1840
32 2591 248 2741
0 0 685 1129
835 2441 1037 2885
1253 783 1468 1070
535 0 920 822
535 0 920 672
835 2441 1018 2885
913 1736 2030 3263
1351 1847 1664 2297
1351 1938 1586 2297
1618 2310 1880 2526
1299 319 1697 646
1161 3015 1462 3231
1906 0 2448 300
763 515 920 750
561 1031 1899 1808
1083 1338 1631 2108
1083 1468 1299 1899
0 2487 1586 3263
97 2487 345 2656
0 2585 1586 3263
2186 2408 2448 2689
163 0 404 169
306 1494 1122 2630
306 2265 450 2552
352 1494 1122 2630
1684 261 2056 646
698 1442 1051 1749
698 1442 1051 1729
0 443 1259 1762
1756 1977 2023 2258
1756 1977 2010 2212
868 2643 1148 2970
2219 1057 2389 1272
1351 2062 1573 2297
1840 691 2017 1011
1853 744 1997 1011
1494 1396 1899 1808
1116 2793 1586 3015
1292 2793 1586 3015
1318 2793 1586 3015
1684 261 1977 646
561 1031 1736 1808
561 1090 1736 1808
1377 0 1893 280
0 2585 1188 3263
874 2643 1148 2970
940 2663 1148 2970
0 711 594 1684
0 946 594 1684
1964 1220 2448 1853
1964 1220 2448 1710
2049 1220 2448 1710
2134 1220 2448 1710
2134 1286 2448 1710
2134 1286 2448 1462
443 2904 626 3146
267 483 600 705
1814 261 1977 633
1834 345 1977 633
163 1951 372 2467
1083 1690 1631 2108
1188 1690 1631 2108
1351 319 1697 646
1351 319 1625 646
1103 1338 1501 1964
763 0 1507 1077
815 306 1507 1077
815 352 1161 1077
815 483 1161 1077
815 626 1161 1077
842 783 1161 1077
1494 1396 1847 1775
0 2585 933 3263
2154 1742 2382 2010
2212 2493 2448 2689
1175 0 2448 1370
1175 228 2088 1338
1259 842 1684 1338
1259 985 1664 1338
1259 1057 1436 1338
1423 0 1893 280
1612 2395 2421 3263
1847 2598 2239 2970
0 2585 913 3263
1847 2656 2180 2970
1847 2754 2141 2970
0 946 404 1684
398 443 1259 1762
678 1475 881 1762
678 1475 881 1684
535 0 835 443
561 1090 1618 1808
815 626 1051 842
1175 228 2088 1181
1175 228 2088 1096
398 443 1259 1671
1560 0 2448 1370
0 2591 913 3263
1599 1011 2448 2487
1494 1507 1795 1775
1814 261 1958 391
561 1325 1148 1605
705 1325 1148 1605
815 1325 1148 1605
1625 2637 1860 2976
1161 3015 1423 3231
509 443 757 802
352 1494 1011 2630
404 2245 718 2617
541 2369 718 2617
1814 1057 2154 1370
1560 0 2448 1312
1618 189 1880 404
0 470 378 1129
1906 0 2448 261
1997 0 2448 261
398 678 1259 1671
887 1795 1122 2212
0 0 685 600
0 169 685 600
1051 306 1507 802
0 496 378 1129
84 496 378 1057
97 783 241 1044
763 0 1370 476
783 0 1370 476
1370 228 1769 561
567 1599 848 2023
1031 1736 1925 2467
2095 241 2291 580
1834 2395 2421 3009
1834 2395 2421 2807
1834 2395 2258 2780
1899 2395 2258 2767
1175 437 2088 1096
2304 1442 2448 1710
2075 0 2448 261
509 2591 913 3263
541 2754 913 3263
0 2617 633 3159
0 2859 372 3159
430 678 1259 1671
430 678 1259 1390
137 2617 633 2996
215 2715 633 2996
972 0 1370 476
972 0 1370 345
1044 0 1370 345
600 2343 926 2630
1175 502 2088 1096
1899 2395 2258 2643
913 2219 2030 3263
913 2304 1514 2859
913 2304 1403 2741
1331 1736 1925 2467
1501 1736 1925 2467
1501 1958 1893 2467
1501 1958 1703 2284
822 1090 1618 1808
0 0 646 372
0 0 646 365
0 0 404 365
430 933 842 1671
1161 3015 1364 3231
913 2304 1370 2728
0 1475 274 2173
0 1475 274 1827
1612 2826 2395 3263
1690 2846 2395 3263
1742 2846 2395 3263
1742 3002 1984 3244
352 1494 1011 2421
1899 489 2448 1312
2271 489 2448 855
822 1161 1553 1808
966 1233 1175 1475
398 881 620 1390
398 940 620 1390
2147 737 2448 985
1142 2578 1514 2859
691 2049 1011 2421
953 2219 2030 3263
1775 1521 2049 1723
541 2957 809 3263
1899 815 2448 1312
404 2245 600 2572
1899 815 2271 1201
1899 815 2271 1129
1899 907 2271 1129
1031 2004 1566 2382
1155 2004 1566 2382
1246 2193 1566 2382
1331 1769 1664 2134
352 1494 985 2206
443 933 724 1220
705 2754 913 3179
156 2859 372 3100
2095 1782 2448 2487
2239 1782 2448 2487
0 815 208 1129
2036 829 2448 1312
2036 1011 2304 1312
0 1782 261 2173
430 678 1259 1266
535 1984 985 2206
953 2904 1521 3263
953 2904 1521 3244
1064 2904 1521 3211
1266 502 2088 1096
1266 502 1977 1096
430 678 1057 1266
750 815 1057 1266
1044 13 1312 345
1586 1736 1925 2023
2271 1782 2448 2226
241 372 685 600
783 881 1057 1266
2271 1893 2448 2226
1599 1011 2376 2448
1560 0 2448 998
1945 678 2284 998
339 39 646 332
1560 0 2448 809
1560 0 2199 424
1671 1867 2343 2448
1266 502 1873 1096
1266 502 1873 992
