0 0 2265 4032
653 2395 1427 3015
653 2596 1298 3015
766 1766 1008 2048
508 2983 782 3346
604 3096 782 3346
1636 1193 2169 1612
967 1830 1330 2120
0 854 306 1532
0 878 306 1532
564 854 1064 1193
572 919 1064 1193
572 919 959 1193
620 927 959 1193
693 959 959 1185
88 1233 306 1532
346 1378 612 1636
0 1741 991 2669
1524 2507 1959 2991
0 878 169 1274
0 2725 661 3386
0 2725 516 3386
838 548 1137 1016
838 669 1137 1016
959 693 1137 1016
177 0 790 1282
177 0 790 1145
177 0 790 927
290 0 790 927
290 0 749 927
16 1741 991 2669
56 1806 991 2669
0 1774 225 2233
1120 2145 1596 2806
1120 2145 1572 2685
177 419 362 919
741 2395 1427 2717
1185 838 2249 1483
1185 838 2161 1483
1185 838 2120 1483
338 3507 580 3838
1209 911 1475 1282
1048 0 1943 685
0 2185 556 2757
1927 491 2265 806
1927 540 2265 806
1935 580 2265 806
516 459 790 725
1185 1193 1669 1483
2040 1411 2265 1830
2040 1532 2265 1830
1048 0 1870 685
1088 0 1870 685
1185 0 1870 161
0 1540 2265 4032
0 2338 774 3120
0 0 2265 2064
403 1024 1145 1419
935 1266 2024 2064
0 2338 717 3096
1354 1266 2024 1983
1120 2201 1443 2459
1354 1266 2024 1951
1467 1266 2024 1806
741 2395 1427 2701
0 0 2265 2032
1233 338 1757 846
1233 387 1757 846
1854 637 2265 1419
1959 725 2265 1419
1274 911 1475 1282
1185 1193 1499 1483
1306 2604 1596 2806
0 0 427 1290
0 516 427 1290
112 790 427 1290
741 2395 1185 2644
1153 2443 2265 4032
1153 2580 2265 4032
0 0 346 588
0 0 338 588
0 0 338 467
903 935 1112 1217
411 3765 701 4032
1983 749 2265 1419
1241 564 1757 846
1346 0 1870 161
580 1370 943 1661
467 0 951 677
1153 2798 2265 4032
314 1903 1354 2620
1862 2580 2265 3072
1620 0 2265 467
1685 0 2265 467
1830 0 2265 467
524 0 2265 1282
524 370 1032 1096
766 1903 1354 2532
467 0 782 524
467 0 782 346
467 0 782 330
556 0 782 330
1636 1193 2007 1556
1895 0 2265 467
1895 0 2249 395
1975 0 2249 395
1975 0 2249 314
1153 3419 1532 3661
1153 3419 1499 3628
1330 2798 2265 4032
1983 749 2265 1185
0 1112 1322 2032
0 0 330 467
774 1903 1354 2532
741 2846 935 3007
1467 3112 1749 3338
524 669 999 1096
0 1137 1322 2032
104 1225 1322 2032
330 1225 1322 1927
524 669 725 1096
669 1225 1322 1927
669 1225 1282 1927
846 0 2265 1282
846 0 1951 1282
846 0 1951 1088
846 0 1943 1088
846 0 1653 1088
774 1943 1298 2532
669 1443 1040 1927
749 1443 1040 1911
822 1443 1040 1911
104 1266 677 2032
185 1266 677 2032
185 1467 677 2032
185 1580 677 2032
846 0 1540 1072
846 24 1540 1072
846 24 1209 717
1338 1540 2265 2814
0 516 233 943
774 1943 1153 2395
314 2040 766 2620
1499 596 1757 806
1330 2951 2265 4032
0 2338 572 3096
0 2338 379 3096
0 2628 379 3096
1056 830 1314 1282
1225 40 1951 661
403 1024 846 1419
1572 314 1943 1032
1701 314 1943 1032
1701 459 1943 1032
1338 1540 2265 2733
1282 40 1951 661
1362 40 1951 661
1362 217 1628 661
1362 314 1628 661
491 2515 717 2878
0 2612 1749 4032
0 2338 338 2685
0 2338 225 2685
0 3185 814 3999
1467 1266 2024 1766
0 3185 628 3999
846 104 1209 717
653 2604 1298 3015
653 2604 1096 3015
1524 1467 1830 1806
249 1112 532 1483
1419 40 1951 548
1419 40 1951 282
1548 48 1951 282
459 2612 1749 4032
185 1596 677 2032
1354 1620 1596 1951
209 1741 677 2032
1145 846 1314 1282
314 2040 749 2346
411 2096 749 2346
1290 2145 1572 2685
508 3306 814 3580
766 2395 1185 2564
0 3185 628 3806
1112 1459 1322 1757
838 1225 1282 1854
0 2338 225 2661
56 3185 628 3661
56 3185 628 3540
56 3290 499 3540
64 2701 379 3096
701 1137 1145 1395
459 2612 1653 4032
685 3169 1225 3507
459 3548 1459 4032
685 3169 1225 3491
1338 1540 2265 2588
1669 2951 2265 3862
1669 2951 2265 3749
701 2983 1128 3282
717 2612 1653 3806
1338 1540 2265 2524
1128 3862 1459 4032
741 3822 951 4032
491 3790 701 4032
0 3717 241 3999
88 3620 258 3782
2080 3604 2265 3862
0 3556 548 4032
459 3548 1177 4032
338 3540 580 3838
1330 3475 2169 4032
56 3467 225 3644
169 3459 459 3661
1153 3435 1499 3628
822 3435 1411 3806
1669 3419 2048 3749
677 3362 1072 3620
508 3362 741 3580
24 3354 306 3588
895 3338 1056 3507
564 3306 814 3499
96 3306 330 3540
56 3290 499 3491
1612 3257 1878 3475
991 3241 1225 3491
1403 3209 1749 3628
427 3185 628 3443
685 3169 1056 3443
2096 3161 2265 3370
1483 3144 1749 3338
604 3096 766 3346
701 3088 927 3282
2104 3032 2265 3201
1967 3007 2201 3177
1757 2983 1919 3153
870 2983 1128 3249
508 2983 717 3265
1709 2951 2265 3749
395 2951 661 3282
185 2894 379 3096
1870 2870 2032 3096
532 2838 774 3120
1483 2798 1854 3209
217 2709 572 2959
185 2709 354 2927
64 2701 249 2967
1024 2685 1298 2903
870 2661 1072 2822
717 2612 1653 3515
1306 2612 1532 2806
516 2612 717 2878
1395 2604 1596 2790
653 2604 1008 3015
1862 2580 2265 3056
1540 2564 1701 2814
991 2556 1233 2717
161 2540 322 2717
491 2515 701 2701
1524 2507 1959 2943
1024 2507 1427 2701
217 2491 556 2757
1540 2419 1822 2588
766 2395 959 2556
741 2395 1032 2644
0 2338 217 2661
596 2322 766 2620
1354 2314 1572 2685
1709 2241 2265 2733
766 2241 983 2403
1120 2209 1443 2459
887 2201 1298 2532
1975 2193 2161 2395
532 2185 749 2346
0 2185 540 2588
1290 2145 1451 2370
411 2096 637 2338
1096 1999 1443 2241
56 1967 991 2669
822 1951 1153 2395
774 1943 959 2201
1411 1919 1677 2080
1080 1903 1354 2177
1088 1830 1330 2024
766 1830 935 2048
241 1822 411 1983
290 1806 806 2386
209 1806 548 2032
1338 1774 2072 2524
274 1741 677 1975
16 1741 177 2104
1548 1717 1903 1943
56 1717 258 2007
669 1653 838 1927
1403 1620 1596 1878
2056 1604 2217 1782
1548 1580 1814 1806
217 1580 387 1749
1870 1540 2265 2362
2064 1532 2265 1725
935 1499 1403 2064
330 1499 701 1830
1524 1467 1830 1677
1983 1443 2169 1612
685 1435 846 1661
1314 1427 1564 1854
564 1411 733 1693
1467 1387 2024 1766
580 1370 943 1636
1451 1306 1725 1483
838 1298 1153 1854
1975 1274 2249 1483
290 1266 483 1524
1185 1249 1467 1483
1451 1233 1669 1419
104 1233 306 1532
1088 1225 1282 1483
1685 1209 1959 1427
249 1169 427 1483
1919 1145 2161 1330
2088 1137 2265 1419
1459 1137 1717 1387
774 1137 1145 1346
0 1137 193 1806
370 1112 532 1322
403 1024 814 1419
120 999 298 1290
249 991 451 1282
1983 975 2177 1185
903 935 1064 1104
620 927 919 1193
524 862 701 1096
1443 838 2120 1241
1467 838 1661 1056
1572 806 1774 1016
1411 798 1653 1088
112 790 427 1112
2088 749 2265 1056
685 701 999 983
959 693 1137 991
741 677 983 887
32 677 217 943
838 669 1024 862
548 669 725 903
1443 653 1725 838
1854 637 2048 943
1540 637 1757 806
1499 596 1717 798
1064 588 1540 1072
2048 580 2265 806
516 580 677 903
1709 572 1943 1032
1241 564 1540 846
0 556 185 790
911 548 1104 725
177 548 346 919
572 532 790 725
0 516 233 766
516 459 766 653
1128 451 1290 830
959 451 1120 717
1782 403 1943 653
1233 387 1475 604
782 370 1032 701
48 370 298 588
1419 338 1733 669
1362 314 1628 620
596 306 782 483
0 306 249 467
1854 290 2265 588
1225 258 1516 475
1532 217 1766 548
1620 161 1782 451
491 145 749 346
1830 112 2112 419
846 104 1209 612
1282 88 1475 290
1975 48 2249 314
1661 48 1951 225
943 24 1128 282
1774 0 1943 169
1524 0 1870 161
1185 0 1387 161
1088 0 1314 685
846 0 1096 217
717 0 951 677
290 0 524 927
64 0 330 346
0 895 2265 4032
741 2395 1596 2806
451 1516 717 1709
0 0 2265 1741
0 0 2265 1669
0 2338 2265 4032
1854 725 2112 1048
1927 491 2233 725
1048 919 1225 1233
774 1943 959 2225
1209 911 1427 1282
0 895 2265 3370
0 895 1403 3007
0 1741 540 2588
0 0 2265 1419
967 1137 2265 3370
967 1903 1354 2177
217 1403 548 1749
217 1403 548 1596
1096 1137 2265 3370
1757 2749 2032 3153
548 669 725 975
32 548 532 1669
64 854 532 1669
72 967 532 1669
104 1112 532 1669
169 0 346 201
0 1741 177 2145
185 1596 548 2032
604 3088 927 3346
741 370 1104 887
338 3427 580 3838
32 548 346 943
1096 1999 1451 2370
491 72 782 903
516 459 766 903
1790 2749 2032 3096
1104 1427 1564 1854
1895 0 2265 306
766 2145 1185 2564
766 2193 1185 2564
766 2193 999 2403
1895 0 2145 177
0 0 249 467
822 895 1128 1185
822 935 1064 1185
903 935 1064 1185
0 927 1403 3007
741 2596 1298 3007
741 2596 1298 2975
911 2596 1298 2927
2088 0 2265 306
1088 0 1661 830
1282 88 1661 661
1282 88 1628 661
1338 459 1846 1177
1338 596 1725 1177
1854 580 2265 1419
2088 975 2265 1419
491 72 782 524
491 145 782 524
588 306 782 508
1120 1137 2265 3370
1088 0 1362 830
1088 0 1314 830
1854 580 2265 1185
1935 580 2265 1185
0 927 1403 2701
346 927 1145 1927
1185 1137 2265 2080
1983 580 2265 1185
0 2338 1072 4032
346 927 1145 1862
346 1370 943 1862
0 2564 379 3096
0 2628 298 2967
1185 1137 2120 2080
459 2612 2265 4032
1185 1137 2024 2080
669 1435 846 1927
0 0 2265 1322
0 0 999 1290
0 0 951 1290
1636 1193 2120 1556
911 2685 1298 2927
1120 1540 2265 3370
1096 1999 1443 2346
572 532 999 983
1338 653 1725 1177
0 0 782 1290
1540 459 1846 806
0 1137 1403 2701
766 1225 1403 2532
1185 1137 2024 1983
1185 1137 1717 1483
491 145 749 524
249 1112 532 1524
290 1112 532 1524
0 0 701 1290
1338 798 1653 1177
1790 2749 1951 3072
846 0 2265 1322
1120 2209 1959 2991
0 2338 1008 4032
0 2709 572 3588
24 3306 330 3588
403 927 1145 1419
403 927 951 1419
0 1137 991 2701
0 1137 258 2007
1886 1274 2265 1612
1975 1274 2265 1612
56 1411 991 2701
56 1411 991 2669
274 1411 806 2620
0 2709 572 3386
0 0 532 1290
64 0 532 1290
1185 0 1951 282
766 1225 1403 2395
1830 48 2265 588
1830 112 2265 588
1403 1306 2024 1983
1403 1387 2024 1983
451 1370 943 1862
1322 806 2120 1322
1403 1572 1943 1983
112 0 532 1290
1112 1427 1564 1854
1661 0 1951 225
846 0 1943 1282
959 451 1314 1282
959 693 1314 1282
741 370 1032 887
1185 0 1870 282
1403 1580 1919 1983
1403 1580 1903 1943
1451 1580 1903 1943
1451 1717 1903 1943
846 0 1943 1072
1620 161 1943 1032
1120 2209 1701 2814
1120 2209 1572 2685
1008 3709 1459 4032
1008 3798 1459 4032
846 0 1766 1072
1225 217 1766 846
1225 258 1733 846
1241 338 1733 846
112 0 532 1145
0 370 298 766
1620 161 1878 499
1338 1540 2265 3370
1709 403 1943 1032
0 2338 1008 3782
2007 3604 2265 4032
1830 112 2233 419
0 2338 338 2661
766 1225 1403 2064
838 1225 1403 2064
112 0 524 1112
0 2088 540 2588
580 1370 943 1862
274 1499 806 2620
1443 806 2120 1241
56 2491 1008 3782
56 2983 717 3782
56 3290 499 3782
846 0 1209 612
491 0 782 233
1540 2193 2265 3370
1967 3007 2265 3370
217 2491 1008 3120
1225 258 1516 604
403 927 919 1419
459 2951 2265 4032
717 2612 1854 3628
2007 3790 2265 4032
314 2040 637 2338
88 3459 459 3782
2096 3032 2265 3370
1540 2193 2265 3056
564 3306 1072 3620
838 1298 1403 2064
846 24 1209 612
540 1137 1145 1403
217 2491 774 3120
459 2983 1411 4032
685 2983 1225 3491
0 3556 701 4032
516 2612 774 3120
274 1499 806 2386
1185 0 1564 161
459 3362 1411 4032
685 2983 1128 3443
274 1499 701 1975
1540 2241 2265 3056
1330 3144 2169 4032
1072 3862 1459 4032
427 2983 717 3443
717 2612 1854 3515
1709 2241 2265 3056
1403 3144 1878 3628
1483 3144 1878 3475
459 3435 1411 4032
1588 1443 1967 1604
1524 2459 1814 2701
1233 258 1532 548
846 459 1112 701
1830 112 2120 419
741 2491 1435 2782
1451 1225 1798 1467
1782 403 2265 814
685 3080 1145 3298
548 862 903 1193
846 0 1161 201
80 0 524 1128
0 903 225 1274
782 1677 1403 2193
782 1677 1403 2169
782 1830 1249 2169
1878 475 2265 814
0 2653 588 3652
0 2653 588 3386
0 2749 588 3386
556 2233 1419 2822
588 2532 1362 2822
556 2233 1419 2669
1112 903 2265 1854
1112 903 2128 1854
1451 903 2128 1419
1459 903 2128 1298
677 2556 1362 2822
677 2556 1362 2749
96 0 524 1128
677 2588 1362 2749
1128 419 1346 846
1177 419 1346 846
1128 903 1330 1257
0 0 2265 2685
1096 2088 1451 2346
516 362 1145 999
516 459 790 774
516 459 766 774
0 903 169 1225
1120 2169 1572 2685
0 0 2265 2532
1346 0 1935 169
758 2386 1419 2669
40 2532 362 2790
1056 0 1757 854
1056 0 1387 741
774 2153 983 2403
959 1677 1403 2120
1088 1677 1403 2024
548 862 895 1169
540 1128 1128 1419
1112 1088 1636 1854
0 0 395 1016
0 0 362 1016
1338 1322 2265 2016
1362 1322 2265 1983
1532 1322 2265 1983
1532 1322 2072 1983
975 895 1233 1314
975 895 1161 1145
725 362 1145 999
1362 1556 1693 1951
1008 3048 2265 4032
1145 3048 2265 4032
145 1370 951 1806
1870 0 2265 467
1241 370 1757 854
177 459 362 935
862 1903 1354 2532
870 1903 1354 2362
0 0 2265 2395
459 669 919 1128
459 669 725 1128
459 0 967 685
758 0 967 677
427 1370 951 1580
653 1387 951 1580
0 0 314 1016
0 0 306 1016
0 0 306 790
0 0 306 782
0 419 306 782
459 0 814 685
459 0 774 604
459 0 758 604
0 24 2265 2395
846 895 1064 1153
1975 0 2265 467
1983 0 2265 467
1532 1322 2072 1870
1532 1322 2016 1870
0 2112 2265 4032
0 2112 1564 4032
16 2677 1564 4032
758 2395 1185 2564
0 2112 1225 4032
1346 1540 2265 2515
1685 1161 2265 1467
1983 0 2265 395
1532 1387 2016 1870
1653 1475 2016 1870
564 0 814 685
0 2112 814 3144
0 2112 725 3064
1298 2177 2265 3701
1282 32 2265 1306
1282 32 1895 661
1354 32 1895 661
0 0 177 524
0 0 177 403
459 0 758 524
0 24 1766 2395
0 822 749 1854
0 822 749 1846
0 1008 749 1846
0 1008 395 1596
1636 298 2265 1306
1693 298 2265 1306
1693 322 2265 1306
1701 516 2265 1306
1846 637 2265 1306
2007 749 2265 1306
1387 2177 2265 3701
88 24 1766 2395
838 24 1766 1282
1701 516 1895 1040
88 1225 1322 2395
1354 120 1862 661
1387 2193 2265 3701
1443 2193 2265 3120
1443 2564 2161 3048
1524 2564 2161 3048
838 24 1661 1282
838 24 1483 1282
129 822 451 1282
1580 2193 2265 3120
0 1008 290 1532
8 1008 290 1532
741 1225 1322 2072
838 1225 1322 2072
1104 1467 1322 1749
870 24 1483 1282
870 24 1209 612
88 1411 919 2395
1346 0 1814 161
1354 217 1693 661
1354 314 1588 661
249 1919 645 2161
483 2499 725 2959
0 2983 1225 4032
0 2983 814 4032
1709 2193 2265 3120
0 1032 749 1846
0 1338 419 1846
249 1919 604 2161
88 1620 870 2395
0 2983 758 4032
862 1225 1322 1757
0 3193 758 4032
653 1145 943 1322
0 1354 419 1846
0 1451 306 1846
1387 2806 2024 3701
717 3169 1225 3556
0 3193 758 3838
427 3193 758 3669
1387 2806 1870 3701
0 3306 620 3838
16 2725 1564 4032
2096 3870 2265 4032
403 3604 596 3838
16 3515 564 4032
411 3507 620 3749
0 3306 435 3838
56 3290 516 3491
991 3249 1225 3556
1387 3193 1790 3701
628 3193 814 3499
427 3193 741 3580
717 3169 1088 3467
701 3080 1145 3298
1959 3007 2201 3185
491 2983 669 3265
580 2967 814 3144
395 2967 588 3282
1806 2886 2024 3128
1483 2806 1870 3338
1540 2790 1838 3015
2096 2774 2265 3120
0 2749 524 3386
548 2725 1564 4032
1757 2701 2161 3048
959 2677 1354 2927
596 2653 1024 2999
516 2612 725 2959
1443 2604 1653 2967
677 2588 1080 2749
1524 2564 1782 2951
1306 2532 1548 2806
40 2532 225 2693
1024 2507 1435 2782
483 2499 701 2701
1524 2459 1774 2653
1580 2403 1822 2572
758 2395 959 2564
1177 2386 1419 2669
774 2233 983 2403
556 2233 758 2620
1120 2209 1435 2685
862 2209 1145 2532
1975 2201 2161 2395
887 2201 1298 2524
1709 2193 2265 2943
1757 2177 2016 2338
1096 2088 1354 2282
1790 2032 2048 2193
870 2016 1120 2362
1153 1999 1451 2201
774 1967 959 2225
782 1935 983 2193
1016 1903 1354 2177
0 1774 241 2233
40 1766 741 2612
88 1733 814 2395
741 1645 943 1878
1387 1620 1693 1951
604 1620 870 1927
2016 1604 2265 1838
1604 1596 1798 1806
1653 1572 1991 1870
2064 1564 2265 1725
1362 1556 1653 1717
145 1483 693 1806
1854 1475 2016 1782
1104 1467 1322 1636
48 1467 306 1741
1717 1443 1967 1604
838 1427 1322 2072
588 1411 919 1661
2056 1403 2265 1636
1193 1403 1636 1854
653 1403 951 1580
1532 1387 1870 1628
1870 1378 2072 1556
862 1354 1137 1757
217 1354 419 1701
1927 1298 2136 1491
88 1298 258 1532
145 1249 395 1596
1096 1225 1322 1443
1451 1217 1661 1419
1685 1209 2016 1451
1645 1193 1911 1467
540 1177 814 1419
1911 1161 2265 1467
8 1137 185 1532
701 1128 1128 1395
1112 1088 1620 1483
1024 1064 1233 1314
1459 1056 1717 1298
249 1048 427 1282
1774 1040 2120 1274
290 1032 749 1540
887 975 1064 1153
588 959 895 1169
741 951 951 1128
1483 903 2128 1217
1128 903 1330 1080
1451 838 1653 1008
129 822 451 1177
1580 806 1766 1016
1403 790 1588 1008
564 701 919 991
532 669 725 903
1451 653 1725 838
0 653 193 1016
1846 637 2112 1048
1733 620 1895 1040
1088 588 1483 1282
0 516 233 782
1878 508 2233 814
1241 483 1499 854
846 459 1040 693
80 419 306 725
1241 411 1467 580
1451 370 1757 806
725 362 1145 895
185 346 362 540
1693 322 1895 580
1354 314 1588 483
1854 298 2265 564
1241 258 1532 475
1532 217 1693 419
1645 201 1862 411
1830 185 2080 419
80 185 354 475
870 153 1209 612
1878 112 2120 274
1282 56 1491 306
96 40 338 346
1701 32 1895 314
1419 32 1661 322
903 24 1080 217
2056 0 2265 306
1507 0 1814 161
1346 0 1556 161
1056 0 1314 741
564 0 782 306
459 0 758 346
274 0 524 1128
0 0 177 362
588 2491 1435 2782
0 0 983 4032
935 1983 1249 2169
1540 2790 1854 3015
354 0 2265 4032
354 1128 2265 4032
459 0 2265 1749
1459 1056 1911 1467
1588 1443 2016 1814
1717 1443 2016 1814
1806 1475 2016 1814
862 2088 1451 2532
1096 2088 1451 2370
0 0 870 4032
2056 0 2265 467
0 854 225 1532
0 854 225 1274
1137 2145 1451 2370
588 2491 1362 2717
741 2491 1362 2717
991 2556 1362 2717
1459 1056 1717 1370
459 0 2265 1483
483 2499 2265 4032
1878 32 2128 274
1040 0 1314 741
499 153 814 725
548 153 814 725
604 3096 814 3346
1790 2032 2136 2249
0 0 354 475
1507 120 1862 491
1532 120 1862 419
758 0 1096 677
596 225 814 725
1016 959 1306 1257
80 459 362 935
80 508 314 935
80 580 306 935
354 1128 2265 3185
1120 1209 2265 3185
459 338 919 1128
459 338 725 1128
2056 1403 2265 1725
354 1128 1991 2669
0 1137 395 2233
556 2201 1419 2669
1959 2774 2265 3185
2072 2774 2265 3120
588 0 2265 1483
1120 1209 2265 3128
354 1128 1991 2362
556 2233 1185 2620
758 2233 1185 2564
1701 0 2241 314
975 758 1282 1016
1056 758 1282 967
1645 185 2249 419
1008 3709 1459 3935
1008 3709 1459 3927
1532 1209 2136 1628
354 1128 1128 1661
427 1128 1128 1661
459 338 669 1128
741 1354 1991 2362
1016 1830 1620 2177
0 1766 814 4032
1532 1209 2072 1628
1685 1209 2072 1556
1120 1540 2265 3128
1120 2209 1774 2685
741 1354 1798 2362
459 459 669 1128
1870 0 2241 233
2056 0 2241 233
1346 1540 2265 3128
0 1766 741 4032
32 3290 532 3540
32 3290 516 3491
540 1128 1128 1661
0 0 870 2395
1016 1830 1354 2177
0 1137 306 2233
0 1137 241 2233
0 1338 241 2233
1830 185 2249 419
0 1451 241 2233
1185 0 1814 661
741 1354 1798 2072
1346 1540 2265 3048
838 1354 1798 2072
1249 1596 1798 1951
588 1387 951 1661
1088 298 2265 1483
