0 0 1200 1600
403 403 579 524
576 134 924 390
0 1196 320 1328
35 1424 297 1536
35 1456 192 1536
316 1401 480 1472
412 185 950 608
585 201 950 470
640 201 950 393
412 185 745 608
412 185 732 608
412 185 672 588
844 0 1059 198
470 528 758 668
470 534 691 646
867 1017 1017 1113
451 956 790 1065
556 547 659 624
483 636 688 752
0 0 784 688
0 480 416 688
0 480 416 649
0 480 416 630
867 1017 985 1113
0 0 784 524
608 646 758 809
608 646 742 809
550 1136 963 1318
550 1161 963 1318
448 809 742 940
432 1344 1088 1600
432 1363 1088 1600
432 1411 995 1600
550 1161 918 1318
748 390 1200 1040
748 390 1200 1030
748 483 1200 1030
384 1136 515 1232
774 806 934 1030
844 0 1059 134
0 480 332 630
784 806 934 1030
598 403 745 515
483 636 688 713
368 1049 688 1337
432 1049 688 1289
432 1049 688 1225
771 1129 1200 1312
771 1129 1200 1267
784 806 899 1030
624 649 742 809
771 1129 1200 1257
771 390 1200 534
771 390 1200 480
771 1129 1040 1257
771 1136 1024 1257
0 0 640 524
0 0 579 524
0 0 499 524
0 422 428 524
432 6 579 144
368 1260 553 1337
748 483 1200 1008
432 1049 579 1225
681 0 1200 972
697 627 832 972
0 508 1200 1600
0 508 793 1152
396 598 492 761
547 185 672 502
0 713 1200 1600
841 934 963 1043
1008 1132 1200 1232
681 0 1200 672
681 0 1200 627
732 486 899 627
0 1062 464 1241
0 1088 464 1241
681 0 1200 576
473 0 784 67
0 1062 390 1171
0 0 499 483
0 48 499 483
0 67 499 483
464 828 742 940
697 0 1200 576
697 476 867 576
0 502 332 630
972 713 1200 992
972 713 1200 876
0 508 633 1152
0 630 435 1084
0 892 1200 1600
752 892 1200 1158
838 892 1200 1158
838 988 1200 1158
838 1056 1200 1158
912 1056 1200 1158
1036 1056 1200 1152
0 1036 1200 1600
550 1036 848 1200
550 1036 848 1161
1030 988 1200 1075
697 0 1200 492
0 1136 1200 1600
0 1148 1200 1600
0 1187 1200 1600
720 1187 960 1280
720 1187 867 1280
0 1216 1200 1600
700 0 1200 492
467 908 793 1014
80 422 428 524
217 508 633 1152
592 1376 793 1491
614 1036 848 1161
441 1264 784 1356
0 1123 368 1232
0 1216 464 1395
0 1219 464 1395
64 1219 352 1328
0 1264 1200 1600
915 1315 1200 1600
915 1347 1200 1600
0 630 380 812
0 1225 464 1395
771 1164 1024 1257
771 1164 912 1257
217 508 534 1152
217 508 534 1120
217 508 534 1116
288 508 534 940
288 508 480 883
12 1196 320 1280
220 1408 576 1568
476 704 633 835
1024 1488 1200 1600
1024 1536 1200 1600
160 1072 390 1171
972 742 1200 876
972 758 1200 876
0 1324 576 1600
0 1324 486 1600
0 1356 464 1600
0 1356 464 1478
217 1356 464 1446
288 508 480 844
288 550 467 844
288 550 464 844
288 550 464 678
748 528 1200 1008
860 528 1200 816
521 908 793 979
700 0 1200 460
886 483 1200 569
0 0 412 134
1020 758 1200 876
256 1408 576 1568
640 0 784 67
502 1264 1200 1376
937 1264 1200 1372
0 1468 256 1600
700 0 1200 448
700 252 1200 448
326 0 889 377
928 0 1200 364
854 0 1059 134
700 281 1011 448
160 1072 390 1158
502 1292 963 1376
0 1280 432 1395
700 316 1011 448
0 67 499 441
1065 211 1168 364
748 569 1043 1008
928 0 1200 323
928 0 1180 236
0 67 499 361
979 0 1180 236
979 0 1097 134
345 0 889 377
345 0 867 377
1136 1536 1200 1600
179 1536 464 1600
720 1484 976 1600
220 1472 304 1552
35 1459 163 1536
256 1440 483 1568
915 1433 1200 1600
720 1408 931 1472
384 1408 576 1520
0 1382 256 1478
368 1366 448 1436
800 1363 1088 1440
944 1347 1200 1488
956 1337 1126 1436
294 1324 486 1392
0 1312 272 1395
502 1308 780 1376
736 1292 963 1376
441 1289 617 1356
937 1283 1200 1372
211 1280 432 1363
0 1280 89 1344
528 1264 784 1328
304 1225 464 1296
0 1225 121 1328
64 1219 304 1328
224 1216 358 1280
12 1196 224 1280
720 1187 812 1267
425 1184 537 1289
848 1168 1024 1244
1008 1148 1200 1232
99 1139 368 1225
742 1136 838 1203
556 1136 672 1209
496 1136 579 1225
428 1136 515 1206
1056 1132 1200 1228
924 1129 1040 1235
0 1123 160 1232
1036 1088 1177 1152
838 1088 944 1152
662 1088 787 1152
608 1088 736 1200
332 1088 464 1241
310 1078 422 1152
0 1062 195 1142
1116 1056 1200 1139
912 1056 1056 1158
432 1049 560 1187
876 1040 985 1113
950 1036 1017 1107
630 1036 848 1161
1017 998 1152 1065
752 992 889 1104
1110 988 1200 1062
451 966 736 1065
649 956 790 1046
873 934 960 1014
217 934 470 1116
467 931 595 1014
649 908 793 979
0 908 262 1097
985 892 1200 1052
784 892 880 1030
428 857 534 940
464 828 742 937
851 822 934 963
745 822 816 972
1014 816 1200 992
816 806 899 908
646 787 761 876
1113 784 1200 876
131 784 208 851
934 780 1056 886
1020 758 1152 851
1100 742 1200 832
480 736 633 835
873 691 1043 1008
396 688 470 761
390 688 512 851
0 684 435 1084
521 672 630 752
0 668 288 812
560 649 672 713
387 649 451 768
198 630 380 790
697 627 832 883
352 627 451 844
412 598 492 713
956 585 1200 777
288 576 464 678
748 569 931 771
947 537 1200 601
473 534 691 646
0 534 332 630
860 528 1107 816
672 528 758 668
588 518 704 630
604 512 732 608
358 508 480 617
886 502 1081 569
64 502 329 566
265 499 416 563
732 486 899 595
0 480 153 556
412 470 656 588
176 457 268 524
0 425 176 502
777 422 1200 534
80 422 428 515
425 406 569 515
771 403 1014 480
624 403 745 508
556 400 630 518
384 384 572 464
160 355 384 483
585 352 710 470
700 332 966 448
0 332 236 441
697 323 764 444
640 320 739 393
800 300 963 377
748 281 876 361
832 265 976 345
268 265 368 368
1084 252 1168 364
924 252 1200 371
1113 204 1200 323
700 201 950 371
547 201 624 502
928 192 1001 278
556 185 672 371
0 176 403 361
969 172 1046 281
326 166 550 374
1072 156 1174 268
1011 147 1088 259
576 134 880 390
1132 118 1200 188
0 118 323 243
854 115 1008 198
681 102 960 240
0 96 96 182
432 67 579 144
169 67 499 198
1116 57 1200 153
0 48 252 134
1056 44 1180 236
966 35 1094 249
960 32 1059 134
345 12 867 377
476 6 560 83
1116 0 1200 70
1059 0 1196 80
979 0 1094 89
928 0 1001 86
854 0 972 134
844 0 956 96
649 0 889 153
435 0 841 169
387 0 480 73
131 0 412 102
304 0 889 524
304 348 579 524
323 0 496 92
0 931 1200 1600
947 537 1200 604
0 956 1200 1600
0 0 1200 1120
0 0 784 1120
0 576 707 1120
358 0 1200 1107
0 576 688 1120
0 0 784 649
547 185 976 502
547 185 764 502
950 985 1017 1107
358 0 1200 1052
934 771 1075 886
838 1088 1040 1235
710 806 934 1030
729 806 934 1030
745 806 934 1030
604 371 1200 672
0 576 633 1120
547 185 710 502
412 598 537 739
604 371 1200 627
0 576 633 1116
771 371 1200 544
0 1376 144 1440
0 265 656 649
0 1049 1200 1600
0 1062 848 1424
771 371 1200 534
451 956 1200 1312
451 956 889 1267
451 956 880 1267
451 956 848 1267
576 0 1200 492
576 0 1200 448
752 992 889 1152
576 0 1200 393
1132 118 1200 204
0 470 656 649
0 534 396 649
822 988 1200 1312
422 704 633 940
448 704 633 857
0 576 512 1116
604 476 899 627
697 476 899 627
729 476 899 627
729 476 899 595
0 265 428 556
422 819 547 940
700 201 976 371
99 1139 368 1280
64 470 656 588
432 1411 1200 1600
358 400 1200 1052
358 400 832 979
748 483 1200 1052
1100 742 1200 876
464 745 793 979
646 745 761 876
464 1036 848 1267
662 1088 838 1267
0 0 784 502
473 0 784 86
1017 988 1200 1139
1017 998 1200 1139
1100 742 1200 841
0 0 499 502
384 384 572 467
358 400 832 883
624 528 832 883
0 1062 784 1395
268 1072 422 1152
358 400 745 646
822 1056 1200 1312
822 1232 963 1308
726 380 1059 492
726 400 873 492
1030 1043 1200 1139
912 1056 1200 1312
473 400 745 646
556 400 745 630
80 265 428 515
681 0 1200 371
0 0 499 441
464 828 793 979
368 1260 784 1376
0 576 470 1116
844 0 972 134
160 265 422 499
428 857 547 940
0 1062 464 1395
0 1123 464 1395
0 534 371 630
576 134 924 393
931 1088 1200 1312
931 1088 1200 1267
931 1088 1200 1232
748 528 1200 1052
160 265 384 483
0 1324 592 1600
720 1433 1200 1600
438 1260 784 1376
441 1264 784 1376
1008 1088 1200 1232
64 499 416 566
556 400 745 518
956 1315 1200 1436
512 0 784 86
217 1324 576 1446
0 627 470 1116
0 1382 592 1600
464 1036 848 1161
518 1036 848 1161
131 0 499 198
0 1062 361 1171
672 528 832 883
812 390 1200 476
0 627 451 1097
972 713 1200 1052
972 758 1200 992
0 48 403 441
425 1049 1200 1491
592 1283 1200 1491
0 1382 576 1600
972 758 1152 851
928 0 1200 281
928 0 1200 259
748 281 1011 377
662 1088 812 1267
928 0 1180 259
1043 32 1180 236
681 102 1200 371
924 192 1200 371
720 1283 1200 1382
720 1283 1200 1376
720 1292 963 1376
662 1088 787 1196
425 1049 1024 1321
528 1136 1024 1321
528 1161 1024 1321
528 1161 918 1321
800 300 1011 377
1072 156 1200 323
425 1049 736 1289
428 1049 736 1206
771 403 1200 534
748 528 1200 816
425 1136 579 1289
0 1062 361 1158
592 1347 1200 1491
217 1324 486 1446
441 1289 780 1376
326 0 867 377
550 1088 736 1200
428 1049 560 1206
0 118 403 441
0 1382 576 1568
0 1382 297 1478
0 627 451 1084
592 1363 1088 1491
0 1468 464 1600
0 176 403 441
1059 0 1200 153
1116 0 1200 153
928 0 1094 89
326 12 867 377
800 691 1043 1008
771 1168 1024 1257
0 1219 432 1395
592 1376 931 1491
0 668 435 1084
0 1219 304 1395
326 0 918 377
547 195 624 473
467 931 652 1014
844 0 1046 182
374 476 739 656
374 502 739 656
761 371 1200 534
0 0 435 134
563 105 960 457
588 105 960 457
374 502 739 643
0 0 784 630
256 1001 1024 1328
307 1001 1024 1328
432 1001 1024 1328
0 0 784 528
761 400 886 480
467 1001 1024 1328
467 1001 848 1145
467 1049 688 1120
464 832 739 940
448 0 1200 1273
448 646 758 860
614 0 1200 1273
0 480 329 630
0 502 329 630
524 1088 1024 1328
524 1088 1024 1321
0 1168 1200 1600
0 1232 320 1328
0 0 784 521
0 508 614 1251
844 0 1046 137
0 508 560 1251
0 582 560 1251
291 582 560 854
0 598 534 1251
518 505 659 614
316 508 492 710
316 512 492 710
0 630 534 1251
0 630 534 1097
0 630 441 1097
937 825 1200 1065
844 0 1046 134
1014 969 1200 1120
0 1052 489 1251
1072 969 1200 1062
448 1347 1200 1600
0 1052 489 1241
1110 982 1200 1062
771 371 1200 476
0 1062 361 1232
265 1052 489 1241
265 1078 464 1241
310 1078 464 1241
0 1168 1200 1475
291 582 518 854
70 364 560 521
0 1168 1152 1475
0 1180 1152 1475
649 652 745 736
336 364 560 499
934 1056 1200 1267
688 0 1200 1033
688 0 1200 1027
688 476 1200 1027
700 0 1200 502
1068 176 1174 275
464 1180 1152 1401
464 1292 963 1401
614 982 1049 1273
662 982 1049 1273
745 982 1049 1184
793 982 1049 1184
825 1040 1049 1184
64 1232 320 1328
0 1062 230 1171
976 745 1200 867
976 758 1200 867
92 748 208 851
876 1180 1152 1312
876 1180 1132 1296
316 512 486 684
934 1126 1200 1267
1068 684 1200 752
0 1408 592 1600
0 0 784 505
0 48 540 505
0 1062 230 1126
0 1280 560 1475
448 1379 1200 1600
70 422 412 521
700 0 1200 489
700 57 1200 489
976 771 1200 867
662 1088 867 1273
851 0 1196 278
1113 57 1200 361
1120 118 1200 361
1120 118 1200 358
928 0 1196 278
928 0 1196 256
969 172 1132 278
928 0 1196 169
979 0 1196 169
403 400 579 524
1024 0 1196 169
1024 0 1196 131
700 230 1200 489
345 0 918 374
0 1446 483 1600
448 1411 1200 1600
380 1408 592 1520
592 1379 928 1491
800 1347 1104 1440
1040 1337 1200 1462
464 1308 816 1401
720 1292 963 1372
368 1283 560 1427
0 1280 432 1475
940 1264 1200 1376
0 1232 128 1328
307 1187 540 1296
876 1180 1088 1296
496 1168 617 1289
707 1139 867 1273
934 1126 1200 1232
265 1113 361 1180
0 1113 361 1232
310 1107 377 1171
825 1104 982 1184
432 1104 595 1206
771 1097 1024 1257
662 1088 803 1158
524 1088 928 1321
336 1078 464 1241
745 1075 870 1177
1033 1056 1200 1161
467 1049 688 1113
1014 1043 1152 1120
908 1040 1049 1164
1004 1001 1148 1065
630 1001 848 1145
1110 985 1200 1062
793 982 985 1110
432 940 790 1068
937 937 1132 1065
473 931 652 1014
211 924 470 1120
784 889 880 1017
425 854 534 944
1033 825 1200 982
736 819 816 1033
1100 784 1200 857
976 771 1116 867
1104 745 1200 832
393 672 470 761
483 649 627 755
448 646 748 860
784 569 1200 1027
444 534 713 656
0 534 316 630
604 512 739 627
358 512 486 684
374 502 704 643
0 502 329 572
886 483 1200 560
0 480 195 553
688 476 931 867
860 464 1200 534
230 451 332 518
403 406 566 524
560 400 748 518
425 400 579 515
336 364 560 467
0 329 400 505
700 310 966 489
694 265 835 451
268 252 393 371
790 230 1200 377
969 195 1046 275
1120 185 1200 358
1068 176 1174 256
1024 172 1132 278
342 160 435 281
1078 156 1177 259
547 150 681 310
611 134 924 393
563 128 720 304
851 118 1024 278
928 115 1075 256
416 83 547 160
1113 57 1200 153
0 48 540 361
960 44 1046 134
1068 35 1180 208
326 35 755 377
537 32 736 102
1024 25 1100 131
854 19 969 137
1116 0 1200 86
979 0 1068 67
844 0 1008 118
649 0 918 153
345 0 867 374
624 0 787 86
432 0 784 83
640 771 780 860
326 0 969 524
326 0 918 524
326 0 918 403
694 265 1200 534
473 681 614 793
473 710 614 793
697 371 1200 534
0 832 1200 1600
400 112 745 528
768 371 1200 534
547 112 745 502
547 128 720 502
9 1052 489 1267
0 476 1200 1120
585 803 761 876
0 0 1200 710
598 476 739 627
0 0 787 505
0 1062 262 1171
9 1200 361 1267
176 1200 361 1267
547 195 624 502
588 0 1200 489
0 400 748 710
0 832 1200 1328
736 819 880 1033
268 160 435 371
0 582 748 1120
0 1062 262 1142
0 400 748 643
652 476 1200 1027
0 1062 230 1142
425 832 870 1177
969 188 1046 275
1004 969 1200 1161
1004 982 1200 1161
1004 985 1200 1161
1004 1001 1152 1120
425 832 790 1068
432 832 790 1068
358 512 492 710
768 371 1200 502
467 1001 870 1177
448 1408 1200 1600
416 0 784 160
432 0 784 102
0 937 1200 1328
876 1180 1200 1296
553 1360 924 1424
0 422 422 553
0 0 540 505
588 0 1200 457
464 832 748 1014
976 684 1200 867
988 684 1200 793
588 12 1200 457
844 0 1200 358
0 422 412 553
928 0 1200 358
768 371 1200 476
793 937 1200 1232
960 12 1072 134
588 105 1200 457
464 832 748 960
793 937 1132 1164
0 1088 1024 1328
1059 684 1200 774
614 1001 848 1145
928 0 1068 86
0 582 518 1120
588 105 1024 457
0 630 470 1120
793 982 1049 1164
0 1264 1200 1475
307 1088 1024 1321
928 25 1200 358
928 25 1180 278
886 483 1200 601
374 400 748 643
0 1337 1200 1600
1113 0 1200 153
0 1280 963 1475
380 1337 1200 1520
1033 985 1200 1161
1024 25 1180 208
928 115 1132 278
307 1168 617 1296
380 1347 1104 1520
380 1379 928 1520
384 387 576 518
572 166 720 390
0 0 211 134
0 432 262 524
908 249 1200 403
908 249 1200 393
0 48 211 134
112 633 332 771
288 742 422 966
768 1408 934 1520
819 1408 934 1520
857 937 1004 1148
857 1011 1004 1148
416 928 576 1049
764 960 832 1030
720 1142 1027 1267
163 0 969 688
163 0 969 528
428 160 924 528
937 1334 1200 1440
112 633 332 736
0 544 384 630
438 505 742 688
163 0 969 400
48 1456 240 1520
486 1446 720 1577
556 160 924 518
572 185 688 390
537 1190 700 1280
438 505 742 646
912 784 1200 988
912 816 1200 988
912 816 1120 972
937 816 1120 972
937 816 1088 972
720 1177 912 1267
0 544 371 630
438 505 742 633
908 444 1200 528
1001 1100 1200 1232
1072 1100 1200 1200
457 876 780 1068
476 876 780 1046
624 876 780 1046
537 1190 700 1270
937 1334 1104 1440
585 160 924 515
486 1446 720 1552
585 208 880 515
585 268 812 515
467 515 812 937
480 515 812 844
691 515 812 704
992 1168 1200 1344
624 908 780 1046
585 320 748 515
585 320 742 496
0 1363 384 1552
665 0 1200 560
704 406 1200 560
883 483 1200 560
0 1372 384 1552
665 0 1200 480
665 112 857 313
0 1238 128 1337
352 1529 464 1600
364 1529 464 1600
467 832 736 937
0 1372 259 1481
480 643 758 844
480 649 704 844
467 928 576 1017
1056 1168 1200 1260
697 0 1200 480
992 1260 1200 1344
992 1260 1200 1328
163 1436 384 1552
784 624 992 912
784 624 912 912
691 515 812 640
630 1411 1200 1600
630 1436 1200 1600
694 1436 1200 1600
694 1436 1152 1600
694 1436 960 1600
694 1436 899 1600
694 1436 848 1568
0 476 1200 1600
128 800 352 1040
128 800 352 995
208 800 352 995
332 848 464 1120
332 848 448 1113
0 0 534 524
304 1228 448 1302
0 0 480 524
956 960 1056 1123
956 1043 1056 1123
582 512 742 633
352 1036 947 1292
352 1036 867 1292
352 1036 848 1292
352 1043 828 1292
467 1043 828 1113
643 1267 1155 1376
684 1267 1155 1372
768 1504 899 1600
899 556 1200 630
960 563 1200 630
1126 1497 1200 1600
0 598 403 723
339 848 448 1113
364 848 448 1104
0 0 480 460
0 0 480 396
0 0 480 307
0 291 320 396
0 352 163 460
627 476 1200 1104
1001 985 1200 1088
742 476 899 569
0 480 608 944
0 480 400 556
0 480 374 556
0 480 233 553
0 896 1200 1600
0 896 176 1052
822 0 1200 364
48 364 476 524
179 364 476 524
704 406 1040 534
0 505 608 944
0 912 1200 1600
924 1078 1200 1270
1040 1078 1200 1168
627 518 1200 1104
284 0 969 396
284 0 969 377
448 0 768 124
0 992 230 1110
0 627 435 934
409 1340 723 1436
409 1340 576 1436
627 566 1145 1104
627 630 1145 1104
627 672 1145 1104
627 684 1145 1104
627 684 928 1104
720 684 928 1104
739 819 928 1104
697 268 1200 480
768 380 1200 480
304 1228 448 1296
704 406 886 496
0 992 160 1110
864 518 1200 928
755 566 880 672
140 912 384 1120
140 912 368 1120
140 912 262 1052
0 627 384 934
0 700 310 934
0 32 352 307
0 57 352 307
0 1088 1200 1600
0 112 352 307
924 1126 1155 1270
0 1312 678 1600
0 1379 678 1600
0 1408 678 1600
0 1424 678 1600
0 1424 544 1600
0 1456 368 1600
0 1456 256 1600
576 1078 867 1193
812 387 1200 480
768 819 928 1024
352 1104 672 1292
454 1104 672 1216
