0 0 2448 3263
1873 0 2043 443
1403 1775 1664 2049
1827 548 2128 2415
326 0 2448 3263
1827 548 2128 2408
1827 639 2023 2408
2095 1703 2448 1899
0 0 1677 3263
2115 1912 2448 2186
750 594 1625 1286
1827 685 2023 2408
554 0 2448 3263
1729 0 2448 835
1729 0 2448 737
1729 78 2448 737
1638 359 2448 2957
1638 1083 2121 2957
1214 2872 1475 3100
1259 2891 1475 3100
1638 1769 2115 2957
1736 1769 2115 2957
1919 359 2448 1795
306 2017 483 2350
2173 2572 2448 2937
326 992 705 1710
2095 359 2448 594
1736 1769 2010 2931
1259 1481 2448 3263
1259 2030 1814 2624
1259 2056 1814 2624
1521 2245 1814 2624
1259 2056 1795 2500
1958 548 2128 1064
1259 2506 2056 3263
1259 2506 1795 3263
554 0 1951 2389
855 2141 1331 2389
1919 443 2448 1795
2010 1481 2448 3263
1468 2591 1795 3263
1586 2833 1736 3263
554 0 1951 2343
783 2467 1077 2898
913 2467 1077 2898
2082 1481 2448 1671
0 0 770 1827
1919 574 2448 1795
1919 705 2448 1795
1919 757 2448 1795
1919 881 2448 1795
2010 1612 2448 3263
2075 1612 2448 2637
2082 1024 2448 1475
1919 881 2232 1795
985 2278 1207 2565
2043 913 2232 1214
2010 2487 2448 3263
2010 2487 2310 3192
1808 1782 2010 2931
554 0 1631 2343
672 959 1540 2265
1873 1847 2023 2382
1873 1847 2023 2304
1246 0 1951 2265
554 1984 855 2343
2075 1612 2448 2382
2095 2115 2448 2382
0 1475 1677 3263
0 1618 1677 3263
1312 2937 1677 3263
0 1618 1599 3263
1135 313 1325 450
594 0 1631 2186
2010 2487 2252 3192
2010 2526 2252 3192
2049 2924 2239 3192
2095 2115 2252 2297
639 0 1631 1436
1246 0 1951 2160
0 0 770 855
750 594 1625 1214
2108 757 2448 1037
1011 2350 1618 2676
1103 2350 1618 2676
594 1305 776 2186
594 1403 776 2186
1325 594 1625 920
639 0 1631 1396
724 0 1631 1096
1266 0 1951 2160
1266 567 1853 2160
1266 607 1853 2160
1266 607 1853 2030
1266 802 1847 2030
737 0 1631 972
1272 1312 1827 1847
1272 1468 1827 1847
1272 1566 1690 1847
2010 2526 2252 2970
2010 2526 2199 2970
607 65 822 672
0 0 757 855
1638 0 1951 587
1592 607 1853 1168
639 737 835 1396
306 2017 437 2310
2075 1612 2448 2128
0 1618 1494 3263
1266 802 1612 1357
1266 874 1612 1357
1259 2506 1645 2878
0 1618 1318 3263
672 1266 1468 2265
1501 887 1847 2030
1501 887 1847 1742
1501 887 1834 1403
737 0 1631 959
835 1729 1096 1925
594 1403 776 1886
2173 2826 2448 3263
0 2676 535 3263
1592 607 1795 933
0 1475 208 1814
0 1860 1318 3263
1259 2545 1566 2878
672 1625 1468 2265
1462 874 1612 1135
1919 881 2075 1795
1638 359 1834 587
737 0 1566 959
1286 0 1631 391
1442 1906 1762 2160
1390 0 1631 391
1259 2545 1566 2807
992 2572 1599 3015
855 0 1044 202
737 0 1566 861
561 3126 802 3263
1801 3087 1991 3263
796 3087 1005 3263
2082 3061 2343 3263
1103 3042 1494 3263
0 3009 535 3263
2173 3002 2350 3263
2082 2996 2239 3139
1312 2976 1677 3263
2173 2957 2448 3263
809 2944 992 3074
2049 2924 2212 3192
1782 2924 2056 3263
1214 2872 1390 3022
2173 2826 2448 3107
2239 2793 2448 2937
2036 2787 2199 2970
1083 2761 1599 3015
1631 2715 1795 3263
0 2676 417 3146
1468 2591 1658 2904
2173 2572 2448 2865
992 2572 1351 2898
1325 2565 1566 2807
1259 2545 1423 2741
2010 2526 2180 2872
1011 2506 1233 2643
2095 2487 2239 2669
1801 2474 2115 2957
1638 2428 1808 2937
985 2382 1207 2565
1181 2350 1618 2676
2115 2284 2448 2415
2088 2278 2448 2637
1044 2278 1175 2428
1521 2245 1808 2539
1259 2219 1599 2500
1142 2212 1331 2389
1044 2167 1299 2330
646 2160 855 2343
842 2154 1129 2402
855 2141 1188 2284
2128 2128 2448 2382
1423 2095 1612 2291
1547 2056 1795 2330
1808 2043 1971 2931
1266 2030 1501 2330
554 1984 691 2173
2141 1912 2448 2154
1553 1906 1762 2160
2075 1867 2206 2128
1821 1782 2010 2696
0 1762 424 2330
1116 1710 1253 1853
672 1710 874 1964
2141 1703 2448 1886
1645 1690 1840 2030
594 1664 776 1886
0 1664 208 1814
678 1625 1468 2265
326 1618 659 1925
2075 1612 2448 1880
1468 1599 1631 1742
326 1573 463 1710
1272 1566 1586 1795
868 1560 1083 1762
2088 1514 2448 1671
2082 1481 2219 1664
1416 1468 1827 1742
920 1357 1109 1494
326 1351 678 1710
1494 1312 1664 1514
783 1299 913 1436
718 1266 1240 1827
2088 1253 2448 1475
1605 1194 1847 1742
1501 1122 1723 1364
718 1116 1031 1390
705 1051 835 1272
2082 1024 2448 1253
1266 1011 1540 1357
1246 1011 1410 1207
339 992 705 1527
868 959 1540 1795
1827 940 2023 2408
0 894 182 1044
1645 887 1834 1403
2173 855 2448 1037
1710 809 1853 1168
2108 757 2382 966
1592 744 1782 933
750 731 1553 1214
1318 731 1449 900
1853 685 2017 1312
1070 685 1214 881
2121 659 2448 809
1729 646 1938 835
1325 646 1501 815
548 626 770 776
0 613 711 1827
1612 607 1795 789
13 600 463 855
1396 594 1625 920
2082 574 2297 802
2252 476 2448 639
1266 470 1592 639
2128 443 2448 770
737 378 1116 959
2095 372 2402 594
1272 365 1592 541
2108 359 2448 580
1645 359 1834 515
607 326 783 672
1135 313 1292 443
946 189 1077 319
1873 182 2043 443
0 176 195 463
1286 130 1468 287
1729 124 2448 737
659 65 822 345
2141 26 2448 267
2108 0 2448 287
1880 0 2095 411
1690 0 1951 561
1645 0 1808 235
1462 0 1631 391
1390 0 1534 195
959 0 1566 450
855 0 1037 137
737 0 1396 861
0 0 757 685
672 0 2448 3263
672 0 2448 2330
1468 359 2448 3263
0 1860 1677 3263
0 0 1031 2382
2075 359 2448 3263
1605 0 1775 711
1468 548 2343 3263
1521 874 1658 1194
691 2141 1214 2467
1044 2278 1214 2467
0 0 757 2382
2082 359 2448 1521
2082 359 2448 1475
548 65 1031 2186
737 0 2448 959
672 731 1853 2330
548 65 1031 1886
594 1305 776 1886
0 0 757 2330
2075 1481 2448 3263
2265 1899 2448 2102
548 65 1031 1436
1468 1769 2343 3263
1442 1984 1586 2134
1468 2239 2343 3263
1801 548 2141 2957
2082 443 2448 1475
2082 443 2448 802
1259 2891 1534 3100
1357 2891 1534 3100
2082 705 2448 1475
2082 913 2448 1475
1958 548 2141 2284
1801 685 2115 2957
548 626 1031 1436
639 737 1031 1436
313 2128 483 2350
691 2141 1188 2284
2075 1481 2448 2245
1638 0 2448 737
2075 1481 2448 2154
2108 705 2448 1037
737 0 1795 959
1991 2239 2343 3263
1991 2787 2343 3263
1991 2924 2343 3263
2082 2996 2343 3263
1423 1259 1664 1514
1468 2245 2056 3263
842 2095 1677 3263
1142 2095 1612 2500
1638 0 2095 587
1592 646 1938 933
2088 2128 2448 3263
2095 2128 2448 2382
2075 1481 2448 2128
2075 1481 2448 1880
842 2154 1677 3263
926 2350 1677 3263
926 2382 1207 2565
2088 2278 2448 3263
992 2350 1677 3263
2088 2278 2448 3107
2010 2239 2180 2872
1142 2212 1599 2500
1396 594 1795 953
705 1051 1031 1436
705 1051 1031 1390
672 1625 1840 2330
1547 1690 1840 2030
718 731 1853 1827
1501 809 1853 1403
1396 594 1795 920
1991 2924 2212 3263
1468 2428 2056 3263
2173 2572 2448 3107
1103 2976 1677 3263
1808 685 2023 2931
1011 2493 1318 2643
992 2350 1618 3022
0 613 711 2330
0 613 711 1925
1468 2428 1808 3263
855 0 1566 450
1631 2428 1808 3263
672 1625 1795 2330
1266 1775 1795 2330
1645 809 1853 1403
1547 1906 1795 2330
718 731 1847 1827
718 731 1553 1827
992 2350 1618 3015
992 2565 1599 3015
1246 1011 1540 1357
1266 1775 1664 2330
1272 1194 1847 1795
0 1664 424 2330
1266 0 1631 639
326 992 705 1925
1272 0 1631 541
1272 1468 1827 1795
718 959 1540 1827
737 0 1396 959
2030 1109 2448 1867
2160 848 2448 1077
0 0 1795 3263
522 0 2448 3263
985 2278 1214 2565
1762 554 2448 3263
1762 554 2408 3263
1762 554 2128 3263
1762 633 2128 3263
1762 685 2128 3263
522 0 2448 3192
672 646 1579 2330
672 809 1579 2330
1925 1488 2448 3263
1925 1664 2448 3263
1925 1867 2448 3263
1925 1880 2448 3263
1560 2245 1808 3192
1560 2245 1808 2937
1762 685 2056 3263
522 0 2448 2918
985 2356 1207 2565
1756 0 2448 1475
1756 52 2448 1475
1638 2500 1801 2937
1984 1880 2448 3263
1756 117 2448 1475
1756 117 2448 711
2082 1488 2448 1671
1919 554 2121 2415
1919 567 2121 2415
522 0 2062 2918
2036 326 2448 1475
1135 0 2062 2918
1135 0 1873 2918
1233 365 1867 2918
1880 1834 2128 2950
2036 456 2448 1475
2036 659 2448 1475
2036 705 2448 1475
2036 815 2448 1475
2088 1227 2448 1475
1984 2115 2448 3263
2088 2115 2448 2643
1880 2219 2115 2950
1984 2487 2448 3263
0 0 789 1840
1259 1749 1801 2448
1233 365 1867 2454
2036 815 2448 1449
1586 2715 1795 3192
2095 1880 2448 2154
0 3048 365 3263
1233 365 1867 1853
1135 0 1873 855
522 0 1645 2545
522 0 1592 2199
691 2134 1645 2545
1919 881 2062 2415
2082 1664 2448 1886
0 1618 1795 3263
705 0 1592 1429
1259 2017 1618 2448
522 110 789 2199
0 0 789 659
522 110 789 1906
1233 365 1867 1769
1233 620 1853 1769
1357 802 1769 1364
1984 2487 2448 3015
705 881 979 1429
705 881 953 1429
1984 2487 2297 3015
731 0 1592 959
1233 1370 1834 1769
2036 2487 2297 3015
1468 620 1853 1481
1468 809 1853 1481
620 110 789 1077
998 2356 1795 3263
1077 2356 1795 3263
1279 0 1547 293
1077 2545 1795 3263
639 110 789 809
1573 620 1853 933
1077 2545 1645 3263
1116 3133 1246 3263
580 3126 711 3263
2199 2989 2448 3263
1605 2944 1795 3263
1795 2931 2056 3263
2056 2924 2356 3263
2036 2787 2226 3015
2239 2780 2448 2937
1651 2774 1801 2937
1631 2715 1795 2963
1077 2624 1645 3263
2186 2598 2448 2865
1240 2545 1566 2852
1984 2513 2180 2872
1638 2500 1788 2918
2180 2493 2448 2669
2095 2487 2297 2859
998 2421 1233 2656
1057 2415 1207 2565
1142 2356 1645 2669
985 2356 1148 2500
1246 2343 1645 2545
2115 2284 2448 2421
1037 2278 1214 2467
2088 2271 2448 2643
1494 2265 1671 2448
1560 2245 1808 2558
1880 2219 2115 2931
691 2134 1305 2376
1423 2088 1618 2291
1259 2017 1560 2448
2258 1899 2448 2102
1455 1749 1801 2291
2088 1710 2448 1886
2082 1664 2448 1867
0 1618 1351 3263
881 1586 1083 1756
1233 1560 1618 1762
2082 1501 2219 1664
2088 1488 2448 1671
1357 1462 1488 1592
1416 1370 1834 1769
1468 1266 1618 1481
2088 1240 2448 1475
1631 1168 1769 1299
1155 1109 1299 1299
705 1051 953 1429
2108 1024 2448 1233
522 1005 744 1906
1919 881 2062 1795
2173 848 2448 1037
1612 809 1853 1475
1357 802 1664 1364
620 763 763 1077
1573 737 1853 933
2108 705 2408 933
1762 685 2056 2957
1579 659 1775 796
1318 646 1488 907
1782 639 1945 894
1645 620 1795 763
0 594 737 1840
2082 548 2219 887
2115 456 2448 822
1658 365 1867 691
2108 352 2448 580
2069 326 2448 594
65 326 215 483
1873 189 2043 443
1769 117 2448 691
1991 97 2408 398
1860 52 2088 470
1279 13 1547 293
2102 0 2448 280
1873 0 2062 437
1651 0 1873 633
1135 0 1684 855
881 0 1279 306
0 0 2356 3263
0 1618 2356 3263
1658 0 2448 3263
0 0 1873 2545
1658 0 2448 2957
672 0 1873 2545
0 0 822 2199
672 0 1873 2330
940 1984 2356 3263
2036 326 2448 3263
2036 326 2448 1501
522 110 822 2199
940 2017 2356 3263
1658 0 2448 711
2082 1488 2448 3263
2082 1488 2448 1899
2082 1488 2448 1886
1697 554 2128 2957
1586 2715 1801 3192
1697 554 2121 2957
1867 554 2121 1064
1964 554 2121 1064
1697 685 2115 2957
1077 2017 2356 3263
672 802 1853 2330
940 2278 1233 2656
1756 0 2448 711
1873 0 2448 437
731 0 1873 959
2088 1880 2448 3263
1873 0 2121 437
1762 685 2115 2957
1795 2487 2356 3263
2036 456 2448 1449
940 2415 1233 2656
940 2421 1233 2656
0 3048 483 3263
1795 2787 2356 3263
2082 1501 2448 1886
1233 802 1853 2291
2088 1880 2448 3107
2173 2493 2448 3107
1795 2924 2356 3263
2108 456 2448 933
522 763 763 1906
1077 2017 1808 3263
2082 1501 2448 1867
1259 2017 1671 2448
1077 2245 1808 3263
1135 0 1775 855
2088 1880 2448 2643
2173 2598 2448 3107
2173 2780 2448 3107
1077 2356 1788 3263
1233 802 1853 1769
1077 2356 1645 3263
1233 809 1853 1769
2095 1880 2448 2382
2167 815 2448 1096
2088 1377 2448 1697
2088 1455 2448 1697
2088 1488 2448 1697
2167 815 2448 1083
2173 815 2448 1037
1188 913 1403 1240
1638 1736 2115 2957
2075 1867 2448 2252
1612 887 1782 1181
1501 0 1867 789
1501 0 1684 789
2075 1867 2448 2115
1638 1736 2082 2957
1638 1736 2062 2957
1638 1736 1977 2931
1638 1736 1977 2859
1762 1736 1977 2859
874 1886 1338 2212
385 0 835 737
1795 2278 2448 3263
1795 2931 2004 3263
2075 1867 2369 2115
1005 326 1325 574
1991 2278 2448 3263
1991 2545 2448 3263
1991 2950 2350 3263
0 868 1795 3263
2095 1867 2448 2030
822 2441 1122 2872
822 2441 1070 2872
0 0 2448 2585
1756 0 2448 2578
1756 71 2448 2578
0 0 1971 2585
1364 2428 1684 2904
1364 2428 1684 2715
1827 424 2448 2578
0 0 378 280
352 1449 665 1716
750 1377 1135 1599
1906 620 2069 1318
1906 881 2062 1318
1867 424 2141 900
1867 541 2102 900
1873 0 2448 443
1873 0 2121 443
1873 0 2095 443
2069 1475 2448 1808
2115 0 2448 293
842 809 1853 2585
1364 2428 1540 2572
1396 809 1853 2539
1540 2043 1814 2539
2088 2278 2448 2643
1827 443 2448 2578
1827 496 2448 2578
2010 496 2448 2552
2010 496 2448 2278
2088 1214 2448 1501
2010 705 2448 2278
2010 783 2448 2278
0 868 763 2199
2023 2545 2448 3263
2023 2545 2448 3146
2023 2572 2448 3146
2167 2572 2448 3146
2167 2702 2448 3146
2167 2702 2448 3042
0 1312 652 3263
0 0 1971 2232
659 1756 835 2128
306 2036 1795 3263
985 1886 1338 2212
1756 71 2448 1827
1991 71 2448 574
1991 195 2304 574
1827 1736 2023 2578
1031 326 1325 470
2173 2859 2448 3146
2284 2859 2448 3107
2095 2180 2448 2552
2115 2284 2448 2552
1756 365 2043 1827
1834 685 2030 1827
1834 802 2030 1827
1847 802 2017 1501
0 868 763 2186
2023 2598 2232 2970
2023 2598 2232 2872
0 874 339 1331
842 2030 1671 2585
306 2036 1286 3263
855 2689 1286 3055
306 2036 972 3263
319 2036 972 3263
332 2036 972 3035
332 2036 913 2833
2043 1024 2448 1481
750 1377 1005 1540
326 1886 652 2095
0 1018 339 1331
926 2461 1795 3263
842 2030 1671 2506
1142 2030 1671 2506
926 2461 1749 3263
385 0 776 737
672 0 1971 2232
672 0 1566 2232
0 0 757 1011
332 2036 907 2754
496 2284 907 2754
0 1312 607 3263
0 1312 470 2454
0 2134 607 3263
332 2036 874 2434
391 2075 874 2434
548 2154 874 2434
815 1214 1037 1423
2173 71 2448 509
1416 2878 1795 3263
1070 0 1971 2199
319 2944 900 3263
1631 2878 1795 3263
2069 496 2448 802
0 0 705 1011
0 0 705 855
0 0 705 796
0 332 156 796
2088 1214 2448 1390
2108 496 2448 802
672 1964 1109 2232
1416 1762 1658 2030
496 2284 907 2598
685 0 1566 2062
0 1312 319 1971
150 300 757 985
300 567 757 985
0 0 705 626
267 0 705 280
26 1651 737 2186
26 1762 424 2075
1292 2030 1671 2506
744 169 1057 567
319 2970 750 3263
0 868 763 1723
0 2134 607 3179
130 2239 306 2558
548 2683 972 3035
0 1945 470 2454
1827 1847 2023 2578
613 2944 900 3263
926 2532 1749 3263
385 65 770 737
0 52 613 626
0 163 613 626
0 176 476 626
0 215 476 626
0 215 476 620
0 1390 319 1971
124 39 378 280
0 215 476 476
1396 809 1853 2095
1396 1044 1840 2095
0 1390 182 1971
0 1514 182 1971
926 2532 1684 3263
926 2532 1501 3263
926 2545 1501 3263
1266 2545 1501 2852
0 2265 607 3179
1396 1357 1840 2095
1396 1357 1840 1801
1468 1357 1840 1782
0 926 763 1723
0 972 548 1723
561 2376 907 2598
2173 195 2448 509
1070 0 1893 2199
0 1651 182 1971
78 972 548 1723
78 972 541 1723
78 1175 541 1723
78 1175 541 1507
744 169 972 567
685 887 1455 2062
705 887 1455 1697
1070 1684 1742 2199
1070 1684 1507 2062
1240 0 1893 1997
1240 0 1873 1997
1240 0 1788 1997
1240 0 1631 1997
1240 731 1605 1997
1286 1044 1605 1997
1286 1279 1605 1997
737 0 1566 1135
737 52 1566 1135
737 430 1527 1135
926 2748 1501 3263
737 430 1527 1024
685 1116 1246 2062
685 1116 1096 2062
685 1351 1096 2062
685 1468 1096 2062
0 2963 365 3263
705 1468 1096 2062
705 1468 1096 1886
926 2748 1475 3263
750 430 1527 1024
1286 1560 1560 1997
104 1383 463 1723
887 0 1259 261
881 998 1455 1697
1338 0 1631 985
1338 470 1586 985
385 274 757 737
45 2069 470 2454
1024 1051 1455 1697
1024 1109 1455 1697
0 2493 607 3179
894 802 1272 1135
1423 1906 1742 2199
1423 1945 1703 2199
1175 3009 1501 3263
0 2493 463 3179
274 0 705 280
1083 52 1566 450
1083 52 1429 254
0 1018 202 1331
0 2493 411 3179
143 2650 411 3179
718 1116 1005 1410
1507 319 1788 822
1625 319 1788 783
881 450 1122 757
1024 1351 1416 1697
750 496 1292 1024
829 496 1292 881
913 1638 1246 1977
1416 0 1631 541
705 1468 1057 1769
1227 215 1566 450
829 567 1292 881
633 3113 868 3263
2297 3107 2448 3263
1194 3107 1501 3263
1090 3107 1246 3263
783 3107 959 3244
926 3100 1116 3263
0 3061 254 3263
2075 3042 2291 3263
319 3042 711 3263
169 3035 365 3263
1416 3015 1671 3263
1175 3009 1475 3192
580 2970 750 3166
0 2963 176 3139
2173 2957 2448 3146
2317 2950 2448 3107
2004 2950 2350 3263
1795 2944 1991 3263
1599 2944 1749 3231
613 2944 900 3218
1801 2931 2004 3263
300 2918 463 3120
58 2898 235 3087
195 2878 411 3179
548 2872 809 3035
417 2872 607 3081
2284 2859 2448 3009
1455 2859 1618 3185
2167 2807 2395 3042
2036 2800 2199 2970
855 2800 1161 3055
0 2774 137 2989
463 2767 678 2918
306 2767 489 2963
1051 2748 1475 3185
1468 2735 1684 3035
1801 2722 2062 2957
110 2715 261 2904
2186 2702 2448 2937
0 2696 150 2898
992 2689 1286 2898
580 2683 972 2918
143 2650 365 2944
1801 2637 1971 2931
1266 2630 1501 2852
1468 2624 1658 2904
339 2624 522 2820
2023 2611 2212 2872
2062 2598 2232 2833
1645 2598 1808 2944
2186 2572 2448 2865
169 2552 391 2689
822 2539 1005 2872
1181 2532 1338 2761
992 2519 1122 2741
672 2513 848 2754
470 2513 913 2833
1507 2500 1684 2715
0 2493 202 2754
1011 2461 1214 2761
1808 2454 1938 2859
91 2448 228 2604
868 2441 1070 2630
352 2428 509 2591
235 2415 404 2585
561 2395 718 2591
691 2376 907 2598
1011 2369 1207 2552
1279 2343 1488 2585
176 2343 306 2558
1168 2330 1299 2585
411 2304 600 2487
829 2291 1057 2500
2115 2284 2448 2480
2095 2278 2448 2637
1638 2278 1808 2728
574 2278 750 2428
0 2265 163 2552
287 2239 470 2454
130 2239 300 2461
1540 2232 1782 2539
1299 2232 1671 2506
1827 2219 2023 2578
685 2206 874 2434
2095 2180 2448 2376
842 2154 1259 2369
548 2154 789 2310
1142 2115 1403 2350
1462 2095 1612 2265
2088 2088 2265 2252
391 2075 691 2330
45 2069 411 2350
1592 2043 1814 2284
1272 2036 1410 2167
332 2036 541 2258
1292 2030 1521 2297
1024 2023 1338 2212
1423 2010 1612 2199
528 1971 757 2199
907 1964 1109 2167
672 1964 933 2232
326 1951 574 2095
1553 1945 1703 2128
0 1945 208 2173
2167 1912 2369 2082
2258 1899 2448 2030
189 1893 378 2180
985 1886 1318 2115
489 1886 652 2030
2075 1867 2291 2115
776 1860 940 2062
1834 1847 2023 2232
404 1847 535 1991
1188 1834 1507 2062
26 1834 202 2075
913 1782 1175 1977
1416 1775 1658 2030
1514 1762 1658 1932
143 1762 424 1977
0 1762 182 1971
1645 1749 1821 2095
1292 1742 1560 1997
391 1742 535 1886
1827 1736 1997 2291
1762 1736 1977 2696
685 1716 900 1906
2082 1703 2448 1867
1827 1690 2023 1964
1070 1684 1331 1906
2069 1651 2448 1808
352 1651 737 2186
0 1651 150 1814
1044 1638 1246 1814
842 1618 1096 1886
705 1592 868 1769
143 1586 345 1801
1547 1566 1840 1782
1396 1560 1618 1801
1286 1560 1449 1762
1018 1560 1175 1723
443 1547 665 1716
1847 1521 1997 1677
0 1514 176 1716
2121 1488 2448 1664
2082 1475 2226 1664
796 1468 1057 1762
78 1455 319 1645
352 1449 522 1592
920 1423 1135 1599
1155 1410 1416 1697
104 1383 424 1723
1468 1357 1834 1690
2095 1351 2245 1501
1024 1351 1214 1592
718 1351 848 1625
287 1325 541 1507
97 1312 306 1494
470 1305 698 1677
1847 1292 2036 1645
1299 1279 1605 1579
1514 1259 1645 1527
