0 0 2265 4032
0 1862 1257 4032
1653 3854 2016 4032
0 1862 1169 4032
282 927 524 1137
1306 3128 1556 3354
1225 499 1507 1112
1096 1024 1628 1524
854 427 1056 749
1096 1024 1491 1524
0 854 209 1040
1451 362 1757 532
628 717 822 878
0 322 370 693
1241 0 1822 467
1241 0 1612 306
1290 0 1612 298
806 2991 1185 3265
282 1201 766 1919
379 1201 766 1628
1830 0 2265 556
459 1201 766 1532
427 2636 677 2927
0 1346 217 1991
1161 2112 1636 2612
1161 2112 1443 2556
1733 2596 1943 2806
1096 1024 1491 1387
2007 2282 2265 2854
2007 2548 2265 2854
2007 2548 2265 2757
1830 129 2265 556
612 80 838 403
1886 516 2136 1241
1886 677 2136 1241
282 1596 532 1919
0 0 1822 3233
516 2346 790 2572
16 3515 1354 4032
16 3628 1354 4032
1112 2007 1282 2257
733 0 2265 4032
693 975 999 1395
1903 274 2265 661
1137 322 1822 1435
1137 322 1822 1257
1137 322 1774 895
653 80 838 403
0 0 1669 3233
1282 499 1507 999
0 0 1556 3233
177 2007 1048 3233
177 2007 1048 2951
16 3628 1338 4032
137 3628 1338 4032
1209 1177 1491 1387
0 0 1556 2604
1338 2354 1636 2612
1201 499 1451 927
733 0 1266 733
733 0 1266 661
782 0 1266 564
782 209 1249 564
645 2257 1048 2838
1241 56 1822 467
1104 2661 2265 4032
1104 2717 2265 4032
540 2830 790 3233
935 0 1266 282
217 628 435 1048
709 1370 1169 1717
709 1370 1104 1604
1161 1524 1669 2290
1217 1524 1669 2217
306 516 653 1032
354 628 653 1032
306 516 596 830
935 0 1193 282
975 677 1177 975
733 0 2265 3523
1588 0 1943 443
1661 0 1943 443
1685 0 1943 258
1693 1507 2161 2185
887 3628 1338 3911
580 0 1032 419
0 0 411 548
129 161 411 508
0 0 193 548
0 120 185 548
1266 3709 1451 4032
524 814 1080 1177
749 830 1080 1177
225 701 645 1241
387 701 645 1193
225 991 508 1241
1685 0 1895 258
1669 2983 2265 3983
1378 1749 1669 2217
1249 499 1451 749
887 3685 1338 3911
1161 2112 1443 2362
1241 2112 1443 2362
387 0 1556 1411
1395 362 1774 895
1016 1354 1378 1943
225 0 483 274
733 354 2265 3523
1846 419 2265 1653
975 3693 1338 3911
24 1636 620 2185
24 1636 475 2080
1362 3015 1806 3523
0 314 1459 2604
645 2346 1040 2838
733 354 2265 3314
1290 0 1499 298
443 701 645 1016
1387 3015 1806 3523
1395 3015 1806 3467
2080 274 2265 661
387 0 1556 1346
975 685 1556 1346
1008 685 1556 1266
1306 685 1556 1266
0 314 887 1733
419 975 887 1685
596 975 887 1685
1846 419 2265 1516
1959 419 2265 1419
2016 419 2265 1201
322 1572 1459 2604
612 1935 959 2604
0 314 677 1733
596 975 887 1499
733 2806 1088 3209
177 2007 911 2951
798 354 2265 3314
1177 2717 2265 3596
1177 2717 2265 3169
1370 354 2007 2120
1757 1507 2161 2185
1757 1507 2161 1991
612 2177 878 2604
1669 3104 2209 3983
322 1572 1459 2298
798 1362 2265 3314
798 2056 2265 3314
1846 1185 2193 1516
387 0 1056 1016
0 516 677 1733
1814 1362 2265 2185
1814 1378 2265 2185
1378 1749 1669 2128
1104 3249 2265 4032
1959 903 2265 1419
177 2007 798 2814
459 2499 798 2814
427 1572 1459 2298
427 1572 1169 2298
427 1572 1080 2136
177 2007 653 2604
846 2056 2265 3314
24 1636 379 2080
1927 2661 2169 2911
0 516 524 1733
0 516 370 1427
524 1572 1080 2136
1669 3104 2209 3717
1370 1217 1927 2120
0 516 370 1395
0 516 370 1112
846 2056 2177 3314
1927 2209 2177 2806
1927 2395 2169 2806
1104 3249 2104 4032
1395 3015 1653 3411
1459 3112 1895 3596
1459 3257 1830 3596
1370 1266 1927 2120
1072 443 1274 854
72 1177 524 1733
387 0 911 580
1282 3556 1798 4032
903 2080 1249 2661
677 516 1056 1016
1903 1378 2265 2185
1935 1378 2265 2185
1935 1919 2265 2185
822 2806 1088 3136
846 2056 2007 3314
2056 1378 2265 2016
1951 3112 2185 3370
1177 2717 2007 3169
1201 2717 2007 3136
1290 2717 2007 3136
1491 2717 2007 3136
1669 3104 2185 3628
1951 2774 2265 3120
1435 1516 1927 2120
1370 1266 1653 1701
1669 3104 2024 3628
1749 3104 2024 3532
1798 3104 2024 3419
1491 2717 2007 3032
1491 2725 1927 3032
72 1370 346 1733
1435 1516 1862 1943
1685 354 2007 1298
1685 354 2007 1072
1104 3249 2016 3975
1104 3249 1701 3943
1290 2725 1596 3104
846 2056 2007 3144
1330 2056 2007 2661
846 2427 1878 3144
1330 2096 2007 2661
1685 354 2007 967
846 2427 1757 3144
1580 2314 2007 2661
846 2427 1757 3072
846 2427 1507 3072
1112 2427 1507 2911
846 2548 1217 3072
1266 3846 1451 4032
1846 3822 2104 4032
911 3749 1354 4032
137 3741 975 4032
1153 3717 1338 3911
975 3693 1153 3911
1911 3669 2161 3983
1903 3669 2064 3862
2104 3644 2265 4032
491 3644 774 3854
1282 3556 1596 4032
1491 3548 2016 3975
943 3515 1193 3806
1459 3499 1685 3677
1403 3459 1701 3943
1830 3435 2209 3717
1459 3386 1669 3596
1749 3370 1935 3532
1387 3354 1564 3523
1064 3354 1257 3636
2056 3346 2265 3661
1870 3330 2185 3564
1612 3257 1830 3556
1104 3249 1427 3661
1241 3241 1459 3564
1951 3128 2120 3370
1338 3128 1556 3338
1701 3112 1895 3322
1112 3112 1282 3314
1798 3104 2016 3354
1580 3072 1806 3467
1362 3032 1532 3217
1475 3015 1653 3306
1233 3007 1419 3265
806 2991 1185 3249
1830 2983 2265 3306
1056 2975 1233 3144
1572 2967 1733 3136
1177 2951 1354 3169
1951 2927 2265 3120
1677 2903 1911 3080
1846 2886 2032 3088
1346 2870 1596 3104
1201 2870 1451 3056
822 2806 1008 3136
2064 2774 2265 2983
1008 2757 1217 3072
645 2757 911 2951
1669 2741 1927 2991
1491 2725 1798 3032
1290 2725 1588 2919
516 2693 677 2927
1927 2661 2088 2911
1137 2653 1346 2911
2104 2644 2265 2854
516 2580 798 2814
1693 2556 1878 2717
2080 2548 2265 2757
1064 2548 1249 2733
846 2548 1145 2943
1927 2540 2169 2806
1443 2532 1757 2838
459 2499 637 2661
1112 2427 1507 2814
645 2419 919 2838
1709 2411 1999 2620
1991 2395 2169 2620
1338 2395 1588 2612
943 2395 1185 2661
612 2362 878 2604
862 2346 1040 2548
1161 2314 1378 2556
2088 2282 2265 2612
298 2249 459 2653
1959 2209 2177 2483
612 2177 846 2411
362 2120 653 2604
2032 2096 2265 2346
1330 2096 1741 2483
903 2080 1249 2507
1161 2064 1475 2290
1693 2056 1991 2378
338 2048 556 2306
1435 2016 1669 2217
556 2016 758 2290
395 2007 620 2185
177 2007 491 2306
1588 1975 1766 2225
0 1959 1169 4032
1935 1943 2161 2185
1814 1935 2088 2185
895 1935 1169 2298
685 1935 959 2451
0 1862 169 2048
249 1846 419 2016
1943 1806 2161 1991
637 1806 887 1999
1645 1798 1927 2120
1443 1790 1669 2128
1693 1766 1870 1951
1096 1766 1459 2145
322 1725 540 1943
112 1677 379 2080
282 1661 532 1919
1104 1653 1298 1991
24 1636 217 1798
427 1620 628 2048
1903 1596 2080 1870
524 1580 919 2136
822 1572 1080 1983
1024 1556 1233 1943
1556 1524 1862 1943
1217 1524 1451 1854
1435 1516 1677 1806
1757 1507 1959 1975
72 1483 282 1733
379 1467 653 1628
911 1459 1169 1717
612 1427 790 1685
1814 1387 2032 1661
2056 1378 2265 1870
790 1370 1104 1564
145 1370 346 1709
2040 1362 2201 1757
1016 1354 1378 1677
0 1346 217 1540
241 1330 467 1540
677 1314 887 1499
1628 1306 1798 1588
1201 1306 1435 1524
1459 1282 1620 1443
233 1282 411 1467
1370 1274 1588 1701
814 1274 1056 1443
459 1274 693 1532
491 1201 766 1459
1870 1185 2193 1491
693 1185 967 1395
298 1177 524 1604
1620 1161 1782 1435
975 1088 1290 1346
749 1088 911 1282
0 1056 169 1427
1451 1040 1628 1233
459 1040 677 1266
137 1040 354 1395
1959 1024 2265 1419
1096 1024 1314 1233
911 991 1080 1177
298 991 508 1241
1782 983 1959 1298
1306 983 1516 1266
782 975 999 1241
596 975 854 1330
387 975 588 1193
298 975 524 1137
1387 951 1572 1185
0 951 282 1112
637 878 846 1048
1008 846 1354 1137
1741 830 2007 1072
749 830 959 1024
524 814 749 1088
217 774 435 1048
870 741 1056 1016
1507 709 1822 1257
459 701 645 943
1362 685 1556 1032
1016 677 1177 975
354 628 653 951
1830 620 2007 967
2016 588 2265 1201
306 588 532 830
790 580 1016 822
1774 572 1943 935
596 564 758 790
854 548 1024 749
677 516 870 862
427 516 596 693
0 516 370 975
1266 499 1451 693
1596 411 1774 895
782 387 943 564
2080 379 2241 661
1564 370 1757 532
1395 362 1701 814
1685 354 1975 854
1903 338 2080 556
1137 322 1427 548
0 322 225 693
306 314 475 564
403 298 677 604
862 209 1249 564
0 201 185 548
1661 177 1903 443
1241 177 1419 467
129 161 338 499
1830 129 2265 387
0 120 177 282
645 104 911 580
677 80 838 354
1290 56 1822 427
2056 0 2233 201
1927 0 2128 193
1451 0 1612 193
1290 0 1499 241
782 0 1032 419
580 0 854 338
451 0 677 177
387 0 709 483
225 0 443 225
104 0 306 258
24 0 193 169
0 717 2265 4032
0 0 2265 1677
0 0 2265 1540
806 1185 2265 4032
1903 338 2088 677
0 717 1491 4032
1620 975 1830 1161
1064 3354 1330 3798
0 0 193 282
72 717 1491 2943
1886 516 2128 1241
1886 548 2128 1241
193 201 508 564
266 201 508 508
1201 499 1628 1112
1201 1177 1491 1524
1757 0 2265 451
177 2007 677 2927
1217 1185 2265 2911
72 717 1459 2943
0 1483 1451 4032
709 1459 1169 1717
1112 2007 1475 2290
0 1959 1451 4032
1757 0 2265 387
1830 0 2265 387
1596 411 1838 999
1596 411 1838 959
1387 951 1628 1233
806 2056 2265 4032
628 717 1080 1177
1387 3354 1669 3596
225 895 524 1241
225 927 524 1241
72 846 1459 2943
0 0 177 282
1201 499 1628 1016
725 717 1080 1177
1725 1217 1943 1556
0 1483 217 2048
0 1636 217 2048
0 1685 169 2048
177 2007 532 2749
249 1467 653 2016
733 427 1056 749
16 3644 1451 4032
1008 2056 2265 4032
1830 2983 2265 3661
2056 3233 2265 3661
1201 556 1403 927
1241 556 1403 846
935 0 1104 282
806 2725 1596 3338
806 2951 1556 3338
959 2951 1556 3338
959 2975 1556 3338
0 0 1249 1540
1443 1185 1628 1443
677 0 2265 1491
1241 0 2233 467
959 2975 1532 3314
1290 0 2233 241
282 1467 653 1943
282 1467 653 1919
217 588 653 1048
1217 1274 2265 2911
524 1556 1459 2943
1161 2177 1378 2556
1733 1266 1943 1556
137 3644 1451 4032
1153 3709 1403 3911
677 177 2265 1491
677 322 1427 1016
975 322 1427 975
1120 322 1427 854
1693 2556 2169 2911
1282 499 1628 1016
1266 177 2265 1491
306 0 709 483
306 588 653 951
338 2007 1008 3233
1693 2556 1943 2806
637 878 999 1395
1290 0 2128 241
1451 0 2128 241
1588 0 2128 241
1685 0 2128 241
1217 1274 2265 2806
1814 1806 2265 2806
1830 2209 2265 2806
1266 274 2265 1491
1072 0 1266 282
306 1467 653 1717
1814 1806 2265 2346
1814 1806 2161 2185
1814 1935 2161 2185
1161 2177 1378 2362
338 2048 1008 3233
338 2048 911 3233
516 2177 846 2572
1870 274 2265 1491
0 0 475 1540
1846 3644 2265 4032
1846 3669 2104 4032
137 3644 1354 4032
387 0 1249 1266
1104 2967 2209 4032
1572 2967 1895 3556
1572 2967 1895 3322
540 2757 911 3233
387 701 749 1266
387 814 749 1266
443 814 749 1266
1266 354 2007 1435
1266 354 2007 1298
1306 354 2007 1298
1306 685 1822 1266
72 846 1378 2080
1104 3015 2209 4032
1024 1556 1298 1991
403 0 1249 822
403 298 758 790
677 846 1378 1677
677 1274 1104 1564
177 2007 491 2653
403 298 677 693
1991 814 2169 1128
959 2975 1419 3314
338 2048 798 2814
1685 0 1943 241
580 0 1249 822
362 2120 798 2814
1008 2056 2265 3120
0 0 443 1540
1217 1274 2265 2217
580 0 1249 580
72 975 854 2080
1217 1274 1927 2217
459 814 749 1266
677 1274 1056 1499
1677 3040 1895 3322
1757 1362 2265 1975
1266 362 1701 814
72 1370 475 2080
524 1572 1459 2943
846 2395 1185 2943
1814 1362 2265 1870
1104 3015 2016 4032
1669 3306 2209 3717
1669 3370 2209 3717
233 975 854 1685
1104 3015 1701 4032
975 846 1378 1677
975 846 1354 1411
1491 2717 2265 3120
1669 2717 2265 3120
1862 2717 2265 3120
1056 2975 1419 3314
1056 2975 1282 3314
1927 2209 2265 2806
1959 2209 2265 2620
1959 274 2265 1419
1241 3015 1653 3564
0 201 370 1540
0 322 370 1540
1104 3249 1701 4032
524 1572 1459 2507
556 1806 959 2451
556 1935 959 2451
112 1370 475 2080
733 2806 1008 3209
580 0 1249 564
790 524 1217 822
967 524 1217 741
362 2120 653 2661
1903 1362 2265 1870
2040 1362 2265 1870
1217 1274 1927 2120
112 1677 475 2080
233 975 854 1604
459 975 854 1532
1749 3370 2209 3717
975 846 1354 1346
1008 846 1354 1233
2016 274 2265 1201
1491 3548 2016 4032
233 1177 524 1604
580 0 1032 564
1959 2209 2177 2620
0 322 370 1395
0 951 354 1395
895 1766 1459 2507
895 1766 1459 2298
1435 1790 1669 2217
0 322 370 975
1008 2056 2007 3072
1330 2056 1991 2612
1330 2056 1991 2483
104 0 443 258
1008 2427 1757 3072
137 3741 1354 4032
1217 1274 1862 1943
1217 1516 1862 1943
1112 2427 1757 2911
725 0 911 491
1596 669 1774 999
0 1483 1306 3394
0 1483 1217 3394
0 1483 1185 3394
1128 1153 1403 1620
1838 0 2265 338
1128 1274 1403 1620
1378 1701 1669 2217
0 370 233 709
2040 0 2265 233
1572 0 1846 387
1443 999 1830 1362
2080 2217 2265 2757
1661 0 1846 370
1201 1274 1403 1507
1080 1919 1306 2104
935 0 1661 1096
975 0 1661 1096
975 0 1661 1008
1201 491 1443 1008
975 0 1661 548
975 0 1620 548
1128 0 1620 548
129 3507 1378 4032
129 3596 1378 4032
129 3628 1378 4032
524 1314 1120 2225
524 1370 1120 2225
854 524 1104 919
854 524 1104 749
878 524 1104 749
878 2080 1217 2661
524 1580 878 2225
524 1580 878 2136
2080 2217 2265 2612
1749 1507 2088 2185
741 0 2265 4032
0 0 1757 2604
88 1008 459 1395
88 1008 419 1395
88 1008 419 1322
88 1008 379 1306
2040 0 2257 233
177 3596 1120 4007
435 3596 1120 3894
274 685 620 1193
274 895 524 1193
129 3693 1378 4032
1088 2717 2265 4032
725 1370 1120 1604
620 516 870 878
1064 2306 1378 2733
1064 2427 1298 2733
1024 1491 1306 1895
741 0 2265 3523
1870 556 2193 1096
1870 556 2128 1096
1008 3628 1338 3911
1241 362 1757 1274
1314 362 1757 1274
1354 362 1757 1274
1354 362 1757 766
0 0 1524 2604
1669 2894 2265 3983
354 685 620 999
1370 612 1677 1274
1378 1741 1669 2217
1580 2564 2265 2911
1774 2564 2265 2911
1927 2564 2265 2911
1927 2564 2169 2911
0 0 508 620
1209 693 1427 1008
741 2056 2177 3523
258 2120 1185 3394
1669 3088 2265 3983
1249 0 2265 2290
2088 1314 2265 1854
314 1645 628 2185
0 120 508 620
16 193 508 620
2072 3088 2265 3378
411 870 588 1290
0 1483 491 2314
0 1564 491 2314
1088 3128 2145 4032
1169 3459 2145 4032
1927 2612 2169 2911
1266 3007 1806 3523
1346 3015 1806 3523
0 0 1290 2048
1378 1741 1669 2080
0 0 1290 1774
887 1314 1266 1596
612 1677 1524 2604
1145 1870 1524 2475
1733 0 2007 685
1790 330 2007 685
741 2056 2177 3290
612 1677 1435 2604
612 1677 1322 2604
1249 1757 1435 1967
258 2306 1185 3394
258 2306 911 3225
1757 1507 2088 2185
1757 1507 1943 1975
258 193 508 540
1201 491 1443 919
1435 2588 1709 2774
645 1435 1169 2048
1846 274 2265 1548
2080 274 2265 774
1846 661 2265 1548
1669 3104 2265 3983
1249 330 2265 2290
258 2306 911 3153
1378 3015 1806 3523
120 1677 475 2080
1604 330 2265 2290
1249 1516 1878 1959
661 0 1201 790
661 0 1201 580
258 2306 798 3048
1669 3104 2161 3983
1669 3104 2088 3701
0 0 870 1774
1145 2040 1524 2475
612 1814 1322 2604
612 1814 1161 2604
1604 330 2007 1645
1846 878 2177 1548
1378 3088 1806 3523
217 701 1290 1774
1088 3128 1540 3661
0 0 870 1435
741 2483 1661 3290
741 2483 1467 3290
838 2483 1467 3290
854 2483 1467 3290
0 0 774 1435
0 0 774 1040
0 951 282 1435
0 1282 403 1774
1370 2056 2177 2709
1370 2056 2177 2556
1370 2056 1991 2435
806 1814 1080 2128
1830 2894 2265 3153
1870 878 2177 1548
1088 3249 1483 3661
217 701 1257 1774
1814 1233 2265 2290
241 0 774 895
249 0 774 895
249 0 709 741
612 1935 1161 2604
249 0 709 572
1895 1693 2265 2290
0 508 419 1040
1145 3249 1483 3604
40 1507 403 1774
1814 1233 2265 1798
1862 1233 2265 1757
1814 1491 2072 1798
1249 1516 1846 1895
1177 2717 2145 3596
1354 2717 2145 3596
1895 1693 2161 2185
1669 3104 2016 3628
1395 2717 2145 3596
1395 2717 2145 3403
1395 2717 1951 3403
1395 2717 1951 3088
1741 3104 2016 3532
0 1685 491 2314
217 701 1257 1645
1669 330 2007 1435
1725 532 2007 1435
854 2483 1467 3144
854 2548 1241 3144
1128 2483 1467 2911
129 3854 475 4032
177 3838 451 4007
1846 3773 2145 4032
241 3693 1378 4032
1153 3628 1338 3822
741 3596 1120 3782
1072 3507 1274 3814
1169 3459 2016 4032
1830 3435 2088 3701
1870 3338 2265 3636
1741 3322 1911 3532
1378 3282 1628 3523
1459 3273 1830 3596
1249 3265 1483 3604
1088 3249 1362 3661
1306 3128 1540 3354
1959 3120 2185 3370
1798 3104 2016 3419
1516 3088 1806 3403
1112 3080 1346 3290
1693 3040 1895 3403
1346 3032 1588 3282
1475 3015 1709 3201
685 2991 1185 3394
1830 2983 2225 3153
1532 2927 1733 3144
1975 2894 2265 3112
1354 2870 1620 3104
1177 2870 1451 3169
838 2806 1080 3136
2064 2765 2265 2935
1008 2757 1241 3144
645 2757 911 3153
1395 2733 1798 3032
1878 2725 2145 2975
1669 2717 1951 3088
2104 2644 2265 2903
1927 2612 2153 2822
1774 2596 1959 2814
1580 2596 1822 2790
854 2548 1161 2967
1064 2540 1257 2733
475 2507 798 3048
1128 2483 1467 2806
1580 2435 1862 2709
1112 2427 1298 2596
1935 2395 2177 2709
1338 2395 1604 2588
645 2370 1032 2814
2104 2338 2265 2612
1169 2306 1378 2564
258 2306 564 2749
1645 2274 1999 2620
612 2265 959 2604
1540 2233 1749 2540
298 2233 467 2403
2080 2217 2265 2403
1935 2201 2177 2556
1145 2128 1370 2475
580 2128 758 2330
878 2120 1217 2661
387 2120 653 2596
1370 2096 1677 2435
346 2096 540 2306
1161 2064 1419 2290
1636 2056 1991 2322
1346 2040 1524 2217
1096 2024 1322 2257
1427 2007 1669 2217
112 2007 491 2314
0 1991 1169 4032
1596 1983 1766 2225
540 1959 709 2136
1935 1943 2145 2185
685 1935 1161 2395
1749 1927 1927 2145
806 1927 975 2128
1080 1919 1282 2104
274 1878 475 2080
1185 1870 1451 2120
862 1814 1080 1983
1588 1806 1830 2040
387 1798 620 2185
1378 1790 1669 2080
2048 1774 2265 2290
249 1774 435 2016
1693 1717 1878 1959
1895 1693 2161 1991
0 1685 217 2056
1056 1677 1298 1983
120 1677 379 2048
314 1645 628 1951
524 1580 878 1991
645 1572 1072 2048
1249 1540 1483 1895
1024 1532 1298 1895
1419 1516 1846 1846
40 1507 282 1774
1814 1491 1991 1798
887 1435 1169 1782
1128 1403 1387 1620
1862 1387 2112 1653
887 1387 1169 1596
2088 1378 2265 1854
1604 1370 1798 1645
790 1370 1120 1564
1201 1306 1395 1507
266 1298 693 1774
0 1282 290 1572
1354 1274 1548 1524
1370 1257 1749 1701
2016 1233 2265 1757
782 1193 1290 1459
1443 1088 1822 1362
411 1040 588 1290
1120 1024 1306 1241
669 1024 1080 1330
88 1008 322 1306
0 999 177 1435
1725 983 1959 1435
1443 983 1677 1233
1612 975 1798 1145
40 951 282 1112
298 895 524 1193
637 887 895 1104
1870 878 2177 1459
1161 822 1362 1096
217 798 983 1645
1257 733 1427 1008
2016 717 2193 935
749 701 1257 1290
1209 693 1395 935
225 693 435 1048
354 685 540 951
2007 661 2265 1201
1370 612 1628 1274
1741 532 2007 1072
766 532 927 790
685 516 870 878
1056 508 1249 854
0 508 419 975
508 499 677 741
1233 491 1443 838
241 467 540 846
1459 419 1774 895
1354 411 1588 766
1056 387 1274 628
1443 362 1757 524
1790 330 1951 556
1669 330 1943 604
1128 217 1620 548
16 201 282 620
0 120 177 314
395 112 709 572
725 104 911 491
935 80 1153 274
2040 72 2257 233
1661 48 1830 370
1733 0 1943 338
1427 0 1757 346
1459 0 1661 193
1290 0 1499 290
975 0 1185 249
790 0 1201 556
451 0 870 346
249 0 483 274
24 0 314 274
0 0 2265 2435
0 1282 2265 4032
1217 967 1435 1395
241 1693 2265 4032
1766 2588 1959 2814
1024 0 2265 2435
0 1282 1217 4032
0 0 1757 1645
524 2346 790 2524
661 1370 1120 1636
