0 0 3263 2448
874 770 1331 1207
874 946 1148 1207
1370 1455 2075 1716
2735 842 3081 1005
1370 1468 1951 1716
0 0 711 1214
2056 691 2291 874
0 0 711 1044
0 0 711 979
450 535 711 750
528 802 1148 1403
659 802 1116 1129
313 600 626 1214
2643 0 3263 176
528 829 1148 1403
2787 0 3263 176
221 0 3263 1599
1795 731 3263 1599
221 0 3263 1468
548 829 1148 1403
966 770 1331 1090
0 881 3263 2448
0 881 940 2376
0 1383 3263 2448
221 0 946 476
463 0 946 476
515 0 3263 1468
515 0 3263 1383
1070 855 2056 1383
1024 1057 2056 1468
515 0 3263 1083
0 933 940 2376
0 1011 940 2376
378 1051 940 1579
2337 1631 2859 2167
2337 1631 2813 2167
2337 1749 2813 2167
463 0 855 476
221 0 691 411
352 0 691 411
0 1011 861 2376
1880 450 2506 920
1886 450 2506 920
2552 1631 2780 1827
1370 1468 1782 1716
515 110 691 280
221 0 548 345
1201 1853 2102 2134
1201 1853 2095 2108
1201 1919 1729 2095
587 829 1148 1403
815 1893 2350 2284
815 1893 2350 2271
815 1899 2350 2271
620 1383 2702 2121
1997 1501 2323 1664
0 1553 3263 2448
2787 0 3166 176
2186 567 2434 789
1795 783 3263 1599
1795 953 3179 1599
378 1051 731 1370
776 0 3263 972
398 1723 998 2173
1299 1919 1729 2075
2206 1553 3263 2448
515 19 2017 1083
515 19 2017 718
515 32 1540 718
1703 2147 2095 2284
398 1919 861 2173
2206 1553 3263 2382
2206 2004 3081 2382
2206 2017 3081 2382
2611 1553 3263 2160
0 2030 2722 2448
607 1083 1148 1403
776 176 3263 972
2669 1853 2865 2147
1560 0 3263 496
926 0 1423 248
1031 32 1423 248
3009 2010 3263 2226
881 1383 1664 1560
1886 450 2506 809
1560 0 3263 391
1945 176 3263 972
776 359 2291 920
776 633 1357 822
1945 176 3263 600
1266 359 2291 920
1031 52 1331 248
2271 391 3263 972
0 2193 607 2448
0 2193 450 2448
1775 0 3263 391
1919 0 3263 391
2069 0 3263 391
1945 176 2493 509
1272 711 1886 907
463 2030 2722 2448
2428 0 3263 391
776 633 1357 809
509 1233 940 1579
1155 19 2017 496
1155 78 2017 496
1299 1057 2056 1468
2467 19 3263 391
1560 0 1912 176
515 176 1540 718
776 633 1357 783
2454 195 3263 600
861 32 1077 287
2454 241 3263 600
2454 241 3113 522
2454 241 2976 522
1266 359 2291 861
1266 359 2291 829
2656 391 3035 711
2722 391 3035 659
1266 359 2291 750
1762 359 2291 600
1827 359 2291 580
1266 385 2278 750
1266 385 1762 711
2271 411 3263 972
2271 554 3263 972
2493 554 3263 972
1645 489 2278 750
463 2030 2389 2448
2611 554 3263 959
2467 19 3263 345
2800 104 3263 293
2467 19 2957 345
2454 241 2787 522
1181 2128 2389 2448
1181 2128 2193 2448
1181 2128 2036 2448
463 2030 1344 2448
195 2304 450 2448
2297 2252 2722 2448
2108 2239 2389 2448
398 2239 607 2448
1938 2232 2193 2448
705 2219 900 2448
2735 2206 2989 2369
1527 2206 2036 2448
868 2199 1344 2448
1240 2193 1423 2369
0 2193 332 2448
2787 2160 3263 2448
1553 2160 1775 2291
1703 2147 1853 2284
1181 2128 1723 2448
1070 2102 1344 2297
2395 2062 2532 2226
404 2036 541 2297
463 2030 1037 2448
2669 2017 2833 2147
587 2010 861 2173
2258 2004 2428 2180
2180 1977 2350 2154
815 1938 2350 2271
1299 1919 1566 2075
398 1919 639 2088
855 1899 1024 2095
959 1893 1201 2030
2702 1853 2865 2036
1631 1853 2095 2108
2337 1840 2709 2049
2709 1808 2859 2010
2545 1749 2813 2167
770 1723 998 2082
620 1677 835 1938
3042 1631 3263 1919
2643 1631 2780 1827
528 1573 685 1834
2337 1527 2656 1742
2147 1521 2323 1664
1893 1521 2062 1716
2199 1514 2428 1880
522 1514 770 1671
0 1475 496 2376
1488 1468 1782 1716
1579 1455 2075 1645
1266 1442 1605 1729
672 1390 868 1527
881 1383 1357 1560
509 1357 789 1579
2154 1325 2989 1586
1795 1305 2239 1501
2637 1299 2774 1455
633 1233 940 1468
1024 1227 1423 1429
378 1194 659 1370
1299 1161 1710 1442
365 1135 541 1390
789 1129 1148 1403
2141 1109 2297 1377
182 1096 352 1259
607 1083 1005 1312
1540 1057 2056 1468
417 1051 731 1279
874 1031 1083 1161
0 1011 861 2121
2957 992 3139 1357
1501 966 1697 1096
1899 953 3179 1599
900 946 1148 1207
0 933 156 1103
2043 926 2487 1168
685 907 907 1135
528 887 685 1109
169 881 359 1142
802 861 1064 1057
2807 842 3074 972
705 835 1116 1129
1083 829 1233 1090
587 829 920 1181
659 802 933 1096
2493 789 2663 920
2996 783 3263 1592
966 770 1331 900
313 763 626 1214
2036 757 2337 920
1272 724 1671 874
1586 711 1886 907
26 711 463 1044
2454 698 2676 861
1475 691 1658 835
1697 685 1912 829
2611 672 3224 913
528 672 1122 1083
1880 665 2082 829
776 652 1116 783
985 633 1357 770
1364 607 1723 796
1501 600 1729 731
391 600 626 920
2271 587 2715 855
2206 567 2434 744
1645 567 1925 750
1886 561 2310 809
509 561 711 737
2898 554 3263 959
2656 554 2944 711
450 535 580 750
1840 489 2278 698
2898 430 3263 600
2291 411 2741 639
2722 391 2950 587
2539 385 2787 522
1266 385 1762 639
1207 385 1377 541
2833 359 3113 522
1827 359 2291 567
1945 293 2493 509
1919 274 2082 417
2454 241 2787 456
463 241 802 476
3002 215 3263 345
2709 195 2865 404
2180 195 2415 365
515 195 1135 705
1814 182 2017 378
2049 176 2369 372
913 176 1540 718
352 176 548 345
2989 163 3263 293
2467 150 2793 345
861 124 1011 287
541 124 691 280
515 110 672 248
2800 104 3028 274
430 97 691 411
1155 78 1919 496
2069 65 2506 287
1031 52 1331 221
2924 45 3166 176
1919 45 2193 215
1240 32 1423 189
881 32 1077 208
2689 19 2957 215
2787 0 3100 137
2245 0 2513 169
1684 0 1912 176
1560 0 1762 169
783 0 946 339
646 0 855 300
456 0 691 182
221 0 450 208
0 0 639 979
0 731 3263 2448
0 0 3263 1599
1867 665 2082 842
0 0 1233 1579
2180 731 3263 2448
515 0 3263 1599
515 0 3263 972
2056 567 2434 874
966 770 3179 1599
0 1011 2702 2448
1599 437 1847 587
522 1383 2702 2121
1253 600 1729 796
1364 600 1729 796
0 0 1148 1579
2278 842 3081 1070
1024 1227 1599 1442
0 1011 2448 2448
0 1853 2448 2448
881 1383 2656 1880
2454 678 2676 920
2454 698 2676 920
0 1011 998 2376
966 770 1507 900
2924 19 3263 176
0 0 1142 1579
0 0 1005 1579
528 672 1142 1181
0 711 463 1259
2709 195 3263 496
2709 195 3028 424
515 0 2193 953
528 672 1122 1181
959 1853 2102 2134
959 1893 1729 2095
1442 0 3263 972
0 1899 2448 2448
398 1899 2350 2284
587 1899 2350 2284
815 1899 2350 2284
515 0 2173 953
926 0 1423 189
378 1083 1005 1579
0 0 855 1279
1631 1853 2102 2134
0 0 731 1279
2180 1553 3263 2448
0 2030 2448 2448
365 2036 541 2297
1011 2102 1344 2297
1188 2193 1423 2382
1736 45 2193 254
0 2030 2389 2448
2741 215 3028 424
1070 855 3179 1599
0 0 691 979
313 600 731 1279
959 1893 1566 2095
1201 1919 1566 2095
378 1194 940 1579
1886 554 3263 972
26 711 463 1259
2702 1808 2865 2036
2957 300 3263 496
1886 561 2389 940
1266 1442 1782 1729
1442 0 3263 711
1945 150 2369 398
352 0 691 182
515 32 2173 953
515 32 2069 750
1945 248 2160 398
2709 195 2924 404
1684 0 3263 711
2428 0 2767 169
1971 150 2369 372
26 711 463 1142
313 763 731 1279
3015 300 3263 496
776 633 2173 953
1442 0 1762 169
515 32 1925 750
528 1573 998 2082
1122 691 2173 953
1684 0 3263 345
1272 691 2173 953
1272 691 2173 920
861 32 1331 287
881 32 1331 248
1899 926 3179 1599
881 1383 2199 1645
1272 711 2173 920
1873 45 2193 215
881 1383 2075 1645
1070 855 2056 1468
1814 182 3263 711
2826 365 3263 659
1814 182 3113 711
2996 731 3263 1592
515 78 1925 750
2454 554 3263 972
1775 0 3263 345
2800 97 3263 345
2989 97 3263 345
1827 195 3113 711
1945 195 3113 587
1945 241 3113 587
2258 2004 2624 2180
2989 97 3263 293
2206 2017 3263 2448
2454 241 3113 587
2722 359 3113 587
2826 430 3263 659
2199 1514 2656 1880
1938 2232 2389 2448
463 2030 2036 2448
1155 78 1925 750
1266 385 1925 750
2454 672 3224 972
2454 809 2918 972
620 1677 998 2082
1827 359 2944 711
1886 561 2337 920
1827 359 2741 698
1827 359 2506 698
2069 0 3263 345
2467 0 3263 345
2545 1553 3263 2167
2689 0 3263 215
2689 0 3100 215
1827 359 2291 698
2069 0 2513 287
0 881 3139 2382
2056 600 2434 815
0 0 711 1057
789 731 3263 1599
0 672 3263 2448
163 0 3263 1318
2180 600 2434 815
2702 1775 2865 2017
163 0 946 476
476 0 3263 1318
163 0 691 378
476 535 1018 1312
1964 1410 2761 1566
528 0 3263 1318
0 1390 3263 2448
2180 548 2500 718
352 672 1109 1664
352 672 731 1364
528 776 1018 1312
221 0 691 378
528 887 1018 1312
319 0 691 378
0 1429 3263 2448
926 0 3263 1318
522 1233 1109 1664
926 0 3263 698
476 535 711 842
966 411 3263 1318
620 1645 998 1984
528 32 1762 1161
966 411 3263 1051
463 0 868 476
966 463 3263 1051
0 2036 3263 2448
352 78 548 345
594 678 1129 1161
1227 1429 3263 2108
1736 91 1984 254
718 1723 998 1984
2428 1527 3263 2108
926 0 3263 502
966 463 3263 972
1586 463 3263 972
528 32 1762 789
926 0 3263 391
1227 1429 2526 1697
1201 19 3263 698
1201 19 2500 607
1880 117 2297 417
2454 235 3263 698
1233 0 3263 391
1671 0 3263 391
1880 117 2297 352
1586 463 2989 959
2350 554 3263 972
2350 652 3224 972
2709 261 2983 424
966 496 2284 887
1481 496 2284 815
1671 0 3263 352
0 2036 2389 2448
966 561 1671 887
1762 0 3263 352
1762 0 3022 345
1762 0 2833 345
2337 143 2833 345
1762 0 2552 228
404 2036 2389 2448
2441 0 3022 287
966 633 1671 887
404 2036 2193 2448
2108 2245 2389 2448
1214 2193 1429 2382
1521 2167 2193 2448
1592 2141 1873 2284
809 2082 1103 2226
2337 2043 3263 2448
404 2036 1723 2448
2075 1997 2350 2160
626 1991 881 2147
1057 1951 1958 2115
2702 1808 2865 2017
718 1723 979 1938
2199 1677 2337 1873
620 1645 802 1938
3074 1631 3263 1919
2206 1514 2526 1664
1227 1429 2297 1697
548 1390 2754 2154
874 1383 1109 1553
2637 1312 2767 1455
1756 1299 2082 1481
522 1233 940 1664
607 1083 1018 1312
345 1064 600 1390
2069 1024 2317 1318
900 946 1148 1253
528 887 691 1109
646 842 861 1090
698 835 1109 1161
2350 809 3042 972
587 776 959 1207
352 770 731 1364
0 763 463 1057
966 691 1671 887
2180 685 2402 815
594 678 1129 1103
528 678 711 842
391 672 626 920
1880 665 2075 815
2454 652 3224 894
985 633 1364 809
2219 600 2434 750
1481 574 1925 815
1246 561 1658 835
3081 554 3263 829
2180 548 2402 718
1586 522 2989 959
1840 496 2284 763
2350 463 2735 639
1207 372 1383 522
2728 359 3263 698
3061 326 3263 554
2787 293 2983 424
2709 261 2865 417
463 254 783 476
881 248 1037 378
2454 235 2800 502
1945 189 2297 352
2173 163 2395 339
352 156 548 345
2565 143 2833 345
2337 143 2630 345
1880 117 2095 248
1736 117 1932 254
528 117 1762 789
515 110 672 280
2911 91 3263 352
319 91 691 378
2683 78 3022 287
365 78 509 274
2069 71 2239 202
2487 58 2748 202
1958 45 2193 215
881 32 1070 208
1201 26 2500 607
2774 0 3263 215
2043 0 2552 228
1762 0 2062 137
1671 0 1912 169
1560 0 1762 156
1233 0 1586 137
926 0 1357 248
646 0 868 398
443 0 691 182
221 0 450 156
163 0 352 130
0 0 711 972
0 0 3263 1697
0 0 1129 1664
528 0 3263 1697
528 0 3263 1051
789 731 3263 1697
2180 548 2434 815
0 0 1129 1364
2780 195 3133 502
2780 195 3028 339
587 678 1129 1312
0 0 868 1364
528 0 3263 894
1703 78 2017 293
1736 91 2017 293
548 1390 3263 2448
2337 1527 3263 2448
966 496 3068 1051
528 0 1762 789
2957 300 3133 502
587 678 1129 1207
0 0 731 1364
966 496 3042 1051
1906 770 3042 1051
1201 0 3263 894
1201 19 2506 607
1671 0 3263 894
2350 235 3263 894
2454 235 2983 502
2108 770 3042 1051
2350 261 3263 894
966 496 2989 959
985 561 1658 835
881 0 1586 248
620 1645 979 1938
881 0 1357 248
2350 326 3263 894
2069 71 2630 345
2069 71 2395 339
2350 326 3263 698
2611 326 3263 698
2441 0 3263 352
1481 496 2989 959
2683 0 3263 352
2728 326 3263 698
2108 809 3042 1051
2683 0 3263 287
0 907 580 1494
3055 711 3263 1018
450 241 776 470
195 254 711 1188
228 254 711 1188
228 254 711 972
228 254 626 972
672 1390 1024 1566
359 861 594 1188
359 861 561 1188
548 1161 2539 2030
548 1161 2539 1677
228 254 567 770
1266 1442 2115 2030
1266 1442 2088 2017
1325 1821 1651 2062
2160 221 2565 496
802 1122 1129 1377
2186 561 2663 894
2186 646 2663 894
1266 1442 2023 2017
1344 1475 2023 2017
2604 1553 3263 1938
2604 1553 3263 1762
2728 705 2911 913
926 1599 1312 2062
1135 2252 1312 2448
1410 137 1912 437
926 1664 1312 2062
1083 835 1827 1181
0 0 809 1155
0 0 633 1155
0 0 404 1155
0 0 359 306
1703 1031 2558 1507
1703 1031 2271 1488
1436 176 1912 437
1436 274 1684 424
2598 2193 2976 2448
0 907 267 1253
900 1207 1331 1403
300 2023 594 2173
1410 1142 1690 1272
620 1161 2539 1677
620 1279 2539 1677
881 1390 2539 1677
1259 1429 2539 1677
1631 1462 2539 1677
3009 1906 3263 2304
3009 1906 3263 2226
3087 1906 3263 2128
274 678 626 972
881 1390 1370 1521
287 182 633 600
1142 835 1827 1031
1703 1031 2271 1475
163 0 1129 378
163 0 855 378
770 1906 2572 2408
770 1906 2141 2369
770 1906 1684 2369
1808 1031 2271 1475
1827 1488 2539 1677
2761 1664 2976 1938
372 672 1129 1396
372 672 1077 1396
372 855 894 1396
522 855 894 1396
646 802 1070 1161
770 1906 1279 2369
770 2095 985 2369
1475 176 1912 437
0 39 404 1155
489 404 809 587
2800 1037 3042 1507
2800 1246 3042 1507
2800 1292 2989 1507
2598 2193 2957 2448
0 39 306 574
0 39 241 254
0 1462 143 1710
522 0 3263 1488
411 39 691 352
1507 1475 2023 2017
0 398 404 1155
2049 1501 2539 1645
2572 1057 2924 1188
1436 881 1827 1031
1919 241 2154 411
561 855 894 1305
0 992 3263 2448
1971 992 3263 2173
2252 1592 3094 2173
2252 1723 3055 2173
1971 992 3263 2141
2904 992 3146 1436
2252 1919 2878 2173
2402 1919 2878 2147
2572 1919 2878 2147
1808 1044 2271 1475
1840 424 2663 913
1840 424 2572 913
1840 496 2310 913
554 2219 757 2448
1971 1286 3263 2141
2337 1286 3263 1592
2611 1286 3263 1592
2898 1286 3263 1592
705 842 1129 1142
0 1057 3263 2448
150 1410 2095 2128
0 398 398 1155
0 398 398 1064
32 815 359 1064
104 2180 332 2448
104 2180 254 2448
2415 600 2663 763
150 1410 1893 2108
1808 1194 2271 1475
515 672 1077 1175
150 1410 1821 2075
541 1410 1821 2075
541 1507 972 1834
0 398 398 933
2239 424 2572 639
1971 1521 2846 2141
163 0 600 378
1893 1194 2271 1468
411 39 678 339
150 1410 607 1775
228 1410 607 1762
1077 842 3263 1488
1658 842 3263 1286
1658 842 3126 1096
1658 887 2950 1096
2121 920 2950 1096
522 0 3263 966
1547 2049 2141 2284
1077 946 2885 1488
2604 1553 3263 1742
966 672 1383 894
646 1507 972 1742
1103 946 2885 1488
1103 946 2448 1442
1103 946 2167 1442
1266 946 2167 1442
1266 946 2167 1403
1272 1155 1853 1403
1325 1161 1853 1403
1325 1175 1710 1403
1971 1521 2820 2141
2206 1586 2820 2049
685 1410 1821 2075
1044 1501 1821 2075
1044 1501 1769 2075
1272 1155 1449 1357
2611 0 2885 137
2454 1586 2702 1899
2487 966 2950 1096
1429 600 2676 966
1429 600 2389 940
1429 600 2160 920
1429 607 1958 907
1429 691 1671 900
0 1057 1044 2448
0 1057 1044 2402
1266 946 2167 1201
1377 946 2167 1201
1455 946 2167 1201
0 398 287 933
0 398 254 652
2180 1024 2885 1488
163 0 554 182
620 1279 972 1468
202 1710 3263 2448
3015 156 3263 313
2206 1677 2820 2049
2206 1677 2702 2049
1044 672 1383 861
1971 1521 2369 2141
1971 1521 2369 2049
1971 1534 2369 2049
2434 1710 3263 2369
2434 1710 3263 2271
2434 1808 3263 2271
2434 1873 3172 2271
202 2036 2728 2448
248 2036 2728 2448
424 2036 2728 2448
430 2036 2728 2448
430 2036 763 2304
430 2036 678 2304
705 2036 2728 2448
705 2095 2728 2448
796 2095 2728 2448
868 2095 2728 2448
685 1410 1103 1932
861 1410 1103 1932
1919 2115 2572 2408
424 2232 672 2448
868 2095 1958 2448
868 2095 1736 2448
1344 1501 1599 1729
1599 946 2167 1194
1455 0 3263 966
0 1057 241 1566
2343 1024 2885 1266
2343 1024 2611 1253
1840 2193 2728 2448
0 1240 1044 2402
522 0 2330 894
907 2095 1736 2448
907 2095 1697 2448
1814 600 2160 920
685 0 2330 894
685 0 2330 802
1188 561 1534 744
1494 359 1925 502
1475 176 1912 398
1932 2193 2728 2448
1703 1566 2023 2017
2108 979 2448 1279
2180 1227 2702 1488
2252 1227 2702 1475
2611 1873 3172 2252
3061 972 3263 1286
907 2095 1462 2448
1057 2095 1462 2448
0 1240 907 2402
907 2193 1116 2448
685 32 1188 763
685 52 1083 763
2043 0 3263 966
2474 522 2833 953
0 1579 907 2402
685 378 1031 763
685 463 1011 763
2474 522 2833 887
2474 522 2735 744
0 1579 718 2402
0 1579 718 2284
1455 0 2467 359
2154 0 3263 966
2252 0 3263 966
2415 84 3263 966
0 1579 718 2186
1044 1501 1684 2030
1018 0 2330 802
1018 0 2291 802
1762 372 2291 600
1945 235 2330 470
1018 0 1925 802
2924 293 3263 548
1932 2239 2408 2448
1240 1645 1684 2030
2206 1677 2643 2049
1018 26 1925 802
1018 110 1925 802
117 1579 718 2186
117 1579 718 2017
1227 26 1527 313
1018 110 1782 744
1044 110 1782 607
1057 215 1782 607
1083 372 1782 607
1083 372 1547 561
1560 574 1925 802
2415 124 3263 966
124 1240 417 1697
2415 124 3224 966
1044 1501 1429 1880
1455 19 2467 359
1873 78 2467 359
2415 261 3224 966
2572 385 3224 966
2722 411 3224 966
2252 0 2728 208
254 2095 489 2402
2754 554 3224 966
2754 639 3224 966
1357 1645 1684 1964
1742 1566 2023 2017
248 2310 430 2448
0 2310 130 2448
1057 2297 1214 2448
907 2265 1116 2448
1671 2258 1958 2448
1932 2252 2141 2448
3055 2245 3263 2448
2115 2239 2408 2448
1279 2239 1462 2448
470 2232 672 2402
705 2226 842 2448
2898 2219 3198 2369
554 2219 757 2402
1840 2206 2062 2337
2598 2193 2957 2369
2337 2193 2728 2448
1416 2193 1547 2408
913 2193 1077 2343
163 2193 332 2356
3048 2160 3263 2304
1455 2160 1736 2428
2245 2147 2572 2408
0 2147 143 2382
1357 2128 1729 2258
541 2128 763 2271
274 2128 489 2402
1919 2115 2271 2304
143 2102 293 2284
1057 2095 1423 2337
770 2095 985 2265
254 2095 398 2304
1762 2082 2141 2232
2434 2075 2709 2271
3009 2069 3263 2226
1547 2049 1808 2284
705 2036 861 2232
496 2036 678 2232
398 2030 594 2173
300 2023 463 2154
2252 2010 2454 2173
124 2010 378 2186
0 1991 221 2239
2611 1984 3068 2252
1246 1984 1684 2180
1697 1951 1893 2108
2885 1919 3035 2095
2572 1919 2774 2147
835 1906 1279 2226
770 1906 1044 2088
1873 1893 2095 2128
2128 1886 2350 2141
1521 1886 1769 2075
2983 1873 3172 2147
378 1873 620 2043
2702 1860 2846 2017
2539 1840 2702 2049
0 1840 241 1997
1475 1821 1651 1997
3087 1808 3263 1971
594 1808 907 2056
1240 1801 1507 2030
1756 1788 1984 2017
1521 1788 1684 1964
117 1782 522 2017
2369 1729 2643 1984
1103 1729 1312 2062
2833 1723 3055 2010
2637 1716 2820 1951
3042 1710 3263 1919
2780 1710 2976 1938
1971 1697 2271 2049
2519 1677 2702 1899
2206 1677 2558 2049
176 1677 528 1867
2761 1664 2937 1821
926 1664 1122 1984
0 1651 235 1873
1357 1645 1658 1873
685 1645 946 1919
894 1599 1051 1932
3009 1592 3172 1762
2885 1592 3094 1762
2454 1586 2637 1795
424 1579 718 2010
1044 1573 1240 1860
2604 1566 3133 1742
1742 1566 2023 1827
541 1566 685 1834
13 1560 143 1710
