0 0 2448 3263
1971 0 2154 221
1005 2878 1253 3107
868 1011 1083 1279
0 352 2448 3263
137 2030 502 2376
0 0 2448 2754
2121 0 2337 202
274 0 489 176
1514 1135 1984 1416
1514 1135 1840 1416
1527 1135 1840 1351
254 2585 502 2911
2186 0 2448 385
2258 0 2448 385
1037 0 1638 450
1964 1051 2389 1227
0 2741 202 3205
65 176 215 456
267 1011 476 1194
84 0 261 130
2023 1716 2448 2121
2023 1769 2448 2121
1168 2128 1821 3113
1436 2128 1821 2519
2075 1214 2382 1501
2075 1214 2356 1501
1436 2128 1821 2500
1057 1246 1318 1410
783 470 1455 1305
959 789 1279 1305
783 470 1455 1024
783 509 1455 1024
1142 509 1455 750
985 979 1279 1305
137 1481 411 1749
137 1481 398 1664
1436 2128 1677 2448
1436 2239 1677 2448
430 208 600 359
1168 2441 1599 3113
1168 2467 1599 3113
2023 1886 2343 2062
1168 2669 1455 2937
0 352 345 907
1436 2304 1645 2448
0 724 2448 3263
1423 437 1579 607
1338 2467 1599 3113
1338 2500 1599 3113
678 2408 1188 2702
2030 1886 2330 2030
0 0 1494 2265
0 1272 208 1442
1116 1246 1318 1383
502 2846 652 3126
0 2226 202 2741
1129 0 2448 2754
1129 0 2448 1964
1201 1175 2232 1964
1201 1175 1488 1566
1129 0 2448 1932
1932 718 2448 1671
0 724 1729 3263
594 1756 861 2154
594 1997 835 2154
0 352 215 659
0 352 176 659
783 574 1279 1024
1599 2891 2030 3263
1521 1867 1729 2193
1579 0 2219 887
1631 1756 2448 2754
306 2069 502 2376
0 0 1194 2049
502 548 698 711
600 2506 2448 3263
1331 1514 1586 1788
1331 1560 1521 1788
0 724 1703 3263
1599 1475 1925 1814
972 84 1116 398
1599 1475 1925 1756
855 2415 1188 2637
1945 1396 2448 1932
1579 0 2219 835
1932 894 2448 1671
1579 0 2219 685
1932 894 2448 1396
1932 894 2448 1312
698 1592 1494 2265
724 1592 1494 2265
1201 1325 1449 1566
0 2683 633 3263
0 2683 176 2904
1364 1364 2232 1964
1364 1364 2232 1925
1364 1364 1991 1912
1364 1364 1991 1867
1364 1364 1991 1860
1129 0 2448 1475
1671 1135 2206 1475
2278 2820 2448 3074
1671 1207 2206 1475
1129 0 2448 1286
1318 202 2448 1286
1599 2891 1951 3218
1599 2891 1906 3218
926 1690 1494 2265
1070 1782 1494 2265
1096 1867 1494 2265
1096 2108 1423 2265
1129 0 1932 1083
1801 2252 2056 2408
345 0 489 176
1742 1501 2232 1925
1410 1416 1684 1860
1410 1416 1664 1860
326 1011 476 1194
1442 202 2448 1286
2075 202 2448 711
0 58 235 293
0 724 450 1194
0 2793 633 3263
411 2793 633 3028
1710 2265 2004 2506
600 2937 1357 3263
156 0 1194 2049
143 326 528 639
1442 372 2389 1286
1579 0 2075 685
1684 0 2075 502
1684 84 1971 502
0 2820 443 3263
0 3015 293 3263
2232 274 2448 535
2154 1390 2448 1671
815 2656 1031 2898
535 2539 789 2813
1344 2506 2448 3263
1129 0 1925 1083
1442 372 2382 1286
1442 829 2069 1286
0 1024 1703 3263
1612 0 1925 163
1932 894 2448 1188
417 646 711 926
887 1782 1377 2199
143 332 528 639
254 332 528 639
1037 0 1494 450
1109 254 1436 450
1155 254 1436 450
1442 2970 1893 3263
1462 2506 2448 3263
1932 940 2363 1188
1690 391 1951 887
0 2741 202 3068
737 117 926 352
1977 1540 2448 1932
1977 1540 2448 1801
600 2937 1318 3263
182 1155 678 2049
182 1155 580 2049
182 1155 580 1938
1651 1867 2448 2754
1344 2885 1638 3263
1344 2885 1638 3185
698 1024 1703 2337
1364 1364 1991 1592
1129 0 1847 1083
1612 1527 1925 1756
1037 0 1494 332
2160 339 2448 711
678 2408 913 2702
1651 1867 2448 2617
182 1155 580 1782
698 1024 1703 2252
1122 1867 1494 2199
0 2434 202 2741
1070 0 1494 313
1847 372 2382 985
1847 430 2382 985
1527 2506 2448 3263
1527 2506 1742 2833
1984 2526 2448 2754
0 1919 293 2284
0 1991 293 2284
0 2049 293 2284
2180 1710 2448 1932
0 1148 1534 3263
1560 2591 2448 3263
1658 1867 2448 2408
1958 1945 2448 2408
2062 2062 2448 2408
2062 2128 2448 2408
2128 2128 2448 2356
2226 2128 2448 2330
248 1155 580 1782
1364 0 1756 261
1364 0 1658 261
1651 2023 2448 2617
1651 2056 2448 2617
698 1077 1703 2252
1599 2898 1906 3218
1442 855 2069 1286
1527 855 2069 1272
1129 124 1847 1083
156 0 1194 1677
776 1338 1703 2252
280 1390 580 1782
293 1390 580 1723
913 1338 1703 2252
698 1077 998 1481
254 548 946 1677
1932 1011 2284 1188
0 1148 580 2154
0 1553 580 2154
137 1736 580 2154
248 1912 580 2154
783 574 1246 1024
783 789 1031 1024
887 1782 1259 2199
1129 124 1762 1083
1129 189 1690 1083
1671 2245 2448 2617
97 1651 1534 3263
502 2082 1096 2676
522 2082 1096 2604
1586 855 2069 1233
600 2989 1318 3263
600 2989 1305 3263
718 2989 1305 3263
861 2996 1305 3263
861 3087 1188 3263
470 1227 815 1677
1671 2245 2278 2617
1671 2245 2186 2617
1671 2376 2147 2617
698 1090 998 1481
404 293 718 594
0 724 450 1168
0 724 300 1168
137 1736 463 2088
97 2284 574 2898
97 2284 391 2585
0 1148 293 1762
0 1207 293 1762
0 1403 241 1762
156 0 1194 1051
456 0 1194 1051
626 156 1194 1051
626 365 1194 1051
456 0 1090 554
1233 189 1690 1083
1233 489 1690 1083
1233 607 1638 1083
1233 639 1534 1083
1318 757 1749 1188
1677 855 2069 1135
0 1553 215 1951
156 0 489 515
855 2415 1161 2611
189 2820 443 3126
456 0 1090 352
456 0 1090 306
1867 2650 2448 3263
1906 2650 2448 3263
626 437 1194 1051
1560 2591 1951 2950
254 548 946 1299
130 2454 574 2898
1847 430 2363 985
156 0 352 515
946 1782 1259 2199
1677 2669 1951 2950
913 1338 1586 2252
261 1651 1534 3263
626 489 1116 1051
646 489 1116 874
783 489 1116 874
215 130 489 378
731 365 1109 574
332 1651 1534 2545
815 2043 1534 2487
815 2043 1396 2487
959 2173 1396 2487
1645 2996 1906 3218
1677 861 2069 1135
646 613 887 874
254 548 718 1299
306 691 718 1299
332 1651 985 2545
437 1651 985 2310
437 1658 757 2310
437 1867 757 2310
261 2330 1514 3263
815 2650 1436 3133
815 2650 1266 3133
815 2761 1168 3133
0 724 195 1090
1109 0 1494 313
600 2082 1096 2493
332 2186 705 2545
261 2552 1279 3263
261 2558 1018 3263
535 2558 1018 3211
607 2558 1018 3055
1005 2330 1514 2820
535 2898 763 3211
913 1338 1586 2134
913 1501 1586 2134
1214 1534 1586 2134
1286 1769 1586 2134
737 2226 1096 2493
920 1024 1364 1377
130 2454 528 2767
319 802 718 1299
1906 2728 2448 3263
691 1651 985 2056
456 0 979 306
1416 3126 1605 3263
600 3126 822 3263
861 3113 1122 3263
1344 3094 1527 3263
1057 3087 1188 3263
1638 3081 1893 3263
2206 3048 2448 3263
2291 3035 2448 3192
1775 3035 1906 3218
535 3035 744 3211
2062 3028 2278 3263
1814 3015 2030 3263
91 3015 293 3263
1645 2996 1853 3172
1148 2996 1305 3263
0 2996 202 3205
718 2989 926 3231
1442 2970 1684 3263
815 2970 1051 3133
261 2970 659 3263
1005 2963 1148 3107
1103 2937 1266 3094
2278 2918 2448 3074
1821 2904 1951 3094
535 2898 763 3172
1690 2891 1873 3048
1423 2885 1638 3068
411 2885 554 3028
744 2872 900 3055
0 2872 202 3068
1246 2852 1436 3107
110 2839 300 2983
189 2833 378 3068
2291 2820 2448 2957
228 2820 443 3126
1677 2800 1945 2950
1462 2793 1769 2924
456 2793 633 2931
1220 2774 1455 2937
254 2774 417 2911
848 2761 1168 3035
150 2748 326 2885
0 2741 143 2970
1906 2728 2304 3198
1338 2728 1573 3113
2219 2702 2448 2852
0 2683 163 2826
2010 2676 2226 2865
1775 2669 1951 2833
1168 2669 1325 2846
894 2656 1031 2813
2062 2650 2356 2924
992 2650 1266 2937
150 2643 306 2787
1527 2611 1684 2833
535 2604 685 2774
391 2604 574 2898
0 2598 202 2741
1853 2591 2062 2813
1560 2591 1932 2807
293 2585 502 2800
2108 2565 2337 2722
607 2558 1018 2944
946 2552 1279 2715
659 2539 789 2813
1227 2532 1514 2820
2167 2526 2448 2754
1984 2526 2193 2676
470 2519 607 2663
1396 2500 1599 2761
502 2474 691 2676
130 2461 378 2767
293 2454 528 2656
13 2434 189 2643
894 2415 1161 2611
855 2415 1051 2604
678 2408 913 2643
1671 2402 2030 2617
97 2389 391 2585
1886 2376 2147 2526
1547 2369 1821 2500
1801 2363 2004 2506
1005 2330 1325 2598
737 2317 972 2493
522 2310 789 2604
137 2284 359 2480
1312 2278 1534 2487
1991 2245 2186 2415
1148 2239 1396 2487
1645 2232 1788 2389
332 2232 567 2545
783 2226 1096 2454
0 2226 202 2487
1253 2193 1560 2337
522 2186 705 2350
1037 2180 1312 2330
959 2173 1181 2356
2023 2147 2219 2278
2128 2141 2448 2356
1521 2128 1651 2291
267 2128 398 2323
0 2128 293 2284
437 2088 580 2310
306 2088 502 2376
600 2082 861 2448
2095 2062 2232 2226
1651 2056 2095 2323
0 2049 221 2199
946 2043 1259 2199
815 2043 966 2271
137 2030 352 2219
848 2017 998 2212
2102 2004 2448 2199
1801 1997 1977 2128
1573 1997 1729 2193
39 1991 195 2128
1129 1958 1377 2115
378 1958 580 2154
1958 1945 2128 2219
1286 1919 1494 2199
0 1919 163 2088
248 1912 391 2115
2186 1886 2330 2030
1658 1867 1984 2010
1521 1867 1723 2056
1122 1867 1338 2036
483 1867 757 2147
1286 1853 1586 2134
1775 1827 2082 1964
809 1808 985 2056
137 1808 359 2088
1070 1782 1377 1919
959 1782 1188 2102
2219 1769 2448 2121
1403 1769 1579 1958
1631 1756 1762 1925
705 1756 861 2004
215 1736 463 1906
2147 1716 2448 1977
313 1716 541 1938
1521 1690 1684 1834
156 1671 352 1801
78 1664 215 1847
2252 1658 2448 1801
443 1658 731 1977
691 1651 953 1834
1534 1631 1729 1769
1344 1625 1521 1788
1612 1605 1821 1756
1410 1605 1566 1860
724 1592 992 1756
365 1566 580 1723
1742 1560 2232 1925
1331 1560 1475 1710
0 1553 195 1951
1977 1540 2408 1749
1945 1534 2415 1977
1214 1534 1488 1801
1651 1527 1925 1703
1410 1514 1586 1671
1788 1501 2082 1749
913 1501 1233 1801
2030 1494 2239 1625
1181 1494 1364 1664
1031 1488 1259 1671
235 1481 398 1664
1599 1475 1756 1612
2154 1462 2448 1671
594 1442 783 1658
1534 1416 1664 1677
470 1416 652 1677
182 1403 352 1547
0 1403 182 1625
1945 1396 2206 1579
2278 1390 2448 1527
1553 1390 1991 1592
293 1390 528 1645
776 1377 992 1618
1364 1364 1605 1573
672 1364 855 1540
1318 1351 1449 1488
2226 1344 2428 1481
1083 1344 1272 1514
953 1338 1129 1573
1201 1325 1429 1566
698 1325 998 1481
2088 1318 2323 1501
1677 1305 1984 1475
1925 1246 2206 1475
1429 1240 1560 1370
483 1227 815 1455
2075 1214 2356 1442
1527 1214 1697 1351
1671 1207 2088 1390
58 1207 293 1534
300 1194 580 1449
1201 1175 1488 1377
248 1155 443 1481
0 1148 150 1318
1684 1135 1840 1344
920 1122 1240 1377
1586 1103 1788 1233
770 1090 972 1390
1442 1083 1586 1286
842 1077 972 1253
2167 1057 2448 1312
2193 1051 2389 1181
1534 1037 1677 1201
1932 1031 2193 1188
933 1031 1083 1279
1148 1024 1364 1246
1775 1018 2010 1168
2108 1011 2284 1142
65 1011 300 1168
1318 1005 1625 1188
711 985 946 1299
254 979 450 1116
1880 966 2056 1096
2036 920 2317 1064
1677 900 1886 1122
2297 894 2448 1109
241 881 443 1037
1840 861 2069 1135
1716 855 1853 1011
783 855 1031 1024
1233 848 1514 1083
0 848 195 1090
626 829 815 1051
2010 822 2363 985
1416 822 1599 953
1129 802 1292 1011
959 789 1142 1077
874 789 1011 933
574 770 711 926
1135 763 1272 953
470 763 672 1077
1527 757 1749 1037
0 724 143 946
2304 718 2448 920
2206 718 2389 855
691 698 881 874
1488 691 1625 913
306 691 443 829
1631 672 1769 835
2186 652 2382 796
417 646 705 874
1331 639 1534 913
1690 633 1932 887
646 613 887 783
1481 607 1638 763
0 607 345 907
992 574 1246 913
345 561 554 691
652 554 861 711
254 548 535 776
1142 541 1325 718
913 535 1116 737
1259 509 1455 750
143 496 274 633
1514 489 1690 691
783 489 1057 874
2252 470 2448 646
0 463 176 659
1194 456 1331 607
1364 450 1527 691
91 443 261 594
1821 437 2036 731
1011 437 1194 620
1847 430 2271 894
463 430 626 594
254 411 528 639
1801 391 1951 698
1951 372 2095 561
861 372 1109 541
731 365 881 574
1044 352 1227 541
0 352 176 483
2160 339 2428 711
639 300 874 554
404 293 718 574
1736 287 1964 744
163 287 313 515
1579 280 1860 685
2232 274 2369 404
1155 274 1423 450
0 267 143 450
1684 241 1945 502
2075 202 2402 456
737 202 900 352
1625 195 1847 496
1416 189 1645 541
1912 176 2219 541
1383 176 1560 443
1037 176 1292 332
306 176 489 378
65 176 215 365
887 156 1077 430
2010 150 2180 280
215 130 378 339
1521 124 1762 385
1148 91 1305 306
580 91 835 352
1710 84 1971 274
293 78 456 267
1560 71 1756 208
0 58 163 293
2062 32 2206 215
456 32 672 306
2258 0 2448 235
2036 0 2350 424
2154 0 2337 202
1853 0 2075 202
1423 0 1658 202
1292 0 1494 313
1109 0 1344 137
913 0 1090 189
665 0 979 235
156 0 352 332
0 0 2448 1860
1945 1534 2448 1977
0 1037 2448 3263
0 1037 1468 3263
848 1253 2448 3263
0 169 215 456
0 176 215 456
0 0 1664 1860
274 3035 437 3192
737 0 2448 1671
1481 1253 2448 2617
1481 1286 2448 2617
1618 391 2036 887
1618 391 1951 887
0 2069 1468 3263
0 267 189 456
1618 639 1769 835
1037 2141 1312 2330
1331 1416 1664 1860
594 1442 835 1658
1201 2970 1468 3263
1201 3042 1357 3263
1201 3113 1357 3263
0 1037 1364 2493
0 2069 1455 3263
0 0 1625 1827
737 0 2448 894
0 0 1194 1645
600 267 1625 1827
1821 2904 2017 3166
84 1096 254 1240
1481 1286 2448 2611
672 267 1625 1827
0 1037 1233 2493
0 2069 1436 3263
1318 489 2448 1671
137 881 476 1194
137 881 450 1116
463 430 626 711
1090 2878 1266 3094
1553 1286 2448 2611
1560 1958 1775 2193
1481 2232 2004 2506
1481 2232 1821 2500
1658 1135 1840 1344
274 0 861 176
2010 0 2206 280
1729 744 1984 913
0 463 215 659
1560 1958 1729 2193
1057 1246 1364 1664
2030 1161 2239 1299
2108 894 2448 1142
150 2069 672 2376
150 2088 672 2376
1547 2232 1821 2500
842 789 1142 1279
842 1031 1083 1279
176 881 450 1116
1070 58 1305 306
848 1625 2448 3263
1344 2500 2448 3263
1396 2500 1742 2833
1344 2526 2448 3263
189 2774 417 3068
1142 541 1364 868
737 117 953 437
1671 1769 2258 2004
483 1527 1024 1762
1553 1390 2448 2611
0 1919 221 2199
0 2082 1436 3263
1011 267 1442 607
2010 32 2206 280
1318 1240 1605 1671
1977 1286 2448 1932
1977 1318 2448 1932
1011 267 1442 496
1612 1501 2448 2611
0 2434 502 2904
483 1540 992 1762
652 1540 992 1756
502 2310 789 2813
1083 1246 1364 1664
502 2310 789 2774
502 2310 789 2676
1631 1756 1906 1925
2226 1286 2448 1481
137 1494 359 1677
848 1625 1729 2820
1070 1769 1449 1919
437 2088 672 2310
1083 1246 1318 1514
1396 2500 1742 2761
345 0 861 176
345 0 652 176
372 0 652 176
150 2088 502 2376
1044 352 1383 607
1044 352 1331 607
0 1037 443 1534
0 1148 443 1534
0 1155 443 1534
0 2434 326 2904
0 1919 195 2128
1481 2402 2030 2617
913 0 2448 894
1847 0 2448 894
241 881 450 1116
0 2683 326 2904
1553 1390 2206 1592
1612 1501 2330 2030
0 1377 1233 2493
705 1756 861 2141
1416 489 2448 1475
1481 489 1690 913
1481 489 1690 763
855 1625 1729 2820
1240 2043 1560 2337
1253 2043 1560 2337
124 1560 476 1906
124 1560 352 1801
1423 2526 2448 3263
1318 1351 1605 1671
1651 1769 2448 2611
2121 2330 2448 2611
913 0 2219 685
1612 1501 2232 1925
1416 718 2448 1475
1651 1769 2448 2526
2226 2911 2448 3192
1364 1364 1605 1671
1344 2970 1684 3263
215 1684 476 1906
0 0 815 1645
0 0 489 430
1651 1867 2448 2526
404 0 1194 1299
1442 718 2448 1475
0 1403 757 2323
0 1403 757 2284
235 1481 411 1749
2108 940 2363 1142
156 0 489 430
1109 267 1442 496
913 437 1194 737
1037 0 2219 685
672 509 1625 1827
1344 1625 1729 2056
2252 274 2448 678
1037 0 1971 607
1344 1625 1723 2056
1344 1625 1684 1958
1403 1690 1684 1958
535 2558 1436 3263
652 1540 822 1736
0 685 221 829
1977 1462 2448 1932
2121 2382 2448 2611
2121 2382 2448 2526
1775 1827 2258 2004
1977 1462 2448 1827
600 2970 1305 3263
600 2989 926 3263
404 0 1109 1299
574 528 887 783
1521 1782 1723 2056
0 287 815 1645
855 1853 1586 2820
992 574 1351 1011
992 574 1272 953
913 0 1090 280
0 352 345 1168
0 443 345 1168
0 2082 913 3263
0 2604 659 3263
0 2741 659 3263
1416 757 1749 1051
117 2748 326 2904
228 2604 574 3126
0 1403 359 2088
672 1090 1259 1671
672 1090 1129 1573
672 1090 998 1540
1671 1207 2356 1475
1416 189 1645 607
1442 718 2448 1286
1814 1031 2193 1259
1671 1207 2088 1475
0 1207 293 1534
946 1853 1586 2820
1423 2885 2030 3263
646 554 887 783
1037 0 1971 496
1292 0 1971 496
1560 0 1971 274
0 2082 913 2787
0 2226 391 2585
1037 176 1423 450
2010 718 2448 985
0 496 345 1168
920 509 1625 1827
1155 1175 1488 1827
815 2970 1305 3263
443 1377 1233 2493
776 1377 1233 1814
1560 0 1906 208
1423 2885 1906 3263
1638 2996 1906 3263
2252 470 2448 678
1305 2278 1534 2676
130 2082 913 2787
0 848 300 1168
156 0 489 378
0 1566 757 2284
313 1566 580 1938
0 1867 757 2284
0 1912 580 2284
1853 2526 2448 3198
815 2970 1188 3263
815 2970 1122 3263
0 1403 195 1951
0 2970 659 3263
1886 2141 2448 2526
1886 2376 2278 2526
130 2186 705 2787
130 2232 567 2787
470 698 1031 1299
470 763 946 1299
946 2239 1514 2820
1292 0 1847 496
1442 861 2317 1286
1442 861 2069 1286
1442 1037 1788 1286
946 1853 1586 2356
1201 1175 1488 1801
1651 1867 2448 2323
1651 1997 2448 2323
535 2558 1436 3172
1560 2539 1932 2807
1579 176 2219 685
600 2082 913 2643
1129 802 1351 1011
1651 2004 2448 2323
1651 2023 2232 2323
1651 2023 2219 2323
920 509 1625 1377
1442 1037 1677 1286
2102 2004 2448 2245
78 1664 359 2088
91 2970 659 3263
535 2558 1168 3172
607 2558 1168 3055
744 2761 1168 3055
130 2454 528 2787
443 1651 1188 2493
1416 757 1749 1037
1612 1501 2082 1756
776 1377 1233 1801
163 287 815 1645
1906 2526 2448 3198
2062 2141 2448 2408
293 802 815 1645
737 2043 1096 2493
1977 1462 2448 1801
1005 2239 1514 2820
946 1853 1586 2199
946 2043 1370 2199
163 287 535 829
254 548 535 829
130 2461 378 2787
691 698 1031 1024
404 0 1109 874
404 0 979 574
1977 1462 2448 1749
1122 1853 1586 2199
1292 0 1762 385
1423 0 1762 385
1847 202 2402 894
1906 2650 2356 3198
992 2650 1436 3107
1286 1853 1586 2199
920 1005 1625 1377
639 156 1109 874
163 287 528 639
443 1651 1188 2102
691 1651 1188 2102
1651 1501 2082 1749
1579 241 1945 685
1201 1325 1488 1801
809 1782 1188 2102
404 91 835 574
731 156 1109 874
626 829 946 1299
1651 2023 2102 2323
293 1194 815 1645
1233 509 1534 1083
1259 509 1534 913
1423 2885 1762 3068
0 496 345 907
0 1912 391 2284
0 2030 352 2284
731 365 1109 874
293 1194 580 1645
306 2585 502 2865
913 1031 1051 1325
587 2186 718 2323
0 763 2448 3263
1560 1383 2056 1527
0 0 2448 2852
1514 1135 1840 1383
926 2030 1357 2415
1945 1534 2421 1984
293 1357 855 1729
1168 2461 1599 2989
835 763 1246 1161
835 809 1207 1161
835 809 1142 1129
0 998 2448 3263
1436 2128 1788 2474
1436 2128 1677 2474
1436 2128 1677 2421
1455 2128 1677 2415
1494 2128 1651 2337
1168 2643 1573 2989
1168 2643 1364 2846
0 0 2448 1671
940 0 2323 829
2115 0 2323 293
940 0 2121 829
1070 1246 2448 2852
1612 293 2036 972
1651 293 2036 887
1410 1246 2448 2852
933 809 1142 1129
711 2989 907 3263
1560 1383 2056 1514
0 437 235 770
0 437 235 705
1403 861 2069 1318
1534 1246 2448 2852
1534 1246 2448 2226
0 0 1181 874
0 437 215 659
1396 2461 1599 2728
940 809 1142 1077
1527 0 2121 698
652 1148 900 1429
940 274 1769 829
1534 1246 2448 2102
1527 241 2121 698
1749 1560 2284 1958
1057 1240 1403 1436
940 274 1612 691
1684 2128 2448 2852
1566 1246 2448 2102
1566 1246 2448 1984
1566 1246 2212 1573
1090 2265 2448 3263
1090 2278 2448 3263
1148 2278 1736 2513
