0 0 3263 2448
724 0 1096 189
208 0 345 280
2898 1161 3048 1416
1488 913 1742 1220
437 235 698 600
437 235 698 489
724 0 855 189
731 391 998 724
1684 1011 1847 1253
548 235 698 404
1586 1194 2102 1488
1586 1194 1893 1488
2591 45 3068 580
2617 45 3068 580
0 0 3263 2128
496 0 659 235
1710 574 2480 1077
1710 574 2350 1077
0 1024 3263 2448
0 0 195 430
2167 0 2500 280
0 0 195 254
0 0 182 208
0 0 3263 2082
2160 1011 2461 1370
1455 0 1605 176
3035 1899 3263 2226
3035 1899 3263 2102
1051 0 1527 1031
0 476 528 1024
1762 1475 1958 1716
1971 1403 2147 1690
2173 150 2343 280
1051 0 1507 1031
1148 0 1507 1031
1148 0 1507 998
1148 0 1338 998
1155 1742 1527 2082
1534 1834 1853 2043
2519 535 2885 802
0 1494 1142 2284
1684 1064 1847 1253
2650 313 2793 580
0 0 3263 2056
2160 1070 2408 1370
1788 0 2297 835
248 476 528 1024
2160 1070 2408 1344
2970 313 3100 528
580 698 920 946
2160 1951 2291 2128
580 698 855 946
2820 548 3172 1005
2820 548 3048 1005
0 522 352 992
0 522 352 933
1788 117 2297 835
1788 117 2297 796
1853 117 2297 796
1853 221 2297 796
1853 372 2297 796
1853 424 2297 796
1997 567 2147 698
1259 235 1723 1201
1259 711 1625 1201
1259 881 1625 1201
1259 966 1625 1201
1259 966 1501 1188
248 476 398 1024
3100 483 3263 646
0 0 1253 1259
0 0 1253 1194
1886 117 2134 554
731 391 998 626
1266 235 1723 737
1266 293 1645 737
1494 398 1645 737
0 0 1227 972
2284 646 2480 822
0 1592 1142 2284
1155 1742 1527 2030
0 0 992 972
182 0 992 972
235 0 992 972
607 117 992 554
770 267 992 554
861 0 1227 933
0 202 254 731
0 202 163 731
0 202 163 665
998 208 1188 548
235 0 802 972
235 0 802 829
235 169 802 829
235 169 476 528
1181 0 1507 744
1194 104 1507 744
1207 202 1507 744
1220 345 1507 744
430 796 698 972
2820 548 3015 815
607 0 3263 2056
607 587 2402 2056
1873 1573 2402 2010
1873 1573 2402 1971
1494 0 3263 2017
1494 0 3263 1534
2115 0 3218 724
1148 0 1305 985
1383 711 1605 972
1494 0 2493 1331
378 437 802 829
378 437 763 829
496 437 763 829
2115 0 2931 724
0 1592 1037 2284
607 587 1919 2056
933 450 1227 933
776 1579 1011 1893
1808 1109 3263 2017
1808 1194 2820 1697
1808 1272 2820 1697
1808 1272 2598 1697
1808 1292 2056 1625
2284 1109 3263 2017
1494 0 2493 1312
874 0 1135 254
1494 0 2408 1312
3113 1540 3263 1775
1155 1742 1436 1971
1592 0 2408 1312
2258 156 3263 1534
2395 156 3263 1370
2121 0 2931 724
2121 0 2807 724
2121 110 2807 724
2278 110 2807 417
2258 1024 2833 1534
1462 2297 1769 2448
842 1168 1919 2056
842 1168 1801 1893
1044 1377 1801 1893
2004 1272 2598 1697
607 587 1880 1723
607 587 1037 920
842 1168 1331 1573
913 1168 1331 1573
2395 456 3263 1370
2395 456 2957 1292
2839 744 3263 1370
1814 0 2030 633
0 1024 1344 2180
868 1514 1344 2180
2284 1305 3263 2017
1592 58 2408 1312
1599 58 1860 594
1599 58 1860 450
2121 241 2696 724
2239 1194 2578 1475
0 861 1253 1194
1873 1573 2219 1958
2820 548 3015 731
796 691 1880 1723
1305 1671 1919 2056
672 626 1037 920
2258 1083 2833 1534
2467 1214 2833 1534
2552 1214 2833 1534
2493 1305 3263 2017
2493 1553 2852 1932
2526 1795 2793 1932
868 1645 1344 2180
2493 1553 2852 1834
2715 1109 2976 1364
202 1690 1037 2284
0 861 1116 1175
1592 443 2408 1312
1592 678 2408 1312
1618 724 2408 1312
1592 678 1867 972
2239 1266 2578 1475
0 1729 3263 2448
1631 156 1860 450
796 783 1880 1723
796 783 1638 1364
1201 1037 1638 1364
796 783 1325 1109
796 829 1325 1109
2735 1305 3263 2017
235 1690 1037 2284
1305 1671 1919 1964
1305 1736 1782 1964
2121 241 2578 724
0 1024 979 1788
0 1592 587 2284
0 1592 215 1808
0 1625 587 2284
0 1625 483 2284
137 1625 483 1925
2154 241 2578 724
2741 156 3263 972
0 881 398 1175
1462 1312 1880 1723
1462 1312 1756 1599
352 861 1116 1129
0 1873 2859 2448
1083 1873 2859 2448
1788 724 2408 1312
2167 1318 2598 1697
437 1690 1037 2284
463 1690 1037 2173
509 1690 1037 2173
3009 1742 3263 2017
2604 1553 2852 1775
2513 0 2774 326
868 1645 1344 2134
868 1645 1175 1893
2996 561 3172 848
580 1690 1037 2173
2395 639 2957 1292
2395 639 2669 1292
2630 1729 3263 2448
2630 1788 3263 2448
2741 156 3263 861
2630 2082 3263 2448
1788 815 2408 1312
0 1220 208 1462
2669 1788 3257 2186
2669 1880 3153 2186
254 1475 750 1788
254 1475 691 1756
254 1534 691 1756
1788 953 2271 1312
1873 953 2271 1272
1873 953 2271 1220
2617 665 2957 1220
2735 1305 3263 1860
0 1024 979 1540
235 1971 522 2232
0 1383 293 1684
3028 744 3263 1370
1077 1377 1801 1893
561 1292 953 1723
0 1814 293 2284
0 1821 254 2284
2630 2128 3263 2448
2741 156 3263 672
1305 1775 1782 1964
1455 1873 2859 2448
2839 1305 3263 1534
0 2147 1129 2448
208 2147 1129 2448
2669 1880 3042 2186
528 2206 659 2337
0 2173 313 2448
678 2167 1129 2448
208 2147 770 2448
3009 2128 3263 2382
437 2102 724 2284
1958 2095 2121 2310
835 2095 1129 2271
3022 2082 3224 2278
0 2069 248 2284
1821 2049 2049 2402
313 2030 522 2232
2865 1997 3153 2180
1083 1991 1514 2448
1129 1991 1279 2180
235 1971 489 2154
2271 1964 2402 2199
463 1964 763 2173
2807 1958 3042 2186
926 1958 1135 2160
1292 1938 1423 2082
1455 1925 2199 2448
1429 1919 1645 2056
1383 1886 1527 2030
2669 1880 2878 2069
567 1880 809 2134
1951 1873 2859 2448
1997 1873 2167 2010
1749 1873 1925 2043
241 1867 443 2036
2252 1840 2382 1997
920 1834 1142 2030
2813 1827 2989 1991
1024 1821 1344 2134
0 1821 254 2134
32 1814 293 1991
359 1808 646 1997
1305 1801 1651 1932
711 1801 1037 2173
2630 1795 2793 1932
2526 1795 2683 1932
3015 1788 3257 2010
1573 1775 1782 1964
2911 1762 3081 1925
3009 1742 3263 1919
1155 1742 1436 1964
2669 1729 2911 1938
1873 1729 2023 1958
691 1716 894 1886
509 1716 685 1853
2284 1690 2611 1964
580 1690 822 2023
241 1690 483 1925
1742 1671 1919 1886
2493 1664 2735 1834
0 1658 215 1808
868 1645 1083 1880
137 1625 385 1808
2931 1612 3231 1827
776 1612 1011 1893
2343 1605 2552 1742
2082 1605 2402 1971
496 1605 750 1788
1161 1586 1423 1880
2604 1579 2754 1775
1899 1573 2219 1919
3009 1560 3172 1703
254 1547 483 1756
411 1534 691 1697
894 1514 1286 1808
1481 1507 1801 1893
2735 1501 3035 1860
2526 1488 2820 1638
2186 1488 2395 1684
1762 1475 1906 1605
3022 1462 3263 1599
1991 1462 2147 1690
1821 1455 2010 1625
561 1455 953 1723
1716 1449 1880 1723
2382 1436 2598 1697
2023 1436 2212 1605
0 1436 293 1684
1044 1410 1175 1612
933 1410 1070 1573
1971 1403 2108 1547
1077 1377 1612 1808
1540 1364 1749 1501
411 1364 594 1560
0 1344 352 1599
2983 1331 3263 1534
528 1325 783 1540
2167 1318 2428 1592
2839 1305 3218 1507
1808 1292 2056 1534
672 1292 933 1521
58 1292 208 1462
2004 1272 2186 1475
2239 1266 2519 1416
1618 1266 1893 1488
1279 1259 1494 1442
2624 1246 2833 1534
1201 1233 1377 1377
2467 1220 2643 1390
2800 1214 2976 1364
2552 1214 2735 1403
1370 1181 1638 1364
913 1168 1331 1468
2918 1161 3048 1299
1958 1122 2115 1272
2715 1109 2891 1331
2160 1090 2408 1344
2056 1090 2186 1331
2258 1083 2598 1318
2226 1070 2376 1240
1436 1064 1625 1201
652 1057 868 1188
1788 1037 2036 1312
1201 1037 1449 1292
992 1037 1246 1259
2624 1031 2780 1279
2513 1024 2669 1292
2448 1024 2585 1168
0 1024 979 1494
1051 1005 1253 1194
2839 985 3218 1331
1553 985 1742 1220
1873 979 2010 1220
78 979 398 1142
2545 972 2709 1103
1259 966 1501 1116
1991 953 2271 1122
1103 926 1325 1109
352 926 600 1090
1795 907 2030 1096
1618 907 1814 1279
1370 881 1599 1122
0 881 241 1175
456 861 1116 1129
796 829 1122 1031
2199 815 2408 1109
2702 809 2957 1220
430 809 587 972
528 796 698 959
1383 789 1553 972
2082 783 2278 933
1024 783 1155 926
652 763 855 946
3028 744 3263 1240
2728 744 2865 1005
2245 724 2389 926
143 724 280 920
0 718 150 933
1592 711 1827 972
887 705 1037 920
580 698 731 874
972 691 1122 855
2846 678 2989 815
1664 678 1867 953
2617 665 2807 1057
1266 665 1527 920
195 659 352 992
2395 639 2663 1064
1853 633 2199 796
385 633 528 900
672 626 1037 835
3133 613 3263 861
2683 613 2885 802
2885 600 3048 1005
607 587 757 737
1710 574 2291 1077
2519 535 2683 744
117 522 352 848
378 496 554 691
763 489 966 724
829 476 998 626
254 476 398 966
2402 456 2552 685
1011 450 1227 933
933 450 1109 711
2650 443 2793 580
2088 443 2232 770
1658 443 1795 770
1051 443 1188 587
594 437 763 665
2154 424 2297 783
1024 391 1188 541
731 391 900 587
1220 378 1507 744
1984 372 2173 567
1958 372 2095 548
2154 365 2493 724
2454 319 2696 665
855 313 992 554
437 313 613 489
235 306 476 528
1266 293 1507 600
770 267 920 430
2865 261 3055 476
0 254 156 665
182 248 319 574
110 248 254 698
2572 241 2807 411
2212 241 2578 561
1579 235 1723 580
1925 221 2147 417
2115 202 2297 430
1207 202 1488 463
0 202 163 450
274 169 463 430
1631 156 1827 450
2193 150 2343 280
1971 117 2134 248
607 117 822 496
2278 110 2604 417
1220 104 1501 319
1194 104 1494 437
2519 78 2754 326
404 71 620 385
0 71 137 208
496 58 652 235
2617 45 3068 470
2408 19 2624 332
2989 0 3263 189
2885 0 3218 332
2271 0 2500 176
2167 0 2330 280
2010 0 2167 182
1840 0 2030 306
1814 0 1997 633
1690 0 1827 254
1494 0 1684 319
1455 0 1605 156
1214 0 1534 248
1148 0 1286 620
861 0 1155 496
992 0 1135 202
874 0 1129 254
855 0 1096 169
711 0 881 280
567 0 718 221
411 0 541 235
300 0 437 267
0 0 182 169
1024 0 1305 985
1181 0 3263 2448
0 0 2167 2448
0 783 2167 2448
0 0 1227 1175
1181 0 1612 1031
1383 913 1742 1292
1383 913 1742 1220
1436 0 3263 2448
1494 0 3263 1697
2532 861 2709 1103
1436 1161 3263 2448
1181 0 1605 1031
1181 0 1534 1031
2748 1161 3048 1416
2748 1188 3009 1416
182 2082 417 2232
1383 1057 1625 1201
1436 1292 3263 2448
2748 1214 2976 1403
2846 613 3015 815
456 783 2167 2082
1272 1886 1527 2082
2075 0 2545 280
2075 0 2500 280
0 1024 1573 2448
1181 0 1534 744
1194 0 1534 744
450 1716 685 1938
1240 665 1527 1031
456 783 2167 2056
2075 0 2330 280
496 470 685 829
0 430 150 731
1240 665 1527 998
2160 1840 2382 2128
0 0 1122 1175
2004 0 3263 1697
2918 561 3172 1090
456 783 2023 2056
1494 0 2748 1370
1494 235 1788 946
1494 567 1645 946
2519 535 2683 750
1925 221 2173 567
1579 235 1788 789
0 71 1122 1175
2950 1827 3263 2088
3035 1827 3263 2088
2480 1729 2911 1997
2480 1795 2793 1997
855 0 1227 933
124 0 541 404
796 783 2023 2056
1044 1410 1246 1625
1494 0 2493 1370
1586 0 2167 633
1586 0 2030 633
1690 0 2030 633
1769 0 2030 633
1272 1886 1527 2030
124 0 541 280
124 0 437 280
2115 110 2748 522
2173 110 2748 522
2278 110 2748 522
1808 1292 3263 1971
1991 1436 2212 1690
2369 1214 2735 1547
2415 1214 2735 1547
0 71 1037 1175
1886 0 2167 554
1494 0 2408 1370
1436 1762 3263 2448
1436 2310 1769 2448
2199 646 2493 1161
208 0 437 280
0 1024 1286 1893
430 626 1037 972
528 626 1037 959
528 698 731 959
2696 1442 2904 1677
1579 235 1723 789
1853 1090 2408 1370
2056 1090 2408 1344
652 626 1037 946
1455 1762 3263 2448
0 71 992 1175
182 71 992 737
182 71 620 574
182 169 613 574
182 169 463 574
1494 0 2389 1312
1494 0 1860 594
796 783 1638 1370
2278 110 2696 522
0 1625 1573 2448
842 1168 2023 2056
913 1168 2023 2056
2911 1762 3257 2010
1592 339 2389 1312
1592 443 2389 1312
0 1625 1514 2448
0 248 600 1175
2467 1214 2735 1547
2467 1214 2735 1403
1997 443 2232 770
1971 0 2167 248
1853 633 2199 835
456 861 1253 1259
2454 319 2996 802
652 1057 1064 1194
796 829 1638 1370
2199 646 2480 1161
2199 815 2461 1161
1299 789 1553 972
1220 293 1507 744
1586 0 1736 176
1808 1292 2056 1716
0 1383 750 1788
1899 1305 3263 1971
2944 1455 3172 1703
1429 1671 2023 2056
1736 1671 2023 1964
1736 1671 1919 1964
0 1436 750 1788
254 1534 750 1788
2532 1370 2709 1547
2454 319 2996 672
411 1534 750 1788
110 248 352 848
0 496 600 1175
0 607 600 1175
0 607 150 933
913 1168 1893 1964
1540 1266 1893 1501
594 117 992 737
2650 443 2996 672
594 437 763 737
2650 561 2904 802
855 0 1129 254
1259 881 1599 1122
2748 509 2996 672
1631 156 1860 594
1455 1827 3263 2448
378 496 554 900
378 496 554 829
1762 940 2010 1220
2408 0 3263 1370
2839 613 3263 1370
2186 1442 2428 1684
2408 0 3263 672
2004 241 2957 1697
202 1964 868 2284
1194 104 1494 463
1429 1919 1788 2056
691 1579 1011 1893
2154 241 2957 1292
2513 744 2957 1292
2513 809 2957 1292
0 744 600 1175
913 1168 1880 1964
235 1964 868 2284
835 1991 1279 2271
2004 1083 2891 1697
2004 1083 2833 1697
2004 1083 2820 1697
2004 1083 2598 1697
796 829 1638 1364
1958 953 2271 1272
0 1625 1344 2284
1155 1742 1782 1964
607 117 992 724
607 117 992 587
0 1625 1142 2284
0 1024 1286 1808
2513 1024 2780 1292
2669 1827 3263 2382
0 1690 483 2284
2839 985 3263 1370
3028 613 3263 1240
2239 1083 2598 1416
913 1168 1880 1893
1279 1259 1880 1723
1592 443 2389 1077
313 1964 868 2284
2735 1305 3263 1919
1658 443 2389 1077
1710 574 2389 1077
241 1690 1142 2173
2408 0 2774 332
992 1005 1253 1259
1618 907 2036 1312
561 1455 1286 1808
1899 1573 2754 1971
1899 1573 2611 1971
3009 2082 3263 2382
241 1690 1037 2173
241 1690 822 2134
241 1808 809 2134
359 1808 809 2134
1155 1742 1651 1964
2154 241 2807 1168
2617 0 3263 672
2493 1579 2754 1834
913 1168 1801 1893
1658 443 1867 953
2669 1827 3153 2186
2807 1827 3153 2186
2807 1827 3042 2186
2082 724 2389 933
313 1964 763 2232
0 1991 1514 2448
0 881 600 1175
0 1024 979 1521
2735 1501 3263 1919
2395 639 2807 1168
2395 639 2663 1168
2617 45 3263 672
2931 1612 3263 1919
1455 1873 3263 2448
437 2095 868 2284
0 2147 770 2448
2617 45 3068 476
1899 1573 2402 1971
1214 0 1488 248
228 300 456 528
1449 0 1605 228
2062 1077 2395 1364
424 0 913 326
424 0 718 326
2199 0 2487 254
711 0 913 300
1266 319 1599 783
2199 0 2487 176
0 874 3263 2448
2199 0 2402 176
1873 156 2147 417
424 150 672 326
2865 1762 3081 1919
0 0 3263 2075
0 0 3263 2043
1801 1292 2108 1625
1801 1292 2108 1547
1155 1749 1462 1971
0 874 1272 1266
0 1064 3263 2448
1612 1893 1742 2075
0 0 1605 1024
0 0 1566 1024
0 0 1246 1024
0 0 1109 1024
0 0 724 1024
0 437 587 1024
0 437 587 992
0 437 496 992
0 0 724 829
1390 966 1625 1233
1396 966 1625 1201
1266 319 1599 685
835 2095 1201 2402
0 1494 1227 2310
2284 1103 3263 1997
2709 1103 2976 1338
71 0 3263 2043
71 639 2891 2043
1547 1507 1925 1703
2284 1305 3263 1997
1259 0 3263 1370
0 1586 1227 2310
1259 0 2421 1279
1259 0 2421 1272
0 0 724 580
0 0 437 574
0 0 319 574
953 208 1246 985
300 0 724 580
998 208 1188 587
1259 0 2350 1272
1599 0 2421 783
1599 0 2265 783
1853 0 2134 280
1912 110 2134 280
855 0 1566 920
855 0 1566 907
1873 639 2519 1168
1383 0 2350 1272
1383 0 1899 1272
1501 0 1899 1175
1651 117 1853 561
2578 1795 2793 1932
456 685 933 959
528 685 933 959
0 1631 1227 2310
300 0 724 483
1155 1749 1416 1971
71 763 2891 2043
594 685 933 946
0 0 235 430
796 763 1984 1573
1586 1227 1984 1573
1886 0 3263 1370
0 1064 1377 2082
724 1612 1377 2082
1801 1292 2043 1507
0 874 1272 1207
2121 0 3263 1370
1873 639 2519 1161
1873 639 2519 1135
3120 0 3263 561
1873 744 2493 1135
0 248 254 711
1873 744 2408 1135
574 1971 881 2226
868 1697 1377 2082
796 763 1756 1566
796 763 1631 1351
0 874 456 1135
0 1064 1109 1795
2252 0 3263 1370
71 940 2891 2043
71 1024 1814 2036
0 1723 3263 2448
0 1064 1109 1756
1938 744 2408 1122
1729 0 2265 783
0 1631 1227 2291
1690 940 2891 2043
1690 1586 2539 2043
1312 1756 1651 2036
0 1631 724 2291
1788 1599 2539 2043
868 1697 1142 1893
65 1410 352 1599
0 1788 724 2291
2056 1220 2519 1442
1775 940 2891 1716
1938 829 2252 1122
796 763 1338 1109
2337 0 3263 1370
2578 1723 3263 2350
2115 202 2421 450
0 1873 3263 2448
0 1814 724 2291
1899 1161 2891 1716
391 1664 678 1867
2996 1096 3263 1370
652 1286 1109 1592
1899 1246 2891 1716
2669 1723 3263 2350
2669 1723 3263 2219
424 881 1272 1207
2337 0 3263 1279
2337 0 3263 861
2337 0 3211 652
0 1064 959 1756
0 1064 293 1684
0 1814 691 2291
0 1827 691 2291
0 1135 293 1684
2212 1599 2539 1742
2754 398 3263 861
2552 613 3263 1279
2735 1305 3263 1925
2284 1475 2904 1997
0 437 391 992
2735 1455 3263 1925
2669 1723 3055 2186
2983 561 3263 861
248 1396 959 1756
0 1964 691 2291
2121 339 2669 1064
626 2297 802 2448
1064 2258 1201 2402
1455 2226 1677 2402
2565 2108 2709 2278
835 2095 1129 2278
685 2095 881 2226
463 2082 724 2284
1821 2069 2141 2389
0 2069 293 2291
1116 2043 1286 2180
574 1971 763 2102
163 1964 691 2232
248 1951 398 2088
2918 1932 3263 2219
1344 1886 1651 2036
2578 1880 2904 2062
1090 1873 3263 2448
2820 1827 3055 2186
0 1827 254 2134
19 1814 274 1977
894 1801 1044 1938
1024 1795 1377 2082
3009 1788 3263 2036
202 1788 332 2030
1312 1756 1618 1951
1155 1749 1410 1964
1005 1749 1142 1893
274 1729 541 2036
2669 1723 2924 1932
678 1716 894 1919
868 1697 1083 1860
359 1690 1227 2173
463 1677 678 1867
2284 1664 2754 1997
0 1631 372 1808
2212 1612 2402 1742
724 1612 1031 1880
652 1605 802 1795
2323 1599 2539 1742
1788 1599 2402 2043
1690 1586 1971 1938
2735 1527 3263 1925
1971 1507 2395 1684
1618 1507 1925 1703
2519 1475 2904 1716
496 1475 959 1756
0 1468 293 1684
2911 1455 3263 1684
1971 1410 2108 1547
65 1410 352 1579
528 1403 802 1540
248 1396 600 1756
2761 1390 2911 1521
1762 1344 1893 1481
1801 1338 1932 1481
1912 1331 2069 1481
2820 1318 3028 1494
2944 1305 3231 1527
1873 1292 2043 1507
652 1286 1109 1560
2676 1259 2891 1534
1279 1259 1756 1566
2160 1246 2519 1442
1899 1246 2741 1716
1383 1240 1527 1377
1188 1233 1377 1377
1586 1227 1899 1494
2056 1220 2186 1390
2996 1175 3263 1370
2454 1161 2800 1403
0 1135 208 1481
2709 1103 2918 1305
2160 1083 2395 1364
1390 1077 1586 1233
855 1077 1240 1266
2252 1070 2552 1318
1481 1064 1625 1201
0 1064 130 1338
0 1044 202 1175
1201 1037 1631 1351
2147 1031 2284 1168
2454 1024 2669 1292
71 1024 1814 1919
992 1005 1272 1207
2023 953 2252 1122
1775 940 2095 1299
1259 940 1475 1142
313 926 456 1096
1605 907 1814 1279
1383 900 1742 1272
1873 894 2088 1135
1064 881 1338 1109
424 881 1135 1129
248 881 411 1024
0 874 411 1135
1938 829 2128 966
796 763 1155 1024
1272 757 1494 946
2826 744 3263 1266
2173 744 2408 1109
365 737 496 926
528 705 698 959
594 685 894 946
1788 665 2350 1051
208 652 352 900
2382 639 2519 829
1860 639 2147 789
1853 639 2036 835
2552 613 2983 1279
3133 607 3263 861
0 607 267 920
2846 600 3048 926
2983 561 3172 855
2624 561 2787 744
2395 535 2669 1064
1658 502 1880 940
372 502 554 822
855 496 1031 678
1919 443 2265 783
143 437 391 992
2154 417 2291 665
953 404 1246 985
437 404 613 829
2754 398 3263 672
1651 391 2010 672
1227 391 1507 920
2121 339 2617 887
2402 319 2807 652
1266 319 1514 672
1024 313 1188 587
